4,360,82.800000,12.276000,0,1,269915823,780,22,780,22,0,0,118
4,360,82.800000,12.276000,0,1,269915824,780,22,780,22,0,0,118
4,360,82.800000,12.276000,0,1,269915835,780,22,780,22,0,0,118
4,360,82.800000,12.276000,0,1,269915855,780,22,780,22,0,0,118
4,360,82.800000,12.276000,0,1,269915867,781,22,781,22,0,0,118
4,360,82.800000,12.276000,0,1,269915877,788,22,788,22,0,0,118
4,360,82.800000,12.276000,0,1,269915889,798,22,798,22,0,0,118
4,360,82.800000,12.276000,0,1,269915901,816,20,816,20,0,0,118
4,360,82.800000,12.276000,0,1,269915911,841,17,841,17,0,0,118
4,360,82.800000,12.276000,0,1,269915922,867,15,867,15,0,0,118
4,360,82.800000,12.276000,0,1,269915934,890,14,890,14,0,0,118
4,360,82.800000,12.276000,0,1,269915945,925,12,925,12,0,0,118
4,360,82.800000,12.276000,0,1,269915955,950,12,950,12,0,0,118
4,360,82.800000,12.276000,0,1,269915966,974,12,974,12,0,0,118
4,360,82.800000,12.276000,0,1,269915985,991,12,991,12,0,0,118
4,360,82.800000,12.276000,0,1,269915996,1008,12,1008,12,0,0,118
4,360,82.800000,12.276000,0,1,269916006,1012,12,1012,12,0,0,118
4,360,82.800000,12.276000,0,1,269916016,1015,12,1015,12,0,0,118
4,360,82.800000,12.276000,0,1,269916027,1018,12,1018,12,0,0,118
4,360,82.800000,12.276000,0,1,269916037,1021,12,1021,12,0,0,118
4,360,82.800000,12.276000,0,1,269916047,1023,12,1023,12,0,0,118
4,360,82.800000,12.276000,0,1,269916057,1025,13,1025,13,0,0,118
4,360,82.800000,12.276000,0,1,269916067,1027,13,1027,13,0,0,118
4,360,82.800000,12.276000,0,1,269916080,1030,13,1030,13,0,0,118
4,360,82.800000,12.276000,0,1,269916092,1034,13,1034,13,0,0,118
4,360,82.800000,12.276000,0,1,269916103,1040,13,1040,13,0,0,118
4,360,82.800000,12.276000,0,1,269916114,1046,13,1046,13,0,0,118
4,360,82.800000,12.276000,0,1,269916126,1053,14,1053,14,0,0,118
4,360,82.800000,12.276000,0,1,269916137,1058,14,1058,14,0,0,118
4,360,82.800000,12.276000,0,1,269916149,1064,14,1064,14,0,0,118
4,360,82.800000,12.276000,0,1,269916171,1070,14,1070,14,0,0,118
4,360,82.800000,12.276000,0,1,269916181,1080,14,1080,14,0,0,118
4,360,82.800000,12.276000,0,1,269916190,1082,14,1082,14,0,0,118
4,360,82.800000,12.276000,0,1,269916200,1083,14,1083,14,0,0,118
4,360,82.800000,12.276000,0,1,269916210,1083,14,1083,14,0,0,118
4,360,82.800000,12.276000,0,1,269916220,1083,14,1083,14,0,0,118
4,360,82.800000,12.276000,0,1,269916230,1083,14,1083,14,0,0,118
4,360,82.800000,12.276000,0,1,269916240,1083,14,1083,14,0,0,118
4,360,82.800000,12.276000,0,1,269916250,1085,14,1085,14,0,0,118
4,360,82.800000,12.276000,0,1,269916260,1087,14,1087,14,0,0,118
4,360,82.800000,12.276000,0,1,269916273,1091,13,1091,13,0,0,118
4,360,82.800000,12.276000,0,1,269916284,1095,13,1095,13,0,0,118
4,360,82.800000,12.276000,0,1,269916293,1099,12,1099,12,0,0,118
4,360,82.800000,12.276000,0,1,269916303,1103,12,1103,12,0,0,118
4,360,82.800000,12.276000,0,1,269916313,1105,12,1105,12,0,0,118
4,360,82.800000,12.276000,0,1,269916324,1105,12,1105,12,0,0,118
4,360,82.800000,12.276000,0,1,269916334,1106,12,1106,12,0,0,118
4,360,82.800000,12.276000,0,1,269916344,1106,12,1106,12,0,0,118
4,360,82.800000,12.276000,0,1,269916354,1107,12,1107,12,0,0,118
4,360,82.800000,12.276000,0,1,269916365,1109,11,1109,11,0,0,118
4,360,82.800000,12.276000,0,1,269916375,1111,11,1111,11,0,0,118
4,360,82.800000,12.276000,0,1,269916386,1113,11,1113,11,0,0,118
4,360,82.800000,12.276000,0,1,269916405,1116,10,1116,10,0,0,118
