4,360,50.400000,10000.000000,0,0,269835727,780,0,780,0,0,0,57
4,360,50.400000,10000.000000,0,0,269835727,780,0,780,0,0,0,57
4,360,50.400000,10000.000000,0,0,269835737,780,0,780,0,0,0,57
4,360,50.400000,10000.000000,0,0,269835747,780,0,780,0,0,0,57
4,360,50.400000,10000.000000,0,0,269835756,780,0,780,0,0,0,57
4,360,50.400000,10000.000000,0,0,269835766,780,0,780,0,0,0,57
4,360,50.400000,10000.000000,0,0,269835776,780,0,780,0,0,0,57
4,360,50.400000,10000.000000,0,0,269835787,781,0,781,0,0,0,57
4,360,50.400000,10000.000000,0,0,269835798,787,0,787,-2,0,0,57
4,360,50.400000,10000.000000,0,0,269835809,799,0,799,-2,0,0,57
4,360,50.400000,10000.000000,0,0,269835820,823,0,823,-4,0,0,57
4,360,50.400000,10000.000000,0,0,269835831,848,0,848,-4,0,0,57
4,360,50.400000,10000.000000,0,0,269835843,881,0,881,-4,0,0,57
4,360,50.400000,10000.000000,0,0,269835862,914,0,914,-4,0,0,57
4,360,50.400000,10000.000000,0,0,269835873,964,0,964,-4,0,0,57
4,360,50.400000,10000.000000,0,0,269835884,989,0,989,-6,0,0,57
4,360,50.400000,10000.000000,0,0,269835895,1003,0,1003,-6,0,0,57
4,360,50.400000,10000.000000,0,0,269835906,1014,0,1014,-7,0,0,57
4,360,50.400000,10000.000000,0,0,269835917,1021,0,1021,-7,0,0,57
4,360,50.400000,10000.000000,0,0,269835927,1026,0,1026,-7,0,0,57
4,360,50.400000,10000.000000,0,0,269835937,1028,0,1028,-7,0,0,57
4,360,50.400000,10000.000000,0,0,269835948,1029,0,1029,-7,0,0,57
4,360,50.400000,10000.000000,0,0,269835958,1029,0,1029,-7,0,0,57
4,360,50.400000,10000.000000,0,0,269835967,1029,0,1029,-7,0,0,57
4,360,50.400000,10000.000000,0,0,269835978,1029,0,1029,-8,0,0,57
4,360,50.400000,10000.000000,0,0,269835989,1031,0,1031,-8,0,0,57
4,360,50.400000,10000.000000,0,0,269836000,1035,0,1035,-8,0,0,57
4,360,50.400000,10000.000000,0,0,269836011,1041,0,1041,-8,0,0,57
4,360,50.400000,10000.000000,0,0,269836021,1047,0,1047,-8,0,0,57
4,360,50.400000,10000.000000,0,0,269836032,1055,0,1055,-8,0,0,57
4,360,50.400000,10000.000000,0,0,269836043,1063,0,1063,-8,0,0,57
4,360,50.400000,10000.000000,0,0,269836054,1072,0,1072,-8,0,0,57
4,360,50.400000,10000.000000,0,0,269836066,1079,0,1079,-8,0,0,57
4,360,50.400000,10000.000000,0,0,269836076,1083,0,1083,-8,0,0,57
4,360,50.400000,10000.000000,0,0,269836087,1084,0,1084,-8,0,0,57
4,360,50.400000,10000.000000,0,0,269836097,1085,0,1085,-8,0,0,57
4,360,50.400000,10000.000000,0,0,269836107,1085,0,1085,-8,0,0,57
4,360,50.400000,10000.000000,0,0,269836118,1085,0,1085,-8,0,0,57
4,360,50.400000,10000.000000,0,0,269836128,1085,0,1085,-8,0,0,57
4,360,50.400000,10000.000000,0,0,269836138,1086,0,1086,-8,0,0,57
4,360,50.400000,10000.000000,0,0,269836149,1090,0,1090,-8,0,0,57
4,360,50.400000,10000.000000,0,0,269836161,1094,0,1094,-8,0,0,57
4,360,50.400000,10000.000000,0,0,269836174,1100,0,1100,-8,0,0,57
4,360,50.400000,10000.000000,0,0,269836194,1105,0,1105,-8,0,0,57
4,360,50.400000,10000.000000,0,0,269836205,1112,0,1112,-8,0,0,57
4,360,50.400000,10000.000000,0,0,269836216,1115,0,1115,-8,0,0,57
4,360,50.400000,10000.000000,0,0,269836227,1115,0,1115,-8,0,0,57
4,360,50.400000,10000.000000,0,0,269836237,1116,0,1116,-8,0,0,57
4,360,50.400000,10000.000000,0,0,269836246,1116,0,1116,-8,0,0,57
4,360,50.400000,10000.000000,0,0,269836257,1116,0,1116,-8,0,0,57
4,360,50.400000,10000.000000,0,0,269836267,1116,0,1116,-8,0,0,57
4,360,50.400000,10000.000000,0,0,269836286,1118,0,1118,-8,0,0,57
4,360,50.400000,10000.000000,0,0,269836296,1120,0,1120,-8,0,0,57
4,360,50.400000,10000.000000,0,0,269836306,1122,0,1122,-8,0,0,57
4,360,50.400000,10000.000000,0,0,269836316,1123,0,1123,-8,0,0,57
4,360,50.400000,10000.000000,0,0,269836326,1124,0,1124,-8,0,0,57
4,360,50.400000,10000.000000,0,0,269836336,1126,0,1126,-8,0,0,57
4,360,50.400000,10000.000000,0,0,269836346,1128,0,1128,-8,0,0,57
4,360,50.400000,10000.000000,0,0,269836365,1129,0,1129,-8,0,0,57
4,360,50.400000,10000.000000,0,0,269836375,1129,0,1129,-8,0,0,57
