4,360,21.600000,12.276000,0,1,269894772,780,22,780,22,0,0,102
4,360,21.600000,12.276000,0,1,269894773,780,22,780,22,0,0,102
4,360,21.600000,12.276000,0,1,269894783,780,22,780,22,0,0,102
4,360,21.600000,12.276000,0,1,269894793,780,22,780,22,0,0,102
4,360,21.600000,12.276000,0,1,269894803,780,22,780,22,0,0,102
4,360,21.600000,12.276000,0,1,269894813,780,22,780,22,0,0,102
4,360,21.600000,12.276000,0,1,269894824,780,22,780,22,0,0,102
4,360,21.600000,12.276000,0,1,269894835,784,21,784,21,0,0,102
4,360,21.600000,12.276000,0,1,269894846,793,20,793,20,0,0,102
4,360,21.600000,12.276000,0,1,269894857,810,18,810,18,0,0,102
4,360,21.600000,12.276000,0,1,269894869,835,18,835,18,0,0,102
4,360,21.600000,12.276000,0,1,269894880,872,17,872,17,0,0,102
4,360,21.600000,12.276000,0,1,269894891,908,17,908,17,0,0,102
4,360,21.600000,12.276000,0,1,269894901,947,17,947,17,0,0,102
4,360,21.600000,12.276000,0,1,269894911,982,17,982,17,0,0,102
4,360,21.600000,12.276000,0,1,269894922,1008,17,1008,17,0,0,102
4,360,21.600000,12.276000,0,1,269894933,1033,17,1033,17,0,0,102
4,360,21.600000,12.276000,0,1,269894943,1056,18,1056,18,0,0,102
4,360,21.600000,12.276000,0,1,269894954,1075,20,1075,20,0,0,102
4,360,21.600000,12.276000,0,1,269894964,1098,22,1098,22,0,0,102
4,360,21.600000,12.276000,0,1,269894976,1114,23,1114,23,0,0,102
4,360,21.600000,12.276000,0,1,269894986,1124,23,1124,23,0,0,102
4,360,21.600000,12.276000,0,1,269894996,1129,22,1129,22,0,0,102
4,360,21.600000,12.276000,0,1,269895007,1131,22,1131,22,0,0,102
4,360,21.600000,12.276000,0,1,269895016,1131,22,1131,22,0,0,102
4,360,21.600000,12.276000,0,1,269895027,1131,22,1131,22,0,0,102
4,360,21.600000,12.276000,0,1,269895037,1131,22,1131,22,0,0,102
4,360,21.600000,12.276000,0,1,269895057,1131,22,1131,22,0,0,102
4,360,21.600000,12.276000,0,1,269895067,1135,21,1135,21,0,0,102
4,360,21.600000,12.276000,0,1,269895078,1137,21,1137,21,0,0,102
4,360,21.600000,12.276000,0,1,269895088,1138,21,1138,21,0,0,102
4,360,21.600000,12.276000,0,1,269895098,1138,20,1138,20,0,0,102
4,360,21.600000,12.276000,0,1,269895108,1138,19,1138,19,0,0,102
4,360,21.600000,12.276000,0,1,269895119,1139,19,1139,19,0,0,102
4,360,21.600000,12.276000,0,1,269895131,1140,18,1140,18,0,0,102
4,360,21.600000,12.276000,0,1,269895140,1142,17,1142,17,0,0,102
4,360,21.600000,12.276000,0,1,269895151,1145,16,1145,16,0,0,102
4,360,21.600000,12.276000,0,1,269895161,1148,15,1148,15,0,0,102
4,360,21.600000,12.276000,0,1,269895173,1150,14,1150,14,0,0,102
4,360,21.600000,12.276000,0,1,269895192,1150,14,1150,14,0,0,102
4,360,21.600000,12.276000,0,1,269895212,1150,14,1150,14,0,0,102
4,360,21.600000,12.276000,0,1,269895222,1149,14,1149,14,0,0,102
4,360,21.600000,12.276000,0,1,269895232,1147,14,1147,14,0,0,102
4,360,21.600000,12.276000,0,1,269895242,1145,14,1145,14,0,0,102
4,360,21.600000,12.276000,0,1,269895252,1143,13,1143,13,0,0,102
4,360,21.600000,12.276000,0,1,269895263,1141,13,1141,13,0,0,102
4,360,21.600000,12.276000,0,1,269895273,1139,13,1139,13,0,0,102
4,360,21.600000,12.276000,0,1,269895282,1139,13,1139,13,0,0,102
4,360,21.600000,12.276000,0,1,269895292,1138,13,1138,13,0,0,102
4,360,21.600000,12.276000,0,1,269895302,1138,13,1138,13,0,0,102
4,360,21.600000,12.276000,0,1,269895312,1138,13,1138,13,0,0,102
4,360,21.600000,12.276000,0,1,269895332,1138,13,1138,13,0,0,102
