4,360,21.600000,42.984000,1,0,269839204,780,0,780,0,0,0,60
4,360,21.600000,42.984000,1,0,269839205,780,0,780,0,0,0,60
4,360,21.600000,42.984000,1,0,269839215,780,0,780,0,0,0,60
4,360,21.600000,42.984000,1,0,269839225,780,0,780,0,0,0,60
4,360,21.600000,42.984000,1,0,269839236,782,0,782,0,0,0,60
4,360,21.600000,42.984000,1,0,269839247,789,0,789,0,0,0,60
4,360,21.600000,42.984000,1,0,269839257,802,0,802,0,0,0,60
4,360,21.600000,42.984000,1,0,269839269,827,0,827,-1,0,0,60
4,360,21.600000,42.984000,1,0,269839281,859,0,859,-1,0,0,60
4,360,21.600000,42.984000,1,0,269839291,893,0,893,-1,0,0,60
4,360,21.600000,42.984000,1,0,269839312,927,2,927,1,0,0,60
4,360,21.600000,42.984000,1,0,269839322,986,6,986,5,0,0,60
4,360,21.600000,42.984000,1,0,269839342,1009,8,1009,7,0,0,60
4,360,21.600000,42.984000,1,0,269839354,1053,11,1053,10,0,0,60
4,360,21.600000,42.984000,1,0,269839365,1067,11,1067,10,0,0,60
4,360,21.600000,42.984000,1,0,269839376,1077,12,1077,11,0,0,60
4,360,21.600000,42.984000,1,0,269839386,1082,12,1082,11,0,0,60
4,360,21.600000,42.984000,1,0,269839396,1083,12,1083,11,0,0,60
4,360,21.600000,42.984000,1,0,269839405,1084,12,1084,11,0,0,60
4,360,21.600000,42.984000,1,0,269839415,1084,12,1084,11,0,0,60
4,360,21.600000,42.984000,1,0,269839425,1084,12,1084,11,0,0,60
4,360,21.600000,42.984000,1,0,269839435,1084,12,1084,11,0,0,60
4,360,21.600000,42.984000,1,0,269839445,1084,12,1084,11,0,0,60
4,360,21.600000,42.984000,1,0,269839455,1086,12,1086,11,0,0,60
4,360,21.600000,42.984000,1,0,269839466,1087,12,1087,11,0,0,60
4,360,21.600000,42.984000,1,0,269839484,1088,12,1088,11,0,0,60
4,360,21.600000,42.984000,1,0,269839495,1090,12,1090,11,0,0,60
4,360,21.600000,42.984000,1,0,269839504,1091,12,1091,11,0,0,60
4,360,21.600000,42.984000,1,0,269839514,1094,12,1094,11,0,0,60
4,360,21.600000,42.984000,1,0,269839525,1096,12,1096,11,0,0,60
4,360,21.600000,42.984000,1,0,269839535,1098,12,1098,11,0,0,60
4,360,21.600000,42.984000,1,0,269839546,1100,12,1100,11,0,0,60
4,360,21.600000,42.984000,1,0,269839556,1103,12,1103,11,0,0,60
4,360,21.600000,42.984000,1,0,269839567,1106,12,1106,11,0,0,60
4,360,21.600000,42.984000,1,0,269839578,1111,13,1111,12,0,0,60
4,360,21.600000,42.984000,1,0,269839588,1115,14,1115,13,0,0,60
4,360,21.600000,42.984000,1,0,269839609,1119,15,1119,14,0,0,60
4,360,21.600000,42.984000,1,0,269839619,1125,16,1125,15,0,0,60
4,360,21.600000,42.984000,1,0,269839640,1127,16,1127,15,0,0,60
4,360,21.600000,42.984000,1,0,269839650,1129,17,1129,16,0,0,60
4,360,21.600000,42.984000,1,0,269839660,1131,17,1131,16,0,0,60
4,360,21.600000,42.984000,1,0,269839670,1132,17,1132,16,0,0,60
4,360,21.600000,42.984000,1,0,269839680,1133,17,1133,16,0,0,60
4,360,21.600000,42.984000,1,0,269839690,1133,17,1133,16,0,0,60
4,360,21.600000,42.984000,1,0,269839700,1134,17,1134,16,0,0,60
4,360,21.600000,42.984000,1,0,269839709,1135,17,1135,16,0,0,60
4,360,21.600000,42.984000,1,0,269839720,1135,17,1135,16,0,0,60
4,360,21.600000,42.984000,1,0,269839729,1135,17,1135,16,0,0,60
4,360,21.600000,42.984000,1,0,269839739,1135,17,1135,16,0,0,60
4,360,21.600000,42.984000,1,0,269839749,1135,17,1135,16,0,0,60
4,360,21.600000,42.984000,1,0,269839760,1135,17,1135,16,0,0,60
4,360,21.600000,42.984000,1,0,269839769,1135,17,1135,16,0,0,60
