4,360,50.400000,42.984000,0,1,269847040,780,22,780,22,0,0,66
4,360,50.400000,42.984000,0,1,269847041,780,22,780,22,0,0,66
4,360,50.400000,42.984000,0,1,269847050,780,22,780,22,0,0,66
4,360,50.400000,42.984000,0,1,269847060,780,22,780,22,0,0,66
4,360,50.400000,42.984000,0,1,269847070,780,22,780,22,0,0,66
4,360,50.400000,42.984000,0,1,269847091,780,22,780,22,0,0,66
4,360,50.400000,42.984000,0,1,269847102,790,20,790,20,0,0,66
4,360,50.400000,42.984000,0,1,269847113,807,16,807,16,0,0,66
4,360,50.400000,42.984000,0,1,269847125,842,9,842,9,0,0,66
4,360,50.400000,42.984000,0,1,269847135,898,2,898,2,0,0,66
4,360,50.400000,42.984000,0,1,269847146,962,0,962,-3,0,0,66
4,360,50.400000,42.984000,0,1,269847157,1018,0,1018,-3,0,0,66
4,360,50.400000,42.984000,0,1,269847168,1069,0,1069,-3,0,0,66
4,360,50.400000,42.984000,0,1,269847179,1117,0,1117,-3,0,0,66
4,360,50.400000,42.984000,0,1,269847189,1147,1,1147,-2,0,0,66
4,360,50.400000,42.984000,0,1,269847199,1160,1,1160,-2,0,0,66
4,360,50.400000,42.984000,0,1,269847210,1163,1,1163,-2,0,0,66
4,360,50.400000,42.984000,0,1,269847220,1166,1,1166,-2,0,0,66
4,360,50.400000,42.984000,0,1,269847231,1166,1,1166,-2,0,0,66
4,360,50.400000,42.984000,0,1,269847242,1163,1,1163,-2,0,0,66
4,360,50.400000,42.984000,0,1,269847252,1159,1,1159,-2,0,0,66
4,360,50.400000,42.984000,0,1,269847262,1157,1,1157,-2,0,0,66
4,360,50.400000,42.984000,0,1,269847272,1155,1,1155,-2,0,0,66
4,360,50.400000,42.984000,0,1,269847283,1155,1,1155,-2,0,0,66
4,360,50.400000,42.984000,0,1,269847292,1155,1,1155,-2,0,0,66
4,360,50.400000,42.984000,0,1,269847302,1155,1,1155,-2,0,0,66
4,360,50.400000,42.984000,0,1,269847312,1155,1,1155,-2,0,0,66
4,360,50.400000,42.984000,0,1,269847323,1155,1,1155,-2,0,0,66
4,360,50.400000,42.984000,0,1,269847333,1155,1,1155,-2,0,0,66
4,360,50.400000,42.984000,0,1,269847343,1155,1,1155,-2,0,0,66
4,360,50.400000,42.984000,0,1,269847354,1154,1,1154,-2,0,0,66
4,360,50.400000,42.984000,0,1,269847364,1154,1,1154,-2,0,0,66
4,360,50.400000,42.984000,0,1,269847374,1153,1,1153,-2,0,0,66
4,360,50.400000,42.984000,0,1,269847385,1151,1,1151,-2,0,0,66
4,360,50.400000,42.984000,0,1,269847397,1146,1,1146,-2,0,0,66
4,360,50.400000,42.984000,0,1,269847408,1140,2,1140,-1,0,0,66
4,360,50.400000,42.984000,0,1,269847418,1134,3,1134,0,0,0,66
4,360,50.400000,42.984000,0,1,269847429,1130,4,1130,1,0,0,66
4,360,50.400000,42.984000,0,1,269847440,1128,4,1128,1,0,0,66
4,360,50.400000,42.984000,0,1,269847450,1126,4,1126,1,0,0,66
4,360,50.400000,42.984000,0,1,269847470,1126,4,1126,1,0,0,66
4,360,50.400000,42.984000,0,1,269847480,1126,4,1126,1,0,0,66
4,360,50.400000,42.984000,0,1,269847489,1126,4,1126,1,0,0,66
