4,360,21.600000,0.000000,0,1,269884639,780,22,780,22,0,0,94
4,360,21.600000,0.000000,0,1,269884640,780,22,780,22,0,0,94
4,360,21.600000,0.000000,0,1,269884650,780,22,780,22,0,0,94
4,360,21.600000,0.000000,0,1,269884661,780,22,780,22,0,0,94
4,360,21.600000,0.000000,0,1,269884671,780,22,780,22,0,0,94
4,360,21.600000,0.000000,0,1,269884682,781,22,781,22,0,0,94
4,360,21.600000,0.000000,0,1,269884695,786,21,786,21,0,0,94
4,360,21.600000,0.000000,0,1,269884706,796,19,796,19,0,0,94
4,360,21.600000,0.000000,0,1,269884727,817,17,817,17,0,0,94
4,360,21.600000,0.000000,0,1,269884738,881,14,881,14,0,0,94
4,360,21.600000,0.000000,0,1,269884749,922,14,922,14,0,0,94
4,360,21.600000,0.000000,0,1,269884760,959,14,959,14,0,0,94
4,360,21.600000,0.000000,0,1,269884771,992,14,992,14,0,0,94
4,360,21.600000,0.000000,0,1,269884782,1021,14,1021,14,0,0,94
4,360,21.600000,0.000000,0,1,269884792,1038,14,1038,14,0,0,94
4,360,21.600000,0.000000,0,1,269884804,1048,14,1048,14,0,0,94
4,360,21.600000,0.000000,0,1,269884814,1053,14,1053,14,0,0,94
4,360,21.600000,0.000000,0,1,269884824,1055,14,1055,14,0,0,94
4,360,21.600000,0.000000,0,1,269884834,1056,14,1056,14,0,0,94
4,360,21.600000,0.000000,0,1,269884844,1059,15,1059,15,0,0,94
4,360,21.600000,0.000000,0,1,269884856,1061,15,1061,15,0,0,94
4,360,21.600000,0.000000,0,1,269884866,1063,15,1063,15,0,0,94
4,360,21.600000,0.000000,0,1,269884876,1064,15,1064,15,0,0,94
4,360,21.600000,0.000000,0,1,269884886,1065,15,1065,15,0,0,94
4,360,21.600000,0.000000,0,1,269884897,1065,15,1065,15,0,0,94
4,360,21.600000,0.000000,0,1,269884907,1065,15,1065,15,0,0,94
4,360,21.600000,0.000000,0,1,269884917,1065,15,1065,15,0,0,94
4,360,21.600000,0.000000,0,1,269884927,1066,15,1066,15,0,0,94
4,360,21.600000,0.000000,0,1,269884938,1067,15,1067,15,0,0,94
4,360,21.600000,0.000000,0,1,269884949,1069,15,1069,15,0,0,94
4,360,21.600000,0.000000,0,1,269884961,1072,15,1072,15,0,0,94
4,360,21.600000,0.000000,0,1,269884971,1076,15,1076,15,0,0,94
4,360,21.600000,0.000000,0,1,269884982,1084,14,1084,14,0,0,94
4,360,21.600000,0.000000,0,1,269884994,1092,14,1092,14,0,0,94
4,360,21.600000,0.000000,0,1,269885015,1101,13,1101,13,0,0,94
4,360,21.600000,0.000000,0,1,269885026,1116,11,1116,11,0,0,94
4,360,21.600000,0.000000,0,1,269885036,1122,10,1122,10,0,0,94
4,360,21.600000,0.000000,0,1,269885046,1126,10,1126,10,0,0,94
4,360,21.600000,0.000000,0,1,269885057,1129,9,1129,9,0,0,94
4,360,21.600000,0.000000,0,1,269885066,1131,9,1131,9,0,0,94
4,360,21.600000,0.000000,0,1,269885077,1132,8,1132,8,0,0,94
4,360,21.600000,0.000000,0,1,269885088,1134,8,1134,8,0,0,94
4,360,21.600000,0.000000,0,1,269885098,1136,7,1136,7,0,0,94
4,360,21.600000,0.000000,0,1,269885109,1138,7,1138,7,0,0,94
4,360,21.600000,0.000000,0,1,269885119,1140,7,1140,7,0,0,94
4,360,21.600000,0.000000,0,1,269885129,1141,6,1141,6,0,0,94
4,360,21.600000,0.000000,0,1,269885139,1143,6,1143,6,0,0,94
4,360,21.600000,0.000000,0,1,269885149,1143,6,1143,6,0,0,94
4,360,21.600000,0.000000,0,1,269885159,1143,6,1143,6,0,0,94
4,360,21.600000,0.000000,0,1,269885169,1143,6,1143,6,0,0,94
4,360,21.600000,0.000000,0,1,269885178,1143,6,1143,6,0,0,94
4,360,21.600000,0.000000,0,1,269885189,1143,6,1143,6,0,0,94
4,360,21.600000,0.000000,0,1,269885198,1143,6,1143,6,0,0,94
4,360,21.600000,0.000000,0,1,269885209,1143,6,1143,6,0,0,94
4,360,21.600000,0.000000,0,1,269885219,1144,6,1144,6,0,0,94
4,360,21.600000,0.000000,0,1,269885231,1144,6,1144,6,0,0,94
4,360,21.600000,0.000000,0,1,269885240,1146,6,1146,6,0,0,94
