4,360,50.400000,22.608000,1,0,269805976,780,0,780,0,1,0,34
4,360,50.400000,22.608000,1,0,269805977,780,0,780,0,1,0,34
4,360,50.400000,22.608000,1,0,269805987,780,0,780,0,1,0,34
4,360,50.400000,22.608000,1,0,269805998,780,0,780,0,1,0,34
4,360,50.400000,22.608000,1,0,269806008,780,0,780,0,1,0,34
4,360,50.400000,22.608000,1,0,269806018,780,0,780,0,1,0,34
4,360,50.400000,22.608000,1,0,269806030,780,0,780,0,1,0,34
4,360,50.400000,22.608000,1,0,269806052,787,0,787,-2,1,0,34
4,360,50.400000,22.608000,1,0,269806073,828,0,828,-8,1,0,34
4,360,50.400000,22.608000,1,0,269806085,904,0,904,-14,1,0,34
4,360,50.400000,22.608000,1,0,269806096,945,0,945,-15,1,0,34
4,360,50.400000,22.608000,1,0,269806106,986,0,986,-15,1,0,34
4,360,50.400000,22.608000,1,0,269806116,1015,0,1015,-15,1,0,34
4,360,50.400000,22.608000,1,0,269806127,1039,2,1039,-13,1,0,34
4,360,50.400000,22.608000,1,0,269806137,1052,3,1052,-12,1,0,34
4,360,50.400000,22.608000,1,0,269806147,1057,3,1057,-12,1,0,34
4,360,50.400000,22.608000,1,0,269806156,1058,3,1058,-12,1,0,34
4,360,50.400000,22.608000,1,0,269806166,1059,3,1059,-12,1,0,34
4,360,50.400000,22.608000,1,0,269806177,1059,3,1059,-12,1,0,34
4,360,50.400000,22.608000,1,0,269806186,1059,3,1059,-12,1,0,34
4,360,50.400000,22.608000,1,0,269806196,1059,3,1059,-12,1,0,34
4,360,50.400000,22.608000,1,0,269806206,1059,3,1059,-12,1,0,34
4,360,50.400000,22.608000,1,0,269806215,1059,3,1059,-12,1,0,34
4,360,50.400000,22.608000,1,0,269806227,1059,3,1059,-12,1,0,34
4,360,50.400000,22.608000,1,0,269806246,1059,3,1059,-12,1,0,34
4,360,50.400000,22.608000,1,0,269806256,1059,3,1059,-12,1,0,34
4,360,50.400000,22.608000,1,0,269806266,1059,3,1059,-12,1,0,34
4,360,50.400000,22.608000,1,0,269806276,1059,3,1059,-12,1,0,34
4,360,50.400000,22.608000,1,0,269806296,1059,3,1059,-12,1,0,34
4,360,50.400000,22.608000,1,0,269806307,1059,3,1059,-12,1,0,34
4,360,50.400000,22.608000,1,0,269806316,1059,3,1059,-12,1,0,34
4,360,50.400000,22.608000,1,0,269806326,1059,3,1059,-12,1,0,34
4,360,50.400000,22.608000,1,0,269806336,1059,3,1059,-12,1,0,34
4,360,50.400000,22.608000,1,0,269806346,1059,3,1059,-12,1,0,34
4,360,50.400000,22.608000,1,0,269806356,1059,3,1059,-12,1,0,34
4,360,50.400000,22.608000,1,0,269806366,1060,3,1060,-12,1,0,34
4,360,50.400000,22.608000,1,0,269806386,1062,4,1062,-11,1,0,34
4,360,50.400000,22.608000,1,0,269806396,1067,7,1067,-8,1,0,34
4,360,50.400000,22.608000,1,0,269806408,1070,8,1070,-7,1,0,34
4,360,50.400000,22.608000,1,0,269806418,1074,9,1074,-6,1,0,34
4,360,50.400000,22.608000,1,0,269806429,1079,10,1079,-5,1,0,34
4,360,50.400000,22.608000,1,0,269806442,1085,10,1085,-5,1,0,34
4,360,50.400000,22.608000,1,0,269806454,1093,10,1093,-5,1,0,34
4,360,50.400000,22.608000,1,0,269806474,1101,10,1101,-5,1,0,34
4,360,50.400000,22.608000,1,0,269806485,1115,9,1115,-6,1,0,34
4,360,50.400000,22.608000,1,0,269806495,1119,8,1119,-7,1,0,34
4,360,50.400000,22.608000,1,0,269806505,1121,8,1121,-7,1,0,34
4,360,50.400000,22.608000,1,0,269806515,1123,8,1123,-7,1,0,34
4,360,50.400000,22.608000,1,0,269806524,1123,8,1123,-7,1,0,34
4,360,50.400000,22.608000,1,0,269806534,1123,8,1123,-7,1,0,34
4,360,50.400000,22.608000,1,0,269806544,1123,8,1123,-7,1,0,34
4,360,50.400000,22.608000,1,0,269806554,1123,8,1123,-7,1,0,34
4,360,50.400000,22.608000,1,0,269806564,1123,8,1123,-7,1,0,34
4,360,50.400000,22.608000,1,0,269806574,1123,8,1123,-7,1,0,34
4,360,50.400000,22.608000,1,0,269806583,1123,8,1123,-7,1,0,34
4,360,50.400000,22.608000,1,0,269806593,1123,8,1123,-7,0,0,34
