4,720,50.400000,22.608000,0,0,269788844,600,0,600,0,0,0,22
4,720,50.400000,22.608000,0,0,269788845,600,0,600,0,0,0,22
4,720,50.400000,22.608000,0,0,269788855,600,0,600,0,0,0,22
4,720,50.400000,22.608000,0,0,269788867,600,0,600,0,0,0,22
4,720,50.400000,22.608000,0,0,269788887,600,0,600,0,0,0,22
4,720,50.400000,22.608000,0,0,269788899,600,0,600,0,0,0,22
4,720,50.400000,22.608000,0,0,269788909,601,0,601,0,0,0,22
4,720,50.400000,22.608000,0,0,269788921,613,0,613,-2,0,0,22
4,720,50.400000,22.608000,0,0,269788932,636,0,636,-6,0,0,22
4,720,50.400000,22.608000,0,0,269788943,667,0,667,-11,0,0,22
4,720,50.400000,22.608000,0,0,269788954,707,0,707,-15,0,0,22
4,720,50.400000,22.608000,0,0,269788965,758,0,758,-18,0,0,22
4,720,50.400000,22.608000,0,0,269788976,821,0,821,-20,0,0,22
4,720,50.400000,22.608000,0,0,269788987,888,0,888,-20,0,0,22
4,720,50.400000,22.608000,0,0,269788997,947,0,947,-20,0,0,22
4,720,50.400000,22.608000,0,0,269789008,1002,0,1002,-20,0,0,22
4,720,50.400000,22.608000,0,0,269789018,1053,0,1053,-21,0,0,22
4,720,50.400000,22.608000,0,0,269789029,1092,0,1092,-22,0,0,22
4,720,50.400000,22.608000,0,0,269789040,1121,0,1121,-22,0,0,22
4,720,50.400000,22.608000,0,0,269789051,1141,0,1141,-22,0,0,22
4,720,50.400000,22.608000,0,0,269789062,1155,0,1155,-22,0,0,22
4,720,50.400000,22.608000,0,0,269789072,1159,0,1159,-22,0,0,22
4,720,50.400000,22.608000,0,0,269789082,1160,0,1160,-22,0,0,22
4,720,50.400000,22.608000,0,0,269789095,1161,0,1161,-22,0,0,22
4,720,50.400000,22.608000,0,0,269789107,1161,0,1161,-22,0,0,22
4,720,50.400000,22.608000,0,0,269789117,1161,0,1161,-22,0,0,22
4,720,50.400000,22.608000,0,0,269789128,1161,0,1161,-22,0,0,22
4,720,50.400000,22.608000,0,0,269789139,1161,0,1161,-22,0,0,22
4,720,50.400000,22.608000,0,0,269789149,1161,0,1161,-22,0,0,22
4,720,50.400000,22.608000,0,0,269789160,1161,0,1161,-22,0,0,22
4,720,50.400000,22.608000,0,0,269789171,1161,0,1161,-22,0,0,22
4,720,50.400000,22.608000,0,0,269789182,1163,0,1163,-22,0,0,22
4,720,50.400000,22.608000,0,0,269789195,1166,0,1166,-23,0,0,22
4,720,50.400000,22.608000,0,0,269789205,1170,0,1170,-23,0,0,22
4,720,50.400000,22.608000,0,0,269789215,1174,0,1174,-24,0,0,22
4,720,50.400000,22.608000,0,0,269789227,1181,0,1181,-24,0,0,22
4,720,50.400000,22.608000,0,0,269789238,1190,0,1190,-24,0,0,22
4,720,50.400000,22.608000,0,0,269789249,1203,0,1203,-24,0,0,22
4,720,50.400000,22.608000,0,0,269789260,1212,0,1212,-24,0,0,22
4,720,50.400000,22.608000,0,0,269789271,1225,0,1225,-24,0,0,22
4,720,50.400000,22.608000,0,0,269789283,1235,0,1235,-24,0,0,22
4,720,50.400000,22.608000,0,0,269789294,1245,0,1245,-24,0,0,22
4,720,50.400000,22.608000,0,0,269789306,1254,0,1254,-24,0,0,22
4,720,50.400000,22.608000,0,0,269789317,1260,1,1260,-23,0,0,22
4,720,50.400000,22.608000,0,0,269789328,1263,1,1263,-23,0,0,22
4,720,50.400000,22.608000,0,0,269789338,1263,1,1263,-23,0,0,22
4,720,50.400000,22.608000,0,0,269789349,1263,1,1263,-23,0,0,22
4,720,50.400000,22.608000,0,0,269789359,1263,1,1263,-23,0,0,22
4,720,50.400000,22.608000,0,0,269789370,1263,1,1263,-23,0,0,22
4,720,50.400000,22.608000,0,0,269789382,1263,1,1263,-23,0,0,22
4,720,50.400000,22.608000,0,0,269789395,1263,1,1263,-23,0,0,22
4,720,50.400000,22.608000,0,0,269789406,1264,1,1264,-23,0,0,22
4,720,50.400000,22.608000,0,0,269789424,1266,1,1266,-23,0,0,22
4,720,50.400000,22.608000,0,0,269789434,1268,1,1268,-23,0,0,22
4,720,50.400000,22.608000,0,0,269789445,1268,1,1268,-23,0,0,22
4,720,50.400000,22.608000,0,0,269789455,1268,1,1268,-23,0,0,22
4,720,50.400000,22.608000,0,0,269789468,1268,1,1268,-23,0,0,22
4,720,50.400000,22.608000,0,0,269789480,1268,1,1268,-23,0,0,22
4,720,50.400000,22.608000,0,0,269789500,1269,1,1269,-23,0,0,22
4,720,50.400000,22.608000,0,0,269789511,1272,2,1272,-22,0,0,22
4,720,50.400000,22.608000,0,0,269789521,1273,2,1273,-22,0,0,22
4,720,50.400000,22.608000,0,0,269789532,1275,2,1275,-22,0,0,22
4,720,50.400000,22.608000,0,0,269789543,1276,2,1276,-22,0,0,22
4,720,50.400000,22.608000,0,0,269789554,1277,2,1277,-22,0,0,22
4,720,50.400000,22.608000,0,0,269789564,1277,2,1277,-22,0,0,22
4,720,50.400000,22.608000,0,0,269789575,1277,2,1277,-22,0,0,22
4,720,50.400000,22.608000,0,0,269789585,1277,2,1277,-22,0,0,22
4,720,50.400000,22.608000,0,0,269789596,1278,2,1278,-22,0,0,22
4,720,50.400000,22.608000,0,0,269789607,1280,2,1280,-22,0,0,22
4,720,50.400000,22.608000,0,0,269789618,1284,2,1284,-22,0,0,22
4,720,50.400000,22.608000,0,0,269789630,1289,2,1289,-22,0,0,22
4,720,50.400000,22.608000,0,0,269789642,1293,2,1293,-22,0,0,22
4,720,50.400000,22.608000,0,0,269789652,1297,2,1297,-22,0,0,22
4,720,50.400000,22.608000,0,0,269789663,1298,2,1298,-22,0,0,22
4,720,50.400000,22.608000,0,0,269789673,1298,2,1298,-22,0,0,22
4,720,50.400000,22.608000,0,0,269789684,1298,2,1298,-22,0,0,22
4,720,50.400000,22.608000,0,0,269789695,1299,2,1299,-22,0,0,22
4,720,50.400000,22.608000,0,0,269789706,1302,2,1302,-22,0,0,22
4,720,50.400000,22.608000,0,0,269789717,1306,2,1306,-22,0,0,22
4,720,50.400000,22.608000,0,0,269789729,1310,2,1310,-22,0,0,22
4,720,50.400000,22.608000,0,0,269789740,1315,2,1315,-22,0,0,22
4,720,50.400000,22.608000,0,0,269789752,1319,1,1319,-23,0,0,22
4,720,50.400000,22.608000,0,0,269789763,1320,1,1320,-23,0,0,22
4,720,50.400000,22.608000,0,0,269789773,1321,1,1321,-23,0,0,22
4,720,50.400000,22.608000,0,0,269789784,1321,1,1321,-23,0,0,22
4,720,50.400000,22.608000,0,0,269789794,1321,1,1321,-23,0,0,22
4,720,50.400000,22.608000,0,0,269789805,1322,1,1322,-23,0,0,22
4,720,50.400000,22.608000,0,0,269789815,1323,1,1323,-23,0,0,22
