4,720,50.400000,42.984000,0,0,269917133,600,0,600,0,0,0,119
4,720,50.400000,42.984000,0,0,269917134,600,0,600,0,0,0,119
4,720,50.400000,42.984000,0,0,269917144,601,0,601,0,0,0,119
4,720,50.400000,42.984000,0,0,269917153,602,0,602,0,0,0,119
4,720,50.400000,42.984000,0,0,269917163,602,0,602,0,0,0,119
4,720,50.400000,42.984000,0,0,269917173,602,0,602,0,0,0,119
4,720,50.400000,42.984000,0,0,269917184,602,0,602,0,0,0,119
4,720,50.400000,42.984000,0,0,269917194,605,0,605,-1,0,0,119
4,720,50.400000,42.984000,0,0,269917205,614,0,614,-3,0,0,119
4,720,50.400000,42.984000,0,0,269917217,631,0,631,-5,0,0,119
4,720,50.400000,42.984000,0,0,269917228,661,0,661,-5,0,0,119
4,720,50.400000,42.984000,0,0,269917239,702,0,702,-6,0,0,119
4,720,50.400000,42.984000,0,0,269917250,752,0,752,-7,0,0,119
4,720,50.400000,42.984000,0,0,269917260,806,0,806,-7,0,0,119
4,720,50.400000,42.984000,0,0,269917271,867,0,867,-8,0,0,119
4,720,50.400000,42.984000,0,0,269917282,919,1,919,-7,0,0,119
4,720,50.400000,42.984000,0,0,269917292,972,3,972,-5,0,0,119
4,720,50.400000,42.984000,0,0,269917303,1029,4,1029,-4,0,0,119
4,720,50.400000,42.984000,0,0,269917313,1072,4,1072,-4,0,0,119
4,720,50.400000,42.984000,0,0,269917324,1106,4,1106,-4,0,0,119
4,720,50.400000,42.984000,0,0,269917335,1140,4,1140,-4,0,0,119
4,720,50.400000,42.984000,0,0,269917346,1174,4,1174,-4,0,0,119
4,720,50.400000,42.984000,0,0,269917356,1199,6,1199,-2,0,0,119
4,720,50.400000,42.984000,0,0,269917367,1219,7,1219,-1,0,0,119
4,720,50.400000,42.984000,0,0,269917378,1233,7,1233,-1,0,0,119
4,720,50.400000,42.984000,0,0,269917389,1241,7,1241,-1,0,0,119
4,720,50.400000,42.984000,0,0,269917399,1245,7,1245,-1,0,0,119
4,720,50.400000,42.984000,0,0,269917409,1247,7,1247,-1,0,0,119
4,720,50.400000,42.984000,0,0,269917419,1248,7,1248,-1,0,0,119
4,720,50.400000,42.984000,0,0,269917441,1249,7,1249,-1,0,0,119
4,720,50.400000,42.984000,0,0,269917452,1257,7,1257,-1,0,0,119
4,720,50.400000,42.984000,0,0,269917464,1274,7,1274,-1,0,0,119
4,720,50.400000,42.984000,0,0,269917474,1282,6,1282,-2,0,0,119
4,720,50.400000,42.984000,0,0,269917485,1289,5,1289,-3,0,0,119
4,720,50.400000,42.984000,0,0,269917495,1293,5,1293,-3,0,0,119
4,720,50.400000,42.984000,0,0,269917504,1294,5,1294,-3,0,0,119
4,720,50.400000,42.984000,0,0,269917514,1295,5,1295,-3,0,0,119
4,720,50.400000,42.984000,0,0,269917524,1295,5,1295,-3,0,0,119
4,720,50.400000,42.984000,0,0,269917534,1295,5,1295,-3,0,0,119
4,720,50.400000,42.984000,0,0,269917544,1295,5,1295,-3,0,0,119
4,720,50.400000,42.984000,0,0,269917554,1297,5,1297,-3,0,0,119
4,720,50.400000,42.984000,0,0,269917566,1299,4,1299,-4,0,0,119
4,720,50.400000,42.984000,0,0,269917577,1302,4,1302,-4,0,0,119
4,720,50.400000,42.984000,0,0,269917587,1305,4,1305,-4,0,0,119
4,720,50.400000,42.984000,0,0,269917597,1308,3,1308,-5,0,0,119
4,720,50.400000,42.984000,0,0,269917607,1311,3,1311,-5,0,0,119
4,720,50.400000,42.984000,0,0,269917617,1312,3,1312,-5,0,0,119
4,720,50.400000,42.984000,0,0,269917627,1313,3,1313,-5,0,0,119
4,720,50.400000,42.984000,0,0,269917636,1314,3,1314,-5,0,0,119
4,720,50.400000,42.984000,0,0,269917646,1315,3,1315,-5,0,0,119
4,720,50.400000,42.984000,0,0,269917656,1316,3,1316,-5,0,0,119
4,720,50.400000,42.984000,0,0,269917666,1318,3,1318,-5,0,0,119
4,720,50.400000,42.984000,0,0,269917676,1320,3,1320,-5,0,0,119
4,720,50.400000,42.984000,0,0,269917686,1322,3,1322,-5,0,0,119
4,720,50.400000,42.984000,0,0,269917697,1323,3,1323,-5,0,0,119
4,720,50.400000,42.984000,0,0,269917707,1323,3,1323,-5,0,0,119
4,720,50.400000,42.984000,0,0,269917717,1323,3,1323,-5,0,0,119
4,720,50.400000,42.984000,0,0,269917728,1323,3,1323,-5,0,0,119
4,720,50.400000,42.984000,0,0,269917737,1323,3,1323,-5,0,0,119
4,720,50.400000,42.984000,0,0,269917746,1323,3,1323,-5,0,0,119
