4,720,50.400000,10000.000000,1,1,269897643,600,22,600,22,0,0,104
4,720,50.400000,10000.000000,1,1,269897645,600,22,600,22,0,0,104
4,720,50.400000,10000.000000,1,1,269897655,600,22,600,22,0,0,104
4,720,50.400000,10000.000000,1,1,269897665,600,22,600,22,0,0,104
4,720,50.400000,10000.000000,1,1,269897675,600,22,600,22,0,0,104
4,720,50.400000,10000.000000,1,1,269897684,600,22,600,22,0,0,104
4,720,50.400000,10000.000000,1,1,269897705,600,22,600,22,0,0,104
4,720,50.400000,10000.000000,1,1,269897716,614,21,614,21,0,0,104
4,720,50.400000,10000.000000,1,1,269897727,637,17,637,17,0,0,104
4,720,50.400000,10000.000000,1,1,269897748,671,13,671,13,0,0,104
4,720,50.400000,10000.000000,1,1,269897760,768,6,768,6,0,0,104
4,720,50.400000,10000.000000,1,1,269897771,820,5,820,5,0,0,104
4,720,50.400000,10000.000000,1,1,269897782,882,5,882,5,0,0,104
4,720,50.400000,10000.000000,1,1,269897794,937,6,937,6,0,0,104
4,720,50.400000,10000.000000,1,1,269897805,992,8,992,8,0,0,104
4,720,50.400000,10000.000000,1,1,269897816,1041,9,1041,9,0,0,104
4,720,50.400000,10000.000000,1,1,269897829,1079,11,1079,11,0,0,104
4,720,50.400000,10000.000000,1,1,269897840,1116,13,1116,13,0,0,104
4,720,50.400000,10000.000000,1,1,269897860,1154,15,1154,15,0,0,104
4,720,50.400000,10000.000000,1,1,269897870,1213,17,1213,17,0,0,104
4,720,50.400000,10000.000000,1,1,269897880,1234,17,1234,17,0,0,104
4,720,50.400000,10000.000000,1,1,269897891,1251,14,1251,14,0,0,104
4,720,50.400000,10000.000000,1,1,269897902,1262,12,1262,12,0,0,104
4,720,50.400000,10000.000000,1,1,269897913,1268,11,1268,11,0,0,104
4,720,50.400000,10000.000000,1,1,269897923,1270,10,1270,10,0,0,104
4,720,50.400000,10000.000000,1,1,269897933,1271,10,1271,10,0,0,104
4,720,50.400000,10000.000000,1,1,269897953,1272,10,1272,10,0,0,104
4,720,50.400000,10000.000000,1,1,269897963,1274,9,1274,9,0,0,104
4,720,50.400000,10000.000000,1,1,269897974,1275,9,1275,9,0,0,104
4,720,50.400000,10000.000000,1,1,269897985,1277,9,1277,9,0,0,104
4,720,50.400000,10000.000000,1,1,269897995,1280,9,1280,9,0,0,104
4,720,50.400000,10000.000000,1,1,269898005,1282,9,1282,9,0,0,104
4,720,50.400000,10000.000000,1,1,269898019,1286,9,1286,9,0,0,104
4,720,50.400000,10000.000000,1,1,269898030,1290,8,1290,8,0,0,104
4,720,50.400000,10000.000000,1,1,269898051,1294,7,1294,7,0,0,104
4,720,50.400000,10000.000000,1,1,269898062,1298,6,1298,6,0,0,104
4,720,50.400000,10000.000000,1,1,269898071,1298,6,1298,6,0,0,104
4,720,50.400000,10000.000000,1,1,269898082,1298,6,1298,6,0,0,104
4,720,50.400000,10000.000000,1,1,269898091,1298,6,1298,6,0,0,104
4,720,50.400000,10000.000000,1,1,269898101,1298,6,1298,6,0,0,104
4,720,50.400000,10000.000000,1,1,269898111,1298,6,1298,6,0,0,104
4,720,50.400000,10000.000000,1,1,269898121,1298,6,1298,6,0,0,104
4,720,50.400000,10000.000000,1,1,269898131,1299,6,1299,6,0,0,104
4,720,50.400000,10000.000000,1,1,269898142,1299,6,1299,6,0,0,104
4,720,50.400000,10000.000000,1,1,269898152,1301,6,1301,6,0,0,104
4,720,50.400000,10000.000000,1,1,269898163,1302,6,1302,6,0,0,104
4,720,50.400000,10000.000000,1,1,269898173,1303,6,1303,6,0,0,104
4,720,50.400000,10000.000000,1,1,269898192,1304,6,1304,6,0,0,104
4,720,50.400000,10000.000000,1,1,269898202,1306,6,1306,6,0,0,104
4,720,50.400000,10000.000000,1,1,269898213,1308,6,1308,6,0,0,104
4,720,50.400000,10000.000000,1,1,269898223,1311,6,1311,6,0,0,104
4,720,50.400000,10000.000000,1,1,269898233,1314,7,1314,7,0,0,104
4,720,50.400000,10000.000000,1,1,269898243,1317,8,1317,8,0,0,104
4,720,50.400000,10000.000000,1,1,269898255,1319,8,1319,8,0,0,104
4,720,50.400000,10000.000000,1,1,269898265,1321,9,1321,9,0,0,104
4,720,50.400000,10000.000000,1,1,269898275,1324,9,1324,9,0,0,104
4,720,50.400000,10000.000000,1,1,269898284,1325,9,1325,9,0,0,104
4,720,50.400000,10000.000000,1,1,269898293,1326,9,1326,9,0,0,104
