4,360,50.400000,42.984000,0,0,269759443,780,0,780,0,0,0,4
4,360,50.400000,42.984000,0,0,269759444,780,0,780,0,0,0,4
4,360,50.400000,42.984000,0,0,269759455,780,0,780,0,0,0,4
4,360,50.400000,42.984000,0,0,269759467,780,0,780,0,0,0,4
4,360,50.400000,42.984000,0,0,269759477,780,0,780,0,0,0,4
4,360,50.400000,42.984000,0,0,269759488,780,0,780,0,0,0,4
4,360,50.400000,42.984000,0,0,269759499,780,0,780,0,0,0,4
4,360,50.400000,42.984000,0,0,269759510,780,0,780,0,0,0,4
4,360,50.400000,42.984000,0,0,269759522,781,0,781,-1,0,0,4
4,360,50.400000,42.984000,0,0,269759534,791,0,791,-4,0,0,4
4,360,50.400000,42.984000,0,0,269759547,813,0,813,-4,0,0,4
4,360,50.400000,42.984000,0,0,269759570,844,0,844,-5,0,0,4
4,360,50.400000,42.984000,0,0,269759583,910,0,910,-9,0,0,4
4,360,50.400000,42.984000,0,0,269759596,937,0,937,-11,0,0,4
4,360,50.400000,42.984000,0,0,269759608,964,0,964,-15,0,0,4
4,360,50.400000,42.984000,0,0,269759622,984,0,984,-17,0,0,4
4,360,50.400000,42.984000,0,0,269759634,1002,0,1002,-19,0,0,4
4,360,50.400000,42.984000,0,0,269759646,1014,0,1014,-20,0,0,4
4,360,50.400000,42.984000,0,0,269759658,1022,0,1022,-20,0,0,4
4,360,50.400000,42.984000,0,0,269759672,1029,0,1029,-21,0,0,4
4,360,50.400000,42.984000,0,0,269759684,1036,0,1036,-21,0,0,4
4,360,50.400000,42.984000,0,0,269759696,1047,0,1047,-21,0,0,4
4,360,50.400000,42.984000,0,0,269759708,1064,0,1064,-21,0,0,4
4,360,50.400000,42.984000,0,0,269759720,1083,0,1083,-21,0,0,4
4,360,50.400000,42.984000,0,0,269759742,1096,0,1096,-21,0,0,4
4,360,50.400000,42.984000,0,0,269759757,1107,0,1107,-22,0,0,4
4,360,50.400000,42.984000,0,0,269759770,1112,0,1112,-22,0,0,4
4,360,50.400000,42.984000,0,0,269759782,1117,0,1117,-22,0,0,4
4,360,50.400000,42.984000,0,0,269759793,1120,0,1120,-22,0,0,4
4,360,50.400000,42.984000,0,0,269759805,1121,0,1121,-22,0,0,4
4,360,50.400000,42.984000,0,0,269759817,1121,0,1121,-22,0,0,4
4,360,50.400000,42.984000,0,0,269759828,1121,0,1121,-22,0,0,4
4,360,50.400000,42.984000,0,0,269759840,1121,0,1121,-22,0,0,4
4,360,50.400000,42.984000,0,0,269759850,1121,0,1121,-23,0,0,4
4,360,50.400000,42.984000,0,0,269759862,1121,0,1121,-23,0,0,4
4,360,50.400000,42.984000,0,0,269759872,1121,0,1121,-23,0,0,4
4,360,50.400000,42.984000,0,0,269759884,1121,0,1121,-23,0,0,4
4,360,50.400000,42.984000,0,0,269759895,1121,0,1121,-23,0,0,4
4,360,50.400000,42.984000,0,0,269759906,1121,0,1121,-23,0,0,4
4,360,50.400000,42.984000,0,0,269759917,1121,0,1121,-23,0,0,4
4,360,50.400000,42.984000,0,0,269759928,1121,0,1121,-23,0,0,4
4,360,50.400000,42.984000,0,0,269759941,1122,0,1122,-23,0,0,4
4,360,50.400000,42.984000,0,0,269759953,1123,0,1123,-23,0,0,4
4,360,50.400000,42.984000,0,0,269759967,1123,0,1123,-23,0,0,4
4,360,50.400000,42.984000,0,0,269759989,1124,0,1124,-23,0,0,4
4,360,50.400000,42.984000,0,0,269760001,1128,2,1128,-21,0,0,4
4,360,50.400000,42.984000,0,0,269760022,1131,3,1131,-20,0,0,4
4,360,50.400000,42.984000,0,0,269760033,1134,3,1134,-20,0,0,4
4,360,50.400000,42.984000,0,0,269760044,1138,3,1138,-20,0,0,4
4,360,50.400000,42.984000,0,0,269760055,1138,3,1138,-20,0,0,4
4,360,50.400000,42.984000,0,0,269760065,1138,3,1138,-20,0,0,4
