4,360,21.600000,12.276000,1,0,269926838,780,0,780,0,0,1,6
4,360,21.600000,12.276000,1,0,269926839,780,0,780,0,0,1,6
4,360,21.600000,12.276000,1,0,269926851,780,0,780,0,0,1,6
4,360,21.600000,12.276000,1,0,269926862,781,0,781,0,0,1,6
4,360,21.600000,12.276000,1,0,269926874,784,0,784,0,0,1,6
4,360,21.600000,12.276000,1,0,269926895,791,0,791,-1,0,1,6
4,360,21.600000,12.276000,1,0,269926906,819,0,819,-5,0,1,6
4,360,21.600000,12.276000,1,0,269926917,847,0,847,-6,0,1,6
4,360,21.600000,12.276000,1,0,269926937,880,0,880,-6,0,1,6
4,360,21.600000,12.276000,1,0,269926947,959,2,959,-4,0,1,6
4,360,21.600000,12.276000,1,0,269926957,994,3,994,-3,0,1,6
4,360,21.600000,12.276000,1,0,269926969,1021,4,1021,-2,0,1,6
4,360,21.600000,12.276000,1,0,269926982,1044,4,1044,-2,0,1,6
4,360,21.600000,12.276000,1,0,269926993,1058,4,1058,-2,0,1,6
4,360,21.600000,12.276000,1,0,269927005,1068,4,1068,-2,0,1,6
4,360,21.600000,12.276000,1,0,269927015,1079,4,1079,-2,0,1,6
4,360,21.600000,12.276000,1,0,269927026,1085,5,1085,-1,0,1,6
4,360,21.600000,12.276000,1,0,269927036,1090,5,1090,-1,0,1,6
4,360,21.600000,12.276000,1,0,269927046,1093,5,1093,-1,0,1,6
4,360,21.600000,12.276000,1,0,269927056,1094,5,1094,-1,0,1,6
4,360,21.600000,12.276000,1,0,269927066,1095,5,1095,-1,0,1,6
4,360,21.600000,12.276000,1,0,269927076,1096,5,1096,-1,0,1,6
4,360,21.600000,12.276000,1,0,269927096,1096,5,1096,-1,0,1,6
4,360,21.600000,12.276000,1,0,269927106,1099,5,1099,-1,0,1,6
4,360,21.600000,12.276000,1,0,269927117,1100,5,1100,-1,0,1,6
4,360,21.600000,12.276000,1,0,269927129,1102,5,1102,-1,0,1,6
4,360,21.600000,12.276000,1,0,269927139,1103,5,1103,-1,0,1,6
4,360,21.600000,12.276000,1,0,269927151,1105,5,1105,-1,0,1,6
4,360,21.600000,12.276000,1,0,269927161,1106,5,1106,-1,0,1,6
4,360,21.600000,12.276000,1,0,269927172,1107,5,1107,-1,0,1,6
4,360,21.600000,12.276000,1,0,269927192,1110,5,1110,-1,0,1,6
4,360,21.600000,12.276000,1,0,269927202,1118,5,1118,-1,0,1,6
4,360,21.600000,12.276000,1,0,269927215,1122,5,1122,-1,0,1,6
4,360,21.600000,12.276000,1,0,269927235,1128,5,1128,-1,0,1,6
4,360,21.600000,12.276000,1,0,269927255,1137,5,1137,-1,0,1,6
4,360,21.600000,12.276000,1,0,269927266,1138,5,1138,-1,0,1,6
4,360,21.600000,12.276000,1,0,269927276,1139,5,1139,-1,0,1,6
4,360,21.600000,12.276000,1,0,269927286,1139,5,1139,-1,0,1,6
4,360,21.600000,12.276000,1,0,269927296,1139,5,1139,-1,0,1,6
4,360,21.600000,12.276000,1,0,269927306,1140,5,1140,-1,0,1,6
4,360,21.600000,12.276000,1,0,269927316,1141,5,1141,-1,0,1,6
4,360,21.600000,12.276000,1,0,269927326,1142,5,1142,-1,0,1,6
4,360,21.600000,12.276000,1,0,269927336,1142,5,1142,-1,0,1,6
4,360,21.600000,12.276000,1,0,269927345,1143,5,1143,-1,0,1,6
4,360,21.600000,12.276000,1,0,269927355,1143,5,1143,-1,0,1,6
4,360,21.600000,12.276000,1,0,269927365,1143,5,1143,-1,0,1,6
4,360,21.600000,12.276000,1,0,269927375,1143,5,1143,-1,0,1,6
4,360,21.600000,12.276000,1,0,269927384,1143,5,1143,-1,0,1,6
