4,720,82.800000,12.276000,1,1,269999131,600,22,600,22,0,1,58
4,720,82.800000,12.276000,1,1,269999132,600,22,600,22,0,1,58
4,720,82.800000,12.276000,1,1,269999152,600,22,600,22,0,1,58
4,720,82.800000,12.276000,1,1,269999172,600,22,600,22,0,1,58
4,720,82.800000,12.276000,1,1,269999183,601,22,601,22,0,1,58
4,720,82.800000,12.276000,1,1,269999194,605,21,605,21,0,1,58
4,720,82.800000,12.276000,1,1,269999207,616,19,616,19,0,1,58
4,720,82.800000,12.276000,1,1,269999217,644,17,644,17,0,1,58
4,720,82.800000,12.276000,1,1,269999228,681,15,681,15,0,1,58
4,720,82.800000,12.276000,1,1,269999238,740,14,740,14,0,1,58
4,720,82.800000,12.276000,1,1,269999249,816,14,816,14,0,1,58
4,720,82.800000,12.276000,1,1,269999260,904,17,904,17,0,1,58
4,720,82.800000,12.276000,1,1,269999271,990,23,990,23,0,1,58
4,720,82.800000,12.276000,1,1,269999281,1077,28,1077,28,0,1,58
4,720,82.800000,12.276000,1,1,269999291,1146,31,1146,31,0,1,58
4,720,82.800000,12.276000,1,1,269999302,1215,34,1215,34,0,1,58
4,720,82.800000,12.276000,1,1,269999312,1255,36,1255,36,0,1,58
4,720,82.800000,12.276000,1,1,269999322,1277,36,1277,36,0,1,58
4,720,82.800000,12.276000,1,1,269999333,1294,36,1294,36,0,1,58
4,720,82.800000,12.276000,1,1,269999344,1304,36,1304,36,0,1,58
4,720,82.800000,12.276000,1,1,269999355,1309,36,1309,36,0,1,58
4,720,82.800000,12.276000,1,1,269999365,1309,36,1309,36,0,1,58
4,720,82.800000,12.276000,1,1,269999374,1309,36,1309,36,0,1,58
4,720,82.800000,12.276000,1,1,269999384,1309,36,1309,36,0,1,58
4,720,82.800000,12.276000,1,1,269999404,1309,36,1309,36,0,1,58
4,720,82.800000,12.276000,1,1,269999414,1311,36,1311,36,0,1,58
4,720,82.800000,12.276000,1,1,269999426,1314,36,1314,36,0,1,58
4,720,82.800000,12.276000,1,1,269999437,1320,34,1320,34,0,1,58
4,720,82.800000,12.276000,1,1,269999448,1328,33,1328,33,0,1,58
4,720,82.800000,12.276000,1,1,269999459,1334,32,1334,32,0,1,58
4,720,82.800000,12.276000,1,1,269999469,1338,32,1338,32,0,1,58
4,720,82.800000,12.276000,1,1,269999479,1339,32,1339,32,0,1,58
4,720,82.800000,12.276000,1,1,269999489,1339,32,1339,32,0,1,58
4,720,82.800000,12.276000,1,1,269999499,1339,32,1339,32,0,1,58
4,720,82.800000,12.276000,1,1,269999509,1339,32,1339,32,0,1,58
4,720,82.800000,12.276000,1,1,269999520,1338,32,1338,32,0,1,58
4,720,82.800000,12.276000,1,1,269999530,1336,31,1336,31,0,1,58
4,720,82.800000,12.276000,1,1,269999541,1334,30,1334,30,0,1,58
4,720,82.800000,12.276000,1,1,269999552,1331,29,1331,29,0,1,58
4,720,82.800000,12.276000,1,1,269999563,1328,27,1328,27,0,1,58
4,720,82.800000,12.276000,1,1,269999575,1325,25,1325,25,0,1,58
4,720,82.800000,12.276000,1,1,269999584,1323,23,1323,23,0,1,58
4,720,82.800000,12.276000,1,1,269999594,1321,22,1321,22,0,1,58
4,720,82.800000,12.276000,1,1,269999605,1321,21,1321,21,0,1,58
4,720,82.800000,12.276000,1,1,269999615,1320,21,1320,21,0,1,58
4,720,82.800000,12.276000,1,1,269999625,1319,21,1319,21,0,1,58
4,720,82.800000,12.276000,1,1,269999634,1319,20,1319,20,0,1,58
4,720,82.800000,12.276000,1,1,269999644,1319,20,1319,20,0,1,58
