4,720,82.800000,12.276000,0,1,269936496,600,22,600,22,0,1,13
4,720,82.800000,12.276000,0,1,269936497,600,22,600,22,0,1,13
4,720,82.800000,12.276000,0,1,269936508,600,22,600,22,0,1,13
4,720,82.800000,12.276000,0,1,269936518,600,22,600,22,0,1,13
4,720,82.800000,12.276000,0,1,269936538,600,22,600,22,0,1,13
4,720,82.800000,12.276000,0,1,269936553,603,22,603,22,0,1,13
4,720,82.800000,12.276000,0,1,269936569,622,22,622,22,0,1,13
4,720,82.800000,12.276000,0,1,269936579,662,22,662,22,0,1,13
4,720,82.800000,12.276000,0,1,269936591,703,21,703,21,0,1,13
4,720,82.800000,12.276000,0,1,269936611,765,21,765,21,0,1,13
4,720,82.800000,12.276000,0,1,269936623,885,22,885,22,0,1,13
4,720,82.800000,12.276000,0,1,269936633,966,26,966,26,0,1,13
4,720,82.800000,12.276000,0,1,269936644,1019,29,1019,29,0,1,13
4,720,82.800000,12.276000,0,1,269936655,1075,33,1075,33,0,1,13
4,720,82.800000,12.276000,0,1,269936667,1138,36,1138,36,0,1,13
4,720,82.800000,12.276000,0,1,269936678,1191,38,1191,38,0,1,13
4,720,82.800000,12.276000,0,1,269936689,1242,39,1242,39,0,1,13
4,720,82.800000,12.276000,0,1,269936700,1277,39,1277,39,0,1,13
4,720,82.800000,12.276000,0,1,269936710,1296,39,1296,39,0,1,13
4,720,82.800000,12.276000,0,1,269936721,1305,37,1305,37,0,1,13
4,720,82.800000,12.276000,0,1,269936731,1307,37,1307,37,0,1,13
4,720,82.800000,12.276000,0,1,269936741,1307,37,1307,37,0,1,13
4,720,82.800000,12.276000,0,1,269936751,1307,37,1307,37,0,1,13
4,720,82.800000,12.276000,0,1,269936761,1306,37,1306,37,0,1,13
4,720,82.800000,12.276000,0,1,269936771,1305,37,1305,37,0,1,13
4,720,82.800000,12.276000,0,1,269936781,1305,37,1305,37,0,1,13
4,720,82.800000,12.276000,0,1,269936791,1305,37,1305,37,0,1,13
4,720,82.800000,12.276000,0,1,269936802,1305,37,1305,37,0,1,13
4,720,82.800000,12.276000,0,1,269936812,1305,37,1305,37,0,1,13
4,720,82.800000,12.276000,0,1,269936832,1305,37,1305,37,0,1,13
4,720,82.800000,12.276000,0,1,269936842,1305,37,1305,37,0,1,13
4,720,82.800000,12.276000,0,1,269936854,1305,37,1305,37,0,1,13
4,720,82.800000,12.276000,0,1,269936876,1305,37,1305,37,0,1,13
4,720,82.800000,12.276000,0,1,269936888,1303,34,1303,34,0,1,13
4,720,82.800000,12.276000,0,1,269936908,1302,32,1302,32,0,1,13
4,720,82.800000,12.276000,0,1,269936919,1301,29,1301,29,0,1,13
4,720,82.800000,12.276000,0,1,269936938,1300,28,1300,28,0,1,13
4,720,82.800000,12.276000,0,1,269936949,1298,26,1298,26,0,1,13
4,720,82.800000,12.276000,0,1,269936960,1297,25,1297,25,0,1,13
4,720,82.800000,12.276000,0,1,269936972,1297,24,1297,24,0,1,13
4,720,82.800000,12.276000,0,1,269936983,1297,22,1297,22,0,1,13
4,720,82.800000,12.276000,0,1,269936994,1295,20,1295,20,0,1,13
4,720,82.800000,12.276000,0,1,269937005,1294,18,1294,18,0,1,13
4,720,82.800000,12.276000,0,1,269937015,1293,16,1293,16,0,1,13
4,720,82.800000,12.276000,0,1,269937025,1293,16,1293,16,0,1,13
4,720,82.800000,12.276000,0,1,269937035,1293,16,1293,16,0,1,13
4,720,82.800000,12.276000,0,1,269937044,1293,16,1293,16,0,1,13
