4,360,21.600000,10000.000000,0,1,269968324,780,22,780,22,0,1,36
4,360,21.600000,10000.000000,0,1,269968325,780,22,780,22,0,1,36
4,360,21.600000,10000.000000,0,1,269968334,783,22,783,22,0,1,36
4,360,21.600000,10000.000000,0,1,269968344,786,22,786,22,0,1,36
4,360,21.600000,10000.000000,0,1,269968354,787,22,787,22,0,1,36
4,360,21.600000,10000.000000,0,1,269968364,788,22,788,22,0,1,36
4,360,21.600000,10000.000000,0,1,269968374,790,22,790,22,0,1,36
4,360,21.600000,10000.000000,0,1,269968385,795,22,795,22,0,1,36
4,360,21.600000,10000.000000,0,1,269968399,803,22,803,22,0,1,36
4,360,21.600000,10000.000000,0,1,269968418,823,22,823,22,0,1,36
4,360,21.600000,10000.000000,0,1,269968429,872,22,872,22,0,1,36
4,360,21.600000,10000.000000,0,1,269968440,899,23,899,23,0,1,36
4,360,21.600000,10000.000000,0,1,269968450,930,24,930,24,0,1,36
4,360,21.600000,10000.000000,0,1,269968461,955,25,955,25,0,1,36
4,360,21.600000,10000.000000,0,1,269968472,982,25,982,25,0,1,36
4,360,21.600000,10000.000000,0,1,269968482,1006,26,1006,26,0,1,36
4,360,21.600000,10000.000000,0,1,269968492,1030,26,1030,26,0,1,36
4,360,21.600000,10000.000000,0,1,269968513,1047,26,1047,26,0,1,36
4,360,21.600000,10000.000000,0,1,269968523,1087,26,1087,26,0,1,36
4,360,21.600000,10000.000000,0,1,269968534,1105,26,1105,26,0,1,36
4,360,21.600000,10000.000000,0,1,269968546,1118,25,1118,25,0,1,36
4,360,21.600000,10000.000000,0,1,269968556,1127,24,1127,24,0,1,36
4,360,21.600000,10000.000000,0,1,269968566,1130,24,1130,24,0,1,36
4,360,21.600000,10000.000000,0,1,269968575,1130,24,1130,24,0,1,36
4,360,21.600000,10000.000000,0,1,269968586,1130,24,1130,24,0,1,36
4,360,21.600000,10000.000000,0,1,269968595,1130,24,1130,24,0,1,36
4,360,21.600000,10000.000000,0,1,269968605,1130,24,1130,24,0,1,36
4,360,21.600000,10000.000000,0,1,269968615,1130,24,1130,24,0,1,36
4,360,21.600000,10000.000000,0,1,269968624,1130,24,1130,24,0,1,36
4,360,21.600000,10000.000000,0,1,269968634,1130,24,1130,24,0,1,36
4,360,21.600000,10000.000000,0,1,269968643,1130,24,1130,24,0,1,36
4,360,21.600000,10000.000000,0,1,269968653,1130,24,1130,24,0,1,36
4,360,21.600000,10000.000000,0,1,269968663,1130,24,1130,24,0,1,36
4,360,21.600000,10000.000000,0,1,269968673,1130,24,1130,24,0,1,36
4,360,21.600000,10000.000000,0,1,269968682,1130,24,1130,24,0,1,36
4,360,21.600000,10000.000000,0,1,269968692,1130,24,1130,24,0,1,36
4,360,21.600000,10000.000000,0,1,269968702,1130,24,1130,24,0,1,36
4,360,21.600000,10000.000000,0,1,269968712,1130,24,1130,24,0,1,36
4,360,21.600000,10000.000000,0,1,269968721,1130,24,1130,24,0,1,36
4,360,21.600000,10000.000000,0,1,269968731,1130,24,1130,24,0,1,36
4,360,21.600000,10000.000000,0,1,269968740,1130,24,1130,24,0,1,36
4,360,21.600000,10000.000000,0,1,269968750,1130,24,1130,24,0,1,36
4,360,21.600000,10000.000000,0,1,269968761,1130,24,1130,24,0,1,36
4,360,21.600000,10000.000000,0,1,269968781,1130,24,1130,24,0,1,36
4,360,21.600000,10000.000000,0,1,269968803,1130,24,1130,24,0,1,36
4,360,21.600000,10000.000000,0,1,269968813,1130,24,1130,24,0,1,36
4,360,21.600000,10000.000000,0,1,269968823,1130,23,1130,23,0,1,36
4,360,21.600000,10000.000000,0,1,269968842,1131,22,1131,22,0,1,36
4,360,21.600000,10000.000000,0,1,269968853,1131,21,1131,21,0,1,36
4,360,21.600000,10000.000000,0,1,269968863,1131,21,1131,21,0,1,36
4,360,21.600000,10000.000000,0,1,269968873,1131,21,1131,21,0,1,36
4,360,21.600000,10000.000000,0,1,269968883,1131,21,1131,21,0,1,36
4,360,21.600000,10000.000000,0,1,269968892,1131,20,1131,20,0,1,36
4,360,21.600000,10000.000000,0,1,269968903,1131,19,1131,19,0,1,36
4,360,21.600000,10000.000000,0,1,269968913,1132,19,1132,19,0,1,36
4,360,21.600000,10000.000000,0,1,269968922,1132,18,1132,18,0,1,36
