4,360,82.800000,10000.000000,1,1,270066972,780,22,780,22,0,1,112
4,360,82.800000,10000.000000,1,1,270066973,780,22,780,22,0,1,112
4,360,82.800000,10000.000000,1,1,270066982,781,22,781,22,0,1,112
4,360,82.800000,10000.000000,1,1,270066992,781,22,781,22,0,1,112
4,360,82.800000,10000.000000,1,1,270067002,781,22,781,22,0,1,112
4,360,82.800000,10000.000000,1,1,270067012,781,22,781,22,0,1,112
4,360,82.800000,10000.000000,1,1,270067022,781,22,781,22,0,1,112
4,360,82.800000,10000.000000,1,1,270067032,781,22,781,22,0,1,112
4,360,82.800000,10000.000000,1,1,270067042,781,22,781,22,0,1,112
4,360,82.800000,10000.000000,1,1,270067053,782,21,782,21,0,1,112
4,360,82.800000,10000.000000,1,1,270067064,785,20,785,20,0,1,112
4,360,82.800000,10000.000000,1,1,270067085,790,20,790,20,0,1,112
4,360,82.800000,10000.000000,1,1,270067095,812,18,812,18,0,1,112
4,360,82.800000,10000.000000,1,1,270067106,824,17,824,17,0,1,112
4,360,82.800000,10000.000000,1,1,270067116,839,17,839,17,0,1,112
4,360,82.800000,10000.000000,1,1,270067127,857,17,857,17,0,1,112
4,360,82.800000,10000.000000,1,1,270067141,877,18,877,18,0,1,112
4,360,82.800000,10000.000000,1,1,270067152,907,19,907,19,0,1,112
4,360,82.800000,10000.000000,1,1,270067173,930,19,930,19,0,1,112
4,360,82.800000,10000.000000,1,1,270067184,986,20,986,20,0,1,112
4,360,82.800000,10000.000000,1,1,270067195,1013,20,1013,20,0,1,112
4,360,82.800000,10000.000000,1,1,270067206,1039,20,1039,20,0,1,112
4,360,82.800000,10000.000000,1,1,270067217,1061,20,1061,20,0,1,112
4,360,82.800000,10000.000000,1,1,270067228,1082,19,1082,19,0,1,112
4,360,82.800000,10000.000000,1,1,270067239,1101,19,1101,19,0,1,112
4,360,82.800000,10000.000000,1,1,270067249,1116,18,1116,18,0,1,112
4,360,82.800000,10000.000000,1,1,270067260,1126,18,1126,18,0,1,112
4,360,82.800000,10000.000000,1,1,270067271,1133,17,1133,17,0,1,112
4,360,82.800000,10000.000000,1,1,270067282,1137,17,1137,17,0,1,112
4,360,82.800000,10000.000000,1,1,270067292,1138,17,1138,17,0,1,112
4,360,82.800000,10000.000000,1,1,270067302,1138,17,1138,17,0,1,112
4,360,82.800000,10000.000000,1,1,270067312,1138,17,1138,17,0,1,112
4,360,82.800000,10000.000000,1,1,270067322,1138,17,1138,17,0,1,112
4,360,82.800000,10000.000000,1,1,270067333,1139,16,1139,16,0,1,112
4,360,82.800000,10000.000000,1,1,270067343,1141,15,1141,15,0,1,112
4,360,82.800000,10000.000000,1,1,270067353,1144,14,1144,14,0,1,112
4,360,82.800000,10000.000000,1,1,270067363,1147,13,1147,13,0,1,112
4,360,82.800000,10000.000000,1,1,270067374,1150,12,1150,12,0,1,112
4,360,82.800000,10000.000000,1,1,270067384,1151,11,1151,11,0,1,112
4,360,82.800000,10000.000000,1,1,270067394,1151,11,1151,11,0,1,112
4,360,82.800000,10000.000000,1,1,270067404,1151,11,1151,11,0,1,112
4,360,82.800000,10000.000000,1,1,270067414,1151,11,1151,11,0,1,112
4,360,82.800000,10000.000000,1,1,270067424,1151,11,1151,11,0,1,112
4,360,82.800000,10000.000000,1,1,270067445,1151,11,1151,11,0,1,112
4,360,82.800000,10000.000000,1,1,270067465,1152,10,1152,10,0,1,112
