4,360,82.800000,12.276000,1,0,269978792,780,0,780,0,0,1,44
4,360,82.800000,12.276000,1,0,269978793,780,0,780,0,0,1,44
4,360,82.800000,12.276000,1,0,269978804,780,0,780,0,0,1,44
4,360,82.800000,12.276000,1,0,269978823,780,0,780,0,0,1,44
4,360,82.800000,12.276000,1,0,269978834,781,0,781,0,0,1,44
4,360,82.800000,12.276000,1,0,269978846,786,0,786,-1,0,1,44
4,360,82.800000,12.276000,1,0,269978857,803,0,803,-1,0,1,44
4,360,82.800000,12.276000,1,0,269978867,830,1,830,0,0,1,44
4,360,82.800000,12.276000,1,0,269978887,863,1,863,0,0,1,44
4,360,82.800000,12.276000,1,0,269978898,946,3,946,2,0,1,44
4,360,82.800000,12.276000,1,0,269978918,984,5,984,4,0,1,44
4,360,82.800000,12.276000,1,0,269978928,1056,8,1056,7,0,1,44
4,360,82.800000,12.276000,1,0,269978939,1080,9,1080,8,0,1,44
4,360,82.800000,12.276000,1,0,269978951,1100,9,1100,8,0,1,44
4,360,82.800000,12.276000,1,0,269978963,1117,9,1117,8,0,1,44
4,360,82.800000,12.276000,1,0,269978974,1130,9,1130,8,0,1,44
4,360,82.800000,12.276000,1,0,269978995,1137,9,1137,8,0,1,44
4,360,82.800000,12.276000,1,0,269979005,1143,9,1143,8,0,1,44
4,360,82.800000,12.276000,1,0,269979015,1143,9,1143,8,0,1,44
4,360,82.800000,12.276000,1,0,269979024,1143,9,1143,8,0,1,44
4,360,82.800000,12.276000,1,0,269979042,1143,9,1143,8,0,1,44
4,360,82.800000,12.276000,1,0,269979052,1143,9,1143,8,0,1,44
4,360,82.800000,12.276000,1,0,269979063,1143,9,1143,8,0,1,44
4,360,82.800000,12.276000,1,0,269979073,1144,9,1144,8,0,1,44
4,360,82.800000,12.276000,1,0,269979083,1145,8,1145,7,0,1,44
4,360,82.800000,12.276000,1,0,269979093,1147,8,1147,7,0,1,44
4,360,82.800000,12.276000,1,0,269979103,1148,8,1148,7,0,1,44
4,360,82.800000,12.276000,1,0,269979112,1149,8,1149,7,0,1,44
4,360,82.800000,12.276000,1,0,269979122,1150,8,1150,7,0,1,44
4,360,82.800000,12.276000,1,0,269979132,1150,8,1150,7,0,1,44
4,360,82.800000,12.276000,1,0,269979152,1150,8,1150,7,0,1,44
4,360,82.800000,12.276000,1,0,269979162,1150,8,1150,7,0,1,44
4,360,82.800000,12.276000,1,0,269979171,1150,8,1150,7,0,1,44
4,360,82.800000,12.276000,1,0,269979181,1150,8,1150,7,0,1,44
4,360,82.800000,12.276000,1,0,269979191,1150,8,1150,7,0,1,44
