4,720,82.800000,10000.000000,0,0,270006770,600,0,600,0,0,1,64
4,720,82.800000,10000.000000,0,0,270006771,600,0,600,0,0,1,64
4,720,82.800000,10000.000000,0,0,270006789,601,0,601,0,0,1,64
4,720,82.800000,10000.000000,0,0,270006800,601,0,601,0,0,1,64
4,720,82.800000,10000.000000,0,0,270006810,601,0,601,0,0,1,64
4,720,82.800000,10000.000000,0,0,270006820,603,0,603,0,0,1,64
4,720,82.800000,10000.000000,0,0,270006830,608,0,608,-1,0,1,64
4,720,82.800000,10000.000000,0,0,270006841,620,0,620,-3,0,1,64
4,720,82.800000,10000.000000,0,0,270006851,639,0,639,-5,0,1,64
4,720,82.800000,10000.000000,0,0,270006862,669,0,669,-9,0,1,64
4,720,82.800000,10000.000000,0,0,270006874,728,0,728,-14,0,1,64
4,720,82.800000,10000.000000,0,0,270006895,816,0,816,-19,0,1,64
4,720,82.800000,10000.000000,0,0,270006904,975,0,975,-21,0,1,64
4,720,82.800000,10000.000000,0,0,270006916,1039,0,1039,-21,0,1,64
4,720,82.800000,10000.000000,0,0,270006926,1112,0,1112,-21,0,1,64
4,720,82.800000,10000.000000,0,0,270006936,1153,1,1153,-20,0,1,64
4,720,82.800000,10000.000000,0,0,270006946,1185,1,1185,-20,0,1,64
4,720,82.800000,10000.000000,0,0,270006957,1210,1,1210,-20,0,1,64
4,720,82.800000,10000.000000,0,0,270006969,1231,0,1231,-22,0,1,64
4,720,82.800000,10000.000000,0,0,270006980,1246,0,1246,-22,0,1,64
4,720,82.800000,10000.000000,0,0,270006990,1255,0,1255,-23,0,1,64
4,720,82.800000,10000.000000,0,0,270007000,1260,0,1260,-23,0,1,64
4,720,82.800000,10000.000000,0,0,270007010,1261,0,1261,-23,0,1,64
4,720,82.800000,10000.000000,0,0,270007020,1261,0,1261,-23,0,1,64
4,720,82.800000,10000.000000,0,0,270007031,1261,0,1261,-23,0,1,64
4,720,82.800000,10000.000000,0,0,270007042,1261,0,1261,-23,0,1,64
4,720,82.800000,10000.000000,0,0,270007055,1264,0,1264,-23,0,1,64
4,720,82.800000,10000.000000,0,0,270007075,1270,0,1270,-23,0,1,64
4,720,82.800000,10000.000000,0,0,270007087,1286,0,1286,-23,0,1,64
4,720,82.800000,10000.000000,0,0,270007097,1293,0,1293,-23,0,1,64
4,720,82.800000,10000.000000,0,0,270007107,1297,0,1297,-23,0,1,64
4,720,82.800000,10000.000000,0,0,270007117,1297,0,1297,-23,0,1,64
4,720,82.800000,10000.000000,0,0,270007135,1297,0,1297,-23,0,1,64
4,720,82.800000,10000.000000,0,0,270007145,1297,0,1297,-24,0,1,64
4,720,82.800000,10000.000000,0,0,270007155,1297,0,1297,-24,0,1,64
4,720,82.800000,10000.000000,0,0,270007165,1297,0,1297,-24,0,1,64
4,720,82.800000,10000.000000,0,0,270007175,1297,0,1297,-24,0,1,64
4,720,82.800000,10000.000000,0,0,270007184,1297,0,1297,-24,0,1,64
4,720,82.800000,10000.000000,0,0,270007194,1297,0,1297,-24,0,1,64
4,720,82.800000,10000.000000,0,0,270007204,1297,0,1297,-24,0,1,64
4,720,82.800000,10000.000000,0,0,270007213,1297,0,1297,-24,0,1,64
4,720,82.800000,10000.000000,0,0,270007223,1298,0,1298,-24,0,1,64
4,720,82.800000,10000.000000,0,0,270007233,1299,0,1299,-24,0,1,64
4,720,82.800000,10000.000000,0,0,270007243,1300,0,1300,-24,0,1,64
4,720,82.800000,10000.000000,0,0,270007252,1301,0,1301,-24,0,1,64
4,720,82.800000,10000.000000,0,0,270007262,1302,0,1302,-24,0,1,64
4,720,82.800000,10000.000000,0,0,270007272,1303,1,1303,-23,0,1,64
4,720,82.800000,10000.000000,0,0,270007282,1304,1,1304,-23,0,1,64
