4,720,82.800000,10000.000000,0,1,270051377,600,22,600,22,1,1,100
4,720,82.800000,10000.000000,0,1,270051378,600,22,600,22,1,1,100
4,720,82.800000,10000.000000,0,1,270051388,600,22,600,22,1,1,100
4,720,82.800000,10000.000000,0,1,270051398,600,22,600,22,1,1,100
4,720,82.800000,10000.000000,0,1,270051407,600,22,600,22,1,1,100
4,720,82.800000,10000.000000,0,1,270051417,600,22,600,22,1,1,100
4,720,82.800000,10000.000000,0,1,270051426,600,22,600,22,1,1,100
4,720,82.800000,10000.000000,0,1,270051436,600,22,600,22,1,1,100
4,720,82.800000,10000.000000,0,1,270051449,600,22,600,22,1,1,100
4,720,82.800000,10000.000000,0,1,270051460,605,21,605,21,1,1,100
4,720,82.800000,10000.000000,0,1,270051471,614,20,614,20,1,1,100
4,720,82.800000,10000.000000,0,1,270051481,626,18,626,18,1,1,100
4,720,82.800000,10000.000000,0,1,270051492,642,16,642,16,1,1,100
4,720,82.800000,10000.000000,0,1,270051502,662,14,662,14,1,1,100
4,720,82.800000,10000.000000,0,1,270051512,680,14,680,14,1,1,100
4,720,82.800000,10000.000000,0,1,270051523,698,14,698,14,1,1,100
4,720,82.800000,10000.000000,0,1,270051534,717,14,717,14,1,1,100
4,720,82.800000,10000.000000,0,1,270051544,738,14,738,14,1,1,100
4,720,82.800000,10000.000000,0,1,270051556,766,16,766,16,1,1,100
4,720,82.800000,10000.000000,0,1,270051567,813,19,813,19,1,1,100
4,720,82.800000,10000.000000,0,1,270051579,865,22,865,22,1,1,100
4,720,82.800000,10000.000000,0,1,270051590,923,25,923,25,1,1,100
4,720,82.800000,10000.000000,0,1,270051602,967,25,967,25,1,1,100
4,720,82.800000,10000.000000,0,1,270051613,1009,26,1009,26,1,1,100
4,720,82.800000,10000.000000,0,1,270051625,1037,26,1037,26,1,1,100
4,720,82.800000,10000.000000,0,1,270051635,1058,27,1058,27,1,1,100
4,720,82.800000,10000.000000,0,1,270051646,1072,27,1072,27,1,1,100
4,720,82.800000,10000.000000,0,1,270051657,1080,28,1080,28,1,1,100
4,720,82.800000,10000.000000,0,1,270051668,1085,29,1085,29,1,1,100
4,720,82.800000,10000.000000,0,1,270051678,1088,29,1088,29,1,1,100
4,720,82.800000,10000.000000,0,1,270051689,1090,29,1090,29,1,1,100
4,720,82.800000,10000.000000,0,1,270051701,1092,29,1092,29,1,1,100
4,720,82.800000,10000.000000,0,1,270051718,1096,27,1096,27,1,1,100
4,720,82.800000,10000.000000,0,1,270051728,1104,25,1104,25,1,1,100
4,720,82.800000,10000.000000,0,1,270051749,1109,23,1109,23,1,1,100
4,720,82.800000,10000.000000,0,1,270051761,1125,19,1125,19,1,1,100
4,720,82.800000,10000.000000,0,1,270051780,1135,17,1135,17,1,1,100
4,720,82.800000,10000.000000,0,1,270051790,1154,14,1154,14,1,1,100
4,720,82.800000,10000.000000,0,1,270051802,1161,12,1161,12,1,1,100
4,720,82.800000,10000.000000,0,1,270051812,1167,12,1167,12,1,1,100
4,720,82.800000,10000.000000,0,1,270051822,1170,12,1170,12,1,1,100
4,720,82.800000,10000.000000,0,1,270051833,1172,12,1172,12,1,1,100
4,720,82.800000,10000.000000,0,1,270051842,1174,12,1174,12,1,1,100
4,720,82.800000,10000.000000,0,1,270051852,1177,12,1177,12,1,1,100
4,720,82.800000,10000.000000,0,1,270051864,1181,12,1181,12,1,1,100
4,720,82.800000,10000.000000,0,1,270051874,1187,12,1187,12,1,1,100
4,720,82.800000,10000.000000,0,1,270051884,1195,12,1195,12,1,1,100
4,720,82.800000,10000.000000,0,1,270051894,1204,12,1204,12,1,1,100
4,720,82.800000,10000.000000,0,1,270051905,1213,12,1213,12,1,1,100
4,720,82.800000,10000.000000,0,1,270051917,1221,12,1221,12,1,1,100
4,720,82.800000,10000.000000,0,1,270051927,1231,12,1231,12,1,1,100
4,720,82.800000,10000.000000,0,1,270051939,1238,11,1238,11,1,1,100
4,720,82.800000,10000.000000,0,1,270051950,1244,11,1244,11,1,1,100
4,720,82.800000,10000.000000,0,1,270051960,1248,11,1248,11,1,1,100
4,720,82.800000,10000.000000,0,1,270051971,1251,11,1251,11,1,1,100
4,720,82.800000,10000.000000,0,1,270051980,1253,11,1253,11,1,1,100
4,720,82.800000,10000.000000,0,1,270051990,1254,11,1254,11,1,1,100
4,720,82.800000,10000.000000,0,1,270052000,1255,10,1255,10,1,1,100
4,720,82.800000,10000.000000,0,1,270052009,1255,10,1255,10,1,1,100
4,720,82.800000,10000.000000,0,1,270052019,1255,10,1255,10,1,1,100
4,720,82.800000,10000.000000,0,1,270052029,1256,10,1256,10,1,1,100
4,720,82.800000,10000.000000,0,1,270052039,1257,10,1257,10,1,1,100
4,720,82.800000,10000.000000,0,1,270052049,1260,10,1260,10,1,1,100
4,720,82.800000,10000.000000,0,1,270052059,1262,10,1262,10,1,1,100
4,720,82.800000,10000.000000,0,1,270052069,1264,10,1264,10,1,1,100
4,720,82.800000,10000.000000,0,1,270052079,1267,10,1267,10,1,1,100
4,720,82.800000,10000.000000,0,1,270052091,1269,9,1269,9,1,1,100
4,720,82.800000,10000.000000,0,1,270052101,1270,9,1270,9,1,1,100
4,720,82.800000,10000.000000,0,1,270052111,1272,8,1272,8,1,1,100
4,720,82.800000,10000.000000,0,1,270052122,1275,7,1275,7,1,1,100
4,720,82.800000,10000.000000,0,1,270052132,1279,7,1279,7,1,1,100
4,720,82.800000,10000.000000,0,1,270052155,1283,6,1283,6,1,1,100
4,720,82.800000,10000.000000,0,1,270052166,1296,4,1296,4,1,1,100
4,720,82.800000,10000.000000,0,1,270052186,1302,3,1302,3,1,1,100
4,720,82.800000,10000.000000,0,1,270052205,1306,3,1306,3,1,1,100
4,720,82.800000,10000.000000,0,1,270052215,1307,3,1307,3,1,1,100
4,720,82.800000,10000.000000,0,1,270052226,1307,3,1307,3,1,1,100
4,720,82.800000,10000.000000,0,1,270052236,1307,3,1307,3,0,1,100
