4,360,50.400000,10000.000000,1,1,269941549,780,22,780,22,0,1,17
4,360,50.400000,10000.000000,1,1,269941550,780,22,780,22,0,1,17
4,360,50.400000,10000.000000,1,1,269941560,780,22,780,22,0,1,17
4,360,50.400000,10000.000000,1,1,269941569,780,22,780,22,0,1,17
4,360,50.400000,10000.000000,1,1,269941579,780,22,780,22,0,1,17
4,360,50.400000,10000.000000,1,1,269941589,780,22,780,22,0,1,17
4,360,50.400000,10000.000000,1,1,269941598,780,22,780,22,0,1,17
4,360,50.400000,10000.000000,1,1,269941609,780,22,780,22,0,1,17
4,360,50.400000,10000.000000,1,1,269941629,783,22,783,22,0,1,17
4,360,50.400000,10000.000000,1,1,269941641,815,22,815,22,0,1,17
4,360,50.400000,10000.000000,1,1,269941663,842,22,842,22,0,1,17
4,360,50.400000,10000.000000,1,1,269941673,905,22,905,22,0,1,17
4,360,50.400000,10000.000000,1,1,269941684,932,22,932,22,0,1,17
4,360,50.400000,10000.000000,1,1,269941697,958,22,958,22,0,1,17
4,360,50.400000,10000.000000,1,1,269941710,986,21,986,21,0,1,17
4,360,50.400000,10000.000000,1,1,269941721,1010,21,1010,21,0,1,17
4,360,50.400000,10000.000000,1,1,269941733,1027,20,1027,20,0,1,17
4,360,50.400000,10000.000000,1,1,269941744,1039,19,1039,19,0,1,17
4,360,50.400000,10000.000000,1,1,269941756,1048,17,1048,17,0,1,17
4,360,50.400000,10000.000000,1,1,269941766,1054,16,1054,16,0,1,17
4,360,50.400000,10000.000000,1,1,269941777,1057,15,1057,15,0,1,17
4,360,50.400000,10000.000000,1,1,269941787,1058,15,1058,15,0,1,17
4,360,50.400000,10000.000000,1,1,269941797,1059,15,1059,15,0,1,17
4,360,50.400000,10000.000000,1,1,269941817,1060,14,1060,14,0,1,17
4,360,50.400000,10000.000000,1,1,269941829,1067,13,1067,13,0,1,17
4,360,50.400000,10000.000000,1,1,269941850,1073,12,1073,12,0,1,17
4,360,50.400000,10000.000000,1,1,269941862,1082,11,1082,11,0,1,17
4,360,50.400000,10000.000000,1,1,269941882,1088,10,1088,10,0,1,17
4,360,50.400000,10000.000000,1,1,269941905,1098,9,1098,9,0,1,17
4,360,50.400000,10000.000000,1,1,269941915,1106,7,1106,7,0,1,17
4,360,50.400000,10000.000000,1,1,269941925,1108,7,1108,7,0,1,17
4,360,50.400000,10000.000000,1,1,269941936,1109,7,1109,7,0,1,17
4,360,50.400000,10000.000000,1,1,269941947,1110,7,1110,7,0,1,17
4,360,50.400000,10000.000000,1,1,269941957,1111,7,1111,7,0,1,17
4,360,50.400000,10000.000000,1,1,269941967,1112,7,1112,7,0,1,17
4,360,50.400000,10000.000000,1,1,269941977,1113,7,1113,7,0,1,17
4,360,50.400000,10000.000000,1,1,269941988,1115,7,1115,7,0,1,17
4,360,50.400000,10000.000000,1,1,269941999,1117,7,1117,7,0,1,17
4,360,50.400000,10000.000000,1,1,269942010,1119,7,1119,7,0,1,17
4,360,50.400000,10000.000000,1,1,269942020,1122,7,1122,7,0,1,17
4,360,50.400000,10000.000000,1,1,269942030,1125,7,1125,7,0,1,17
4,360,50.400000,10000.000000,1,1,269942039,1126,7,1126,7,0,1,17
4,360,50.400000,10000.000000,1,1,269942048,1126,7,1126,7,0,1,17
