4,720,50.400000,0.000000,0,0,269918562,600,0,600,0,0,1,0
4,720,50.400000,0.000000,0,0,269918563,600,0,600,0,0,1,0
4,720,50.400000,0.000000,0,0,269918573,600,0,600,0,0,1,0
4,720,50.400000,0.000000,0,0,269918582,600,0,600,0,0,1,0
4,720,50.400000,0.000000,0,0,269918592,600,0,600,0,0,1,0
4,720,50.400000,0.000000,0,0,269918602,600,0,600,0,0,1,0
4,720,50.400000,0.000000,0,0,269918612,600,0,600,0,0,1,0
4,720,50.400000,0.000000,0,0,269918622,600,0,600,0,0,1,0
4,720,50.400000,0.000000,0,0,269918632,600,0,600,0,0,1,0
4,720,50.400000,0.000000,0,0,269918642,603,0,603,0,0,1,0
4,720,50.400000,0.000000,0,0,269918653,612,0,612,0,0,1,0
4,720,50.400000,0.000000,0,0,269918664,625,0,625,-1,0,1,0
4,720,50.400000,0.000000,0,0,269918676,644,0,644,-2,0,1,0
4,720,50.400000,0.000000,0,0,269918687,677,0,677,-3,0,1,0
4,720,50.400000,0.000000,0,0,269918697,715,0,715,-3,0,1,0
4,720,50.400000,0.000000,0,0,269918708,764,0,764,-3,0,1,0
4,720,50.400000,0.000000,0,0,269918718,811,2,811,-1,0,1,0
4,720,50.400000,0.000000,0,0,269918728,865,5,865,2,0,1,0
4,720,50.400000,0.000000,0,0,269918739,924,9,924,6,0,1,0
4,720,50.400000,0.000000,0,0,269918749,977,13,977,10,0,1,0
4,720,50.400000,0.000000,0,0,269918761,1037,16,1037,13,0,1,0
4,720,50.400000,0.000000,0,0,269918772,1094,19,1094,16,0,1,0
4,720,50.400000,0.000000,0,0,269918783,1135,20,1135,17,0,1,0
4,720,50.400000,0.000000,0,0,269918794,1165,21,1165,18,0,1,0
4,720,50.400000,0.000000,0,0,269918805,1187,21,1187,18,0,1,0
4,720,50.400000,0.000000,0,0,269918827,1205,21,1205,18,0,1,0
4,720,50.400000,0.000000,0,0,269918837,1225,21,1225,18,0,1,0
4,720,50.400000,0.000000,0,0,269918848,1230,21,1230,18,0,1,0
4,720,50.400000,0.000000,0,0,269918858,1234,21,1234,18,0,1,0
4,720,50.400000,0.000000,0,0,269918871,1235,21,1235,18,0,1,0
4,720,50.400000,0.000000,0,0,269918892,1238,21,1238,18,0,1,0
4,720,50.400000,0.000000,0,0,269918903,1245,21,1245,18,0,1,0
4,720,50.400000,0.000000,0,0,269918914,1251,21,1251,18,0,1,0
4,720,50.400000,0.000000,0,0,269918926,1259,20,1259,17,0,1,0
4,720,50.400000,0.000000,0,0,269918937,1268,19,1268,16,0,1,0
4,720,50.400000,0.000000,0,0,269918948,1274,18,1274,15,0,1,0
4,720,50.400000,0.000000,0,0,269918959,1278,18,1278,15,0,1,0
4,720,50.400000,0.000000,0,0,269918969,1279,18,1279,15,0,1,0
4,720,50.400000,0.000000,0,0,269918979,1279,18,1279,15,0,1,0
4,720,50.400000,0.000000,0,0,269918988,1279,18,1279,15,0,1,0
4,720,50.400000,0.000000,0,0,269918998,1279,18,1279,15,0,1,0
4,720,50.400000,0.000000,0,0,269919007,1279,18,1279,15,0,1,0
4,720,50.400000,0.000000,0,0,269919017,1279,18,1279,15,0,1,0
4,720,50.400000,0.000000,0,0,269919027,1279,18,1279,15,0,1,0
4,720,50.400000,0.000000,0,0,269919037,1280,17,1280,14,0,1,0
4,720,50.400000,0.000000,0,0,269919047,1281,17,1281,14,0,1,0
4,720,50.400000,0.000000,0,0,269919057,1283,16,1283,13,0,1,0
4,720,50.400000,0.000000,0,0,269919077,1285,16,1285,13,0,1,0
4,720,50.400000,0.000000,0,0,269919087,1287,15,1287,12,0,1,0
4,720,50.400000,0.000000,0,0,269919098,1287,15,1287,12,0,1,0
4,720,50.400000,0.000000,0,0,269919107,1287,15,1287,12,0,1,0
4,720,50.400000,0.000000,0,0,269919116,1287,15,1287,12,0,1,0
4,720,50.400000,0.000000,0,0,269919126,1287,15,1287,12,0,1,0
4,720,50.400000,0.000000,0,0,269919136,1288,15,1288,12,0,1,0
4,720,50.400000,0.000000,0,0,269919146,1289,15,1289,12,0,1,0
4,720,50.400000,0.000000,0,0,269919157,1290,15,1290,12,0,1,0
4,720,50.400000,0.000000,0,0,269919167,1292,15,1292,12,0,1,0
4,720,50.400000,0.000000,0,0,269919178,1294,15,1294,12,0,1,0
4,720,50.400000,0.000000,0,0,269919188,1296,15,1296,12,0,1,0
4,720,50.400000,0.000000,0,0,269919197,1296,15,1296,12,0,1,0
4,720,50.400000,0.000000,0,0,269919207,1297,15,1297,12,0,1,0
4,720,50.400000,0.000000,0,0,269919217,1297,15,1297,12,0,1,0
4,720,50.400000,0.000000,0,0,269919228,1298,15,1298,12,0,1,0
4,720,50.400000,0.000000,0,0,269919237,1300,15,1300,12,0,1,0
4,720,50.400000,0.000000,0,0,269919248,1303,15,1303,12,0,1,0
4,720,50.400000,0.000000,0,0,269919258,1307,14,1307,11,0,1,0
4,720,50.400000,0.000000,0,0,269919269,1310,14,1310,11,0,1,0
4,720,50.400000,0.000000,0,0,269919278,1314,14,1314,11,0,1,0
4,720,50.400000,0.000000,0,0,269919289,1317,14,1317,11,0,1,0
4,720,50.400000,0.000000,0,0,269919300,1319,14,1319,11,0,1,0
4,720,50.400000,0.000000,0,0,269919309,1320,14,1320,11,0,1,0
