4,720,21.600000,42.984000,1,0,270163310,600,0,600,0,0,2,69
4,720,21.600000,42.984000,1,0,270163311,600,0,600,0,0,2,69
4,720,21.600000,42.984000,1,0,270163322,601,0,601,-1,0,2,69
4,720,21.600000,42.984000,1,0,270163333,601,0,601,-1,0,2,69
4,720,21.600000,42.984000,1,0,270163344,601,0,601,-1,0,2,69
4,720,21.600000,42.984000,1,0,270163354,601,0,601,-1,0,2,69
4,720,21.600000,42.984000,1,0,270163365,601,0,601,-1,0,2,69
4,720,21.600000,42.984000,1,0,270163375,602,0,602,-1,0,2,69
4,720,21.600000,42.984000,1,0,270163388,605,0,605,-1,0,2,69
4,720,21.600000,42.984000,1,0,270163398,616,0,616,-2,0,2,69
4,720,21.600000,42.984000,1,0,270163410,639,0,639,-2,0,2,69
4,720,21.600000,42.984000,1,0,270163421,681,0,681,-2,0,2,69
4,720,21.600000,42.984000,1,0,270163432,738,0,738,-2,0,2,69
4,720,21.600000,42.984000,1,0,270163454,802,2,802,0,0,2,69
4,720,21.600000,42.984000,1,0,270163464,953,9,953,7,0,2,69
4,720,21.600000,42.984000,1,0,270163475,1025,14,1025,12,0,2,69
4,720,21.600000,42.984000,1,0,270163486,1074,17,1074,15,0,2,69
4,720,21.600000,42.984000,1,0,270163497,1118,18,1118,16,0,2,69
4,720,21.600000,42.984000,1,0,270163507,1144,18,1144,16,0,2,69
4,720,21.600000,42.984000,1,0,270163517,1162,18,1162,16,0,2,69
4,720,21.600000,42.984000,1,0,270163528,1176,17,1176,15,0,2,69
4,720,21.600000,42.984000,1,0,270163539,1187,16,1187,14,0,2,69
4,720,21.600000,42.984000,1,0,270163549,1196,15,1196,13,0,2,69
4,720,21.600000,42.984000,1,0,270163560,1205,14,1205,12,0,2,69
4,720,21.600000,42.984000,1,0,270163571,1214,12,1214,10,0,2,69
4,720,21.600000,42.984000,1,0,270163582,1224,11,1224,9,0,2,69
4,720,21.600000,42.984000,1,0,270163593,1232,9,1232,7,0,2,69
4,720,21.600000,42.984000,1,0,270163604,1238,9,1238,7,0,2,69
4,720,21.600000,42.984000,1,0,270163615,1244,9,1244,7,0,2,69
4,720,21.600000,42.984000,1,0,270163625,1252,8,1252,6,0,2,69
4,720,21.600000,42.984000,1,0,270163635,1260,8,1260,6,0,2,69
4,720,21.600000,42.984000,1,0,270163646,1267,8,1267,6,0,2,69
4,720,21.600000,42.984000,1,0,270163657,1273,8,1273,6,0,2,69
4,720,21.600000,42.984000,1,0,270163668,1279,8,1279,6,0,2,69
4,720,21.600000,42.984000,1,0,270163678,1284,8,1284,6,0,2,69
4,720,21.600000,42.984000,1,0,270163689,1289,8,1289,6,0,2,69
4,720,21.600000,42.984000,1,0,270163700,1289,8,1289,6,0,2,69
4,720,21.600000,42.984000,1,0,270163710,1289,8,1289,6,0,2,69
4,720,21.600000,42.984000,1,0,270163721,1289,8,1289,6,0,2,69
4,720,21.600000,42.984000,1,0,270163733,1289,8,1289,6,0,2,69
4,720,21.600000,42.984000,1,0,270163743,1289,8,1289,6,0,2,69
4,720,21.600000,42.984000,1,0,270163755,1290,8,1290,6,0,2,69
4,720,21.600000,42.984000,1,0,270163765,1291,8,1291,6,0,2,69
4,720,21.600000,42.984000,1,0,270163776,1293,8,1293,6,0,2,69
4,720,21.600000,42.984000,1,0,270163786,1295,8,1295,6,0,2,69
4,720,21.600000,42.984000,1,0,270163796,1297,8,1297,6,0,2,69
4,720,21.600000,42.984000,1,0,270163806,1299,8,1299,6,0,2,69
4,720,21.600000,42.984000,1,0,270163816,1299,8,1299,6,0,2,69
4,720,21.600000,42.984000,1,0,270163826,1299,8,1299,6,0,2,69
4,720,21.600000,42.984000,1,0,270163836,1300,8,1300,6,0,2,69
4,720,21.600000,42.984000,1,0,270163847,1301,8,1301,6,0,2,69
4,720,21.600000,42.984000,1,0,270163857,1304,8,1304,6,0,2,69
4,720,21.600000,42.984000,1,0,270163867,1307,8,1307,6,0,2,69
4,720,21.600000,42.984000,1,0,270163877,1309,8,1309,6,0,2,69
4,720,21.600000,42.984000,1,0,270163887,1311,8,1311,6,0,2,69
4,720,21.600000,42.984000,1,0,270163897,1311,8,1311,6,0,2,69
4,720,21.600000,42.984000,1,0,270163908,1311,8,1311,6,0,2,69
4,720,21.600000,42.984000,1,0,270163917,1311,8,1311,6,0,2,69
4,720,21.600000,42.984000,1,0,270163927,1311,8,1311,6,0,2,69
4,720,21.600000,42.984000,1,0,270163937,1311,8,1311,6,0,2,69
4,720,21.600000,42.984000,1,0,270163947,1312,8,1312,6,0,2,69
4,720,21.600000,42.984000,1,0,270163957,1312,9,1312,7,0,2,69
4,720,21.600000,42.984000,1,0,270163968,1312,10,1312,8,0,2,69
4,720,21.600000,42.984000,1,0,270163978,1313,10,1313,8,0,2,69
4,720,21.600000,42.984000,1,0,270163988,1314,10,1314,8,0,2,69
4,720,21.600000,42.984000,1,0,270163997,1314,10,1314,8,0,2,69
4,720,21.600000,42.984000,1,0,270164007,1314,10,1314,8,0,2,69
4,720,21.600000,42.984000,1,0,270164016,1314,10,1314,8,0,2,69
