4,720,21.600000,0.000000,1,1,270098404,600,22,600,22,0,2,17
4,720,21.600000,0.000000,1,1,270098405,600,22,600,22,0,2,17
4,720,21.600000,0.000000,1,1,270098416,600,22,600,22,0,2,17
4,720,21.600000,0.000000,1,1,270098427,600,22,600,22,0,2,17
4,720,21.600000,0.000000,1,1,270098438,600,22,600,22,0,2,17
4,720,21.600000,0.000000,1,1,270098449,600,22,600,22,0,2,17
4,720,21.600000,0.000000,1,1,270098459,601,22,601,22,0,2,17
4,720,21.600000,0.000000,1,1,270098469,609,21,609,21,0,2,17
4,720,21.600000,0.000000,1,1,270098480,627,20,627,20,0,2,17
4,720,21.600000,0.000000,1,1,270098491,668,16,668,16,0,2,17
4,720,21.600000,0.000000,1,1,270098502,727,11,727,11,0,2,17
4,720,21.600000,0.000000,1,1,270098512,815,6,815,6,0,2,17
4,720,21.600000,0.000000,1,1,270098523,900,3,900,3,0,2,17
4,720,21.600000,0.000000,1,1,270098533,971,2,971,2,0,2,17
4,720,21.600000,0.000000,1,1,270098543,1045,2,1045,2,0,2,17
4,720,21.600000,0.000000,1,1,270098554,1106,2,1106,2,0,2,17
4,720,21.600000,0.000000,1,1,270098565,1149,2,1149,2,0,2,17
4,720,21.600000,0.000000,1,1,270098575,1186,2,1186,2,0,2,17
4,720,21.600000,0.000000,1,1,270098585,1210,1,1210,1,0,2,17
4,720,21.600000,0.000000,1,1,270098596,1223,0,1223,0,0,2,17
4,720,21.600000,0.000000,1,1,270098606,1230,0,1230,0,0,2,17
4,720,21.600000,0.000000,1,1,270098616,1233,0,1233,0,0,2,17
4,720,21.600000,0.000000,1,1,270098626,1234,0,1234,0,0,2,17
4,720,21.600000,0.000000,1,1,270098637,1235,0,1235,0,0,2,17
4,720,21.600000,0.000000,1,1,270098656,1235,0,1235,0,0,2,17
4,720,21.600000,0.000000,1,1,270098667,1235,0,1235,0,0,2,17
4,720,21.600000,0.000000,1,1,270098678,1235,0,1235,0,0,2,17
4,720,21.600000,0.000000,1,1,270098688,1235,0,1235,0,0,2,17
4,720,21.600000,0.000000,1,1,270098698,1235,0,1235,0,0,2,17
4,720,21.600000,0.000000,1,1,270098709,1235,0,1235,0,0,2,17
4,720,21.600000,0.000000,1,1,270098719,1237,0,1237,0,0,2,17
4,720,21.600000,0.000000,1,1,270098729,1239,0,1239,0,0,2,17
4,720,21.600000,0.000000,1,1,270098739,1241,0,1241,0,0,2,17
4,720,21.600000,0.000000,1,1,270098750,1244,0,1244,0,0,2,17
4,720,21.600000,0.000000,1,1,270098761,1246,0,1246,0,0,2,17
4,720,21.600000,0.000000,1,1,270098772,1248,0,1248,0,0,2,17
4,720,21.600000,0.000000,1,1,270098783,1249,0,1249,0,0,2,17
4,720,21.600000,0.000000,1,1,270098794,1251,0,1251,0,0,2,17
4,720,21.600000,0.000000,1,1,270098806,1253,1,1253,1,0,2,17
4,720,21.600000,0.000000,1,1,270098817,1258,2,1258,2,0,2,17
4,720,21.600000,0.000000,1,1,270098828,1265,4,1265,4,0,2,17
4,720,21.600000,0.000000,1,1,270098839,1272,5,1272,5,0,2,17
4,720,21.600000,0.000000,1,1,270098850,1279,6,1279,6,0,2,17
4,720,21.600000,0.000000,1,1,270098862,1287,7,1287,7,0,2,17
4,720,21.600000,0.000000,1,1,270098883,1291,8,1291,8,0,2,17
4,720,21.600000,0.000000,1,1,270098893,1294,8,1294,8,0,2,17
4,720,21.600000,0.000000,1,1,270098903,1297,8,1297,8,0,2,17
4,720,21.600000,0.000000,1,1,270098913,1297,8,1297,8,0,2,17
4,720,21.600000,0.000000,1,1,270098923,1298,8,1298,8,0,2,17
4,720,21.600000,0.000000,1,1,270098933,1299,8,1299,8,0,2,17
4,720,21.600000,0.000000,1,1,270098942,1301,8,1301,8,0,2,17
4,720,21.600000,0.000000,1,1,270098952,1303,8,1303,8,0,2,17
4,720,21.600000,0.000000,1,1,270098962,1306,8,1306,8,0,2,17
4,720,21.600000,0.000000,1,1,270098972,1309,8,1309,8,0,2,17
4,720,21.600000,0.000000,1,1,270098983,1312,8,1312,8,0,2,17
4,720,21.600000,0.000000,1,1,270098993,1315,8,1315,8,0,2,17
4,720,21.600000,0.000000,1,1,270099003,1318,8,1318,8,0,2,17
4,720,21.600000,0.000000,1,1,270099013,1319,8,1319,8,0,2,17
4,720,21.600000,0.000000,1,1,270099024,1321,8,1321,8,0,2,17
4,720,21.600000,0.000000,1,1,270099033,1323,8,1323,8,0,2,17
4,720,21.600000,0.000000,1,1,270099043,1323,8,1323,8,0,2,17
4,720,21.600000,0.000000,1,1,270099053,1323,8,1323,8,0,2,17
4,720,21.600000,0.000000,1,1,270099063,1323,8,1323,8,0,2,17
4,720,21.600000,0.000000,1,1,270099073,1323,7,1323,7,0,2,17
4,720,21.600000,0.000000,1,1,270099083,1323,7,1323,7,0,2,17
4,720,21.600000,0.000000,1,1,270099093,1323,7,1323,7,0,2,17
