4,720,21.600000,10000.000000,0,1,270102246,600,22,600,22,0,2,20
4,720,21.600000,10000.000000,0,1,270102247,600,22,600,22,0,2,20
4,720,21.600000,10000.000000,0,1,270102257,600,22,600,22,0,2,20
4,720,21.600000,10000.000000,0,1,270102267,600,22,600,22,0,2,20
4,720,21.600000,10000.000000,0,1,270102277,600,22,600,22,0,2,20
4,720,21.600000,10000.000000,0,1,270102287,600,22,600,22,0,2,20
4,720,21.600000,10000.000000,0,1,270102297,600,22,600,22,0,2,20
4,720,21.600000,10000.000000,0,1,270102307,600,22,600,22,0,2,20
4,720,21.600000,10000.000000,0,1,270102317,602,22,602,22,0,2,20
4,720,21.600000,10000.000000,0,1,270102328,610,20,610,20,0,2,20
4,720,21.600000,10000.000000,0,1,270102338,630,18,630,18,0,2,20
4,720,21.600000,10000.000000,0,1,270102348,666,14,666,14,0,2,20
4,720,21.600000,10000.000000,0,1,270102359,712,9,712,9,0,2,20
4,720,21.600000,10000.000000,0,1,270102370,777,4,777,4,0,2,20
4,720,21.600000,10000.000000,0,1,270102381,853,3,853,3,0,2,20
4,720,21.600000,10000.000000,0,1,270102392,922,2,922,2,0,2,20
4,720,21.600000,10000.000000,0,1,270102403,976,2,976,2,0,2,20
4,720,21.600000,10000.000000,0,1,270102414,1031,2,1031,2,0,2,20
4,720,21.600000,10000.000000,0,1,270102434,1068,2,1068,2,0,2,20
4,720,21.600000,10000.000000,0,1,270102445,1125,3,1125,3,0,2,20
4,720,21.600000,10000.000000,0,1,270102456,1144,5,1144,5,0,2,20
4,720,21.600000,10000.000000,0,1,270102467,1163,7,1163,7,0,2,20
4,720,21.600000,10000.000000,0,1,270102478,1180,8,1180,8,0,2,20
4,720,21.600000,10000.000000,0,1,270102489,1198,10,1198,10,0,2,20
4,720,21.600000,10000.000000,0,1,270102500,1215,10,1215,10,0,2,20
4,720,21.600000,10000.000000,0,1,270102510,1229,10,1229,10,0,2,20
4,720,21.600000,10000.000000,0,1,270102520,1241,10,1241,10,0,2,20
4,720,21.600000,10000.000000,0,1,270102531,1250,10,1250,10,0,2,20
4,720,21.600000,10000.000000,0,1,270102542,1257,10,1257,10,0,2,20
4,720,21.600000,10000.000000,0,1,270102553,1262,10,1262,10,0,2,20
4,720,21.600000,10000.000000,0,1,270102564,1267,10,1267,10,0,2,20
4,720,21.600000,10000.000000,0,1,270102574,1271,10,1271,10,0,2,20
4,720,21.600000,10000.000000,0,1,270102585,1274,10,1274,10,0,2,20
4,720,21.600000,10000.000000,0,1,270102597,1278,10,1278,10,0,2,20
4,720,21.600000,10000.000000,0,1,270102607,1282,10,1282,10,0,2,20
4,720,21.600000,10000.000000,0,1,270102618,1286,9,1286,9,0,2,20
4,720,21.600000,10000.000000,0,1,270102629,1291,8,1291,8,0,2,20
4,720,21.600000,10000.000000,0,1,270102640,1297,8,1297,8,0,2,20
4,720,21.600000,10000.000000,0,1,270102650,1304,7,1304,7,0,2,20
4,720,21.600000,10000.000000,0,1,270102660,1309,7,1309,7,0,2,20
4,720,21.600000,10000.000000,0,1,270102670,1313,6,1313,6,0,2,20
4,720,21.600000,10000.000000,0,1,270102680,1314,6,1314,6,0,2,20
4,720,21.600000,10000.000000,0,1,270102691,1315,6,1315,6,0,2,20
4,720,21.600000,10000.000000,0,1,270102710,1315,6,1315,6,0,2,20
4,720,21.600000,10000.000000,0,1,270102720,1315,6,1315,6,0,2,20
4,720,21.600000,10000.000000,0,1,270102731,1316,6,1316,6,0,2,20
4,720,21.600000,10000.000000,0,1,270102741,1316,6,1316,6,0,2,20
4,720,21.600000,10000.000000,0,1,270102751,1317,6,1317,6,0,2,20
4,720,21.600000,10000.000000,0,1,270102762,1317,6,1317,6,0,2,20
4,720,21.600000,10000.000000,0,1,270102773,1317,6,1317,6,0,2,20
4,720,21.600000,10000.000000,0,1,270102784,1317,6,1317,6,0,2,20
4,720,21.600000,10000.000000,0,1,270102794,1317,6,1317,6,0,2,20
4,720,21.600000,10000.000000,0,1,270102804,1317,6,1317,6,0,2,20
4,720,21.600000,10000.000000,0,1,270102815,1317,6,1317,6,0,2,20
4,720,21.600000,10000.000000,0,1,270102825,1317,6,1317,6,0,2,20
4,720,21.600000,10000.000000,0,1,270102835,1317,6,1317,6,0,2,20
4,720,21.600000,10000.000000,0,1,270102845,1317,6,1317,6,0,2,20
4,720,21.600000,10000.000000,0,1,270102855,1317,6,1317,6,0,2,20
4,720,21.600000,10000.000000,0,1,270102865,1317,6,1317,6,0,2,20
