4,360,50.400000,42.984000,0,0,270198183,780,0,780,0,0,2,98
4,360,50.400000,42.984000,0,0,270198184,780,0,780,0,0,2,98
4,360,50.400000,42.984000,0,0,270198195,780,0,780,0,0,2,98
4,360,50.400000,42.984000,0,0,270198206,780,0,780,0,0,2,98
4,360,50.400000,42.984000,0,0,270198217,780,0,780,0,0,2,98
4,360,50.400000,42.984000,0,0,270198228,780,0,780,0,0,2,98
4,360,50.400000,42.984000,0,0,270198239,782,0,782,0,0,2,98
4,360,50.400000,42.984000,0,0,270198253,795,0,795,0,0,2,98
4,360,50.400000,42.984000,0,0,270198263,827,0,827,0,0,2,98
4,360,50.400000,42.984000,0,0,270198274,868,0,868,0,0,2,98
4,360,50.400000,42.984000,0,0,270198286,916,2,916,2,0,2,98
4,360,50.400000,42.984000,0,0,270198296,972,4,972,4,0,2,98
4,360,50.400000,42.984000,0,0,270198307,1021,5,1021,5,0,2,98
4,360,50.400000,42.984000,0,0,270198317,1070,9,1070,9,0,2,98
4,360,50.400000,42.984000,0,0,270198328,1102,12,1102,12,0,2,98
4,360,50.400000,42.984000,0,0,270198339,1126,14,1126,14,0,2,98
4,360,50.400000,42.984000,0,0,270198349,1140,16,1140,16,0,2,98
4,360,50.400000,42.984000,0,0,270198360,1145,17,1145,17,0,2,98
4,360,50.400000,42.984000,0,0,270198370,1147,17,1147,17,0,2,98
4,360,50.400000,42.984000,0,0,270198382,1148,17,1148,17,0,2,98
4,360,50.400000,42.984000,0,0,270198392,1148,17,1148,17,0,2,98
4,360,50.400000,42.984000,0,0,270198402,1148,17,1148,17,0,2,98
4,360,50.400000,42.984000,0,0,270198412,1148,17,1148,17,0,2,98
4,360,50.400000,42.984000,0,0,270198424,1148,17,1148,17,0,2,98
4,360,50.400000,42.984000,0,0,270198435,1148,17,1148,17,0,2,98
4,360,50.400000,42.984000,0,0,270198445,1148,17,1148,17,0,2,98
4,360,50.400000,42.984000,0,0,270198455,1148,17,1148,17,0,2,98
4,360,50.400000,42.984000,0,0,270198466,1148,17,1148,17,0,2,98
4,360,50.400000,42.984000,0,0,270198476,1148,17,1148,17,0,2,98
4,360,50.400000,42.984000,0,0,270198486,1148,17,1148,17,0,2,98
4,360,50.400000,42.984000,0,0,270198496,1148,17,1148,17,0,2,98
4,360,50.400000,42.984000,0,0,270198506,1148,17,1148,17,0,2,98
4,360,50.400000,42.984000,0,0,270198517,1148,17,1148,17,0,2,98
4,360,50.400000,42.984000,0,0,270198527,1148,17,1148,17,0,2,98
4,360,50.400000,42.984000,0,0,270198537,1148,17,1148,17,0,2,98
4,360,50.400000,42.984000,0,0,270198547,1148,17,1148,17,0,2,98
4,360,50.400000,42.984000,0,0,270198559,1148,17,1148,17,0,2,98
4,360,50.400000,42.984000,0,0,270198569,1148,17,1148,17,0,2,98
