4,720,50.400000,42.984000,0,0,270122821,600,0,600,0,0,2,36
4,720,50.400000,42.984000,0,0,270122822,600,0,600,0,0,2,36
4,720,50.400000,42.984000,0,0,270122832,601,0,601,0,0,2,36
4,720,50.400000,42.984000,0,0,270122842,601,0,601,0,0,2,36
4,720,50.400000,42.984000,0,0,270122853,601,0,601,0,0,2,36
4,720,50.400000,42.984000,0,0,270122873,601,0,601,0,0,2,36
4,720,50.400000,42.984000,0,0,270122883,604,0,604,-1,0,2,36
4,720,50.400000,42.984000,0,0,270122893,613,0,613,-2,0,2,36
4,720,50.400000,42.984000,0,0,270122905,634,0,634,-3,0,2,36
4,720,50.400000,42.984000,0,0,270122917,673,0,673,-5,0,2,36
4,720,50.400000,42.984000,0,0,270122928,749,0,749,-6,0,2,36
4,720,50.400000,42.984000,0,0,270122938,836,0,836,-7,0,2,36
4,720,50.400000,42.984000,0,0,270122949,928,0,928,-7,0,2,36
4,720,50.400000,42.984000,0,0,270122960,1023,0,1023,-7,0,2,36
4,720,50.400000,42.984000,0,0,270122971,1109,3,1109,-4,0,2,36
4,720,50.400000,42.984000,0,0,270122982,1181,10,1181,3,0,2,36
4,720,50.400000,42.984000,0,0,270122995,1237,15,1237,8,0,2,36
4,720,50.400000,42.984000,0,0,270123005,1271,18,1271,11,0,2,36
4,720,50.400000,42.984000,0,0,270123017,1288,19,1288,12,0,2,36
4,720,50.400000,42.984000,0,0,270123028,1296,19,1296,12,0,2,36
4,720,50.400000,42.984000,0,0,270123039,1298,19,1298,12,0,2,36
4,720,50.400000,42.984000,0,0,270123050,1298,19,1298,12,0,2,36
4,720,50.400000,42.984000,0,0,270123060,1298,19,1298,12,0,2,36
4,720,50.400000,42.984000,0,0,270123070,1298,19,1298,12,0,2,36
4,720,50.400000,42.984000,0,0,270123080,1298,19,1298,12,0,2,36
4,720,50.400000,42.984000,0,0,270123091,1298,19,1298,12,0,2,36
4,720,50.400000,42.984000,0,0,270123100,1298,19,1298,12,0,2,36
4,720,50.400000,42.984000,0,0,270123111,1299,19,1299,12,0,2,36
4,720,50.400000,42.984000,0,0,270123121,1302,19,1302,12,0,2,36
4,720,50.400000,42.984000,0,0,270123131,1305,18,1305,11,0,2,36
4,720,50.400000,42.984000,0,0,270123142,1307,17,1307,10,0,2,36
4,720,50.400000,42.984000,0,0,270123152,1309,16,1309,9,0,2,36
4,720,50.400000,42.984000,0,0,270123161,1310,16,1310,9,0,2,36
4,720,50.400000,42.984000,0,0,270123172,1310,16,1310,9,0,2,36
4,720,50.400000,42.984000,0,0,270123181,1310,16,1310,9,0,2,36
4,720,50.400000,42.984000,0,0,270123191,1310,16,1310,9,0,2,36
4,720,50.400000,42.984000,0,0,270123201,1310,16,1310,9,0,2,36
4,720,50.400000,42.984000,0,0,270123211,1310,16,1310,9,0,2,36
4,720,50.400000,42.984000,0,0,270123221,1310,16,1310,9,0,2,36
4,720,50.400000,42.984000,0,0,270123231,1311,15,1311,8,0,2,36
4,720,50.400000,42.984000,0,0,270123241,1312,14,1312,7,0,2,36
4,720,50.400000,42.984000,0,0,270123252,1313,12,1313,5,0,2,36
4,720,50.400000,42.984000,0,0,270123262,1316,8,1316,1,0,2,36
4,720,50.400000,42.984000,0,0,270123272,1319,4,1319,-3,0,2,36
4,720,50.400000,42.984000,0,0,270123282,1319,4,1319,-3,0,2,36
4,720,50.400000,42.984000,0,0,270123293,1319,4,1319,-3,0,2,36
4,720,50.400000,42.984000,0,0,270123303,1319,4,1319,-3,0,2,36
