4,720,82.800000,12.276000,1,1,270078352,600,22,600,22,0,2,1
4,720,82.800000,12.276000,1,1,270078354,600,22,600,22,0,2,1
4,720,82.800000,12.276000,1,1,270078364,600,22,600,22,0,2,1
4,720,82.800000,12.276000,1,1,270078374,600,22,600,22,0,2,1
4,720,82.800000,12.276000,1,1,270078385,600,22,600,22,0,2,1
4,720,82.800000,12.276000,1,1,270078395,600,22,600,22,0,2,1
4,720,82.800000,12.276000,1,1,270078405,600,22,600,22,0,2,1
4,720,82.800000,12.276000,1,1,270078416,602,21,602,21,0,2,1
4,720,82.800000,12.276000,1,1,270078429,609,20,609,20,0,2,1
4,720,82.800000,12.276000,1,1,270078449,625,17,625,17,0,2,1
4,720,82.800000,12.276000,1,1,270078459,688,14,688,14,0,2,1
4,720,82.800000,12.276000,1,1,270078470,738,13,738,13,0,2,1
4,720,82.800000,12.276000,1,1,270078482,794,13,794,13,0,2,1
4,720,82.800000,12.276000,1,1,270078492,862,13,862,13,0,2,1
4,720,82.800000,12.276000,1,1,270078502,915,14,915,14,0,2,1
4,720,82.800000,12.276000,1,1,270078513,967,16,967,16,0,2,1
4,720,82.800000,12.276000,1,1,270078524,1011,19,1011,19,0,2,1
4,720,82.800000,12.276000,1,1,270078535,1040,19,1040,19,0,2,1
4,720,82.800000,12.276000,1,1,270078546,1065,19,1065,19,0,2,1
4,720,82.800000,12.276000,1,1,270078557,1084,19,1084,19,0,2,1
4,720,82.800000,12.276000,1,1,270078568,1101,19,1101,19,0,2,1
4,720,82.800000,12.276000,1,1,270078579,1114,19,1114,19,0,2,1
4,720,82.800000,12.276000,1,1,270078590,1126,19,1126,19,0,2,1
4,720,82.800000,12.276000,1,1,270078601,1136,19,1136,19,0,2,1
4,720,82.800000,12.276000,1,1,270078612,1144,19,1144,19,0,2,1
4,720,82.800000,12.276000,1,1,270078632,1155,19,1155,19,0,2,1
4,720,82.800000,12.276000,1,1,270078643,1183,21,1183,21,0,2,1
4,720,82.800000,12.276000,1,1,270078654,1200,22,1200,22,0,2,1
4,720,82.800000,12.276000,1,1,270078664,1226,23,1226,23,0,2,1
4,720,82.800000,12.276000,1,1,270078675,1246,24,1246,24,0,2,1
4,720,82.800000,12.276000,1,1,270078685,1268,26,1268,26,0,2,1
4,720,82.800000,12.276000,1,1,270078695,1280,27,1280,27,0,2,1
4,720,82.800000,12.276000,1,1,270078705,1287,27,1287,27,0,2,1
4,720,82.800000,12.276000,1,1,270078715,1288,27,1288,27,0,2,1
4,720,82.800000,12.276000,1,1,270078725,1288,27,1288,27,0,2,1
4,720,82.800000,12.276000,1,1,270078736,1288,27,1288,27,0,2,1
4,720,82.800000,12.276000,1,1,270078745,1288,27,1288,27,0,2,1
4,720,82.800000,12.276000,1,1,270078755,1288,27,1288,27,0,2,1
4,720,82.800000,12.276000,1,1,270078764,1288,27,1288,27,0,2,1
4,720,82.800000,12.276000,1,1,270078774,1288,27,1288,27,0,2,1
4,720,82.800000,12.276000,1,1,270078784,1289,26,1289,26,0,2,1
4,720,82.800000,12.276000,1,1,270078794,1291,25,1291,25,0,2,1
4,720,82.800000,12.276000,1,1,270078805,1292,24,1292,24,0,2,1
4,720,82.800000,12.276000,1,1,270078815,1295,24,1295,24,0,2,1
4,720,82.800000,12.276000,1,1,270078825,1296,24,1296,24,0,2,1
4,720,82.800000,12.276000,1,1,270078835,1296,24,1296,24,0,2,1
4,720,82.800000,12.276000,1,1,270078857,1297,23,1297,23,0,2,1
4,720,82.800000,12.276000,1,1,270078868,1299,21,1299,21,0,2,1
4,720,82.800000,12.276000,1,1,270078888,1301,19,1301,19,0,2,1
4,720,82.800000,12.276000,1,1,270078899,1303,15,1303,15,0,2,1
4,720,82.800000,12.276000,1,1,270078909,1305,14,1305,14,0,2,1
4,720,82.800000,12.276000,1,1,270078919,1305,13,1305,13,0,2,1
4,720,82.800000,12.276000,1,1,270078929,1305,12,1305,12,0,2,1
4,720,82.800000,12.276000,1,1,270078939,1305,11,1305,11,0,2,1
4,720,82.800000,12.276000,1,1,270078949,1305,10,1305,10,0,2,1
