4,720,50.400000,42.984000,1,1,270166355,600,22,600,22,1,2,71
4,720,50.400000,42.984000,1,1,270166356,600,22,600,22,1,2,71
4,720,50.400000,42.984000,1,1,270166368,600,22,600,22,1,2,71
4,720,50.400000,42.984000,1,1,270166381,600,22,600,22,1,2,71
4,720,50.400000,42.984000,1,1,270166392,600,22,600,22,1,2,71
4,720,50.400000,42.984000,1,1,270166403,600,22,600,22,1,2,71
4,720,50.400000,42.984000,1,1,270166415,600,22,600,22,1,2,71
4,720,50.400000,42.984000,1,1,270166429,607,22,607,22,1,2,71
4,720,50.400000,42.984000,1,1,270166442,635,20,635,20,1,2,71
4,720,50.400000,42.984000,1,1,270166464,688,20,688,20,1,2,71
4,720,50.400000,42.984000,1,1,270166475,837,20,837,20,1,2,71
4,720,50.400000,42.984000,1,1,270166486,911,18,911,18,1,2,71
4,720,50.400000,42.984000,1,1,270166497,978,17,978,17,1,2,71
4,720,50.400000,42.984000,1,1,270166508,1024,17,1024,17,1,2,71
4,720,50.400000,42.984000,1,1,270166520,1064,17,1064,17,1,2,71
4,720,50.400000,42.984000,1,1,270166532,1100,17,1100,17,1,2,71
4,720,50.400000,42.984000,1,1,270166541,1117,17,1117,17,1,2,71
4,720,50.400000,42.984000,1,1,270166553,1126,15,1126,15,1,2,71
4,720,50.400000,42.984000,1,1,270166566,1134,13,1134,13,1,2,71
4,720,50.400000,42.984000,1,1,270166577,1141,11,1141,11,1,2,71
4,720,50.400000,42.984000,1,1,270166589,1149,9,1149,9,1,2,71
4,720,50.400000,42.984000,1,1,270166600,1157,7,1157,7,1,2,71
4,720,50.400000,42.984000,1,1,270166612,1165,5,1165,5,1,2,71
4,720,50.400000,42.984000,1,1,270166625,1177,3,1177,3,1,2,71
4,720,50.400000,42.984000,1,1,270166637,1190,1,1190,1,1,2,71
4,720,50.400000,42.984000,1,1,270166649,1208,0,1208,-1,1,2,71
4,720,50.400000,42.984000,1,1,270166662,1224,0,1224,-2,1,2,71
4,720,50.400000,42.984000,1,1,270166673,1241,0,1241,-3,1,2,71
4,720,50.400000,42.984000,1,1,270166685,1254,0,1254,-3,1,2,71
4,720,50.400000,42.984000,1,1,270166697,1263,0,1263,-3,1,2,71
4,720,50.400000,42.984000,1,1,270166712,1273,0,1273,-3,1,2,71
4,720,50.400000,42.984000,1,1,270166724,1280,0,1280,-4,1,2,71
4,720,50.400000,42.984000,1,1,270166736,1283,0,1283,-4,1,2,71
4,720,50.400000,42.984000,1,1,270166746,1283,0,1283,-5,1,2,71
4,720,50.400000,42.984000,1,1,270166757,1283,0,1283,-6,1,2,71
4,720,50.400000,42.984000,1,1,270166768,1283,0,1283,-6,1,2,71
4,720,50.400000,42.984000,1,1,270166780,1284,0,1284,-6,1,2,71
4,720,50.400000,42.984000,1,1,270166792,1287,0,1287,-6,1,2,71
4,720,50.400000,42.984000,1,1,270166803,1291,0,1291,-6,1,2,71
4,720,50.400000,42.984000,1,1,270166814,1295,0,1295,-6,1,2,71
4,720,50.400000,42.984000,1,1,270166825,1300,0,1300,-6,1,2,71
4,720,50.400000,42.984000,1,1,270166836,1303,0,1303,-6,1,2,71
4,720,50.400000,42.984000,1,1,270166848,1305,0,1305,-6,1,2,71
4,720,50.400000,42.984000,1,1,270166860,1305,0,1305,-6,1,2,71
4,720,50.400000,42.984000,1,1,270166881,1305,0,1305,-6,1,2,71
4,720,50.400000,42.984000,1,1,270166892,1305,0,1305,-6,1,2,71
4,720,50.400000,42.984000,1,1,270166903,1305,0,1305,-6,1,2,71
4,720,50.400000,42.984000,1,1,270166913,1305,0,1305,-6,1,2,71
4,720,50.400000,42.984000,1,1,270166924,1305,0,1305,-6,1,2,71
4,720,50.400000,42.984000,1,1,270166934,1305,0,1305,-6,1,2,71
4,720,50.400000,42.984000,1,1,270166945,1305,0,1305,-6,1,2,71
4,720,50.400000,42.984000,1,1,270166955,1305,0,1305,-6,1,2,71
4,720,50.400000,42.984000,1,1,270166966,1305,0,1305,-6,1,2,71
4,720,50.400000,42.984000,1,1,270166976,1305,0,1305,-6,1,2,71
4,720,50.400000,42.984000,1,1,270166986,1305,0,1305,-6,1,2,71
4,720,50.400000,42.984000,1,1,270166997,1305,0,1305,-6,1,2,71
4,720,50.400000,42.984000,1,1,270167007,1305,0,1305,-6,1,2,71
4,720,50.400000,42.984000,1,1,270167017,1305,0,1305,-6,0,2,71
