4,720,50.400000,0.000000,0,1,270152074,600,22,600,22,0,2,60
4,720,50.400000,0.000000,0,1,270152074,600,22,600,22,0,2,60
4,720,50.400000,0.000000,0,1,270152085,600,22,600,22,0,2,60
4,720,50.400000,0.000000,0,1,270152095,600,22,600,22,0,2,60
4,720,50.400000,0.000000,0,1,270152105,600,22,600,22,0,2,60
4,720,50.400000,0.000000,0,1,270152115,600,22,600,22,0,2,60
4,720,50.400000,0.000000,0,1,270152125,600,22,600,22,0,2,60
4,720,50.400000,0.000000,0,1,270152135,600,22,600,22,0,2,60
4,720,50.400000,0.000000,0,1,270152146,602,22,602,22,0,2,60
4,720,50.400000,0.000000,0,1,270152157,611,21,611,21,0,2,60
4,720,50.400000,0.000000,0,1,270152169,634,19,634,19,0,2,60
4,720,50.400000,0.000000,0,1,270152180,676,18,676,18,0,2,60
4,720,50.400000,0.000000,0,1,270152191,728,17,728,17,0,2,60
4,720,50.400000,0.000000,0,1,270152201,799,15,799,15,0,2,60
4,720,50.400000,0.000000,0,1,270152212,875,13,875,13,0,2,60
4,720,50.400000,0.000000,0,1,270152222,945,13,945,13,0,2,60
4,720,50.400000,0.000000,0,1,270152232,1002,13,1002,13,0,2,60
4,720,50.400000,0.000000,0,1,270152243,1058,15,1058,15,0,2,60
4,720,50.400000,0.000000,0,1,270152254,1102,17,1102,17,0,2,60
4,720,50.400000,0.000000,0,1,270152266,1141,19,1141,19,0,2,60
4,720,50.400000,0.000000,0,1,270152277,1168,19,1168,19,0,2,60
4,720,50.400000,0.000000,0,1,270152288,1183,20,1183,20,0,2,60
4,720,50.400000,0.000000,0,1,270152299,1194,20,1194,20,0,2,60
4,720,50.400000,0.000000,0,1,270152310,1201,20,1201,20,0,2,60
4,720,50.400000,0.000000,0,1,270152320,1205,20,1205,20,0,2,60
4,720,50.400000,0.000000,0,1,270152330,1205,20,1205,20,0,2,60
4,720,50.400000,0.000000,0,1,270152340,1206,20,1206,20,0,2,60
4,720,50.400000,0.000000,0,1,270152351,1208,20,1208,20,0,2,60
4,720,50.400000,0.000000,0,1,270152362,1212,18,1212,18,0,2,60
4,720,50.400000,0.000000,0,1,270152372,1218,17,1218,17,0,2,60
4,720,50.400000,0.000000,0,1,270152384,1225,16,1225,16,0,2,60
4,720,50.400000,0.000000,0,1,270152404,1237,14,1237,14,0,2,60
4,720,50.400000,0.000000,0,1,270152414,1262,13,1262,13,0,2,60
4,720,50.400000,0.000000,0,1,270152436,1273,13,1273,13,0,2,60
4,720,50.400000,0.000000,0,1,270152447,1281,13,1281,13,0,2,60
4,720,50.400000,0.000000,0,1,270152458,1289,13,1289,13,0,2,60
4,720,50.400000,0.000000,0,1,270152468,1289,13,1289,13,0,2,60
4,720,50.400000,0.000000,0,1,270152478,1289,13,1289,13,0,2,60
4,720,50.400000,0.000000,0,1,270152488,1289,13,1289,13,0,2,60
4,720,50.400000,0.000000,0,1,270152498,1289,13,1289,13,0,2,60
4,720,50.400000,0.000000,0,1,270152510,1290,13,1290,13,0,2,60
4,720,50.400000,0.000000,0,1,270152530,1293,13,1293,13,0,2,60
4,720,50.400000,0.000000,0,1,270152541,1299,13,1299,13,0,2,60
4,720,50.400000,0.000000,0,1,270152552,1301,13,1301,13,0,2,60
4,720,50.400000,0.000000,0,1,270152563,1301,13,1301,13,0,2,60
4,720,50.400000,0.000000,0,1,270152572,1301,13,1301,13,0,2,60
4,720,50.400000,0.000000,0,1,270152591,1301,13,1301,13,0,2,60
4,720,50.400000,0.000000,0,1,270152604,1302,13,1302,13,0,2,60
4,720,50.400000,0.000000,0,1,270152623,1303,13,1303,13,0,2,60
4,720,50.400000,0.000000,0,1,270152633,1306,13,1306,13,0,2,60
4,720,50.400000,0.000000,0,1,270152644,1307,12,1307,12,0,2,60
4,720,50.400000,0.000000,0,1,270152654,1307,12,1307,12,0,2,60
4,720,50.400000,0.000000,0,1,270152663,1307,12,1307,12,0,2,60
