4,720,82.800000,22.608000,0,0,270148165,600,0,600,0,0,2,57
4,720,82.800000,22.608000,0,0,270148166,600,0,600,0,0,2,57
4,720,82.800000,22.608000,0,0,270148176,600,0,600,0,0,2,57
4,720,82.800000,22.608000,0,0,270148186,600,0,600,0,0,2,57
4,720,82.800000,22.608000,0,0,270148196,600,0,600,0,0,2,57
4,720,82.800000,22.608000,0,0,270148207,600,0,600,0,0,2,57
4,720,82.800000,22.608000,0,0,270148217,600,0,600,0,0,2,57
4,720,82.800000,22.608000,0,0,270148227,600,0,600,0,0,2,57
4,720,82.800000,22.608000,0,0,270148238,600,0,600,0,0,2,57
4,720,82.800000,22.608000,0,0,270148248,600,0,600,0,0,2,57
4,720,82.800000,22.608000,0,0,270148263,607,0,607,-1,0,2,57
4,720,82.800000,22.608000,0,0,270148284,636,0,636,-4,0,2,57
4,720,82.800000,22.608000,0,0,270148295,718,0,718,-8,0,2,57
4,720,82.800000,22.608000,0,0,270148305,776,0,776,-8,0,2,57
4,720,82.800000,22.608000,0,0,270148316,828,0,828,-8,0,2,57
4,720,82.800000,22.608000,0,0,270148326,878,0,878,-8,0,2,57
4,720,82.800000,22.608000,0,0,270148336,922,0,922,-8,0,2,57
4,720,82.800000,22.608000,0,0,270148348,963,0,963,-8,0,2,57
4,720,82.800000,22.608000,0,0,270148360,1000,1,1000,-7,0,2,57
4,720,82.800000,22.608000,0,0,270148382,1031,1,1031,-7,0,2,57
4,720,82.800000,22.608000,0,0,270148392,1086,2,1086,-6,0,2,57
4,720,82.800000,22.608000,0,0,270148413,1111,2,1111,-6,0,2,57
4,720,82.800000,22.608000,0,0,270148425,1155,1,1155,-7,0,2,57
4,720,82.800000,22.608000,0,0,270148435,1173,1,1173,-7,0,2,57
4,720,82.800000,22.608000,0,0,270148446,1189,1,1189,-7,0,2,57
4,720,82.800000,22.608000,0,0,270148457,1206,1,1206,-7,0,2,57
4,720,82.800000,22.608000,0,0,270148467,1221,2,1221,-6,0,2,57
4,720,82.800000,22.608000,0,0,270148485,1233,2,1233,-6,0,2,57
4,720,82.800000,22.608000,0,0,270148496,1248,2,1248,-6,0,2,57
4,720,82.800000,22.608000,0,0,270148507,1254,2,1254,-6,0,2,57
4,720,82.800000,22.608000,0,0,270148517,1259,2,1259,-6,0,2,57
4,720,82.800000,22.608000,0,0,270148528,1263,2,1263,-6,0,2,57
4,720,82.800000,22.608000,0,0,270148539,1266,2,1266,-6,0,2,57
4,720,82.800000,22.608000,0,0,270148550,1272,2,1272,-6,0,2,57
4,720,82.800000,22.608000,0,0,270148561,1279,1,1279,-7,0,2,57
4,720,82.800000,22.608000,0,0,270148572,1291,2,1291,-6,0,2,57
4,720,82.800000,22.608000,0,0,270148583,1309,5,1309,-3,0,2,57
4,720,82.800000,22.608000,0,0,270148594,1327,7,1327,-1,0,2,57
4,720,82.800000,22.608000,0,0,270148615,1347,10,1347,2,0,2,57
4,720,82.800000,22.608000,0,0,270148625,1361,12,1361,4,0,2,57
4,720,82.800000,22.608000,0,0,270148636,1361,12,1361,4,0,2,57
4,720,82.800000,22.608000,0,0,270148646,1361,12,1361,4,0,2,57
4,720,82.800000,22.608000,0,0,270148656,1361,12,1361,4,0,2,57
4,720,82.800000,22.608000,0,0,270148677,1361,12,1361,4,0,2,57
4,720,82.800000,22.608000,0,0,270148688,1361,12,1361,4,0,2,57
4,720,82.800000,22.608000,0,0,270148698,1361,12,1361,4,0,2,57
4,720,82.800000,22.608000,0,0,270148708,1361,12,1361,4,0,2,57
4,720,82.800000,22.608000,0,0,270148718,1361,12,1361,4,0,2,57
4,720,82.800000,22.608000,0,0,270148737,1361,12,1361,4,0,2,57
4,720,82.800000,22.608000,0,0,270148748,1361,12,1361,4,0,2,57
4,720,82.800000,22.608000,0,0,270148758,1361,12,1361,4,0,2,57
4,720,82.800000,22.608000,0,0,270148768,1361,12,1361,4,0,2,57
4,720,82.800000,22.608000,0,0,270148777,1361,12,1361,4,0,2,57
4,720,82.800000,22.608000,0,0,270148787,1361,12,1361,4,0,2,57
4,720,82.800000,22.608000,0,0,270148797,1361,13,1361,5,0,2,57
4,720,82.800000,22.608000,0,0,270148807,1360,14,1360,6,0,2,57
4,720,82.800000,22.608000,0,0,270148818,1357,14,1357,6,0,2,57
4,720,82.800000,22.608000,0,0,270148828,1352,14,1352,6,0,2,57
4,720,82.800000,22.608000,0,0,270148847,1347,14,1347,6,0,2,57
4,720,82.800000,22.608000,0,0,270148858,1336,14,1336,6,0,2,57
4,720,82.800000,22.608000,0,0,270148868,1332,13,1332,5,0,2,57
4,720,82.800000,22.608000,0,0,270148878,1330,13,1330,5,0,2,57
4,720,82.800000,22.608000,0,0,270148889,1329,12,1329,4,0,2,57
4,720,82.800000,22.608000,0,0,270148898,1328,12,1328,4,0,2,57
4,720,82.800000,22.608000,0,0,270148909,1327,12,1327,4,0,2,57
4,720,82.800000,22.608000,0,0,270148919,1327,12,1327,4,0,2,57
4,720,82.800000,22.608000,0,0,270148930,1326,12,1326,4,0,2,57
4,720,82.800000,22.608000,0,0,270148940,1324,11,1324,3,0,2,57
4,720,82.800000,22.608000,0,0,270148949,1322,11,1322,3,0,2,57
