4,720,82.800000,0.000000,0,0,270172709,600,0,600,0,0,2,76
4,720,82.800000,0.000000,0,0,270172710,600,0,600,0,0,2,76
4,720,82.800000,0.000000,0,0,270172720,600,0,600,0,0,2,76
4,720,82.800000,0.000000,0,0,270172731,600,0,600,0,0,2,76
4,720,82.800000,0.000000,0,0,270172742,600,0,600,0,0,2,76
4,720,82.800000,0.000000,0,0,270172753,600,0,600,0,0,2,76
4,720,82.800000,0.000000,0,0,270172766,600,0,600,0,0,2,76
4,720,82.800000,0.000000,0,0,270172779,600,0,600,0,0,2,76
4,720,82.800000,0.000000,0,0,270172790,608,0,608,-1,0,2,76
4,720,82.800000,0.000000,0,0,270172804,626,0,626,-4,0,2,76
4,720,82.800000,0.000000,0,0,270172815,680,0,680,-11,0,2,76
4,720,82.800000,0.000000,0,0,270172826,750,0,750,-18,0,2,76
4,720,82.800000,0.000000,0,0,270172836,830,0,830,-22,0,2,76
4,720,82.800000,0.000000,0,0,270172846,904,0,904,-22,0,2,76
4,720,82.800000,0.000000,0,0,270172857,982,5,982,-17,0,2,76
4,720,82.800000,0.000000,0,0,270172867,1049,12,1049,-10,0,2,76
4,720,82.800000,0.000000,0,0,270172878,1100,18,1100,-4,0,2,76
4,720,82.800000,0.000000,0,0,270172888,1135,20,1135,-2,0,2,76
4,720,82.800000,0.000000,0,0,270172900,1157,21,1157,-1,0,2,76
4,720,82.800000,0.000000,0,0,270172911,1173,21,1173,-1,0,2,76
4,720,82.800000,0.000000,0,0,270172921,1179,21,1179,-1,0,2,76
4,720,82.800000,0.000000,0,0,270172932,1181,20,1181,-2,0,2,76
4,720,82.800000,0.000000,0,0,270172942,1181,20,1181,-2,0,2,76
4,720,82.800000,0.000000,0,0,270172952,1181,20,1181,-2,0,2,76
4,720,82.800000,0.000000,0,0,270172962,1181,20,1181,-2,0,2,76
4,720,82.800000,0.000000,0,0,270172973,1181,20,1181,-2,0,2,76
4,720,82.800000,0.000000,0,0,270172982,1181,20,1181,-2,0,2,76
4,720,82.800000,0.000000,0,0,270172993,1181,20,1181,-2,0,2,76
4,720,82.800000,0.000000,0,0,270173003,1181,20,1181,-2,0,2,76
4,720,82.800000,0.000000,0,0,270173013,1182,20,1182,-2,0,2,76
4,720,82.800000,0.000000,0,0,270173023,1183,20,1183,-2,0,2,76
4,720,82.800000,0.000000,0,0,270173043,1185,19,1185,-3,0,2,76
4,720,82.800000,0.000000,0,0,270173054,1189,17,1189,-5,0,2,76
4,720,82.800000,0.000000,0,0,270173065,1192,17,1192,-5,0,2,76
4,720,82.800000,0.000000,0,0,270173075,1193,17,1193,-5,0,2,76
4,720,82.800000,0.000000,0,0,270173085,1193,17,1193,-5,0,2,76
4,720,82.800000,0.000000,0,0,270173095,1193,17,1193,-5,0,2,76
4,720,82.800000,0.000000,0,0,270173106,1193,17,1193,-5,0,2,76
4,720,82.800000,0.000000,0,0,270173116,1194,17,1194,-5,0,2,76
4,720,82.800000,0.000000,0,0,270173128,1200,14,1200,-8,0,2,76
4,720,82.800000,0.000000,0,0,270173140,1211,8,1211,-14,0,2,76
4,720,82.800000,0.000000,0,0,270173150,1226,3,1226,-19,0,2,76
4,720,82.800000,0.000000,0,0,270173162,1240,0,1240,-23,0,2,76
4,720,82.800000,0.000000,0,0,270173172,1252,0,1252,-25,0,2,76
4,720,82.800000,0.000000,0,0,270173182,1264,0,1264,-25,0,2,76
4,720,82.800000,0.000000,0,0,270173203,1274,0,1274,-25,0,2,76
4,720,82.800000,0.000000,0,0,270173214,1289,0,1289,-25,0,2,76
4,720,82.800000,0.000000,0,0,270173225,1296,0,1296,-25,0,2,76
4,720,82.800000,0.000000,0,0,270173235,1301,0,1301,-25,0,2,76
4,720,82.800000,0.000000,0,0,270173246,1304,0,1304,-25,0,2,76
4,720,82.800000,0.000000,0,0,270173257,1305,0,1305,-26,0,2,76
4,720,82.800000,0.000000,0,0,270173267,1306,0,1306,-28,0,2,76
4,720,82.800000,0.000000,0,0,270173277,1308,0,1308,-30,0,2,76
4,720,82.800000,0.000000,0,0,270173296,1309,0,1309,-30,0,2,76
4,720,82.800000,0.000000,0,0,270173307,1309,0,1309,-30,0,2,76
4,720,82.800000,0.000000,0,0,270173317,1309,0,1309,-30,0,2,76
4,720,82.800000,0.000000,0,0,270173327,1309,0,1309,-30,0,2,76
4,720,82.800000,0.000000,0,0,270173337,1309,0,1309,-30,0,2,76
