4,720,82.800000,10000.000000,0,0,270209201,600,0,600,0,0,2,108
4,720,82.800000,10000.000000,0,0,270209202,600,0,600,0,0,2,108
4,720,82.800000,10000.000000,0,0,270209212,601,0,601,0,0,2,108
4,720,82.800000,10000.000000,0,0,270209224,603,0,603,0,0,2,108
4,720,82.800000,10000.000000,0,0,270209236,607,0,607,0,0,2,108
4,720,82.800000,10000.000000,0,0,270209247,615,0,615,-1,0,2,108
4,720,82.800000,10000.000000,0,0,270209258,634,0,634,-1,0,2,108
4,720,82.800000,10000.000000,0,0,270209276,666,2,666,1,0,2,108
4,720,82.800000,10000.000000,0,0,270209287,764,10,764,9,0,2,108
4,720,82.800000,10000.000000,0,0,270209298,845,14,845,13,0,2,108
4,720,82.800000,10000.000000,0,0,270209309,924,19,924,18,0,2,108
4,720,82.800000,10000.000000,0,0,270209320,1009,26,1009,25,0,2,108
4,720,82.800000,10000.000000,0,0,270209332,1081,32,1081,31,0,2,108
4,720,82.800000,10000.000000,0,0,270209342,1144,35,1144,34,0,2,108
4,720,82.800000,10000.000000,0,0,270209354,1190,37,1190,36,0,2,108
4,720,82.800000,10000.000000,0,0,270209367,1224,37,1224,36,0,2,108
4,720,82.800000,10000.000000,0,0,270209380,1247,37,1247,36,0,2,108
4,720,82.800000,10000.000000,0,0,270209392,1264,37,1264,36,0,2,108
4,720,82.800000,10000.000000,0,0,270209402,1274,37,1274,36,0,2,108
4,720,82.800000,10000.000000,0,0,270209412,1279,37,1279,36,0,2,108
4,720,82.800000,10000.000000,0,0,270209423,1282,37,1282,36,0,2,108
4,720,82.800000,10000.000000,0,0,270209434,1282,37,1282,36,0,2,108
4,720,82.800000,10000.000000,0,0,270209445,1283,37,1283,36,0,2,108
4,720,82.800000,10000.000000,0,0,270209456,1284,37,1284,36,0,2,108
4,720,82.800000,10000.000000,0,0,270209467,1286,37,1286,36,0,2,108
4,720,82.800000,10000.000000,0,0,270209478,1290,37,1290,36,0,2,108
4,720,82.800000,10000.000000,0,0,270209498,1296,36,1296,35,0,2,108
4,720,82.800000,10000.000000,0,0,270209508,1307,34,1307,33,0,2,108
4,720,82.800000,10000.000000,0,0,270209519,1309,33,1309,32,0,2,108
4,720,82.800000,10000.000000,0,0,270209530,1310,33,1310,32,0,2,108
4,720,82.800000,10000.000000,0,0,270209540,1310,33,1310,32,0,2,108
4,720,82.800000,10000.000000,0,0,270209552,1310,33,1310,32,0,2,108
4,720,82.800000,10000.000000,0,0,270209564,1310,33,1310,32,0,2,108
4,720,82.800000,10000.000000,0,0,270209575,1311,32,1311,31,0,2,108
4,720,82.800000,10000.000000,0,0,270209585,1312,29,1312,28,0,2,108
4,720,82.800000,10000.000000,0,0,270209595,1312,27,1312,26,0,2,108
4,720,82.800000,10000.000000,0,0,270209606,1313,24,1313,23,0,2,108
4,720,82.800000,10000.000000,0,0,270209618,1313,23,1313,22,0,2,108
4,720,82.800000,10000.000000,0,0,270209629,1313,22,1313,21,0,2,108
4,720,82.800000,10000.000000,0,0,270209649,1313,21,1313,20,0,2,108
4,720,82.800000,10000.000000,0,0,270209660,1313,21,1313,20,0,2,108
4,720,82.800000,10000.000000,0,0,270209670,1313,21,1313,20,0,2,108
4,720,82.800000,10000.000000,0,0,270209681,1313,21,1313,20,0,2,108
4,720,82.800000,10000.000000,0,0,270209692,1313,20,1313,19,0,2,108
4,720,82.800000,10000.000000,0,0,270209703,1312,19,1312,18,0,2,108
4,720,82.800000,10000.000000,0,0,270209714,1310,16,1310,15,0,2,108
4,720,82.800000,10000.000000,0,0,270209725,1309,15,1309,14,0,2,108
4,720,82.800000,10000.000000,0,0,270209735,1309,14,1309,13,0,2,108
