4,720,50.400000,12.276000,0,1,270308771,600,22,600,22,0,3,71
4,720,50.400000,12.276000,0,1,270308772,600,22,600,22,0,3,71
4,720,50.400000,12.276000,0,1,270308782,602,22,602,22,0,3,71
4,720,50.400000,12.276000,0,1,270308803,604,22,604,22,0,3,71
4,720,50.400000,12.276000,0,1,270308814,608,22,608,22,0,3,71
4,720,50.400000,12.276000,0,1,270308826,612,22,612,22,0,3,71
4,720,50.400000,12.276000,0,1,270308837,620,21,620,21,0,3,71
4,720,50.400000,12.276000,0,1,270308848,636,20,636,20,0,3,71
4,720,50.400000,12.276000,0,1,270308861,664,19,664,19,0,3,71
4,720,50.400000,12.276000,0,1,270308882,705,16,705,16,0,3,71
4,720,50.400000,12.276000,0,1,270308894,816,12,816,12,0,3,71
4,720,50.400000,12.276000,0,1,270308905,885,12,885,12,0,3,71
4,720,50.400000,12.276000,0,1,270308917,950,13,950,13,0,3,71
4,720,50.400000,12.276000,0,1,270308930,1025,16,1025,16,0,3,71
4,720,50.400000,12.276000,0,1,270308942,1087,17,1087,17,0,3,71
4,720,50.400000,12.276000,0,1,270308956,1123,17,1123,17,0,3,71
4,720,50.400000,12.276000,0,1,270308969,1153,18,1153,18,0,3,71
4,720,50.400000,12.276000,0,1,270308982,1179,21,1179,21,0,3,71
4,720,50.400000,12.276000,0,1,270309002,1200,24,1200,24,0,3,71
4,720,50.400000,12.276000,0,1,270309013,1222,24,1222,24,0,3,71
4,720,50.400000,12.276000,0,1,270309024,1229,24,1229,24,0,3,71
4,720,50.400000,12.276000,0,1,270309035,1233,24,1233,24,0,3,71
4,720,50.400000,12.276000,0,1,270309046,1235,24,1235,24,0,3,71
4,720,50.400000,12.276000,0,1,270309057,1237,24,1237,24,0,3,71
4,720,50.400000,12.276000,0,1,270309068,1240,24,1240,24,0,3,71
4,720,50.400000,12.276000,0,1,270309078,1245,24,1245,24,0,3,71
4,720,50.400000,12.276000,0,1,270309089,1253,24,1253,24,0,3,71
4,720,50.400000,12.276000,0,1,270309110,1261,23,1261,23,0,3,71
4,720,50.400000,12.276000,0,1,270309120,1275,23,1275,23,0,3,71
4,720,50.400000,12.276000,0,1,270309131,1277,23,1277,23,0,3,71
4,720,50.400000,12.276000,0,1,270309142,1277,23,1277,23,0,3,71
4,720,50.400000,12.276000,0,1,270309152,1277,23,1277,23,0,3,71
4,720,50.400000,12.276000,0,1,270309163,1277,23,1277,23,0,3,71
4,720,50.400000,12.276000,0,1,270309173,1277,23,1277,23,0,3,71
4,720,50.400000,12.276000,0,1,270309184,1277,23,1277,23,0,3,71
4,720,50.400000,12.276000,0,1,270309194,1277,23,1277,23,0,3,71
4,720,50.400000,12.276000,0,1,270309205,1277,23,1277,23,0,3,71
4,720,50.400000,12.276000,0,1,270309215,1279,22,1279,22,0,3,71
4,720,50.400000,12.276000,0,1,270309226,1281,22,1281,22,0,3,71
4,720,50.400000,12.276000,0,1,270309236,1282,22,1282,22,0,3,71
4,720,50.400000,12.276000,0,1,270309246,1283,22,1283,22,0,3,71
4,720,50.400000,12.276000,0,1,270309257,1283,22,1283,22,0,3,71
4,720,50.400000,12.276000,0,1,270309267,1283,22,1283,22,0,3,71
4,720,50.400000,12.276000,0,1,270309277,1284,22,1284,22,0,3,71
4,720,50.400000,12.276000,0,1,270309288,1286,21,1286,21,0,3,71
4,720,50.400000,12.276000,0,1,270309299,1289,21,1289,21,0,3,71
4,720,50.400000,12.276000,0,1,270309310,1293,19,1293,19,0,3,71
4,720,50.400000,12.276000,0,1,270309320,1296,18,1296,18,0,3,71
4,720,50.400000,12.276000,0,1,270309331,1299,18,1299,18,0,3,71
4,720,50.400000,12.276000,0,1,270309341,1300,17,1300,17,0,3,71
4,720,50.400000,12.276000,0,1,270309352,1301,17,1301,17,0,3,71
4,720,50.400000,12.276000,0,1,270309363,1301,17,1301,17,0,3,71
4,720,50.400000,12.276000,0,1,270309374,1301,17,1301,17,0,3,71
4,720,50.400000,12.276000,0,1,270309386,1301,17,1301,17,0,3,71
4,720,50.400000,12.276000,0,1,270309397,1302,17,1302,17,0,3,71
4,720,50.400000,12.276000,0,1,270309405,1303,17,1303,17,0,3,71
