4,360,50.400000,42.984000,0,1,270357895,780,22,780,22,0,3,114
4,360,50.400000,42.984000,0,1,270357896,780,22,780,22,0,3,114
4,360,50.400000,42.984000,0,1,270357906,780,22,780,22,0,3,114
4,360,50.400000,42.984000,0,1,270357917,780,22,780,22,0,3,114
4,360,50.400000,42.984000,0,1,270357928,780,22,780,22,0,3,114
4,360,50.400000,42.984000,0,1,270357938,780,22,780,22,0,3,114
4,360,50.400000,42.984000,0,1,270357950,785,22,785,22,0,3,114
4,360,50.400000,42.984000,0,1,270357960,802,22,802,22,0,3,114
4,360,50.400000,42.984000,0,1,270357976,831,23,831,23,0,3,114
4,360,50.400000,42.984000,0,1,270357986,885,24,885,24,0,3,114
4,360,50.400000,42.984000,0,1,270358007,942,24,942,24,0,3,114
4,360,50.400000,42.984000,0,1,270358018,1030,21,1030,21,0,3,114
4,360,50.400000,42.984000,0,1,270358029,1058,21,1058,21,0,3,114
4,360,50.400000,42.984000,0,1,270358040,1079,21,1079,21,0,3,114
4,360,50.400000,42.984000,0,1,270358051,1090,21,1090,21,0,3,114
4,360,50.400000,42.984000,0,1,270358062,1096,21,1096,21,0,3,114
4,360,50.400000,42.984000,0,1,270358072,1098,21,1098,21,0,3,114
4,360,50.400000,42.984000,0,1,270358084,1100,21,1100,21,0,3,114
4,360,50.400000,42.984000,0,1,270358094,1102,20,1102,20,0,3,114
4,360,50.400000,42.984000,0,1,270358105,1105,20,1105,20,0,3,114
4,360,50.400000,42.984000,0,1,270358116,1107,19,1107,19,0,3,114
4,360,50.400000,42.984000,0,1,270358127,1109,18,1109,18,0,3,114
4,360,50.400000,42.984000,0,1,270358138,1112,18,1112,18,0,3,114
4,360,50.400000,42.984000,0,1,270358148,1115,17,1115,17,0,3,114
4,360,50.400000,42.984000,0,1,270358159,1116,17,1116,17,0,3,114
4,360,50.400000,42.984000,0,1,270358171,1118,17,1118,17,0,3,114
4,360,50.400000,42.984000,0,1,270358190,1122,16,1122,16,0,3,114
4,360,50.400000,42.984000,0,1,270358201,1131,14,1131,14,0,3,114
4,360,50.400000,42.984000,0,1,270358211,1134,14,1134,14,0,3,114
4,360,50.400000,42.984000,0,1,270358222,1136,14,1136,14,0,3,114
4,360,50.400000,42.984000,0,1,270358232,1136,14,1136,14,0,3,114
4,360,50.400000,42.984000,0,1,270358242,1136,14,1136,14,0,3,114
4,360,50.400000,42.984000,0,1,270358253,1136,14,1136,14,0,3,114
4,360,50.400000,42.984000,0,1,270358263,1136,14,1136,14,0,3,114
4,360,50.400000,42.984000,0,1,270358274,1136,14,1136,14,0,3,114
4,360,50.400000,42.984000,0,1,270358284,1136,14,1136,14,0,3,114
4,360,50.400000,42.984000,0,1,270358295,1136,14,1136,14,0,3,114
4,360,50.400000,42.984000,0,1,270358306,1136,14,1136,14,0,3,114
4,360,50.400000,42.984000,0,1,270358316,1136,14,1136,14,0,3,114
4,360,50.400000,42.984000,0,1,270358327,1136,13,1136,13,0,3,114
4,360,50.400000,42.984000,0,1,270358337,1136,13,1136,13,0,3,114
