4,360,21.600000,12.276000,1,1,270238172,780,22,780,22,0,3,10
4,360,21.600000,12.276000,1,1,270238173,780,22,780,22,0,3,10
4,360,21.600000,12.276000,1,1,270238185,780,22,780,22,0,3,10
4,360,21.600000,12.276000,1,1,270238195,780,22,780,22,0,3,10
4,360,21.600000,12.276000,1,1,270238206,780,22,780,22,0,3,10
4,360,21.600000,12.276000,1,1,270238217,780,22,780,22,0,3,10
4,360,21.600000,12.276000,1,1,270238229,786,22,786,22,0,3,10
4,360,21.600000,12.276000,1,1,270238241,804,21,804,21,0,3,10
4,360,21.600000,12.276000,1,1,270238253,836,20,836,20,0,3,10
4,360,21.600000,12.276000,1,1,270238267,890,16,890,16,0,3,10
4,360,21.600000,12.276000,1,1,270238278,954,10,954,10,0,3,10
4,360,21.600000,12.276000,1,1,270238289,1009,7,1009,7,0,3,10
4,360,21.600000,12.276000,1,1,270238300,1057,5,1057,5,0,3,10
4,360,21.600000,12.276000,1,1,270238314,1104,3,1104,3,0,3,10
4,360,21.600000,12.276000,1,1,270238326,1134,3,1134,3,0,3,10
4,360,21.600000,12.276000,1,1,270238339,1146,2,1146,2,0,3,10
4,360,21.600000,12.276000,1,1,270238350,1151,2,1151,2,0,3,10
4,360,21.600000,12.276000,1,1,270238361,1151,2,1151,2,0,3,10
4,360,21.600000,12.276000,1,1,270238371,1151,2,1151,2,0,3,10
4,360,21.600000,12.276000,1,1,270238382,1151,2,1151,2,0,3,10
4,360,21.600000,12.276000,1,1,270238392,1151,2,1151,2,0,3,10
4,360,21.600000,12.276000,1,1,270238403,1151,2,1151,2,0,3,10
4,360,21.600000,12.276000,1,1,270238413,1151,2,1151,2,0,3,10
4,360,21.600000,12.276000,1,1,270238423,1151,2,1151,2,0,3,10
4,360,21.600000,12.276000,1,1,270238434,1151,2,1151,2,0,3,10
4,360,21.600000,12.276000,1,1,270238444,1151,2,1151,2,0,3,10
4,360,21.600000,12.276000,1,1,270238455,1151,2,1151,2,0,3,10
4,360,21.600000,12.276000,1,1,270238466,1151,2,1151,2,0,3,10
4,360,21.600000,12.276000,1,1,270238477,1151,2,1151,2,0,3,10
4,360,21.600000,12.276000,1,1,270238487,1151,2,1151,2,0,3,10
4,360,21.600000,12.276000,1,1,270238497,1151,2,1151,2,0,3,10
4,360,21.600000,12.276000,1,1,270238507,1151,2,1151,2,0,3,10
4,360,21.600000,12.276000,1,1,270238518,1151,2,1151,2,0,3,10
4,360,21.600000,12.276000,1,1,270238529,1151,2,1151,2,0,3,10
4,360,21.600000,12.276000,1,1,270238539,1151,2,1151,2,0,3,10
4,360,21.600000,12.276000,1,1,270238549,1151,2,1151,2,0,3,10
4,360,21.600000,12.276000,1,1,270238560,1151,2,1151,2,0,3,10
4,360,21.600000,12.276000,1,1,270238571,1150,2,1150,2,0,3,10
4,360,21.600000,12.276000,1,1,270238583,1144,2,1144,2,0,3,10
4,360,21.600000,12.276000,1,1,270238593,1135,1,1135,1,0,3,10
4,360,21.600000,12.276000,1,1,270238604,1128,1,1128,1,0,3,10
4,360,21.600000,12.276000,1,1,270238614,1121,1,1121,1,0,3,10
4,360,21.600000,12.276000,1,1,270238624,1118,1,1118,1,0,3,10
4,360,21.600000,12.276000,1,1,270238636,1117,1,1117,1,0,3,10
4,360,21.600000,12.276000,1,1,270238655,1117,1,1117,1,0,3,10
4,360,21.600000,12.276000,1,1,270238664,1117,1,1117,1,1,3,10
