4,360,21.600000,10000.000000,0,1,270233329,780,22,780,22,0,3,6
4,360,21.600000,10000.000000,0,1,270233330,780,22,780,22,0,3,6
4,360,21.600000,10000.000000,0,1,270233340,780,22,780,22,0,3,6
4,360,21.600000,10000.000000,0,1,270233352,780,22,780,22,0,3,6
4,360,21.600000,10000.000000,0,1,270233362,781,22,781,22,0,3,6
4,360,21.600000,10000.000000,0,1,270233373,788,24,788,24,0,3,6
4,360,21.600000,10000.000000,0,1,270233385,808,28,808,28,0,3,6
4,360,21.600000,10000.000000,0,1,270233396,833,29,833,29,0,3,6
4,360,21.600000,10000.000000,0,1,270233407,872,30,872,30,0,3,6
4,360,21.600000,10000.000000,0,1,270233417,908,30,908,30,0,3,6
4,360,21.600000,10000.000000,0,1,270233428,942,30,942,30,0,3,6
4,360,21.600000,10000.000000,0,1,270233438,972,30,972,30,0,3,6
4,360,21.600000,10000.000000,0,1,270233448,1001,30,1001,30,0,3,6
4,360,21.600000,10000.000000,0,1,270233461,1025,29,1025,29,0,3,6
4,360,21.600000,10000.000000,0,1,270233471,1047,29,1047,29,0,3,6
4,360,21.600000,10000.000000,0,1,270233482,1065,29,1065,29,0,3,6
4,360,21.600000,10000.000000,0,1,270233492,1084,29,1084,29,0,3,6
4,360,21.600000,10000.000000,0,1,270233503,1112,29,1112,29,0,3,6
4,360,21.600000,10000.000000,0,1,270233513,1149,28,1149,28,0,3,6
4,360,21.600000,10000.000000,0,1,270233523,1179,28,1179,28,0,3,6
4,360,21.600000,10000.000000,0,1,270233534,1202,28,1202,28,0,3,6
4,360,21.600000,10000.000000,0,1,270233545,1217,28,1217,28,0,3,6
4,360,21.600000,10000.000000,0,1,270233555,1221,28,1221,28,0,3,6
4,360,21.600000,10000.000000,0,1,270233565,1221,28,1221,28,0,3,6
4,360,21.600000,10000.000000,0,1,270233575,1221,28,1221,28,0,3,6
4,360,21.600000,10000.000000,0,1,270233585,1221,28,1221,28,0,3,6
4,360,21.600000,10000.000000,0,1,270233596,1221,28,1221,28,0,3,6
4,360,21.600000,10000.000000,0,1,270233606,1221,28,1221,28,0,3,6
4,360,21.600000,10000.000000,0,1,270233617,1221,28,1221,28,0,3,6
4,360,21.600000,10000.000000,0,1,270233627,1221,28,1221,28,0,3,6
4,360,21.600000,10000.000000,0,1,270233637,1221,28,1221,28,0,3,6
4,360,21.600000,10000.000000,0,1,270233647,1221,28,1221,28,0,3,6
4,360,21.600000,10000.000000,0,1,270233657,1221,28,1221,28,0,3,6
4,360,21.600000,10000.000000,0,1,270233668,1221,28,1221,28,0,3,6
4,360,21.600000,10000.000000,0,1,270233679,1221,27,1221,27,0,3,6
4,360,21.600000,10000.000000,0,1,270233691,1221,26,1221,26,0,3,6
4,360,21.600000,10000.000000,0,1,270233702,1218,24,1218,24,0,3,6
4,360,21.600000,10000.000000,0,1,270233723,1214,23,1214,23,0,3,6
4,360,21.600000,10000.000000,0,1,270233734,1201,17,1201,17,0,3,6
4,360,21.600000,10000.000000,0,1,270233745,1192,14,1192,14,0,3,6
4,360,21.600000,10000.000000,0,1,270233755,1184,12,1184,12,0,3,6
4,360,21.600000,10000.000000,0,1,270233765,1177,10,1177,10,0,3,6
4,360,21.600000,10000.000000,0,1,270233776,1171,9,1171,9,0,3,6
4,360,21.600000,10000.000000,0,1,270233787,1166,8,1166,8,0,3,6
4,360,21.600000,10000.000000,0,1,270233797,1162,7,1162,7,0,3,6
4,360,21.600000,10000.000000,0,1,270233808,1158,6,1158,6,0,3,6
4,360,21.600000,10000.000000,0,1,270233818,1155,6,1155,6,0,3,6
4,360,21.600000,10000.000000,0,1,270233828,1152,5,1152,5,0,3,6
4,360,21.600000,10000.000000,0,1,270233838,1150,5,1150,5,0,3,6
4,360,21.600000,10000.000000,0,1,270233850,1148,5,1148,5,0,3,6
4,360,21.600000,10000.000000,0,1,270233860,1147,5,1147,5,0,3,6
4,360,21.600000,10000.000000,0,1,270233870,1145,5,1145,5,0,3,6
4,360,21.600000,10000.000000,0,1,270233879,1145,5,1145,5,0,3,6
4,360,21.600000,10000.000000,0,1,270233889,1144,5,1144,5,0,3,6
4,360,21.600000,10000.000000,0,1,270233899,1143,5,1143,5,0,3,6
4,360,21.600000,10000.000000,0,1,270233909,1142,5,1142,5,0,3,6
4,360,21.600000,10000.000000,0,1,270233920,1140,5,1140,5,0,3,6
4,360,21.600000,10000.000000,0,1,270233930,1139,5,1139,5,0,3,6
4,360,21.600000,10000.000000,0,1,270233940,1138,5,1138,5,0,3,6
4,360,21.600000,10000.000000,0,1,270233950,1138,5,1138,5,0,3,6
