4,360,50.400000,42.984000,1,1,270306533,780,22,780,22,0,3,69
4,360,50.400000,42.984000,1,1,270306534,780,22,780,22,0,3,69
4,360,50.400000,42.984000,1,1,270306545,781,22,781,22,0,3,69
4,360,50.400000,42.984000,1,1,270306556,784,22,784,22,0,3,69
4,360,50.400000,42.984000,1,1,270306568,791,20,791,20,0,3,69
4,360,50.400000,42.984000,1,1,270306580,803,19,803,19,0,3,69
4,360,50.400000,42.984000,1,1,270306592,824,17,824,17,0,3,69
4,360,50.400000,42.984000,1,1,270306602,849,15,849,15,0,3,69
4,360,50.400000,42.984000,1,1,270306614,876,14,876,14,0,3,69
4,360,50.400000,42.984000,1,1,270306624,909,13,909,13,0,3,69
4,360,50.400000,42.984000,1,1,270306637,952,13,952,13,0,3,69
4,360,50.400000,42.984000,1,1,270306647,998,13,998,13,0,3,69
4,360,50.400000,42.984000,1,1,270306658,1042,14,1042,14,0,3,69
4,360,50.400000,42.984000,1,1,270306671,1074,15,1074,15,0,3,69
4,360,50.400000,42.984000,1,1,270306681,1094,16,1094,16,0,3,69
4,360,50.400000,42.984000,1,1,270306693,1101,16,1101,16,0,3,69
4,360,50.400000,42.984000,1,1,270306704,1103,16,1103,16,0,3,69
4,360,50.400000,42.984000,1,1,270306715,1103,16,1103,16,0,3,69
4,360,50.400000,42.984000,1,1,270306725,1103,16,1103,16,0,3,69
4,360,50.400000,42.984000,1,1,270306737,1103,16,1103,16,0,3,69
4,360,50.400000,42.984000,1,1,270306748,1103,16,1103,16,0,3,69
4,360,50.400000,42.984000,1,1,270306758,1103,16,1103,16,0,3,69
4,360,50.400000,42.984000,1,1,270306768,1103,16,1103,16,0,3,69
4,360,50.400000,42.984000,1,1,270306779,1103,16,1103,16,0,3,69
4,360,50.400000,42.984000,1,1,270306788,1104,16,1104,16,0,3,69
4,360,50.400000,42.984000,1,1,270306800,1105,15,1105,15,0,3,69
4,360,50.400000,42.984000,1,1,270306811,1106,15,1106,15,0,3,69
4,360,50.400000,42.984000,1,1,270306821,1108,14,1108,14,0,3,69
4,360,50.400000,42.984000,1,1,270306832,1109,14,1109,14,0,3,69
4,360,50.400000,42.984000,1,1,270306842,1110,14,1110,14,0,3,69
4,360,50.400000,42.984000,1,1,270306854,1111,14,1111,14,0,3,69
4,360,50.400000,42.984000,1,1,270306865,1113,14,1113,14,0,3,69
4,360,50.400000,42.984000,1,1,270306886,1115,14,1115,14,0,3,69
4,360,50.400000,42.984000,1,1,270306897,1124,14,1124,14,0,3,69
4,360,50.400000,42.984000,1,1,270306908,1128,14,1128,14,0,3,69
4,360,50.400000,42.984000,1,1,270306919,1132,13,1132,13,0,3,69
4,360,50.400000,42.984000,1,1,270306930,1135,13,1135,13,0,3,69
4,360,50.400000,42.984000,1,1,270306940,1136,13,1136,13,0,3,69
4,360,50.400000,42.984000,1,1,270306950,1136,13,1136,13,0,3,69
