4,720,82.800000,12.276000,0,0,270334822,600,0,600,0,0,3,95
4,720,82.800000,12.276000,0,0,270334823,600,0,600,0,0,3,95
4,720,82.800000,12.276000,0,0,270334834,609,0,609,0,0,3,95
4,720,82.800000,12.276000,0,0,270334847,621,0,621,0,0,3,95
4,720,82.800000,12.276000,0,0,270334859,645,0,645,0,0,3,95
4,720,82.800000,12.276000,0,0,270334870,675,0,675,0,0,3,95
4,720,82.800000,12.276000,0,0,270334881,714,0,714,-1,0,3,95
4,720,82.800000,12.276000,0,0,270334892,757,0,757,-4,0,3,95
4,720,82.800000,12.276000,0,0,270334905,798,0,798,-8,0,3,95
4,720,82.800000,12.276000,0,0,270334917,837,0,837,-11,0,3,95
4,720,82.800000,12.276000,0,0,270334938,870,0,870,-12,0,3,95
4,720,82.800000,12.276000,0,0,270334951,927,0,927,-12,0,3,95
4,720,82.800000,12.276000,0,0,270334963,958,0,958,-12,0,3,95
4,720,82.800000,12.276000,0,0,270334975,986,0,986,-12,0,3,95
4,720,82.800000,12.276000,0,0,270334986,1020,0,1020,-12,0,3,95
4,720,82.800000,12.276000,0,0,270334997,1057,0,1057,-13,0,3,95
4,720,82.800000,12.276000,0,0,270335009,1087,0,1087,-15,0,3,95
4,720,82.800000,12.276000,0,0,270335022,1112,0,1112,-16,0,3,95
4,720,82.800000,12.276000,0,0,270335033,1131,0,1131,-17,0,3,95
4,720,82.800000,12.276000,0,0,270335045,1146,0,1146,-17,0,3,95
4,720,82.800000,12.276000,0,0,270335056,1158,1,1158,-16,0,3,95
4,720,82.800000,12.276000,0,0,270335068,1173,4,1173,-13,0,3,95
4,720,82.800000,12.276000,0,0,270335081,1188,6,1188,-11,0,3,95
4,720,82.800000,12.276000,0,0,270335094,1202,7,1202,-10,0,3,95
4,720,82.800000,12.276000,0,0,270335106,1214,7,1214,-10,0,3,95
4,720,82.800000,12.276000,0,0,270335119,1221,7,1221,-10,0,3,95
4,720,82.800000,12.276000,0,0,270335130,1226,7,1226,-10,0,3,95
4,720,82.800000,12.276000,0,0,270335142,1228,7,1228,-10,0,3,95
4,720,82.800000,12.276000,0,0,270335154,1230,7,1230,-10,0,3,95
4,720,82.800000,12.276000,0,0,270335164,1231,7,1231,-10,0,3,95
4,720,82.800000,12.276000,0,0,270335176,1233,7,1233,-10,0,3,95
4,720,82.800000,12.276000,0,0,270335186,1236,7,1236,-10,0,3,95
4,720,82.800000,12.276000,0,0,270335198,1241,7,1241,-10,0,3,95
4,720,82.800000,12.276000,0,0,270335220,1247,7,1247,-10,0,3,95
4,720,82.800000,12.276000,0,0,270335231,1257,7,1257,-10,0,3,95
4,720,82.800000,12.276000,0,0,270335241,1258,7,1258,-10,0,3,95
4,720,82.800000,12.276000,0,0,270335252,1258,7,1258,-10,0,3,95
4,720,82.800000,12.276000,0,0,270335263,1258,7,1258,-10,0,3,95
4,720,82.800000,12.276000,0,0,270335274,1258,7,1258,-10,0,3,95
4,720,82.800000,12.276000,0,0,270335284,1258,7,1258,-10,0,3,95
4,720,82.800000,12.276000,0,0,270335295,1259,7,1259,-10,0,3,95
4,720,82.800000,12.276000,0,0,270335306,1263,7,1263,-10,0,3,95
4,720,82.800000,12.276000,0,0,270335317,1268,7,1268,-10,0,3,95
4,720,82.800000,12.276000,0,0,270335327,1271,7,1271,-10,1,3,95
