4,360,50.400000,0.000000,1,1,270359714,780,22,780,22,0,3,116
4,360,50.400000,0.000000,1,1,270359715,780,22,780,22,0,3,116
4,360,50.400000,0.000000,1,1,270359725,780,22,780,22,0,3,116
4,360,50.400000,0.000000,1,1,270359736,780,22,780,22,0,3,116
4,360,50.400000,0.000000,1,1,270359747,780,22,780,22,0,3,116
4,360,50.400000,0.000000,1,1,270359767,780,22,780,22,0,3,116
4,360,50.400000,0.000000,1,1,270359777,781,22,781,22,0,3,116
4,360,50.400000,0.000000,1,1,270359789,787,22,787,22,0,3,116
4,360,50.400000,0.000000,1,1,270359799,802,22,802,22,0,3,116
4,360,50.400000,0.000000,1,1,270359811,830,21,830,21,0,3,116
4,360,50.400000,0.000000,1,1,270359821,865,20,865,20,0,3,116
4,360,50.400000,0.000000,1,1,270359832,911,19,911,19,0,3,116
4,360,50.400000,0.000000,1,1,270359843,955,19,955,19,0,3,116
4,360,50.400000,0.000000,1,1,270359854,1008,19,1008,19,0,3,116
4,360,50.400000,0.000000,1,1,270359875,1047,21,1047,21,0,3,116
4,360,50.400000,0.000000,1,1,270359886,1090,21,1090,21,0,3,116
4,360,50.400000,0.000000,1,1,270359898,1099,21,1099,21,0,3,116
4,360,50.400000,0.000000,1,1,270359907,1102,21,1102,21,0,3,116
4,360,50.400000,0.000000,1,1,270359919,1102,21,1102,21,0,3,116
4,360,50.400000,0.000000,1,1,270359936,1102,21,1102,21,0,3,116
4,360,50.400000,0.000000,1,1,270359947,1102,21,1102,21,0,3,116
4,360,50.400000,0.000000,1,1,270359970,1102,21,1102,21,0,3,116
4,360,50.400000,0.000000,1,1,270359982,1102,21,1102,21,0,3,116
4,360,50.400000,0.000000,1,1,270359993,1102,21,1102,21,0,3,116
4,360,50.400000,0.000000,1,1,270360014,1102,21,1102,21,0,3,116
4,360,50.400000,0.000000,1,1,270360025,1102,21,1102,21,0,3,116
4,360,50.400000,0.000000,1,1,270360036,1102,21,1102,21,0,3,116
4,360,50.400000,0.000000,1,1,270360047,1102,21,1102,21,0,3,116
4,360,50.400000,0.000000,1,1,270360057,1102,21,1102,21,0,3,116
4,360,50.400000,0.000000,1,1,270360069,1102,21,1102,21,0,3,116
4,360,50.400000,0.000000,1,1,270360080,1102,21,1102,21,0,3,116
4,360,50.400000,0.000000,1,1,270360090,1102,20,1102,20,0,3,116
4,360,50.400000,0.000000,1,1,270360102,1102,20,1102,20,0,3,116
4,360,50.400000,0.000000,1,1,270360112,1103,19,1103,19,0,3,116
4,360,50.400000,0.000000,1,1,270360124,1105,18,1105,18,0,3,116
4,360,50.400000,0.000000,1,1,270360135,1108,17,1108,17,0,3,116
4,360,50.400000,0.000000,1,1,270360146,1111,15,1111,15,0,3,116
4,360,50.400000,0.000000,1,1,270360156,1114,14,1114,14,0,3,116
4,360,50.400000,0.000000,1,1,270360167,1116,13,1116,13,0,3,116
4,360,50.400000,0.000000,1,1,270360178,1118,12,1118,12,0,3,116
4,360,50.400000,0.000000,1,1,270360188,1119,12,1119,12,0,3,116
4,360,50.400000,0.000000,1,1,270360199,1119,12,1119,12,0,3,116
4,360,50.400000,0.000000,1,1,270360218,1119,12,1119,12,0,3,116
4,360,50.400000,0.000000,1,1,270360228,1119,12,1119,12,0,3,116
