4,720,82.800000,12.276000,1,1,270365496,600,22,600,22,0,4,1
4,720,82.800000,12.276000,1,1,270365497,600,22,600,22,0,4,1
4,720,82.800000,12.276000,1,1,270365507,600,22,600,22,0,4,1
4,720,82.800000,12.276000,1,1,270365518,600,22,600,22,0,4,1
4,720,82.800000,12.276000,1,1,270365529,600,22,600,22,0,4,1
4,720,82.800000,12.276000,1,1,270365540,600,22,600,22,0,4,1
4,720,82.800000,12.276000,1,1,270365550,600,22,600,22,0,4,1
4,720,82.800000,12.276000,1,1,270365561,603,22,603,22,0,4,1
4,720,82.800000,12.276000,1,1,270365573,614,21,614,21,0,4,1
4,720,82.800000,12.276000,1,1,270365591,641,18,641,18,0,4,1
4,720,82.800000,12.276000,1,1,270365603,725,13,725,13,0,4,1
4,720,82.800000,12.276000,1,1,270365614,793,12,793,12,0,4,1
4,720,82.800000,12.276000,1,1,270365625,866,12,866,12,0,4,1
4,720,82.800000,12.276000,1,1,270365635,932,12,932,12,0,4,1
4,720,82.800000,12.276000,1,1,270365645,994,12,994,12,0,4,1
4,720,82.800000,12.276000,1,1,270365656,1054,12,1054,12,0,4,1
4,720,82.800000,12.276000,1,1,270365666,1095,12,1095,12,0,4,1
4,720,82.800000,12.276000,1,1,270365686,1131,12,1131,12,0,4,1
4,720,82.800000,12.276000,1,1,270365697,1183,9,1183,9,0,4,1
4,720,82.800000,12.276000,1,1,270365707,1200,6,1200,6,0,4,1
4,720,82.800000,12.276000,1,1,270365718,1208,4,1208,4,0,4,1
4,720,82.800000,12.276000,1,1,270365729,1209,3,1209,3,0,4,1
4,720,82.800000,12.276000,1,1,270365740,1210,2,1210,2,0,4,1
4,720,82.800000,12.276000,1,1,270365751,1210,2,1210,2,0,4,1
4,720,82.800000,12.276000,1,1,270365762,1210,2,1210,2,0,4,1
4,720,82.800000,12.276000,1,1,270365772,1210,2,1210,2,0,4,1
4,720,82.800000,12.276000,1,1,270365783,1211,2,1211,2,0,4,1
4,720,82.800000,12.276000,1,1,270365794,1213,0,1213,0,0,4,1
4,720,82.800000,12.276000,1,1,270365804,1215,0,1215,-1,0,4,1
4,720,82.800000,12.276000,1,1,270365815,1218,0,1218,-3,0,4,1
4,720,82.800000,12.276000,1,1,270365836,1222,0,1222,-5,0,4,1
4,720,82.800000,12.276000,1,1,270365846,1230,0,1230,-8,0,4,1
4,720,82.800000,12.276000,1,1,270365857,1232,0,1232,-9,0,4,1
4,720,82.800000,12.276000,1,1,270365867,1232,0,1232,-9,0,4,1
4,720,82.800000,12.276000,1,1,270365878,1232,0,1232,-9,0,4,1
4,720,82.800000,12.276000,1,1,270365888,1232,0,1232,-9,0,4,1
4,720,82.800000,12.276000,1,1,270365900,1233,0,1233,-9,0,4,1
4,720,82.800000,12.276000,1,1,270365912,1235,0,1235,-9,0,4,1
4,720,82.800000,12.276000,1,1,270365923,1242,3,1242,-6,0,4,1
4,720,82.800000,12.276000,1,1,270365938,1252,6,1252,-3,0,4,1
4,720,82.800000,12.276000,1,1,270365949,1269,11,1269,2,0,4,1
4,720,82.800000,12.276000,1,1,270365968,1281,13,1281,4,0,4,1
4,720,82.800000,12.276000,1,1,270365979,1301,15,1301,6,0,4,1
4,720,82.800000,12.276000,1,1,270365990,1305,15,1305,6,0,4,1
4,720,82.800000,12.276000,1,1,270366011,1307,15,1307,6,0,4,1
4,720,82.800000,12.276000,1,1,270366031,1309,15,1309,6,0,4,1
4,720,82.800000,12.276000,1,1,270366041,1309,15,1309,6,0,4,1
4,720,82.800000,12.276000,1,1,270366052,1309,15,1309,6,0,4,1
4,720,82.800000,12.276000,1,1,270366062,1309,15,1309,6,0,4,1
4,720,82.800000,12.276000,1,1,270366073,1310,15,1310,6,0,4,1
4,720,82.800000,12.276000,1,1,270366084,1312,14,1312,5,0,4,1
4,720,82.800000,12.276000,1,1,270366095,1314,13,1314,4,0,4,1
4,720,82.800000,12.276000,1,1,270366106,1316,11,1316,2,0,4,1
4,720,82.800000,12.276000,1,1,270366125,1316,10,1316,1,0,4,1
4,720,82.800000,12.276000,1,1,270366135,1316,9,1316,0,0,4,1
4,720,82.800000,12.276000,1,1,270366145,1316,9,1316,0,0,4,1
4,720,82.800000,12.276000,1,1,270366155,1316,9,1316,0,0,4,1
4,720,82.800000,12.276000,1,1,270366165,1316,9,1316,0,0,4,1
