4,720,82.800000,10000.000000,0,1,270412597,600,22,600,22,0,4,40
4,720,82.800000,10000.000000,0,1,270412598,600,22,600,22,0,4,40
4,720,82.800000,10000.000000,0,1,270412609,598,22,598,22,0,4,40
4,720,82.800000,10000.000000,0,1,270412619,598,22,598,22,0,4,40
4,720,82.800000,10000.000000,0,1,270412630,598,22,598,22,0,4,40
4,720,82.800000,10000.000000,0,1,270412640,598,22,598,22,0,4,40
4,720,82.800000,10000.000000,0,1,270412651,598,22,598,22,0,4,40
4,720,82.800000,10000.000000,0,1,270412662,600,22,600,22,0,4,40
4,720,82.800000,10000.000000,0,1,270412674,605,22,605,22,0,4,40
4,720,82.800000,10000.000000,0,1,270412686,625,21,625,21,0,4,40
4,720,82.800000,10000.000000,0,1,270412697,666,20,666,20,0,4,40
4,720,82.800000,10000.000000,0,1,270412708,726,18,726,18,0,4,40
4,720,82.800000,10000.000000,0,1,270412719,803,14,803,14,0,4,40
4,720,82.800000,10000.000000,0,1,270412730,878,9,878,9,0,4,40
4,720,82.800000,10000.000000,0,1,270412741,949,4,949,4,0,4,40
4,720,82.800000,10000.000000,0,1,270412752,1001,2,1001,2,0,4,40
4,720,82.800000,10000.000000,0,1,270412763,1038,2,1038,2,0,4,40
4,720,82.800000,10000.000000,0,1,270412775,1064,1,1064,1,0,4,40
4,720,82.800000,10000.000000,0,1,270412787,1085,1,1085,1,0,4,40
4,720,82.800000,10000.000000,0,1,270412798,1102,0,1102,0,0,4,40
4,720,82.800000,10000.000000,0,1,270412809,1123,0,1123,-1,0,4,40
4,720,82.800000,10000.000000,0,1,270412820,1146,0,1146,-3,0,4,40
4,720,82.800000,10000.000000,0,1,270412831,1172,0,1172,-6,0,4,40
4,720,82.800000,10000.000000,0,1,270412842,1196,0,1196,-9,0,4,40
4,720,82.800000,10000.000000,0,1,270412854,1211,0,1211,-11,0,4,40
4,720,82.800000,10000.000000,0,1,270412865,1218,0,1218,-13,0,4,40
4,720,82.800000,10000.000000,0,1,270412876,1219,0,1219,-14,0,4,40
4,720,82.800000,10000.000000,0,1,270412887,1219,0,1219,-14,0,4,40
4,720,82.800000,10000.000000,0,1,270412898,1219,0,1219,-14,0,4,40
4,720,82.800000,10000.000000,0,1,270412909,1219,0,1219,-14,0,4,40
4,720,82.800000,10000.000000,0,1,270412919,1219,0,1219,-14,0,4,40
4,720,82.800000,10000.000000,0,1,270412930,1220,0,1220,-15,0,4,40
4,720,82.800000,10000.000000,0,1,270412940,1221,0,1221,-16,0,4,40
4,720,82.800000,10000.000000,0,1,270412951,1222,0,1222,-17,0,4,40
4,720,82.800000,10000.000000,0,1,270412962,1223,0,1223,-18,0,4,40
4,720,82.800000,10000.000000,0,1,270412973,1225,0,1225,-19,0,4,40
4,720,82.800000,10000.000000,0,1,270412983,1226,0,1226,-20,0,4,40
4,720,82.800000,10000.000000,0,1,270412994,1228,0,1228,-21,0,4,40
4,720,82.800000,10000.000000,0,1,270413006,1230,0,1230,-22,0,4,40
4,720,82.800000,10000.000000,0,1,270413017,1231,0,1231,-22,0,4,40
4,720,82.800000,10000.000000,0,1,270413029,1232,0,1232,-23,0,4,40
4,720,82.800000,10000.000000,0,1,270413039,1233,0,1233,-23,0,4,40
4,720,82.800000,10000.000000,0,1,270413050,1235,0,1235,-23,0,4,40
4,720,82.800000,10000.000000,0,1,270413061,1239,0,1239,-23,0,4,40
4,720,82.800000,10000.000000,0,1,270413072,1245,3,1245,-20,0,4,40
4,720,82.800000,10000.000000,0,1,270413083,1253,7,1253,-16,0,4,40
4,720,82.800000,10000.000000,0,1,270413094,1261,11,1261,-12,0,4,40
4,720,82.800000,10000.000000,0,1,270413106,1267,13,1267,-10,0,4,40
4,720,82.800000,10000.000000,0,1,270413118,1272,13,1272,-10,0,4,40
4,720,82.800000,10000.000000,0,1,270413139,1275,13,1275,-10,0,4,40
4,720,82.800000,10000.000000,0,1,270413159,1278,13,1278,-10,0,4,40
4,720,82.800000,10000.000000,0,1,270413170,1283,13,1283,-10,0,4,40
4,720,82.800000,10000.000000,0,1,270413189,1286,13,1286,-10,0,4,40
4,720,82.800000,10000.000000,0,1,270413201,1295,11,1295,-12,0,4,40
4,720,82.800000,10000.000000,0,1,270413212,1300,10,1300,-13,0,4,40
4,720,82.800000,10000.000000,0,1,270413222,1302,9,1302,-14,0,4,40
4,720,82.800000,10000.000000,0,1,270413233,1302,9,1302,-14,0,4,40
4,720,82.800000,10000.000000,0,1,270413243,1302,9,1302,-14,0,4,40
4,720,82.800000,10000.000000,0,1,270413253,1302,9,1302,-14,0,4,40
4,720,82.800000,10000.000000,0,1,270413264,1302,9,1302,-14,0,4,40
4,720,82.800000,10000.000000,0,1,270413273,1302,9,1302,-14,0,4,40
