4,360,50.400000,22.608000,1,0,270433277,780,0,780,0,0,4,58
4,360,50.400000,22.608000,1,0,270433277,780,0,780,0,0,4,58
4,360,50.400000,22.608000,1,0,270433288,780,0,780,0,0,4,58
4,360,50.400000,22.608000,1,0,270433299,780,0,780,0,0,4,58
4,360,50.400000,22.608000,1,0,270433309,780,0,780,0,0,4,58
4,360,50.400000,22.608000,1,0,270433320,780,0,780,0,0,4,58
4,360,50.400000,22.608000,1,0,270433331,785,0,785,0,0,4,58
4,360,50.400000,22.608000,1,0,270433343,798,0,798,-1,0,4,58
4,360,50.400000,22.608000,1,0,270433364,826,0,826,-1,0,4,58
4,360,50.400000,22.608000,1,0,270433376,918,0,918,-2,0,4,58
4,360,50.400000,22.608000,1,0,270433387,973,0,973,-3,0,4,58
4,360,50.400000,22.608000,1,0,270433398,1032,0,1032,-3,0,4,58
4,360,50.400000,22.608000,1,0,270433409,1081,0,1081,-3,0,4,58
4,360,50.400000,22.608000,1,0,270433419,1118,0,1118,-3,0,4,58
4,360,50.400000,22.608000,1,0,270433430,1142,0,1142,-4,0,4,58
4,360,50.400000,22.608000,1,0,270433440,1156,0,1156,-5,0,4,58
4,360,50.400000,22.608000,1,0,270433451,1163,0,1163,-6,0,4,58
4,360,50.400000,22.608000,1,0,270433462,1165,0,1165,-6,0,4,58
4,360,50.400000,22.608000,1,0,270433473,1167,0,1167,-6,0,4,58
4,360,50.400000,22.608000,1,0,270433484,1167,0,1167,-6,0,4,58
4,360,50.400000,22.608000,1,0,270433502,1167,0,1167,-6,0,4,58
4,360,50.400000,22.608000,1,0,270433513,1168,0,1168,-7,0,4,58
4,360,50.400000,22.608000,1,0,270433523,1169,0,1169,-8,0,4,58
4,360,50.400000,22.608000,1,0,270433534,1170,0,1170,-9,0,4,58
4,360,50.400000,22.608000,1,0,270433544,1170,0,1170,-10,0,4,58
4,360,50.400000,22.608000,1,0,270433564,1171,0,1171,-11,0,4,58
4,360,50.400000,22.608000,1,0,270433575,1174,0,1174,-12,0,4,58
4,360,50.400000,22.608000,1,0,270433585,1174,0,1174,-13,0,4,58
4,360,50.400000,22.608000,1,0,270433595,1174,0,1174,-13,0,4,58
4,360,50.400000,22.608000,1,0,270433606,1174,0,1174,-13,0,4,58
4,360,50.400000,22.608000,1,0,270433616,1174,0,1174,-13,0,4,58
4,360,50.400000,22.608000,1,0,270433627,1174,0,1174,-13,0,4,58
4,360,50.400000,22.608000,1,0,270433637,1174,0,1174,-13,0,4,58
4,360,50.400000,22.608000,1,0,270433646,1174,0,1174,-13,0,4,58
4,360,50.400000,22.608000,1,0,270433657,1174,0,1174,-13,0,4,58
4,360,50.400000,22.608000,1,0,270433677,1174,0,1174,-13,0,4,58
4,360,50.400000,22.608000,1,0,270433688,1167,0,1167,-13,0,4,58
4,360,50.400000,22.608000,1,0,270433699,1161,1,1161,-12,0,4,58
4,360,50.400000,22.608000,1,0,270433709,1155,1,1155,-12,0,4,58
4,360,50.400000,22.608000,1,0,270433720,1150,2,1150,-11,0,4,58
4,360,50.400000,22.608000,1,0,270433740,1147,2,1147,-11,0,4,58
4,360,50.400000,22.608000,1,0,270433750,1145,2,1145,-11,0,4,58
4,360,50.400000,22.608000,1,0,270433760,1145,2,1145,-11,0,4,58
4,360,50.400000,22.608000,1,0,270433770,1145,2,1145,-11,0,4,58
4,360,50.400000,22.608000,1,0,270433780,1145,2,1145,-11,0,4,58
4,360,50.400000,22.608000,1,0,270433791,1145,2,1145,-11,0,4,58
4,360,50.400000,22.608000,1,0,270433801,1144,2,1144,-11,0,4,58
4,360,50.400000,22.608000,1,0,270433811,1144,2,1144,-11,0,4,58
4,360,50.400000,22.608000,1,0,270433822,1143,2,1143,-11,0,4,58
4,360,50.400000,22.608000,1,0,270433842,1142,2,1142,-11,0,4,58
