4,360,21.600000,12.276000,1,1,270453049,780,22,780,22,0,4,75
4,360,21.600000,12.276000,1,1,270453050,780,22,780,22,0,4,75
4,360,21.600000,12.276000,1,1,270453062,784,22,784,22,0,4,75
4,360,21.600000,12.276000,1,1,270453073,787,22,787,22,0,4,75
4,360,21.600000,12.276000,1,1,270453084,789,22,789,22,0,4,75
4,360,21.600000,12.276000,1,1,270453094,792,22,792,22,0,4,75
4,360,21.600000,12.276000,1,1,270453106,796,22,796,22,0,4,75
4,360,21.600000,12.276000,1,1,270453127,806,22,806,22,0,4,75
4,360,21.600000,12.276000,1,1,270453139,853,21,853,21,0,4,75
4,360,21.600000,12.276000,1,1,270453151,905,17,905,17,0,4,75
4,360,21.600000,12.276000,1,1,270453163,959,14,959,14,0,4,75
4,360,21.600000,12.276000,1,1,270453186,1018,12,1018,12,0,4,75
4,360,21.600000,12.276000,1,1,270453199,1112,11,1112,11,0,4,75
4,360,21.600000,12.276000,1,1,270453220,1142,11,1142,11,0,4,75
4,360,21.600000,12.276000,1,1,270453231,1162,11,1162,11,0,4,75
4,360,21.600000,12.276000,1,1,270453241,1163,11,1163,11,0,4,75
4,360,21.600000,12.276000,1,1,270453252,1164,11,1164,11,0,4,75
4,360,21.600000,12.276000,1,1,270453264,1164,11,1164,11,0,4,75
4,360,21.600000,12.276000,1,1,270453274,1164,11,1164,11,0,4,75
4,360,21.600000,12.276000,1,1,270453286,1164,11,1164,11,0,4,75
4,360,21.600000,12.276000,1,1,270453297,1166,11,1166,11,0,4,75
4,360,21.600000,12.276000,1,1,270453308,1170,11,1170,11,0,4,75
4,360,21.600000,12.276000,1,1,270453319,1174,11,1174,11,0,4,75
4,360,21.600000,12.276000,1,1,270453330,1177,11,1177,11,0,4,75
4,360,21.600000,12.276000,1,1,270453340,1178,10,1178,10,0,4,75
4,360,21.600000,12.276000,1,1,270453351,1178,10,1178,10,0,4,75
4,360,21.600000,12.276000,1,1,270453361,1178,10,1178,10,0,4,75
4,360,21.600000,12.276000,1,1,270453372,1178,10,1178,10,0,4,75
4,360,21.600000,12.276000,1,1,270453382,1178,10,1178,10,0,4,75
4,360,21.600000,12.276000,1,1,270453392,1178,10,1178,10,0,4,75
4,360,21.600000,12.276000,1,1,270453403,1178,10,1178,10,0,4,75
4,360,21.600000,12.276000,1,1,270453413,1179,10,1179,10,0,4,75
4,360,21.600000,12.276000,1,1,270453424,1181,10,1181,10,0,4,75
4,360,21.600000,12.276000,1,1,270453434,1181,10,1181,10,0,4,75
4,360,21.600000,12.276000,1,1,270453445,1182,10,1182,10,0,4,75
4,360,21.600000,12.276000,1,1,270453456,1182,10,1182,10,0,4,75
4,360,21.600000,12.276000,1,1,270453467,1182,10,1182,10,0,4,75
4,360,21.600000,12.276000,1,1,270453477,1182,10,1182,10,0,4,75
4,360,21.600000,12.276000,1,1,270453488,1181,10,1181,10,0,4,75
4,360,21.600000,12.276000,1,1,270453498,1179,10,1179,10,0,4,75
4,360,21.600000,12.276000,1,1,270453509,1177,10,1177,10,0,4,75
4,360,21.600000,12.276000,1,1,270453519,1174,9,1174,9,0,4,75
4,360,21.600000,12.276000,1,1,270453529,1171,9,1171,9,0,4,75
4,360,21.600000,12.276000,1,1,270453539,1168,8,1168,8,0,4,75
4,360,21.600000,12.276000,1,1,270453550,1166,8,1166,8,0,4,75
4,360,21.600000,12.276000,1,1,270453561,1164,7,1164,7,0,4,75
4,360,21.600000,12.276000,1,1,270453571,1163,7,1163,7,0,4,75
4,360,21.600000,12.276000,1,1,270453581,1162,7,1162,7,0,4,75
4,360,21.600000,12.276000,1,1,270453592,1161,7,1161,7,0,4,75
4,360,21.600000,12.276000,1,1,270453602,1160,6,1160,6,0,4,75
4,360,21.600000,12.276000,1,1,270453623,1159,5,1159,5,0,4,75
4,360,21.600000,12.276000,1,1,270453633,1158,5,1158,5,0,4,75
4,360,21.600000,12.276000,1,1,270453644,1157,4,1157,4,0,4,75
4,360,21.600000,12.276000,1,1,270453654,1156,4,1156,4,0,4,75
4,360,21.600000,12.276000,1,1,270453664,1155,4,1155,4,0,4,75
4,360,21.600000,12.276000,1,1,270453675,1154,4,1154,4,0,4,75
4,360,21.600000,12.276000,1,1,270453685,1153,4,1153,4,0,4,75
4,360,21.600000,12.276000,1,1,270453695,1152,3,1152,3,0,4,75
4,360,21.600000,12.276000,1,1,270453705,1151,3,1151,3,0,4,75
4,360,21.600000,12.276000,1,1,270453716,1149,3,1149,3,0,4,75
4,360,21.600000,12.276000,1,1,270453726,1148,3,1148,3,0,4,75
4,360,21.600000,12.276000,1,1,270453736,1147,2,1147,2,0,4,75
4,360,21.600000,12.276000,1,1,270453746,1145,2,1145,2,0,4,75
4,360,21.600000,12.276000,1,1,270453756,1144,2,1144,2,0,4,75
4,360,21.600000,12.276000,1,1,270453766,1143,2,1143,2,0,4,75
4,360,21.600000,12.276000,1,1,270453776,1143,2,1143,2,0,4,75
4,360,21.600000,12.276000,1,1,270453787,1142,2,1142,2,0,4,75
4,360,21.600000,12.276000,1,1,270453797,1141,2,1141,2,0,4,75
4,360,21.600000,12.276000,1,1,270453807,1141,1,1141,1,0,4,75
4,360,21.600000,12.276000,1,1,270453818,1141,1,1141,1,0,4,75
4,360,21.600000,12.276000,1,1,270453828,1141,1,1141,1,0,4,75
4,360,21.600000,12.276000,1,1,270453838,1141,1,1141,1,0,4,75
4,360,21.600000,12.276000,1,1,270453857,1141,1,1141,1,0,4,75
