4,720,82.800000,22.608000,0,0,270723751,600,0,600,0,0,5,56
4,720,82.800000,22.608000,0,0,270723752,600,0,600,0,0,5,56
4,720,82.800000,22.608000,0,0,270723762,600,0,600,0,0,5,56
4,720,82.800000,22.608000,0,0,270723772,600,0,600,0,0,5,56
4,720,82.800000,22.608000,0,0,270723782,600,0,600,0,0,5,56
4,720,82.800000,22.608000,0,0,270723791,600,0,600,0,0,5,56
4,720,82.800000,22.608000,0,0,270723801,600,0,600,0,0,5,56
4,720,82.800000,22.608000,0,0,270723811,600,0,600,0,0,5,56
4,720,82.800000,22.608000,0,0,270723821,600,0,600,0,0,5,56
4,720,82.800000,22.608000,0,0,270723834,608,0,608,-1,0,5,56
4,720,82.800000,22.608000,0,0,270723854,628,0,628,-5,0,5,56
4,720,82.800000,22.608000,0,0,270723875,710,0,710,-13,0,5,56
4,720,82.800000,22.608000,0,0,270723885,844,0,844,-16,0,5,56
4,720,82.800000,22.608000,0,0,270723897,917,0,917,-16,0,5,56
4,720,82.800000,22.608000,0,0,270723909,1009,0,1009,-16,0,5,56
4,720,82.800000,22.608000,0,0,270723920,1081,0,1081,-17,0,5,56
4,720,82.800000,22.608000,0,0,270723932,1134,0,1134,-18,0,5,56
4,720,82.800000,22.608000,0,0,270723943,1179,0,1179,-19,0,5,56
4,720,82.800000,22.608000,0,0,270723954,1213,0,1213,-20,0,5,56
4,720,82.800000,22.608000,0,0,270723965,1233,0,1233,-20,0,5,56
4,720,82.800000,22.608000,0,0,270723976,1248,0,1248,-22,0,5,56
4,720,82.800000,22.608000,0,0,270723986,1256,0,1256,-22,0,5,56
4,720,82.800000,22.608000,0,0,270723996,1259,0,1259,-23,0,5,56
4,720,82.800000,22.608000,0,0,270724006,1260,0,1260,-23,0,5,56
4,720,82.800000,22.608000,0,0,270724016,1260,0,1260,-23,0,5,56
4,720,82.800000,22.608000,0,0,270724025,1260,0,1260,-23,0,5,56
4,720,82.800000,22.608000,0,0,270724034,1260,0,1260,-23,0,5,56
4,720,82.800000,22.608000,0,0,270724045,1260,0,1260,-23,0,5,56
4,720,82.800000,22.608000,0,0,270724056,1262,0,1262,-23,0,5,56
4,720,82.800000,22.608000,0,0,270724066,1266,0,1266,-24,0,5,56
4,720,82.800000,22.608000,0,0,270724076,1271,0,1271,-24,0,5,56
4,720,82.800000,22.608000,0,0,270724087,1276,0,1276,-25,0,5,56
4,720,82.800000,22.608000,0,0,270724097,1280,0,1280,-25,0,5,56
4,720,82.800000,22.608000,0,0,270724107,1283,0,1283,-26,0,5,56
4,720,82.800000,22.608000,0,0,270724116,1284,0,1284,-26,0,5,56
4,720,82.800000,22.608000,0,0,270724126,1285,0,1285,-26,0,5,56
4,720,82.800000,22.608000,0,0,270724136,1285,0,1285,-26,0,5,56
4,720,82.800000,22.608000,0,0,270724147,1286,0,1286,-26,0,5,56
4,720,82.800000,22.608000,0,0,270724157,1287,0,1287,-26,0,5,56
4,720,82.800000,22.608000,0,0,270724167,1289,0,1289,-26,0,5,56
4,720,82.800000,22.608000,0,0,270724178,1292,0,1292,-26,0,5,56
4,720,82.800000,22.608000,0,0,270724188,1295,0,1295,-26,0,5,56
4,720,82.800000,22.608000,0,0,270724199,1298,0,1298,-26,0,5,56
4,720,82.800000,22.608000,0,0,270724209,1300,0,1300,-26,0,5,56
4,720,82.800000,22.608000,0,0,270724220,1302,0,1302,-26,0,5,56
4,720,82.800000,22.608000,0,0,270724230,1305,0,1305,-26,0,5,56
4,720,82.800000,22.608000,0,0,270724241,1307,0,1307,-26,0,5,56
4,720,82.800000,22.608000,0,0,270724251,1309,0,1309,-26,0,5,56
4,720,82.800000,22.608000,0,0,270724261,1312,1,1312,-25,0,5,56
4,720,82.800000,22.608000,0,0,270724271,1313,1,1313,-25,0,5,56
4,720,82.800000,22.608000,0,0,270724281,1314,1,1314,-25,0,5,56
4,720,82.800000,22.608000,0,0,270724290,1314,1,1314,-25,0,5,56
4,720,82.800000,22.608000,0,0,270724299,1315,1,1315,-25,0,5,56
