4,720,82.800000,0.000000,0,1,270774410,600,22,600,22,0,5,98
4,720,82.800000,0.000000,0,1,270774410,600,22,600,22,0,5,98
4,720,82.800000,0.000000,0,1,270774421,600,22,600,22,0,5,98
4,720,82.800000,0.000000,0,1,270774431,600,22,600,22,0,5,98
4,720,82.800000,0.000000,0,1,270774442,600,22,600,22,0,5,98
4,720,82.800000,0.000000,0,1,270774452,600,22,600,22,0,5,98
4,720,82.800000,0.000000,0,1,270774463,600,22,600,22,0,5,98
4,720,82.800000,0.000000,0,1,270774474,601,22,601,22,0,5,98
4,720,82.800000,0.000000,0,1,270774484,601,22,601,22,0,5,98
4,720,82.800000,0.000000,0,1,270774496,602,22,602,22,0,5,98
4,720,82.800000,0.000000,0,1,270774507,609,22,609,22,0,5,98
4,720,82.800000,0.000000,0,1,270774517,624,22,624,22,0,5,98
4,720,82.800000,0.000000,0,1,270774536,651,22,651,22,0,5,98
4,720,82.800000,0.000000,0,1,270774547,749,22,749,22,0,5,98
4,720,82.800000,0.000000,0,1,270774558,817,21,817,21,0,5,98
4,720,82.800000,0.000000,0,1,270774569,893,21,893,21,0,5,98
4,720,82.800000,0.000000,0,1,270774580,970,23,970,23,0,5,98
4,720,82.800000,0.000000,0,1,270774591,1043,26,1043,26,0,5,98
4,720,82.800000,0.000000,0,1,270774602,1104,30,1104,30,0,5,98
4,720,82.800000,0.000000,0,1,270774615,1171,37,1171,37,0,5,98
4,720,82.800000,0.000000,0,1,270774627,1228,46,1228,46,0,5,98
4,720,82.800000,0.000000,0,1,270774646,1259,52,1259,52,0,5,98
4,720,82.800000,0.000000,0,1,270774656,1280,54,1280,54,0,5,98
4,720,82.800000,0.000000,0,1,270774667,1282,54,1282,54,0,5,98
4,720,82.800000,0.000000,0,1,270774677,1282,54,1282,54,0,5,98
4,720,82.800000,0.000000,0,1,270774687,1282,54,1282,54,0,5,98
4,720,82.800000,0.000000,0,1,270774696,1282,54,1282,54,0,5,98
4,720,82.800000,0.000000,0,1,270774706,1282,54,1282,54,0,5,98
4,720,82.800000,0.000000,0,1,270774717,1282,54,1282,54,0,5,98
4,720,82.800000,0.000000,0,1,270774728,1283,54,1283,54,0,5,98
4,720,82.800000,0.000000,0,1,270774739,1287,54,1287,54,0,5,98
4,720,82.800000,0.000000,0,1,270774750,1293,54,1293,54,0,5,98
4,720,82.800000,0.000000,0,1,270774760,1298,54,1298,54,0,5,98
4,720,82.800000,0.000000,0,1,270774770,1301,54,1301,54,0,5,98
4,720,82.800000,0.000000,0,1,270774780,1302,54,1302,54,0,5,98
4,720,82.800000,0.000000,0,1,270774789,1302,54,1302,54,0,5,98
4,720,82.800000,0.000000,0,1,270774800,1302,54,1302,54,0,5,98
4,720,82.800000,0.000000,0,1,270774813,1303,54,1303,54,0,5,98
4,720,82.800000,0.000000,0,1,270774824,1306,54,1306,54,0,5,98
4,720,82.800000,0.000000,0,1,270774845,1310,54,1310,54,0,5,98
4,720,82.800000,0.000000,0,1,270774856,1316,54,1316,54,0,5,98
4,720,82.800000,0.000000,0,1,270774877,1318,53,1318,53,0,5,98
4,720,82.800000,0.000000,0,1,270774896,1321,51,1321,51,0,5,98
4,720,82.800000,0.000000,0,1,270774907,1324,48,1324,48,0,5,98
4,720,82.800000,0.000000,0,1,270774917,1324,46,1324,46,0,5,98
4,720,82.800000,0.000000,0,1,270774928,1325,44,1325,44,0,5,98
4,720,82.800000,0.000000,0,1,270774939,1325,42,1325,42,0,5,98
4,720,82.800000,0.000000,0,1,270774949,1326,39,1326,39,0,5,98
4,720,82.800000,0.000000,0,1,270774958,1326,37,1326,37,0,5,98
4,720,82.800000,0.000000,0,1,270774969,1325,36,1325,36,0,5,98
4,720,82.800000,0.000000,0,1,270774979,1325,34,1325,34,0,5,98
4,720,82.800000,0.000000,0,1,270774989,1324,33,1324,33,0,5,98
4,720,82.800000,0.000000,0,1,270774999,1324,30,1324,30,0,5,98
4,720,82.800000,0.000000,0,1,270775010,1324,28,1324,28,0,5,98
4,720,82.800000,0.000000,0,1,270775020,1323,25,1323,25,0,5,98
4,720,82.800000,0.000000,0,1,270775040,1323,23,1323,23,0,5,98
4,720,82.800000,0.000000,0,1,270775050,1322,21,1322,21,0,5,98
4,720,82.800000,0.000000,0,1,270775060,1322,21,1322,21,0,5,98
4,720,82.800000,0.000000,0,1,270775070,1322,21,1322,21,0,5,98
4,720,82.800000,0.000000,0,1,270775081,1322,21,1322,21,0,5,98
4,720,82.800000,0.000000,0,1,270775091,1322,21,1322,21,0,5,98
4,720,82.800000,0.000000,0,1,270775101,1322,21,1322,21,0,5,98
4,720,82.800000,0.000000,0,1,270775120,1322,21,1322,21,0,5,98
4,720,82.800000,0.000000,0,1,270775140,1322,20,1322,20,0,5,98
4,720,82.800000,0.000000,0,1,270775150,1322,19,1322,19,0,5,98
4,720,82.800000,0.000000,0,1,270775161,1322,18,1322,18,0,5,98
4,720,82.800000,0.000000,0,1,270775171,1322,17,1322,17,0,5,98
4,720,82.800000,0.000000,0,1,270775181,1322,17,1322,17,0,5,98
4,720,82.800000,0.000000,0,1,270775191,1322,15,1322,15,0,5,98
4,720,82.800000,0.000000,0,1,270775202,1322,13,1322,13,0,5,98
4,720,82.800000,0.000000,0,1,270775211,1322,13,1322,13,0,5,98
4,720,82.800000,0.000000,0,1,270775229,1322,13,1322,13,0,5,98
