4,720,82.800000,42.984000,0,1,270684264,600,22,600,22,0,5,25
4,720,82.800000,42.984000,0,1,270684265,600,22,600,22,0,5,25
4,720,82.800000,42.984000,0,1,270684274,600,22,600,22,0,5,25
4,720,82.800000,42.984000,0,1,270684284,600,22,600,22,0,5,25
4,720,82.800000,42.984000,0,1,270684294,600,22,600,22,0,5,25
4,720,82.800000,42.984000,0,1,270684304,600,22,600,22,0,5,25
4,720,82.800000,42.984000,0,1,270684313,600,22,600,22,0,5,25
4,720,82.800000,42.984000,0,1,270684323,600,22,600,22,0,5,25
4,720,82.800000,42.984000,0,1,270684334,600,22,600,22,0,5,25
4,720,82.800000,42.984000,0,1,270684344,601,22,601,22,0,5,25
4,720,82.800000,42.984000,0,1,270684356,609,20,609,20,0,5,25
4,720,82.800000,42.984000,0,1,270684367,634,16,634,16,0,5,25
4,720,82.800000,42.984000,0,1,270684378,673,9,673,9,0,5,25
4,720,82.800000,42.984000,0,1,270684388,733,2,733,2,0,5,25
4,720,82.800000,42.984000,0,1,270684398,802,0,802,-3,0,5,25
4,720,82.800000,42.984000,0,1,270684409,878,0,878,-4,0,5,25
4,720,82.800000,42.984000,0,1,270684419,965,0,965,-4,0,5,25
4,720,82.800000,42.984000,0,1,270684430,1041,1,1041,-3,0,5,25
4,720,82.800000,42.984000,0,1,270684440,1106,4,1106,0,0,5,25
4,720,82.800000,42.984000,0,1,270684451,1162,8,1162,4,0,5,25
4,720,82.800000,42.984000,0,1,270684461,1204,11,1204,7,0,5,25
4,720,82.800000,42.984000,0,1,270684472,1231,14,1231,10,0,5,25
4,720,82.800000,42.984000,0,1,270684482,1252,16,1252,12,0,5,25
4,720,82.800000,42.984000,0,1,270684492,1270,17,1270,13,0,5,25
4,720,82.800000,42.984000,0,1,270684503,1283,17,1283,13,0,5,25
4,720,82.800000,42.984000,0,1,270684514,1290,17,1290,13,0,5,25
4,720,82.800000,42.984000,0,1,270684524,1294,17,1294,13,0,5,25
4,720,82.800000,42.984000,0,1,270684534,1295,17,1295,13,0,5,25
4,720,82.800000,42.984000,0,1,270684544,1296,17,1296,13,0,5,25
4,720,82.800000,42.984000,0,1,270684555,1297,17,1297,13,0,5,25
4,720,82.800000,42.984000,0,1,270684565,1299,17,1299,13,0,5,25
4,720,82.800000,42.984000,0,1,270684576,1301,16,1301,12,0,5,25
4,720,82.800000,42.984000,0,1,270684588,1304,16,1304,12,0,5,25
4,720,82.800000,42.984000,0,1,270684598,1305,16,1305,12,0,5,25
4,720,82.800000,42.984000,0,1,270684609,1306,16,1306,12,0,5,25
4,720,82.800000,42.984000,0,1,270684630,1307,16,1307,12,0,5,25
4,720,82.800000,42.984000,0,1,270684640,1308,16,1308,12,0,5,25
4,720,82.800000,42.984000,0,1,270684651,1308,16,1308,12,0,5,25
4,720,82.800000,42.984000,0,1,270684661,1309,15,1309,11,0,5,25
4,720,82.800000,42.984000,0,1,270684672,1311,14,1311,10,0,5,25
4,720,82.800000,42.984000,0,1,270684683,1312,14,1312,10,0,5,25
4,720,82.800000,42.984000,0,1,270684694,1312,13,1312,9,0,5,25
4,720,82.800000,42.984000,0,1,270684714,1312,13,1312,9,0,5,25
4,720,82.800000,42.984000,0,1,270684724,1312,13,1312,9,0,5,25
4,720,82.800000,42.984000,0,1,270684734,1312,13,1312,9,0,5,25
4,720,82.800000,42.984000,0,1,270684744,1312,13,1312,9,0,5,25
4,720,82.800000,42.984000,0,1,270684754,1312,13,1312,9,0,5,25
4,720,82.800000,42.984000,0,1,270684764,1312,12,1312,8,0,5,25
4,720,82.800000,42.984000,0,1,270684774,1312,12,1312,8,0,5,25
