4,720,21.600000,10000.000000,1,1,270670638,600,22,600,22,0,5,15
4,720,21.600000,10000.000000,1,1,270670639,600,22,600,22,0,5,15
4,720,21.600000,10000.000000,1,1,270670648,600,22,600,22,0,5,15
4,720,21.600000,10000.000000,1,1,270670658,600,22,600,22,0,5,15
4,720,21.600000,10000.000000,1,1,270670668,600,22,600,22,0,5,15
4,720,21.600000,10000.000000,1,1,270670679,600,22,600,22,0,5,15
4,720,21.600000,10000.000000,1,1,270670689,600,22,600,22,0,5,15
4,720,21.600000,10000.000000,1,1,270670702,600,22,600,22,0,5,15
4,720,21.600000,10000.000000,1,1,270670714,608,21,608,21,0,5,15
4,720,21.600000,10000.000000,1,1,270670725,628,18,628,18,0,5,15
4,720,21.600000,10000.000000,1,1,270670735,659,16,659,16,0,5,15
4,720,21.600000,10000.000000,1,1,270670745,702,15,702,15,0,5,15
4,720,21.600000,10000.000000,1,1,270670756,762,15,762,15,0,5,15
4,720,21.600000,10000.000000,1,1,270670767,839,13,839,13,0,5,15
4,720,21.600000,10000.000000,1,1,270670778,924,13,924,13,0,5,15
4,720,21.600000,10000.000000,1,1,270670789,1009,13,1009,13,0,5,15
4,720,21.600000,10000.000000,1,1,270670800,1084,13,1084,13,0,5,15
4,720,21.600000,10000.000000,1,1,270670810,1152,13,1152,13,0,5,15
4,720,21.600000,10000.000000,1,1,270670821,1207,13,1207,13,0,5,15
4,720,21.600000,10000.000000,1,1,270670831,1248,13,1248,13,0,5,15
4,720,21.600000,10000.000000,1,1,270670842,1270,13,1270,13,0,5,15
4,720,21.600000,10000.000000,1,1,270670852,1281,13,1281,13,0,5,15
4,720,21.600000,10000.000000,1,1,270670862,1287,13,1287,13,0,5,15
4,720,21.600000,10000.000000,1,1,270670872,1290,13,1290,13,0,5,15
4,720,21.600000,10000.000000,1,1,270670881,1293,13,1293,13,0,5,15
4,720,21.600000,10000.000000,1,1,270670891,1293,13,1293,13,0,5,15
4,720,21.600000,10000.000000,1,1,270670901,1293,13,1293,13,0,5,15
4,720,21.600000,10000.000000,1,1,270670910,1293,13,1293,13,0,5,15
4,720,21.600000,10000.000000,1,1,270670920,1293,13,1293,13,0,5,15
4,720,21.600000,10000.000000,1,1,270670933,1296,12,1296,12,0,5,15
4,720,21.600000,10000.000000,1,1,270670944,1301,12,1301,12,0,5,15
4,720,21.600000,10000.000000,1,1,270670954,1307,11,1307,11,0,5,15
4,720,21.600000,10000.000000,1,1,270670964,1312,10,1312,10,0,5,15
4,720,21.600000,10000.000000,1,1,270670974,1315,10,1315,10,0,5,15
4,720,21.600000,10000.000000,1,1,270670985,1316,9,1316,9,0,5,15
4,720,21.600000,10000.000000,1,1,270671006,1317,9,1317,9,0,5,15
4,720,21.600000,10000.000000,1,1,270671026,1317,9,1317,9,0,5,15
4,720,21.600000,10000.000000,1,1,270671036,1319,9,1319,9,0,5,15
4,720,21.600000,10000.000000,1,1,270671046,1321,9,1321,9,0,5,15
4,720,21.600000,10000.000000,1,1,270671056,1322,9,1322,9,0,5,15
4,720,21.600000,10000.000000,1,1,270671065,1323,9,1323,9,0,5,15
4,720,21.600000,10000.000000,1,1,270671076,1323,9,1323,9,0,5,15
4,720,21.600000,10000.000000,1,1,270671086,1323,9,1323,9,0,5,15
4,720,21.600000,10000.000000,1,1,270671095,1323,9,1323,9,0,5,15
4,720,21.600000,10000.000000,1,1,270671105,1323,9,1323,9,0,5,15
4,720,21.600000,10000.000000,1,1,270671116,1323,9,1323,9,0,5,15
4,720,21.600000,10000.000000,1,1,270671126,1323,9,1323,9,0,5,15
4,720,21.600000,10000.000000,1,1,270671136,1323,9,1323,9,0,5,15
4,720,21.600000,10000.000000,1,1,270671146,1323,9,1323,9,0,5,15
4,720,21.600000,10000.000000,1,1,270671155,1323,9,1323,9,0,5,15
4,720,21.600000,10000.000000,1,1,270671164,1323,9,1323,9,0,5,15
