4,360,21.600000,10000.000000,1,1,270668222,780,22,780,22,0,5,13
4,360,21.600000,10000.000000,1,1,270668223,780,22,780,22,0,5,13
4,360,21.600000,10000.000000,1,1,270668233,781,22,781,22,0,5,13
4,360,21.600000,10000.000000,1,1,270668244,781,22,781,22,0,5,13
4,360,21.600000,10000.000000,1,1,270668254,782,22,782,22,0,5,13
4,360,21.600000,10000.000000,1,1,270668263,782,22,782,22,0,5,13
4,360,21.600000,10000.000000,1,1,270668274,783,22,783,22,0,5,13
4,360,21.600000,10000.000000,1,1,270668284,788,21,788,21,0,5,13
4,360,21.600000,10000.000000,1,1,270668295,798,21,798,21,0,5,13
4,360,21.600000,10000.000000,1,1,270668306,819,21,819,21,0,5,13
4,360,21.600000,10000.000000,1,1,270668316,846,21,846,21,0,5,13
4,360,21.600000,10000.000000,1,1,270668327,874,21,874,21,0,5,13
4,360,21.600000,10000.000000,1,1,270668337,909,21,909,21,0,5,13
4,360,21.600000,10000.000000,1,1,270668348,948,21,948,21,0,5,13
4,360,21.600000,10000.000000,1,1,270668359,982,21,982,21,0,5,13
4,360,21.600000,10000.000000,1,1,270668369,1016,21,1016,21,0,5,13
4,360,21.600000,10000.000000,1,1,270668380,1045,19,1045,19,0,5,13
4,360,21.600000,10000.000000,1,1,270668391,1060,17,1060,17,0,5,13
4,360,21.600000,10000.000000,1,1,270668402,1069,16,1069,16,0,5,13
4,360,21.600000,10000.000000,1,1,270668413,1074,15,1074,15,0,5,13
4,360,21.600000,10000.000000,1,1,270668424,1078,14,1078,14,0,5,13
4,360,21.600000,10000.000000,1,1,270668435,1082,13,1082,13,0,5,13
4,360,21.600000,10000.000000,1,1,270668446,1086,12,1086,12,0,5,13
4,360,21.600000,10000.000000,1,1,270668456,1091,11,1091,11,0,5,13
4,360,21.600000,10000.000000,1,1,270668466,1097,9,1097,9,0,5,13
4,360,21.600000,10000.000000,1,1,270668477,1103,8,1103,8,0,5,13
4,360,21.600000,10000.000000,1,1,270668488,1108,7,1108,7,0,5,13
4,360,21.600000,10000.000000,1,1,270668499,1113,5,1113,5,0,5,13
4,360,21.600000,10000.000000,1,1,270668510,1118,4,1118,4,0,5,13
4,360,21.600000,10000.000000,1,1,270668521,1123,3,1123,3,0,5,13
4,360,21.600000,10000.000000,1,1,270668530,1127,2,1127,2,0,5,13
4,360,21.600000,10000.000000,1,1,270668542,1129,2,1129,2,0,5,13
4,360,21.600000,10000.000000,1,1,270668554,1130,2,1130,2,0,5,13
4,360,21.600000,10000.000000,1,1,270668565,1130,2,1130,2,0,5,13
4,360,21.600000,10000.000000,1,1,270668585,1130,2,1130,2,0,5,13
4,360,21.600000,10000.000000,1,1,270668595,1130,2,1130,2,0,5,13
4,360,21.600000,10000.000000,1,1,270668605,1130,2,1130,2,0,5,13
4,360,21.600000,10000.000000,1,1,270668615,1131,2,1131,2,0,5,13
4,360,21.600000,10000.000000,1,1,270668626,1132,2,1132,2,0,5,13
4,360,21.600000,10000.000000,1,1,270668636,1133,2,1133,2,0,5,13
4,360,21.600000,10000.000000,1,1,270668646,1133,2,1133,2,0,5,13
4,360,21.600000,10000.000000,1,1,270668658,1134,2,1134,2,0,5,13
4,360,21.600000,10000.000000,1,1,270668668,1134,2,1134,2,0,5,13
4,360,21.600000,10000.000000,1,1,270668678,1134,2,1134,2,0,5,13
4,360,21.600000,10000.000000,1,1,270668697,1134,2,1134,2,0,5,13
4,360,21.600000,10000.000000,1,1,270668707,1134,2,1134,2,0,5,13
4,360,21.600000,10000.000000,1,1,270668717,1134,2,1134,2,0,5,13
4,360,21.600000,10000.000000,1,1,270668727,1134,2,1134,2,0,5,13
4,360,21.600000,10000.000000,1,1,270668737,1134,2,1134,2,0,5,13
