4,720,21.600000,22.608000,0,1,270799282,600,22,600,22,0,5,117
4,720,21.600000,22.608000,0,1,270799283,600,22,600,22,0,5,117
4,720,21.600000,22.608000,0,1,270799293,600,22,600,22,0,5,117
4,720,21.600000,22.608000,0,1,270799304,600,22,600,22,0,5,117
4,720,21.600000,22.608000,0,1,270799314,600,22,600,22,0,5,117
4,720,21.600000,22.608000,0,1,270799325,600,22,600,22,0,5,117
4,720,21.600000,22.608000,0,1,270799335,600,22,600,22,0,5,117
4,720,21.600000,22.608000,0,1,270799346,608,20,608,20,0,5,117
4,720,21.600000,22.608000,0,1,270799357,624,17,624,17,0,5,117
4,720,21.600000,22.608000,0,1,270799368,652,13,652,13,0,5,117
4,720,21.600000,22.608000,0,1,270799380,700,6,700,6,0,5,117
4,720,21.600000,22.608000,0,1,270799391,769,0,769,0,0,5,117
4,720,21.600000,22.608000,0,1,270799401,847,0,847,-7,0,5,117
4,720,21.600000,22.608000,0,1,270799412,934,0,934,-12,0,5,117
4,720,21.600000,22.608000,0,1,270799423,1029,0,1029,-16,0,5,117
4,720,21.600000,22.608000,0,1,270799434,1111,0,1111,-17,0,5,117
4,720,21.600000,22.608000,0,1,270799445,1176,0,1176,-17,0,5,117
4,720,21.600000,22.608000,0,1,270799455,1215,0,1215,-17,0,5,117
4,720,21.600000,22.608000,0,1,270799465,1249,0,1249,-17,0,5,117
4,720,21.600000,22.608000,0,1,270799476,1266,0,1266,-18,0,5,117
4,720,21.600000,22.608000,0,1,270799487,1276,0,1276,-19,0,5,117
4,720,21.600000,22.608000,0,1,270799497,1281,0,1281,-19,0,5,117
4,720,21.600000,22.608000,0,1,270799507,1282,0,1282,-20,0,5,117
4,720,21.600000,22.608000,0,1,270799518,1283,0,1283,-21,0,5,117
4,720,21.600000,22.608000,0,1,270799528,1283,0,1283,-21,0,5,117
4,720,21.600000,22.608000,0,1,270799539,1283,0,1283,-21,0,5,117
4,720,21.600000,22.608000,0,1,270799549,1283,0,1283,-21,0,5,117
4,720,21.600000,22.608000,0,1,270799559,1283,0,1283,-21,0,5,117
4,720,21.600000,22.608000,0,1,270799569,1283,0,1283,-21,0,5,117
4,720,21.600000,22.608000,0,1,270799579,1283,0,1283,-21,0,5,117
4,720,21.600000,22.608000,0,1,270799589,1283,0,1283,-21,0,5,117
4,720,21.600000,22.608000,0,1,270799600,1283,0,1283,-21,0,5,117
4,720,21.600000,22.608000,0,1,270799609,1283,0,1283,-21,0,5,117
4,720,21.600000,22.608000,0,1,270799620,1283,0,1283,-21,0,5,117
4,720,21.600000,22.608000,0,1,270799630,1283,0,1283,-21,0,5,117
4,720,21.600000,22.608000,0,1,270799640,1283,0,1283,-21,0,5,117
4,720,21.600000,22.608000,0,1,270799650,1283,0,1283,-21,0,5,117
4,720,21.600000,22.608000,0,1,270799660,1283,0,1283,-21,0,5,117
4,720,21.600000,22.608000,0,1,270799670,1283,2,1283,-19,0,5,117
4,720,21.600000,22.608000,0,1,270799680,1284,3,1284,-18,0,5,117
4,720,21.600000,22.608000,0,1,270799690,1285,4,1285,-17,0,5,117
4,720,21.600000,22.608000,0,1,270799701,1285,5,1285,-16,0,5,117
4,720,21.600000,22.608000,0,1,270799710,1286,5,1286,-16,0,5,117
4,720,21.600000,22.608000,0,1,270799720,1286,5,1286,-16,0,5,117
4,720,21.600000,22.608000,0,1,270799732,1286,5,1286,-16,0,5,117
4,720,21.600000,22.608000,0,1,270799743,1286,5,1286,-16,0,5,117
4,720,21.600000,22.608000,0,1,270799754,1287,6,1287,-15,0,5,117
4,720,21.600000,22.608000,0,1,270799774,1289,7,1289,-14,0,5,117
4,720,21.600000,22.608000,0,1,270799783,1294,8,1294,-13,0,5,117
4,720,21.600000,22.608000,0,1,270799793,1296,9,1296,-12,0,5,117
4,720,21.600000,22.608000,0,1,270799804,1298,9,1298,-12,0,5,117
4,720,21.600000,22.608000,0,1,270799814,1300,10,1300,-11,0,5,117
4,720,21.600000,22.608000,0,1,270799824,1302,10,1302,-11,0,5,117
4,720,21.600000,22.608000,0,1,270799834,1304,10,1304,-11,0,5,117
4,720,21.600000,22.608000,0,1,270799843,1306,10,1306,-11,0,5,117
4,720,21.600000,22.608000,0,1,270799853,1308,10,1308,-11,0,5,117
4,720,21.600000,22.608000,0,1,270799863,1310,10,1310,-11,0,5,117
4,720,21.600000,22.608000,0,1,270799873,1311,10,1311,-11,0,5,117
4,720,21.600000,22.608000,0,1,270799883,1313,10,1313,-11,0,5,117
4,720,21.600000,22.608000,0,1,270799893,1315,10,1315,-11,0,5,117
4,720,21.600000,22.608000,0,1,270799905,1316,10,1316,-11,0,5,117
4,720,21.600000,22.608000,0,1,270799917,1317,10,1317,-11,0,5,117
4,720,21.600000,22.608000,0,1,270799937,1318,10,1318,-11,0,5,117
4,720,21.600000,22.608000,0,1,270799947,1318,10,1318,-11,0,5,117
4,720,21.600000,22.608000,0,1,270799957,1318,9,1318,-12,0,5,117
4,720,21.600000,22.608000,0,1,270799967,1319,9,1319,-12,0,5,117
4,720,21.600000,22.608000,0,1,270799977,1319,9,1319,-12,0,5,117
4,720,21.600000,22.608000,0,1,270799987,1320,9,1320,-12,0,5,117
4,720,21.600000,22.608000,0,1,270799997,1321,9,1321,-12,0,5,117
4,720,21.600000,22.608000,0,1,270800017,1322,9,1322,-12,0,5,117
