4,360,82.800000,42.984000,1,1,270780708,780,22,780,22,1,5,100
4,360,82.800000,42.984000,1,1,270780709,780,22,780,22,1,5,100
4,360,82.800000,42.984000,1,1,270780718,780,22,780,22,1,5,100
4,360,82.800000,42.984000,1,1,270780728,780,22,780,22,1,5,100
4,360,82.800000,42.984000,1,1,270780737,780,22,780,22,1,5,100
4,360,82.800000,42.984000,1,1,270780747,780,22,780,22,1,5,100
4,360,82.800000,42.984000,1,1,270780757,780,22,780,22,1,5,100
4,360,82.800000,42.984000,1,1,270780767,780,22,780,22,1,5,100
4,360,82.800000,42.984000,1,1,270780777,780,22,780,22,1,5,100
4,360,82.800000,42.984000,1,1,270780787,780,22,780,22,1,5,100
4,360,82.800000,42.984000,1,1,270780807,781,22,781,22,1,5,100
4,360,82.800000,42.984000,1,1,270780817,806,15,806,15,1,5,100
4,360,82.800000,42.984000,1,1,270780827,832,7,832,7,1,5,100
4,360,82.800000,42.984000,1,1,270780838,862,0,862,-2,1,5,100
4,360,82.800000,42.984000,1,1,270780850,903,0,903,-14,1,5,100
4,360,82.800000,42.984000,1,1,270780870,956,0,956,-28,1,5,100
4,360,82.800000,42.984000,1,1,270780890,1043,0,1043,-46,1,5,100
4,360,82.800000,42.984000,1,1,270780900,1097,0,1097,-55,1,5,100
4,360,82.800000,42.984000,1,1,270780910,1107,0,1107,-57,1,5,100
4,360,82.800000,42.984000,1,1,270780920,1111,0,1111,-57,1,5,100
4,360,82.800000,42.984000,1,1,270780929,1113,0,1113,-57,1,5,100
4,360,82.800000,42.984000,1,1,270780949,1113,0,1113,-57,1,5,100
4,360,82.800000,42.984000,1,1,270780958,1113,0,1113,-57,1,5,100
4,360,82.800000,42.984000,1,1,270780968,1113,0,1113,-57,1,5,100
4,360,82.800000,42.984000,1,1,270780978,1113,0,1113,-57,1,5,100
4,360,82.800000,42.984000,1,1,270780988,1113,0,1113,-57,1,5,100
4,360,82.800000,42.984000,1,1,270780998,1113,0,1113,-57,1,5,100
4,360,82.800000,42.984000,1,1,270781008,1113,0,1113,-57,1,5,100
4,360,82.800000,42.984000,1,1,270781018,1113,0,1113,-57,1,5,100
4,360,82.800000,42.984000,1,1,270781028,1113,0,1113,-57,1,5,100
4,360,82.800000,42.984000,1,1,270781038,1113,0,1113,-57,1,5,100
4,360,82.800000,42.984000,1,1,270781048,1113,0,1113,-57,1,5,100
4,360,82.800000,42.984000,1,1,270781058,1113,0,1113,-57,1,5,100
4,360,82.800000,42.984000,1,1,270781069,1113,0,1113,-57,1,5,100
4,360,82.800000,42.984000,1,1,270781079,1113,0,1113,-57,1,5,100
4,360,82.800000,42.984000,1,1,270781089,1115,0,1115,-57,1,5,100
4,360,82.800000,42.984000,1,1,270781099,1118,0,1118,-57,1,5,100
4,360,82.800000,42.984000,1,1,270781109,1121,0,1121,-57,1,5,100
4,360,82.800000,42.984000,1,1,270781119,1124,0,1124,-57,1,5,100
4,360,82.800000,42.984000,1,1,270781129,1127,0,1127,-57,1,5,100
4,360,82.800000,42.984000,1,1,270781139,1129,0,1129,-57,1,5,100
4,360,82.800000,42.984000,1,1,270781149,1130,0,1130,-57,1,5,100
4,360,82.800000,42.984000,1,1,270781158,1130,0,1130,-57,0,5,100
