4,720,50.400000,10000.000000,0,1,270795957,600,22,600,22,0,5,114
4,720,50.400000,10000.000000,0,1,270795958,600,22,600,22,0,5,114
4,720,50.400000,10000.000000,0,1,270795969,600,22,600,22,0,5,114
4,720,50.400000,10000.000000,0,1,270795979,600,22,600,22,0,5,114
4,720,50.400000,10000.000000,0,1,270795989,600,22,600,22,0,5,114
4,720,50.400000,10000.000000,0,1,270796000,600,22,600,22,0,5,114
4,720,50.400000,10000.000000,0,1,270796010,600,22,600,22,0,5,114
4,720,50.400000,10000.000000,0,1,270796021,600,22,600,22,0,5,114
4,720,50.400000,10000.000000,0,1,270796032,601,22,601,22,0,5,114
4,720,50.400000,10000.000000,0,1,270796043,612,22,612,22,0,5,114
4,720,50.400000,10000.000000,0,1,270796054,637,20,637,20,0,5,114
4,720,50.400000,10000.000000,0,1,270796066,677,20,677,20,0,5,114
4,720,50.400000,10000.000000,0,1,270796077,747,18,747,18,0,5,114
4,720,50.400000,10000.000000,0,1,270796087,827,16,827,16,0,5,114
4,720,50.400000,10000.000000,0,1,270796097,918,13,918,13,0,5,114
4,720,50.400000,10000.000000,0,1,270796109,1001,12,1001,12,0,5,114
4,720,50.400000,10000.000000,0,1,270796120,1094,12,1094,12,0,5,114
4,720,50.400000,10000.000000,0,1,270796131,1160,10,1160,10,0,5,114
4,720,50.400000,10000.000000,0,1,270796142,1200,9,1200,9,0,5,114
4,720,50.400000,10000.000000,0,1,270796163,1224,8,1224,8,0,5,114
4,720,50.400000,10000.000000,0,1,270796184,1273,6,1273,6,0,5,114
4,720,50.400000,10000.000000,0,1,270796194,1280,6,1280,6,0,5,114
4,720,50.400000,10000.000000,0,1,270796216,1280,6,1280,6,0,5,114
4,720,50.400000,10000.000000,0,1,270796226,1280,6,1280,6,0,5,114
4,720,50.400000,10000.000000,0,1,270796237,1280,6,1280,6,0,5,114
4,720,50.400000,10000.000000,0,1,270796247,1280,6,1280,6,0,5,114
4,720,50.400000,10000.000000,0,1,270796268,1281,5,1281,5,0,5,114
4,720,50.400000,10000.000000,0,1,270796278,1285,4,1285,4,0,5,114
4,720,50.400000,10000.000000,0,1,270796290,1286,4,1286,4,0,5,114
4,720,50.400000,10000.000000,0,1,270796301,1286,4,1286,4,0,5,114
4,720,50.400000,10000.000000,0,1,270796312,1286,4,1286,4,0,5,114
4,720,50.400000,10000.000000,0,1,270796322,1286,4,1286,4,0,5,114
4,720,50.400000,10000.000000,0,1,270796333,1287,4,1287,4,0,5,114
4,720,50.400000,10000.000000,0,1,270796343,1289,4,1289,4,0,5,114
4,720,50.400000,10000.000000,0,1,270796354,1292,4,1292,4,0,5,114
4,720,50.400000,10000.000000,0,1,270796365,1295,4,1295,4,0,5,114
4,720,50.400000,10000.000000,0,1,270796376,1299,4,1299,4,0,5,114
4,720,50.400000,10000.000000,0,1,270796386,1302,4,1302,4,0,5,114
4,720,50.400000,10000.000000,0,1,270796396,1304,4,1304,4,0,5,114
4,720,50.400000,10000.000000,0,1,270796405,1306,4,1306,4,0,5,114
4,720,50.400000,10000.000000,0,1,270796415,1307,4,1307,4,0,5,114
4,720,50.400000,10000.000000,0,1,270796425,1307,4,1307,4,0,5,114
4,720,50.400000,10000.000000,0,1,270796435,1307,4,1307,4,0,5,114
4,720,50.400000,10000.000000,0,1,270796445,1307,4,1307,4,0,5,114
4,720,50.400000,10000.000000,0,1,270796455,1308,4,1308,4,0,5,114
4,720,50.400000,10000.000000,0,1,270796464,1308,4,1308,4,0,5,114
4,720,50.400000,10000.000000,0,1,270796475,1309,4,1309,4,0,5,114
4,720,50.400000,10000.000000,0,1,270796485,1310,4,1310,4,0,5,114
4,720,50.400000,10000.000000,0,1,270796494,1311,4,1311,4,0,5,114
