4,360,50.400000,12.276000,0,0,270673493,780,0,780,0,0,5,17
4,360,50.400000,12.276000,0,0,270673494,780,0,780,0,0,5,17
4,360,50.400000,12.276000,0,0,270673504,780,0,780,0,0,5,17
4,360,50.400000,12.276000,0,0,270673514,780,0,780,0,0,5,17
4,360,50.400000,12.276000,0,0,270673524,780,0,780,0,0,5,17
4,360,50.400000,12.276000,0,0,270673534,780,0,780,0,0,5,17
4,360,50.400000,12.276000,0,0,270673546,780,0,780,0,0,5,17
4,360,50.400000,12.276000,0,0,270673559,782,0,782,0,0,5,17
4,360,50.400000,12.276000,0,0,270673570,788,0,788,0,0,5,17
4,360,50.400000,12.276000,0,0,270673591,798,0,798,-1,0,5,17
4,360,50.400000,12.276000,0,0,270673602,835,0,835,-3,0,5,17
4,360,50.400000,12.276000,0,0,270673614,855,0,855,-3,0,5,17
4,360,50.400000,12.276000,0,0,270673625,878,0,878,-3,0,5,17
4,360,50.400000,12.276000,0,0,270673635,901,0,901,-3,0,5,17
4,360,50.400000,12.276000,0,0,270673646,923,0,923,-3,0,5,17
4,360,50.400000,12.276000,0,0,270673656,947,0,947,-4,0,5,17
4,360,50.400000,12.276000,0,0,270673667,974,0,974,-5,0,5,17
4,360,50.400000,12.276000,0,0,270673677,994,0,994,-6,0,5,17
4,360,50.400000,12.276000,0,0,270673688,1019,0,1019,-6,0,5,17
4,360,50.400000,12.276000,0,0,270673699,1036,0,1036,-6,0,5,17
4,360,50.400000,12.276000,0,0,270673710,1048,0,1048,-7,0,5,17
4,360,50.400000,12.276000,0,0,270673720,1056,0,1056,-7,0,5,17
4,360,50.400000,12.276000,0,0,270673730,1060,0,1060,-7,0,5,17
4,360,50.400000,12.276000,0,0,270673749,1063,0,1063,-7,0,5,17
4,360,50.400000,12.276000,0,0,270673759,1067,0,1067,-8,0,5,17
4,360,50.400000,12.276000,0,0,270673770,1068,0,1068,-8,0,5,17
4,360,50.400000,12.276000,0,0,270673780,1070,0,1070,-8,0,5,17
4,360,50.400000,12.276000,0,0,270673790,1072,0,1072,-9,0,5,17
4,360,50.400000,12.276000,0,0,270673800,1073,0,1073,-9,0,5,17
4,360,50.400000,12.276000,0,0,270673810,1076,0,1076,-10,0,5,17
4,360,50.400000,12.276000,0,0,270673820,1079,0,1079,-10,0,5,17
4,360,50.400000,12.276000,0,0,270673830,1082,0,1082,-11,0,5,17
4,360,50.400000,12.276000,0,0,270673841,1084,0,1084,-11,0,5,17
4,360,50.400000,12.276000,0,0,270673861,1087,0,1087,-11,0,5,17
4,360,50.400000,12.276000,0,0,270673871,1093,0,1093,-12,0,5,17
4,360,50.400000,12.276000,0,0,270673881,1096,0,1096,-12,0,5,17
4,360,50.400000,12.276000,0,0,270673892,1098,0,1098,-12,0,5,17
4,360,50.400000,12.276000,0,0,270673903,1100,0,1100,-13,0,5,17
4,360,50.400000,12.276000,0,0,270673925,1102,0,1102,-13,0,5,17
4,360,50.400000,12.276000,0,0,270673935,1110,0,1110,-13,0,5,17
4,360,50.400000,12.276000,0,0,270673945,1111,0,1111,-13,0,5,17
4,360,50.400000,12.276000,0,0,270673955,1113,0,1113,-14,0,5,17
4,360,50.400000,12.276000,0,0,270673965,1113,0,1113,-14,0,5,17
4,360,50.400000,12.276000,0,0,270673975,1113,0,1113,-14,0,5,17
4,360,50.400000,12.276000,0,0,270673984,1113,0,1113,-14,0,5,17
4,360,50.400000,12.276000,0,0,270674003,1113,0,1113,-14,0,5,17
4,360,50.400000,12.276000,0,0,270674013,1113,0,1113,-14,0,5,17
4,360,50.400000,12.276000,0,0,270674022,1113,0,1113,-14,0,5,17
4,360,50.400000,12.276000,0,0,270674032,1113,0,1113,-14,0,5,17
4,360,50.400000,12.276000,0,0,270674042,1113,0,1113,-14,0,5,17
4,360,50.400000,12.276000,0,0,270674051,1113,0,1113,-14,0,5,17
4,360,50.400000,12.276000,0,0,270674061,1113,0,1113,-14,0,5,17
4,360,50.400000,12.276000,0,0,270674071,1114,0,1114,-14,0,5,17
4,360,50.400000,12.276000,0,0,270674081,1115,0,1115,-14,0,5,17
4,360,50.400000,12.276000,0,0,270674100,1116,0,1116,-14,0,5,17
4,360,50.400000,12.276000,0,0,270674110,1119,0,1119,-14,0,5,17
4,360,50.400000,12.276000,0,0,270674122,1121,0,1121,-14,0,5,17
4,360,50.400000,12.276000,0,0,270674132,1122,0,1122,-14,0,5,17
4,360,50.400000,12.276000,0,0,270674153,1122,1,1122,-13,0,5,17
4,360,50.400000,12.276000,0,0,270674162,1123,1,1123,-13,0,5,17
