4,720,50.400000,42.984000,0,1,270852697,600,22,600,22,0,6,40
4,720,50.400000,42.984000,0,1,270852698,600,22,600,22,0,6,40
4,720,50.400000,42.984000,0,1,270852708,600,22,600,22,0,6,40
4,720,50.400000,42.984000,0,1,270852719,600,22,600,22,0,6,40
4,720,50.400000,42.984000,0,1,270852729,600,22,600,22,0,6,40
4,720,50.400000,42.984000,0,1,270852748,600,22,600,22,0,6,40
4,720,50.400000,42.984000,0,1,270852760,601,22,601,22,0,6,40
4,720,50.400000,42.984000,0,1,270852779,611,22,611,22,0,6,40
4,720,50.400000,42.984000,0,1,270852790,662,21,662,21,0,6,40
4,720,50.400000,42.984000,0,1,270852802,710,15,710,15,0,6,40
4,720,50.400000,42.984000,0,1,270852813,790,7,790,7,0,6,40
4,720,50.400000,42.984000,0,1,270852824,878,0,878,0,0,6,40
4,720,50.400000,42.984000,0,1,270852843,966,0,966,-3,0,6,40
4,720,50.400000,42.984000,0,1,270852853,1115,0,1115,-5,0,6,40
4,720,50.400000,42.984000,0,1,270852874,1174,0,1174,-5,0,6,40
4,720,50.400000,42.984000,0,1,270852885,1252,1,1252,-4,0,6,40
4,720,50.400000,42.984000,0,1,270852896,1273,2,1273,-3,0,6,40
4,720,50.400000,42.984000,0,1,270852907,1286,2,1286,-3,0,6,40
4,720,50.400000,42.984000,0,1,270852916,1291,2,1291,-3,0,6,40
4,720,50.400000,42.984000,0,1,270852936,1292,2,1292,-3,0,6,40
4,720,50.400000,42.984000,0,1,270852946,1292,2,1292,-3,0,6,40
4,720,50.400000,42.984000,0,1,270852957,1292,2,1292,-3,0,6,40
4,720,50.400000,42.984000,0,1,270852967,1292,2,1292,-3,0,6,40
4,720,50.400000,42.984000,0,1,270852977,1292,2,1292,-3,0,6,40
4,720,50.400000,42.984000,0,1,270852987,1292,2,1292,-3,0,6,40
4,720,50.400000,42.984000,0,1,270852997,1292,2,1292,-3,0,6,40
4,720,50.400000,42.984000,0,1,270853008,1292,2,1292,-3,0,6,40
4,720,50.400000,42.984000,0,1,270853020,1292,2,1292,-3,0,6,40
4,720,50.400000,42.984000,0,1,270853031,1292,2,1292,-3,0,6,40
4,720,50.400000,42.984000,0,1,270853051,1293,2,1293,-3,0,6,40
4,720,50.400000,42.984000,0,1,270853061,1296,3,1296,-2,0,6,40
4,720,50.400000,42.984000,0,1,270853072,1297,3,1297,-2,0,6,40
4,720,50.400000,42.984000,0,1,270853082,1298,3,1298,-2,0,6,40
4,720,50.400000,42.984000,0,1,270853093,1298,3,1298,-2,0,6,40
4,720,50.400000,42.984000,0,1,270853103,1298,3,1298,-2,0,6,40
4,720,50.400000,42.984000,0,1,270853113,1298,4,1298,-1,0,6,40
4,720,50.400000,42.984000,0,1,270853123,1299,4,1299,-1,0,6,40
4,720,50.400000,42.984000,0,1,270853132,1300,5,1300,0,0,6,40
4,720,50.400000,42.984000,0,1,270853145,1303,6,1303,1,0,6,40
4,720,50.400000,42.984000,0,1,270853155,1307,8,1307,3,0,6,40
4,720,50.400000,42.984000,0,1,270853176,1310,9,1310,4,0,6,40
4,720,50.400000,42.984000,0,1,270853196,1315,10,1315,5,0,6,40
4,720,50.400000,42.984000,0,1,270853206,1315,10,1315,5,0,6,40
