4,720,82.800000,22.608000,0,1,270880247,600,22,600,22,0,6,61
4,720,82.800000,22.608000,0,1,270880248,600,22,600,22,0,6,61
4,720,82.800000,22.608000,0,1,270880259,600,22,600,22,0,6,61
4,720,82.800000,22.608000,0,1,270880269,600,22,600,22,0,6,61
4,720,82.800000,22.608000,0,1,270880280,600,22,600,22,0,6,61
4,720,82.800000,22.608000,0,1,270880290,600,22,600,22,0,6,61
4,720,82.800000,22.608000,0,1,270880300,600,22,600,22,0,6,61
4,720,82.800000,22.608000,0,1,270880311,600,22,600,22,0,6,61
4,720,82.800000,22.608000,0,1,270880321,602,22,602,22,0,6,61
4,720,82.800000,22.608000,0,1,270880332,606,22,606,22,0,6,61
4,720,82.800000,22.608000,0,1,270880344,612,21,612,21,0,6,61
4,720,82.800000,22.608000,0,1,270880355,621,20,621,20,0,6,61
4,720,82.800000,22.608000,0,1,270880376,629,19,629,19,0,6,61
4,720,82.800000,22.608000,0,1,270880388,642,16,642,16,0,6,61
4,720,82.800000,22.608000,0,1,270880398,646,16,646,16,0,6,61
4,720,82.800000,22.608000,0,1,270880410,650,15,650,15,0,6,61
4,720,82.800000,22.608000,0,1,270880420,654,15,654,15,0,6,61
4,720,82.800000,22.608000,0,1,270880431,658,15,658,15,0,6,61
4,720,82.800000,22.608000,0,1,270880442,667,15,667,15,0,6,61
4,720,82.800000,22.608000,0,1,270880453,687,15,687,15,0,6,61
4,720,82.800000,22.608000,0,1,270880464,722,15,722,15,0,6,61
4,720,82.800000,22.608000,0,1,270880476,759,13,759,13,0,6,61
4,720,82.800000,22.608000,0,1,270880486,823,8,823,8,0,6,61
4,720,82.800000,22.608000,0,1,270880497,884,4,884,4,0,6,61
4,720,82.800000,22.608000,0,1,270880507,943,0,943,0,0,6,61
4,720,82.800000,22.608000,0,1,270880518,989,0,989,-3,0,6,61
4,720,82.800000,22.608000,0,1,270880528,1047,0,1047,-5,0,6,61
4,720,82.800000,22.608000,0,1,270880539,1092,0,1092,-6,0,6,61
4,720,82.800000,22.608000,0,1,270880549,1134,0,1134,-6,0,6,61
4,720,82.800000,22.608000,0,1,270880560,1161,0,1161,-6,0,6,61
4,720,82.800000,22.608000,0,1,270880571,1179,0,1179,-6,0,6,61
4,720,82.800000,22.608000,0,1,270880581,1188,0,1188,-6,0,6,61
4,720,82.800000,22.608000,0,1,270880591,1189,0,1189,-6,0,6,61
4,720,82.800000,22.608000,0,1,270880601,1190,0,1190,-6,0,6,61
4,720,82.800000,22.608000,0,1,270880611,1190,0,1190,-6,0,6,61
4,720,82.800000,22.608000,0,1,270880621,1190,0,1190,-6,0,6,61
4,720,82.800000,22.608000,0,1,270880632,1190,0,1190,-6,0,6,61
4,720,82.800000,22.608000,0,1,270880643,1190,0,1190,-6,0,6,61
4,720,82.800000,22.608000,0,1,270880653,1190,0,1190,-6,0,6,61
4,720,82.800000,22.608000,0,1,270880663,1190,0,1190,-6,0,6,61
4,720,82.800000,22.608000,0,1,270880685,1190,0,1190,-6,0,6,61
4,720,82.800000,22.608000,0,1,270880695,1190,0,1190,-6,0,6,61
4,720,82.800000,22.608000,0,1,270880705,1190,0,1190,-6,0,6,61
4,720,82.800000,22.608000,0,1,270880724,1190,0,1190,-6,0,6,61
4,720,82.800000,22.608000,0,1,270880736,1190,0,1190,-6,0,6,61
4,720,82.800000,22.608000,0,1,270880746,1190,0,1190,-6,0,6,61
4,720,82.800000,22.608000,0,1,270880756,1190,0,1190,-6,0,6,61
4,720,82.800000,22.608000,0,1,270880767,1191,0,1191,-6,0,6,61
4,720,82.800000,22.608000,0,1,270880777,1194,0,1194,-6,0,6,61
4,720,82.800000,22.608000,0,1,270880788,1198,0,1198,-6,0,6,61
4,720,82.800000,22.608000,0,1,270880798,1203,0,1203,-6,0,6,61
4,720,82.800000,22.608000,0,1,270880808,1210,0,1210,-8,0,6,61
4,720,82.800000,22.608000,0,1,270880818,1220,0,1220,-10,0,6,61
4,720,82.800000,22.608000,0,1,270880829,1228,0,1228,-12,0,6,61
4,720,82.800000,22.608000,0,1,270880840,1236,0,1236,-13,0,6,61
4,720,82.800000,22.608000,0,1,270880851,1245,0,1245,-14,0,6,61
4,720,82.800000,22.608000,0,1,270880863,1251,0,1251,-16,0,6,61
4,720,82.800000,22.608000,0,1,270880873,1256,0,1256,-17,0,6,61
4,720,82.800000,22.608000,0,1,270880883,1259,0,1259,-17,0,6,61
4,720,82.800000,22.608000,0,1,270880894,1260,0,1260,-18,0,6,61
4,720,82.800000,22.608000,0,1,270880904,1262,0,1262,-18,0,6,61
4,720,82.800000,22.608000,0,1,270880913,1262,0,1262,-18,0,6,61
4,720,82.800000,22.608000,0,1,270880924,1262,0,1262,-18,0,6,61
4,720,82.800000,22.608000,0,1,270880935,1262,0,1262,-18,0,6,61
4,720,82.800000,22.608000,0,1,270880945,1262,0,1262,-18,0,6,61
4,720,82.800000,22.608000,0,1,270880955,1262,0,1262,-18,0,6,61
4,720,82.800000,22.608000,0,1,270880965,1262,0,1262,-18,0,6,61
4,720,82.800000,22.608000,0,1,270880984,1262,0,1262,-18,0,6,61
4,720,82.800000,22.608000,0,1,270880994,1262,0,1262,-18,0,6,61
4,720,82.800000,22.608000,0,1,270881004,1263,0,1263,-18,0,6,61
4,720,82.800000,22.608000,0,1,270881014,1264,0,1264,-18,0,6,61
4,720,82.800000,22.608000,0,1,270881023,1266,0,1266,-18,0,6,61
4,720,82.800000,22.608000,0,1,270881033,1268,0,1268,-18,0,6,61
4,720,82.800000,22.608000,0,1,270881042,1270,0,1270,-18,0,6,61
4,720,82.800000,22.608000,0,1,270881052,1271,0,1271,-18,0,6,61
4,720,82.800000,22.608000,0,1,270881072,1272,0,1272,-18,0,6,61
4,720,82.800000,22.608000,0,1,270881083,1273,0,1273,-18,0,6,61
4,720,82.800000,22.608000,0,1,270881093,1274,0,1274,-18,0,6,61
4,720,82.800000,22.608000,0,1,270881103,1274,0,1274,-18,0,6,61
4,720,82.800000,22.608000,0,1,270881113,1274,0,1274,-18,0,6,61
4,720,82.800000,22.608000,0,1,270881123,1275,0,1275,-18,0,6,61
4,720,82.800000,22.608000,0,1,270881133,1276,0,1276,-18,0,6,61
4,720,82.800000,22.608000,0,1,270881143,1277,0,1277,-18,0,6,61
4,720,82.800000,22.608000,0,1,270881154,1278,0,1278,-18,0,6,61
4,720,82.800000,22.608000,0,1,270881165,1281,0,1281,-18,0,6,61
4,720,82.800000,22.608000,0,1,270881177,1285,0,1285,-18,0,6,61
4,720,82.800000,22.608000,0,1,270881188,1290,1,1290,-17,0,6,61
4,720,82.800000,22.608000,0,1,270881209,1295,3,1295,-15,0,6,61
4,720,82.800000,22.608000,0,1,270881220,1305,5,1305,-13,0,6,61
4,720,82.800000,22.608000,0,1,270881230,1309,6,1309,-12,0,6,61
4,720,82.800000,22.608000,0,1,270881240,1312,6,1312,-12,0,6,61
4,720,82.800000,22.608000,0,1,270881250,1314,6,1314,-12,0,6,61
4,720,82.800000,22.608000,0,1,270881259,1316,6,1316,-12,0,6,61
