4,360,50.400000,0.000000,1,1,270859500,780,22,780,22,0,6,46
4,360,50.400000,0.000000,1,1,270859501,780,22,780,22,0,6,46
4,360,50.400000,0.000000,1,1,270859512,781,22,781,22,0,6,46
4,360,50.400000,0.000000,1,1,270859523,782,22,782,22,0,6,46
4,360,50.400000,0.000000,1,1,270859535,782,22,782,22,0,6,46
4,360,50.400000,0.000000,1,1,270859545,783,22,783,22,0,6,46
4,360,50.400000,0.000000,1,1,270859556,784,22,784,22,0,6,46
4,360,50.400000,0.000000,1,1,270859567,790,21,790,21,0,6,46
4,360,50.400000,0.000000,1,1,270859579,802,19,802,19,0,6,46
4,360,50.400000,0.000000,1,1,270859590,820,17,820,17,0,6,46
4,360,50.400000,0.000000,1,1,270859602,844,14,844,14,0,6,46
4,360,50.400000,0.000000,1,1,270859613,883,11,883,11,0,6,46
4,360,50.400000,0.000000,1,1,270859623,923,7,923,7,0,6,46
4,360,50.400000,0.000000,1,1,270859634,965,4,965,4,0,6,46
4,360,50.400000,0.000000,1,1,270859645,996,3,996,3,0,6,46
4,360,50.400000,0.000000,1,1,270859656,1022,2,1022,2,0,6,46
4,360,50.400000,0.000000,1,1,270859666,1038,2,1038,2,0,6,46
4,360,50.400000,0.000000,1,1,270859676,1044,1,1044,1,0,6,46
4,360,50.400000,0.000000,1,1,270859688,1051,0,1051,0,0,6,46
4,360,50.400000,0.000000,1,1,270859698,1051,0,1051,0,0,6,46
4,360,50.400000,0.000000,1,1,270859709,1051,0,1051,0,0,6,46
4,360,50.400000,0.000000,1,1,270859719,1051,0,1051,0,0,6,46
4,360,50.400000,0.000000,1,1,270859731,1051,0,1051,0,0,6,46
4,360,50.400000,0.000000,1,1,270859741,1051,0,1051,0,0,6,46
4,360,50.400000,0.000000,1,1,270859752,1051,0,1051,0,0,6,46
4,360,50.400000,0.000000,1,1,270859762,1051,0,1051,0,0,6,46
4,360,50.400000,0.000000,1,1,270859772,1051,0,1051,0,0,6,46
4,360,50.400000,0.000000,1,1,270859783,1051,0,1051,0,0,6,46
4,360,50.400000,0.000000,1,1,270859794,1051,0,1051,0,0,6,46
4,360,50.400000,0.000000,1,1,270859805,1051,0,1051,0,0,6,46
4,360,50.400000,0.000000,1,1,270859815,1051,0,1051,0,0,6,46
4,360,50.400000,0.000000,1,1,270859826,1051,0,1051,0,0,6,46
4,360,50.400000,0.000000,1,1,270859836,1053,0,1053,0,0,6,46
4,360,50.400000,0.000000,1,1,270859847,1054,0,1054,0,0,6,46
4,360,50.400000,0.000000,1,1,270859858,1056,0,1056,0,0,6,46
4,360,50.400000,0.000000,1,1,270859868,1059,0,1059,0,0,6,46
4,360,50.400000,0.000000,1,1,270859880,1063,0,1063,0,0,6,46
4,360,50.400000,0.000000,1,1,270859891,1067,0,1067,0,0,6,46
4,360,50.400000,0.000000,1,1,270859901,1072,0,1072,0,0,6,46
4,360,50.400000,0.000000,1,1,270859912,1078,0,1078,0,0,6,46
4,360,50.400000,0.000000,1,1,270859923,1084,0,1084,0,0,6,46
4,360,50.400000,0.000000,1,1,270859933,1090,0,1090,0,0,6,46
4,360,50.400000,0.000000,1,1,270859944,1094,0,1094,0,0,6,46
4,360,50.400000,0.000000,1,1,270859954,1098,1,1098,1,0,6,46
4,360,50.400000,0.000000,1,1,270859964,1100,1,1100,1,0,6,46
4,360,50.400000,0.000000,1,1,270859974,1102,1,1102,1,0,6,46
4,360,50.400000,0.000000,1,1,270859985,1103,2,1103,2,0,6,46
4,360,50.400000,0.000000,1,1,270859996,1104,2,1104,2,0,6,46
4,360,50.400000,0.000000,1,1,270860006,1105,2,1105,2,0,6,46
4,360,50.400000,0.000000,1,1,270860016,1107,2,1107,2,0,6,46
4,360,50.400000,0.000000,1,1,270860026,1110,2,1110,2,0,6,46
4,360,50.400000,0.000000,1,1,270860036,1112,2,1112,2,0,6,46
4,360,50.400000,0.000000,1,1,270860046,1115,2,1115,2,0,6,46
4,360,50.400000,0.000000,1,1,270860056,1117,2,1117,2,0,6,46
4,360,50.400000,0.000000,1,1,270860066,1117,2,1117,2,0,6,46
4,360,50.400000,0.000000,1,1,270860078,1117,2,1117,2,0,6,46
4,360,50.400000,0.000000,1,1,270860090,1117,2,1117,2,0,6,46
4,360,50.400000,0.000000,1,1,270860110,1117,2,1117,2,0,6,46
4,360,50.400000,0.000000,1,1,270860122,1118,2,1118,2,0,6,46
4,360,50.400000,0.000000,1,1,270860142,1120,2,1120,2,0,6,46
