4,720,82.800000,42.984000,1,0,270924792,600,0,600,0,0,6,100
4,720,82.800000,42.984000,1,0,270924793,600,0,600,0,0,6,100
4,720,82.800000,42.984000,1,0,270924804,604,0,604,0,0,6,100
4,720,82.800000,42.984000,1,0,270924816,605,0,605,0,0,6,100
4,720,82.800000,42.984000,1,0,270924826,605,0,605,0,0,6,100
4,720,82.800000,42.984000,1,0,270924838,606,0,606,0,0,6,100
4,720,82.800000,42.984000,1,0,270924857,609,0,609,0,0,6,100
4,720,82.800000,42.984000,1,0,270924868,633,0,633,0,0,6,100
4,720,82.800000,42.984000,1,0,270924891,659,0,659,0,0,6,100
4,720,82.800000,42.984000,1,0,270924902,780,0,780,-1,0,6,100
4,720,82.800000,42.984000,1,0,270924913,855,0,855,-2,0,6,100
4,720,82.800000,42.984000,1,0,270924925,923,0,923,-2,0,6,100
4,720,82.800000,42.984000,1,0,270924937,1002,0,1002,-2,0,6,100
4,720,82.800000,42.984000,1,0,270924948,1070,0,1070,-3,0,6,100
4,720,82.800000,42.984000,1,0,270924968,1132,0,1132,-6,0,6,100
4,720,82.800000,42.984000,1,0,270924979,1203,0,1203,-9,0,6,100
4,720,82.800000,42.984000,1,0,270924990,1231,0,1231,-10,0,6,100
4,720,82.800000,42.984000,1,0,270925001,1248,0,1248,-10,0,6,100
4,720,82.800000,42.984000,1,0,270925012,1255,0,1255,-11,0,6,100
4,720,82.800000,42.984000,1,0,270925022,1256,0,1256,-11,0,6,100
4,720,82.800000,42.984000,1,0,270925043,1256,0,1256,-11,0,6,100
4,720,82.800000,42.984000,1,0,270925054,1256,0,1256,-11,0,6,100
4,720,82.800000,42.984000,1,0,270925064,1256,0,1256,-11,0,6,100
4,720,82.800000,42.984000,1,0,270925075,1256,0,1256,-11,0,6,100
4,720,82.800000,42.984000,1,0,270925086,1256,0,1256,-11,0,6,100
4,720,82.800000,42.984000,1,0,270925097,1256,0,1256,-11,0,6,100
4,720,82.800000,42.984000,1,0,270925107,1256,0,1256,-11,0,6,100
4,720,82.800000,42.984000,1,0,270925118,1256,0,1256,-11,0,6,100
4,720,82.800000,42.984000,1,0,270925129,1256,0,1256,-11,0,6,100
4,720,82.800000,42.984000,1,0,270925139,1256,0,1256,-11,0,6,100
4,720,82.800000,42.984000,1,0,270925149,1256,0,1256,-11,0,6,100
4,720,82.800000,42.984000,1,0,270925159,1256,0,1256,-11,0,6,100
4,720,82.800000,42.984000,1,0,270925170,1256,0,1256,-11,0,6,100
4,720,82.800000,42.984000,1,0,270925180,1256,0,1256,-11,0,6,100
4,720,82.800000,42.984000,1,0,270925192,1256,0,1256,-11,0,6,100
4,720,82.800000,42.984000,1,0,270925203,1259,0,1259,-11,0,6,100
4,720,82.800000,42.984000,1,0,270925214,1263,0,1263,-11,0,6,100
4,720,82.800000,42.984000,1,0,270925226,1268,0,1268,-11,0,6,100
4,720,82.800000,42.984000,1,0,270925237,1274,0,1274,-11,0,6,100
4,720,82.800000,42.984000,1,0,270925249,1280,0,1280,-11,0,6,100
4,720,82.800000,42.984000,1,0,270925260,1288,2,1288,-9,0,6,100
4,720,82.800000,42.984000,1,0,270925271,1294,2,1294,-9,0,6,100
4,720,82.800000,42.984000,1,0,270925282,1299,2,1299,-9,0,6,100
4,720,82.800000,42.984000,1,0,270925292,1300,2,1300,-9,0,6,100
4,720,82.800000,42.984000,1,0,270925303,1300,2,1300,-9,0,6,100
4,720,82.800000,42.984000,1,0,270925314,1300,2,1300,-9,0,6,100
4,720,82.800000,42.984000,1,0,270925325,1300,2,1300,-9,0,6,100
4,720,82.800000,42.984000,1,0,270925337,1300,2,1300,-9,0,6,100
4,720,82.800000,42.984000,1,0,270925357,1300,2,1300,-9,0,6,100
