4,720,82.800000,0.000000,1,0,270853731,600,0,600,0,0,6,41
4,720,82.800000,0.000000,1,0,270853732,600,0,600,0,0,6,41
4,720,82.800000,0.000000,1,0,270853743,600,0,600,0,0,6,41
4,720,82.800000,0.000000,1,0,270853757,600,0,600,0,0,6,41
4,720,82.800000,0.000000,1,0,270853768,600,0,600,0,0,6,41
4,720,82.800000,0.000000,1,0,270853778,600,0,600,0,0,6,41
4,720,82.800000,0.000000,1,0,270853789,600,0,600,0,0,6,41
4,720,82.800000,0.000000,1,0,270853800,600,0,600,0,0,6,41
4,720,82.800000,0.000000,1,0,270853811,607,0,607,-1,0,6,41
4,720,82.800000,0.000000,1,0,270853833,622,0,622,-3,0,6,41
4,720,82.800000,0.000000,1,0,270853844,688,0,688,-11,0,6,41
4,720,82.800000,0.000000,1,0,270853855,753,0,753,-16,0,6,41
4,720,82.800000,0.000000,1,0,270853866,823,0,823,-20,0,6,41
4,720,82.800000,0.000000,1,0,270853877,899,0,899,-21,0,6,41
4,720,82.800000,0.000000,1,0,270853888,970,0,970,-22,0,6,41
4,720,82.800000,0.000000,1,0,270853899,1031,0,1031,-22,0,6,41
4,720,82.800000,0.000000,1,0,270853920,1084,1,1084,-21,0,6,41
4,720,82.800000,0.000000,1,0,270853931,1151,3,1151,-19,0,6,41
4,720,82.800000,0.000000,1,0,270853942,1166,4,1166,-18,0,6,41
4,720,82.800000,0.000000,1,0,270853953,1176,5,1176,-17,0,6,41
4,720,82.800000,0.000000,1,0,270853963,1180,5,1180,-17,0,6,41
4,720,82.800000,0.000000,1,0,270853974,1182,5,1182,-17,0,6,41
4,720,82.800000,0.000000,1,0,270853984,1184,5,1184,-17,0,6,41
4,720,82.800000,0.000000,1,0,270854004,1186,5,1186,-17,0,6,41
4,720,82.800000,0.000000,1,0,270854014,1191,5,1191,-17,0,6,41
4,720,82.800000,0.000000,1,0,270854025,1193,5,1193,-17,0,6,41
4,720,82.800000,0.000000,1,0,270854036,1195,5,1195,-17,0,6,41
4,720,82.800000,0.000000,1,0,270854048,1195,5,1195,-17,0,6,41
4,720,82.800000,0.000000,1,0,270854058,1195,5,1195,-17,0,6,41
4,720,82.800000,0.000000,1,0,270854070,1195,5,1195,-17,0,6,41
4,720,82.800000,0.000000,1,0,270854090,1196,5,1196,-17,0,6,41
4,720,82.800000,0.000000,1,0,270854101,1201,6,1201,-16,0,6,41
4,720,82.800000,0.000000,1,0,270854112,1205,6,1205,-16,0,6,41
4,720,82.800000,0.000000,1,0,270854123,1209,6,1209,-16,0,6,41
4,720,82.800000,0.000000,1,0,270854134,1214,6,1214,-16,0,6,41
4,720,82.800000,0.000000,1,0,270854147,1218,6,1218,-16,0,6,41
4,720,82.800000,0.000000,1,0,270854157,1222,6,1222,-16,0,6,41
4,720,82.800000,0.000000,1,0,270854168,1225,6,1225,-16,0,6,41
4,720,82.800000,0.000000,1,0,270854178,1227,6,1227,-16,0,6,41
4,720,82.800000,0.000000,1,0,270854188,1229,6,1229,-16,0,6,41
4,720,82.800000,0.000000,1,0,270854199,1233,6,1233,-16,0,6,41
4,720,82.800000,0.000000,1,0,270854210,1238,7,1238,-15,0,6,41
4,720,82.800000,0.000000,1,0,270854221,1243,7,1243,-15,0,6,41
4,720,82.800000,0.000000,1,0,270854233,1248,7,1248,-15,0,6,41
4,720,82.800000,0.000000,1,0,270854244,1254,7,1254,-15,0,6,41
4,720,82.800000,0.000000,1,0,270854254,1261,6,1261,-16,0,6,41
4,720,82.800000,0.000000,1,0,270854264,1271,6,1271,-16,0,6,41
4,720,82.800000,0.000000,1,0,270854276,1279,6,1279,-16,0,6,41
4,720,82.800000,0.000000,1,0,270854286,1287,6,1287,-16,0,6,41
4,720,82.800000,0.000000,1,0,270854297,1295,6,1295,-16,0,6,41
4,720,82.800000,0.000000,1,0,270854307,1300,6,1300,-16,0,6,41
4,720,82.800000,0.000000,1,0,270854319,1303,6,1303,-16,0,6,41
4,720,82.800000,0.000000,1,0,270854329,1306,6,1306,-16,0,6,41
4,720,82.800000,0.000000,1,0,270854349,1306,5,1306,-17,0,6,41
4,720,82.800000,0.000000,1,0,270854359,1306,5,1306,-17,0,6,41
4,720,82.800000,0.000000,1,0,270854367,1306,5,1306,-17,0,6,41
