4,720,82.800000,10000.000000,1,1,271027781,600,22,600,22,0,7,65
4,720,82.800000,10000.000000,1,1,271027783,600,22,600,22,0,7,65
4,720,82.800000,10000.000000,1,1,271027794,606,22,606,22,0,7,65
4,720,82.800000,10000.000000,1,1,271027804,610,22,610,22,0,7,65
4,720,82.800000,10000.000000,1,1,271027815,613,22,613,22,0,7,65
4,720,82.800000,10000.000000,1,1,271027827,615,22,615,22,0,7,65
4,720,82.800000,10000.000000,1,1,271027839,618,22,618,22,0,7,65
4,720,82.800000,10000.000000,1,1,271027859,625,22,625,22,0,7,65
4,720,82.800000,10000.000000,1,1,271027869,665,22,665,22,0,7,65
4,720,82.800000,10000.000000,1,1,271027880,711,19,711,19,0,7,65
4,720,82.800000,10000.000000,1,1,271027891,779,12,779,12,0,7,65
4,720,82.800000,10000.000000,1,1,271027901,867,4,867,4,0,7,65
4,720,82.800000,10000.000000,1,1,271027911,946,0,946,-2,0,7,65
4,720,82.800000,10000.000000,1,1,271027922,1035,0,1035,-6,0,7,65
4,720,82.800000,10000.000000,1,1,271027933,1105,0,1105,-7,0,7,65
4,720,82.800000,10000.000000,1,1,271027943,1168,0,1168,-8,0,7,65
4,720,82.800000,10000.000000,1,1,271027953,1208,0,1208,-8,0,7,65
4,720,82.800000,10000.000000,1,1,271027964,1234,0,1234,-8,0,7,65
4,720,82.800000,10000.000000,1,1,271027974,1244,0,1244,-8,0,7,65
4,720,82.800000,10000.000000,1,1,271027985,1247,0,1247,-8,0,7,65
4,720,82.800000,10000.000000,1,1,271027996,1247,0,1247,-8,0,7,65
4,720,82.800000,10000.000000,1,1,271028007,1247,0,1247,-8,0,7,65
4,720,82.800000,10000.000000,1,1,271028017,1247,0,1247,-8,0,7,65
4,720,82.800000,10000.000000,1,1,271028028,1247,0,1247,-8,0,7,65
4,720,82.800000,10000.000000,1,1,271028039,1247,0,1247,-8,0,7,65
4,720,82.800000,10000.000000,1,1,271028050,1247,0,1247,-8,0,7,65
4,720,82.800000,10000.000000,1,1,271028060,1247,0,1247,-8,0,7,65
4,720,82.800000,10000.000000,1,1,271028072,1247,0,1247,-8,0,7,65
4,720,82.800000,10000.000000,1,1,271028082,1247,0,1247,-8,0,7,65
4,720,82.800000,10000.000000,1,1,271028092,1247,0,1247,-8,0,7,65
4,720,82.800000,10000.000000,1,1,271028103,1247,0,1247,-8,0,7,65
4,720,82.800000,10000.000000,1,1,271028113,1247,0,1247,-8,0,7,65
4,720,82.800000,10000.000000,1,1,271028124,1247,0,1247,-8,0,7,65
4,720,82.800000,10000.000000,1,1,271028135,1247,0,1247,-8,0,7,65
4,720,82.800000,10000.000000,1,1,271028145,1247,0,1247,-8,0,7,65
4,720,82.800000,10000.000000,1,1,271028155,1248,0,1248,-8,0,7,65
4,720,82.800000,10000.000000,1,1,271028166,1249,2,1249,-6,0,7,65
4,720,82.800000,10000.000000,1,1,271028178,1252,4,1252,-4,0,7,65
4,720,82.800000,10000.000000,1,1,271028189,1255,7,1255,-1,0,7,65
4,720,82.800000,10000.000000,1,1,271028200,1258,10,1258,2,0,7,65
4,720,82.800000,10000.000000,1,1,271028210,1262,11,1262,3,0,7,65
4,720,82.800000,10000.000000,1,1,271028221,1266,11,1266,3,0,7,65
4,720,82.800000,10000.000000,1,1,271028233,1271,11,1271,3,0,7,65
4,720,82.800000,10000.000000,1,1,271028246,1277,11,1277,3,0,7,65
4,720,82.800000,10000.000000,1,1,271028257,1283,11,1283,3,0,7,65
4,720,82.800000,10000.000000,1,1,271028269,1287,11,1287,3,0,7,65
4,720,82.800000,10000.000000,1,1,271028279,1289,11,1289,3,0,7,65
4,720,82.800000,10000.000000,1,1,271028299,1289,11,1289,3,0,7,65
4,720,82.800000,10000.000000,1,1,271028310,1290,11,1290,3,0,7,65
4,720,82.800000,10000.000000,1,1,271028320,1291,11,1291,3,0,7,65
4,720,82.800000,10000.000000,1,1,271028331,1292,11,1292,3,0,7,65
4,720,82.800000,10000.000000,1,1,271028342,1293,10,1293,2,0,7,65
4,720,82.800000,10000.000000,1,1,271028363,1294,9,1294,1,0,7,65
4,720,82.800000,10000.000000,1,1,271028373,1297,8,1297,0,0,7,65
4,720,82.800000,10000.000000,1,1,271028394,1298,7,1298,-1,0,7,65
4,720,82.800000,10000.000000,1,1,271028404,1298,6,1298,-2,0,7,65
4,720,82.800000,10000.000000,1,1,271028413,1298,5,1298,-3,0,7,65
