4,720,82.800000,12.276000,0,1,271082613,600,22,600,22,0,7,112
4,720,82.800000,12.276000,0,1,271082614,600,22,600,22,0,7,112
4,720,82.800000,12.276000,0,1,271082625,605,22,605,22,0,7,112
4,720,82.800000,12.276000,0,1,271082635,610,21,610,21,0,7,112
4,720,82.800000,12.276000,0,1,271082646,618,21,618,21,0,7,112
4,720,82.800000,12.276000,0,1,271082656,634,21,634,21,0,7,112
4,720,82.800000,12.276000,0,1,271082667,663,21,663,21,0,7,112
4,720,82.800000,12.276000,0,1,271082678,702,21,702,21,0,7,112
4,720,82.800000,12.276000,0,1,271082689,758,21,758,21,0,7,112
4,720,82.800000,12.276000,0,1,271082700,824,19,824,19,0,7,112
4,720,82.800000,12.276000,0,1,271082712,896,19,896,19,0,7,112
4,720,82.800000,12.276000,0,1,271082725,961,19,961,19,0,7,112
4,720,82.800000,12.276000,0,1,271082736,1029,19,1029,19,0,7,112
4,720,82.800000,12.276000,0,1,271082747,1079,19,1079,19,0,7,112
4,720,82.800000,12.276000,0,1,271082769,1130,21,1130,21,0,7,112
4,720,82.800000,12.276000,0,1,271082779,1199,22,1199,22,0,7,112
4,720,82.800000,12.276000,0,1,271082792,1223,22,1223,22,0,7,112
4,720,82.800000,12.276000,0,1,271082802,1244,22,1244,22,0,7,112
4,720,82.800000,12.276000,0,1,271082814,1258,22,1258,22,0,7,112
4,720,82.800000,12.276000,0,1,271082825,1267,22,1267,22,0,7,112
4,720,82.800000,12.276000,0,1,271082835,1271,22,1271,22,0,7,112
4,720,82.800000,12.276000,0,1,271082846,1271,22,1271,22,0,7,112
4,720,82.800000,12.276000,0,1,271082857,1271,22,1271,22,0,7,112
4,720,82.800000,12.276000,0,1,271082868,1271,22,1271,22,0,7,112
4,720,82.800000,12.276000,0,1,271082879,1271,22,1271,22,0,7,112
4,720,82.800000,12.276000,0,1,271082889,1271,22,1271,22,0,7,112
4,720,82.800000,12.276000,0,1,271082900,1271,22,1271,22,0,7,112
4,720,82.800000,12.276000,0,1,271082911,1272,22,1272,22,0,7,112
4,720,82.800000,12.276000,0,1,271082923,1273,22,1273,22,0,7,112
4,720,82.800000,12.276000,0,1,271082934,1276,20,1276,20,0,7,112
4,720,82.800000,12.276000,0,1,271082945,1279,19,1279,19,0,7,112
4,720,82.800000,12.276000,0,1,271082956,1282,17,1282,17,0,7,112
4,720,82.800000,12.276000,0,1,271082967,1285,16,1285,16,0,7,112
4,720,82.800000,12.276000,0,1,271082979,1287,14,1287,14,0,7,112
4,720,82.800000,12.276000,0,1,271082989,1289,13,1289,13,0,7,112
4,720,82.800000,12.276000,0,1,271083000,1289,13,1289,13,0,7,112
4,720,82.800000,12.276000,0,1,271083011,1289,13,1289,13,0,7,112
4,720,82.800000,12.276000,0,1,271083021,1289,13,1289,13,0,7,112
4,720,82.800000,12.276000,0,1,271083032,1289,13,1289,13,0,7,112
4,720,82.800000,12.276000,0,1,271083042,1289,13,1289,13,0,7,112
4,720,82.800000,12.276000,0,1,271083053,1289,13,1289,13,0,7,112
4,720,82.800000,12.276000,0,1,271083065,1290,13,1290,13,0,7,112
4,720,82.800000,12.276000,0,1,271083086,1291,12,1291,12,0,7,112
4,720,82.800000,12.276000,0,1,271083096,1294,11,1294,11,0,7,112
