4,360,21.600000,22.608000,1,1,271043841,780,22,780,22,0,7,77
4,360,21.600000,22.608000,1,1,271043842,780,22,780,22,0,7,77
4,360,21.600000,22.608000,1,1,271043853,782,22,782,22,0,7,77
4,360,21.600000,22.608000,1,1,271043864,786,22,786,22,0,7,77
4,360,21.600000,22.608000,1,1,271043876,792,22,792,22,0,7,77
4,360,21.600000,22.608000,1,1,271043896,801,22,801,22,0,7,77
4,360,21.600000,22.608000,1,1,271043907,834,21,834,21,0,7,77
4,360,21.600000,22.608000,1,1,271043919,861,19,861,19,0,7,77
4,360,21.600000,22.608000,1,1,271043930,891,18,891,18,0,7,77
4,360,21.600000,22.608000,1,1,271043942,921,17,921,17,0,7,77
4,360,21.600000,22.608000,1,1,271043953,957,16,957,16,0,7,77
4,360,21.600000,22.608000,1,1,271043964,986,16,986,16,0,7,77
4,360,21.600000,22.608000,1,1,271043975,1010,16,1010,16,0,7,77
4,360,21.600000,22.608000,1,1,271043987,1033,16,1033,16,0,7,77
4,360,21.600000,22.608000,1,1,271043998,1050,16,1050,16,0,7,77
4,360,21.600000,22.608000,1,1,271044009,1062,15,1062,15,0,7,77
4,360,21.600000,22.608000,1,1,271044022,1072,14,1072,14,0,7,77
4,360,21.600000,22.608000,1,1,271044037,1081,14,1081,14,0,7,77
4,360,21.600000,22.608000,1,1,271044050,1086,13,1086,13,0,7,77
4,360,21.600000,22.608000,1,1,271044061,1089,13,1089,13,0,7,77
4,360,21.600000,22.608000,1,1,271044082,1090,13,1090,13,0,7,77
4,360,21.600000,22.608000,1,1,271044093,1092,12,1092,12,0,7,77
4,360,21.600000,22.608000,1,1,271044104,1093,12,1093,12,0,7,77
4,360,21.600000,22.608000,1,1,271044114,1095,12,1095,12,0,7,77
4,360,21.600000,22.608000,1,1,271044125,1096,11,1096,11,0,7,77
4,360,21.600000,22.608000,1,1,271044135,1098,11,1098,11,0,7,77
4,360,21.600000,22.608000,1,1,271044146,1100,11,1100,11,0,7,77
4,360,21.600000,22.608000,1,1,271044158,1100,11,1100,11,0,7,77
4,360,21.600000,22.608000,1,1,271044168,1101,11,1101,11,0,7,77
4,360,21.600000,22.608000,1,1,271044179,1101,11,1101,11,0,7,77
4,360,21.600000,22.608000,1,1,271044190,1102,11,1102,11,0,7,77
4,360,21.600000,22.608000,1,1,271044201,1103,11,1103,11,0,7,77
4,360,21.600000,22.608000,1,1,271044211,1105,11,1105,11,0,7,77
4,360,21.600000,22.608000,1,1,271044223,1107,11,1107,11,0,7,77
4,360,21.600000,22.608000,1,1,271044235,1109,11,1109,11,0,7,77
4,360,21.600000,22.608000,1,1,271044246,1112,10,1112,10,0,7,77
4,360,21.600000,22.608000,1,1,271044258,1115,10,1115,10,0,7,77
4,360,21.600000,22.608000,1,1,271044268,1116,10,1116,10,0,7,77
4,360,21.600000,22.608000,1,1,271044279,1118,10,1118,10,0,7,77
4,360,21.600000,22.608000,1,1,271044289,1119,10,1119,10,0,7,77
4,360,21.600000,22.608000,1,1,271044299,1120,10,1120,10,0,7,77
4,360,21.600000,22.608000,1,1,271044310,1122,10,1122,10,0,7,77
4,360,21.600000,22.608000,1,1,271044320,1124,9,1124,9,0,7,77
4,360,21.600000,22.608000,1,1,271044331,1125,9,1125,9,0,7,77
4,360,21.600000,22.608000,1,1,271044342,1126,9,1126,9,0,7,77
4,360,21.600000,22.608000,1,1,271044354,1127,9,1127,9,0,7,77
4,360,21.600000,22.608000,1,1,271044364,1128,9,1128,9,0,7,77
4,360,21.600000,22.608000,1,1,271044374,1129,9,1129,9,0,7,77
4,360,21.600000,22.608000,1,1,271044385,1129,9,1129,9,0,7,77
4,360,21.600000,22.608000,1,1,271044405,1130,9,1130,9,0,7,77
4,360,21.600000,22.608000,1,1,271044415,1132,9,1132,9,0,7,77
4,360,21.600000,22.608000,1,1,271044425,1132,9,1132,9,0,7,77
4,360,21.600000,22.608000,1,1,271044436,1133,8,1133,8,0,7,77
4,360,21.600000,22.608000,1,1,271044445,1134,8,1134,8,0,7,77
