4,720,21.600000,12.276000,0,1,271035952,600,22,600,22,0,7,72
4,720,21.600000,12.276000,0,1,271035953,600,22,600,22,0,7,72
4,720,21.600000,12.276000,0,1,271035963,600,22,600,22,0,7,72
4,720,21.600000,12.276000,0,1,271035974,600,22,600,22,0,7,72
4,720,21.600000,12.276000,0,1,271035984,600,22,600,22,0,7,72
4,720,21.600000,12.276000,0,1,271035995,600,22,600,22,0,7,72
4,720,21.600000,12.276000,0,1,271036007,600,22,600,22,0,7,72
4,720,21.600000,12.276000,0,1,271036019,605,23,605,23,0,7,72
4,720,21.600000,12.276000,0,1,271036030,619,22,619,22,0,7,72
4,720,21.600000,12.276000,0,1,271036042,648,19,648,19,0,7,72
4,720,21.600000,12.276000,0,1,271036053,692,13,692,13,0,7,72
4,720,21.600000,12.276000,0,1,271036065,764,2,764,2,0,7,72
4,720,21.600000,12.276000,0,1,271036076,835,0,835,-6,0,7,72
4,720,21.600000,12.276000,0,1,271036086,909,0,909,-11,0,7,72
4,720,21.600000,12.276000,0,1,271036098,980,0,980,-14,0,7,72
4,720,21.600000,12.276000,0,1,271036109,1044,0,1044,-15,0,7,72
4,720,21.600000,12.276000,0,1,271036119,1094,0,1094,-15,0,7,72
4,720,21.600000,12.276000,0,1,271036130,1130,0,1130,-15,0,7,72
4,720,21.600000,12.276000,0,1,271036142,1162,0,1162,-15,0,7,72
4,720,21.600000,12.276000,0,1,271036153,1186,0,1186,-15,0,7,72
4,720,21.600000,12.276000,0,1,271036163,1198,2,1198,-13,0,7,72
4,720,21.600000,12.276000,0,1,271036175,1204,2,1204,-13,0,7,72
4,720,21.600000,12.276000,0,1,271036193,1207,2,1207,-13,0,7,72
4,720,21.600000,12.276000,0,1,271036203,1210,2,1210,-13,0,7,72
4,720,21.600000,12.276000,0,1,271036213,1210,2,1210,-13,0,7,72
4,720,21.600000,12.276000,0,1,271036222,1211,2,1211,-13,0,7,72
4,720,21.600000,12.276000,0,1,271036234,1213,2,1213,-13,0,7,72
4,720,21.600000,12.276000,0,1,271036244,1217,3,1217,-12,0,7,72
4,720,21.600000,12.276000,0,1,271036256,1224,3,1224,-12,0,7,72
4,720,21.600000,12.276000,0,1,271036267,1232,4,1232,-11,0,7,72
4,720,21.600000,12.276000,0,1,271036278,1241,5,1241,-10,0,7,72
4,720,21.600000,12.276000,0,1,271036289,1251,6,1251,-9,0,7,72
4,720,21.600000,12.276000,0,1,271036300,1259,7,1259,-8,0,7,72
4,720,21.600000,12.276000,0,1,271036310,1268,8,1268,-7,0,7,72
4,720,21.600000,12.276000,0,1,271036321,1272,8,1272,-7,0,7,72
4,720,21.600000,12.276000,0,1,271036331,1273,9,1273,-6,0,7,72
4,720,21.600000,12.276000,0,1,271036342,1274,10,1274,-5,0,7,72
4,720,21.600000,12.276000,0,1,271036352,1274,10,1274,-5,0,7,72
4,720,21.600000,12.276000,0,1,271036363,1274,10,1274,-5,0,7,72
4,720,21.600000,12.276000,0,1,271036373,1274,10,1274,-5,0,7,72
4,720,21.600000,12.276000,0,1,271036383,1274,10,1274,-5,0,7,72
4,720,21.600000,12.276000,0,1,271036394,1274,10,1274,-5,0,7,72
4,720,21.600000,12.276000,0,1,271036404,1274,10,1274,-5,0,7,72
4,720,21.600000,12.276000,0,1,271036415,1275,10,1275,-5,0,7,72
4,720,21.600000,12.276000,0,1,271036425,1275,10,1275,-5,0,7,72
4,720,21.600000,12.276000,0,1,271036436,1275,10,1275,-5,0,7,72
4,720,21.600000,12.276000,0,1,271036446,1275,10,1275,-5,0,7,72
4,720,21.600000,12.276000,0,1,271036456,1275,10,1275,-5,0,7,72
4,720,21.600000,12.276000,0,1,271036467,1275,10,1275,-5,0,7,72
4,720,21.600000,12.276000,0,1,271036477,1275,10,1275,-5,0,7,72
4,720,21.600000,12.276000,0,1,271036487,1275,10,1275,-5,0,7,72
4,720,21.600000,12.276000,0,1,271036498,1275,10,1275,-5,0,7,72
4,720,21.600000,12.276000,0,1,271036509,1275,10,1275,-5,0,7,72
4,720,21.600000,12.276000,0,1,271036519,1275,10,1275,-5,0,7,72
4,720,21.600000,12.276000,0,1,271036529,1276,10,1276,-5,0,7,72
4,720,21.600000,12.276000,0,1,271036539,1277,10,1277,-5,0,7,72
4,720,21.600000,12.276000,0,1,271036549,1279,9,1279,-6,0,7,72
4,720,21.600000,12.276000,0,1,271036558,1281,9,1281,-6,0,7,72
4,720,21.600000,12.276000,0,1,271036569,1284,8,1284,-7,0,7,72
4,720,21.600000,12.276000,0,1,271036580,1288,6,1288,-9,0,7,72
4,720,21.600000,12.276000,0,1,271036591,1293,6,1293,-9,0,7,72
4,720,21.600000,12.276000,0,1,271036602,1299,5,1299,-10,0,7,72
4,720,21.600000,12.276000,0,1,271036611,1305,5,1305,-10,0,7,72
4,720,21.600000,12.276000,0,1,271036622,1311,5,1311,-10,0,7,72
4,720,21.600000,12.276000,0,1,271036633,1316,5,1316,-10,0,7,72
4,720,21.600000,12.276000,0,1,271036643,1320,5,1320,-10,0,7,72
4,720,21.600000,12.276000,0,1,271036655,1322,5,1322,-10,0,7,72
4,720,21.600000,12.276000,0,1,271036667,1325,5,1325,-10,0,7,72
4,720,21.600000,12.276000,0,1,271036688,1326,5,1326,-10,0,7,72
4,720,21.600000,12.276000,0,1,271036699,1329,5,1329,-10,0,7,72
4,720,21.600000,12.276000,0,1,271036710,1330,5,1330,-10,0,7,72
4,720,21.600000,12.276000,0,1,271036720,1332,5,1332,-10,0,7,72
4,720,21.600000,12.276000,0,1,271036730,1333,5,1333,-10,0,7,72
4,720,21.600000,12.276000,0,1,271036740,1334,5,1334,-10,0,7,72
4,720,21.600000,12.276000,0,1,271036750,1334,5,1334,-10,0,7,72
4,720,21.600000,12.276000,0,1,271036760,1334,5,1334,-10,0,7,72
4,720,21.600000,12.276000,0,1,271036770,1334,5,1334,-10,1,7,72
