4,720,50.400000,22.608000,1,1,271063597,600,22,600,22,0,7,96
4,720,50.400000,22.608000,1,1,271063598,600,22,600,22,0,7,96
4,720,50.400000,22.608000,1,1,271063609,600,22,600,22,0,7,96
4,720,50.400000,22.608000,1,1,271063620,600,22,600,22,0,7,96
4,720,50.400000,22.608000,1,1,271063630,600,22,600,22,0,7,96
4,720,50.400000,22.608000,1,1,271063641,600,22,600,22,0,7,96
4,720,50.400000,22.608000,1,1,271063661,601,22,601,22,0,7,96
4,720,50.400000,22.608000,1,1,271063673,613,22,613,22,0,7,96
4,720,50.400000,22.608000,1,1,271063684,635,22,635,22,0,7,96
4,720,50.400000,22.608000,1,1,271063695,677,22,677,22,0,7,96
4,720,50.400000,22.608000,1,1,271063715,734,21,734,21,0,7,96
4,720,50.400000,22.608000,1,1,271063727,874,18,874,18,0,7,96
4,720,50.400000,22.608000,1,1,271063737,965,17,965,17,0,7,96
4,720,50.400000,22.608000,1,1,271063747,1040,17,1040,17,0,7,96
4,720,50.400000,22.608000,1,1,271063757,1109,17,1109,17,0,7,96
4,720,50.400000,22.608000,1,1,271063767,1169,17,1169,17,0,7,96
4,720,50.400000,22.608000,1,1,271063779,1214,18,1214,18,0,7,96
4,720,50.400000,22.608000,1,1,271063790,1244,20,1244,20,0,7,96
4,720,50.400000,22.608000,1,1,271063800,1260,21,1260,21,0,7,96
4,720,50.400000,22.608000,1,1,271063812,1270,22,1270,22,0,7,96
4,720,50.400000,22.608000,1,1,271063823,1274,22,1274,22,0,7,96
4,720,50.400000,22.608000,1,1,271063833,1275,22,1275,22,0,7,96
4,720,50.400000,22.608000,1,1,271063844,1276,22,1276,22,0,7,96
4,720,50.400000,22.608000,1,1,271063854,1276,22,1276,22,0,7,96
4,720,50.400000,22.608000,1,1,271063864,1276,22,1276,22,0,7,96
4,720,50.400000,22.608000,1,1,271063875,1276,22,1276,22,0,7,96
4,720,50.400000,22.608000,1,1,271063885,1276,22,1276,22,0,7,96
4,720,50.400000,22.608000,1,1,271063897,1276,22,1276,22,0,7,96
4,720,50.400000,22.608000,1,1,271063907,1276,22,1276,22,0,7,96
4,720,50.400000,22.608000,1,1,271063918,1277,22,1277,22,0,7,96
4,720,50.400000,22.608000,1,1,271063930,1277,22,1277,22,0,7,96
4,720,50.400000,22.608000,1,1,271063939,1278,22,1278,22,0,7,96
4,720,50.400000,22.608000,1,1,271063950,1279,22,1279,22,0,7,96
4,720,50.400000,22.608000,1,1,271063961,1280,22,1280,22,0,7,96
4,720,50.400000,22.608000,1,1,271063971,1280,22,1280,22,0,7,96
4,720,50.400000,22.608000,1,1,271063983,1280,21,1280,21,0,7,96
4,720,50.400000,22.608000,1,1,271063994,1280,21,1280,21,0,7,96
4,720,50.400000,22.608000,1,1,271064004,1281,21,1281,21,0,7,96
4,720,50.400000,22.608000,1,1,271064016,1284,19,1284,19,0,7,96
4,720,50.400000,22.608000,1,1,271064027,1287,18,1287,18,0,7,96
4,720,50.400000,22.608000,1,1,271064038,1292,17,1292,17,0,7,96
4,720,50.400000,22.608000,1,1,271064048,1296,17,1296,17,0,7,96
4,720,50.400000,22.608000,1,1,271064059,1300,16,1300,16,0,7,96
4,720,50.400000,22.608000,1,1,271064070,1304,16,1304,16,0,7,96
4,720,50.400000,22.608000,1,1,271064080,1307,16,1307,16,0,7,96
4,720,50.400000,22.608000,1,1,271064091,1309,16,1309,16,0,7,96
4,720,50.400000,22.608000,1,1,271064110,1311,16,1311,16,0,7,96
4,720,50.400000,22.608000,1,1,271064121,1313,16,1313,16,0,7,96
4,720,50.400000,22.608000,1,1,271064141,1313,15,1313,15,0,7,96
