4,360,21.600000,12.276000,1,0,270993132,780,0,780,0,0,7,37
4,360,21.600000,12.276000,1,0,270993133,780,0,780,0,0,7,37
4,360,21.600000,12.276000,1,0,270993143,780,0,780,0,0,7,37
4,360,21.600000,12.276000,1,0,270993153,780,0,780,0,0,7,37
4,360,21.600000,12.276000,1,0,270993163,780,0,780,0,0,7,37
4,360,21.600000,12.276000,1,0,270993173,780,0,780,0,0,7,37
4,360,21.600000,12.276000,1,0,270993183,780,0,780,0,0,7,37
4,360,21.600000,12.276000,1,0,270993193,780,0,780,0,0,7,37
4,360,21.600000,12.276000,1,0,270993215,780,0,780,0,0,7,37
4,360,21.600000,12.276000,1,0,270993225,780,0,780,0,0,7,37
4,360,21.600000,12.276000,1,0,270993236,780,0,780,0,0,7,37
4,360,21.600000,12.276000,1,0,270993246,780,0,780,0,0,7,37
4,360,21.600000,12.276000,1,0,270993255,780,0,780,0,0,7,37
4,360,21.600000,12.276000,1,0,270993268,783,0,783,0,0,7,37
4,360,21.600000,12.276000,1,0,270993279,788,1,788,1,0,7,37
4,360,21.600000,12.276000,1,0,270993299,799,3,799,3,0,7,37
4,360,21.600000,12.276000,1,0,270993310,843,8,843,8,0,7,37
4,360,21.600000,12.276000,1,0,270993321,875,11,875,11,0,7,37
4,360,21.600000,12.276000,1,0,270993331,912,15,912,15,0,7,37
4,360,21.600000,12.276000,1,0,270993342,948,17,948,17,0,7,37
4,360,21.600000,12.276000,1,0,270993361,990,19,990,19,0,7,37
4,360,21.600000,12.276000,1,0,270993372,1104,25,1104,25,0,7,37
4,360,21.600000,12.276000,1,0,270993392,1134,26,1134,26,0,7,37
4,360,21.600000,12.276000,1,0,270993403,1172,29,1172,29,0,7,37
4,360,21.600000,12.276000,1,0,270993413,1186,30,1186,30,0,7,37
4,360,21.600000,12.276000,1,0,270993424,1194,31,1194,31,0,7,37
4,360,21.600000,12.276000,1,0,270993434,1197,31,1197,31,0,7,37
4,360,21.600000,12.276000,1,0,270993453,1198,31,1198,31,0,7,37
4,360,21.600000,12.276000,1,0,270993465,1198,31,1198,31,0,7,37
4,360,21.600000,12.276000,1,0,270993476,1198,31,1198,31,0,7,37
4,360,21.600000,12.276000,1,0,270993487,1198,31,1198,31,0,7,37
4,360,21.600000,12.276000,1,0,270993498,1198,31,1198,31,0,7,37
4,360,21.600000,12.276000,1,0,270993508,1198,31,1198,31,0,7,37
4,360,21.600000,12.276000,1,0,270993519,1198,31,1198,31,0,7,37
4,360,21.600000,12.276000,1,0,270993530,1198,31,1198,31,0,7,37
4,360,21.600000,12.276000,1,0,270993549,1198,31,1198,31,0,7,37
4,360,21.600000,12.276000,1,0,270993561,1198,31,1198,31,0,7,37
4,360,21.600000,12.276000,1,0,270993581,1198,31,1198,31,0,7,37
4,360,21.600000,12.276000,1,0,270993591,1195,31,1195,31,0,7,37
4,360,21.600000,12.276000,1,0,270993602,1193,30,1193,30,0,7,37
4,360,21.600000,12.276000,1,0,270993613,1189,29,1189,29,0,7,37
4,360,21.600000,12.276000,1,0,270993623,1184,28,1184,28,0,7,37
4,360,21.600000,12.276000,1,0,270993643,1179,27,1179,27,0,7,37
4,360,21.600000,12.276000,1,0,270993655,1166,24,1166,24,0,7,37
4,360,21.600000,12.276000,1,0,270993666,1160,23,1160,23,0,7,37
4,360,21.600000,12.276000,1,0,270993675,1153,22,1153,22,0,7,37
4,360,21.600000,12.276000,1,0,270993685,1149,21,1149,21,0,7,37
4,360,21.600000,12.276000,1,0,270993695,1147,20,1147,20,0,7,37
4,360,21.600000,12.276000,1,0,270993705,1145,19,1145,19,0,7,37
4,360,21.600000,12.276000,1,0,270993715,1144,19,1144,19,0,7,37
4,360,21.600000,12.276000,1,0,270993726,1143,19,1143,19,0,7,37
4,360,21.600000,12.276000,1,0,270993736,1142,19,1142,19,0,7,37
4,360,21.600000,12.276000,1,0,270993745,1142,19,1142,19,0,7,37
4,360,21.600000,12.276000,1,0,270993755,1142,18,1142,18,0,7,37
4,360,21.600000,12.276000,1,0,270993765,1142,18,1142,18,0,7,37
4,360,21.600000,12.276000,1,0,270993775,1142,18,1142,18,0,7,37
4,360,21.600000,12.276000,1,0,270993786,1142,18,1142,18,0,7,37
4,360,21.600000,12.276000,1,0,270993796,1141,17,1141,17,0,7,37
4,360,21.600000,12.276000,1,0,270993815,1140,16,1140,16,0,7,37
4,360,21.600000,12.276000,1,0,270993827,1138,15,1138,15,0,7,37
4,360,21.600000,12.276000,1,0,270993846,1136,14,1136,14,0,7,37
4,360,21.600000,12.276000,1,0,270993858,1134,12,1134,12,0,7,37
4,360,21.600000,12.276000,1,0,270993869,1134,12,1134,12,0,7,37
4,360,21.600000,12.276000,1,0,270993878,1134,12,1134,12,0,7,37
