4,360,21.600000,12.276000,1,1,270996609,780,22,780,22,0,7,40
4,360,21.600000,12.276000,1,1,270996611,780,22,780,22,0,7,40
4,360,21.600000,12.276000,1,1,270996622,790,23,790,23,0,7,40
4,360,21.600000,12.276000,1,1,270996633,800,24,800,24,0,7,40
4,360,21.600000,12.276000,1,1,270996644,800,24,800,24,0,7,40
4,360,21.600000,12.276000,1,1,270996655,800,24,800,24,0,7,40
4,360,21.600000,12.276000,1,1,270996666,800,24,800,24,0,7,40
4,360,21.600000,12.276000,1,1,270996677,800,24,800,24,0,7,40
4,360,21.600000,12.276000,1,1,270996688,800,24,800,24,0,7,40
4,360,21.600000,12.276000,1,1,270996698,800,24,800,24,0,7,40
4,360,21.600000,12.276000,1,1,270996709,800,24,800,24,0,7,40
4,360,21.600000,12.276000,1,1,270996721,798,25,798,25,0,7,40
4,360,21.600000,12.276000,1,1,270996733,789,27,789,27,0,7,40
4,360,21.600000,12.276000,1,1,270996746,774,28,774,28,0,7,40
4,360,21.600000,12.276000,1,1,270996759,747,28,747,28,0,7,40
4,360,21.600000,12.276000,1,1,270996771,721,28,721,28,0,7,40
4,360,21.600000,12.276000,1,1,270996784,701,28,701,28,0,7,40
4,360,21.600000,12.276000,1,1,270996797,690,27,690,27,0,7,40
4,360,21.600000,12.276000,1,1,270996807,685,27,685,27,0,7,40
4,360,21.600000,12.276000,1,1,270996819,680,27,680,27,0,7,40
4,360,21.600000,12.276000,1,1,270996829,680,27,680,27,0,7,40
4,360,21.600000,12.276000,1,1,270996840,680,27,680,27,0,7,40
4,360,21.600000,12.276000,1,1,270996851,680,27,680,27,0,7,40
4,360,21.600000,12.276000,1,1,270996862,679,27,679,27,0,7,40
4,360,21.600000,12.276000,1,1,270996873,678,27,678,27,0,7,40
4,360,21.600000,12.276000,1,1,270996883,677,27,677,27,0,7,40
4,360,21.600000,12.276000,1,1,270996894,677,27,677,27,0,7,40
4,360,21.600000,12.276000,1,1,270996904,677,27,677,27,0,7,40
4,360,21.600000,12.276000,1,1,270996915,678,27,678,27,0,7,40
4,360,21.600000,12.276000,1,1,270996927,682,27,682,27,0,7,40
4,360,21.600000,12.276000,1,1,270996938,688,27,688,27,0,7,40
4,360,21.600000,12.276000,1,1,270996949,699,26,699,26,0,7,40
4,360,21.600000,12.276000,1,1,270996959,713,25,713,25,0,7,40
4,360,21.600000,12.276000,1,1,270996969,734,25,734,25,0,7,40
4,360,21.600000,12.276000,1,1,270996980,758,25,758,25,0,7,40
4,360,21.600000,12.276000,1,1,270996990,786,25,786,25,0,7,40
4,360,21.600000,12.276000,1,1,270997002,814,27,814,27,0,7,40
4,360,21.600000,12.276000,1,1,270997022,842,27,842,27,0,7,40
4,360,21.600000,12.276000,1,1,270997042,880,29,880,29,0,7,40
4,360,21.600000,12.276000,1,1,270997052,901,29,901,29,0,7,40
4,360,21.600000,12.276000,1,1,270997064,905,30,905,30,0,7,40
4,360,21.600000,12.276000,1,1,270997075,908,30,908,30,0,7,40
4,360,21.600000,12.276000,1,1,270997085,912,30,912,30,0,7,40
4,360,21.600000,12.276000,1,1,270997098,916,30,916,30,0,7,40
4,360,21.600000,12.276000,1,1,270997109,923,30,923,30,0,7,40
4,360,21.600000,12.276000,1,1,270997120,930,30,930,30,0,7,40
4,360,21.600000,12.276000,1,1,270997131,937,30,937,30,0,7,40
4,360,21.600000,12.276000,1,1,270997142,944,30,944,30,0,7,40
4,360,21.600000,12.276000,1,1,270997152,952,30,952,30,0,7,40
4,360,21.600000,12.276000,1,1,270997164,964,30,964,30,0,7,40
4,360,21.600000,12.276000,1,1,270997176,977,30,977,30,0,7,40
4,360,21.600000,12.276000,1,1,270997188,993,29,993,29,0,7,40
4,360,21.600000,12.276000,1,1,270997199,1011,29,1011,29,0,7,40
4,360,21.600000,12.276000,1,1,270997210,1022,29,1022,29,0,7,40
4,360,21.600000,12.276000,1,1,270997219,1025,29,1025,29,0,7,40
4,360,21.600000,12.276000,1,1,270997230,1029,29,1029,29,0,7,40
4,360,21.600000,12.276000,1,1,270997240,1029,29,1029,29,0,7,40
4,360,21.600000,12.276000,1,1,270997251,1029,28,1029,28,0,7,40
4,360,21.600000,12.276000,1,1,270997263,1030,28,1030,28,0,7,40
4,360,21.600000,12.276000,1,1,270997283,1031,28,1031,28,0,7,40
4,360,21.600000,12.276000,1,1,270997294,1040,27,1040,27,0,7,40
4,360,21.600000,12.276000,1,1,270997304,1045,27,1045,27,0,7,40
4,360,21.600000,12.276000,1,1,270997315,1049,26,1049,26,0,7,40
4,360,21.600000,12.276000,1,1,270997326,1052,25,1052,25,0,7,40
4,360,21.600000,12.276000,1,1,270997336,1055,24,1055,24,0,7,40
4,360,21.600000,12.276000,1,1,270997348,1059,24,1059,24,0,7,40
4,360,21.600000,12.276000,1,1,270997358,1065,24,1065,24,0,7,40
4,360,21.600000,12.276000,1,1,270997371,1072,23,1072,23,0,7,40
4,360,21.600000,12.276000,1,1,270997381,1080,22,1080,22,0,7,40
4,360,21.600000,12.276000,1,1,270997393,1086,21,1086,21,0,7,40
4,360,21.600000,12.276000,1,1,270997403,1089,20,1089,20,0,7,40
4,360,21.600000,12.276000,1,1,270997414,1090,19,1090,19,0,7,40
4,360,21.600000,12.276000,1,1,270997424,1091,19,1091,19,0,7,40
4,360,21.600000,12.276000,1,1,270997434,1091,19,1091,19,0,7,40
4,360,21.600000,12.276000,1,1,270997445,1093,18,1093,18,0,7,40
4,360,21.600000,12.276000,1,1,270997457,1096,17,1096,17,0,7,40
4,360,21.600000,12.276000,1,1,270997468,1101,16,1101,16,0,7,40
4,360,21.600000,12.276000,1,1,270997478,1105,14,1105,14,0,7,40
4,360,21.600000,12.276000,1,1,270997489,1108,14,1108,14,0,7,40
4,360,21.600000,12.276000,1,1,270997500,1110,14,1110,14,0,7,40
4,360,21.600000,12.276000,1,1,270997512,1112,14,1112,14,0,7,40
4,360,21.600000,12.276000,1,1,270997524,1112,13,1112,13,0,7,40
4,360,21.600000,12.276000,1,1,270997535,1113,13,1113,13,0,7,40
4,360,21.600000,12.276000,1,1,270997556,1114,13,1114,13,0,7,40
4,360,21.600000,12.276000,1,1,270997567,1119,11,1119,11,0,7,40
4,360,21.600000,12.276000,1,1,270997578,1122,10,1122,10,0,7,40
4,360,21.600000,12.276000,1,1,270997588,1126,9,1126,9,0,7,40
4,360,21.600000,12.276000,1,1,270997599,1128,9,1128,9,0,7,40
4,360,21.600000,12.276000,1,1,270997609,1129,9,1129,9,0,7,40
4,360,21.600000,12.276000,1,1,270997621,1131,8,1131,8,0,7,40
4,360,21.600000,12.276000,1,1,270997631,1133,7,1133,7,0,7,40
4,360,21.600000,12.276000,1,1,270997641,1134,7,1134,7,0,7,40
4,360,21.600000,12.276000,1,1,270997652,1135,7,1135,7,0,7,40
4,360,21.600000,12.276000,1,1,270997662,1135,6,1135,6,0,7,40
4,360,21.600000,12.276000,1,1,270997672,1137,6,1137,6,0,7,40
4,360,21.600000,12.276000,1,1,270997682,1137,6,1137,6,0,7,40
4,360,21.600000,12.276000,1,1,270997692,1137,6,1137,6,0,7,40
4,360,21.600000,12.276000,1,1,270997702,1137,6,1137,6,0,7,40
4,360,21.600000,12.276000,1,1,270997713,1137,6,1137,6,0,7,40
4,360,21.600000,12.276000,1,1,270997723,1137,6,1137,6,0,7,40
4,360,21.600000,12.276000,1,1,270997733,1137,6,1137,6,0,7,40
4,360,21.600000,12.276000,1,1,270997743,1137,6,1137,6,0,7,40
4,360,21.600000,12.276000,1,1,270997753,1137,6,1137,6,0,7,40
4,360,21.600000,12.276000,1,1,270997764,1137,6,1137,6,0,7,40
4,360,21.600000,12.276000,1,1,270997774,1137,6,1137,6,0,7,40
4,360,21.600000,12.276000,1,1,270997784,1137,6,1137,6,0,7,40
