4,720,82.800000,22.608000,0,1,271078382,600,22,600,22,0,7,108
4,720,82.800000,22.608000,0,1,271078383,600,22,600,22,0,7,108
4,720,82.800000,22.608000,0,1,271078394,602,22,602,22,0,7,108
4,720,82.800000,22.608000,0,1,271078406,606,22,606,22,0,7,108
4,720,82.800000,22.608000,0,1,271078417,613,23,613,23,0,7,108
4,720,82.800000,22.608000,0,1,271078428,625,23,625,23,0,7,108
4,720,82.800000,22.608000,0,1,271078439,646,23,646,23,0,7,108
4,720,82.800000,22.608000,0,1,271078450,683,23,683,23,0,7,108
4,720,82.800000,22.608000,0,1,271078462,734,23,734,23,0,7,108
4,720,82.800000,22.608000,0,1,271078474,794,20,794,20,0,7,108
4,720,82.800000,22.608000,0,1,271078487,868,14,868,14,0,7,108
4,720,82.800000,22.608000,0,1,271078499,946,7,946,7,0,7,108
4,720,82.800000,22.608000,0,1,271078511,1016,2,1016,2,0,7,108
4,720,82.800000,22.608000,0,1,271078523,1083,0,1083,-2,0,7,108
4,720,82.800000,22.608000,0,1,271078535,1134,0,1134,-4,0,7,108
4,720,82.800000,22.608000,0,1,271078545,1176,0,1176,-4,0,7,108
4,720,82.800000,22.608000,0,1,271078557,1212,0,1212,-5,0,7,108
4,720,82.800000,22.608000,0,1,271078568,1240,0,1240,-5,0,7,108
4,720,82.800000,22.608000,0,1,271078579,1261,0,1261,-5,0,7,108
4,720,82.800000,22.608000,0,1,271078592,1277,0,1277,-5,0,7,108
4,720,82.800000,22.608000,0,1,271078605,1288,0,1288,-6,0,7,108
4,720,82.800000,22.608000,0,1,271078616,1290,0,1290,-6,0,7,108
4,720,82.800000,22.608000,0,1,271078626,1290,0,1290,-6,0,7,108
4,720,82.800000,22.608000,0,1,271078637,1290,0,1290,-6,0,7,108
4,720,82.800000,22.608000,0,1,271078648,1290,0,1290,-6,0,7,108
4,720,82.800000,22.608000,0,1,271078659,1290,0,1290,-6,0,7,108
4,720,82.800000,22.608000,0,1,271078669,1290,0,1290,-6,0,7,108
4,720,82.800000,22.608000,0,1,271078680,1290,0,1290,-6,0,7,108
4,720,82.800000,22.608000,0,1,271078690,1291,0,1291,-6,0,7,108
4,720,82.800000,22.608000,0,1,271078702,1293,0,1293,-6,0,7,108
4,720,82.800000,22.608000,0,1,271078713,1296,0,1296,-6,0,7,108
4,720,82.800000,22.608000,0,1,271078735,1298,0,1298,-6,0,7,108
4,720,82.800000,22.608000,0,1,271078745,1304,0,1304,-6,0,7,108
4,720,82.800000,22.608000,0,1,271078757,1306,0,1306,-6,0,7,108
4,720,82.800000,22.608000,0,1,271078769,1310,0,1310,-6,0,7,108
4,720,82.800000,22.608000,0,1,271078780,1314,0,1314,-6,0,7,108
4,720,82.800000,22.608000,0,1,271078791,1318,0,1318,-6,0,7,108
4,720,82.800000,22.608000,0,1,271078802,1321,1,1321,-5,0,7,108
4,720,82.800000,22.608000,0,1,271078813,1324,1,1324,-5,0,7,108
4,720,82.800000,22.608000,0,1,271078824,1325,1,1325,-5,0,7,108
4,720,82.800000,22.608000,0,1,271078834,1326,1,1326,-5,0,7,108
4,720,82.800000,22.608000,0,1,271078854,1326,1,1326,-5,0,7,108
4,720,82.800000,22.608000,0,1,271078873,1327,1,1327,-5,0,7,108
