4,360,21.600000,22.608000,0,1,270964882,780,22,780,22,1,7,15
4,360,21.600000,22.608000,0,1,270964883,780,22,780,22,1,7,15
4,360,21.600000,22.608000,0,1,270964893,784,22,784,22,1,7,15
4,360,21.600000,22.608000,0,1,270964904,788,22,788,22,1,7,15
4,360,21.600000,22.608000,0,1,270964915,793,22,793,22,1,7,15
4,360,21.600000,22.608000,0,1,270964926,801,22,801,22,1,7,15
4,360,21.600000,22.608000,0,1,270964937,812,21,812,21,1,7,15
4,360,21.600000,22.608000,0,1,270964948,830,21,830,21,1,7,15
4,360,21.600000,22.608000,0,1,270964959,855,21,855,21,1,7,15
4,360,21.600000,22.608000,0,1,270964969,901,21,901,21,1,7,15
4,360,21.600000,22.608000,0,1,270964981,945,21,945,21,1,7,15
4,360,21.600000,22.608000,0,1,270964992,1000,22,1000,22,1,7,15
4,360,21.600000,22.608000,0,1,270965003,1049,22,1049,22,1,7,15
4,360,21.600000,22.608000,0,1,270965013,1087,22,1087,22,1,7,15
4,360,21.600000,22.608000,0,1,270965024,1113,22,1113,22,1,7,15
4,360,21.600000,22.608000,0,1,270965034,1129,22,1129,22,1,7,15
4,360,21.600000,22.608000,0,1,270965045,1134,22,1134,22,1,7,15
4,360,21.600000,22.608000,0,1,270965056,1135,22,1135,22,1,7,15
4,360,21.600000,22.608000,0,1,270965077,1135,22,1135,22,1,7,15
4,360,21.600000,22.608000,0,1,270965087,1135,22,1135,22,1,7,15
4,360,21.600000,22.608000,0,1,270965097,1135,22,1135,22,1,7,15
4,360,21.600000,22.608000,0,1,270965107,1135,22,1135,22,1,7,15
4,360,21.600000,22.608000,0,1,270965118,1135,22,1135,22,1,7,15
4,360,21.600000,22.608000,0,1,270965128,1135,22,1135,22,1,7,15
4,360,21.600000,22.608000,0,1,270965138,1135,22,1135,22,1,7,15
4,360,21.600000,22.608000,0,1,270965148,1135,22,1135,22,1,7,15
4,360,21.600000,22.608000,0,1,270965159,1135,22,1135,22,1,7,15
4,360,21.600000,22.608000,0,1,270965169,1135,22,1135,22,1,7,15
4,360,21.600000,22.608000,0,1,270965180,1135,21,1135,21,1,7,15
4,360,21.600000,22.608000,0,1,270965190,1135,21,1135,21,1,7,15
4,360,21.600000,22.608000,0,1,270965202,1135,21,1135,21,1,7,15
4,360,21.600000,22.608000,0,1,270965212,1135,20,1135,20,1,7,15
4,360,21.600000,22.608000,0,1,270965224,1135,20,1135,20,1,7,15
4,360,21.600000,22.608000,0,1,270965233,1135,19,1135,19,1,7,15
4,360,21.600000,22.608000,0,1,270965244,1134,18,1134,18,1,7,15
4,360,21.600000,22.608000,0,1,270965255,1134,17,1134,17,1,7,15
4,360,21.600000,22.608000,0,1,270965265,1134,16,1134,16,1,7,15
4,360,21.600000,22.608000,0,1,270965275,1134,15,1134,15,1,7,15
4,360,21.600000,22.608000,0,1,270965285,1135,13,1135,13,1,7,15
4,360,21.600000,22.608000,0,1,270965297,1136,13,1136,13,1,7,15
4,360,21.600000,22.608000,0,1,270965316,1136,12,1136,12,0,7,15
