4,720,50.400000,0.000000,1,1,270948505,600,22,600,22,0,7,1
4,720,50.400000,0.000000,1,1,270948506,600,22,600,22,0,7,1
4,720,50.400000,0.000000,1,1,270948516,600,22,600,22,0,7,1
4,720,50.400000,0.000000,1,1,270948527,600,22,600,22,0,7,1
4,720,50.400000,0.000000,1,1,270948539,600,22,600,22,0,7,1
4,720,50.400000,0.000000,1,1,270948550,600,22,600,22,0,7,1
4,720,50.400000,0.000000,1,1,270948560,604,22,604,22,0,7,1
4,720,50.400000,0.000000,1,1,270948572,611,22,611,22,0,7,1
4,720,50.400000,0.000000,1,1,270948583,625,22,625,22,0,7,1
4,720,50.400000,0.000000,1,1,270948594,654,24,654,24,0,7,1
4,720,50.400000,0.000000,1,1,270948607,694,26,694,26,0,7,1
4,720,50.400000,0.000000,1,1,270948620,771,30,771,30,0,7,1
4,720,50.400000,0.000000,1,1,270948633,867,33,867,33,0,7,1
4,720,50.400000,0.000000,1,1,270948643,959,35,959,35,0,7,1
4,720,50.400000,0.000000,1,1,270948665,1039,36,1039,36,0,7,1
4,720,50.400000,0.000000,1,1,270948676,1184,39,1184,39,0,7,1
4,720,50.400000,0.000000,1,1,270948687,1231,40,1231,40,0,7,1
4,720,50.400000,0.000000,1,1,270948707,1266,41,1266,41,0,7,1
4,720,50.400000,0.000000,1,1,270948718,1314,43,1314,43,0,7,1
4,720,50.400000,0.000000,1,1,270948738,1331,44,1331,44,0,7,1
4,720,50.400000,0.000000,1,1,270948750,1351,45,1351,45,0,7,1
4,720,50.400000,0.000000,1,1,270948761,1356,45,1356,45,0,7,1
4,720,50.400000,0.000000,1,1,270948771,1359,45,1359,45,0,7,1
4,720,50.400000,0.000000,1,1,270948782,1361,45,1361,45,0,7,1
4,720,50.400000,0.000000,1,1,270948802,1363,45,1363,45,0,7,1
4,720,50.400000,0.000000,1,1,270948813,1368,44,1368,44,0,7,1
4,720,50.400000,0.000000,1,1,270948824,1369,43,1369,43,0,7,1
4,720,50.400000,0.000000,1,1,270948835,1371,43,1371,43,0,7,1
4,720,50.400000,0.000000,1,1,270948845,1373,42,1373,42,0,7,1
4,720,50.400000,0.000000,1,1,270948857,1376,42,1376,42,0,7,1
4,720,50.400000,0.000000,1,1,270948867,1379,41,1379,41,0,7,1
4,720,50.400000,0.000000,1,1,270948877,1381,40,1381,40,0,7,1
4,720,50.400000,0.000000,1,1,270948888,1383,39,1383,39,0,7,1
4,720,50.400000,0.000000,1,1,270948898,1384,38,1384,38,0,7,1
4,720,50.400000,0.000000,1,1,270948909,1384,38,1384,38,0,7,1
4,720,50.400000,0.000000,1,1,270948920,1384,38,1384,38,0,7,1
4,720,50.400000,0.000000,1,1,270948931,1384,38,1384,38,0,7,1
4,720,50.400000,0.000000,1,1,270948942,1384,37,1384,37,0,7,1
4,720,50.400000,0.000000,1,1,270948961,1380,36,1380,36,0,7,1
4,720,50.400000,0.000000,1,1,270948973,1370,32,1370,32,0,7,1
4,720,50.400000,0.000000,1,1,270948983,1361,29,1361,29,0,7,1
4,720,50.400000,0.000000,1,1,270948994,1352,27,1352,27,0,7,1
4,720,50.400000,0.000000,1,1,270949006,1344,24,1344,24,0,7,1
4,720,50.400000,0.000000,1,1,270949016,1337,23,1337,23,0,7,1
4,720,50.400000,0.000000,1,1,270949027,1332,22,1332,22,0,7,1
4,720,50.400000,0.000000,1,1,270949038,1329,21,1329,21,0,7,1
4,720,50.400000,0.000000,1,1,270949048,1328,21,1328,21,0,7,1
4,720,50.400000,0.000000,1,1,270949058,1327,20,1327,20,0,7,1
4,720,50.400000,0.000000,1,1,270949070,1327,20,1327,20,0,7,1
4,720,50.400000,0.000000,1,1,270949080,1327,20,1327,20,0,7,1
4,720,50.400000,0.000000,1,1,270949091,1326,20,1326,20,0,7,1
4,720,50.400000,0.000000,1,1,270949101,1325,20,1325,20,0,7,1
4,720,50.400000,0.000000,1,1,270949112,1324,20,1324,20,0,7,1
4,720,50.400000,0.000000,1,1,270949123,1323,20,1323,20,0,7,1
4,720,50.400000,0.000000,1,1,270949133,1322,19,1322,19,0,7,1
4,720,50.400000,0.000000,1,1,270949143,1322,19,1322,19,0,7,1
4,720,50.400000,0.000000,1,1,270949154,1322,19,1322,19,0,7,1
4,720,50.400000,0.000000,1,1,270949165,1321,18,1321,18,0,7,1
4,720,50.400000,0.000000,1,1,270949175,1320,18,1320,18,0,7,1
4,720,50.400000,0.000000,1,1,270949186,1319,18,1319,18,0,7,1
4,720,50.400000,0.000000,1,1,270949195,1319,18,1319,18,0,7,1
