4,720,82.800000,10000.000000,0,1,271211323,600,22,600,22,0,8,102
4,720,82.800000,10000.000000,0,1,271211324,600,22,600,22,0,8,102
4,720,82.800000,10000.000000,0,1,271211335,600,21,600,21,0,8,102
4,720,82.800000,10000.000000,0,1,271211346,602,21,602,21,0,8,102
4,720,82.800000,10000.000000,0,1,271211357,604,21,604,21,0,8,102
4,720,82.800000,10000.000000,0,1,271211369,607,21,607,21,0,8,102
4,720,82.800000,10000.000000,0,1,271211379,614,21,614,21,0,8,102
4,720,82.800000,10000.000000,0,1,271211390,625,20,625,20,0,8,102
4,720,82.800000,10000.000000,0,1,271211402,641,18,641,18,0,8,102
4,720,82.800000,10000.000000,0,1,271211412,662,16,662,16,0,8,102
4,720,82.800000,10000.000000,0,1,271211425,697,13,697,13,0,8,102
4,720,82.800000,10000.000000,0,1,271211437,740,11,740,11,0,8,102
4,720,82.800000,10000.000000,0,1,271211447,812,9,812,9,0,8,102
4,720,82.800000,10000.000000,0,1,271211458,882,7,882,7,0,8,102
4,720,82.800000,10000.000000,0,1,271211470,964,7,964,7,0,8,102
4,720,82.800000,10000.000000,0,1,271211482,1058,7,1058,7,0,8,102
4,720,82.800000,10000.000000,0,1,271211493,1151,6,1151,6,0,8,102
4,720,82.800000,10000.000000,0,1,271211504,1222,6,1222,6,0,8,102
4,720,82.800000,10000.000000,0,1,271211515,1274,6,1274,6,0,8,102
4,720,82.800000,10000.000000,0,1,271211526,1305,5,1305,5,0,8,102
4,720,82.800000,10000.000000,0,1,271211538,1321,5,1321,5,0,8,102
4,720,82.800000,10000.000000,0,1,271211549,1329,5,1329,5,0,8,102
4,720,82.800000,10000.000000,0,1,271211560,1329,5,1329,5,0,8,102
4,720,82.800000,10000.000000,0,1,271211572,1329,5,1329,5,0,8,102
4,720,82.800000,10000.000000,0,1,271211582,1329,5,1329,5,0,8,102
4,720,82.800000,10000.000000,0,1,271211593,1329,5,1329,5,0,8,102
4,720,82.800000,10000.000000,0,1,271211603,1329,5,1329,5,0,8,102
4,720,82.800000,10000.000000,0,1,271211613,1329,5,1329,5,0,8,102
4,720,82.800000,10000.000000,0,1,271211625,1329,5,1329,5,0,8,102
4,720,82.800000,10000.000000,0,1,271211636,1329,5,1329,5,0,8,102
4,720,82.800000,10000.000000,0,1,271211647,1329,5,1329,5,0,8,102
4,720,82.800000,10000.000000,0,1,271211658,1329,5,1329,5,0,8,102
4,720,82.800000,10000.000000,0,1,271211668,1329,5,1329,5,0,8,102
4,720,82.800000,10000.000000,0,1,271211679,1329,5,1329,5,0,8,102
4,720,82.800000,10000.000000,0,1,271211690,1329,5,1329,5,0,8,102
4,720,82.800000,10000.000000,0,1,271211701,1329,5,1329,5,0,8,102
4,720,82.800000,10000.000000,0,1,271211711,1329,4,1329,4,0,8,102
4,720,82.800000,10000.000000,0,1,271211722,1330,4,1330,4,0,8,102
4,720,82.800000,10000.000000,0,1,271211733,1330,3,1330,3,0,8,102
4,720,82.800000,10000.000000,0,1,271211753,1330,3,1330,3,0,8,102
