4,720,21.600000,22.608000,1,1,271146472,600,22,600,22,0,8,46
4,720,21.600000,22.608000,1,1,271146473,600,22,600,22,0,8,46
4,720,21.600000,22.608000,1,1,271146483,600,22,600,22,0,8,46
4,720,21.600000,22.608000,1,1,271146494,600,22,600,22,0,8,46
4,720,21.600000,22.608000,1,1,271146505,600,22,600,22,0,8,46
4,720,21.600000,22.608000,1,1,271146516,600,22,600,22,0,8,46
4,720,21.600000,22.608000,1,1,271146527,600,22,600,22,0,8,46
4,720,21.600000,22.608000,1,1,271146537,600,22,600,22,0,8,46
4,720,21.600000,22.608000,1,1,271146548,600,22,600,22,0,8,46
4,720,21.600000,22.608000,1,1,271146558,600,22,600,22,0,8,46
4,720,21.600000,22.608000,1,1,271146570,604,22,604,22,0,8,46
4,720,21.600000,22.608000,1,1,271146591,618,20,618,20,0,8,46
4,720,21.600000,22.608000,1,1,271146602,677,16,677,16,0,8,46
4,720,21.600000,22.608000,1,1,271146613,729,13,729,13,0,8,46
4,720,21.600000,22.608000,1,1,271146624,790,11,790,11,0,8,46
4,720,21.600000,22.608000,1,1,271146634,853,10,853,10,0,8,46
4,720,21.600000,22.608000,1,1,271146645,908,9,908,9,0,8,46
4,720,21.600000,22.608000,1,1,271146656,964,9,964,9,0,8,46
4,720,21.600000,22.608000,1,1,271146667,1023,9,1023,9,0,8,46
4,720,21.600000,22.608000,1,1,271146678,1073,9,1073,9,0,8,46
4,720,21.600000,22.608000,1,1,271146689,1126,10,1126,10,0,8,46
4,720,21.600000,22.608000,1,1,271146699,1170,11,1170,11,0,8,46
4,720,21.600000,22.608000,1,1,271146710,1211,13,1211,13,0,8,46
4,720,21.600000,22.608000,1,1,271146720,1255,14,1255,14,0,8,46
4,720,21.600000,22.608000,1,1,271146731,1301,14,1301,14,0,8,46
4,720,21.600000,22.608000,1,1,271146742,1332,14,1332,14,0,8,46
4,720,21.600000,22.608000,1,1,271146753,1359,14,1359,14,0,8,46
4,720,21.600000,22.608000,1,1,271146764,1381,11,1381,11,0,8,46
4,720,21.600000,22.608000,1,1,271146775,1399,8,1399,8,0,8,46
4,720,21.600000,22.608000,1,1,271146786,1409,7,1409,7,0,8,46
4,720,21.600000,22.608000,1,1,271146797,1413,6,1413,6,0,8,46
4,720,21.600000,22.608000,1,1,271146808,1415,6,1415,6,0,8,46
4,720,21.600000,22.608000,1,1,271146819,1415,6,1415,6,0,8,46
4,720,21.600000,22.608000,1,1,271146829,1415,6,1415,6,0,8,46
4,720,21.600000,22.608000,1,1,271146840,1415,6,1415,6,0,8,46
4,720,21.600000,22.608000,1,1,271146851,1415,6,1415,6,0,8,46
4,720,21.600000,22.608000,1,1,271146861,1415,6,1415,6,0,8,46
4,720,21.600000,22.608000,1,1,271146871,1415,6,1415,6,0,8,46
4,720,21.600000,22.608000,1,1,271146882,1415,6,1415,6,0,8,46
4,720,21.600000,22.608000,1,1,271146893,1415,6,1415,6,0,8,46
4,720,21.600000,22.608000,1,1,271146903,1415,6,1415,6,0,8,46
4,720,21.600000,22.608000,1,1,271146915,1415,6,1415,6,0,8,46
4,720,21.600000,22.608000,1,1,271146927,1415,5,1415,5,0,8,46
4,720,21.600000,22.608000,1,1,271146939,1413,4,1413,4,0,8,46
4,720,21.600000,22.608000,1,1,271146960,1409,4,1409,4,0,8,46
4,720,21.600000,22.608000,1,1,271146980,1394,3,1394,3,0,8,46
4,720,21.600000,22.608000,1,1,271146994,1372,3,1372,3,0,8,46
4,720,21.600000,22.608000,1,1,271147005,1360,3,1360,3,0,8,46
4,720,21.600000,22.608000,1,1,271147017,1352,3,1352,3,0,8,46
4,720,21.600000,22.608000,1,1,271147027,1347,3,1347,3,0,8,46
4,720,21.600000,22.608000,1,1,271147037,1346,3,1346,3,0,8,46
4,720,21.600000,22.608000,1,1,271147048,1345,3,1345,3,0,8,46
4,720,21.600000,22.608000,1,1,271147058,1345,3,1345,3,0,8,46
4,720,21.600000,22.608000,1,1,271147069,1345,3,1345,3,0,8,46
4,720,21.600000,22.608000,1,1,271147080,1345,3,1345,3,0,8,46
4,720,21.600000,22.608000,1,1,271147091,1345,3,1345,3,0,8,46
4,720,21.600000,22.608000,1,1,271147101,1345,3,1345,3,0,8,46
4,720,21.600000,22.608000,1,1,271147112,1345,3,1345,3,0,8,46
4,720,21.600000,22.608000,1,1,271147123,1345,3,1345,3,0,8,46
4,720,21.600000,22.608000,1,1,271147133,1345,3,1345,3,0,8,46
4,720,21.600000,22.608000,1,1,271147144,1345,3,1345,3,0,8,46
4,720,21.600000,22.608000,1,1,271147155,1345,3,1345,3,0,8,46
4,720,21.600000,22.608000,1,1,271147166,1345,3,1345,3,0,8,46
4,720,21.600000,22.608000,1,1,271147178,1342,3,1342,3,0,8,46
4,720,21.600000,22.608000,1,1,271147188,1340,3,1340,3,0,8,46
4,720,21.600000,22.608000,1,1,271147199,1337,3,1337,3,0,8,46
4,720,21.600000,22.608000,1,1,271147211,1334,3,1334,3,0,8,46
4,720,21.600000,22.608000,1,1,271147221,1333,4,1333,4,0,8,46
4,720,21.600000,22.608000,1,1,271147232,1333,4,1333,4,0,8,46
4,720,21.600000,22.608000,1,1,271147243,1332,4,1332,4,0,8,46
4,720,21.600000,22.608000,1,1,271147253,1332,4,1332,4,0,8,46
4,720,21.600000,22.608000,1,1,271147263,1331,4,1331,4,0,8,46
4,720,21.600000,22.608000,1,1,271147273,1330,4,1330,4,0,8,46
4,720,21.600000,22.608000,1,1,271147283,1329,4,1329,4,0,8,46
4,720,21.600000,22.608000,1,1,271147294,1327,5,1327,5,0,8,46
4,720,21.600000,22.608000,1,1,271147304,1326,5,1326,5,0,8,46
4,720,21.600000,22.608000,1,1,271147314,1325,6,1325,6,0,8,46
4,720,21.600000,22.608000,1,1,271147325,1324,6,1324,6,0,8,46
4,720,21.600000,22.608000,1,1,271147336,1323,6,1323,6,0,8,46
4,720,21.600000,22.608000,1,1,271147346,1323,6,1323,6,0,8,46
4,720,21.600000,22.608000,1,1,271147357,1323,6,1323,6,0,8,46
4,720,21.600000,22.608000,1,1,271147368,1323,6,1323,6,0,8,46
4,720,21.600000,22.608000,1,1,271147378,1323,6,1323,6,0,8,46
4,720,21.600000,22.608000,1,1,271147388,1323,6,1323,6,0,8,46
