4,360,21.600000,12.276000,0,1,271106212,780,22,780,22,0,8,11
4,360,21.600000,12.276000,0,1,271106213,780,22,780,22,0,8,11
4,360,21.600000,12.276000,0,1,271106224,780,22,780,22,0,8,11
4,360,21.600000,12.276000,0,1,271106235,780,22,780,22,0,8,11
4,360,21.600000,12.276000,0,1,271106246,780,22,780,22,0,8,11
4,360,21.600000,12.276000,0,1,271106257,780,22,780,22,0,8,11
4,360,21.600000,12.276000,0,1,271106267,780,22,780,22,0,8,11
4,360,21.600000,12.276000,0,1,271106278,780,22,780,22,0,8,11
4,360,21.600000,12.276000,0,1,271106289,783,21,783,21,0,8,11
4,360,21.600000,12.276000,0,1,271106300,788,21,788,21,0,8,11
4,360,21.600000,12.276000,0,1,271106311,800,21,800,21,0,8,11
4,360,21.600000,12.276000,0,1,271106323,817,21,817,21,0,8,11
4,360,21.600000,12.276000,0,1,271106333,841,21,841,21,0,8,11
4,360,21.600000,12.276000,0,1,271106344,874,19,874,19,0,8,11
4,360,21.600000,12.276000,0,1,271106356,914,15,914,15,0,8,11
4,360,21.600000,12.276000,0,1,271106367,958,13,958,13,0,8,11
4,360,21.600000,12.276000,0,1,271106378,999,12,999,12,0,8,11
4,360,21.600000,12.276000,0,1,271106389,1032,12,1032,12,0,8,11
4,360,21.600000,12.276000,0,1,271106400,1058,12,1058,12,0,8,11
4,360,21.600000,12.276000,0,1,271106411,1079,12,1079,12,0,8,11
4,360,21.600000,12.276000,0,1,271106422,1091,12,1091,12,0,8,11
4,360,21.600000,12.276000,0,1,271106434,1099,12,1099,12,0,8,11
4,360,21.600000,12.276000,0,1,271106446,1106,12,1106,12,0,8,11
4,360,21.600000,12.276000,0,1,271106458,1112,12,1112,12,0,8,11
4,360,21.600000,12.276000,0,1,271106469,1116,12,1116,12,0,8,11
4,360,21.600000,12.276000,0,1,271106480,1119,12,1119,12,0,8,11
4,360,21.600000,12.276000,0,1,271106491,1123,12,1123,12,0,8,11
4,360,21.600000,12.276000,0,1,271106502,1127,12,1127,12,0,8,11
4,360,21.600000,12.276000,0,1,271106513,1130,11,1130,11,0,8,11
4,360,21.600000,12.276000,0,1,271106525,1135,11,1135,11,0,8,11
4,360,21.600000,12.276000,0,1,271106536,1138,10,1138,10,0,8,11
4,360,21.600000,12.276000,0,1,271106547,1141,9,1141,9,0,8,11
4,360,21.600000,12.276000,0,1,271106558,1143,9,1143,9,0,8,11
4,360,21.600000,12.276000,0,1,271106568,1144,9,1144,9,0,8,11
4,360,21.600000,12.276000,0,1,271106579,1145,9,1145,9,0,8,11
4,360,21.600000,12.276000,0,1,271106589,1145,9,1145,9,0,8,11
4,360,21.600000,12.276000,0,1,271106600,1146,8,1146,8,0,8,11
4,360,21.600000,12.276000,0,1,271106611,1147,8,1147,8,0,8,11
4,360,21.600000,12.276000,0,1,271106625,1148,8,1148,8,0,8,11
4,360,21.600000,12.276000,0,1,271106637,1150,7,1150,7,0,8,11
4,360,21.600000,12.276000,0,1,271106648,1152,7,1152,7,0,8,11
4,360,21.600000,12.276000,0,1,271106659,1154,7,1154,7,0,8,11
4,360,21.600000,12.276000,0,1,271106669,1154,7,1154,7,0,8,11
4,360,21.600000,12.276000,0,1,271106679,1154,7,1154,7,1,8,11
