4,360,82.800000,42.984000,0,0,271144365,780,0,780,0,0,8,44
4,360,82.800000,42.984000,0,0,271144365,780,0,780,0,0,8,44
4,360,82.800000,42.984000,0,0,271144377,780,0,780,0,0,8,44
4,360,82.800000,42.984000,0,0,271144389,780,0,780,0,0,8,44
4,360,82.800000,42.984000,0,0,271144401,780,0,780,0,0,8,44
4,360,82.800000,42.984000,0,0,271144415,780,0,780,0,0,8,44
4,360,82.800000,42.984000,0,0,271144428,781,0,781,0,0,8,44
4,360,82.800000,42.984000,0,0,271144451,788,0,788,0,0,8,44
4,360,82.800000,42.984000,0,0,271144464,835,0,835,-1,0,8,44
4,360,82.800000,42.984000,0,0,271144478,865,0,865,-4,0,8,44
4,360,82.800000,42.984000,0,0,271144490,914,0,914,-4,0,8,44
4,360,82.800000,42.984000,0,0,271144502,958,0,958,-5,0,8,44
4,360,82.800000,42.984000,0,0,271144516,1012,0,1012,-5,0,8,44
4,360,82.800000,42.984000,0,0,271144529,1061,1,1061,-4,0,8,44
4,360,82.800000,42.984000,0,0,271144543,1100,1,1100,-4,0,8,44
4,360,82.800000,42.984000,0,0,271144557,1125,3,1125,-2,0,8,44
4,360,82.800000,42.984000,0,0,271144579,1145,4,1145,-1,0,8,44
4,360,82.800000,42.984000,0,0,271144591,1159,4,1159,-1,0,8,44
4,360,82.800000,42.984000,0,0,271144603,1159,4,1159,-1,0,8,44
4,360,82.800000,42.984000,0,0,271144615,1159,4,1159,-1,0,8,44
4,360,82.800000,42.984000,0,0,271144627,1159,4,1159,-1,0,8,44
4,360,82.800000,42.984000,0,0,271144640,1159,4,1159,-1,0,8,44
4,360,82.800000,42.984000,0,0,271144654,1159,4,1159,-1,0,8,44
4,360,82.800000,42.984000,0,0,271144667,1159,4,1159,-1,0,8,44
4,360,82.800000,42.984000,0,0,271144680,1159,4,1159,-1,0,8,44
4,360,82.800000,42.984000,0,0,271144692,1159,4,1159,-1,0,8,44
4,360,82.800000,42.984000,0,0,271144704,1159,4,1159,-1,0,8,44
4,360,82.800000,42.984000,0,0,271144716,1159,4,1159,-1,0,8,44
4,360,82.800000,42.984000,0,0,271144730,1159,4,1159,-1,0,8,44
4,360,82.800000,42.984000,0,0,271144747,1159,4,1159,-1,0,8,44
