4,360,82.800000,22.608000,1,0,271127866,780,0,780,0,0,8,30
4,360,82.800000,22.608000,1,0,271127867,780,0,780,0,0,8,30
4,360,82.800000,22.608000,1,0,271127888,780,0,780,0,0,8,30
4,360,82.800000,22.608000,1,0,271127899,780,0,780,0,0,8,30
4,360,82.800000,22.608000,1,0,271127910,780,0,780,0,0,8,30
4,360,82.800000,22.608000,1,0,271127922,781,0,781,0,0,8,30
4,360,82.800000,22.608000,1,0,271127934,788,0,788,0,0,8,30
4,360,82.800000,22.608000,1,0,271127944,804,0,804,0,0,8,30
4,360,82.800000,22.608000,1,0,271127957,828,0,828,-1,0,8,30
4,360,82.800000,22.608000,1,0,271127977,872,0,872,-2,0,8,30
4,360,82.800000,22.608000,1,0,271127988,991,0,991,-6,0,8,30
4,360,82.800000,22.608000,1,0,271128007,1058,0,1058,-7,0,8,30
4,360,82.800000,22.608000,1,0,271128017,1149,0,1149,-7,0,8,30
4,360,82.800000,22.608000,1,0,271128028,1171,0,1171,-7,0,8,30
4,360,82.800000,22.608000,1,0,271128038,1182,0,1182,-7,0,8,30
4,360,82.800000,22.608000,1,0,271128050,1183,0,1183,-7,0,8,30
4,360,82.800000,22.608000,1,0,271128070,1183,0,1183,-7,0,8,30
4,360,82.800000,22.608000,1,0,271128080,1183,0,1183,-7,0,8,30
4,360,82.800000,22.608000,1,0,271128091,1183,0,1183,-7,0,8,30
4,360,82.800000,22.608000,1,0,271128102,1183,0,1183,-7,0,8,30
4,360,82.800000,22.608000,1,0,271128114,1183,0,1183,-7,0,8,30
4,360,82.800000,22.608000,1,0,271128133,1183,0,1183,-7,0,8,30
4,360,82.800000,22.608000,1,0,271128143,1183,0,1183,-7,0,8,30
4,360,82.800000,22.608000,1,0,271128164,1183,0,1183,-7,0,8,30
4,360,82.800000,22.608000,1,0,271128173,1183,0,1183,-7,0,8,30
4,360,82.800000,22.608000,1,0,271128184,1183,0,1183,-7,0,8,30
4,360,82.800000,22.608000,1,0,271128194,1183,0,1183,-7,0,8,30
4,360,82.800000,22.608000,1,0,271128205,1183,0,1183,-7,0,8,30
4,360,82.800000,22.608000,1,0,271128215,1183,0,1183,-7,0,8,30
4,360,82.800000,22.608000,1,0,271128225,1183,0,1183,-7,0,8,30
4,360,82.800000,22.608000,1,0,271128235,1182,0,1182,-7,0,8,30
4,360,82.800000,22.608000,1,0,271128246,1180,0,1180,-7,0,8,30
4,360,82.800000,22.608000,1,0,271128256,1176,0,1176,-7,0,8,30
4,360,82.800000,22.608000,1,0,271128267,1170,0,1170,-7,0,8,30
4,360,82.800000,22.608000,1,0,271128277,1164,0,1164,-7,0,8,30
4,360,82.800000,22.608000,1,0,271128288,1159,0,1159,-7,0,8,30
4,360,82.800000,22.608000,1,0,271128299,1155,0,1155,-7,0,8,30
4,360,82.800000,22.608000,1,0,271128310,1154,0,1154,-7,0,8,30
4,360,82.800000,22.608000,1,0,271128320,1153,0,1153,-7,0,8,30
4,360,82.800000,22.608000,1,0,271128330,1153,0,1153,-7,0,8,30
4,360,82.800000,22.608000,1,0,271128340,1153,0,1153,-7,0,8,30
4,360,82.800000,22.608000,1,0,271128349,1152,0,1152,-7,0,8,30
