4,720,50.400000,42.984000,1,1,271172579,600,22,600,22,0,8,68
4,720,50.400000,42.984000,1,1,271172580,600,22,600,22,0,8,68
4,720,50.400000,42.984000,1,1,271172592,603,22,603,22,0,8,68
4,720,50.400000,42.984000,1,1,271172603,604,22,604,22,0,8,68
4,720,50.400000,42.984000,1,1,271172614,606,22,606,22,0,8,68
4,720,50.400000,42.984000,1,1,271172625,607,22,607,22,0,8,68
4,720,50.400000,42.984000,1,1,271172635,611,22,611,22,0,8,68
4,720,50.400000,42.984000,1,1,271172646,621,22,621,22,0,8,68
4,720,50.400000,42.984000,1,1,271172659,637,21,637,21,0,8,68
4,720,50.400000,42.984000,1,1,271172670,665,18,665,18,0,8,68
4,720,50.400000,42.984000,1,1,271172681,706,14,706,14,0,8,68
4,720,50.400000,42.984000,1,1,271172692,756,10,756,10,0,8,68
4,720,50.400000,42.984000,1,1,271172705,826,7,826,7,0,8,68
4,720,50.400000,42.984000,1,1,271172717,907,5,907,5,0,8,68
4,720,50.400000,42.984000,1,1,271172730,987,5,987,5,0,8,68
4,720,50.400000,42.984000,1,1,271172742,1058,6,1058,6,0,8,68
4,720,50.400000,42.984000,1,1,271172754,1114,9,1114,9,0,8,68
4,720,50.400000,42.984000,1,1,271172766,1152,10,1152,10,0,8,68
4,720,50.400000,42.984000,1,1,271172777,1171,11,1171,11,0,8,68
4,720,50.400000,42.984000,1,1,271172788,1180,12,1180,12,0,8,68
4,720,50.400000,42.984000,1,1,271172799,1185,12,1185,12,0,8,68
4,720,50.400000,42.984000,1,1,271172810,1187,13,1187,13,0,8,68
4,720,50.400000,42.984000,1,1,271172822,1189,13,1189,13,0,8,68
4,720,50.400000,42.984000,1,1,271172832,1191,14,1191,14,0,8,68
4,720,50.400000,42.984000,1,1,271172843,1192,15,1192,15,0,8,68
4,720,50.400000,42.984000,1,1,271172854,1194,16,1194,16,0,8,68
4,720,50.400000,42.984000,1,1,271172865,1198,17,1198,17,0,8,68
4,720,50.400000,42.984000,1,1,271172876,1203,19,1203,19,0,8,68
4,720,50.400000,42.984000,1,1,271172887,1209,20,1209,20,0,8,68
4,720,50.400000,42.984000,1,1,271172898,1215,21,1215,21,0,8,68
4,720,50.400000,42.984000,1,1,271172909,1222,22,1222,22,0,8,68
4,720,50.400000,42.984000,1,1,271172920,1227,23,1227,23,0,8,68
4,720,50.400000,42.984000,1,1,271172931,1231,23,1231,23,0,8,68
4,720,50.400000,42.984000,1,1,271172943,1235,23,1235,23,0,8,68
4,720,50.400000,42.984000,1,1,271172953,1239,23,1239,23,0,8,68
4,720,50.400000,42.984000,1,1,271172964,1243,23,1243,23,0,8,68
4,720,50.400000,42.984000,1,1,271172976,1248,23,1248,23,0,8,68
4,720,50.400000,42.984000,1,1,271172986,1256,21,1256,21,0,8,68
4,720,50.400000,42.984000,1,1,271172997,1262,20,1262,20,0,8,68
4,720,50.400000,42.984000,1,1,271173007,1269,17,1269,17,0,8,68
4,720,50.400000,42.984000,1,1,271173018,1275,15,1275,15,0,8,68
4,720,50.400000,42.984000,1,1,271173028,1281,13,1281,13,0,8,68
4,720,50.400000,42.984000,1,1,271173040,1284,12,1284,12,0,8,68
4,720,50.400000,42.984000,1,1,271173052,1286,11,1286,11,0,8,68
4,720,50.400000,42.984000,1,1,271173064,1287,10,1287,10,0,8,68
4,720,50.400000,42.984000,1,1,271173087,1287,9,1287,9,0,8,68
4,720,50.400000,42.984000,1,1,271173098,1290,7,1290,7,0,8,68
4,720,50.400000,42.984000,1,1,271173110,1292,6,1292,6,0,8,68
4,720,50.400000,42.984000,1,1,271173120,1294,5,1294,5,0,8,68
4,720,50.400000,42.984000,1,1,271173131,1295,4,1295,4,0,8,68
4,720,50.400000,42.984000,1,1,271173143,1296,3,1296,3,0,8,68
4,720,50.400000,42.984000,1,1,271173153,1298,3,1298,3,0,8,68
4,720,50.400000,42.984000,1,1,271173165,1299,2,1299,2,0,8,68
4,720,50.400000,42.984000,1,1,271173175,1301,2,1301,2,0,8,68
4,720,50.400000,42.984000,1,1,271173186,1302,2,1302,2,0,8,68
4,720,50.400000,42.984000,1,1,271173197,1304,1,1304,1,0,8,68
4,720,50.400000,42.984000,1,1,271173207,1306,1,1306,1,0,8,68
4,720,50.400000,42.984000,1,1,271173218,1307,1,1307,1,0,8,68
4,720,50.400000,42.984000,1,1,271173229,1309,1,1309,1,0,8,68
4,720,50.400000,42.984000,1,1,271173239,1310,1,1310,1,0,8,68
4,720,50.400000,42.984000,1,1,271173250,1311,1,1311,1,0,8,68
4,720,50.400000,42.984000,1,1,271173259,1312,1,1312,1,0,8,68
