4,360,50.400000,0.000000,1,1,271163236,780,22,780,22,0,8,59
4,360,50.400000,0.000000,1,1,271163237,780,22,780,22,0,8,59
4,360,50.400000,0.000000,1,1,271163258,780,22,780,22,0,8,59
4,360,50.400000,0.000000,1,1,271163269,780,22,780,22,0,8,59
4,360,50.400000,0.000000,1,1,271163280,780,22,780,22,0,8,59
4,360,50.400000,0.000000,1,1,271163291,780,22,780,22,0,8,59
4,360,50.400000,0.000000,1,1,271163301,780,22,780,22,0,8,59
4,360,50.400000,0.000000,1,1,271163313,780,22,780,22,0,8,59
4,360,50.400000,0.000000,1,1,271163323,789,22,789,22,0,8,59
4,360,50.400000,0.000000,1,1,271163334,808,22,808,22,0,8,59
4,360,50.400000,0.000000,1,1,271163346,834,21,834,21,0,8,59
4,360,50.400000,0.000000,1,1,271163356,875,20,875,20,0,8,59
4,360,50.400000,0.000000,1,1,271163367,930,19,930,19,0,8,59
4,360,50.400000,0.000000,1,1,271163378,979,18,979,18,0,8,59
4,360,50.400000,0.000000,1,1,271163390,1033,18,1033,18,0,8,59
4,360,50.400000,0.000000,1,1,271163400,1082,17,1082,17,0,8,59
4,360,50.400000,0.000000,1,1,271163410,1116,15,1116,15,0,8,59
4,360,50.400000,0.000000,1,1,271163421,1132,14,1132,14,0,8,59
4,360,50.400000,0.000000,1,1,271163431,1142,14,1142,14,0,8,59
4,360,50.400000,0.000000,1,1,271163441,1146,14,1146,14,0,8,59
4,360,50.400000,0.000000,1,1,271163452,1146,14,1146,14,0,8,59
4,360,50.400000,0.000000,1,1,271163463,1146,14,1146,14,0,8,59
4,360,50.400000,0.000000,1,1,271163473,1146,14,1146,14,0,8,59
4,360,50.400000,0.000000,1,1,271163483,1146,14,1146,14,0,8,59
4,360,50.400000,0.000000,1,1,271163494,1147,14,1147,14,0,8,59
4,360,50.400000,0.000000,1,1,271163504,1148,14,1148,14,0,8,59
4,360,50.400000,0.000000,1,1,271163514,1148,14,1148,14,0,8,59
4,360,50.400000,0.000000,1,1,271163524,1148,14,1148,14,0,8,59
4,360,50.400000,0.000000,1,1,271163535,1148,14,1148,14,0,8,59
4,360,50.400000,0.000000,1,1,271163545,1149,14,1149,14,0,8,59
4,360,50.400000,0.000000,1,1,271163556,1149,14,1149,14,0,8,59
4,360,50.400000,0.000000,1,1,271163566,1149,14,1149,14,0,8,59
4,360,50.400000,0.000000,1,1,271163577,1149,14,1149,14,0,8,59
4,360,50.400000,0.000000,1,1,271163587,1149,13,1149,13,0,8,59
4,360,50.400000,0.000000,1,1,271163598,1150,13,1150,13,0,8,59
4,360,50.400000,0.000000,1,1,271163609,1150,13,1150,13,0,8,59
4,360,50.400000,0.000000,1,1,271163620,1150,12,1150,12,0,8,59
4,360,50.400000,0.000000,1,1,271163631,1150,12,1150,12,0,8,59
4,360,50.400000,0.000000,1,1,271163642,1150,12,1150,12,0,8,59
