4,360,21.600000,22.608000,1,1,271191524,780,22,780,22,0,8,85
4,360,21.600000,22.608000,1,1,271191525,780,22,780,22,0,8,85
4,360,21.600000,22.608000,1,1,271191546,780,22,780,22,0,8,85
4,360,21.600000,22.608000,1,1,271191558,780,22,780,22,0,8,85
4,360,21.600000,22.608000,1,1,271191569,780,22,780,22,0,8,85
4,360,21.600000,22.608000,1,1,271191581,782,22,782,22,0,8,85
4,360,21.600000,22.608000,1,1,271191601,788,21,788,21,0,8,85
4,360,21.600000,22.608000,1,1,271191612,811,19,811,19,0,8,85
4,360,21.600000,22.608000,1,1,271191624,831,16,831,16,0,8,85
4,360,21.600000,22.608000,1,1,271191635,861,13,861,13,0,8,85
4,360,21.600000,22.608000,1,1,271191646,890,11,890,11,0,8,85
4,360,21.600000,22.608000,1,1,271191657,924,9,924,9,0,8,85
4,360,21.600000,22.608000,1,1,271191667,966,9,966,9,0,8,85
4,360,21.600000,22.608000,1,1,271191681,1004,8,1004,8,0,8,85
4,360,21.600000,22.608000,1,1,271191692,1036,6,1036,6,0,8,85
4,360,21.600000,22.608000,1,1,271191704,1052,5,1052,5,0,8,85
4,360,21.600000,22.608000,1,1,271191722,1063,4,1063,4,0,8,85
4,360,21.600000,22.608000,1,1,271191734,1070,3,1070,3,0,8,85
4,360,21.600000,22.608000,1,1,271191745,1072,3,1072,3,0,8,85
4,360,21.600000,22.608000,1,1,271191756,1074,3,1074,3,0,8,85
4,360,21.600000,22.608000,1,1,271191767,1075,2,1075,2,0,8,85
4,360,21.600000,22.608000,1,1,271191779,1077,1,1077,1,0,8,85
4,360,21.600000,22.608000,1,1,271191800,1081,1,1081,1,0,8,85
4,360,21.600000,22.608000,1,1,271191811,1091,0,1091,-1,0,8,85
4,360,21.600000,22.608000,1,1,271191822,1096,0,1096,-1,0,8,85
4,360,21.600000,22.608000,1,1,271191832,1100,0,1100,-2,0,8,85
4,360,21.600000,22.608000,1,1,271191843,1104,0,1104,-3,0,8,85
4,360,21.600000,22.608000,1,1,271191855,1106,0,1106,-3,0,8,85
4,360,21.600000,22.608000,1,1,271191866,1107,0,1107,-3,0,8,85
4,360,21.600000,22.608000,1,1,271191876,1107,0,1107,-3,0,8,85
4,360,21.600000,22.608000,1,1,271191896,1107,0,1107,-3,0,8,85
4,360,21.600000,22.608000,1,1,271191906,1107,0,1107,-3,0,8,85
4,360,21.600000,22.608000,1,1,271191918,1107,0,1107,-3,0,8,85
4,360,21.600000,22.608000,1,1,271191929,1107,0,1107,-3,0,8,85
4,360,21.600000,22.608000,1,1,271191939,1108,0,1108,-3,0,8,85
4,360,21.600000,22.608000,1,1,271191960,1109,0,1109,-3,0,8,85
4,360,21.600000,22.608000,1,1,271191971,1112,0,1112,-3,0,8,85
4,360,21.600000,22.608000,1,1,271191981,1114,0,1114,-3,0,8,85
4,360,21.600000,22.608000,1,1,271191992,1116,0,1116,-3,0,8,85
4,360,21.600000,22.608000,1,1,271192003,1119,0,1119,-3,0,8,85
4,360,21.600000,22.608000,1,1,271192013,1122,0,1122,-3,0,8,85
4,360,21.600000,22.608000,1,1,271192024,1124,0,1124,-3,0,8,85
4,360,21.600000,22.608000,1,1,271192035,1125,0,1125,-3,0,8,85
4,360,21.600000,22.608000,1,1,271192045,1126,0,1126,-3,0,8,85
4,360,21.600000,22.608000,1,1,271192056,1126,1,1126,-2,0,8,85
4,360,21.600000,22.608000,1,1,271192066,1127,2,1127,-1,0,8,85
4,360,21.600000,22.608000,1,1,271192079,1129,2,1129,-1,0,8,85
4,360,21.600000,22.608000,1,1,271192089,1130,2,1130,-1,0,8,85
4,360,21.600000,22.608000,1,1,271192100,1131,2,1131,-1,0,8,85
4,360,21.600000,22.608000,1,1,271192111,1131,2,1131,-1,0,8,85
4,360,21.600000,22.608000,1,1,271192121,1132,2,1132,-1,0,8,85
4,360,21.600000,22.608000,1,1,271192132,1133,2,1133,-1,0,8,85
4,360,21.600000,22.608000,1,1,271192144,1134,3,1134,0,0,8,85
4,360,21.600000,22.608000,1,1,271192156,1135,3,1135,0,0,8,85
4,360,21.600000,22.608000,1,1,271192176,1137,3,1137,0,0,8,85
4,360,21.600000,22.608000,1,1,271192187,1139,4,1139,1,0,8,85
4,360,21.600000,22.608000,1,1,271192198,1141,5,1141,2,0,8,85
4,360,21.600000,22.608000,1,1,271192217,1141,5,1141,2,0,8,85
