4,360,21.600000,12.276000,1,1,271132632,780,22,780,22,0,8,34
4,360,21.600000,12.276000,1,1,271132633,780,22,780,22,0,8,34
4,360,21.600000,12.276000,1,1,271132644,780,22,780,22,0,8,34
4,360,21.600000,12.276000,1,1,271132654,781,22,781,22,0,8,34
4,360,21.600000,12.276000,1,1,271132665,782,22,782,22,0,8,34
4,360,21.600000,12.276000,1,1,271132676,784,22,784,22,0,8,34
4,360,21.600000,12.276000,1,1,271132687,789,22,789,22,0,8,34
4,360,21.600000,12.276000,1,1,271132698,797,22,797,22,0,8,34
4,360,21.600000,12.276000,1,1,271132710,814,22,814,22,0,8,34
4,360,21.600000,12.276000,1,1,271132721,835,22,835,22,0,8,34
4,360,21.600000,12.276000,1,1,271132733,870,21,870,21,0,8,34
4,360,21.600000,12.276000,1,1,271132745,916,20,916,20,0,8,34
4,360,21.600000,12.276000,1,1,271132764,955,18,955,18,0,8,34
4,360,21.600000,12.276000,1,1,271132774,1017,17,1017,17,0,8,34
4,360,21.600000,12.276000,1,1,271132785,1043,16,1043,16,0,8,34
4,360,21.600000,12.276000,1,1,271132795,1061,16,1061,16,0,8,34
4,360,21.600000,12.276000,1,1,271132805,1072,16,1072,16,0,8,34
4,360,21.600000,12.276000,1,1,271132816,1076,16,1076,16,0,8,34
4,360,21.600000,12.276000,1,1,271132837,1076,16,1076,16,0,8,34
4,360,21.600000,12.276000,1,1,271132848,1076,16,1076,16,0,8,34
4,360,21.600000,12.276000,1,1,271132858,1076,16,1076,16,0,8,34
4,360,21.600000,12.276000,1,1,271132869,1076,16,1076,16,0,8,34
4,360,21.600000,12.276000,1,1,271132880,1076,16,1076,16,0,8,34
4,360,21.600000,12.276000,1,1,271132891,1076,16,1076,16,0,8,34
4,360,21.600000,12.276000,1,1,271132902,1077,16,1077,16,0,8,34
4,360,21.600000,12.276000,1,1,271132922,1078,16,1078,16,0,8,34
4,360,21.600000,12.276000,1,1,271132935,1082,16,1082,16,0,8,34
4,360,21.600000,12.276000,1,1,271132945,1086,16,1086,16,0,8,34
4,360,21.600000,12.276000,1,1,271132957,1089,16,1089,16,0,8,34
4,360,21.600000,12.276000,1,1,271132969,1094,16,1094,16,0,8,34
4,360,21.600000,12.276000,1,1,271132979,1097,16,1097,16,0,8,34
4,360,21.600000,12.276000,1,1,271132991,1099,16,1099,16,0,8,34
4,360,21.600000,12.276000,1,1,271133002,1100,16,1100,16,0,8,34
4,360,21.600000,12.276000,1,1,271133014,1100,16,1100,16,0,8,34
4,360,21.600000,12.276000,1,1,271133025,1101,16,1101,16,0,8,34
4,360,21.600000,12.276000,1,1,271133045,1103,16,1103,16,0,8,34
4,360,21.600000,12.276000,1,1,271133056,1108,16,1108,16,0,8,34
4,360,21.600000,12.276000,1,1,271133067,1110,16,1110,16,0,8,34
4,360,21.600000,12.276000,1,1,271133077,1112,15,1112,15,0,8,34
4,360,21.600000,12.276000,1,1,271133088,1113,15,1113,15,0,8,34
4,360,21.600000,12.276000,1,1,271133107,1115,15,1115,15,0,8,34
4,360,21.600000,12.276000,1,1,271133117,1117,14,1117,14,0,8,34
4,360,21.600000,12.276000,1,1,271133127,1119,14,1119,14,0,8,34
4,360,21.600000,12.276000,1,1,271133139,1121,14,1121,14,0,8,34
4,360,21.600000,12.276000,1,1,271133150,1122,14,1122,14,0,8,34
4,360,21.600000,12.276000,1,1,271133160,1123,13,1123,13,0,8,34
4,360,21.600000,12.276000,1,1,271133171,1123,13,1123,13,0,8,34
4,360,21.600000,12.276000,1,1,271133182,1125,12,1125,12,0,8,34
4,360,21.600000,12.276000,1,1,271133201,1126,12,1126,12,0,8,34
4,360,21.600000,12.276000,1,1,271133211,1126,12,1126,12,0,8,34
4,360,21.600000,12.276000,1,1,271133222,1126,12,1126,12,0,8,34
4,360,21.600000,12.276000,1,1,271133232,1126,12,1126,12,0,8,34
4,360,21.600000,12.276000,1,1,271133243,1126,12,1126,12,0,8,34
4,360,21.600000,12.276000,1,1,271133254,1126,12,1126,12,0,8,34
4,360,21.600000,12.276000,1,1,271133264,1127,12,1127,12,0,8,34
4,360,21.600000,12.276000,1,1,271133274,1128,12,1128,12,0,8,34
4,360,21.600000,12.276000,1,1,271133284,1128,11,1128,11,0,8,34
4,360,21.600000,12.276000,1,1,271133294,1129,11,1129,11,0,8,34
4,360,21.600000,12.276000,1,1,271133304,1130,11,1130,11,0,8,34
4,360,21.600000,12.276000,1,1,271133315,1131,11,1131,11,0,8,34
4,360,21.600000,12.276000,1,1,271133325,1132,11,1132,11,0,8,34
4,360,21.600000,12.276000,1,1,271133335,1133,11,1133,11,0,8,34
4,360,21.600000,12.276000,1,1,271133345,1134,11,1134,11,0,8,34
4,360,21.600000,12.276000,1,1,271133356,1135,11,1135,11,0,8,34
4,360,21.600000,12.276000,1,1,271133366,1135,11,1135,11,0,8,34
4,360,21.600000,12.276000,1,1,271133376,1135,11,1135,11,0,8,34
4,360,21.600000,12.276000,1,1,271133386,1135,11,1135,11,0,8,34
4,360,21.600000,12.276000,1,1,271133396,1135,11,1135,11,0,8,34
4,360,21.600000,12.276000,1,1,271133406,1135,11,1135,11,0,8,34
4,360,21.600000,12.276000,1,1,271133416,1135,11,1135,11,0,8,34
4,360,21.600000,12.276000,1,1,271133426,1135,11,1135,11,0,8,34
4,360,21.600000,12.276000,1,1,271133437,1136,10,1136,10,0,8,34
4,360,21.600000,12.276000,1,1,271133447,1136,10,1136,10,0,8,34
4,360,21.600000,12.276000,1,1,271133456,1137,10,1137,10,0,8,34
