4,360,21.600000,10000.000000,0,1,271359367,780,22,780,22,0,9,112
4,360,21.600000,10000.000000,0,1,271359368,780,22,780,22,0,9,112
4,360,21.600000,10000.000000,0,1,271359389,780,22,780,22,0,9,112
4,360,21.600000,10000.000000,0,1,271359400,780,22,780,22,0,9,112
4,360,21.600000,10000.000000,0,1,271359411,780,22,780,22,0,9,112
4,360,21.600000,10000.000000,0,1,271359422,780,22,780,22,0,9,112
4,360,21.600000,10000.000000,0,1,271359433,782,22,782,22,0,9,112
4,360,21.600000,10000.000000,0,1,271359444,790,22,790,22,0,9,112
4,360,21.600000,10000.000000,0,1,271359455,809,22,809,22,0,9,112
4,360,21.600000,10000.000000,0,1,271359467,838,22,838,22,0,9,112
4,360,21.600000,10000.000000,0,1,271359478,880,22,880,22,0,9,112
4,360,21.600000,10000.000000,0,1,271359490,930,23,930,23,0,9,112
4,360,21.600000,10000.000000,0,1,271359502,994,23,994,23,0,9,112
4,360,21.600000,10000.000000,0,1,271359514,1045,23,1045,23,0,9,112
4,360,21.600000,10000.000000,0,1,271359527,1089,22,1089,22,0,9,112
4,360,21.600000,10000.000000,0,1,271359540,1109,20,1109,20,0,9,112
4,360,21.600000,10000.000000,0,1,271359560,1112,20,1112,20,0,9,112
4,360,21.600000,10000.000000,0,1,271359571,1112,20,1112,20,0,9,112
4,360,21.600000,10000.000000,0,1,271359582,1111,20,1111,20,0,9,112
4,360,21.600000,10000.000000,0,1,271359593,1111,20,1111,20,0,9,112
4,360,21.600000,10000.000000,0,1,271359605,1111,20,1111,20,0,9,112
4,360,21.600000,10000.000000,0,1,271359616,1111,20,1111,20,0,9,112
4,360,21.600000,10000.000000,0,1,271359638,1111,20,1111,20,0,9,112
4,360,21.600000,10000.000000,0,1,271359648,1111,20,1111,20,0,9,112
4,360,21.600000,10000.000000,0,1,271359659,1111,20,1111,20,0,9,112
4,360,21.600000,10000.000000,0,1,271359670,1111,20,1111,20,0,9,112
4,360,21.600000,10000.000000,0,1,271359680,1111,20,1111,20,0,9,112
4,360,21.600000,10000.000000,0,1,271359691,1111,20,1111,20,0,9,112
4,360,21.600000,10000.000000,0,1,271359701,1111,20,1111,20,0,9,112
4,360,21.600000,10000.000000,0,1,271359712,1111,20,1111,20,0,9,112
4,360,21.600000,10000.000000,0,1,271359723,1110,19,1110,19,0,9,112
4,360,21.600000,10000.000000,0,1,271359734,1109,19,1109,19,0,9,112
4,360,21.600000,10000.000000,0,1,271359745,1109,18,1109,18,0,9,112
4,360,21.600000,10000.000000,0,1,271359756,1109,17,1109,17,0,9,112
4,360,21.600000,10000.000000,0,1,271359766,1109,16,1109,16,0,9,112
4,360,21.600000,10000.000000,0,1,271359777,1109,16,1109,16,0,9,112
4,360,21.600000,10000.000000,0,1,271359787,1109,15,1109,15,0,9,112
4,360,21.600000,10000.000000,0,1,271359798,1110,14,1110,14,0,9,112
4,360,21.600000,10000.000000,0,1,271359810,1111,13,1111,13,0,9,112
4,360,21.600000,10000.000000,0,1,271359822,1114,12,1114,12,0,9,112
4,360,21.600000,10000.000000,0,1,271359833,1117,11,1117,11,0,9,112
4,360,21.600000,10000.000000,0,1,271359843,1120,10,1120,10,0,9,112
4,360,21.600000,10000.000000,0,1,271359854,1122,10,1122,10,0,9,112
4,360,21.600000,10000.000000,0,1,271359865,1124,10,1124,10,0,9,112
4,360,21.600000,10000.000000,0,1,271359876,1124,9,1124,9,0,9,112
4,360,21.600000,10000.000000,0,1,271359886,1125,9,1125,9,0,9,112
4,360,21.600000,10000.000000,0,1,271359907,1125,9,1125,9,0,9,112
4,360,21.600000,10000.000000,0,1,271359918,1126,9,1126,9,0,9,112
4,360,21.600000,10000.000000,0,1,271359928,1127,9,1127,9,0,9,112
4,360,21.600000,10000.000000,0,1,271359938,1127,8,1127,8,0,9,112
4,360,21.600000,10000.000000,0,1,271359949,1127,8,1127,8,0,9,112
4,360,21.600000,10000.000000,0,1,271359959,1127,8,1127,8,0,9,112
4,360,21.600000,10000.000000,0,1,271359979,1128,8,1128,8,0,9,112
4,360,21.600000,10000.000000,0,1,271359990,1129,8,1129,8,0,9,112
4,360,21.600000,10000.000000,0,1,271360000,1129,7,1129,7,0,9,112
4,360,21.600000,10000.000000,0,1,271360010,1130,7,1130,7,0,9,112
4,360,21.600000,10000.000000,0,1,271360021,1131,7,1131,7,0,9,112
4,360,21.600000,10000.000000,0,1,271360031,1131,7,1131,7,0,9,112
