4,360,21.600000,22.608000,1,0,271345246,780,0,780,0,0,9,100
4,360,21.600000,22.608000,1,0,271345247,780,0,780,0,0,9,100
4,360,21.600000,22.608000,1,0,271345258,780,0,780,0,0,9,100
4,360,21.600000,22.608000,1,0,271345269,780,0,780,0,0,9,100
4,360,21.600000,22.608000,1,0,271345280,781,0,781,0,0,9,100
4,360,21.600000,22.608000,1,0,271345291,782,0,782,0,0,9,100
4,360,21.600000,22.608000,1,0,271345302,785,0,785,0,0,9,100
4,360,21.600000,22.608000,1,0,271345313,793,0,793,-1,0,9,100
4,360,21.600000,22.608000,1,0,271345325,808,0,808,-2,0,9,100
4,360,21.600000,22.608000,1,0,271345336,828,0,828,-4,0,9,100
4,360,21.600000,22.608000,1,0,271345349,859,0,859,-6,0,9,100
4,360,21.600000,22.608000,1,0,271345362,907,0,907,-7,0,9,100
4,360,21.600000,22.608000,1,0,271345373,965,0,965,-8,0,9,100
4,360,21.600000,22.608000,1,0,271345384,1020,0,1020,-8,0,9,100
4,360,21.600000,22.608000,1,0,271345395,1067,0,1067,-8,0,9,100
4,360,21.600000,22.608000,1,0,271345406,1108,0,1108,-8,0,9,100
4,360,21.600000,22.608000,1,0,271345418,1134,0,1134,-8,0,9,100
4,360,21.600000,22.608000,1,0,271345431,1148,0,1148,-8,0,9,100
4,360,21.600000,22.608000,1,0,271345442,1151,0,1151,-8,0,9,100
4,360,21.600000,22.608000,1,0,271345453,1151,0,1151,-8,0,9,100
4,360,21.600000,22.608000,1,0,271345463,1151,0,1151,-8,0,9,100
4,360,21.600000,22.608000,1,0,271345474,1151,0,1151,-8,0,9,100
4,360,21.600000,22.608000,1,0,271345485,1150,0,1150,-8,0,9,100
4,360,21.600000,22.608000,1,0,271345496,1150,0,1150,-8,0,9,100
4,360,21.600000,22.608000,1,0,271345507,1150,0,1150,-8,0,9,100
4,360,21.600000,22.608000,1,0,271345518,1150,0,1150,-8,0,9,100
4,360,21.600000,22.608000,1,0,271345528,1150,0,1150,-8,0,9,100
4,360,21.600000,22.608000,1,0,271345539,1150,0,1150,-8,0,9,100
4,360,21.600000,22.608000,1,0,271345551,1150,0,1150,-8,0,9,100
4,360,21.600000,22.608000,1,0,271345562,1150,0,1150,-8,0,9,100
4,360,21.600000,22.608000,1,0,271345582,1150,0,1150,-8,0,9,100
4,360,21.600000,22.608000,1,0,271345593,1150,0,1150,-8,0,9,100
4,360,21.600000,22.608000,1,0,271345604,1150,0,1150,-8,0,9,100
4,360,21.600000,22.608000,1,0,271345615,1151,0,1151,-9,0,9,100
4,360,21.600000,22.608000,1,0,271345625,1151,0,1151,-9,0,9,100
4,360,21.600000,22.608000,1,0,271345635,1151,0,1151,-9,0,9,100
4,360,21.600000,22.608000,1,0,271345646,1151,0,1151,-9,0,9,100
4,360,21.600000,22.608000,1,0,271345657,1151,0,1151,-9,0,9,100
4,360,21.600000,22.608000,1,0,271345668,1151,0,1151,-9,0,9,100
4,360,21.600000,22.608000,1,0,271345680,1150,0,1150,-9,0,9,100
4,360,21.600000,22.608000,1,0,271345691,1148,0,1148,-9,0,9,100
4,360,21.600000,22.608000,1,0,271345701,1147,0,1147,-9,0,9,100
4,360,21.600000,22.608000,1,0,271345713,1146,0,1146,-9,0,9,100
4,360,21.600000,22.608000,1,0,271345722,1146,0,1146,-9,0,9,100
4,360,21.600000,22.608000,1,0,271345734,1146,0,1146,-9,0,9,100
4,360,21.600000,22.608000,1,0,271345744,1146,0,1146,-9,0,9,100
4,360,21.600000,22.608000,1,0,271345755,1146,0,1146,-9,0,9,100
4,360,21.600000,22.608000,1,0,271345765,1146,0,1146,-9,0,9,100
4,360,21.600000,22.608000,1,0,271345776,1146,0,1146,-9,0,9,100
4,360,21.600000,22.608000,1,0,271345788,1146,0,1146,-9,0,9,100
4,360,21.600000,22.608000,1,0,271345798,1146,0,1146,-9,0,9,100
4,360,21.600000,22.608000,1,0,271345809,1146,0,1146,-9,0,9,100
4,360,21.600000,22.608000,1,0,271345819,1146,0,1146,-9,0,9,100
4,360,21.600000,22.608000,1,0,271345839,1146,0,1146,-9,0,9,100
4,360,21.600000,22.608000,1,0,271345849,1146,0,1146,-9,0,9,100
