4,720,82.800000,0.000000,0,1,271271914,600,22,600,22,0,9,34
4,720,82.800000,0.000000,0,1,271271915,600,22,600,22,0,9,34
4,720,82.800000,0.000000,0,1,271271935,600,22,600,22,0,9,34
4,720,82.800000,0.000000,0,1,271271946,600,22,600,22,0,9,34
4,720,82.800000,0.000000,0,1,271271967,600,22,600,22,0,9,34
4,720,82.800000,0.000000,0,1,271271978,602,22,602,22,0,9,34
4,720,82.800000,0.000000,0,1,271271989,612,20,612,20,0,9,34
4,720,82.800000,0.000000,0,1,271272001,625,19,625,19,0,9,34
4,720,82.800000,0.000000,0,1,271272013,648,19,648,19,0,9,34
4,720,82.800000,0.000000,0,1,271272027,693,16,693,16,0,9,34
4,720,82.800000,0.000000,0,1,271272040,763,13,763,13,0,9,34
4,720,82.800000,0.000000,0,1,271272060,853,12,853,12,0,9,34
4,720,82.800000,0.000000,0,1,271272071,1052,11,1052,11,0,9,34
4,720,82.800000,0.000000,0,1,271272082,1138,10,1138,10,0,9,34
4,720,82.800000,0.000000,0,1,271272094,1208,8,1208,8,0,9,34
4,720,82.800000,0.000000,0,1,271272106,1257,6,1257,6,0,9,34
4,720,82.800000,0.000000,0,1,271272118,1278,5,1278,5,0,9,34
4,720,82.800000,0.000000,0,1,271272130,1287,4,1287,4,0,9,34
4,720,82.800000,0.000000,0,1,271272140,1287,4,1287,4,0,9,34
4,720,82.800000,0.000000,0,1,271272152,1287,4,1287,4,0,9,34
4,720,82.800000,0.000000,0,1,271272162,1286,4,1286,4,0,9,34
4,720,82.800000,0.000000,0,1,271272174,1285,4,1285,4,0,9,34
4,720,82.800000,0.000000,0,1,271272183,1285,4,1285,4,0,9,34
4,720,82.800000,0.000000,0,1,271272195,1285,4,1285,4,0,9,34
4,720,82.800000,0.000000,0,1,271272213,1285,4,1285,4,0,9,34
4,720,82.800000,0.000000,0,1,271272224,1285,4,1285,4,0,9,34
4,720,82.800000,0.000000,0,1,271272236,1285,4,1285,4,0,9,34
4,720,82.800000,0.000000,0,1,271272246,1285,4,1285,4,0,9,34
4,720,82.800000,0.000000,0,1,271272256,1285,4,1285,4,0,9,34
4,720,82.800000,0.000000,0,1,271272267,1285,4,1285,4,0,9,34
4,720,82.800000,0.000000,0,1,271272277,1285,4,1285,4,0,9,34
4,720,82.800000,0.000000,0,1,271272288,1285,4,1285,4,0,9,34
4,720,82.800000,0.000000,0,1,271272308,1285,4,1285,4,0,9,34
4,720,82.800000,0.000000,0,1,271272318,1285,4,1285,4,0,9,34
4,720,82.800000,0.000000,0,1,271272330,1285,4,1285,4,0,9,34
4,720,82.800000,0.000000,0,1,271272341,1285,4,1285,4,0,9,34
