4,720,21.600000,12.276000,1,1,271354856,600,22,600,22,0,9,108
4,720,21.600000,12.276000,1,1,271354856,600,22,600,22,0,9,108
4,720,21.600000,12.276000,1,1,271354867,600,22,600,22,0,9,108
4,720,21.600000,12.276000,1,1,271354880,601,22,601,22,0,9,108
4,720,21.600000,12.276000,1,1,271354890,603,22,603,22,0,9,108
4,720,21.600000,12.276000,1,1,271354901,606,22,606,22,0,9,108
4,720,21.600000,12.276000,1,1,271354913,610,21,610,21,0,9,108
4,720,21.600000,12.276000,1,1,271354926,618,21,618,21,0,9,108
4,720,21.600000,12.276000,1,1,271354938,636,19,636,19,0,9,108
4,720,21.600000,12.276000,1,1,271354949,666,18,666,18,0,9,108
4,720,21.600000,12.276000,1,1,271354960,703,17,703,17,0,9,108
4,720,21.600000,12.276000,1,1,271354970,758,16,758,16,0,9,108
4,720,21.600000,12.276000,1,1,271354981,818,15,818,15,0,9,108
4,720,21.600000,12.276000,1,1,271354993,894,15,894,15,0,9,108
4,720,21.600000,12.276000,1,1,271355017,974,14,974,14,0,9,108
4,720,21.600000,12.276000,1,1,271355028,1101,12,1101,12,0,9,108
4,720,21.600000,12.276000,1,1,271355039,1126,12,1126,12,0,9,108
4,720,21.600000,12.276000,1,1,271355050,1142,12,1142,12,0,9,108
4,720,21.600000,12.276000,1,1,271355062,1148,12,1148,12,0,9,108
4,720,21.600000,12.276000,1,1,271355072,1149,12,1149,12,0,9,108
4,720,21.600000,12.276000,1,1,271355083,1149,12,1149,12,0,9,108
4,720,21.600000,12.276000,1,1,271355092,1149,12,1149,12,0,9,108
4,720,21.600000,12.276000,1,1,271355103,1149,12,1149,12,0,9,108
4,720,21.600000,12.276000,1,1,271355114,1149,12,1149,12,0,9,108
4,720,21.600000,12.276000,1,1,271355125,1150,12,1150,12,0,9,108
4,720,21.600000,12.276000,1,1,271355135,1152,12,1152,12,0,9,108
4,720,21.600000,12.276000,1,1,271355145,1154,12,1154,12,0,9,108
4,720,21.600000,12.276000,1,1,271355157,1157,12,1157,12,0,9,108
4,720,21.600000,12.276000,1,1,271355169,1161,12,1161,12,0,9,108
4,720,21.600000,12.276000,1,1,271355181,1164,12,1164,12,0,9,108
4,720,21.600000,12.276000,1,1,271355192,1167,12,1167,12,0,9,108
4,720,21.600000,12.276000,1,1,271355202,1169,12,1169,12,0,9,108
4,720,21.600000,12.276000,1,1,271355213,1171,12,1171,12,0,9,108
4,720,21.600000,12.276000,1,1,271355223,1174,12,1174,12,0,9,108
4,720,21.600000,12.276000,1,1,271355234,1178,12,1178,12,0,9,108
4,720,21.600000,12.276000,1,1,271355245,1182,12,1182,12,0,9,108
4,720,21.600000,12.276000,1,1,271355256,1188,12,1188,12,0,9,108
4,720,21.600000,12.276000,1,1,271355266,1194,12,1194,12,0,9,108
4,720,21.600000,12.276000,1,1,271355277,1203,12,1203,12,0,9,108
4,720,21.600000,12.276000,1,1,271355287,1212,12,1212,12,0,9,108
4,720,21.600000,12.276000,1,1,271355298,1222,12,1222,12,0,9,108
4,720,21.600000,12.276000,1,1,271355309,1233,12,1233,12,0,9,108
4,720,21.600000,12.276000,1,1,271355319,1245,12,1245,12,0,9,108
4,720,21.600000,12.276000,1,1,271355330,1257,10,1257,10,0,9,108
4,720,21.600000,12.276000,1,1,271355341,1266,9,1266,9,0,9,108
4,720,21.600000,12.276000,1,1,271355360,1271,9,1271,9,0,9,108
4,720,21.600000,12.276000,1,1,271355371,1275,9,1275,9,0,9,108
4,720,21.600000,12.276000,1,1,271355382,1279,9,1279,9,0,9,108
4,720,21.600000,12.276000,1,1,271355392,1279,9,1279,9,0,9,108
4,720,21.600000,12.276000,1,1,271355403,1279,9,1279,9,0,9,108
4,720,21.600000,12.276000,1,1,271355413,1279,9,1279,9,0,9,108
4,720,21.600000,12.276000,1,1,271355424,1280,9,1280,9,0,9,108
4,720,21.600000,12.276000,1,1,271355434,1281,9,1281,9,0,9,108
4,720,21.600000,12.276000,1,1,271355445,1283,9,1283,9,0,9,108
4,720,21.600000,12.276000,1,1,271355455,1283,9,1283,9,0,9,108
4,720,21.600000,12.276000,1,1,271355465,1283,9,1283,9,0,9,108
4,720,21.600000,12.276000,1,1,271355476,1283,9,1283,9,0,9,108
4,720,21.600000,12.276000,1,1,271355486,1283,9,1283,9,0,9,108
4,720,21.600000,12.276000,1,1,271355497,1283,9,1283,9,0,9,108
4,720,21.600000,12.276000,1,1,271355508,1284,9,1284,9,0,9,108
4,720,21.600000,12.276000,1,1,271355519,1285,9,1285,9,0,9,108
4,720,21.600000,12.276000,1,1,271355530,1287,9,1287,9,0,9,108
4,720,21.600000,12.276000,1,1,271355541,1290,9,1290,9,0,9,108
4,720,21.600000,12.276000,1,1,271355551,1293,9,1293,9,0,9,108
4,720,21.600000,12.276000,1,1,271355564,1297,9,1297,9,0,9,108
4,720,21.600000,12.276000,1,1,271355574,1303,9,1303,9,0,9,108
4,720,21.600000,12.276000,1,1,271355585,1309,9,1309,9,0,9,108
4,720,21.600000,12.276000,1,1,271355597,1314,9,1314,9,0,9,108
4,720,21.600000,12.276000,1,1,271355611,1317,9,1317,9,0,9,108
4,720,21.600000,12.276000,1,1,271355622,1318,8,1318,8,0,9,108
4,720,21.600000,12.276000,1,1,271355643,1319,7,1319,7,0,9,108
4,720,21.600000,12.276000,1,1,271355653,1319,7,1319,7,0,9,108
4,720,21.600000,12.276000,1,1,271355663,1319,7,1319,7,0,9,108
4,720,21.600000,12.276000,1,1,271355673,1319,7,1319,7,0,9,108
4,720,21.600000,12.276000,1,1,271355684,1319,7,1319,7,0,9,108
4,720,21.600000,12.276000,1,1,271355694,1319,7,1319,7,0,9,108
4,720,21.600000,12.276000,1,1,271355704,1319,7,1319,7,0,9,108
4,720,21.600000,12.276000,1,1,271355713,1319,7,1319,7,0,9,108
