4,720,50.400000,10000.000000,1,0,271362763,600,0,600,0,0,9,115
4,720,50.400000,10000.000000,1,0,271362764,600,0,600,0,0,9,115
4,720,50.400000,10000.000000,1,0,271362774,600,0,600,0,0,9,115
4,720,50.400000,10000.000000,1,0,271362785,600,0,600,0,0,9,115
4,720,50.400000,10000.000000,1,0,271362796,600,0,600,0,0,9,115
4,720,50.400000,10000.000000,1,0,271362807,600,0,600,0,0,9,115
4,720,50.400000,10000.000000,1,0,271362828,600,0,600,0,0,9,115
4,720,50.400000,10000.000000,1,0,271362839,603,0,603,0,0,9,115
4,720,50.400000,10000.000000,1,0,271362849,616,0,616,-1,0,9,115
4,720,50.400000,10000.000000,1,0,271362862,636,0,636,-2,0,9,115
4,720,50.400000,10000.000000,1,0,271362872,674,0,674,-3,0,9,115
4,720,50.400000,10000.000000,1,0,271362884,726,0,726,-4,0,9,115
4,720,50.400000,10000.000000,1,0,271362895,801,0,801,-4,0,9,115
4,720,50.400000,10000.000000,1,0,271362905,881,0,881,-4,0,9,115
4,720,50.400000,10000.000000,1,0,271362915,966,0,966,-4,0,9,115
4,720,50.400000,10000.000000,1,0,271362927,1039,0,1039,-4,0,9,115
4,720,50.400000,10000.000000,1,0,271362940,1113,0,1113,-4,0,9,115
4,720,50.400000,10000.000000,1,0,271362953,1179,0,1179,-4,0,9,115
4,720,50.400000,10000.000000,1,0,271362966,1219,0,1219,-4,0,9,115
4,720,50.400000,10000.000000,1,0,271362978,1244,0,1244,-4,0,9,115
4,720,50.400000,10000.000000,1,0,271362991,1254,0,1254,-4,0,9,115
4,720,50.400000,10000.000000,1,0,271363001,1256,0,1256,-4,0,9,115
4,720,50.400000,10000.000000,1,0,271363012,1258,0,1258,-4,0,9,115
4,720,50.400000,10000.000000,1,0,271363023,1258,0,1258,-4,0,9,115
4,720,50.400000,10000.000000,1,0,271363034,1258,0,1258,-4,0,9,115
4,720,50.400000,10000.000000,1,0,271363044,1258,0,1258,-4,0,9,115
4,720,50.400000,10000.000000,1,0,271363065,1258,0,1258,-4,0,9,115
4,720,50.400000,10000.000000,1,0,271363076,1261,0,1261,-4,0,9,115
4,720,50.400000,10000.000000,1,0,271363087,1264,0,1264,-4,0,9,115
4,720,50.400000,10000.000000,1,0,271363097,1267,0,1267,-4,0,9,115
4,720,50.400000,10000.000000,1,0,271363108,1271,0,1271,-4,0,9,115
4,720,50.400000,10000.000000,1,0,271363118,1274,0,1274,-4,0,9,115
4,720,50.400000,10000.000000,1,0,271363129,1277,0,1277,-5,0,9,115
4,720,50.400000,10000.000000,1,0,271363140,1280,0,1280,-5,0,9,115
4,720,50.400000,10000.000000,1,0,271363151,1283,0,1283,-6,0,9,115
4,720,50.400000,10000.000000,1,0,271363162,1286,0,1286,-6,0,9,115
4,720,50.400000,10000.000000,1,0,271363173,1288,0,1288,-7,0,9,115
4,720,50.400000,10000.000000,1,0,271363184,1291,0,1291,-8,0,9,115
4,720,50.400000,10000.000000,1,0,271363194,1294,0,1294,-8,0,9,115
4,720,50.400000,10000.000000,1,0,271363204,1296,0,1296,-8,0,9,115
4,720,50.400000,10000.000000,1,0,271363215,1298,0,1298,-8,0,9,115
4,720,50.400000,10000.000000,1,0,271363225,1300,0,1300,-8,0,9,115
4,720,50.400000,10000.000000,1,0,271363235,1300,0,1300,-8,0,9,115
4,720,50.400000,10000.000000,1,0,271363245,1300,0,1300,-8,0,9,115
4,720,50.400000,10000.000000,1,0,271363256,1301,0,1301,-8,0,9,115
4,720,50.400000,10000.000000,1,0,271363267,1302,0,1302,-8,0,9,115
4,720,50.400000,10000.000000,1,0,271363276,1303,0,1303,-8,0,9,115
4,720,50.400000,10000.000000,1,0,271363287,1304,1,1304,-7,0,9,115
4,720,50.400000,10000.000000,1,0,271363297,1304,1,1304,-7,0,9,115
4,720,50.400000,10000.000000,1,0,271363307,1305,1,1305,-7,0,9,115
4,720,50.400000,10000.000000,1,0,271363317,1306,1,1306,-7,0,9,115
4,720,50.400000,10000.000000,1,0,271363327,1306,1,1306,-7,0,9,115
