4,360,50.400000,10000.000000,0,1,271347409,780,22,780,22,0,9,102
4,360,50.400000,10000.000000,0,1,271347410,780,22,780,22,0,9,102
4,360,50.400000,10000.000000,0,1,271347421,782,21,782,21,0,9,102
4,360,50.400000,10000.000000,0,1,271347431,784,20,784,20,0,9,102
4,360,50.400000,10000.000000,0,1,271347442,786,20,786,20,0,9,102
4,360,50.400000,10000.000000,0,1,271347454,789,20,789,20,0,9,102
4,360,50.400000,10000.000000,0,1,271347466,795,20,795,20,0,9,102
4,360,50.400000,10000.000000,0,1,271347477,804,18,804,18,0,9,102
4,360,50.400000,10000.000000,0,1,271347487,817,16,817,16,0,9,102
4,360,50.400000,10000.000000,0,1,271347498,835,14,835,14,0,9,102
4,360,50.400000,10000.000000,0,1,271347509,858,13,858,13,0,9,102
4,360,50.400000,10000.000000,0,1,271347521,894,11,894,11,0,9,102
4,360,50.400000,10000.000000,0,1,271347532,927,10,927,10,0,9,102
4,360,50.400000,10000.000000,0,1,271347543,974,10,974,10,0,9,102
4,360,50.400000,10000.000000,0,1,271347553,1014,9,1014,9,0,9,102
4,360,50.400000,10000.000000,0,1,271347566,1047,9,1047,9,0,9,102
4,360,50.400000,10000.000000,0,1,271347578,1082,8,1082,8,0,9,102
4,360,50.400000,10000.000000,0,1,271347588,1101,7,1101,7,0,9,102
4,360,50.400000,10000.000000,0,1,271347609,1110,7,1110,7,0,9,102
4,360,50.400000,10000.000000,0,1,271347621,1116,6,1116,6,0,9,102
4,360,50.400000,10000.000000,0,1,271347633,1122,5,1122,5,0,9,102
4,360,50.400000,10000.000000,0,1,271347643,1122,5,1122,5,0,9,102
4,360,50.400000,10000.000000,0,1,271347654,1122,5,1122,5,0,9,102
4,360,50.400000,10000.000000,0,1,271347665,1122,5,1122,5,0,9,102
4,360,50.400000,10000.000000,0,1,271347675,1122,5,1122,5,0,9,102
4,360,50.400000,10000.000000,0,1,271347685,1122,5,1122,5,0,9,102
4,360,50.400000,10000.000000,0,1,271347696,1122,5,1122,5,0,9,102
4,360,50.400000,10000.000000,0,1,271347706,1122,5,1122,5,0,9,102
4,360,50.400000,10000.000000,0,1,271347717,1122,5,1122,5,0,9,102
4,360,50.400000,10000.000000,0,1,271347727,1122,5,1122,5,0,9,102
4,360,50.400000,10000.000000,0,1,271347738,1123,5,1123,5,0,9,102
4,360,50.400000,10000.000000,0,1,271347749,1125,5,1125,5,0,9,102
4,360,50.400000,10000.000000,0,1,271347760,1126,5,1126,5,0,9,102
4,360,50.400000,10000.000000,0,1,271347770,1127,5,1127,5,0,9,102
4,360,50.400000,10000.000000,0,1,271347780,1128,5,1128,5,0,9,102
4,360,50.400000,10000.000000,0,1,271347791,1129,5,1129,5,0,9,102
4,360,50.400000,10000.000000,0,1,271347802,1129,5,1129,5,0,9,102
4,360,50.400000,10000.000000,0,1,271347812,1129,5,1129,5,0,9,102
4,360,50.400000,10000.000000,0,1,271347823,1129,5,1129,5,0,9,102
4,360,50.400000,10000.000000,0,1,271347833,1129,5,1129,5,0,9,102
