12,720,82.800000,0.000000,0,1,99102962,600,22,600,22,0,0,33
12,720,82.800000,0.000000,0,1,99102963,600,22,600,22,0,0,33
12,720,82.800000,0.000000,0,1,99102973,600,22,600,22,0,0,33
12,720,82.800000,0.000000,0,1,99102983,600,22,600,22,0,0,33
12,720,82.800000,0.000000,0,1,99102993,600,22,600,22,0,0,33
12,720,82.800000,0.000000,0,1,99103003,600,22,600,22,0,0,33
12,720,82.800000,0.000000,0,1,99103013,600,22,600,22,0,0,33
12,720,82.800000,0.000000,0,1,99103023,600,22,600,22,0,0,33
12,720,82.800000,0.000000,0,1,99103033,600,22,600,22,0,0,33
12,720,82.800000,0.000000,0,1,99103043,600,22,600,22,0,0,33
12,720,82.800000,0.000000,0,1,99103054,601,22,601,22,0,0,33
12,720,82.800000,0.000000,0,1,99103066,603,21,603,21,0,0,33
12,720,82.800000,0.000000,0,1,99103077,607,20,607,20,0,0,33
12,720,82.800000,0.000000,0,1,99103090,613,20,613,20,0,0,33
12,720,82.800000,0.000000,0,1,99103101,619,19,619,19,0,0,33
12,720,82.800000,0.000000,0,1,99103112,626,19,626,19,0,0,33
12,720,82.800000,0.000000,0,1,99103123,635,19,635,19,0,0,33
12,720,82.800000,0.000000,0,1,99103133,644,18,644,18,0,0,33
12,720,82.800000,0.000000,0,1,99103144,653,17,653,17,0,0,33
12,720,82.800000,0.000000,0,1,99103154,664,17,664,17,0,0,33
12,720,82.800000,0.000000,0,1,99103164,682,15,682,15,0,0,33
12,720,82.800000,0.000000,0,1,99103175,701,14,701,14,0,0,33
12,720,82.800000,0.000000,0,1,99103185,728,13,728,13,0,0,33
12,720,82.800000,0.000000,0,1,99103195,755,12,755,12,0,0,33
12,720,82.800000,0.000000,0,1,99103206,784,11,784,11,0,0,33
12,720,82.800000,0.000000,0,1,99103216,821,10,821,10,0,0,33
12,720,82.800000,0.000000,0,1,99103226,856,9,856,9,0,0,33
12,720,82.800000,0.000000,0,1,99103237,890,9,890,9,0,0,33
12,720,82.800000,0.000000,0,1,99103247,928,8,928,8,0,0,33
12,720,82.800000,0.000000,0,1,99103258,957,8,957,8,0,0,33
12,720,82.800000,0.000000,0,1,99103269,994,8,994,8,0,0,33
12,720,82.800000,0.000000,0,1,99103280,1026,8,1026,8,0,0,33
12,720,82.800000,0.000000,0,1,99103290,1060,8,1060,8,0,0,33
12,720,82.800000,0.000000,0,1,99103301,1087,8,1087,8,0,0,33
12,720,82.800000,0.000000,0,1,99103311,1113,8,1113,8,0,0,33
12,720,82.800000,0.000000,0,1,99103323,1134,8,1134,8,0,0,33
12,720,82.800000,0.000000,0,1,99103334,1154,8,1154,8,0,0,33
12,720,82.800000,0.000000,0,1,99103344,1168,8,1168,8,0,0,33
12,720,82.800000,0.000000,0,1,99103357,1180,9,1180,9,0,0,33
12,720,82.800000,0.000000,0,1,99103368,1191,9,1191,9,0,0,33
12,720,82.800000,0.000000,0,1,99103380,1201,10,1201,10,0,0,33
12,720,82.800000,0.000000,0,1,99103390,1210,10,1210,10,0,0,33
12,720,82.800000,0.000000,0,1,99103401,1221,12,1221,12,0,0,33
12,720,82.800000,0.000000,0,1,99103412,1231,12,1231,12,0,0,33
12,720,82.800000,0.000000,0,1,99103422,1240,13,1240,13,0,0,33
12,720,82.800000,0.000000,0,1,99103433,1249,13,1249,13,0,0,33
12,720,82.800000,0.000000,0,1,99103444,1257,14,1257,14,0,0,33
12,720,82.800000,0.000000,0,1,99103455,1263,14,1263,14,0,0,33
12,720,82.800000,0.000000,0,1,99103465,1265,14,1265,14,0,0,33
12,720,82.800000,0.000000,0,1,99103476,1266,15,1266,15,0,0,33
12,720,82.800000,0.000000,0,1,99103486,1266,15,1266,15,0,0,33
12,720,82.800000,0.000000,0,1,99103496,1266,15,1266,15,0,0,33
12,720,82.800000,0.000000,0,1,99103505,1266,15,1266,15,0,0,33
12,720,82.800000,0.000000,0,1,99103516,1266,15,1266,15,0,0,33
12,720,82.800000,0.000000,0,1,99103525,1266,15,1266,15,0,0,33
12,720,82.800000,0.000000,0,1,99103536,1266,15,1266,15,0,0,33
12,720,82.800000,0.000000,0,1,99103546,1266,15,1266,15,0,0,33
12,720,82.800000,0.000000,0,1,99103557,1267,15,1267,15,0,0,33
12,720,82.800000,0.000000,0,1,99103568,1271,15,1271,15,0,0,33
12,720,82.800000,0.000000,0,1,99103580,1276,15,1276,15,0,0,33
12,720,82.800000,0.000000,0,1,99103590,1282,15,1282,15,0,0,33
12,720,82.800000,0.000000,0,1,99103599,1284,15,1284,15,0,0,33
12,720,82.800000,0.000000,0,1,99103608,1286,15,1286,15,0,0,33
12,720,82.800000,0.000000,0,1,99103618,1286,15,1286,15,0,0,33
12,720,82.800000,0.000000,0,1,99103628,1286,15,1286,15,0,0,33
12,720,82.800000,0.000000,0,1,99103637,1286,15,1286,15,0,0,33
12,720,82.800000,0.000000,0,1,99103647,1286,15,1286,15,0,0,33
12,720,82.800000,0.000000,0,1,99103657,1286,15,1286,15,0,0,33
12,720,82.800000,0.000000,0,1,99103667,1286,15,1286,15,0,0,33
12,720,82.800000,0.000000,0,1,99103677,1286,15,1286,15,0,0,33
12,720,82.800000,0.000000,0,1,99103687,1286,15,1286,15,0,0,33
12,720,82.800000,0.000000,0,1,99103697,1287,15,1287,15,0,0,33
12,720,82.800000,0.000000,0,1,99103707,1287,15,1287,15,0,0,33
12,720,82.800000,0.000000,0,1,99103717,1287,15,1287,15,0,0,33
12,720,82.800000,0.000000,0,1,99103727,1287,15,1287,15,0,0,33
12,720,82.800000,0.000000,0,1,99103736,1287,15,1287,15,0,0,33
12,720,82.800000,0.000000,0,1,99103746,1287,15,1287,15,0,0,33
12,720,82.800000,0.000000,0,1,99103756,1287,15,1287,15,0,0,33
12,720,82.800000,0.000000,0,1,99103766,1287,15,1287,15,0,0,33
12,720,82.800000,0.000000,0,1,99103775,1287,15,1287,15,0,0,33
12,720,82.800000,0.000000,0,1,99103785,1287,15,1287,15,0,0,33
12,720,82.800000,0.000000,0,1,99103796,1287,15,1287,15,0,0,33
12,720,82.800000,0.000000,0,1,99103805,1287,15,1287,15,0,0,33
