12,720,50.400000,12.276000,0,1,99037043,600,22,600,22,0,0,6
12,720,50.400000,12.276000,0,1,99037044,600,22,600,22,0,0,6
12,720,50.400000,12.276000,0,1,99037055,600,22,600,22,0,0,6
12,720,50.400000,12.276000,0,1,99037065,600,22,600,22,0,0,6
12,720,50.400000,12.276000,0,1,99037076,600,22,600,22,0,0,6
12,720,50.400000,12.276000,0,1,99037086,600,22,600,22,0,0,6
12,720,50.400000,12.276000,0,1,99037095,600,22,600,22,0,0,6
12,720,50.400000,12.276000,0,1,99037105,600,22,600,22,0,0,6
12,720,50.400000,12.276000,0,1,99037116,600,22,600,22,0,0,6
12,720,50.400000,12.276000,0,1,99037127,602,22,602,22,0,0,6
12,720,50.400000,12.276000,0,1,99037138,609,22,609,22,0,0,6
12,720,50.400000,12.276000,0,1,99037150,621,22,621,22,0,0,6
12,720,50.400000,12.276000,0,1,99037161,636,22,636,22,0,0,6
12,720,50.400000,12.276000,0,1,99037171,655,22,655,22,0,0,6
12,720,50.400000,12.276000,0,1,99037182,673,22,673,22,0,0,6
12,720,50.400000,12.276000,0,1,99037193,699,22,699,22,0,0,6
12,720,50.400000,12.276000,0,1,99037204,728,22,728,22,0,0,6
12,720,50.400000,12.276000,0,1,99037215,762,23,762,23,0,0,6
12,720,50.400000,12.276000,0,1,99037226,794,23,794,23,0,0,6
12,720,50.400000,12.276000,0,1,99037236,831,24,831,24,0,0,6
12,720,50.400000,12.276000,0,1,99037257,862,24,862,24,0,0,6
12,720,50.400000,12.276000,0,1,99037267,928,24,928,24,0,0,6
12,720,50.400000,12.276000,0,1,99037279,959,24,959,24,0,0,6
12,720,50.400000,12.276000,0,1,99037290,986,24,986,24,0,0,6
12,720,50.400000,12.276000,0,1,99037300,1014,24,1014,24,0,0,6
12,720,50.400000,12.276000,0,1,99037311,1041,24,1041,24,0,0,6
12,720,50.400000,12.276000,0,1,99037321,1067,24,1067,24,0,0,6
12,720,50.400000,12.276000,0,1,99037332,1091,24,1091,24,0,0,6
12,720,50.400000,12.276000,0,1,99037343,1117,24,1117,24,0,0,6
12,720,50.400000,12.276000,0,1,99037354,1136,24,1136,24,0,0,6
12,720,50.400000,12.276000,0,1,99037366,1157,23,1157,23,0,0,6
12,720,50.400000,12.276000,0,1,99037377,1176,23,1176,23,0,0,6
12,720,50.400000,12.276000,0,1,99037388,1192,22,1192,22,0,0,6
12,720,50.400000,12.276000,0,1,99037399,1207,21,1207,21,0,0,6
12,720,50.400000,12.276000,0,1,99037410,1222,20,1222,20,0,0,6
12,720,50.400000,12.276000,0,1,99037421,1236,19,1236,19,0,0,6
12,720,50.400000,12.276000,0,1,99037431,1248,18,1248,18,0,0,6
12,720,50.400000,12.276000,0,1,99037442,1255,17,1255,17,0,0,6
12,720,50.400000,12.276000,0,1,99037452,1260,17,1260,17,0,0,6
12,720,50.400000,12.276000,0,1,99037462,1262,16,1262,16,0,0,6
12,720,50.400000,12.276000,0,1,99037472,1262,16,1262,16,0,0,6
12,720,50.400000,12.276000,0,1,99037482,1262,16,1262,16,0,0,6
12,720,50.400000,12.276000,0,1,99037492,1262,16,1262,16,0,0,6
12,720,50.400000,12.276000,0,1,99037503,1262,16,1262,16,0,0,6
12,720,50.400000,12.276000,0,1,99037513,1262,16,1262,16,0,0,6
12,720,50.400000,12.276000,0,1,99037524,1263,16,1263,16,0,0,6
12,720,50.400000,12.276000,0,1,99037533,1264,16,1264,16,0,0,6
12,720,50.400000,12.276000,0,1,99037544,1267,16,1267,16,0,0,6
12,720,50.400000,12.276000,0,1,99037555,1270,16,1270,16,0,0,6
12,720,50.400000,12.276000,0,1,99037565,1272,16,1272,16,0,0,6
12,720,50.400000,12.276000,0,1,99037576,1274,16,1274,16,0,0,6
12,720,50.400000,12.276000,0,1,99037586,1275,15,1275,15,0,0,6
12,720,50.400000,12.276000,0,1,99037597,1277,15,1277,15,0,0,6
12,720,50.400000,12.276000,0,1,99037608,1279,15,1279,15,0,0,6
12,720,50.400000,12.276000,0,1,99037619,1284,15,1284,15,0,0,6
12,720,50.400000,12.276000,0,1,99037630,1289,14,1289,14,0,0,6
12,720,50.400000,12.276000,0,1,99037642,1298,13,1298,13,0,0,6
12,720,50.400000,12.276000,0,1,99037653,1309,12,1309,12,0,0,6
12,720,50.400000,12.276000,0,1,99037664,1318,12,1318,12,0,0,6
12,720,50.400000,12.276000,0,1,99037682,1324,11,1324,11,0,0,6
12,720,50.400000,12.276000,0,1,99037692,1329,10,1329,10,0,0,6
12,720,50.400000,12.276000,0,1,99037701,1334,9,1334,9,0,0,6
12,720,50.400000,12.276000,0,1,99037711,1334,9,1334,9,0,0,6
12,720,50.400000,12.276000,0,1,99037720,1334,9,1334,9,0,0,6
12,720,50.400000,12.276000,0,1,99037730,1334,9,1334,9,0,0,6
12,720,50.400000,12.276000,0,1,99037740,1334,9,1334,9,0,0,6
12,720,50.400000,12.276000,0,1,99037749,1334,9,1334,9,0,0,6
12,720,50.400000,12.276000,0,1,99037759,1334,9,1334,9,0,0,6
12,720,50.400000,12.276000,0,1,99037770,1334,9,1334,9,0,0,6
12,720,50.400000,12.276000,0,1,99037780,1334,9,1334,9,0,0,6
12,720,50.400000,12.276000,0,1,99037790,1334,9,1334,9,0,0,6
12,720,50.400000,12.276000,0,1,99037800,1334,9,1334,9,0,0,6
12,720,50.400000,12.276000,0,1,99037810,1334,9,1334,9,0,0,6
12,720,50.400000,12.276000,0,1,99037820,1334,9,1334,9,0,0,6
12,720,50.400000,12.276000,0,1,99037830,1334,9,1334,9,0,0,6
12,720,50.400000,12.276000,0,1,99037840,1334,9,1334,9,0,0,6
12,720,50.400000,12.276000,0,1,99037850,1334,9,1334,9,0,0,6
12,720,50.400000,12.276000,0,1,99037860,1334,9,1334,9,0,0,6
12,720,50.400000,12.276000,0,1,99037869,1334,9,1334,9,0,0,6
