12,720,82.800000,42.984000,0,0,99092883,600,0,600,0,0,0,28
12,720,82.800000,42.984000,0,0,99092884,600,0,600,0,0,0,28
12,720,82.800000,42.984000,0,0,99092894,600,0,600,0,0,0,28
12,720,82.800000,42.984000,0,0,99092904,600,0,600,0,0,0,28
12,720,82.800000,42.984000,0,0,99092914,600,0,600,0,0,0,28
12,720,82.800000,42.984000,0,0,99092924,600,0,600,0,0,0,28
12,720,82.800000,42.984000,0,0,99092934,600,0,600,0,0,0,28
12,720,82.800000,42.984000,0,0,99092945,600,0,600,0,0,0,28
12,720,82.800000,42.984000,0,0,99092955,601,0,601,-1,0,0,28
12,720,82.800000,42.984000,0,0,99092969,604,0,604,-2,0,0,28
12,720,82.800000,42.984000,0,0,99092980,613,0,613,-4,0,0,28
12,720,82.800000,42.984000,0,0,99092991,623,0,623,-7,0,0,28
12,720,82.800000,42.984000,0,0,99093001,640,0,640,-10,0,0,28
12,720,82.800000,42.984000,0,0,99093021,661,0,661,-12,0,0,28
12,720,82.800000,42.984000,0,0,99093035,720,0,720,-17,0,0,28
12,720,82.800000,42.984000,0,0,99093046,771,0,771,-19,0,0,28
12,720,82.800000,42.984000,0,0,99093057,810,0,810,-20,0,0,28
12,720,82.800000,42.984000,0,0,99093069,850,0,850,-20,0,0,28
12,720,82.800000,42.984000,0,0,99093079,890,0,890,-20,0,0,28
12,720,82.800000,42.984000,0,0,99093090,925,0,925,-20,0,0,28
12,720,82.800000,42.984000,0,0,99093100,954,0,954,-20,0,0,28
12,720,82.800000,42.984000,0,0,99093110,980,0,980,-20,0,0,28
12,720,82.800000,42.984000,0,0,99093121,1005,0,1005,-20,0,0,28
12,720,82.800000,42.984000,0,0,99093132,1026,0,1026,-20,0,0,28
12,720,82.800000,42.984000,0,0,99093142,1048,0,1048,-22,0,0,28
12,720,82.800000,42.984000,0,0,99093153,1069,0,1069,-22,0,0,28
12,720,82.800000,42.984000,0,0,99093163,1085,0,1085,-23,0,0,28
12,720,82.800000,42.984000,0,0,99093174,1102,0,1102,-23,0,0,28
12,720,82.800000,42.984000,0,0,99093194,1118,0,1118,-23,0,0,28
12,720,82.800000,42.984000,0,0,99093205,1148,0,1148,-23,0,0,28
12,720,82.800000,42.984000,0,0,99093215,1167,0,1167,-23,0,0,28
12,720,82.800000,42.984000,0,0,99093226,1183,0,1183,-23,0,0,28
12,720,82.800000,42.984000,0,0,99093237,1201,1,1201,-22,0,0,28
12,720,82.800000,42.984000,0,0,99093247,1224,2,1224,-21,0,0,28
12,720,82.800000,42.984000,0,0,99093258,1246,2,1246,-21,0,0,28
12,720,82.800000,42.984000,0,0,99093268,1267,3,1267,-20,0,0,28
12,720,82.800000,42.984000,0,0,99093280,1287,4,1287,-19,0,0,28
12,720,82.800000,42.984000,0,0,99093291,1298,4,1298,-19,0,0,28
12,720,82.800000,42.984000,0,0,99093301,1306,5,1306,-18,0,0,28
12,720,82.800000,42.984000,0,0,99093312,1308,5,1308,-18,0,0,28
12,720,82.800000,42.984000,0,0,99093322,1308,5,1308,-18,0,0,28
12,720,82.800000,42.984000,0,0,99093332,1308,5,1308,-18,0,0,28
12,720,82.800000,42.984000,0,0,99093342,1308,5,1308,-18,0,0,28
12,720,82.800000,42.984000,0,0,99093352,1308,5,1308,-18,0,0,28
12,720,82.800000,42.984000,0,0,99093362,1308,5,1308,-18,0,0,28
12,720,82.800000,42.984000,0,0,99093379,1308,5,1308,-18,0,0,28
12,720,82.800000,42.984000,0,0,99093389,1308,5,1308,-18,0,0,28
12,720,82.800000,42.984000,0,0,99093399,1308,5,1308,-18,0,0,28
12,720,82.800000,42.984000,0,0,99093409,1308,5,1308,-18,0,0,28
12,720,82.800000,42.984000,0,0,99093419,1308,5,1308,-18,0,0,28
12,720,82.800000,42.984000,0,0,99093429,1308,5,1308,-18,0,0,28
12,720,82.800000,42.984000,0,0,99093439,1308,5,1308,-18,0,0,28
12,720,82.800000,42.984000,0,0,99093458,1308,5,1308,-18,0,0,28
12,720,82.800000,42.984000,0,0,99093467,1308,5,1308,-18,0,0,28
12,720,82.800000,42.984000,0,0,99093478,1308,5,1308,-18,0,0,28
12,720,82.800000,42.984000,0,0,99093488,1308,5,1308,-18,0,0,28
12,720,82.800000,42.984000,0,0,99093497,1308,5,1308,-18,0,0,28
12,720,82.800000,42.984000,0,0,99093508,1308,5,1308,-18,0,0,28
12,720,82.800000,42.984000,0,0,99093518,1308,5,1308,-18,0,0,28
12,720,82.800000,42.984000,0,0,99093536,1308,5,1308,-18,0,0,28
