12,360,82.800000,42.984000,1,0,99197209,780,0,780,0,0,0,76
12,360,82.800000,42.984000,1,0,99197210,780,0,780,0,0,0,76
12,360,82.800000,42.984000,1,0,99197220,780,0,780,0,0,0,76
12,360,82.800000,42.984000,1,0,99197229,780,0,780,0,0,0,76
12,360,82.800000,42.984000,1,0,99197239,780,0,780,0,0,0,76
12,360,82.800000,42.984000,1,0,99197259,780,0,780,0,0,0,76
12,360,82.800000,42.984000,1,0,99197269,781,0,781,0,0,0,76
12,360,82.800000,42.984000,1,0,99197281,785,0,785,-1,0,0,76
12,360,82.800000,42.984000,1,0,99197301,793,0,793,-1,0,0,76
12,360,82.800000,42.984000,1,0,99197313,811,0,811,-2,0,0,76
12,360,82.800000,42.984000,1,0,99197332,824,0,824,-2,0,0,76
12,360,82.800000,42.984000,1,0,99197343,848,0,848,-2,0,0,76
12,360,82.800000,42.984000,1,0,99197364,860,1,860,-1,0,0,76
12,360,82.800000,42.984000,1,0,99197374,892,2,892,0,0,0,76
12,360,82.800000,42.984000,1,0,99197395,907,3,907,1,0,0,76
12,360,82.800000,42.984000,1,0,99197405,937,4,937,2,0,0,76
12,360,82.800000,42.984000,1,0,99197426,952,5,952,3,0,0,76
12,360,82.800000,42.984000,1,0,99197436,974,6,974,4,0,0,76
12,360,82.800000,42.984000,1,0,99197447,982,6,982,4,0,0,76
12,360,82.800000,42.984000,1,0,99197458,990,7,990,5,0,0,76
12,360,82.800000,42.984000,1,0,99197469,998,7,998,5,0,0,76
12,360,82.800000,42.984000,1,0,99197480,1007,7,1007,5,0,0,76
12,360,82.800000,42.984000,1,0,99197491,1017,8,1017,6,0,0,76
12,360,82.800000,42.984000,1,0,99197500,1028,8,1028,6,0,0,76
12,360,82.800000,42.984000,1,0,99197511,1038,9,1038,7,0,0,76
12,360,82.800000,42.984000,1,0,99197524,1048,9,1048,7,0,0,76
12,360,82.800000,42.984000,1,0,99197536,1064,10,1064,8,0,0,76
12,360,82.800000,42.984000,1,0,99197546,1078,10,1078,8,0,0,76
12,360,82.800000,42.984000,1,0,99197557,1094,11,1094,9,0,0,76
12,360,82.800000,42.984000,1,0,99197568,1106,12,1106,10,0,0,76
12,360,82.800000,42.984000,1,0,99197578,1119,12,1119,10,0,0,76
12,360,82.800000,42.984000,1,0,99197589,1129,13,1129,11,0,0,76
12,360,82.800000,42.984000,1,0,99197599,1137,14,1137,12,0,0,76
12,360,82.800000,42.984000,1,0,99197611,1144,14,1144,12,0,0,76
12,360,82.800000,42.984000,1,0,99197621,1152,14,1152,12,0,0,76
12,360,82.800000,42.984000,1,0,99197632,1157,15,1157,13,0,0,76
12,360,82.800000,42.984000,1,0,99197642,1160,15,1160,13,0,0,76
12,360,82.800000,42.984000,1,0,99197653,1163,15,1163,13,0,0,76
12,360,82.800000,42.984000,1,0,99197663,1164,15,1164,13,0,0,76
12,360,82.800000,42.984000,1,0,99197673,1165,15,1165,13,0,0,76
12,360,82.800000,42.984000,1,0,99197683,1166,15,1166,13,0,0,76
12,360,82.800000,42.984000,1,0,99197693,1166,15,1166,13,0,0,76
12,360,82.800000,42.984000,1,0,99197703,1166,15,1166,13,0,0,76
12,360,82.800000,42.984000,1,0,99197713,1166,15,1166,13,0,0,76
12,360,82.800000,42.984000,1,0,99197723,1166,15,1166,13,0,0,76
12,360,82.800000,42.984000,1,0,99197733,1166,15,1166,13,0,0,76
12,360,82.800000,42.984000,1,0,99197743,1166,15,1166,13,0,0,76
12,360,82.800000,42.984000,1,0,99197753,1166,15,1166,13,0,0,76
12,360,82.800000,42.984000,1,0,99197762,1166,15,1166,13,0,0,76
12,360,82.800000,42.984000,1,0,99197773,1166,15,1166,13,0,0,76
12,360,82.800000,42.984000,1,0,99197783,1166,15,1166,13,0,0,76
12,360,82.800000,42.984000,1,0,99197792,1166,15,1166,13,0,0,76
12,360,82.800000,42.984000,1,0,99197802,1166,15,1166,13,0,0,76
12,360,82.800000,42.984000,1,0,99197811,1166,15,1166,13,0,0,76
12,360,82.800000,42.984000,1,0,99197821,1166,15,1166,13,0,0,76
12,360,82.800000,42.984000,1,0,99197831,1166,15,1166,13,0,0,76
12,360,82.800000,42.984000,1,0,99197849,1166,15,1166,13,0,0,76
12,360,82.800000,42.984000,1,0,99197859,1166,15,1166,13,0,0,76
12,360,82.800000,42.984000,1,0,99197869,1166,15,1166,13,0,0,76
12,360,82.800000,42.984000,1,0,99197879,1166,15,1166,13,0,0,76
12,360,82.800000,42.984000,1,0,99197898,1166,15,1166,13,0,0,76
12,360,82.800000,42.984000,1,0,99197907,1166,15,1166,13,0,0,76
12,360,82.800000,42.984000,1,0,99197918,1166,15,1166,13,0,0,76
12,360,82.800000,42.984000,1,0,99197927,1166,15,1166,13,0,0,76
12,360,82.800000,42.984000,1,0,99197937,1166,15,1166,13,0,0,76
12,360,82.800000,42.984000,1,0,99197947,1166,15,1166,13,0,0,76
12,360,82.800000,42.984000,1,0,99197956,1166,15,1166,13,0,0,76
12,360,82.800000,42.984000,1,0,99197966,1166,15,1166,13,0,0,76
12,360,82.800000,42.984000,1,0,99197976,1166,15,1166,13,0,0,76
12,360,82.800000,42.984000,1,0,99197986,1166,15,1166,13,0,0,76
12,360,82.800000,42.984000,1,0,99197995,1166,15,1166,13,0,0,76
12,360,82.800000,42.984000,1,0,99198005,1166,15,1166,13,0,0,76
