12,360,50.400000,22.608000,1,1,99063552,780,22,780,22,0,0,16
12,360,50.400000,22.608000,1,1,99063553,780,22,780,22,0,0,16
12,360,50.400000,22.608000,1,1,99063564,780,22,780,22,0,0,16
12,360,50.400000,22.608000,1,1,99063574,780,22,780,22,0,0,16
12,360,50.400000,22.608000,1,1,99063584,780,22,780,22,0,0,16
12,360,50.400000,22.608000,1,1,99063594,780,22,780,22,0,0,16
12,360,50.400000,22.608000,1,1,99063604,780,22,780,22,0,0,16
12,360,50.400000,22.608000,1,1,99063614,780,22,780,22,0,0,16
12,360,50.400000,22.608000,1,1,99063624,780,22,780,22,0,0,16
12,360,50.400000,22.608000,1,1,99063635,781,22,781,22,0,0,16
12,360,50.400000,22.608000,1,1,99063646,783,22,783,22,0,0,16
12,360,50.400000,22.608000,1,1,99063657,786,22,786,22,0,0,16
12,360,50.400000,22.608000,1,1,99063668,790,22,790,22,0,0,16
12,360,50.400000,22.608000,1,1,99063679,797,22,797,22,0,0,16
12,360,50.400000,22.608000,1,1,99063690,805,22,805,22,0,0,16
12,360,50.400000,22.608000,1,1,99063700,816,22,816,22,0,0,16
12,360,50.400000,22.608000,1,1,99063710,828,23,828,23,0,0,16
12,360,50.400000,22.608000,1,1,99063721,844,23,844,23,0,0,16
12,360,50.400000,22.608000,1,1,99063732,864,23,864,23,0,0,16
12,360,50.400000,22.608000,1,1,99063742,882,24,882,24,0,0,16
12,360,50.400000,22.608000,1,1,99063754,899,24,899,24,0,0,16
12,360,50.400000,22.608000,1,1,99063765,921,24,921,24,0,0,16
12,360,50.400000,22.608000,1,1,99063776,944,25,944,25,0,0,16
12,360,50.400000,22.608000,1,1,99063787,963,25,963,25,0,0,16
12,360,50.400000,22.608000,1,1,99063798,985,25,985,25,0,0,16
12,360,50.400000,22.608000,1,1,99063808,1005,25,1005,25,0,0,16
12,360,50.400000,22.608000,1,1,99063819,1028,25,1028,25,0,0,16
12,360,50.400000,22.608000,1,1,99063829,1049,25,1049,25,0,0,16
12,360,50.400000,22.608000,1,1,99063840,1072,25,1072,25,0,0,16
12,360,50.400000,22.608000,1,1,99063851,1094,26,1094,26,0,0,16
12,360,50.400000,22.608000,1,1,99063861,1112,26,1112,26,0,0,16
12,360,50.400000,22.608000,1,1,99063871,1123,26,1123,26,0,0,16
12,360,50.400000,22.608000,1,1,99063882,1136,25,1136,25,0,0,16
12,360,50.400000,22.608000,1,1,99063892,1145,25,1145,25,0,0,16
12,360,50.400000,22.608000,1,1,99063902,1151,24,1151,24,0,0,16
12,360,50.400000,22.608000,1,1,99063912,1155,24,1155,24,0,0,16
12,360,50.400000,22.608000,1,1,99063922,1157,24,1157,24,0,0,16
12,360,50.400000,22.608000,1,1,99063931,1157,24,1157,24,0,0,16
12,360,50.400000,22.608000,1,1,99063941,1157,24,1157,24,0,0,16
12,360,50.400000,22.608000,1,1,99063951,1157,24,1157,24,0,0,16
12,360,50.400000,22.608000,1,1,99063961,1157,24,1157,24,0,0,16
12,360,50.400000,22.608000,1,1,99063970,1157,24,1157,24,0,0,16
12,360,50.400000,22.608000,1,1,99063980,1157,24,1157,24,0,0,16
12,360,50.400000,22.608000,1,1,99063990,1157,24,1157,24,0,0,16
12,360,50.400000,22.608000,1,1,99064000,1157,24,1157,24,0,0,16
12,360,50.400000,22.608000,1,1,99064009,1157,24,1157,24,0,0,16
12,360,50.400000,22.608000,1,1,99064019,1157,24,1157,24,0,0,16
12,360,50.400000,22.608000,1,1,99064029,1157,24,1157,24,0,0,16
12,360,50.400000,22.608000,1,1,99064038,1157,24,1157,24,0,0,16
12,360,50.400000,22.608000,1,1,99064048,1157,24,1157,24,0,0,16
12,360,50.400000,22.608000,1,1,99064058,1157,24,1157,24,0,0,16
12,360,50.400000,22.608000,1,1,99064068,1157,24,1157,24,0,0,16
12,360,50.400000,22.608000,1,1,99064077,1157,24,1157,24,0,0,16
12,360,50.400000,22.608000,1,1,99064087,1157,24,1157,24,0,0,16
12,360,50.400000,22.608000,1,1,99064096,1157,24,1157,24,0,0,16
12,360,50.400000,22.608000,1,1,99064106,1157,24,1157,24,0,0,16
12,360,50.400000,22.608000,1,1,99064116,1157,24,1157,24,0,0,16
12,360,50.400000,22.608000,1,1,99064126,1157,23,1157,23,0,0,16
12,360,50.400000,22.608000,1,1,99064137,1156,23,1156,23,0,0,16
12,360,50.400000,22.608000,1,1,99064148,1155,22,1155,22,0,0,16
12,360,50.400000,22.608000,1,1,99064160,1155,22,1155,22,0,0,16
12,360,50.400000,22.608000,1,1,99064172,1155,22,1155,22,0,0,16
12,360,50.400000,22.608000,1,1,99064185,1155,22,1155,22,0,0,16
12,360,50.400000,22.608000,1,1,99064196,1155,22,1155,22,0,0,16
12,360,50.400000,22.608000,1,1,99064207,1155,22,1155,22,0,0,16
12,360,50.400000,22.608000,1,1,99064218,1155,22,1155,22,0,0,16
12,360,50.400000,22.608000,1,1,99064228,1155,22,1155,22,0,0,16
12,360,50.400000,22.608000,1,1,99064237,1155,22,1155,22,0,0,16
12,360,50.400000,22.608000,1,1,99064247,1155,22,1155,22,0,0,16
12,360,50.400000,22.608000,1,1,99064257,1155,22,1155,22,0,0,16
12,360,50.400000,22.608000,1,1,99064267,1155,22,1155,22,0,0,16
12,360,50.400000,22.608000,1,1,99064277,1155,22,1155,22,0,0,16
12,360,50.400000,22.608000,1,1,99064287,1155,22,1155,22,0,0,16
12,360,50.400000,22.608000,1,1,99064297,1155,22,1155,22,0,0,16
12,360,50.400000,22.608000,1,1,99064307,1155,22,1155,22,0,0,16
12,360,50.400000,22.608000,1,1,99064317,1155,22,1155,22,0,0,16
12,360,50.400000,22.608000,1,1,99064328,1155,22,1155,22,0,0,16
12,360,50.400000,22.608000,1,1,99064339,1155,22,1155,22,0,0,16
12,360,50.400000,22.608000,1,1,99064348,1155,22,1155,22,0,0,16
12,360,50.400000,22.608000,1,1,99064359,1155,22,1155,22,0,0,16
12,360,50.400000,22.608000,1,1,99064369,1155,22,1155,22,0,0,16
12,360,50.400000,22.608000,1,1,99064378,1155,22,1155,22,0,0,16
12,360,50.400000,22.608000,1,1,99064389,1155,22,1155,22,0,0,16
