12,720,50.400000,22.608000,1,0,99206979,600,0,600,0,0,0,81
12,720,50.400000,22.608000,1,0,99206979,600,0,600,0,0,0,81
12,720,50.400000,22.608000,1,0,99206989,600,0,600,0,0,0,81
12,720,50.400000,22.608000,1,0,99206999,600,0,600,0,0,0,81
12,720,50.400000,22.608000,1,0,99207009,600,0,600,0,0,0,81
12,720,50.400000,22.608000,1,0,99207019,600,0,600,0,0,0,81
12,720,50.400000,22.608000,1,0,99207029,600,0,600,0,0,0,81
12,720,50.400000,22.608000,1,0,99207039,600,0,600,0,0,0,81
12,720,50.400000,22.608000,1,0,99207049,600,0,600,0,0,0,81
12,720,50.400000,22.608000,1,0,99207058,600,0,600,0,0,0,81
12,720,50.400000,22.608000,1,0,99207069,600,0,600,0,0,0,81
12,720,50.400000,22.608000,1,0,99207080,600,0,600,0,0,0,81
12,720,50.400000,22.608000,1,0,99207090,603,0,603,0,0,0,81
12,720,50.400000,22.608000,1,0,99207101,609,0,609,-1,0,0,81
12,720,50.400000,22.608000,1,0,99207112,618,0,618,-2,0,0,81
12,720,50.400000,22.608000,1,0,99207123,628,0,628,-2,0,0,81
12,720,50.400000,22.608000,1,0,99207135,643,0,643,-3,0,0,81
12,720,50.400000,22.608000,1,0,99207145,661,0,661,-5,0,0,81
12,720,50.400000,22.608000,1,0,99207156,684,0,684,-5,0,0,81
12,720,50.400000,22.608000,1,0,99207167,712,0,712,-5,0,0,81
12,720,50.400000,22.608000,1,0,99207177,748,0,748,-5,0,0,81
12,720,50.400000,22.608000,1,0,99207188,782,0,782,-5,0,0,81
12,720,50.400000,22.608000,1,0,99207198,827,1,827,-4,0,0,81
12,720,50.400000,22.608000,1,0,99207208,871,3,871,-2,0,0,81
12,720,50.400000,22.608000,1,0,99207219,919,4,919,-1,0,0,81
12,720,50.400000,22.608000,1,0,99207229,963,6,963,1,0,0,81
12,720,50.400000,22.608000,1,0,99207240,1003,8,1003,3,0,0,81
12,720,50.400000,22.608000,1,0,99207250,1033,11,1033,6,0,0,81
12,720,50.400000,22.608000,1,0,99207261,1059,13,1059,8,0,0,81
12,720,50.400000,22.608000,1,0,99207271,1079,14,1079,9,0,0,81
12,720,50.400000,22.608000,1,0,99207282,1098,15,1098,10,0,0,81
12,720,50.400000,22.608000,1,0,99207292,1113,16,1113,11,0,0,81
12,720,50.400000,22.608000,1,0,99207302,1125,16,1125,11,0,0,81
12,720,50.400000,22.608000,1,0,99207322,1137,16,1137,11,0,0,81
12,720,50.400000,22.608000,1,0,99207333,1161,16,1161,11,0,0,81
12,720,50.400000,22.608000,1,0,99207343,1174,17,1174,12,0,0,81
12,720,50.400000,22.608000,1,0,99207353,1186,17,1186,12,0,0,81
12,720,50.400000,22.608000,1,0,99207364,1198,17,1198,12,0,0,81
12,720,50.400000,22.608000,1,0,99207375,1213,18,1213,13,0,0,81
12,720,50.400000,22.608000,1,0,99207386,1226,19,1226,14,0,0,81
12,720,50.400000,22.608000,1,0,99207396,1238,19,1238,14,0,0,81
12,720,50.400000,22.608000,1,0,99207408,1248,19,1248,14,0,0,81
12,720,50.400000,22.608000,1,0,99207418,1260,20,1260,15,0,0,81
12,720,50.400000,22.608000,1,0,99207429,1273,20,1273,15,0,0,81
12,720,50.400000,22.608000,1,0,99207439,1285,20,1285,15,0,0,81
12,720,50.400000,22.608000,1,0,99207450,1296,20,1296,15,0,0,81
12,720,50.400000,22.608000,1,0,99207462,1305,20,1305,15,0,0,81
12,720,50.400000,22.608000,1,0,99207473,1312,20,1312,15,0,0,81
12,720,50.400000,22.608000,1,0,99207483,1315,20,1315,15,0,0,81
12,720,50.400000,22.608000,1,0,99207493,1315,20,1315,15,0,0,81
12,720,50.400000,22.608000,1,0,99207502,1315,20,1315,15,0,0,81
12,720,50.400000,22.608000,1,0,99207512,1315,20,1315,15,0,0,81
12,720,50.400000,22.608000,1,0,99207522,1315,20,1315,15,0,0,81
12,720,50.400000,22.608000,1,0,99207531,1315,20,1315,15,0,0,81
12,720,50.400000,22.608000,1,0,99207541,1315,20,1315,15,0,0,81
12,720,50.400000,22.608000,1,0,99207550,1315,20,1315,15,0,0,81
12,720,50.400000,22.608000,1,0,99207560,1315,20,1315,15,0,0,81
12,720,50.400000,22.608000,1,0,99207570,1315,20,1315,15,0,0,81
12,720,50.400000,22.608000,1,0,99207579,1315,20,1315,15,0,0,81
12,720,50.400000,22.608000,1,0,99207589,1315,20,1315,15,0,0,81
12,720,50.400000,22.608000,1,0,99207599,1315,20,1315,15,0,0,81
12,720,50.400000,22.608000,1,0,99207609,1315,20,1315,15,0,0,81
12,720,50.400000,22.608000,1,0,99207619,1315,20,1315,15,0,0,81
12,720,50.400000,22.608000,1,0,99207628,1315,19,1315,14,0,0,81
12,720,50.400000,22.608000,1,0,99207639,1315,19,1315,14,0,0,81
12,720,50.400000,22.608000,1,0,99207649,1315,19,1315,14,0,0,81
12,720,50.400000,22.608000,1,0,99207659,1315,19,1315,14,0,0,81
12,720,50.400000,22.608000,1,0,99207669,1315,18,1315,13,0,0,81
12,720,50.400000,22.608000,1,0,99207678,1315,17,1315,12,0,0,81
12,720,50.400000,22.608000,1,0,99207689,1314,16,1314,11,0,0,81
12,720,50.400000,22.608000,1,0,99207699,1314,15,1314,10,0,0,81
12,720,50.400000,22.608000,1,0,99207709,1313,13,1313,8,0,0,81
12,720,50.400000,22.608000,1,0,99207719,1313,12,1313,7,0,0,81
12,720,50.400000,22.608000,1,0,99207729,1313,11,1313,6,0,0,81
12,720,50.400000,22.608000,1,0,99207738,1313,10,1313,5,0,0,81
12,720,50.400000,22.608000,1,0,99207748,1312,10,1312,5,0,0,81
12,720,50.400000,22.608000,1,0,99207758,1312,9,1312,4,0,0,81
12,720,50.400000,22.608000,1,0,99207768,1312,8,1312,3,0,0,81
12,720,50.400000,22.608000,1,0,99207778,1312,8,1312,3,0,0,81
12,720,50.400000,22.608000,1,0,99207788,1312,8,1312,3,0,0,81
12,720,50.400000,22.608000,1,0,99207797,1312,8,1312,3,0,0,81
12,720,50.400000,22.608000,1,0,99207807,1312,8,1312,3,0,0,81
