12,360,50.400000,10000.000000,0,1,99484319,780,22,780,22,0,1,104
12,360,50.400000,10000.000000,0,1,99484320,780,22,780,22,0,1,104
12,360,50.400000,10000.000000,0,1,99484331,780,22,780,22,0,1,104
12,360,50.400000,10000.000000,0,1,99484341,780,22,780,22,0,1,104
12,360,50.400000,10000.000000,0,1,99484351,780,22,780,22,0,1,104
12,360,50.400000,10000.000000,0,1,99484361,780,22,780,22,0,1,104
12,360,50.400000,10000.000000,0,1,99484371,780,22,780,22,0,1,104
12,360,50.400000,10000.000000,0,1,99484382,780,22,780,22,0,1,104
12,360,50.400000,10000.000000,0,1,99484394,781,22,781,22,0,1,104
12,360,50.400000,10000.000000,0,1,99484410,787,22,787,22,0,1,104
12,360,50.400000,10000.000000,0,1,99484422,800,22,800,22,0,1,104
12,360,50.400000,10000.000000,0,1,99484433,811,22,811,22,0,1,104
12,360,50.400000,10000.000000,0,1,99484444,827,21,827,21,0,1,104
12,360,50.400000,10000.000000,0,1,99484454,843,20,843,20,0,1,104
12,360,50.400000,10000.000000,0,1,99484465,861,20,861,20,0,1,104
12,360,50.400000,10000.000000,0,1,99484476,882,19,882,19,0,1,104
12,360,50.400000,10000.000000,0,1,99484487,904,18,904,18,0,1,104
12,360,50.400000,10000.000000,0,1,99484498,930,18,930,18,0,1,104
12,360,50.400000,10000.000000,0,1,99484508,951,17,951,17,0,1,104
12,360,50.400000,10000.000000,0,1,99484520,974,17,974,17,0,1,104
12,360,50.400000,10000.000000,0,1,99484530,991,17,991,17,0,1,104
12,360,50.400000,10000.000000,0,1,99484540,1005,16,1005,16,0,1,104
12,360,50.400000,10000.000000,0,1,99484550,1020,16,1020,16,0,1,104
12,360,50.400000,10000.000000,0,1,99484560,1032,15,1032,15,0,1,104
12,360,50.400000,10000.000000,0,1,99484571,1044,15,1044,15,0,1,104
12,360,50.400000,10000.000000,0,1,99484581,1054,15,1054,15,0,1,104
12,360,50.400000,10000.000000,0,1,99484593,1063,15,1063,15,0,1,104
12,360,50.400000,10000.000000,0,1,99484603,1071,15,1071,15,0,1,104
12,360,50.400000,10000.000000,0,1,99484615,1077,15,1077,15,0,1,104
12,360,50.400000,10000.000000,0,1,99484625,1083,15,1083,15,0,1,104
12,360,50.400000,10000.000000,0,1,99484636,1088,14,1088,14,0,1,104
12,360,50.400000,10000.000000,0,1,99484646,1092,14,1092,14,0,1,104
12,360,50.400000,10000.000000,0,1,99484657,1095,13,1095,13,0,1,104
12,360,50.400000,10000.000000,0,1,99484667,1097,13,1097,13,0,1,104
12,360,50.400000,10000.000000,0,1,99484678,1098,13,1098,13,0,1,104
12,360,50.400000,10000.000000,0,1,99484689,1099,13,1099,13,0,1,104
12,360,50.400000,10000.000000,0,1,99484700,1102,13,1102,13,0,1,104
12,360,50.400000,10000.000000,0,1,99484711,1105,13,1105,13,0,1,104
12,360,50.400000,10000.000000,0,1,99484723,1109,12,1109,12,0,1,104
12,360,50.400000,10000.000000,0,1,99484734,1115,12,1115,12,0,1,104
12,360,50.400000,10000.000000,0,1,99484744,1120,12,1120,12,0,1,104
12,360,50.400000,10000.000000,0,1,99484755,1124,11,1124,11,0,1,104
12,360,50.400000,10000.000000,0,1,99484766,1128,11,1128,11,0,1,104
12,360,50.400000,10000.000000,0,1,99484776,1130,11,1130,11,0,1,104
12,360,50.400000,10000.000000,0,1,99484787,1130,11,1130,11,0,1,104
12,360,50.400000,10000.000000,0,1,99484798,1130,11,1130,11,0,1,104
12,360,50.400000,10000.000000,0,1,99484809,1130,11,1130,11,0,1,104
12,360,50.400000,10000.000000,0,1,99484819,1130,11,1130,11,0,1,104
12,360,50.400000,10000.000000,0,1,99484829,1130,11,1130,11,0,1,104
12,360,50.400000,10000.000000,0,1,99484840,1130,11,1130,11,0,1,104
12,360,50.400000,10000.000000,0,1,99484850,1131,10,1131,10,0,1,104
12,360,50.400000,10000.000000,0,1,99484861,1132,9,1132,9,0,1,104
12,360,50.400000,10000.000000,0,1,99484871,1133,9,1133,9,0,1,104
12,360,50.400000,10000.000000,0,1,99484882,1134,8,1134,8,0,1,104
12,360,50.400000,10000.000000,0,1,99484892,1135,8,1135,8,0,1,104
12,360,50.400000,10000.000000,0,1,99484903,1136,8,1136,8,0,1,104
12,360,50.400000,10000.000000,0,1,99484913,1137,8,1137,8,0,1,104
12,360,50.400000,10000.000000,0,1,99484924,1137,8,1137,8,0,1,104
12,360,50.400000,10000.000000,0,1,99484934,1137,7,1137,7,0,1,104
12,360,50.400000,10000.000000,0,1,99484943,1137,7,1137,7,0,1,104
12,360,50.400000,10000.000000,0,1,99484953,1137,7,1137,7,0,1,104
12,360,50.400000,10000.000000,0,1,99484963,1137,7,1137,7,0,1,104
