12,360,82.800000,22.608000,0,0,99405567,780,0,780,0,0,1,65
12,360,82.800000,22.608000,0,0,99405569,780,0,780,0,0,1,65
12,360,82.800000,22.608000,0,0,99405578,780,0,780,0,0,1,65
12,360,82.800000,22.608000,0,0,99405588,780,0,780,0,0,1,65
12,360,82.800000,22.608000,0,0,99405598,780,0,780,0,0,1,65
12,360,82.800000,22.608000,0,0,99405608,780,0,780,0,0,1,65
12,360,82.800000,22.608000,0,0,99405618,780,0,780,0,0,1,65
12,360,82.800000,22.608000,0,0,99405628,780,0,780,0,0,1,65
12,360,82.800000,22.608000,0,0,99405639,780,0,780,0,0,1,65
12,360,82.800000,22.608000,0,0,99405650,780,0,780,0,0,1,65
12,360,82.800000,22.608000,0,0,99405661,784,0,784,0,0,1,65
12,360,82.800000,22.608000,0,0,99405672,791,0,791,0,0,1,65
12,360,82.800000,22.608000,0,0,99405683,806,1,806,1,0,1,65
12,360,82.800000,22.608000,0,0,99405694,828,3,828,3,0,1,65
12,360,82.800000,22.608000,0,0,99405707,855,3,855,3,0,1,65
12,360,82.800000,22.608000,0,0,99405719,895,4,895,4,0,1,65
12,360,82.800000,22.608000,0,0,99405731,927,5,927,5,0,1,65
12,360,82.800000,22.608000,0,0,99405742,969,6,969,6,0,1,65
12,360,82.800000,22.608000,0,0,99405754,999,6,999,6,0,1,65
12,360,82.800000,22.608000,0,0,99405764,1026,6,1026,6,0,1,65
12,360,82.800000,22.608000,0,0,99405774,1049,6,1049,6,0,1,65
12,360,82.800000,22.608000,0,0,99405785,1066,6,1066,6,0,1,65
12,360,82.800000,22.608000,0,0,99405796,1082,6,1082,6,0,1,65
12,360,82.800000,22.608000,0,0,99405806,1093,6,1093,6,0,1,65
12,360,82.800000,22.608000,0,0,99405816,1102,6,1102,6,0,1,65
12,360,82.800000,22.608000,0,0,99405827,1110,6,1110,6,0,1,65
12,360,82.800000,22.608000,0,0,99405836,1115,6,1115,6,0,1,65
12,360,82.800000,22.608000,0,0,99405855,1118,6,1118,6,0,1,65
12,360,82.800000,22.608000,0,0,99405868,1119,6,1119,6,0,1,65
12,360,82.800000,22.608000,0,0,99405878,1119,6,1119,6,0,1,65
12,360,82.800000,22.608000,0,0,99405889,1119,6,1119,6,0,1,65
12,360,82.800000,22.608000,0,0,99405898,1119,6,1119,6,0,1,65
12,360,82.800000,22.608000,0,0,99405908,1119,6,1119,6,0,1,65
12,360,82.800000,22.608000,0,0,99405917,1119,6,1119,6,0,1,65
12,360,82.800000,22.608000,0,0,99405927,1119,6,1119,6,0,1,65
12,360,82.800000,22.608000,0,0,99405937,1119,6,1119,6,0,1,65
12,360,82.800000,22.608000,0,0,99405947,1120,6,1120,6,0,1,65
12,360,82.800000,22.608000,0,0,99405965,1122,6,1122,6,0,1,65
12,360,82.800000,22.608000,0,0,99405975,1124,6,1124,6,0,1,65
12,360,82.800000,22.608000,0,0,99405985,1124,6,1124,6,0,1,65
12,360,82.800000,22.608000,0,0,99405995,1124,6,1124,6,0,1,65
12,360,82.800000,22.608000,0,0,99406005,1124,6,1124,6,0,1,65
12,360,82.800000,22.608000,0,0,99406015,1124,6,1124,6,0,1,65
12,360,82.800000,22.608000,0,0,99406026,1124,6,1124,6,0,1,65
12,360,82.800000,22.608000,0,0,99406035,1124,6,1124,6,0,1,65
12,360,82.800000,22.608000,0,0,99406045,1124,6,1124,6,0,1,65
