12,720,82.800000,10000.000000,0,1,99412441,600,22,600,22,0,1,69
12,720,82.800000,10000.000000,0,1,99412442,600,22,600,22,0,1,69
12,720,82.800000,10000.000000,0,1,99412452,600,22,600,22,0,1,69
12,720,82.800000,10000.000000,0,1,99412462,600,22,600,22,0,1,69
12,720,82.800000,10000.000000,0,1,99412473,600,22,600,22,0,1,69
12,720,82.800000,10000.000000,0,1,99412484,600,22,600,22,0,1,69
12,720,82.800000,10000.000000,0,1,99412494,600,22,600,22,0,1,69
12,720,82.800000,10000.000000,0,1,99412504,600,22,600,22,0,1,69
12,720,82.800000,10000.000000,0,1,99412513,600,22,600,22,0,1,69
12,720,82.800000,10000.000000,0,1,99412523,601,22,601,22,0,1,69
12,720,82.800000,10000.000000,0,1,99412535,604,21,604,21,0,1,69
12,720,82.800000,10000.000000,0,1,99412545,610,20,610,20,0,1,69
12,720,82.800000,10000.000000,0,1,99412555,617,18,617,18,0,1,69
12,720,82.800000,10000.000000,0,1,99412566,625,17,625,17,0,1,69
12,720,82.800000,10000.000000,0,1,99412578,638,15,638,15,0,1,69
12,720,82.800000,10000.000000,0,1,99412589,653,13,653,13,0,1,69
12,720,82.800000,10000.000000,0,1,99412600,670,11,670,11,0,1,69
12,720,82.800000,10000.000000,0,1,99412611,687,8,687,8,0,1,69
12,720,82.800000,10000.000000,0,1,99412622,702,6,702,6,0,1,69
12,720,82.800000,10000.000000,0,1,99412633,720,4,720,4,0,1,69
12,720,82.800000,10000.000000,0,1,99412644,738,3,738,3,0,1,69
12,720,82.800000,10000.000000,0,1,99412655,762,2,762,2,0,1,69
12,720,82.800000,10000.000000,0,1,99412665,789,0,789,0,0,1,69
12,720,82.800000,10000.000000,0,1,99412676,817,0,817,-1,0,1,69
12,720,82.800000,10000.000000,0,1,99412687,851,0,851,-2,0,1,69
12,720,82.800000,10000.000000,0,1,99412698,886,0,886,-3,0,1,69
12,720,82.800000,10000.000000,0,1,99412709,923,0,923,-4,0,1,69
12,720,82.800000,10000.000000,0,1,99412730,962,0,962,-6,0,1,69
12,720,82.800000,10000.000000,0,1,99412740,1028,0,1028,-7,0,1,69
12,720,82.800000,10000.000000,0,1,99412752,1055,0,1055,-8,0,1,69
12,720,82.800000,10000.000000,0,1,99412762,1085,0,1085,-9,0,1,69
12,720,82.800000,10000.000000,0,1,99412774,1107,0,1107,-10,0,1,69
12,720,82.800000,10000.000000,0,1,99412785,1127,0,1127,-10,0,1,69
12,720,82.800000,10000.000000,0,1,99412796,1144,0,1144,-10,0,1,69
12,720,82.800000,10000.000000,0,1,99412807,1157,0,1157,-10,0,1,69
12,720,82.800000,10000.000000,0,1,99412817,1166,0,1166,-10,0,1,69
12,720,82.800000,10000.000000,0,1,99412828,1174,0,1174,-10,0,1,69
12,720,82.800000,10000.000000,0,1,99412838,1179,0,1179,-10,0,1,69
12,720,82.800000,10000.000000,0,1,99412849,1184,0,1184,-10,0,1,69
12,720,82.800000,10000.000000,0,1,99412859,1188,0,1188,-10,0,1,69
12,720,82.800000,10000.000000,0,1,99412869,1190,0,1190,-10,0,1,69
12,720,82.800000,10000.000000,0,1,99412878,1190,0,1190,-10,0,1,69
12,720,82.800000,10000.000000,0,1,99412890,1192,0,1192,-10,0,1,69
12,720,82.800000,10000.000000,0,1,99412899,1194,0,1194,-10,0,1,69
12,720,82.800000,10000.000000,0,1,99412910,1196,0,1196,-10,0,1,69
12,720,82.800000,10000.000000,0,1,99412921,1198,0,1198,-10,0,1,69
12,720,82.800000,10000.000000,0,1,99412931,1201,0,1201,-10,0,1,69
12,720,82.800000,10000.000000,0,1,99412941,1204,0,1204,-10,0,1,69
12,720,82.800000,10000.000000,0,1,99412951,1208,0,1208,-10,0,1,69
12,720,82.800000,10000.000000,0,1,99412962,1212,1,1212,-9,0,1,69
12,720,82.800000,10000.000000,0,1,99412974,1217,1,1217,-9,0,1,69
12,720,82.800000,10000.000000,0,1,99412985,1223,1,1223,-9,0,1,69
12,720,82.800000,10000.000000,0,1,99412996,1229,1,1229,-9,0,1,69
12,720,82.800000,10000.000000,0,1,99413006,1237,1,1237,-9,0,1,69
12,720,82.800000,10000.000000,0,1,99413017,1246,1,1246,-9,0,1,69
12,720,82.800000,10000.000000,0,1,99413027,1254,1,1254,-9,0,1,69
12,720,82.800000,10000.000000,0,1,99413047,1261,1,1261,-9,0,1,69
12,720,82.800000,10000.000000,0,1,99413058,1274,1,1274,-9,0,1,69
12,720,82.800000,10000.000000,0,1,99413068,1279,2,1279,-8,0,1,69
12,720,82.800000,10000.000000,0,1,99413079,1282,2,1282,-8,0,1,69
12,720,82.800000,10000.000000,0,1,99413089,1285,2,1285,-8,0,1,69
12,720,82.800000,10000.000000,0,1,99413099,1289,2,1289,-8,0,1,69
12,720,82.800000,10000.000000,0,1,99413110,1293,2,1293,-8,0,1,69
12,720,82.800000,10000.000000,0,1,99413120,1298,3,1298,-7,0,1,69
12,720,82.800000,10000.000000,0,1,99413131,1302,3,1302,-7,0,1,69
12,720,82.800000,10000.000000,0,1,99413141,1304,3,1304,-7,0,1,69
12,720,82.800000,10000.000000,0,1,99413152,1305,3,1305,-7,0,1,69
12,720,82.800000,10000.000000,0,1,99413162,1306,3,1306,-7,0,1,69
12,720,82.800000,10000.000000,0,1,99413172,1306,3,1306,-7,0,1,69
12,720,82.800000,10000.000000,0,1,99413182,1306,3,1306,-7,0,1,69
