12,360,50.400000,42.984000,0,0,99501186,780,0,780,0,0,1,113
12,360,50.400000,42.984000,0,0,99501187,780,0,780,0,0,1,113
12,360,50.400000,42.984000,0,0,99501197,780,0,780,0,0,1,113
12,360,50.400000,42.984000,0,0,99501208,780,0,780,0,0,1,113
12,360,50.400000,42.984000,0,0,99501219,781,0,781,0,0,1,113
12,360,50.400000,42.984000,0,0,99501229,782,0,782,0,0,1,113
12,360,50.400000,42.984000,0,0,99501239,782,0,782,0,0,1,113
12,360,50.400000,42.984000,0,0,99501249,782,0,782,0,0,1,113
12,360,50.400000,42.984000,0,0,99501260,782,0,782,0,0,1,113
12,360,50.400000,42.984000,0,0,99501270,782,0,782,0,0,1,113
12,360,50.400000,42.984000,0,0,99501282,784,0,784,0,0,1,113
12,360,50.400000,42.984000,0,0,99501293,791,0,791,0,0,1,113
12,360,50.400000,42.984000,0,0,99501304,807,1,807,1,0,1,113
12,360,50.400000,42.984000,0,0,99501314,827,2,827,2,0,1,113
12,360,50.400000,42.984000,0,0,99501325,855,2,855,2,0,1,113
12,360,50.400000,42.984000,0,0,99501335,884,2,884,2,0,1,113
12,360,50.400000,42.984000,0,0,99501346,914,2,914,2,0,1,113
12,360,50.400000,42.984000,0,0,99501358,949,2,949,2,0,1,113
12,360,50.400000,42.984000,0,0,99501369,983,2,983,2,0,1,113
12,360,50.400000,42.984000,0,0,99501380,1012,2,1012,2,0,1,113
12,360,50.400000,42.984000,0,0,99501391,1035,2,1035,2,0,1,113
12,360,50.400000,42.984000,0,0,99501402,1052,2,1052,2,0,1,113
12,360,50.400000,42.984000,0,0,99501413,1062,2,1062,2,0,1,113
12,360,50.400000,42.984000,0,0,99501423,1068,2,1068,2,0,1,113
12,360,50.400000,42.984000,0,0,99501435,1071,2,1071,2,0,1,113
12,360,50.400000,42.984000,0,0,99501446,1073,2,1073,2,0,1,113
12,360,50.400000,42.984000,0,0,99501457,1074,2,1074,2,0,1,113
12,360,50.400000,42.984000,0,0,99501468,1075,2,1075,2,0,1,113
12,360,50.400000,42.984000,0,0,99501479,1076,2,1076,2,0,1,113
12,360,50.400000,42.984000,0,0,99501489,1077,2,1077,2,0,1,113
12,360,50.400000,42.984000,0,0,99501499,1078,1,1078,1,0,1,113
12,360,50.400000,42.984000,0,0,99501509,1081,1,1081,1,0,1,113
12,360,50.400000,42.984000,0,0,99501520,1085,1,1085,1,0,1,113
12,360,50.400000,42.984000,0,0,99501530,1088,1,1088,1,0,1,113
12,360,50.400000,42.984000,0,0,99501541,1091,1,1091,1,0,1,113
12,360,50.400000,42.984000,0,0,99501551,1094,1,1094,1,0,1,113
12,360,50.400000,42.984000,0,0,99501561,1097,1,1097,1,0,1,113
12,360,50.400000,42.984000,0,0,99501573,1099,1,1099,1,0,1,113
12,360,50.400000,42.984000,0,0,99501584,1104,1,1104,1,0,1,113
12,360,50.400000,42.984000,0,0,99501604,1108,2,1108,2,0,1,113
12,360,50.400000,42.984000,0,0,99501614,1119,2,1119,2,0,1,113
12,360,50.400000,42.984000,0,0,99501627,1126,2,1126,2,0,1,113
12,360,50.400000,42.984000,0,0,99501637,1134,3,1134,3,0,1,113
12,360,50.400000,42.984000,0,0,99501648,1140,3,1140,3,0,1,113
12,360,50.400000,42.984000,0,0,99501658,1143,3,1143,3,0,1,113
12,360,50.400000,42.984000,0,0,99501668,1144,3,1144,3,0,1,113
12,360,50.400000,42.984000,0,0,99501679,1145,3,1145,3,0,1,113
12,360,50.400000,42.984000,0,0,99501697,1145,3,1145,3,0,1,113
12,360,50.400000,42.984000,0,0,99501708,1145,3,1145,3,0,1,113
12,360,50.400000,42.984000,0,0,99501719,1145,3,1145,3,0,1,113
12,360,50.400000,42.984000,0,0,99501730,1145,3,1145,3,0,1,113
12,360,50.400000,42.984000,0,0,99501741,1145,3,1145,3,0,1,113
12,360,50.400000,42.984000,0,0,99501752,1145,3,1145,3,0,1,113
12,360,50.400000,42.984000,0,0,99501763,1145,3,1145,3,0,1,113
12,360,50.400000,42.984000,0,0,99501773,1145,3,1145,3,0,1,113
12,360,50.400000,42.984000,0,0,99501784,1145,3,1145,3,0,1,113
12,360,50.400000,42.984000,0,0,99501795,1145,3,1145,3,0,1,113
12,360,50.400000,42.984000,0,0,99501806,1145,3,1145,3,0,1,113
12,360,50.400000,42.984000,0,0,99501816,1145,3,1145,3,0,1,113
12,360,50.400000,42.984000,0,0,99501826,1145,3,1145,3,0,1,113
