12,360,82.800000,42.984000,1,1,99307641,780,22,780,22,0,1,14
12,360,82.800000,42.984000,1,1,99307642,780,22,780,22,0,1,14
12,360,82.800000,42.984000,1,1,99307652,780,22,780,22,0,1,14
12,360,82.800000,42.984000,1,1,99307663,780,22,780,22,0,1,14
12,360,82.800000,42.984000,1,1,99307674,780,22,780,22,0,1,14
12,360,82.800000,42.984000,1,1,99307685,780,22,780,22,0,1,14
12,360,82.800000,42.984000,1,1,99307697,780,22,780,22,0,1,14
12,360,82.800000,42.984000,1,1,99307707,780,22,780,22,0,1,14
12,360,82.800000,42.984000,1,1,99307718,780,22,780,22,0,1,14
12,360,82.800000,42.984000,1,1,99307728,780,22,780,22,0,1,14
12,360,82.800000,42.984000,1,1,99307738,780,22,780,22,0,1,14
12,360,82.800000,42.984000,1,1,99307749,782,22,782,22,0,1,14
12,360,82.800000,42.984000,1,1,99307760,786,23,786,23,0,1,14
12,360,82.800000,42.984000,1,1,99307770,791,23,791,23,0,1,14
12,360,82.800000,42.984000,1,1,99307781,797,23,797,23,0,1,14
12,360,82.800000,42.984000,1,1,99307792,803,23,803,23,0,1,14
12,360,82.800000,42.984000,1,1,99307803,809,23,809,23,0,1,14
12,360,82.800000,42.984000,1,1,99307814,818,23,818,23,0,1,14
12,360,82.800000,42.984000,1,1,99307824,829,23,829,23,0,1,14
12,360,82.800000,42.984000,1,1,99307835,841,23,841,23,0,1,14
12,360,82.800000,42.984000,1,1,99307845,856,22,856,22,0,1,14
12,360,82.800000,42.984000,1,1,99307856,874,22,874,22,0,1,14
12,360,82.800000,42.984000,1,1,99307867,894,22,894,22,0,1,14
12,360,82.800000,42.984000,1,1,99307877,915,22,915,22,0,1,14
12,360,82.800000,42.984000,1,1,99307888,938,22,938,22,0,1,14
12,360,82.800000,42.984000,1,1,99307899,962,22,962,22,0,1,14
12,360,82.800000,42.984000,1,1,99307911,986,22,986,22,0,1,14
12,360,82.800000,42.984000,1,1,99307922,1008,22,1008,22,0,1,14
12,360,82.800000,42.984000,1,1,99307933,1030,22,1030,22,0,1,14
12,360,82.800000,42.984000,1,1,99307944,1047,22,1047,22,0,1,14
12,360,82.800000,42.984000,1,1,99307956,1060,22,1060,22,0,1,14
12,360,82.800000,42.984000,1,1,99307967,1069,22,1069,22,0,1,14
12,360,82.800000,42.984000,1,1,99307978,1074,22,1074,22,0,1,14
12,360,82.800000,42.984000,1,1,99307988,1076,22,1076,22,0,1,14
12,360,82.800000,42.984000,1,1,99307998,1076,22,1076,22,0,1,14
12,360,82.800000,42.984000,1,1,99308008,1076,22,1076,22,0,1,14
12,360,82.800000,42.984000,1,1,99308019,1076,22,1076,22,0,1,14
12,360,82.800000,42.984000,1,1,99308029,1076,22,1076,22,0,1,14
12,360,82.800000,42.984000,1,1,99308039,1076,22,1076,22,0,1,14
12,360,82.800000,42.984000,1,1,99308048,1076,22,1076,22,0,1,14
12,360,82.800000,42.984000,1,1,99308058,1076,22,1076,22,0,1,14
12,360,82.800000,42.984000,1,1,99308068,1076,22,1076,22,0,1,14
12,360,82.800000,42.984000,1,1,99308078,1076,22,1076,22,0,1,14
12,360,82.800000,42.984000,1,1,99308088,1077,22,1077,22,0,1,14
12,360,82.800000,42.984000,1,1,99308099,1078,21,1078,21,0,1,14
12,360,82.800000,42.984000,1,1,99308110,1079,21,1079,21,0,1,14
12,360,82.800000,42.984000,1,1,99308120,1079,19,1079,19,0,1,14
12,360,82.800000,42.984000,1,1,99308131,1080,19,1080,19,0,1,14
12,360,82.800000,42.984000,1,1,99308143,1082,18,1082,18,0,1,14
12,360,82.800000,42.984000,1,1,99308154,1083,18,1083,18,0,1,14
12,360,82.800000,42.984000,1,1,99308164,1085,17,1085,17,0,1,14
12,360,82.800000,42.984000,1,1,99308175,1087,16,1087,16,0,1,14
12,360,82.800000,42.984000,1,1,99308185,1090,16,1090,16,0,1,14
12,360,82.800000,42.984000,1,1,99308195,1093,15,1093,15,0,1,14
12,360,82.800000,42.984000,1,1,99308208,1097,14,1097,14,0,1,14
12,360,82.800000,42.984000,1,1,99308218,1102,12,1102,12,0,1,14
12,360,82.800000,42.984000,1,1,99308229,1108,11,1108,11,0,1,14
12,360,82.800000,42.984000,1,1,99308241,1113,10,1113,10,0,1,14
12,360,82.800000,42.984000,1,1,99308252,1116,9,1116,9,0,1,14
12,360,82.800000,42.984000,1,1,99308263,1118,9,1118,9,0,1,14
12,360,82.800000,42.984000,1,1,99308274,1120,9,1120,9,0,1,14
12,360,82.800000,42.984000,1,1,99308285,1120,9,1120,9,0,1,14
12,360,82.800000,42.984000,1,1,99308295,1120,9,1120,9,0,1,14
12,360,82.800000,42.984000,1,1,99308305,1120,9,1120,9,0,1,14
12,360,82.800000,42.984000,1,1,99308315,1120,9,1120,9,0,1,14
12,360,82.800000,42.984000,1,1,99308325,1120,9,1120,9,0,1,14
12,360,82.800000,42.984000,1,1,99308335,1120,9,1120,9,0,1,14
12,360,82.800000,42.984000,1,1,99308344,1120,9,1120,9,0,1,14
12,360,82.800000,42.984000,1,1,99308354,1120,9,1120,9,0,1,14
12,360,82.800000,42.984000,1,1,99308363,1120,9,1120,9,0,1,14
