12,720,82.800000,22.608000,0,1,99321456,600,22,600,22,0,1,21
12,720,82.800000,22.608000,0,1,99321457,600,22,600,22,0,1,21
12,720,82.800000,22.608000,0,1,99321467,600,22,600,22,0,1,21
12,720,82.800000,22.608000,0,1,99321478,600,22,600,22,0,1,21
12,720,82.800000,22.608000,0,1,99321497,600,22,600,22,0,1,21
12,720,82.800000,22.608000,0,1,99321508,600,22,600,22,0,1,21
12,720,82.800000,22.608000,0,1,99321518,600,22,600,22,0,1,21
12,720,82.800000,22.608000,0,1,99321529,600,22,600,22,0,1,21
12,720,82.800000,22.608000,0,1,99321540,600,22,600,22,0,1,21
12,720,82.800000,22.608000,0,1,99321552,602,22,602,22,0,1,21
12,720,82.800000,22.608000,0,1,99321564,605,22,605,22,0,1,21
12,720,82.800000,22.608000,0,1,99321576,610,22,610,22,0,1,21
12,720,82.800000,22.608000,0,1,99321586,614,22,614,22,0,1,21
12,720,82.800000,22.608000,0,1,99321596,619,22,619,22,0,1,21
12,720,82.800000,22.608000,0,1,99321607,625,22,625,22,0,1,21
12,720,82.800000,22.608000,0,1,99321619,633,21,633,21,0,1,21
12,720,82.800000,22.608000,0,1,99321632,643,21,643,21,0,1,21
12,720,82.800000,22.608000,0,1,99321644,658,19,658,19,0,1,21
12,720,82.800000,22.608000,0,1,99321654,674,19,674,19,0,1,21
12,720,82.800000,22.608000,0,1,99321665,694,19,694,19,0,1,21
12,720,82.800000,22.608000,0,1,99321675,719,19,719,19,0,1,21
12,720,82.800000,22.608000,0,1,99321686,743,18,743,18,0,1,21
12,720,82.800000,22.608000,0,1,99321697,773,17,773,17,0,1,21
12,720,82.800000,22.608000,0,1,99321707,808,17,808,17,0,1,21
12,720,82.800000,22.608000,0,1,99321718,840,16,840,16,0,1,21
12,720,82.800000,22.608000,0,1,99321728,869,15,869,15,0,1,21
12,720,82.800000,22.608000,0,1,99321739,901,15,901,15,0,1,21
12,720,82.800000,22.608000,0,1,99321752,929,15,929,15,0,1,21
12,720,82.800000,22.608000,0,1,99321763,965,14,965,14,0,1,21
12,720,82.800000,22.608000,0,1,99321773,994,14,994,14,0,1,21
12,720,82.800000,22.608000,0,1,99321783,1021,14,1021,14,0,1,21
12,720,82.800000,22.608000,0,1,99321794,1045,14,1045,14,0,1,21
12,720,82.800000,22.608000,0,1,99321805,1070,14,1070,14,0,1,21
12,720,82.800000,22.608000,0,1,99321816,1090,14,1090,14,0,1,21
12,720,82.800000,22.608000,0,1,99321827,1110,14,1110,14,0,1,21
12,720,82.800000,22.608000,0,1,99321837,1123,14,1123,14,0,1,21
12,720,82.800000,22.608000,0,1,99321857,1139,14,1139,14,0,1,21
12,720,82.800000,22.608000,0,1,99321868,1164,14,1164,14,0,1,21
12,720,82.800000,22.608000,0,1,99321879,1176,13,1176,13,0,1,21
12,720,82.800000,22.608000,0,1,99321890,1189,12,1189,12,0,1,21
12,720,82.800000,22.608000,0,1,99321901,1199,12,1199,12,0,1,21
12,720,82.800000,22.608000,0,1,99321913,1206,11,1206,11,0,1,21
12,720,82.800000,22.608000,0,1,99321924,1213,11,1213,11,0,1,21
12,720,82.800000,22.608000,0,1,99321936,1218,10,1218,10,0,1,21
12,720,82.800000,22.608000,0,1,99321947,1223,10,1223,10,0,1,21
12,720,82.800000,22.608000,0,1,99321958,1228,9,1228,9,0,1,21
12,720,82.800000,22.608000,0,1,99321969,1233,8,1233,8,0,1,21
12,720,82.800000,22.608000,0,1,99321979,1238,8,1238,8,0,1,21
12,720,82.800000,22.608000,0,1,99321989,1244,8,1244,8,0,1,21
12,720,82.800000,22.608000,0,1,99322000,1247,8,1247,8,0,1,21
12,720,82.800000,22.608000,0,1,99322009,1249,8,1249,8,0,1,21
12,720,82.800000,22.608000,0,1,99322019,1249,8,1249,8,0,1,21
12,720,82.800000,22.608000,0,1,99322028,1250,8,1250,8,0,1,21
12,720,82.800000,22.608000,0,1,99322039,1251,8,1251,8,0,1,21
12,720,82.800000,22.608000,0,1,99322050,1253,8,1253,8,0,1,21
12,720,82.800000,22.608000,0,1,99322060,1257,8,1257,8,0,1,21
12,720,82.800000,22.608000,0,1,99322071,1263,8,1263,8,0,1,21
12,720,82.800000,22.608000,0,1,99322082,1270,8,1270,8,0,1,21
12,720,82.800000,22.608000,0,1,99322093,1276,8,1276,8,0,1,21
12,720,82.800000,22.608000,0,1,99322104,1280,8,1280,8,0,1,21
12,720,82.800000,22.608000,0,1,99322121,1280,8,1280,8,0,1,21
12,720,82.800000,22.608000,0,1,99322132,1280,8,1280,8,0,1,21
12,720,82.800000,22.608000,0,1,99322142,1280,8,1280,8,0,1,21
12,720,82.800000,22.608000,0,1,99322152,1280,8,1280,8,0,1,21
12,720,82.800000,22.608000,0,1,99322162,1280,8,1280,8,0,1,21
12,720,82.800000,22.608000,0,1,99322172,1281,8,1281,8,0,1,21
12,720,82.800000,22.608000,0,1,99322182,1282,8,1282,8,0,1,21
12,720,82.800000,22.608000,0,1,99322193,1285,8,1285,8,0,1,21
12,720,82.800000,22.608000,0,1,99322204,1289,9,1289,9,0,1,21
12,720,82.800000,22.608000,0,1,99322214,1293,9,1293,9,0,1,21
12,720,82.800000,22.608000,0,1,99322224,1297,9,1297,9,0,1,21
12,720,82.800000,22.608000,0,1,99322234,1298,9,1298,9,0,1,21
12,720,82.800000,22.608000,0,1,99322245,1298,9,1298,9,0,1,21
12,720,82.800000,22.608000,0,1,99322254,1298,9,1298,9,0,1,21
12,720,82.800000,22.608000,0,1,99322264,1298,9,1298,9,0,1,21
12,720,82.800000,22.608000,0,1,99322274,1297,9,1297,9,0,1,21
12,720,82.800000,22.608000,0,1,99322285,1297,9,1297,9,0,1,21
12,720,82.800000,22.608000,0,1,99322295,1297,9,1297,9,0,1,21
12,720,82.800000,22.608000,0,1,99322304,1297,9,1297,9,0,1,21
