12,360,21.600000,42.984000,1,1,99463450,780,22,780,22,0,1,92
12,360,21.600000,42.984000,1,1,99463451,780,22,780,22,0,1,92
12,360,21.600000,42.984000,1,1,99463461,780,22,780,22,0,1,92
12,360,21.600000,42.984000,1,1,99463472,780,22,780,22,0,1,92
12,360,21.600000,42.984000,1,1,99463482,780,22,780,22,0,1,92
12,360,21.600000,42.984000,1,1,99463492,781,22,781,22,0,1,92
12,360,21.600000,42.984000,1,1,99463502,781,22,781,22,0,1,92
12,360,21.600000,42.984000,1,1,99463512,783,21,783,21,0,1,92
12,360,21.600000,42.984000,1,1,99463522,786,21,786,21,0,1,92
12,360,21.600000,42.984000,1,1,99463534,793,20,793,20,0,1,92
12,360,21.600000,42.984000,1,1,99463544,804,20,804,20,0,1,92
12,360,21.600000,42.984000,1,1,99463554,818,19,818,19,0,1,92
12,360,21.600000,42.984000,1,1,99463564,838,18,838,18,0,1,92
12,360,21.600000,42.984000,1,1,99463577,860,18,860,18,0,1,92
12,360,21.600000,42.984000,1,1,99463587,889,18,889,18,0,1,92
12,360,21.600000,42.984000,1,1,99463598,917,17,917,17,0,1,92
12,360,21.600000,42.984000,1,1,99463609,950,16,950,16,0,1,92
12,360,21.600000,42.984000,1,1,99463629,983,15,983,15,0,1,92
12,360,21.600000,42.984000,1,1,99463639,1035,15,1035,15,0,1,92
12,360,21.600000,42.984000,1,1,99463649,1053,14,1053,14,0,1,92
12,360,21.600000,42.984000,1,1,99463660,1067,14,1067,14,0,1,92
12,360,21.600000,42.984000,1,1,99463670,1076,14,1076,14,0,1,92
12,360,21.600000,42.984000,1,1,99463680,1081,14,1081,14,0,1,92
12,360,21.600000,42.984000,1,1,99463690,1083,14,1083,14,0,1,92
12,360,21.600000,42.984000,1,1,99463701,1084,14,1084,14,0,1,92
12,360,21.600000,42.984000,1,1,99463711,1084,14,1084,14,0,1,92
12,360,21.600000,42.984000,1,1,99463721,1084,14,1084,14,0,1,92
12,360,21.600000,42.984000,1,1,99463732,1084,14,1084,14,0,1,92
12,360,21.600000,42.984000,1,1,99463742,1085,13,1085,13,0,1,92
12,360,21.600000,42.984000,1,1,99463753,1087,13,1087,13,0,1,92
12,360,21.600000,42.984000,1,1,99463764,1089,13,1089,13,0,1,92
12,360,21.600000,42.984000,1,1,99463775,1094,13,1094,13,0,1,92
12,360,21.600000,42.984000,1,1,99463787,1098,13,1098,13,0,1,92
12,360,21.600000,42.984000,1,1,99463797,1101,13,1101,13,0,1,92
12,360,21.600000,42.984000,1,1,99463807,1103,13,1103,13,0,1,92
12,360,21.600000,42.984000,1,1,99463818,1105,13,1105,13,0,1,92
12,360,21.600000,42.984000,1,1,99463829,1107,13,1107,13,0,1,92
12,360,21.600000,42.984000,1,1,99463839,1107,13,1107,13,0,1,92
12,360,21.600000,42.984000,1,1,99463849,1107,13,1107,13,0,1,92
12,360,21.600000,42.984000,1,1,99463858,1107,13,1107,13,0,1,92
12,360,21.600000,42.984000,1,1,99463868,1107,13,1107,13,0,1,92
12,360,21.600000,42.984000,1,1,99463878,1107,13,1107,13,0,1,92
12,360,21.600000,42.984000,1,1,99463888,1107,13,1107,13,0,1,92
12,360,21.600000,42.984000,1,1,99463898,1109,13,1109,13,0,1,92
12,360,21.600000,42.984000,1,1,99463909,1113,13,1113,13,0,1,92
12,360,21.600000,42.984000,1,1,99463921,1119,12,1119,12,0,1,92
12,360,21.600000,42.984000,1,1,99463932,1125,12,1125,12,0,1,92
12,360,21.600000,42.984000,1,1,99463943,1131,11,1131,11,0,1,92
12,360,21.600000,42.984000,1,1,99463954,1138,11,1138,11,0,1,92
12,360,21.600000,42.984000,1,1,99463964,1142,11,1142,11,0,1,92
12,360,21.600000,42.984000,1,1,99463975,1146,11,1146,11,0,1,92
12,360,21.600000,42.984000,1,1,99463985,1146,11,1146,11,0,1,92
12,360,21.600000,42.984000,1,1,99463996,1146,11,1146,11,0,1,92
12,360,21.600000,42.984000,1,1,99464006,1146,11,1146,11,0,1,92
12,360,21.600000,42.984000,1,1,99464016,1146,11,1146,11,0,1,92
12,360,21.600000,42.984000,1,1,99464026,1146,11,1146,11,0,1,92
12,360,21.600000,42.984000,1,1,99464036,1146,11,1146,11,0,1,92
12,360,21.600000,42.984000,1,1,99464046,1146,11,1146,11,0,1,92
12,360,21.600000,42.984000,1,1,99464056,1146,11,1146,11,0,1,92
12,360,21.600000,42.984000,1,1,99464067,1146,11,1146,11,0,1,92
12,360,21.600000,42.984000,1,1,99464077,1146,11,1146,11,0,1,92
12,360,21.600000,42.984000,1,1,99464087,1146,11,1146,11,0,1,92
12,360,21.600000,42.984000,1,1,99464097,1146,11,1146,11,0,1,92
12,360,21.600000,42.984000,1,1,99464107,1146,11,1146,11,0,1,92
12,360,21.600000,42.984000,1,1,99464117,1146,11,1146,11,0,1,92
12,360,21.600000,42.984000,1,1,99464127,1146,11,1146,11,0,1,92
12,360,21.600000,42.984000,1,1,99464137,1146,11,1146,11,0,1,92
