12,720,82.800000,0.000000,0,1,99437514,600,22,600,22,0,1,82
12,720,82.800000,0.000000,0,1,99437514,600,22,600,22,0,1,82
12,720,82.800000,0.000000,0,1,99437524,600,22,600,22,0,1,82
12,720,82.800000,0.000000,0,1,99437534,600,22,600,22,0,1,82
12,720,82.800000,0.000000,0,1,99437544,600,22,600,22,0,1,82
12,720,82.800000,0.000000,0,1,99437553,600,22,600,22,0,1,82
12,720,82.800000,0.000000,0,1,99437563,600,22,600,22,0,1,82
12,720,82.800000,0.000000,0,1,99437573,600,22,600,22,0,1,82
12,720,82.800000,0.000000,0,1,99437586,601,22,601,22,0,1,82
12,720,82.800000,0.000000,0,1,99437596,605,22,605,22,0,1,82
12,720,82.800000,0.000000,0,1,99437616,609,22,609,22,0,1,82
12,720,82.800000,0.000000,0,1,99437627,624,22,624,22,0,1,82
12,720,82.800000,0.000000,0,1,99437638,634,21,634,21,0,1,82
12,720,82.800000,0.000000,0,1,99437649,641,21,641,21,0,1,82
12,720,82.800000,0.000000,0,1,99437660,649,20,649,20,0,1,82
12,720,82.800000,0.000000,0,1,99437671,657,20,657,20,0,1,82
12,720,82.800000,0.000000,0,1,99437682,664,20,664,20,0,1,82
12,720,82.800000,0.000000,0,1,99437692,672,19,672,19,0,1,82
12,720,82.800000,0.000000,0,1,99437711,683,19,683,19,0,1,82
12,720,82.800000,0.000000,0,1,99437722,720,19,720,19,0,1,82
12,720,82.800000,0.000000,0,1,99437732,747,19,747,19,0,1,82
12,720,82.800000,0.000000,0,1,99437743,778,19,778,19,0,1,82
12,720,82.800000,0.000000,0,1,99437753,817,20,817,20,0,1,82
12,720,82.800000,0.000000,0,1,99437764,853,20,853,20,0,1,82
12,720,82.800000,0.000000,0,1,99437776,895,20,895,20,0,1,82
12,720,82.800000,0.000000,0,1,99437787,929,21,929,21,0,1,82
12,720,82.800000,0.000000,0,1,99437805,967,21,967,21,0,1,82
12,720,82.800000,0.000000,0,1,99437818,1024,21,1024,21,0,1,82
12,720,82.800000,0.000000,0,1,99437840,1060,21,1060,21,0,1,82
12,720,82.800000,0.000000,0,1,99437851,1114,21,1114,21,0,1,82
12,720,82.800000,0.000000,0,1,99437862,1189,21,1189,21,0,1,82
12,720,82.800000,0.000000,0,1,99437873,1205,21,1205,21,0,1,82
12,720,82.800000,0.000000,0,1,99437883,1220,21,1220,21,0,1,82
12,720,82.800000,0.000000,0,1,99437895,1232,20,1232,20,0,1,82
12,720,82.800000,0.000000,0,1,99437905,1244,20,1244,20,0,1,82
12,720,82.800000,0.000000,0,1,99437916,1254,20,1254,20,0,1,82
12,720,82.800000,0.000000,0,1,99437926,1264,20,1264,20,0,1,82
12,720,82.800000,0.000000,0,1,99437936,1275,20,1275,20,0,1,82
12,720,82.800000,0.000000,0,1,99437948,1285,20,1285,20,0,1,82
12,720,82.800000,0.000000,0,1,99437958,1294,20,1294,20,0,1,82
12,720,82.800000,0.000000,0,1,99437969,1300,20,1300,20,0,1,82
12,720,82.800000,0.000000,0,1,99437980,1305,20,1305,20,0,1,82
12,720,82.800000,0.000000,0,1,99437991,1308,20,1308,20,0,1,82
12,720,82.800000,0.000000,0,1,99438001,1308,20,1308,20,0,1,82
12,720,82.800000,0.000000,0,1,99438011,1308,20,1308,20,0,1,82
12,720,82.800000,0.000000,0,1,99438022,1308,20,1308,20,0,1,82
12,720,82.800000,0.000000,0,1,99438032,1308,20,1308,20,0,1,82
12,720,82.800000,0.000000,0,1,99438042,1309,20,1309,20,0,1,82
12,720,82.800000,0.000000,0,1,99438052,1310,20,1310,20,0,1,82
12,720,82.800000,0.000000,0,1,99438063,1310,20,1310,20,0,1,82
12,720,82.800000,0.000000,0,1,99438073,1311,20,1311,20,0,1,82
12,720,82.800000,0.000000,0,1,99438085,1313,20,1313,20,0,1,82
12,720,82.800000,0.000000,0,1,99438095,1314,20,1314,20,0,1,82
12,720,82.800000,0.000000,0,1,99438105,1315,19,1315,19,0,1,82
12,720,82.800000,0.000000,0,1,99438115,1315,19,1315,19,0,1,82
12,720,82.800000,0.000000,0,1,99438126,1315,19,1315,19,0,1,82
12,720,82.800000,0.000000,0,1,99438135,1315,19,1315,19,0,1,82
12,720,82.800000,0.000000,0,1,99438145,1315,19,1315,19,0,1,82
12,720,82.800000,0.000000,0,1,99438155,1315,19,1315,19,0,1,82
12,720,82.800000,0.000000,0,1,99438165,1315,19,1315,19,0,1,82
12,720,82.800000,0.000000,0,1,99438175,1315,19,1315,19,0,1,82
12,720,82.800000,0.000000,0,1,99438185,1315,19,1315,19,0,1,82
12,720,82.800000,0.000000,0,1,99438196,1315,19,1315,19,0,1,82
12,720,82.800000,0.000000,0,1,99438206,1315,19,1315,19,0,1,82
12,720,82.800000,0.000000,0,1,99438216,1315,19,1315,19,0,1,82
12,720,82.800000,0.000000,0,1,99438226,1315,19,1315,19,0,1,82
12,720,82.800000,0.000000,0,1,99438236,1315,19,1315,19,0,1,82
12,720,82.800000,0.000000,0,1,99438245,1315,19,1315,19,0,1,82
12,720,82.800000,0.000000,0,1,99438255,1315,19,1315,19,0,1,82
12,720,82.800000,0.000000,0,1,99438267,1315,19,1315,19,0,1,82
12,720,82.800000,0.000000,0,1,99438280,1315,19,1315,19,0,1,82
12,720,82.800000,0.000000,0,1,99438290,1315,19,1315,19,0,1,82
12,720,82.800000,0.000000,0,1,99438302,1315,19,1315,19,0,1,82
12,720,82.800000,0.000000,0,1,99438312,1315,19,1315,19,0,1,82
12,720,82.800000,0.000000,0,1,99438322,1315,19,1315,19,0,1,82
12,720,82.800000,0.000000,0,1,99438331,1315,19,1315,19,0,1,82
