12,720,82.800000,10000.000000,1,0,99429692,600,0,600,0,0,1,78
12,720,82.800000,10000.000000,1,0,99429692,600,0,600,0,0,1,78
12,720,82.800000,10000.000000,1,0,99429703,600,0,600,0,0,1,78
12,720,82.800000,10000.000000,1,0,99429713,600,0,600,0,0,1,78
12,720,82.800000,10000.000000,1,0,99429723,600,0,600,0,0,1,78
12,720,82.800000,10000.000000,1,0,99429733,600,0,600,0,0,1,78
12,720,82.800000,10000.000000,1,0,99429743,600,0,600,0,0,1,78
12,720,82.800000,10000.000000,1,0,99429753,601,0,601,0,0,1,78
12,720,82.800000,10000.000000,1,0,99429763,602,0,602,0,0,1,78
12,720,82.800000,10000.000000,1,0,99429774,603,0,603,0,0,1,78
12,720,82.800000,10000.000000,1,0,99429784,604,0,604,0,0,1,78
12,720,82.800000,10000.000000,1,0,99429795,607,0,607,0,0,1,78
12,720,82.800000,10000.000000,1,0,99429807,611,0,611,0,0,1,78
12,720,82.800000,10000.000000,1,0,99429819,618,0,618,0,0,1,78
12,720,82.800000,10000.000000,1,0,99429830,624,0,624,0,0,1,78
12,720,82.800000,10000.000000,1,0,99429841,633,0,633,0,0,1,78
12,720,82.800000,10000.000000,1,0,99429851,646,0,646,0,0,1,78
12,720,82.800000,10000.000000,1,0,99429863,658,0,658,-1,0,1,78
12,720,82.800000,10000.000000,1,0,99429874,670,0,670,-1,0,1,78
12,720,82.800000,10000.000000,1,0,99429886,683,0,683,-2,0,1,78
12,720,82.800000,10000.000000,1,0,99429897,696,0,696,-2,0,1,78
12,720,82.800000,10000.000000,1,0,99429907,711,0,711,-2,0,1,78
12,720,82.800000,10000.000000,1,0,99429918,731,0,731,-2,0,1,78
12,720,82.800000,10000.000000,1,0,99429936,756,0,756,-2,0,1,78
12,720,82.800000,10000.000000,1,0,99429948,816,1,816,-1,0,1,78
12,720,82.800000,10000.000000,1,0,99429959,859,1,859,-1,0,1,78
12,720,82.800000,10000.000000,1,0,99429969,898,1,898,-1,0,1,78
12,720,82.800000,10000.000000,1,0,99429980,942,1,942,-1,0,1,78
12,720,82.800000,10000.000000,1,0,99429991,981,2,981,0,0,1,78
12,720,82.800000,10000.000000,1,0,99430002,1019,2,1019,0,0,1,78
12,720,82.800000,10000.000000,1,0,99430013,1055,2,1055,0,0,1,78
12,720,82.800000,10000.000000,1,0,99430024,1085,3,1085,1,0,1,78
12,720,82.800000,10000.000000,1,0,99430034,1115,3,1115,1,0,1,78
12,720,82.800000,10000.000000,1,0,99430044,1137,3,1137,1,0,1,78
12,720,82.800000,10000.000000,1,0,99430055,1153,3,1153,1,0,1,78
12,720,82.800000,10000.000000,1,0,99430066,1166,3,1166,1,0,1,78
12,720,82.800000,10000.000000,1,0,99430076,1174,3,1174,1,0,1,78
12,720,82.800000,10000.000000,1,0,99430087,1182,3,1182,1,0,1,78
12,720,82.800000,10000.000000,1,0,99430097,1188,3,1188,1,0,1,78
12,720,82.800000,10000.000000,1,0,99430107,1193,3,1193,1,0,1,78
12,720,82.800000,10000.000000,1,0,99430118,1198,3,1198,1,0,1,78
12,720,82.800000,10000.000000,1,0,99430129,1203,3,1203,1,0,1,78
12,720,82.800000,10000.000000,1,0,99430139,1207,3,1207,1,0,1,78
12,720,82.800000,10000.000000,1,0,99430150,1211,3,1211,1,0,1,78
12,720,82.800000,10000.000000,1,0,99430161,1215,3,1215,1,0,1,78
12,720,82.800000,10000.000000,1,0,99430172,1220,3,1220,1,0,1,78
12,720,82.800000,10000.000000,1,0,99430183,1223,3,1223,1,0,1,78
12,720,82.800000,10000.000000,1,0,99430194,1225,3,1225,1,0,1,78
12,720,82.800000,10000.000000,1,0,99430205,1228,3,1228,1,0,1,78
12,720,82.800000,10000.000000,1,0,99430216,1233,3,1233,1,0,1,78
12,720,82.800000,10000.000000,1,0,99430226,1238,3,1238,1,0,1,78
12,720,82.800000,10000.000000,1,0,99430237,1243,2,1243,0,0,1,78
12,720,82.800000,10000.000000,1,0,99430248,1248,2,1248,0,0,1,78
12,720,82.800000,10000.000000,1,0,99430259,1253,1,1253,-1,0,1,78
12,720,82.800000,10000.000000,1,0,99430270,1255,1,1255,-1,0,1,78
12,720,82.800000,10000.000000,1,0,99430280,1258,1,1258,-1,0,1,78
12,720,82.800000,10000.000000,1,0,99430299,1260,1,1260,-1,0,1,78
12,720,82.800000,10000.000000,1,0,99430310,1265,1,1265,-1,0,1,78
12,720,82.800000,10000.000000,1,0,99430320,1270,1,1270,-1,0,1,78
12,720,82.800000,10000.000000,1,0,99430331,1277,1,1277,-1,0,1,78
12,720,82.800000,10000.000000,1,0,99430341,1286,1,1286,-1,0,1,78
12,720,82.800000,10000.000000,1,0,99430352,1296,1,1296,-1,0,1,78
12,720,82.800000,10000.000000,1,0,99430363,1304,1,1304,-1,0,1,78
12,720,82.800000,10000.000000,1,0,99430375,1310,1,1310,-1,0,1,78
12,720,82.800000,10000.000000,1,0,99430385,1315,1,1315,-1,0,1,78
12,720,82.800000,10000.000000,1,0,99430395,1317,1,1317,-1,0,1,78
12,720,82.800000,10000.000000,1,0,99430405,1317,1,1317,-1,0,1,78
12,720,82.800000,10000.000000,1,0,99430417,1317,1,1317,-1,0,1,78
12,720,82.800000,10000.000000,1,0,99430426,1317,1,1317,-1,0,1,78
12,720,82.800000,10000.000000,1,0,99430438,1317,1,1317,-1,0,1,78
12,720,82.800000,10000.000000,1,0,99430448,1317,1,1317,-1,0,1,78
12,720,82.800000,10000.000000,1,0,99430457,1317,1,1317,-1,0,1,78
12,720,82.800000,10000.000000,1,0,99430468,1317,1,1317,-1,0,1,78
