12,720,82.800000,42.984000,0,0,99379977,600,0,600,0,0,1,52
12,720,82.800000,42.984000,0,0,99379978,600,0,600,0,0,1,52
12,720,82.800000,42.984000,0,0,99379988,600,0,600,0,0,1,52
12,720,82.800000,42.984000,0,0,99379998,600,0,600,0,0,1,52
12,720,82.800000,42.984000,0,0,99380009,600,0,600,0,0,1,52
12,720,82.800000,42.984000,0,0,99380020,600,0,600,0,0,1,52
12,720,82.800000,42.984000,0,0,99380030,600,0,600,0,0,1,52
12,720,82.800000,42.984000,0,0,99380040,600,0,600,0,0,1,52
12,720,82.800000,42.984000,0,0,99380050,600,0,600,0,0,1,52
12,720,82.800000,42.984000,0,0,99380060,604,0,604,0,0,1,52
12,720,82.800000,42.984000,0,0,99380070,612,0,612,0,0,1,52
12,720,82.800000,42.984000,0,0,99380082,624,0,624,0,0,1,52
12,720,82.800000,42.984000,0,0,99380092,641,0,641,-1,0,1,52
12,720,82.800000,42.984000,0,0,99380102,656,0,656,-1,0,1,52
12,720,82.800000,42.984000,0,0,99380113,677,0,677,-1,0,1,52
12,720,82.800000,42.984000,0,0,99380124,696,0,696,-1,0,1,52
12,720,82.800000,42.984000,0,0,99380134,716,0,716,-1,0,1,52
12,720,82.800000,42.984000,0,0,99380144,742,0,742,-1,0,1,52
12,720,82.800000,42.984000,0,0,99380155,762,0,762,-1,0,1,52
12,720,82.800000,42.984000,0,0,99380165,786,0,786,-1,0,1,52
12,720,82.800000,42.984000,0,0,99380175,819,0,819,-1,0,1,52
12,720,82.800000,42.984000,0,0,99380186,851,0,851,-1,0,1,52
12,720,82.800000,42.984000,0,0,99380196,884,0,884,-1,0,1,52
12,720,82.800000,42.984000,0,0,99380208,914,0,914,-1,0,1,52
12,720,82.800000,42.984000,0,0,99380219,950,0,950,-1,0,1,52
12,720,82.800000,42.984000,0,0,99380230,979,0,979,-1,0,1,52
12,720,82.800000,42.984000,0,0,99380241,1010,0,1010,-1,0,1,52
12,720,82.800000,42.984000,0,0,99380251,1039,0,1039,-1,0,1,52
12,720,82.800000,42.984000,0,0,99380262,1062,0,1062,-1,0,1,52
12,720,82.800000,42.984000,0,0,99380272,1088,0,1088,-1,0,1,52
12,720,82.800000,42.984000,0,0,99380283,1108,0,1108,-1,0,1,52
12,720,82.800000,42.984000,0,0,99380294,1127,0,1127,-1,0,1,52
12,720,82.800000,42.984000,0,0,99380305,1144,0,1144,-1,0,1,52
12,720,82.800000,42.984000,0,0,99380315,1159,0,1159,-3,0,1,52
12,720,82.800000,42.984000,0,0,99380326,1175,0,1175,-5,0,1,52
12,720,82.800000,42.984000,0,0,99380336,1186,0,1186,-6,0,1,52
12,720,82.800000,42.984000,0,0,99380347,1194,0,1194,-7,0,1,52
12,720,82.800000,42.984000,0,0,99380357,1200,0,1200,-8,0,1,52
12,720,82.800000,42.984000,0,0,99380367,1205,0,1205,-8,0,1,52
12,720,82.800000,42.984000,0,0,99380377,1208,0,1208,-8,0,1,52
12,720,82.800000,42.984000,0,0,99380388,1211,0,1211,-8,0,1,52
12,720,82.800000,42.984000,0,0,99380397,1213,0,1213,-8,0,1,52
12,720,82.800000,42.984000,0,0,99380407,1215,0,1215,-8,0,1,52
12,720,82.800000,42.984000,0,0,99380417,1216,0,1216,-8,0,1,52
12,720,82.800000,42.984000,0,0,99380428,1217,0,1217,-8,0,1,52
12,720,82.800000,42.984000,0,0,99380438,1219,0,1219,-8,0,1,52
12,720,82.800000,42.984000,0,0,99380449,1220,0,1220,-8,0,1,52
12,720,82.800000,42.984000,0,0,99380459,1221,0,1221,-8,0,1,52
12,720,82.800000,42.984000,0,0,99380469,1223,0,1223,-8,0,1,52
12,720,82.800000,42.984000,0,0,99380479,1225,0,1225,-8,0,1,52
12,720,82.800000,42.984000,0,0,99380489,1228,0,1228,-8,0,1,52
12,720,82.800000,42.984000,0,0,99380499,1232,0,1232,-8,0,1,52
12,720,82.800000,42.984000,0,0,99380510,1237,0,1237,-8,0,1,52
12,720,82.800000,42.984000,0,0,99380520,1242,0,1242,-8,0,1,52
12,720,82.800000,42.984000,0,0,99380532,1248,0,1248,-8,0,1,52
12,720,82.800000,42.984000,0,0,99380542,1256,0,1256,-8,0,1,52
12,720,82.800000,42.984000,0,0,99380553,1263,1,1263,-7,0,1,52
12,720,82.800000,42.984000,0,0,99380564,1271,1,1271,-7,0,1,52
12,720,82.800000,42.984000,0,0,99380576,1278,1,1278,-7,0,1,52
12,720,82.800000,42.984000,0,0,99380586,1282,1,1282,-7,0,1,52
12,720,82.800000,42.984000,0,0,99380597,1283,1,1283,-7,0,1,52
12,720,82.800000,42.984000,0,0,99380607,1284,1,1284,-7,0,1,52
12,720,82.800000,42.984000,0,0,99380617,1284,1,1284,-7,0,1,52
12,720,82.800000,42.984000,0,0,99380628,1284,1,1284,-7,0,1,52
12,720,82.800000,42.984000,0,0,99380639,1284,1,1284,-7,0,1,52
12,720,82.800000,42.984000,0,0,99380649,1284,1,1284,-7,0,1,52
12,720,82.800000,42.984000,0,0,99380658,1284,1,1284,-7,0,1,52
12,720,82.800000,42.984000,0,0,99380668,1284,1,1284,-7,0,1,52
12,720,82.800000,42.984000,0,0,99380679,1284,1,1284,-7,0,1,52
12,720,82.800000,42.984000,0,0,99380689,1284,1,1284,-7,0,1,52
12,720,82.800000,42.984000,0,0,99380700,1284,1,1284,-7,0,1,52
12,720,82.800000,42.984000,0,0,99380710,1284,1,1284,-7,0,1,52
