12,720,21.600000,42.984000,0,0,99356481,600,0,600,0,0,1,41
12,720,21.600000,42.984000,0,0,99356482,600,0,600,0,0,1,41
12,720,21.600000,42.984000,0,0,99356492,600,0,600,0,0,1,41
12,720,21.600000,42.984000,0,0,99356502,600,0,600,0,0,1,41
12,720,21.600000,42.984000,0,0,99356513,601,0,601,0,0,1,41
12,720,21.600000,42.984000,0,0,99356523,605,0,605,0,0,1,41
12,720,21.600000,42.984000,0,0,99356535,612,0,612,-2,0,1,41
12,720,21.600000,42.984000,0,0,99356547,623,0,623,-3,0,1,41
12,720,21.600000,42.984000,0,0,99356557,641,0,641,-5,0,1,41
12,720,21.600000,42.984000,0,0,99356568,661,0,661,-6,0,1,41
12,720,21.600000,42.984000,0,0,99356579,678,0,678,-6,0,1,41
12,720,21.600000,42.984000,0,0,99356589,697,0,697,-6,0,1,41
12,720,21.600000,42.984000,0,0,99356600,715,0,715,-6,0,1,41
12,720,21.600000,42.984000,0,0,99356610,734,0,734,-6,0,1,41
12,720,21.600000,42.984000,0,0,99356620,750,0,750,-6,0,1,41
12,720,21.600000,42.984000,0,0,99356631,768,0,768,-6,0,1,41
12,720,21.600000,42.984000,0,0,99356641,781,0,781,-8,0,1,41
12,720,21.600000,42.984000,0,0,99356652,791,0,791,-9,0,1,41
12,720,21.600000,42.984000,0,0,99356662,802,0,802,-10,0,1,41
12,720,21.600000,42.984000,0,0,99356673,811,0,811,-10,0,1,41
12,720,21.600000,42.984000,0,0,99356684,819,0,819,-10,0,1,41
12,720,21.600000,42.984000,0,0,99356694,826,0,826,-11,0,1,41
12,720,21.600000,42.984000,0,0,99356705,836,0,836,-12,0,1,41
12,720,21.600000,42.984000,0,0,99356725,847,0,847,-14,0,1,41
12,720,21.600000,42.984000,0,0,99356735,883,0,883,-16,0,1,41
12,720,21.600000,42.984000,0,0,99356746,911,0,911,-17,0,1,41
12,720,21.600000,42.984000,0,0,99356757,942,0,942,-18,0,1,41
12,720,21.600000,42.984000,0,0,99356767,981,0,981,-20,0,1,41
12,720,21.600000,42.984000,0,0,99356778,1025,0,1025,-20,0,1,41
12,720,21.600000,42.984000,0,0,99356788,1060,0,1060,-22,0,1,41
12,720,21.600000,42.984000,0,0,99356799,1094,0,1094,-24,0,1,41
12,720,21.600000,42.984000,0,0,99356809,1125,0,1125,-26,0,1,41
12,720,21.600000,42.984000,0,0,99356820,1153,0,1153,-27,0,1,41
12,720,21.600000,42.984000,0,0,99356830,1170,0,1170,-28,0,1,41
12,720,21.600000,42.984000,0,0,99356841,1186,0,1186,-30,0,1,41
12,720,21.600000,42.984000,0,0,99356851,1199,0,1199,-31,0,1,41
12,720,21.600000,42.984000,0,0,99356862,1206,0,1206,-33,0,1,41
12,720,21.600000,42.984000,0,0,99356872,1212,0,1212,-34,0,1,41
12,720,21.600000,42.984000,0,0,99356882,1216,0,1216,-34,0,1,41
12,720,21.600000,42.984000,0,0,99356893,1220,0,1220,-35,0,1,41
12,720,21.600000,42.984000,0,0,99356904,1226,0,1226,-36,0,1,41
12,720,21.600000,42.984000,0,0,99356916,1233,0,1233,-37,0,1,41
12,720,21.600000,42.984000,0,0,99356927,1244,0,1244,-37,0,1,41
12,720,21.600000,42.984000,0,0,99356938,1256,0,1256,-38,0,1,41
12,720,21.600000,42.984000,0,0,99356949,1270,0,1270,-38,0,1,41
12,720,21.600000,42.984000,0,0,99356960,1284,0,1284,-38,0,1,41
12,720,21.600000,42.984000,0,0,99356972,1296,0,1296,-38,0,1,41
12,720,21.600000,42.984000,0,0,99356983,1303,0,1303,-38,0,1,41
12,720,21.600000,42.984000,0,0,99356993,1305,0,1305,-38,0,1,41
12,720,21.600000,42.984000,0,0,99357002,1305,0,1305,-38,0,1,41
12,720,21.600000,42.984000,0,0,99357013,1305,0,1305,-38,0,1,41
12,720,21.600000,42.984000,0,0,99357023,1305,0,1305,-38,0,1,41
12,720,21.600000,42.984000,0,0,99357034,1305,0,1305,-38,0,1,41
12,720,21.600000,42.984000,0,0,99357044,1305,0,1305,-38,0,1,41
12,720,21.600000,42.984000,0,0,99357054,1305,0,1305,-38,0,1,41
12,720,21.600000,42.984000,0,0,99357064,1305,0,1305,-38,0,1,41
12,720,21.600000,42.984000,0,0,99357075,1305,0,1305,-38,0,1,41
12,720,21.600000,42.984000,0,0,99357085,1305,0,1305,-38,0,1,41
12,720,21.600000,42.984000,0,0,99357095,1305,0,1305,-38,0,1,41
12,720,21.600000,42.984000,0,0,99357105,1305,0,1305,-38,0,1,41
12,720,21.600000,42.984000,0,0,99357115,1305,0,1305,-38,0,1,41
12,720,21.600000,42.984000,0,0,99357125,1305,0,1305,-38,0,1,41
12,720,21.600000,42.984000,0,0,99357135,1304,1,1304,-37,0,1,41
12,720,21.600000,42.984000,0,0,99357145,1303,2,1303,-36,0,1,41
12,720,21.600000,42.984000,0,0,99357156,1303,3,1303,-35,0,1,41
12,720,21.600000,42.984000,0,0,99357166,1303,3,1303,-35,0,1,41
12,720,21.600000,42.984000,0,0,99357176,1303,4,1303,-34,0,1,41
12,720,21.600000,42.984000,0,0,99357186,1303,5,1303,-33,0,1,41
12,720,21.600000,42.984000,0,0,99357197,1303,6,1303,-32,0,1,41
12,720,21.600000,42.984000,0,0,99357216,1303,6,1303,-32,0,1,41
12,720,21.600000,42.984000,0,0,99357225,1303,6,1303,-32,0,1,41
12,720,21.600000,42.984000,0,0,99357235,1303,6,1303,-32,0,1,41
12,720,21.600000,42.984000,0,0,99357244,1303,6,1303,-32,0,1,41
12,720,21.600000,42.984000,0,0,99357254,1303,6,1303,-32,0,1,41
12,720,21.600000,42.984000,0,0,99357264,1303,7,1303,-31,0,1,41
12,720,21.600000,42.984000,0,0,99357275,1305,7,1305,-31,0,1,41
12,720,21.600000,42.984000,0,0,99357285,1308,8,1308,-30,0,1,41
12,720,21.600000,42.984000,0,0,99357295,1312,9,1312,-29,0,1,41
12,720,21.600000,42.984000,0,0,99357305,1316,9,1316,-29,0,1,41
12,720,21.600000,42.984000,0,0,99357315,1319,10,1319,-28,0,1,41
12,720,21.600000,42.984000,0,0,99357326,1319,10,1319,-28,0,1,41
12,720,21.600000,42.984000,0,0,99357335,1319,10,1319,-28,0,1,41
12,720,21.600000,42.984000,0,0,99357345,1319,10,1319,-28,0,1,41
12,720,21.600000,42.984000,0,0,99357355,1319,10,1319,-28,0,1,41
12,720,21.600000,42.984000,0,0,99357365,1319,10,1319,-28,0,1,41
12,720,21.600000,42.984000,0,0,99357376,1318,10,1318,-28,0,1,41
12,720,21.600000,42.984000,0,0,99357386,1317,10,1317,-28,0,1,41
12,720,21.600000,42.984000,0,0,99357394,1316,10,1316,-28,0,1,41
12,720,21.600000,42.984000,0,0,99357404,1316,10,1316,-28,0,1,41
12,720,21.600000,42.984000,0,0,99357414,1315,10,1315,-28,0,1,41
12,720,21.600000,42.984000,0,0,99357423,1314,10,1314,-28,0,1,41
12,720,21.600000,42.984000,0,0,99357433,1314,10,1314,-28,0,1,41
12,720,21.600000,42.984000,0,0,99357442,1314,10,1314,-28,0,1,41
12,720,21.600000,42.984000,0,0,99357452,1313,10,1313,-28,0,1,41
12,720,21.600000,42.984000,0,0,99357461,1313,10,1313,-28,0,1,41
