12,720,50.400000,10000.000000,0,0,99670422,600,0,600,0,0,2,79
12,720,50.400000,10000.000000,0,0,99670423,600,0,600,0,0,2,79
12,720,50.400000,10000.000000,0,0,99670433,600,0,600,0,0,2,79
12,720,50.400000,10000.000000,0,0,99670444,600,0,600,0,0,2,79
12,720,50.400000,10000.000000,0,0,99670454,600,0,600,0,0,2,79
12,720,50.400000,10000.000000,0,0,99670464,600,0,600,0,0,2,79
12,720,50.400000,10000.000000,0,0,99670475,600,0,600,0,0,2,79
12,720,50.400000,10000.000000,0,0,99670485,600,0,600,0,0,2,79
12,720,50.400000,10000.000000,0,0,99670496,600,0,600,0,0,2,79
12,720,50.400000,10000.000000,0,0,99670506,602,0,602,0,0,2,79
12,720,50.400000,10000.000000,0,0,99670520,608,0,608,0,0,2,79
12,720,50.400000,10000.000000,0,0,99670531,623,1,623,1,0,2,79
12,720,50.400000,10000.000000,0,0,99670542,644,3,644,3,0,2,79
12,720,50.400000,10000.000000,0,0,99670553,668,5,668,5,0,2,79
12,720,50.400000,10000.000000,0,0,99670563,737,9,737,9,0,2,79
12,720,50.400000,10000.000000,0,0,99670574,785,11,785,11,0,2,79
12,720,50.400000,10000.000000,0,0,99670585,832,13,832,13,0,2,79
12,720,50.400000,10000.000000,0,0,99670596,887,16,887,16,0,2,79
12,720,50.400000,10000.000000,0,0,99670606,941,18,941,18,0,2,79
12,720,50.400000,10000.000000,0,0,99670618,990,20,990,20,0,2,79
12,720,50.400000,10000.000000,0,0,99670631,1050,23,1050,23,0,2,79
12,720,50.400000,10000.000000,0,0,99670642,1099,27,1099,27,0,2,79
12,720,50.400000,10000.000000,0,0,99670653,1136,30,1136,30,0,2,79
12,720,50.400000,10000.000000,0,0,99670664,1164,32,1164,32,0,2,79
12,720,50.400000,10000.000000,0,0,99670675,1189,34,1189,34,0,2,79
12,720,50.400000,10000.000000,0,0,99670687,1212,37,1212,37,0,2,79
12,720,50.400000,10000.000000,0,0,99670698,1229,39,1229,39,0,2,79
12,720,50.400000,10000.000000,0,0,99670709,1237,40,1237,40,0,2,79
12,720,50.400000,10000.000000,0,0,99670719,1241,40,1241,40,0,2,79
12,720,50.400000,10000.000000,0,0,99670730,1243,40,1243,40,0,2,79
12,720,50.400000,10000.000000,0,0,99670740,1243,40,1243,40,0,2,79
12,720,50.400000,10000.000000,0,0,99670751,1244,40,1244,40,0,2,79
12,720,50.400000,10000.000000,0,0,99670762,1244,40,1244,40,0,2,79
12,720,50.400000,10000.000000,0,0,99670773,1244,40,1244,40,0,2,79
12,720,50.400000,10000.000000,0,0,99670784,1244,40,1244,40,0,2,79
12,720,50.400000,10000.000000,0,0,99670795,1247,40,1247,40,0,2,79
12,720,50.400000,10000.000000,0,0,99670807,1255,40,1255,40,0,2,79
12,720,50.400000,10000.000000,0,0,99670817,1263,40,1263,40,0,2,79
12,720,50.400000,10000.000000,0,0,99670827,1270,40,1270,40,0,2,79
12,720,50.400000,10000.000000,0,0,99670838,1274,40,1274,40,0,2,79
12,720,50.400000,10000.000000,0,0,99670848,1276,40,1276,40,0,2,79
12,720,50.400000,10000.000000,0,0,99670858,1276,40,1276,40,0,2,79
12,720,50.400000,10000.000000,0,0,99670869,1276,40,1276,40,0,2,79
12,720,50.400000,10000.000000,0,0,99670883,1276,40,1276,40,0,2,79
12,720,50.400000,10000.000000,0,0,99670893,1276,40,1276,40,0,2,79
12,720,50.400000,10000.000000,0,0,99670904,1276,39,1276,39,0,2,79
12,720,50.400000,10000.000000,0,0,99670925,1276,38,1276,38,0,2,79
12,720,50.400000,10000.000000,0,0,99670937,1279,35,1279,35,0,2,79
12,720,50.400000,10000.000000,0,0,99670947,1281,32,1281,32,0,2,79
12,720,50.400000,10000.000000,0,0,99670958,1283,30,1283,30,0,2,79
12,720,50.400000,10000.000000,0,0,99670968,1284,28,1284,28,0,2,79
12,720,50.400000,10000.000000,0,0,99670979,1285,25,1285,25,0,2,79
12,720,50.400000,10000.000000,0,0,99670990,1285,23,1285,23,0,2,79
12,720,50.400000,10000.000000,0,0,99671001,1286,20,1286,20,0,2,79
12,720,50.400000,10000.000000,0,0,99671012,1287,18,1287,18,0,2,79
12,720,50.400000,10000.000000,0,0,99671023,1288,17,1288,17,0,2,79
12,720,50.400000,10000.000000,0,0,99671033,1288,16,1288,16,0,2,79
12,720,50.400000,10000.000000,0,0,99671044,1288,15,1288,15,0,2,79
12,720,50.400000,10000.000000,0,0,99671054,1288,15,1288,15,0,2,79
12,720,50.400000,10000.000000,0,0,99671064,1288,14,1288,14,0,2,79
12,720,50.400000,10000.000000,0,0,99671075,1289,13,1289,13,0,2,79
12,720,50.400000,10000.000000,0,0,99671085,1290,12,1290,12,0,2,79
12,720,50.400000,10000.000000,0,0,99671095,1292,11,1292,11,0,2,79
12,720,50.400000,10000.000000,0,0,99671105,1294,10,1294,10,0,2,79
12,720,50.400000,10000.000000,0,0,99671116,1296,9,1296,9,0,2,79
12,720,50.400000,10000.000000,0,0,99671126,1298,7,1298,7,0,2,79
12,720,50.400000,10000.000000,0,0,99671136,1298,7,1298,7,0,2,79
12,720,50.400000,10000.000000,0,0,99671146,1299,6,1299,6,0,2,79
12,720,50.400000,10000.000000,0,0,99671156,1299,6,1299,6,0,2,79
12,720,50.400000,10000.000000,0,0,99671176,1299,6,1299,6,0,2,79
12,720,50.400000,10000.000000,0,0,99671187,1299,6,1299,6,0,2,79
12,720,50.400000,10000.000000,0,0,99671197,1299,5,1299,5,0,2,79
