12,720,50.400000,10000.000000,1,0,99610009,600,0,600,0,0,2,49
12,720,50.400000,10000.000000,1,0,99610010,600,0,600,0,0,2,49
12,720,50.400000,10000.000000,1,0,99610022,601,0,601,-1,0,2,49
12,720,50.400000,10000.000000,1,0,99610032,603,0,603,-2,0,2,49
12,720,50.400000,10000.000000,1,0,99610042,606,0,606,-4,0,2,49
12,720,50.400000,10000.000000,1,0,99610054,610,0,610,-5,0,2,49
12,720,50.400000,10000.000000,1,0,99610066,618,0,618,-6,0,2,49
12,720,50.400000,10000.000000,1,0,99610084,629,0,629,-8,0,2,49
12,720,50.400000,10000.000000,1,0,99610095,655,0,655,-12,0,2,49
12,720,50.400000,10000.000000,1,0,99610115,677,0,677,-16,0,2,49
12,720,50.400000,10000.000000,1,0,99610126,719,0,719,-21,0,2,49
12,720,50.400000,10000.000000,1,0,99610137,741,0,741,-21,0,2,49
12,720,50.400000,10000.000000,1,0,99610149,767,0,767,-22,0,2,49
12,720,50.400000,10000.000000,1,0,99610159,793,0,793,-22,0,2,49
12,720,50.400000,10000.000000,1,0,99610170,820,1,820,-21,0,2,49
12,720,50.400000,10000.000000,1,0,99610182,843,2,843,-20,0,2,49
12,720,50.400000,10000.000000,1,0,99610192,868,4,868,-18,0,2,49
12,720,50.400000,10000.000000,1,0,99610202,888,6,888,-16,0,2,49
12,720,50.400000,10000.000000,1,0,99610213,911,8,911,-14,0,2,49
12,720,50.400000,10000.000000,1,0,99610223,931,10,931,-12,0,2,49
12,720,50.400000,10000.000000,1,0,99610234,955,12,955,-10,0,2,49
12,720,50.400000,10000.000000,1,0,99610245,975,13,975,-9,0,2,49
12,720,50.400000,10000.000000,1,0,99610255,997,15,997,-7,0,2,49
12,720,50.400000,10000.000000,1,0,99610266,1018,16,1018,-6,0,2,49
12,720,50.400000,10000.000000,1,0,99610285,1039,17,1039,-5,0,2,49
12,720,50.400000,10000.000000,1,0,99610296,1090,20,1090,-2,0,2,49
12,720,50.400000,10000.000000,1,0,99610307,1117,22,1117,0,0,2,49
12,720,50.400000,10000.000000,1,0,99610318,1144,22,1144,0,0,2,49
12,720,50.400000,10000.000000,1,0,99610330,1166,23,1166,1,0,2,49
12,720,50.400000,10000.000000,1,0,99610351,1185,24,1185,2,0,2,49
12,720,50.400000,10000.000000,1,0,99610362,1212,24,1212,2,0,2,49
12,720,50.400000,10000.000000,1,0,99610374,1221,24,1221,2,0,2,49
12,720,50.400000,10000.000000,1,0,99610386,1228,24,1228,2,0,2,49
12,720,50.400000,10000.000000,1,0,99610398,1236,24,1236,2,0,2,49
12,720,50.400000,10000.000000,1,0,99610410,1243,24,1243,2,0,2,49
12,720,50.400000,10000.000000,1,0,99610421,1250,24,1250,2,0,2,49
12,720,50.400000,10000.000000,1,0,99610431,1256,23,1256,1,0,2,49
12,720,50.400000,10000.000000,1,0,99610442,1264,22,1264,0,0,2,49
12,720,50.400000,10000.000000,1,0,99610453,1272,21,1272,-1,0,2,49
12,720,50.400000,10000.000000,1,0,99610464,1280,20,1280,-2,0,2,49
12,720,50.400000,10000.000000,1,0,99610475,1289,19,1289,-3,0,2,49
12,720,50.400000,10000.000000,1,0,99610486,1296,18,1296,-4,0,2,49
12,720,50.400000,10000.000000,1,0,99610497,1303,18,1303,-4,0,2,49
12,720,50.400000,10000.000000,1,0,99610508,1309,17,1309,-5,0,2,49
12,720,50.400000,10000.000000,1,0,99610518,1314,17,1314,-5,0,2,49
12,720,50.400000,10000.000000,1,0,99610529,1317,17,1317,-5,0,2,49
12,720,50.400000,10000.000000,1,0,99610539,1319,17,1319,-5,0,2,49
12,720,50.400000,10000.000000,1,0,99610550,1321,17,1321,-5,0,2,49
12,720,50.400000,10000.000000,1,0,99610561,1322,17,1322,-5,0,2,49
12,720,50.400000,10000.000000,1,0,99610572,1322,17,1322,-5,0,2,49
12,720,50.400000,10000.000000,1,0,99610582,1322,16,1322,-6,0,2,49
12,720,50.400000,10000.000000,1,0,99610592,1323,16,1323,-6,0,2,49
12,720,50.400000,10000.000000,1,0,99610603,1324,16,1324,-6,0,2,49
12,720,50.400000,10000.000000,1,0,99610614,1327,16,1327,-6,0,2,49
12,720,50.400000,10000.000000,1,0,99610625,1330,16,1330,-6,0,2,49
12,720,50.400000,10000.000000,1,0,99610645,1334,16,1334,-6,0,2,49
12,720,50.400000,10000.000000,1,0,99610656,1343,16,1343,-6,0,2,49
12,720,50.400000,10000.000000,1,0,99610667,1344,15,1344,-7,0,2,49
12,720,50.400000,10000.000000,1,0,99610678,1344,15,1344,-7,0,2,49
12,720,50.400000,10000.000000,1,0,99610689,1344,14,1344,-8,0,2,49
12,720,50.400000,10000.000000,1,0,99610699,1344,14,1344,-8,0,2,49
12,720,50.400000,10000.000000,1,0,99610710,1344,13,1344,-9,0,2,49
12,720,50.400000,10000.000000,1,0,99610720,1343,13,1343,-9,0,2,49
12,720,50.400000,10000.000000,1,0,99610730,1343,13,1343,-9,0,2,49
12,720,50.400000,10000.000000,1,0,99610741,1343,12,1343,-10,0,2,49
12,720,50.400000,10000.000000,1,0,99610751,1342,12,1342,-10,0,2,49
12,720,50.400000,10000.000000,1,0,99610762,1341,12,1341,-10,0,2,49
12,720,50.400000,10000.000000,1,0,99610772,1341,12,1341,-10,0,2,49
12,720,50.400000,10000.000000,1,0,99610781,1341,12,1341,-10,0,2,49
