12,720,82.800000,10000.000000,0,1,99739776,600,22,600,22,0,2,119
12,720,82.800000,10000.000000,0,1,99739777,600,22,600,22,0,2,119
12,720,82.800000,10000.000000,0,1,99739788,600,22,600,22,0,2,119
12,720,82.800000,10000.000000,0,1,99739799,600,22,600,22,0,2,119
12,720,82.800000,10000.000000,0,1,99739809,600,22,600,22,0,2,119
12,720,82.800000,10000.000000,0,1,99739820,600,22,600,22,0,2,119
12,720,82.800000,10000.000000,0,1,99739831,600,22,600,22,0,2,119
12,720,82.800000,10000.000000,0,1,99739841,601,21,601,21,0,2,119
12,720,82.800000,10000.000000,0,1,99739852,605,20,605,20,0,2,119
12,720,82.800000,10000.000000,0,1,99739864,613,18,613,18,0,2,119
12,720,82.800000,10000.000000,0,1,99739883,625,17,625,17,0,2,119
12,720,82.800000,10000.000000,0,1,99739895,650,16,650,16,0,2,119
12,720,82.800000,10000.000000,0,1,99739905,668,16,668,16,0,2,119
12,720,82.800000,10000.000000,0,1,99739915,691,15,691,15,0,2,119
12,720,82.800000,10000.000000,0,1,99739925,721,13,721,13,0,2,119
12,720,82.800000,10000.000000,0,1,99739936,758,11,758,11,0,2,119
12,720,82.800000,10000.000000,0,1,99739947,797,9,797,9,0,2,119
12,720,82.800000,10000.000000,0,1,99739957,847,6,847,6,0,2,119
12,720,82.800000,10000.000000,0,1,99739978,883,3,883,3,0,2,119
12,720,82.800000,10000.000000,0,1,99739989,964,0,964,0,0,2,119
12,720,82.800000,10000.000000,0,1,99739999,998,0,998,-1,0,2,119
12,720,82.800000,10000.000000,0,1,99740010,1029,0,1029,-1,0,2,119
12,720,82.800000,10000.000000,0,1,99740021,1052,0,1052,-1,0,2,119
12,720,82.800000,10000.000000,0,1,99740032,1076,0,1076,-1,0,2,119
12,720,82.800000,10000.000000,0,1,99740044,1093,1,1093,0,0,2,119
12,720,82.800000,10000.000000,0,1,99740055,1117,1,1117,0,0,2,119
12,720,82.800000,10000.000000,0,1,99740067,1140,1,1140,0,0,2,119
12,720,82.800000,10000.000000,0,1,99740078,1162,1,1162,0,0,2,119
12,720,82.800000,10000.000000,0,1,99740088,1184,1,1184,0,0,2,119
12,720,82.800000,10000.000000,0,1,99740099,1204,1,1204,0,0,2,119
12,720,82.800000,10000.000000,0,1,99740110,1221,1,1221,0,0,2,119
12,720,82.800000,10000.000000,0,1,99740121,1233,1,1233,0,0,2,119
12,720,82.800000,10000.000000,0,1,99740132,1237,2,1237,1,0,2,119
12,720,82.800000,10000.000000,0,1,99740142,1238,2,1238,1,0,2,119
12,720,82.800000,10000.000000,0,1,99740152,1238,2,1238,1,0,2,119
12,720,82.800000,10000.000000,0,1,99740163,1238,2,1238,1,0,2,119
12,720,82.800000,10000.000000,0,1,99740174,1238,2,1238,1,0,2,119
12,720,82.800000,10000.000000,0,1,99740185,1240,2,1240,1,0,2,119
12,720,82.800000,10000.000000,0,1,99740197,1245,2,1245,1,0,2,119
12,720,82.800000,10000.000000,0,1,99740208,1255,2,1255,1,0,2,119
12,720,82.800000,10000.000000,0,1,99740228,1265,2,1265,1,0,2,119
12,720,82.800000,10000.000000,0,1,99740239,1286,2,1286,1,0,2,119
12,720,82.800000,10000.000000,0,1,99740250,1292,2,1292,1,0,2,119
12,720,82.800000,10000.000000,0,1,99740261,1295,2,1295,1,0,2,119
12,720,82.800000,10000.000000,0,1,99740271,1295,2,1295,1,0,2,119
12,720,82.800000,10000.000000,0,1,99740282,1295,2,1295,1,0,2,119
12,720,82.800000,10000.000000,0,1,99740292,1295,2,1295,1,0,2,119
12,720,82.800000,10000.000000,0,1,99740302,1295,2,1295,1,0,2,119
12,720,82.800000,10000.000000,0,1,99740312,1296,2,1296,1,0,2,119
12,720,82.800000,10000.000000,0,1,99740322,1296,2,1296,1,0,2,119
12,720,82.800000,10000.000000,0,1,99740332,1296,2,1296,1,0,2,119
