12,720,50.400000,42.984000,0,0,99681333,600,0,600,0,0,2,85
12,720,50.400000,42.984000,0,0,99681334,600,0,600,0,0,2,85
12,720,50.400000,42.984000,0,0,99681345,600,0,600,0,0,2,85
12,720,50.400000,42.984000,0,0,99681356,600,0,600,0,0,2,85
12,720,50.400000,42.984000,0,0,99681366,600,0,600,0,0,2,85
12,720,50.400000,42.984000,0,0,99681377,600,0,600,0,0,2,85
12,720,50.400000,42.984000,0,0,99681387,600,0,600,0,0,2,85
12,720,50.400000,42.984000,0,0,99681398,600,0,600,0,0,2,85
12,720,50.400000,42.984000,0,0,99681409,601,0,601,0,0,2,85
12,720,50.400000,42.984000,0,0,99681419,604,0,604,0,0,2,85
12,720,50.400000,42.984000,0,0,99681430,607,0,607,-1,0,2,85
12,720,50.400000,42.984000,0,0,99681441,612,0,612,-1,0,2,85
12,720,50.400000,42.984000,0,0,99681451,619,0,619,-2,0,2,85
12,720,50.400000,42.984000,0,0,99681471,628,0,628,-2,0,2,85
12,720,50.400000,42.984000,0,0,99681483,652,0,652,-2,0,2,85
12,720,50.400000,42.984000,0,0,99681502,676,0,676,-4,0,2,85
12,720,50.400000,42.984000,0,0,99681513,737,0,737,-7,0,2,85
12,720,50.400000,42.984000,0,0,99681525,781,0,781,-9,0,2,85
12,720,50.400000,42.984000,0,0,99681536,828,0,828,-10,0,2,85
12,720,50.400000,42.984000,0,0,99681546,878,0,878,-10,0,2,85
12,720,50.400000,42.984000,0,0,99681564,925,0,925,-10,0,2,85
12,720,50.400000,42.984000,0,0,99681575,998,0,998,-10,0,2,85
12,720,50.400000,42.984000,0,0,99681595,1038,3,1038,-7,0,2,85
12,720,50.400000,42.984000,0,0,99681607,1103,8,1103,-2,0,2,85
12,720,50.400000,42.984000,0,0,99681618,1137,11,1137,1,0,2,85
12,720,50.400000,42.984000,0,0,99681629,1173,14,1173,4,0,2,85
12,720,50.400000,42.984000,0,0,99681640,1203,15,1203,5,0,2,85
12,720,50.400000,42.984000,0,0,99681658,1225,16,1225,6,0,2,85
12,720,50.400000,42.984000,0,0,99681669,1245,17,1245,7,0,2,85
12,720,50.400000,42.984000,0,0,99681679,1248,17,1248,7,0,2,85
12,720,50.400000,42.984000,0,0,99681689,1249,17,1249,7,0,2,85
12,720,50.400000,42.984000,0,0,99681700,1249,17,1249,7,0,2,85
12,720,50.400000,42.984000,0,0,99681710,1249,17,1249,7,0,2,85
12,720,50.400000,42.984000,0,0,99681720,1250,17,1250,7,0,2,85
12,720,50.400000,42.984000,0,0,99681731,1252,15,1252,5,0,2,85
12,720,50.400000,42.984000,0,0,99681742,1255,15,1255,5,0,2,85
12,720,50.400000,42.984000,0,0,99681753,1259,14,1259,4,0,2,85
12,720,50.400000,42.984000,0,0,99681764,1264,13,1264,3,0,2,85
12,720,50.400000,42.984000,0,0,99681775,1269,12,1269,2,0,2,85
12,720,50.400000,42.984000,0,0,99681786,1275,10,1275,0,0,2,85
12,720,50.400000,42.984000,0,0,99681797,1279,9,1279,-1,0,2,85
12,720,50.400000,42.984000,0,0,99681807,1283,8,1283,-2,0,2,85
12,720,50.400000,42.984000,0,0,99681817,1287,7,1287,-3,0,2,85
12,720,50.400000,42.984000,0,0,99681828,1290,6,1290,-4,0,2,85
12,720,50.400000,42.984000,0,0,99681838,1292,6,1292,-4,0,2,85
12,720,50.400000,42.984000,0,0,99681848,1295,5,1295,-5,0,2,85
12,720,50.400000,42.984000,0,0,99681858,1297,5,1297,-5,0,2,85
12,720,50.400000,42.984000,0,0,99681869,1300,4,1300,-6,0,2,85
12,720,50.400000,42.984000,0,0,99681880,1302,3,1302,-7,0,2,85
12,720,50.400000,42.984000,0,0,99681891,1304,2,1304,-8,0,2,85
12,720,50.400000,42.984000,0,0,99681901,1305,1,1305,-9,0,2,85
12,720,50.400000,42.984000,0,0,99681912,1308,1,1308,-9,0,2,85
12,720,50.400000,42.984000,0,0,99681924,1312,0,1312,-10,0,2,85
12,720,50.400000,42.984000,0,0,99681941,1317,0,1317,-11,0,2,85
12,720,50.400000,42.984000,0,0,99681951,1322,0,1322,-12,0,2,85
12,720,50.400000,42.984000,0,0,99681962,1324,0,1324,-12,0,2,85
12,720,50.400000,42.984000,0,0,99681972,1324,0,1324,-12,0,2,85
12,720,50.400000,42.984000,0,0,99681983,1324,0,1324,-12,0,2,85
12,720,50.400000,42.984000,0,0,99681992,1324,0,1324,-13,0,2,85
12,720,50.400000,42.984000,0,0,99682003,1324,0,1324,-14,0,2,85
12,720,50.400000,42.984000,0,0,99682012,1324,0,1324,-14,0,2,85
