12,360,21.600000,22.608000,1,0,99704305,780,0,780,0,0,2,99
12,360,21.600000,22.608000,1,0,99704306,780,0,780,0,0,2,99
12,360,21.600000,22.608000,1,0,99704317,780,0,780,0,0,2,99
12,360,21.600000,22.608000,1,0,99704327,780,0,780,0,0,2,99
12,360,21.600000,22.608000,1,0,99704338,780,0,780,0,0,2,99
12,360,21.600000,22.608000,1,0,99704348,780,0,780,0,0,2,99
12,360,21.600000,22.608000,1,0,99704358,780,0,780,0,0,2,99
12,360,21.600000,22.608000,1,0,99704368,781,0,781,0,0,2,99
12,360,21.600000,22.608000,1,0,99704379,783,0,783,-1,0,2,99
12,360,21.600000,22.608000,1,0,99704391,787,0,787,-3,0,2,99
12,360,21.600000,22.608000,1,0,99704403,793,0,793,-4,0,2,99
12,360,21.600000,22.608000,1,0,99704414,800,0,800,-5,0,2,99
12,360,21.600000,22.608000,1,0,99704426,808,0,808,-6,0,2,99
12,360,21.600000,22.608000,1,0,99704437,817,0,817,-7,0,2,99
12,360,21.600000,22.608000,1,0,99704448,826,0,826,-8,0,2,99
12,360,21.600000,22.608000,1,0,99704459,835,0,835,-8,0,2,99
12,360,21.600000,22.608000,1,0,99704469,846,0,846,-8,0,2,99
12,360,21.600000,22.608000,1,0,99704479,861,0,861,-9,0,2,99
12,360,21.600000,22.608000,1,0,99704489,883,0,883,-11,0,2,99
12,360,21.600000,22.608000,1,0,99704508,905,0,905,-13,0,2,99
12,360,21.600000,22.608000,1,0,99704519,952,0,952,-15,0,2,99
12,360,21.600000,22.608000,1,0,99704529,968,0,968,-16,0,2,99
12,360,21.600000,22.608000,1,0,99704539,983,0,983,-16,0,2,99
12,360,21.600000,22.608000,1,0,99704550,1001,0,1001,-16,0,2,99
12,360,21.600000,22.608000,1,0,99704560,1016,0,1016,-16,0,2,99
12,360,21.600000,22.608000,1,0,99704570,1032,0,1032,-16,0,2,99
12,360,21.600000,22.608000,1,0,99704581,1051,0,1051,-16,0,2,99
12,360,21.600000,22.608000,1,0,99704591,1071,1,1071,-15,0,2,99
12,360,21.600000,22.608000,1,0,99704602,1089,3,1089,-13,0,2,99
12,360,21.600000,22.608000,1,0,99704612,1111,4,1111,-12,0,2,99
12,360,21.600000,22.608000,1,0,99704622,1125,5,1125,-11,0,2,99
12,360,21.600000,22.608000,1,0,99704633,1136,5,1136,-11,0,2,99
12,360,21.600000,22.608000,1,0,99704643,1143,5,1143,-11,0,2,99
12,360,21.600000,22.608000,1,0,99704654,1147,5,1147,-11,0,2,99
12,360,21.600000,22.608000,1,0,99704664,1150,5,1150,-11,0,2,99
12,360,21.600000,22.608000,1,0,99704676,1152,5,1152,-11,0,2,99
12,360,21.600000,22.608000,1,0,99704686,1153,5,1153,-11,0,2,99
12,360,21.600000,22.608000,1,0,99704697,1153,5,1153,-11,0,2,99
12,360,21.600000,22.608000,1,0,99704707,1153,5,1153,-11,0,2,99
12,360,21.600000,22.608000,1,0,99704717,1153,5,1153,-11,0,2,99
12,360,21.600000,22.608000,1,0,99704727,1153,5,1153,-11,0,2,99
12,360,21.600000,22.608000,1,0,99704738,1153,5,1153,-11,0,2,99
12,360,21.600000,22.608000,1,0,99704748,1153,5,1153,-11,0,2,99
12,360,21.600000,22.608000,1,0,99704759,1153,5,1153,-11,0,2,99
12,360,21.600000,22.608000,1,0,99704769,1153,5,1153,-11,0,2,99
12,360,21.600000,22.608000,1,0,99704779,1153,5,1153,-11,0,2,99
12,360,21.600000,22.608000,1,0,99704790,1153,5,1153,-11,0,2,99
12,360,21.600000,22.608000,1,0,99704800,1153,5,1153,-11,0,2,99
12,360,21.600000,22.608000,1,0,99704810,1153,5,1153,-11,0,2,99
12,360,21.600000,22.608000,1,0,99704820,1153,5,1153,-11,0,2,99
12,360,21.600000,22.608000,1,0,99704830,1153,5,1153,-11,0,2,99
12,360,21.600000,22.608000,1,0,99704840,1153,5,1153,-11,0,2,99
12,360,21.600000,22.608000,1,0,99704851,1153,5,1153,-11,0,2,99
12,360,21.600000,22.608000,1,0,99704861,1153,5,1153,-11,0,2,99
12,360,21.600000,22.608000,1,0,99704872,1153,5,1153,-11,0,2,99
12,360,21.600000,22.608000,1,0,99704882,1153,5,1153,-11,0,2,99
12,360,21.600000,22.608000,1,0,99704892,1153,5,1153,-11,0,2,99
12,360,21.600000,22.608000,1,0,99704902,1153,5,1153,-11,0,2,99
12,360,21.600000,22.608000,1,0,99704921,1153,5,1153,-11,0,2,99
12,360,21.600000,22.608000,1,0,99704932,1152,6,1152,-10,0,2,99
12,360,21.600000,22.608000,1,0,99704942,1151,6,1151,-10,0,2,99
12,360,21.600000,22.608000,1,0,99704953,1149,7,1149,-9,0,2,99
12,360,21.600000,22.608000,1,0,99704963,1148,7,1148,-9,0,2,99
12,360,21.600000,22.608000,1,0,99704974,1147,7,1147,-9,0,2,99
12,360,21.600000,22.608000,1,0,99704984,1147,8,1147,-8,0,2,99
12,360,21.600000,22.608000,1,0,99704994,1146,8,1146,-8,0,2,99
12,360,21.600000,22.608000,1,0,99705005,1145,8,1145,-8,0,2,99
12,360,21.600000,22.608000,1,0,99705015,1145,8,1145,-8,0,2,99
12,360,21.600000,22.608000,1,0,99705025,1145,8,1145,-8,0,2,99
12,360,21.600000,22.608000,1,0,99705035,1145,8,1145,-8,0,2,99
12,360,21.600000,22.608000,1,0,99705045,1145,8,1145,-8,0,2,99
12,360,21.600000,22.608000,1,0,99705055,1145,8,1145,-8,0,2,99
12,360,21.600000,22.608000,1,0,99705065,1145,8,1145,-8,0,2,99
12,360,21.600000,22.608000,1,0,99705075,1145,8,1145,-8,0,2,99
12,360,21.600000,22.608000,1,0,99705086,1144,8,1144,-8,0,2,99
12,360,21.600000,22.608000,1,0,99705097,1144,8,1144,-8,0,2,99
12,360,21.600000,22.608000,1,0,99705107,1143,9,1143,-7,0,2,99
12,360,21.600000,22.608000,1,0,99705117,1143,10,1143,-6,0,2,99
12,360,21.600000,22.608000,1,0,99705127,1143,10,1143,-6,0,2,99
12,360,21.600000,22.608000,1,0,99705137,1143,10,1143,-6,0,2,99
12,360,21.600000,22.608000,1,0,99705147,1143,10,1143,-6,0,2,99
12,360,21.600000,22.608000,1,0,99705157,1143,10,1143,-6,0,2,99
