12,360,50.400000,12.276000,0,0,99694086,780,0,780,0,0,2,93
12,360,50.400000,12.276000,0,0,99694087,780,0,780,0,0,2,93
12,360,50.400000,12.276000,0,0,99694097,780,0,780,0,0,2,93
12,360,50.400000,12.276000,0,0,99694108,780,0,780,0,0,2,93
12,360,50.400000,12.276000,0,0,99694118,780,0,780,0,0,2,93
12,360,50.400000,12.276000,0,0,99694128,780,0,780,0,0,2,93
12,360,50.400000,12.276000,0,0,99694138,780,0,780,0,0,2,93
12,360,50.400000,12.276000,0,0,99694149,782,0,782,0,0,2,93
12,360,50.400000,12.276000,0,0,99694161,784,0,784,-1,0,2,93
12,360,50.400000,12.276000,0,0,99694173,788,0,788,-2,0,2,93
12,360,50.400000,12.276000,0,0,99694184,793,0,793,-3,0,2,93
12,360,50.400000,12.276000,0,0,99694194,798,0,798,-4,0,2,93
12,360,50.400000,12.276000,0,0,99694206,803,0,803,-6,0,2,93
12,360,50.400000,12.276000,0,0,99694216,811,0,811,-7,0,2,93
12,360,50.400000,12.276000,0,0,99694227,822,0,822,-9,0,2,93
12,360,50.400000,12.276000,0,0,99694239,839,0,839,-11,0,2,93
12,360,50.400000,12.276000,0,0,99694250,868,0,868,-14,0,2,93
12,360,50.400000,12.276000,0,0,99694261,893,0,893,-15,0,2,93
12,360,50.400000,12.276000,0,0,99694273,924,0,924,-16,0,2,93
12,360,50.400000,12.276000,0,0,99694284,965,0,965,-18,0,2,93
12,360,50.400000,12.276000,0,0,99694295,1002,0,1002,-18,0,2,93
12,360,50.400000,12.276000,0,0,99694305,1029,0,1029,-19,0,2,93
12,360,50.400000,12.276000,0,0,99694315,1053,0,1053,-19,0,2,93
12,360,50.400000,12.276000,0,0,99694325,1071,0,1071,-19,0,2,93
12,360,50.400000,12.276000,0,0,99694336,1081,0,1081,-19,0,2,93
12,360,50.400000,12.276000,0,0,99694346,1088,0,1088,-19,0,2,93
12,360,50.400000,12.276000,0,0,99694357,1094,0,1094,-19,0,2,93
12,360,50.400000,12.276000,0,0,99694368,1100,0,1100,-19,0,2,93
12,360,50.400000,12.276000,0,0,99694379,1106,0,1106,-19,0,2,93
12,360,50.400000,12.276000,0,0,99694390,1113,0,1113,-20,0,2,93
12,360,50.400000,12.276000,0,0,99694401,1120,0,1120,-20,0,2,93
12,360,50.400000,12.276000,0,0,99694411,1128,0,1128,-20,0,2,93
12,360,50.400000,12.276000,0,0,99694422,1137,0,1137,-20,0,2,93
12,360,50.400000,12.276000,0,0,99694432,1143,0,1143,-20,0,2,93
12,360,50.400000,12.276000,0,0,99694443,1147,0,1147,-20,0,2,93
12,360,50.400000,12.276000,0,0,99694453,1149,0,1149,-20,0,2,93
12,360,50.400000,12.276000,0,0,99694463,1149,0,1149,-20,0,2,93
12,360,50.400000,12.276000,0,0,99694474,1149,0,1149,-20,0,2,93
12,360,50.400000,12.276000,0,0,99694484,1149,0,1149,-20,0,2,93
12,360,50.400000,12.276000,0,0,99694495,1149,0,1149,-20,0,2,93
12,360,50.400000,12.276000,0,0,99694506,1149,0,1149,-20,0,2,93
12,360,50.400000,12.276000,0,0,99694516,1149,0,1149,-20,0,2,93
12,360,50.400000,12.276000,0,0,99694526,1149,0,1149,-20,0,2,93
12,360,50.400000,12.276000,0,0,99694537,1149,0,1149,-20,0,2,93
12,360,50.400000,12.276000,0,0,99694547,1149,0,1149,-20,0,2,93
12,360,50.400000,12.276000,0,0,99694558,1149,0,1149,-20,0,2,93
12,360,50.400000,12.276000,0,0,99694568,1149,0,1149,-20,0,2,93
12,360,50.400000,12.276000,0,0,99694578,1148,0,1148,-20,0,2,93
12,360,50.400000,12.276000,0,0,99694588,1148,0,1148,-20,0,2,93
12,360,50.400000,12.276000,0,0,99694599,1148,0,1148,-20,0,2,93
12,360,50.400000,12.276000,0,0,99694609,1148,0,1148,-20,0,2,93
12,360,50.400000,12.276000,0,0,99694620,1148,0,1148,-20,0,2,93
12,360,50.400000,12.276000,0,0,99694630,1148,0,1148,-20,0,2,93
12,360,50.400000,12.276000,0,0,99694640,1148,0,1148,-20,0,2,93
12,360,50.400000,12.276000,0,0,99694649,1148,0,1148,-20,0,2,93
