12,360,21.600000,22.608000,0,0,99522916,780,0,780,0,0,2,4
12,360,21.600000,22.608000,0,0,99522917,780,0,780,0,0,2,4
12,360,21.600000,22.608000,0,0,99522928,781,0,781,0,0,2,4
12,360,21.600000,22.608000,0,0,99522938,781,0,781,0,0,2,4
12,360,21.600000,22.608000,0,0,99522948,781,0,781,0,0,2,4
12,360,21.600000,22.608000,0,0,99522958,782,0,782,0,0,2,4
12,360,21.600000,22.608000,0,0,99522972,783,0,783,0,0,2,4
12,360,21.600000,22.608000,0,0,99522983,786,0,786,0,0,2,4
12,360,21.600000,22.608000,0,0,99522993,789,0,789,-1,0,2,4
12,360,21.600000,22.608000,0,0,99523003,796,0,796,-1,0,2,4
12,360,21.600000,22.608000,0,0,99523015,803,0,803,-2,0,2,4
12,360,21.600000,22.608000,0,0,99523026,810,0,810,-3,0,2,4
12,360,21.600000,22.608000,0,0,99523037,818,0,818,-3,0,2,4
12,360,21.600000,22.608000,0,0,99523047,826,0,826,-3,0,2,4
12,360,21.600000,22.608000,0,0,99523058,833,0,833,-3,0,2,4
12,360,21.600000,22.608000,0,0,99523068,841,0,841,-3,0,2,4
12,360,21.600000,22.608000,0,0,99523079,847,0,847,-3,0,2,4
12,360,21.600000,22.608000,0,0,99523089,854,0,854,-3,0,2,4
12,360,21.600000,22.608000,0,0,99523101,861,0,861,-3,0,2,4
12,360,21.600000,22.608000,0,0,99523111,869,0,869,-3,0,2,4
12,360,21.600000,22.608000,0,0,99523122,879,0,879,-3,0,2,4
12,360,21.600000,22.608000,0,0,99523133,890,0,890,-3,0,2,4
12,360,21.600000,22.608000,0,0,99523145,905,0,905,-3,0,2,4
12,360,21.600000,22.608000,0,0,99523156,925,0,925,-3,0,2,4
12,360,21.600000,22.608000,0,0,99523166,945,0,945,-3,0,2,4
12,360,21.600000,22.608000,0,0,99523177,966,0,966,-4,0,2,4
12,360,21.600000,22.608000,0,0,99523188,989,0,989,-4,0,2,4
12,360,21.600000,22.608000,0,0,99523199,1009,0,1009,-4,0,2,4
12,360,21.600000,22.608000,0,0,99523211,1033,0,1033,-4,0,2,4
12,360,21.600000,22.608000,0,0,99523221,1051,0,1051,-4,0,2,4
12,360,21.600000,22.608000,0,0,99523232,1067,0,1067,-4,0,2,4
12,360,21.600000,22.608000,0,0,99523242,1079,0,1079,-4,0,2,4
12,360,21.600000,22.608000,0,0,99523254,1089,0,1089,-5,0,2,4
12,360,21.600000,22.608000,0,0,99523265,1097,0,1097,-5,0,2,4
12,360,21.600000,22.608000,0,0,99523275,1100,0,1100,-5,0,2,4
12,360,21.600000,22.608000,0,0,99523286,1100,0,1100,-5,0,2,4
12,360,21.600000,22.608000,0,0,99523296,1100,0,1100,-5,0,2,4
12,360,21.600000,22.608000,0,0,99523306,1100,0,1100,-5,0,2,4
12,360,21.600000,22.608000,0,0,99523318,1100,0,1100,-5,0,2,4
12,360,21.600000,22.608000,0,0,99523328,1100,0,1100,-5,0,2,4
12,360,21.600000,22.608000,0,0,99523339,1100,0,1100,-5,0,2,4
12,360,21.600000,22.608000,0,0,99523349,1100,0,1100,-5,0,2,4
12,360,21.600000,22.608000,0,0,99523360,1100,0,1100,-5,0,2,4
12,360,21.600000,22.608000,0,0,99523370,1100,0,1100,-5,0,2,4
12,360,21.600000,22.608000,0,0,99523381,1100,0,1100,-5,0,2,4
12,360,21.600000,22.608000,0,0,99523391,1100,0,1100,-5,0,2,4
12,360,21.600000,22.608000,0,0,99523401,1101,0,1101,-5,0,2,4
12,360,21.600000,22.608000,0,0,99523412,1102,0,1102,-5,0,2,4
12,360,21.600000,22.608000,0,0,99523422,1103,0,1103,-5,0,2,4
12,360,21.600000,22.608000,0,0,99523434,1105,0,1105,-5,0,2,4
12,360,21.600000,22.608000,0,0,99523444,1108,1,1108,-4,0,2,4
12,360,21.600000,22.608000,0,0,99523455,1112,1,1112,-4,0,2,4
12,360,21.600000,22.608000,0,0,99523465,1116,1,1116,-4,0,2,4
12,360,21.600000,22.608000,0,0,99523476,1117,2,1117,-3,0,2,4
12,360,21.600000,22.608000,0,0,99523487,1118,2,1118,-3,0,2,4
12,360,21.600000,22.608000,0,0,99523497,1120,2,1120,-3,0,2,4
12,360,21.600000,22.608000,0,0,99523508,1120,2,1120,-3,0,2,4
12,360,21.600000,22.608000,0,0,99523518,1120,2,1120,-3,0,2,4
12,360,21.600000,22.608000,0,0,99523529,1121,2,1121,-3,0,2,4
12,360,21.600000,22.608000,0,0,99523542,1121,2,1121,-3,0,2,4
12,360,21.600000,22.608000,0,0,99523554,1124,2,1124,-3,0,2,4
12,360,21.600000,22.608000,0,0,99523565,1130,3,1130,-2,0,2,4
12,360,21.600000,22.608000,0,0,99523577,1138,3,1138,-2,0,2,4
12,360,21.600000,22.608000,0,0,99523587,1145,3,1145,-2,0,2,4
12,360,21.600000,22.608000,0,0,99523597,1150,3,1150,-2,0,2,4
12,360,21.600000,22.608000,0,0,99523608,1152,3,1152,-2,0,2,4
12,360,21.600000,22.608000,0,0,99523618,1153,3,1153,-2,0,2,4
12,360,21.600000,22.608000,0,0,99523629,1153,3,1153,-2,0,2,4
12,360,21.600000,22.608000,0,0,99523640,1153,3,1153,-2,0,2,4
12,360,21.600000,22.608000,0,0,99523651,1153,3,1153,-2,0,2,4
12,360,21.600000,22.608000,0,0,99523661,1153,3,1153,-2,0,2,4
12,360,21.600000,22.608000,0,0,99523671,1153,3,1153,-2,0,2,4
12,360,21.600000,22.608000,0,0,99523681,1153,3,1153,-2,0,2,4
12,360,21.600000,22.608000,0,0,99523691,1153,3,1153,-2,0,2,4
12,360,21.600000,22.608000,0,0,99523701,1153,3,1153,-2,0,2,4
12,360,21.600000,22.608000,0,0,99523711,1153,3,1153,-2,0,2,4
12,360,21.600000,22.608000,0,0,99523721,1153,3,1153,-2,0,2,4
12,360,21.600000,22.608000,0,0,99523731,1153,3,1153,-2,0,2,4
12,360,21.600000,22.608000,0,0,99523741,1153,3,1153,-2,0,2,4
12,360,21.600000,22.608000,0,0,99523751,1153,3,1153,-2,0,2,4
12,360,21.600000,22.608000,0,0,99523761,1153,3,1153,-2,0,2,4
12,360,21.600000,22.608000,0,0,99523771,1153,3,1153,-2,0,2,4
12,360,21.600000,22.608000,0,0,99523781,1153,3,1153,-2,0,2,4
12,360,21.600000,22.608000,0,0,99523791,1153,3,1153,-2,0,2,4
12,360,21.600000,22.608000,0,0,99523802,1153,3,1153,-2,0,2,4
12,360,21.600000,22.608000,0,0,99523811,1153,3,1153,-2,0,2,4
12,360,21.600000,22.608000,0,0,99523820,1153,3,1153,-2,0,2,4
12,360,21.600000,22.608000,0,0,99523830,1153,3,1153,-2,0,2,4
12,360,21.600000,22.608000,0,0,99523839,1153,3,1153,-2,0,2,4
12,360,21.600000,22.608000,0,0,99523850,1153,4,1153,-1,0,2,4
12,360,21.600000,22.608000,0,0,99523859,1153,5,1153,0,0,2,4
12,360,21.600000,22.608000,0,0,99523869,1153,5,1153,0,0,2,4
12,360,21.600000,22.608000,0,0,99523880,1152,5,1152,0,0,2,4
12,360,21.600000,22.608000,0,0,99523890,1150,5,1150,0,0,2,4
12,360,21.600000,22.608000,0,0,99523900,1149,5,1149,0,0,2,4
12,360,21.600000,22.608000,0,0,99523910,1149,5,1149,0,0,2,4
12,360,21.600000,22.608000,0,0,99523920,1148,5,1148,0,0,2,4
12,360,21.600000,22.608000,0,0,99523930,1147,5,1147,0,0,2,4
12,360,21.600000,22.608000,0,0,99523940,1147,5,1147,0,0,2,4
12,360,21.600000,22.608000,0,0,99523950,1147,5,1147,0,0,2,4
12,360,21.600000,22.608000,0,0,99523961,1147,5,1147,0,0,2,4
12,360,21.600000,22.608000,0,0,99523970,1147,5,1147,0,0,2,4
12,360,21.600000,22.608000,0,0,99523980,1147,5,1147,0,0,2,4
12,360,21.600000,22.608000,0,0,99523990,1147,5,1147,0,0,2,4
12,360,21.600000,22.608000,0,0,99524000,1147,5,1147,0,0,2,4
12,360,21.600000,22.608000,0,0,99524010,1147,5,1147,0,0,2,4
12,360,21.600000,22.608000,0,0,99524020,1146,5,1146,0,0,2,4
12,360,21.600000,22.608000,0,0,99524030,1146,6,1146,1,0,2,4
12,360,21.600000,22.608000,0,0,99524039,1146,6,1146,1,0,2,4
12,360,21.600000,22.608000,0,0,99524049,1146,6,1146,1,0,2,4
12,360,21.600000,22.608000,0,0,99524059,1146,6,1146,1,0,2,4
12,360,21.600000,22.608000,0,0,99524069,1146,7,1146,2,0,2,4
12,360,21.600000,22.608000,0,0,99524079,1146,7,1146,2,0,2,4
12,360,21.600000,22.608000,0,0,99524090,1146,7,1146,2,0,2,4
12,360,21.600000,22.608000,0,0,99524099,1146,7,1146,2,0,2,4
12,360,21.600000,22.608000,0,0,99524109,1146,7,1146,2,0,2,4
12,360,21.600000,22.608000,0,0,99524119,1146,7,1146,2,0,2,4
12,360,21.600000,22.608000,0,0,99524129,1146,7,1146,2,0,2,4
12,360,21.600000,22.608000,0,0,99524140,1146,7,1146,2,0,2,4
12,360,21.600000,22.608000,0,0,99524150,1146,7,1146,2,0,2,4
12,360,21.600000,22.608000,0,0,99524164,1146,7,1146,2,0,2,4
12,360,21.600000,22.608000,0,0,99524175,1146,7,1146,2,0,2,4
12,360,21.600000,22.608000,0,0,99524185,1146,7,1146,2,0,2,4
12,360,21.600000,22.608000,0,0,99524196,1146,7,1146,2,0,2,4
12,360,21.600000,22.608000,0,0,99524206,1146,7,1146,2,0,2,4
