12,720,50.400000,12.276000,1,1,99697991,600,22,600,22,0,2,95
12,720,50.400000,12.276000,1,1,99697992,600,22,600,22,0,2,95
12,720,50.400000,12.276000,1,1,99698002,600,22,600,22,0,2,95
12,720,50.400000,12.276000,1,1,99698011,600,22,600,22,0,2,95
12,720,50.400000,12.276000,1,1,99698022,600,22,600,22,0,2,95
12,720,50.400000,12.276000,1,1,99698032,600,22,600,22,0,2,95
12,720,50.400000,12.276000,1,1,99698042,600,22,600,22,0,2,95
12,720,50.400000,12.276000,1,1,99698052,601,22,601,22,0,2,95
12,720,50.400000,12.276000,1,1,99698063,602,22,602,22,0,2,95
12,720,50.400000,12.276000,1,1,99698074,606,21,606,21,0,2,95
12,720,50.400000,12.276000,1,1,99698084,616,20,616,20,0,2,95
12,720,50.400000,12.276000,1,1,99698095,629,18,629,18,0,2,95
12,720,50.400000,12.276000,1,1,99698107,645,16,645,16,0,2,95
12,720,50.400000,12.276000,1,1,99698117,667,13,667,13,0,2,95
12,720,50.400000,12.276000,1,1,99698127,690,12,690,12,0,2,95
12,720,50.400000,12.276000,1,1,99698137,719,9,719,9,0,2,95
12,720,50.400000,12.276000,1,1,99698148,762,5,762,5,0,2,95
12,720,50.400000,12.276000,1,1,99698159,805,1,805,1,0,2,95
12,720,50.400000,12.276000,1,1,99698171,856,0,856,-2,0,2,95
12,720,50.400000,12.276000,1,1,99698182,910,0,910,-5,0,2,95
12,720,50.400000,12.276000,1,1,99698193,954,0,954,-6,0,2,95
12,720,50.400000,12.276000,1,1,99698204,1005,0,1005,-8,0,2,95
12,720,50.400000,12.276000,1,1,99698215,1055,0,1055,-9,0,2,95
12,720,50.400000,12.276000,1,1,99698226,1096,0,1096,-10,0,2,95
12,720,50.400000,12.276000,1,1,99698236,1135,0,1135,-10,0,2,95
12,720,50.400000,12.276000,1,1,99698248,1164,0,1164,-10,0,2,95
12,720,50.400000,12.276000,1,1,99698258,1187,2,1187,-8,0,2,95
12,720,50.400000,12.276000,1,1,99698269,1206,3,1206,-7,0,2,95
12,720,50.400000,12.276000,1,1,99698279,1221,4,1221,-6,0,2,95
12,720,50.400000,12.276000,1,1,99698290,1230,4,1230,-6,0,2,95
12,720,50.400000,12.276000,1,1,99698301,1237,4,1237,-6,0,2,95
12,720,50.400000,12.276000,1,1,99698311,1240,4,1240,-6,0,2,95
12,720,50.400000,12.276000,1,1,99698322,1240,4,1240,-6,0,2,95
12,720,50.400000,12.276000,1,1,99698332,1240,4,1240,-6,0,2,95
12,720,50.400000,12.276000,1,1,99698343,1240,4,1240,-6,0,2,95
12,720,50.400000,12.276000,1,1,99698353,1240,4,1240,-6,0,2,95
12,720,50.400000,12.276000,1,1,99698364,1240,4,1240,-6,0,2,95
12,720,50.400000,12.276000,1,1,99698374,1240,4,1240,-6,0,2,95
12,720,50.400000,12.276000,1,1,99698384,1240,4,1240,-6,0,2,95
12,720,50.400000,12.276000,1,1,99698395,1240,4,1240,-6,0,2,95
12,720,50.400000,12.276000,1,1,99698405,1240,4,1240,-6,0,2,95
12,720,50.400000,12.276000,1,1,99698415,1240,4,1240,-6,0,2,95
12,720,50.400000,12.276000,1,1,99698426,1240,4,1240,-6,0,2,95
12,720,50.400000,12.276000,1,1,99698435,1240,4,1240,-6,0,2,95
12,720,50.400000,12.276000,1,1,99698446,1241,4,1241,-6,0,2,95
12,720,50.400000,12.276000,1,1,99698456,1242,4,1242,-6,0,2,95
12,720,50.400000,12.276000,1,1,99698467,1244,4,1244,-6,0,2,95
12,720,50.400000,12.276000,1,1,99698479,1247,3,1247,-7,0,2,95
12,720,50.400000,12.276000,1,1,99698490,1253,3,1253,-7,0,2,95
12,720,50.400000,12.276000,1,1,99698500,1262,3,1262,-7,0,2,95
12,720,50.400000,12.276000,1,1,99698512,1273,3,1273,-7,0,2,95
12,720,50.400000,12.276000,1,1,99698523,1284,3,1284,-7,0,2,95
12,720,50.400000,12.276000,1,1,99698534,1293,3,1293,-7,0,2,95
12,720,50.400000,12.276000,1,1,99698544,1301,3,1301,-7,0,2,95
12,720,50.400000,12.276000,1,1,99698555,1306,3,1306,-7,0,2,95
12,720,50.400000,12.276000,1,1,99698565,1307,4,1307,-6,0,2,95
12,720,50.400000,12.276000,1,1,99698575,1307,4,1307,-6,0,2,95
12,720,50.400000,12.276000,1,1,99698586,1308,4,1308,-6,0,2,95
12,720,50.400000,12.276000,1,1,99698596,1309,4,1309,-6,0,2,95
12,720,50.400000,12.276000,1,1,99698606,1310,4,1310,-6,0,2,95
12,720,50.400000,12.276000,1,1,99698616,1310,4,1310,-6,0,2,95
12,720,50.400000,12.276000,1,1,99698626,1311,4,1311,-6,0,2,95
12,720,50.400000,12.276000,1,1,99698636,1312,4,1312,-6,0,2,95
12,720,50.400000,12.276000,1,1,99698648,1312,4,1312,-6,0,2,95
12,720,50.400000,12.276000,1,1,99698657,1312,4,1312,-6,0,2,95
12,720,50.400000,12.276000,1,1,99698668,1312,4,1312,-6,0,2,95
12,720,50.400000,12.276000,1,1,99698678,1311,4,1311,-6,0,2,95
12,720,50.400000,12.276000,1,1,99698690,1310,4,1310,-6,0,2,95
12,720,50.400000,12.276000,1,1,99698700,1310,5,1310,-5,0,2,95
12,720,50.400000,12.276000,1,1,99698711,1310,5,1310,-5,0,2,95
12,720,50.400000,12.276000,1,1,99698721,1310,5,1310,-5,0,2,95
12,720,50.400000,12.276000,1,1,99698732,1310,5,1310,-5,0,2,95
12,720,50.400000,12.276000,1,1,99698743,1310,5,1310,-5,0,2,95
12,720,50.400000,12.276000,1,1,99698753,1310,5,1310,-5,0,2,95
12,720,50.400000,12.276000,1,1,99698763,1310,5,1310,-5,0,2,95
12,720,50.400000,12.276000,1,1,99698773,1310,5,1310,-5,0,2,95
