12,720,21.600000,42.984000,1,1,99691108,600,22,600,22,0,2,91
12,720,21.600000,42.984000,1,1,99691109,600,22,600,22,0,2,91
12,720,21.600000,42.984000,1,1,99691120,600,22,600,22,0,2,91
12,720,21.600000,42.984000,1,1,99691130,600,22,600,22,0,2,91
12,720,21.600000,42.984000,1,1,99691140,600,22,600,22,0,2,91
12,720,21.600000,42.984000,1,1,99691151,600,22,600,22,0,2,91
12,720,21.600000,42.984000,1,1,99691161,601,22,601,22,0,2,91
12,720,21.600000,42.984000,1,1,99691172,603,22,603,22,0,2,91
12,720,21.600000,42.984000,1,1,99691184,608,20,608,20,0,2,91
12,720,21.600000,42.984000,1,1,99691195,617,19,617,19,0,2,91
12,720,21.600000,42.984000,1,1,99691207,631,18,631,18,0,2,91
12,720,21.600000,42.984000,1,1,99691218,653,16,653,16,0,2,91
12,720,21.600000,42.984000,1,1,99691229,679,15,679,15,0,2,91
12,720,21.600000,42.984000,1,1,99691240,714,14,714,14,0,2,91
12,720,21.600000,42.984000,1,1,99691250,754,13,754,13,0,2,91
12,720,21.600000,42.984000,1,1,99691261,808,12,808,12,0,2,91
12,720,21.600000,42.984000,1,1,99691271,863,12,863,12,0,2,91
12,720,21.600000,42.984000,1,1,99691282,914,13,914,13,0,2,91
12,720,21.600000,42.984000,1,1,99691293,972,15,972,15,0,2,91
12,720,21.600000,42.984000,1,1,99691303,1029,18,1029,18,0,2,91
12,720,21.600000,42.984000,1,1,99691314,1078,20,1078,20,0,2,91
12,720,21.600000,42.984000,1,1,99691325,1132,23,1132,23,0,2,91
12,720,21.600000,42.984000,1,1,99691336,1173,25,1173,25,0,2,91
12,720,21.600000,42.984000,1,1,99691347,1205,26,1205,26,0,2,91
12,720,21.600000,42.984000,1,1,99691357,1234,27,1234,27,0,2,91
12,720,21.600000,42.984000,1,1,99691367,1257,27,1257,27,0,2,91
12,720,21.600000,42.984000,1,1,99691378,1277,27,1277,27,0,2,91
12,720,21.600000,42.984000,1,1,99691389,1290,27,1290,27,0,2,91
12,720,21.600000,42.984000,1,1,99691399,1300,27,1300,27,0,2,91
12,720,21.600000,42.984000,1,1,99691410,1308,25,1308,25,0,2,91
12,720,21.600000,42.984000,1,1,99691422,1312,24,1312,24,0,2,91
12,720,21.600000,42.984000,1,1,99691433,1316,22,1316,22,0,2,91
12,720,21.600000,42.984000,1,1,99691443,1318,21,1318,21,0,2,91
12,720,21.600000,42.984000,1,1,99691454,1318,21,1318,21,0,2,91
12,720,21.600000,42.984000,1,1,99691465,1319,20,1319,20,0,2,91
12,720,21.600000,42.984000,1,1,99691476,1320,19,1320,19,0,2,91
12,720,21.600000,42.984000,1,1,99691487,1322,18,1322,18,0,2,91
12,720,21.600000,42.984000,1,1,99691499,1325,17,1325,17,0,2,91
12,720,21.600000,42.984000,1,1,99691509,1328,15,1328,15,0,2,91
12,720,21.600000,42.984000,1,1,99691519,1332,14,1332,14,0,2,91
12,720,21.600000,42.984000,1,1,99691530,1334,13,1334,13,0,2,91
12,720,21.600000,42.984000,1,1,99691540,1336,12,1336,12,0,2,91
12,720,21.600000,42.984000,1,1,99691550,1336,12,1336,12,0,2,91
12,720,21.600000,42.984000,1,1,99691560,1336,12,1336,12,0,2,91
12,720,21.600000,42.984000,1,1,99691571,1336,12,1336,12,0,2,91
12,720,21.600000,42.984000,1,1,99691581,1336,12,1336,12,0,2,91
12,720,21.600000,42.984000,1,1,99691592,1336,12,1336,12,0,2,91
12,720,21.600000,42.984000,1,1,99691602,1336,12,1336,12,0,2,91
12,720,21.600000,42.984000,1,1,99691612,1336,12,1336,12,0,2,91
12,720,21.600000,42.984000,1,1,99691623,1336,12,1336,12,0,2,91
12,720,21.600000,42.984000,1,1,99691633,1335,12,1335,12,0,2,91
12,720,21.600000,42.984000,1,1,99691644,1335,12,1335,12,0,2,91
12,720,21.600000,42.984000,1,1,99691654,1334,11,1334,11,0,2,91
12,720,21.600000,42.984000,1,1,99691665,1334,11,1334,11,0,2,91
12,720,21.600000,42.984000,1,1,99691675,1334,11,1334,11,0,2,91
12,720,21.600000,42.984000,1,1,99691686,1333,11,1333,11,0,2,91
12,720,21.600000,42.984000,1,1,99691696,1333,11,1333,11,0,2,91
12,720,21.600000,42.984000,1,1,99691706,1333,11,1333,11,0,2,91
12,720,21.600000,42.984000,1,1,99691717,1332,10,1332,10,0,2,91
12,720,21.600000,42.984000,1,1,99691727,1331,9,1331,9,0,2,91
12,720,21.600000,42.984000,1,1,99691738,1331,9,1331,9,0,2,91
12,720,21.600000,42.984000,1,1,99691748,1330,9,1330,9,0,2,91
12,720,21.600000,42.984000,1,1,99691758,1329,9,1329,9,0,2,91
12,720,21.600000,42.984000,1,1,99691768,1326,9,1326,9,0,2,91
12,720,21.600000,42.984000,1,1,99691779,1323,9,1323,9,0,2,91
12,720,21.600000,42.984000,1,1,99691790,1319,9,1319,9,0,2,91
12,720,21.600000,42.984000,1,1,99691800,1317,9,1317,9,0,2,91
12,720,21.600000,42.984000,1,1,99691811,1316,9,1316,9,0,2,91
12,720,21.600000,42.984000,1,1,99691820,1315,9,1315,9,0,2,91
12,720,21.600000,42.984000,1,1,99691830,1315,9,1315,9,0,2,91
12,720,21.600000,42.984000,1,1,99691840,1315,9,1315,9,0,2,91
12,720,21.600000,42.984000,1,1,99691851,1315,9,1315,9,0,2,91
12,720,21.600000,42.984000,1,1,99691861,1315,9,1315,9,0,2,91
12,720,21.600000,42.984000,1,1,99691871,1315,9,1315,9,0,2,91
12,720,21.600000,42.984000,1,1,99691881,1315,9,1315,9,0,2,91
12,720,21.600000,42.984000,1,1,99691892,1315,9,1315,9,0,2,91
12,720,21.600000,42.984000,1,1,99691901,1315,9,1315,9,0,2,91
