12,720,50.400000,0.000000,1,1,99575729,600,22,600,22,0,2,30
12,720,50.400000,0.000000,1,1,99575730,600,22,600,22,0,2,30
12,720,50.400000,0.000000,1,1,99575740,600,22,600,22,0,2,30
12,720,50.400000,0.000000,1,1,99575752,600,22,600,22,0,2,30
12,720,50.400000,0.000000,1,1,99575762,600,22,600,22,0,2,30
12,720,50.400000,0.000000,1,1,99575772,600,22,600,22,0,2,30
12,720,50.400000,0.000000,1,1,99575782,600,22,600,22,0,2,30
12,720,50.400000,0.000000,1,1,99575793,600,22,600,22,0,2,30
12,720,50.400000,0.000000,1,1,99575804,600,22,600,22,0,2,30
12,720,50.400000,0.000000,1,1,99575814,600,22,600,22,0,2,30
12,720,50.400000,0.000000,1,1,99575823,600,22,600,22,0,2,30
12,720,50.400000,0.000000,1,1,99575834,602,22,602,22,0,2,30
12,720,50.400000,0.000000,1,1,99575844,605,22,605,22,0,2,30
12,720,50.400000,0.000000,1,1,99575855,612,22,612,22,0,2,30
12,720,50.400000,0.000000,1,1,99575865,622,25,622,25,0,2,30
12,720,50.400000,0.000000,1,1,99575885,636,29,636,29,0,2,30
12,720,50.400000,0.000000,1,1,99575896,674,35,674,35,0,2,30
12,720,50.400000,0.000000,1,1,99575906,698,37,698,37,0,2,30
12,720,50.400000,0.000000,1,1,99575917,728,38,728,38,0,2,30
12,720,50.400000,0.000000,1,1,99575928,763,40,763,40,0,2,30
12,720,50.400000,0.000000,1,1,99575937,809,40,809,40,0,2,30
12,720,50.400000,0.000000,1,1,99575949,852,41,852,41,0,2,30
12,720,50.400000,0.000000,1,1,99575961,893,42,893,42,0,2,30
12,720,50.400000,0.000000,1,1,99575972,946,42,946,42,0,2,30
12,720,50.400000,0.000000,1,1,99575984,981,42,981,42,0,2,30
12,720,50.400000,0.000000,1,1,99575995,1013,42,1013,42,0,2,30
12,720,50.400000,0.000000,1,1,99576006,1036,42,1036,42,0,2,30
12,720,50.400000,0.000000,1,1,99576017,1053,42,1053,42,0,2,30
12,720,50.400000,0.000000,1,1,99576028,1064,42,1064,42,0,2,30
12,720,50.400000,0.000000,1,1,99576038,1071,42,1071,42,0,2,30
12,720,50.400000,0.000000,1,1,99576049,1075,42,1075,42,0,2,30
12,720,50.400000,0.000000,1,1,99576058,1077,42,1077,42,0,2,30
12,720,50.400000,0.000000,1,1,99576068,1078,42,1078,42,0,2,30
12,720,50.400000,0.000000,1,1,99576079,1080,42,1080,42,0,2,30
12,720,50.400000,0.000000,1,1,99576091,1082,41,1082,41,0,2,30
12,720,50.400000,0.000000,1,1,99576101,1086,41,1086,41,0,2,30
12,720,50.400000,0.000000,1,1,99576112,1092,41,1092,41,0,2,30
12,720,50.400000,0.000000,1,1,99576123,1103,41,1103,41,0,2,30
12,720,50.400000,0.000000,1,1,99576134,1115,41,1115,41,0,2,30
12,720,50.400000,0.000000,1,1,99576145,1131,41,1131,41,0,2,30
12,720,50.400000,0.000000,1,1,99576156,1146,40,1146,40,0,2,30
12,720,50.400000,0.000000,1,1,99576167,1157,39,1157,39,0,2,30
12,720,50.400000,0.000000,1,1,99576178,1168,38,1168,38,0,2,30
12,720,50.400000,0.000000,1,1,99576190,1174,38,1174,38,0,2,30
12,720,50.400000,0.000000,1,1,99576200,1179,37,1179,37,0,2,30
12,720,50.400000,0.000000,1,1,99576211,1180,37,1180,37,0,2,30
12,720,50.400000,0.000000,1,1,99576222,1180,37,1180,37,0,2,30
12,720,50.400000,0.000000,1,1,99576233,1181,37,1181,37,0,2,30
12,720,50.400000,0.000000,1,1,99576243,1185,37,1185,37,0,2,30
12,720,50.400000,0.000000,1,1,99576255,1191,36,1191,36,0,2,30
12,720,50.400000,0.000000,1,1,99576265,1199,35,1199,35,0,2,30
12,720,50.400000,0.000000,1,1,99576276,1209,33,1209,33,0,2,30
12,720,50.400000,0.000000,1,1,99576286,1220,32,1220,32,0,2,30
12,720,50.400000,0.000000,1,1,99576296,1232,30,1232,30,0,2,30
12,720,50.400000,0.000000,1,1,99576307,1244,28,1244,28,0,2,30
12,720,50.400000,0.000000,1,1,99576317,1251,27,1251,27,0,2,30
12,720,50.400000,0.000000,1,1,99576329,1258,25,1258,25,0,2,30
12,720,50.400000,0.000000,1,1,99576339,1265,24,1265,24,0,2,30
12,720,50.400000,0.000000,1,1,99576349,1269,23,1269,23,0,2,30
12,720,50.400000,0.000000,1,1,99576359,1272,22,1272,22,0,2,30
12,720,50.400000,0.000000,1,1,99576370,1274,22,1274,22,0,2,30
12,720,50.400000,0.000000,1,1,99576381,1275,22,1275,22,0,2,30
12,720,50.400000,0.000000,1,1,99576391,1277,21,1277,21,0,2,30
12,720,50.400000,0.000000,1,1,99576403,1279,21,1279,21,0,2,30
12,720,50.400000,0.000000,1,1,99576413,1281,20,1281,20,0,2,30
12,720,50.400000,0.000000,1,1,99576431,1285,20,1285,20,0,2,30
12,720,50.400000,0.000000,1,1,99576442,1294,18,1294,18,0,2,30
12,720,50.400000,0.000000,1,1,99576453,1299,17,1299,17,0,2,30
12,720,50.400000,0.000000,1,1,99576463,1303,17,1303,17,0,2,30
12,720,50.400000,0.000000,1,1,99576473,1306,17,1306,17,0,2,30
12,720,50.400000,0.000000,1,1,99576483,1309,17,1309,17,0,2,30
12,720,50.400000,0.000000,1,1,99576493,1311,17,1311,17,0,2,30
12,720,50.400000,0.000000,1,1,99576503,1312,16,1312,16,0,2,30
12,720,50.400000,0.000000,1,1,99576512,1313,16,1313,16,0,2,30
12,720,50.400000,0.000000,1,1,99576522,1314,16,1314,16,0,2,30
12,720,50.400000,0.000000,1,1,99576532,1314,16,1314,16,0,2,30
12,720,50.400000,0.000000,1,1,99576542,1314,16,1314,16,0,2,30
12,720,50.400000,0.000000,1,1,99576553,1314,16,1314,16,0,2,30
12,720,50.400000,0.000000,1,1,99576564,1314,16,1314,16,0,2,30
12,720,50.400000,0.000000,1,1,99576575,1314,16,1314,16,0,2,30
12,720,50.400000,0.000000,1,1,99576585,1314,16,1314,16,0,2,30
12,720,50.400000,0.000000,1,1,99576595,1314,16,1314,16,0,2,30
12,720,50.400000,0.000000,1,1,99576606,1314,16,1314,16,0,2,30
12,720,50.400000,0.000000,1,1,99576616,1314,16,1314,16,0,2,30
12,720,50.400000,0.000000,1,1,99576626,1315,15,1315,15,0,2,30
12,720,50.400000,0.000000,1,1,99576636,1316,15,1316,15,0,2,30
12,720,50.400000,0.000000,1,1,99576647,1317,14,1317,14,0,2,30
12,720,50.400000,0.000000,1,1,99576657,1318,14,1318,14,0,2,30
12,720,50.400000,0.000000,1,1,99576668,1319,14,1319,14,0,2,30
12,720,50.400000,0.000000,1,1,99576678,1319,14,1319,14,0,2,30
12,720,50.400000,0.000000,1,1,99576696,1319,14,1319,14,0,2,30
12,720,50.400000,0.000000,1,1,99576706,1319,13,1319,13,0,2,30
12,720,50.400000,0.000000,1,1,99576716,1319,13,1319,13,0,2,30
