12,720,21.600000,10000.000000,0,1,99860323,600,22,600,22,0,3,70
12,720,21.600000,10000.000000,0,1,99860324,600,22,600,22,0,3,70
12,720,21.600000,10000.000000,0,1,99860334,601,22,601,22,0,3,70
12,720,21.600000,10000.000000,0,1,99860345,604,22,604,22,0,3,70
12,720,21.600000,10000.000000,0,1,99860356,610,22,610,22,0,3,70
12,720,21.600000,10000.000000,0,1,99860366,619,21,619,21,0,3,70
12,720,21.600000,10000.000000,0,1,99860377,633,20,633,20,0,3,70
12,720,21.600000,10000.000000,0,1,99860390,650,17,650,17,0,3,70
12,720,21.600000,10000.000000,0,1,99860408,671,15,671,15,0,3,70
12,720,21.600000,10000.000000,0,1,99860420,714,13,714,13,0,3,70
12,720,21.600000,10000.000000,0,1,99860431,736,13,736,13,0,3,70
12,720,21.600000,10000.000000,0,1,99860441,760,12,760,12,0,3,70
12,720,21.600000,10000.000000,0,1,99860451,788,12,788,12,0,3,70
12,720,21.600000,10000.000000,0,1,99860471,821,12,821,12,0,3,70
12,720,21.600000,10000.000000,0,1,99860482,900,12,900,12,0,3,70
12,720,21.600000,10000.000000,0,1,99860502,953,12,953,12,0,3,70
12,720,21.600000,10000.000000,0,1,99860513,1031,12,1031,12,0,3,70
12,720,21.600000,10000.000000,0,1,99860524,1070,12,1070,12,0,3,70
12,720,21.600000,10000.000000,0,1,99860535,1103,13,1103,13,0,3,70
12,720,21.600000,10000.000000,0,1,99860547,1133,15,1133,15,0,3,70
12,720,21.600000,10000.000000,0,1,99860558,1162,16,1162,16,0,3,70
12,720,21.600000,10000.000000,0,1,99860569,1191,18,1191,18,0,3,70
12,720,21.600000,10000.000000,0,1,99860580,1214,19,1214,19,0,3,70
12,720,21.600000,10000.000000,0,1,99860591,1235,20,1235,20,0,3,70
12,720,21.600000,10000.000000,0,1,99860603,1257,20,1257,20,0,3,70
12,720,21.600000,10000.000000,0,1,99860614,1282,20,1282,20,0,3,70
12,720,21.600000,10000.000000,0,1,99860625,1301,20,1301,20,0,3,70
12,720,21.600000,10000.000000,0,1,99860637,1317,20,1317,20,0,3,70
12,720,21.600000,10000.000000,0,1,99860647,1333,21,1333,21,0,3,70
12,720,21.600000,10000.000000,0,1,99860659,1342,21,1342,21,0,3,70
12,720,21.600000,10000.000000,0,1,99860669,1349,21,1349,21,0,3,70
12,720,21.600000,10000.000000,0,1,99860689,1352,21,1352,21,0,3,70
12,720,21.600000,10000.000000,0,1,99860699,1353,21,1353,21,0,3,70
12,720,21.600000,10000.000000,0,1,99860710,1354,21,1354,21,0,3,70
12,720,21.600000,10000.000000,0,1,99860720,1354,21,1354,21,0,3,70
12,720,21.600000,10000.000000,0,1,99860730,1354,21,1354,21,0,3,70
12,720,21.600000,10000.000000,0,1,99860741,1354,21,1354,21,0,3,70
12,720,21.600000,10000.000000,0,1,99860751,1354,21,1354,21,0,3,70
12,720,21.600000,10000.000000,0,1,99860761,1354,21,1354,21,0,3,70
12,720,21.600000,10000.000000,0,1,99860771,1354,21,1354,21,0,3,70
12,720,21.600000,10000.000000,0,1,99860782,1354,21,1354,21,0,3,70
12,720,21.600000,10000.000000,0,1,99860792,1354,21,1354,21,0,3,70
12,720,21.600000,10000.000000,0,1,99860802,1354,21,1354,21,0,3,70
12,720,21.600000,10000.000000,0,1,99860812,1354,21,1354,21,0,3,70
12,720,21.600000,10000.000000,0,1,99860831,1354,21,1354,21,0,3,70
12,720,21.600000,10000.000000,0,1,99860842,1354,21,1354,21,0,3,70
12,720,21.600000,10000.000000,0,1,99860853,1354,21,1354,21,0,3,70
12,720,21.600000,10000.000000,0,1,99860864,1354,21,1354,21,0,3,70
12,720,21.600000,10000.000000,0,1,99860874,1352,21,1352,21,0,3,70
12,720,21.600000,10000.000000,0,1,99860885,1351,21,1351,21,0,3,70
12,720,21.600000,10000.000000,0,1,99860895,1349,20,1349,20,0,3,70
12,720,21.600000,10000.000000,0,1,99860906,1346,19,1346,19,0,3,70
12,720,21.600000,10000.000000,0,1,99860916,1342,17,1342,17,0,3,70
12,720,21.600000,10000.000000,0,1,99860927,1337,16,1337,16,0,3,70
12,720,21.600000,10000.000000,0,1,99860937,1334,14,1334,14,0,3,70
12,720,21.600000,10000.000000,0,1,99860947,1333,14,1333,14,0,3,70
12,720,21.600000,10000.000000,0,1,99860957,1333,14,1333,14,0,3,70
12,720,21.600000,10000.000000,0,1,99860968,1333,14,1333,14,0,3,70
12,720,21.600000,10000.000000,0,1,99860978,1332,14,1332,14,0,3,70
12,720,21.600000,10000.000000,0,1,99860988,1331,14,1331,14,0,3,70
12,720,21.600000,10000.000000,0,1,99861007,1331,14,1331,14,0,3,70
12,720,21.600000,10000.000000,0,1,99861017,1331,14,1331,14,0,3,70
12,720,21.600000,10000.000000,0,1,99861027,1331,14,1331,14,0,3,70
12,720,21.600000,10000.000000,0,1,99861038,1331,14,1331,14,0,3,70
12,720,21.600000,10000.000000,0,1,99861048,1331,14,1331,14,0,3,70
12,720,21.600000,10000.000000,0,1,99861058,1331,14,1331,14,0,3,70
12,720,21.600000,10000.000000,0,1,99861068,1331,14,1331,14,0,3,70
12,720,21.600000,10000.000000,0,1,99861087,1331,14,1331,14,0,3,70
12,720,21.600000,10000.000000,0,1,99861098,1331,13,1331,13,0,3,70
12,720,21.600000,10000.000000,0,1,99861109,1331,13,1331,13,0,3,70
12,720,21.600000,10000.000000,0,1,99861119,1331,13,1331,13,0,3,70
12,720,21.600000,10000.000000,0,1,99861130,1331,13,1331,13,0,3,70
12,720,21.600000,10000.000000,0,1,99861140,1331,13,1331,13,0,3,70
12,720,21.600000,10000.000000,0,1,99861151,1329,13,1329,13,0,3,70
12,720,21.600000,10000.000000,0,1,99861161,1329,13,1329,13,0,3,70
12,720,21.600000,10000.000000,0,1,99861171,1328,13,1328,13,0,3,70
12,720,21.600000,10000.000000,0,1,99861181,1328,13,1328,13,0,3,70
12,720,21.600000,10000.000000,0,1,99861191,1328,13,1328,13,0,3,70
12,720,21.600000,10000.000000,0,1,99861201,1328,13,1328,13,0,3,70
12,720,21.600000,10000.000000,0,1,99861211,1327,13,1327,13,0,3,70
