12,360,50.400000,0.000000,0,1,99799547,780,22,780,22,0,3,35
12,360,50.400000,0.000000,0,1,99799548,780,22,780,22,0,3,35
12,360,50.400000,0.000000,0,1,99799561,784,21,784,21,0,3,35
12,360,50.400000,0.000000,0,1,99799572,793,19,793,19,0,3,35
12,360,50.400000,0.000000,0,1,99799583,809,17,809,17,0,3,35
12,360,50.400000,0.000000,0,1,99799593,833,15,833,15,0,3,35
12,360,50.400000,0.000000,0,1,99799605,856,14,856,14,0,3,35
12,360,50.400000,0.000000,0,1,99799615,887,13,887,13,0,3,35
12,360,50.400000,0.000000,0,1,99799626,918,12,918,12,0,3,35
12,360,50.400000,0.000000,0,1,99799637,947,12,947,12,0,3,35
12,360,50.400000,0.000000,0,1,99799648,973,12,973,12,0,3,35
12,360,50.400000,0.000000,0,1,99799660,996,13,996,13,0,3,35
12,360,50.400000,0.000000,0,1,99799670,1026,14,1026,14,0,3,35
12,360,50.400000,0.000000,0,1,99799683,1052,14,1052,14,0,3,35
12,360,50.400000,0.000000,0,1,99799694,1075,15,1075,15,0,3,35
12,360,50.400000,0.000000,0,1,99799705,1091,15,1091,15,0,3,35
12,360,50.400000,0.000000,0,1,99799716,1102,15,1102,15,0,3,35
12,360,50.400000,0.000000,0,1,99799726,1108,15,1108,15,0,3,35
12,360,50.400000,0.000000,0,1,99799736,1112,15,1112,15,0,3,35
12,360,50.400000,0.000000,0,1,99799747,1113,15,1113,15,0,3,35
12,360,50.400000,0.000000,0,1,99799758,1113,15,1113,15,0,3,35
12,360,50.400000,0.000000,0,1,99799769,1113,15,1113,15,0,3,35
12,360,50.400000,0.000000,0,1,99799780,1114,15,1114,15,0,3,35
12,360,50.400000,0.000000,0,1,99799790,1116,15,1116,15,0,3,35
12,360,50.400000,0.000000,0,1,99799801,1118,15,1118,15,0,3,35
12,360,50.400000,0.000000,0,1,99799811,1123,15,1123,15,0,3,35
12,360,50.400000,0.000000,0,1,99799823,1127,14,1127,14,0,3,35
12,360,50.400000,0.000000,0,1,99799834,1132,13,1132,13,0,3,35
12,360,50.400000,0.000000,0,1,99799844,1137,13,1137,13,0,3,35
12,360,50.400000,0.000000,0,1,99799854,1140,13,1140,13,0,3,35
12,360,50.400000,0.000000,0,1,99799865,1140,12,1140,12,0,3,35
12,360,50.400000,0.000000,0,1,99799875,1140,11,1140,11,0,3,35
12,360,50.400000,0.000000,0,1,99799886,1140,11,1140,11,0,3,35
12,360,50.400000,0.000000,0,1,99799896,1140,11,1140,11,0,3,35
12,360,50.400000,0.000000,0,1,99799907,1140,11,1140,11,0,3,35
12,360,50.400000,0.000000,0,1,99799917,1140,11,1140,11,0,3,35
12,360,50.400000,0.000000,0,1,99799928,1140,10,1140,10,0,3,35
12,360,50.400000,0.000000,0,1,99799939,1140,10,1140,10,0,3,35
12,360,50.400000,0.000000,0,1,99799949,1140,9,1140,9,0,3,35
12,360,50.400000,0.000000,0,1,99799962,1139,9,1139,9,0,3,35
12,360,50.400000,0.000000,0,1,99799974,1139,9,1139,9,0,3,35
12,360,50.400000,0.000000,0,1,99799984,1139,9,1139,9,0,3,35
12,360,50.400000,0.000000,0,1,99799994,1139,8,1139,8,0,3,35
12,360,50.400000,0.000000,0,1,99800004,1139,8,1139,8,0,3,35
12,360,50.400000,0.000000,0,1,99800015,1139,8,1139,8,0,3,35
12,360,50.400000,0.000000,0,1,99800024,1139,8,1139,8,0,3,35
