12,360,21.600000,10000.000000,0,0,99866790,780,0,780,0,0,3,73
12,360,21.600000,10000.000000,0,0,99866791,780,0,780,0,0,3,73
12,360,21.600000,10000.000000,0,0,99866802,782,1,782,1,0,3,73
12,360,21.600000,10000.000000,0,0,99866812,783,2,783,2,0,3,73
12,360,21.600000,10000.000000,0,0,99866822,784,3,784,3,0,3,73
12,360,21.600000,10000.000000,0,0,99866832,785,4,785,4,0,3,73
12,360,21.600000,10000.000000,0,0,99866842,785,4,785,4,0,3,73
12,360,21.600000,10000.000000,0,0,99866852,785,4,785,4,0,3,73
12,360,21.600000,10000.000000,0,0,99866862,785,4,785,4,0,3,73
12,360,21.600000,10000.000000,0,0,99866872,785,4,785,4,0,3,73
12,360,21.600000,10000.000000,0,0,99866883,785,4,785,4,0,3,73
12,360,21.600000,10000.000000,0,0,99866893,789,4,789,4,0,3,73
12,360,21.600000,10000.000000,0,0,99866906,798,2,798,2,0,3,73
12,360,21.600000,10000.000000,0,0,99866917,818,0,818,-2,0,3,73
12,360,21.600000,10000.000000,0,0,99866928,842,0,842,-5,0,3,73
12,360,21.600000,10000.000000,0,0,99866938,878,0,878,-8,0,3,73
12,360,21.600000,10000.000000,0,0,99866949,913,0,913,-9,0,3,73
12,360,21.600000,10000.000000,0,0,99866959,953,0,953,-9,0,3,73
12,360,21.600000,10000.000000,0,0,99866970,995,0,995,-9,0,3,73
12,360,21.600000,10000.000000,0,0,99866980,1035,0,1035,-9,0,3,73
12,360,21.600000,10000.000000,0,0,99866991,1068,2,1068,-7,0,3,73
12,360,21.600000,10000.000000,0,0,99867002,1099,2,1099,-7,0,3,73
12,360,21.600000,10000.000000,0,0,99867013,1129,2,1129,-7,0,3,73
12,360,21.600000,10000.000000,0,0,99867023,1149,2,1149,-7,0,3,73
12,360,21.600000,10000.000000,0,0,99867033,1165,2,1165,-7,0,3,73
12,360,21.600000,10000.000000,0,0,99867044,1177,2,1177,-7,0,3,73
12,360,21.600000,10000.000000,0,0,99867054,1185,2,1185,-7,0,3,73
12,360,21.600000,10000.000000,0,0,99867064,1190,2,1190,-7,0,3,73
12,360,21.600000,10000.000000,0,0,99867076,1195,2,1195,-7,0,3,73
12,360,21.600000,10000.000000,0,0,99867086,1195,2,1195,-7,0,3,73
12,360,21.600000,10000.000000,0,0,99867096,1195,1,1195,-8,0,3,73
12,360,21.600000,10000.000000,0,0,99867106,1195,1,1195,-8,0,3,73
12,360,21.600000,10000.000000,0,0,99867116,1195,1,1195,-8,0,3,73
12,360,21.600000,10000.000000,0,0,99867126,1195,1,1195,-8,0,3,73
12,360,21.600000,10000.000000,0,0,99867136,1195,1,1195,-8,0,3,73
12,360,21.600000,10000.000000,0,0,99867147,1195,1,1195,-8,0,3,73
12,360,21.600000,10000.000000,0,0,99867157,1195,1,1195,-8,0,3,73
12,360,21.600000,10000.000000,0,0,99867167,1195,1,1195,-8,0,3,73
12,360,21.600000,10000.000000,0,0,99867177,1195,1,1195,-8,0,3,73
12,360,21.600000,10000.000000,0,0,99867187,1195,1,1195,-8,0,3,73
12,360,21.600000,10000.000000,0,0,99867197,1195,1,1195,-8,0,3,73
12,360,21.600000,10000.000000,0,0,99867208,1195,1,1195,-8,0,3,73
12,360,21.600000,10000.000000,0,0,99867219,1195,1,1195,-8,0,3,73
12,360,21.600000,10000.000000,0,0,99867229,1195,1,1195,-8,0,3,73
12,360,21.600000,10000.000000,0,0,99867240,1193,1,1193,-8,0,3,73
12,360,21.600000,10000.000000,0,0,99867250,1191,1,1191,-8,0,3,73
12,360,21.600000,10000.000000,0,0,99867261,1188,1,1188,-8,0,3,73
12,360,21.600000,10000.000000,0,0,99867271,1184,1,1184,-8,0,3,73
12,360,21.600000,10000.000000,0,0,99867283,1180,2,1180,-7,0,3,73
12,360,21.600000,10000.000000,0,0,99867293,1174,3,1174,-6,0,3,73
12,360,21.600000,10000.000000,0,0,99867304,1169,4,1169,-5,0,3,73
12,360,21.600000,10000.000000,0,0,99867314,1165,4,1165,-5,0,3,73
12,360,21.600000,10000.000000,0,0,99867324,1162,5,1162,-4,0,3,73
12,360,21.600000,10000.000000,0,0,99867334,1159,6,1159,-3,0,3,73
12,360,21.600000,10000.000000,0,0,99867344,1158,6,1158,-3,0,3,73
12,360,21.600000,10000.000000,0,0,99867355,1157,6,1157,-3,0,3,73
12,360,21.600000,10000.000000,0,0,99867365,1155,6,1155,-3,0,3,73
12,360,21.600000,10000.000000,0,0,99867375,1154,6,1154,-3,0,3,73
12,360,21.600000,10000.000000,0,0,99867385,1153,7,1153,-2,0,3,73
12,360,21.600000,10000.000000,0,0,99867396,1151,7,1151,-2,0,3,73
12,360,21.600000,10000.000000,0,0,99867406,1151,8,1151,-1,0,3,73
12,360,21.600000,10000.000000,0,0,99867416,1151,8,1151,-1,0,3,73
12,360,21.600000,10000.000000,0,0,99867426,1151,8,1151,-1,0,3,73
12,360,21.600000,10000.000000,0,0,99867438,1151,8,1151,-1,0,3,73
12,360,21.600000,10000.000000,0,0,99867448,1151,8,1151,-1,0,3,73
12,360,21.600000,10000.000000,0,0,99867458,1151,8,1151,-1,0,3,73
12,360,21.600000,10000.000000,0,0,99867468,1151,8,1151,-1,0,3,73
12,360,21.600000,10000.000000,0,0,99867478,1151,8,1151,-1,0,3,73
12,360,21.600000,10000.000000,0,0,99867488,1151,8,1151,-1,0,3,73
12,360,21.600000,10000.000000,0,0,99867499,1151,8,1151,-1,0,3,73
12,360,21.600000,10000.000000,0,0,99867508,1151,8,1151,-1,0,3,73
12,360,21.600000,10000.000000,0,0,99867519,1151,8,1151,-1,0,3,73
12,360,21.600000,10000.000000,0,0,99867530,1151,8,1151,-1,0,3,73
12,360,21.600000,10000.000000,0,0,99867540,1151,8,1151,-1,0,3,73
12,360,21.600000,10000.000000,0,0,99867549,1151,8,1151,-1,0,3,73
12,360,21.600000,10000.000000,0,0,99867560,1151,8,1151,-1,0,3,73
12,360,21.600000,10000.000000,0,0,99867570,1151,8,1151,-1,0,3,73
12,360,21.600000,10000.000000,0,0,99867580,1151,8,1151,-1,0,3,73
12,360,21.600000,10000.000000,0,0,99867591,1151,8,1151,-1,0,3,73
12,360,21.600000,10000.000000,0,0,99867601,1150,8,1150,-1,0,3,73
12,360,21.600000,10000.000000,0,0,99867611,1150,8,1150,-1,0,3,73
12,360,21.600000,10000.000000,0,0,99867621,1150,8,1150,-1,0,3,73
12,360,21.600000,10000.000000,0,0,99867630,1149,8,1149,-1,0,3,73
12,360,21.600000,10000.000000,0,0,99867641,1148,8,1148,-1,0,3,73
12,360,21.600000,10000.000000,0,0,99867651,1148,8,1148,-1,0,3,73
12,360,21.600000,10000.000000,0,0,99867661,1148,8,1148,-1,0,3,73
12,360,21.600000,10000.000000,0,0,99867672,1148,8,1148,-1,0,3,73
12,360,21.600000,10000.000000,0,0,99867682,1148,8,1148,-1,0,3,73
12,360,21.600000,10000.000000,0,0,99867692,1148,8,1148,-1,0,3,73
12,360,21.600000,10000.000000,0,0,99867703,1148,8,1148,-1,0,3,73
12,360,21.600000,10000.000000,0,0,99867714,1148,8,1148,-1,0,3,73
12,360,21.600000,10000.000000,0,0,99867724,1148,8,1148,-1,0,3,73
12,360,21.600000,10000.000000,0,0,99867734,1148,8,1148,-1,0,3,73
12,360,21.600000,10000.000000,0,0,99867744,1148,8,1148,-1,0,3,73
12,360,21.600000,10000.000000,0,0,99867754,1148,8,1148,-1,0,3,73
12,360,21.600000,10000.000000,0,0,99867765,1148,8,1148,-1,0,3,73
12,360,21.600000,10000.000000,0,0,99867775,1148,8,1148,-1,0,3,73
12,360,21.600000,10000.000000,0,0,99867785,1148,8,1148,-1,0,3,73
12,360,21.600000,10000.000000,0,0,99867796,1148,8,1148,-1,0,3,73
12,360,21.600000,10000.000000,0,0,99867807,1148,8,1148,-1,0,3,73
12,360,21.600000,10000.000000,0,0,99867816,1148,8,1148,-1,0,3,73
