12,720,21.600000,0.000000,0,0,99744012,600,0,600,0,0,3,1
12,720,21.600000,0.000000,0,0,99744014,600,0,600,0,0,3,1
12,720,21.600000,0.000000,0,0,99744022,599,0,599,0,0,3,1
12,720,21.600000,0.000000,0,0,99744043,599,0,599,0,0,3,1
12,720,21.600000,0.000000,0,0,99744054,599,0,599,0,0,3,1
12,720,21.600000,0.000000,0,0,99744064,599,0,599,0,0,3,1
12,720,21.600000,0.000000,0,0,99744074,599,0,599,0,0,3,1
12,720,21.600000,0.000000,0,0,99744094,599,0,599,0,0,3,1
12,720,21.600000,0.000000,0,0,99744106,601,0,601,0,0,3,1
12,720,21.600000,0.000000,0,0,99744117,605,0,605,0,0,3,1
12,720,21.600000,0.000000,0,0,99744128,611,0,611,0,0,3,1
12,720,21.600000,0.000000,0,0,99744139,616,0,616,0,0,3,1
12,720,21.600000,0.000000,0,0,99744150,621,0,621,0,0,3,1
12,720,21.600000,0.000000,0,0,99744160,627,0,627,0,0,3,1
12,720,21.600000,0.000000,0,0,99744172,638,0,638,0,0,3,1
12,720,21.600000,0.000000,0,0,99744184,664,0,664,0,0,3,1
12,720,21.600000,0.000000,0,0,99744196,700,0,700,-1,0,3,1
12,720,21.600000,0.000000,0,0,99744215,747,0,747,-3,0,3,1
12,720,21.600000,0.000000,0,0,99744227,824,0,824,-5,0,3,1
12,720,21.600000,0.000000,0,0,99744239,865,0,865,-6,0,3,1
12,720,21.600000,0.000000,0,0,99744249,913,0,913,-6,0,3,1
12,720,21.600000,0.000000,0,0,99744260,951,1,951,-5,0,3,1
12,720,21.600000,0.000000,0,0,99744271,993,4,993,-2,0,3,1
12,720,21.600000,0.000000,0,0,99744282,1036,8,1036,2,0,3,1
12,720,21.600000,0.000000,0,0,99744293,1071,11,1071,5,0,3,1
12,720,21.600000,0.000000,0,0,99744303,1113,16,1113,10,0,3,1
12,720,21.600000,0.000000,0,0,99744314,1144,20,1144,14,0,3,1
12,720,21.600000,0.000000,0,0,99744324,1180,24,1180,18,0,3,1
12,720,21.600000,0.000000,0,0,99744334,1215,28,1215,22,0,3,1
12,720,21.600000,0.000000,0,0,99744344,1242,31,1242,25,0,3,1
12,720,21.600000,0.000000,0,0,99744355,1262,33,1262,27,0,3,1
12,720,21.600000,0.000000,0,0,99744366,1276,34,1276,28,0,3,1
12,720,21.600000,0.000000,0,0,99744376,1287,35,1287,29,0,3,1
12,720,21.600000,0.000000,0,0,99744386,1292,35,1292,29,0,3,1
12,720,21.600000,0.000000,0,0,99744397,1293,35,1293,29,0,3,1
12,720,21.600000,0.000000,0,0,99744406,1293,35,1293,29,0,3,1
12,720,21.600000,0.000000,0,0,99744416,1293,35,1293,29,0,3,1
12,720,21.600000,0.000000,0,0,99744426,1293,35,1293,29,0,3,1
12,720,21.600000,0.000000,0,0,99744436,1293,35,1293,29,0,3,1
12,720,21.600000,0.000000,0,0,99744446,1293,35,1293,29,0,3,1
12,720,21.600000,0.000000,0,0,99744456,1293,35,1293,29,0,3,1
12,720,21.600000,0.000000,0,0,99744466,1293,35,1293,29,0,3,1
12,720,21.600000,0.000000,0,0,99744476,1293,35,1293,29,0,3,1
12,720,21.600000,0.000000,0,0,99744486,1293,35,1293,29,0,3,1
12,720,21.600000,0.000000,0,0,99744496,1293,35,1293,29,0,3,1
12,720,21.600000,0.000000,0,0,99744506,1294,35,1294,29,0,3,1
12,720,21.600000,0.000000,0,0,99744516,1294,35,1294,29,0,3,1
12,720,21.600000,0.000000,0,0,99744526,1295,35,1295,29,0,3,1
12,720,21.600000,0.000000,0,0,99744536,1295,34,1295,28,0,3,1
12,720,21.600000,0.000000,0,0,99744546,1296,33,1296,27,0,3,1
12,720,21.600000,0.000000,0,0,99744557,1296,33,1296,27,0,3,1
12,720,21.600000,0.000000,0,0,99744567,1297,33,1297,27,0,3,1
12,720,21.600000,0.000000,0,0,99744577,1297,32,1297,26,0,3,1
12,720,21.600000,0.000000,0,0,99744588,1298,31,1298,25,0,3,1
12,720,21.600000,0.000000,0,0,99744598,1299,30,1299,24,0,3,1
12,720,21.600000,0.000000,0,0,99744609,1300,29,1300,23,0,3,1
12,720,21.600000,0.000000,0,0,99744617,1301,27,1301,21,0,3,1
12,720,21.600000,0.000000,0,0,99744628,1303,24,1303,18,0,3,1
12,720,21.600000,0.000000,0,0,99744638,1306,21,1306,15,0,3,1
12,720,21.600000,0.000000,0,0,99744648,1309,19,1309,13,0,3,1
12,720,21.600000,0.000000,0,0,99744659,1313,16,1313,10,0,3,1
12,720,21.600000,0.000000,0,0,99744669,1316,14,1316,8,0,3,1
12,720,21.600000,0.000000,0,0,99744680,1319,13,1319,7,0,3,1
12,720,21.600000,0.000000,0,0,99744691,1322,11,1322,5,0,3,1
12,720,21.600000,0.000000,0,0,99744702,1323,10,1323,4,0,3,1
12,720,21.600000,0.000000,0,0,99744720,1323,10,1323,4,0,3,1
12,720,21.600000,0.000000,0,0,99744730,1324,10,1324,4,0,3,1
12,720,21.600000,0.000000,0,0,99744739,1324,10,1324,4,0,3,1
12,720,21.600000,0.000000,0,0,99744750,1324,10,1324,4,0,3,1
12,720,21.600000,0.000000,0,0,99744761,1324,10,1324,4,0,3,1
12,720,21.600000,0.000000,0,0,99744772,1324,10,1324,4,0,3,1
12,720,21.600000,0.000000,0,0,99744781,1324,10,1324,4,0,3,1
12,720,21.600000,0.000000,0,0,99744792,1324,10,1324,4,0,3,1
12,720,21.600000,0.000000,0,0,99744802,1324,10,1324,4,0,3,1
12,720,21.600000,0.000000,0,0,99744812,1324,10,1324,4,0,3,1
12,720,21.600000,0.000000,0,0,99744830,1324,10,1324,4,0,3,1
