12,360,50.400000,12.276000,1,1,99829807,780,22,780,22,0,3,51
12,360,50.400000,12.276000,1,1,99829808,780,22,780,22,0,3,51
12,360,50.400000,12.276000,1,1,99829819,780,22,780,22,0,3,51
12,360,50.400000,12.276000,1,1,99829829,780,22,780,22,0,3,51
12,360,50.400000,12.276000,1,1,99829840,780,21,780,21,0,3,51
12,360,50.400000,12.276000,1,1,99829852,780,21,780,21,0,3,51
12,360,50.400000,12.276000,1,1,99829863,782,20,782,20,0,3,51
12,360,50.400000,12.276000,1,1,99829873,788,17,788,17,0,3,51
12,360,50.400000,12.276000,1,1,99829885,796,14,796,14,0,3,51
12,360,50.400000,12.276000,1,1,99829898,813,8,813,8,0,3,51
12,360,50.400000,12.276000,1,1,99829908,837,2,837,2,0,3,51
12,360,50.400000,12.276000,1,1,99829920,861,0,861,-2,0,3,51
12,360,50.400000,12.276000,1,1,99829939,888,0,888,-8,0,3,51
12,360,50.400000,12.276000,1,1,99829949,945,0,945,-18,0,3,51
12,360,50.400000,12.276000,1,1,99829960,985,0,985,-24,0,3,51
12,360,50.400000,12.276000,1,1,99829971,1022,0,1022,-29,0,3,51
12,360,50.400000,12.276000,1,1,99829981,1052,0,1052,-33,0,3,51
12,360,50.400000,12.276000,1,1,99829992,1075,0,1075,-36,0,3,51
12,360,50.400000,12.276000,1,1,99830002,1094,0,1094,-38,0,3,51
12,360,50.400000,12.276000,1,1,99830012,1105,0,1105,-39,0,3,51
12,360,50.400000,12.276000,1,1,99830023,1112,0,1112,-40,0,3,51
12,360,50.400000,12.276000,1,1,99830033,1115,0,1115,-40,0,3,51
12,360,50.400000,12.276000,1,1,99830044,1117,0,1117,-40,0,3,51
12,360,50.400000,12.276000,1,1,99830054,1117,0,1117,-40,0,3,51
12,360,50.400000,12.276000,1,1,99830064,1117,0,1117,-40,0,3,51
12,360,50.400000,12.276000,1,1,99830074,1118,0,1118,-40,0,3,51
12,360,50.400000,12.276000,1,1,99830085,1120,0,1120,-40,0,3,51
12,360,50.400000,12.276000,1,1,99830096,1123,0,1123,-40,0,3,51
12,360,50.400000,12.276000,1,1,99830107,1129,0,1129,-40,0,3,51
12,360,50.400000,12.276000,1,1,99830127,1135,0,1135,-40,0,3,51
12,360,50.400000,12.276000,1,1,99830137,1142,2,1142,-38,0,3,51
12,360,50.400000,12.276000,1,1,99830147,1144,2,1144,-38,0,3,51
12,360,50.400000,12.276000,1,1,99830158,1145,3,1145,-37,0,3,51
12,360,50.400000,12.276000,1,1,99830169,1145,3,1145,-37,0,3,51
12,360,50.400000,12.276000,1,1,99830179,1145,3,1145,-37,0,3,51
12,360,50.400000,12.276000,1,1,99830190,1145,3,1145,-37,0,3,51
12,360,50.400000,12.276000,1,1,99830201,1145,3,1145,-37,0,3,51
12,360,50.400000,12.276000,1,1,99830212,1145,3,1145,-37,0,3,51
12,360,50.400000,12.276000,1,1,99830223,1145,3,1145,-37,0,3,51
12,360,50.400000,12.276000,1,1,99830234,1145,3,1145,-37,0,3,51
12,360,50.400000,12.276000,1,1,99830245,1145,3,1145,-37,0,3,51
12,360,50.400000,12.276000,1,1,99830255,1145,3,1145,-37,0,3,51
12,360,50.400000,12.276000,1,1,99830265,1145,3,1145,-37,0,3,51
