12,360,50.400000,42.984000,0,0,99791552,780,0,780,0,0,3,30
12,360,50.400000,42.984000,0,0,99791553,780,0,780,0,0,3,30
12,360,50.400000,42.984000,0,0,99791563,780,0,780,0,0,3,30
12,360,50.400000,42.984000,0,0,99791573,780,0,780,0,0,3,30
12,360,50.400000,42.984000,0,0,99791583,780,0,780,0,0,3,30
12,360,50.400000,42.984000,0,0,99791593,780,0,780,0,0,3,30
12,360,50.400000,42.984000,0,0,99791603,782,0,782,-1,0,3,30
12,360,50.400000,42.984000,0,0,99791613,789,0,789,-3,0,3,30
12,360,50.400000,42.984000,0,0,99791632,800,0,800,-3,0,3,30
12,360,50.400000,42.984000,0,0,99791643,837,0,837,-6,0,3,30
12,360,50.400000,42.984000,0,0,99791664,863,0,863,-6,0,3,30
12,360,50.400000,42.984000,0,0,99791677,911,0,911,-6,0,3,30
12,360,50.400000,42.984000,0,0,99791695,937,0,937,-6,0,3,30
12,360,50.400000,42.984000,0,0,99791706,973,0,973,-6,0,3,30
12,360,50.400000,42.984000,0,0,99791718,988,0,988,-6,0,3,30
12,360,50.400000,42.984000,0,0,99791729,1000,1,1000,-5,0,3,30
12,360,50.400000,42.984000,0,0,99791740,1009,1,1009,-5,0,3,30
12,360,50.400000,42.984000,0,0,99791751,1014,1,1014,-5,0,3,30
12,360,50.400000,42.984000,0,0,99791762,1019,1,1019,-5,0,3,30
12,360,50.400000,42.984000,0,0,99791773,1024,1,1024,-5,0,3,30
12,360,50.400000,42.984000,0,0,99791784,1029,1,1029,-5,0,3,30
12,360,50.400000,42.984000,0,0,99791794,1033,1,1033,-5,0,3,30
12,360,50.400000,42.984000,0,0,99791805,1036,1,1036,-5,0,3,30
12,360,50.400000,42.984000,0,0,99791815,1038,1,1038,-5,0,3,30
12,360,50.400000,42.984000,0,0,99791826,1041,1,1041,-5,0,3,30
12,360,50.400000,42.984000,0,0,99791837,1043,1,1043,-5,0,3,30
12,360,50.400000,42.984000,0,0,99791847,1045,1,1045,-5,0,3,30
12,360,50.400000,42.984000,0,0,99791858,1048,1,1048,-5,0,3,30
12,360,50.400000,42.984000,0,0,99791868,1054,1,1054,-5,0,3,30
12,360,50.400000,42.984000,0,0,99791879,1061,2,1061,-4,0,3,30
12,360,50.400000,42.984000,0,0,99791890,1068,3,1068,-3,0,3,30
12,360,50.400000,42.984000,0,0,99791902,1075,3,1075,-3,0,3,30
12,360,50.400000,42.984000,0,0,99791913,1083,4,1083,-2,0,3,30
12,360,50.400000,42.984000,0,0,99791923,1088,4,1088,-2,0,3,30
12,360,50.400000,42.984000,0,0,99791934,1090,4,1090,-2,0,3,30
12,360,50.400000,42.984000,0,0,99791947,1091,5,1091,-1,0,3,30
12,360,50.400000,42.984000,0,0,99791958,1092,5,1092,-1,0,3,30
12,360,50.400000,42.984000,0,0,99791976,1093,5,1093,-1,0,3,30
12,360,50.400000,42.984000,0,0,99791986,1093,5,1093,-1,0,3,30
12,360,50.400000,42.984000,0,0,99791997,1093,5,1093,-1,0,3,30
12,360,50.400000,42.984000,0,0,99792008,1093,5,1093,-1,0,3,30
12,360,50.400000,42.984000,0,0,99792018,1093,5,1093,-1,0,3,30
12,360,50.400000,42.984000,0,0,99792028,1093,5,1093,-1,0,3,30
12,360,50.400000,42.984000,0,0,99792039,1093,5,1093,-1,0,3,30
12,360,50.400000,42.984000,0,0,99792057,1093,5,1093,-1,0,3,30
12,360,50.400000,42.984000,0,0,99792067,1094,5,1094,-1,0,3,30
12,360,50.400000,42.984000,0,0,99792078,1096,5,1096,-1,0,3,30
12,360,50.400000,42.984000,0,0,99792089,1098,5,1098,-1,0,3,30
12,360,50.400000,42.984000,0,0,99792099,1101,5,1101,-1,0,3,30
12,360,50.400000,42.984000,0,0,99792109,1104,5,1104,-1,0,3,30
12,360,50.400000,42.984000,0,0,99792120,1105,4,1105,-2,0,3,30
12,360,50.400000,42.984000,0,0,99792130,1106,4,1106,-2,0,3,30
12,360,50.400000,42.984000,0,0,99792140,1107,4,1107,-2,0,3,30
12,360,50.400000,42.984000,0,0,99792151,1108,4,1108,-2,0,3,30
12,360,50.400000,42.984000,0,0,99792161,1111,4,1111,-2,0,3,30
12,360,50.400000,42.984000,0,0,99792172,1116,4,1116,-2,0,3,30
12,360,50.400000,42.984000,0,0,99792182,1122,4,1122,-2,0,3,30
12,360,50.400000,42.984000,0,0,99792192,1127,4,1127,-2,0,3,30
12,360,50.400000,42.984000,0,0,99792202,1130,4,1130,-2,0,3,30
12,360,50.400000,42.984000,0,0,99792213,1132,4,1132,-2,0,3,30
12,360,50.400000,42.984000,0,0,99792223,1132,4,1132,-2,0,3,30
12,360,50.400000,42.984000,0,0,99792233,1132,4,1132,-2,0,3,30
12,360,50.400000,42.984000,0,0,99792244,1132,4,1132,-2,0,3,30
12,360,50.400000,42.984000,0,0,99792254,1132,4,1132,-2,0,3,30
12,360,50.400000,42.984000,0,0,99792264,1132,4,1132,-2,0,3,30
12,360,50.400000,42.984000,0,0,99792273,1132,4,1132,-2,0,3,30
