12,720,50.400000,0.000000,1,0,99874969,600,0,600,0,0,3,76
12,720,50.400000,0.000000,1,0,99874970,600,0,600,0,0,3,76
12,720,50.400000,0.000000,1,0,99874981,601,0,601,0,0,3,76
12,720,50.400000,0.000000,1,0,99874992,604,0,604,0,0,3,76
12,720,50.400000,0.000000,1,0,99875002,612,0,612,0,0,3,76
12,720,50.400000,0.000000,1,0,99875013,625,0,625,-2,0,3,76
12,720,50.400000,0.000000,1,0,99875024,643,0,643,-2,0,3,76
12,720,50.400000,0.000000,1,0,99875038,664,0,664,-2,0,3,76
12,720,50.400000,0.000000,1,0,99875049,697,0,697,-2,0,3,76
12,720,50.400000,0.000000,1,0,99875060,733,0,733,-2,0,3,76
12,720,50.400000,0.000000,1,0,99875071,768,0,768,-2,0,3,76
12,720,50.400000,0.000000,1,0,99875082,805,2,805,0,0,3,76
12,720,50.400000,0.000000,1,0,99875094,850,6,850,4,0,3,76
12,720,50.400000,0.000000,1,0,99875104,892,11,892,9,0,3,76
12,720,50.400000,0.000000,1,0,99875115,933,17,933,15,0,3,76
12,720,50.400000,0.000000,1,0,99875126,972,22,972,20,0,3,76
12,720,50.400000,0.000000,1,0,99875137,1000,26,1000,24,0,3,76
12,720,50.400000,0.000000,1,0,99875148,1022,30,1022,28,0,3,76
12,720,50.400000,0.000000,1,0,99875160,1038,33,1038,31,0,3,76
12,720,50.400000,0.000000,1,0,99875171,1052,35,1052,33,0,3,76
12,720,50.400000,0.000000,1,0,99875182,1062,37,1062,35,0,3,76
12,720,50.400000,0.000000,1,0,99875193,1072,38,1072,36,0,3,76
12,720,50.400000,0.000000,1,0,99875204,1081,39,1081,37,0,3,76
12,720,50.400000,0.000000,1,0,99875214,1092,40,1092,38,0,3,76
12,720,50.400000,0.000000,1,0,99875226,1107,41,1107,39,0,3,76
12,720,50.400000,0.000000,1,0,99875237,1123,42,1123,40,0,3,76
12,720,50.400000,0.000000,1,0,99875249,1141,45,1141,43,0,3,76
12,720,50.400000,0.000000,1,0,99875268,1160,47,1160,45,0,3,76
12,720,50.400000,0.000000,1,0,99875279,1193,52,1193,50,0,3,76
12,720,50.400000,0.000000,1,0,99875290,1207,55,1207,53,0,3,76
12,720,50.400000,0.000000,1,0,99875300,1217,56,1217,54,0,3,76
12,720,50.400000,0.000000,1,0,99875311,1223,57,1223,55,0,3,76
12,720,50.400000,0.000000,1,0,99875322,1227,57,1227,55,0,3,76
12,720,50.400000,0.000000,1,0,99875333,1232,58,1232,56,0,3,76
12,720,50.400000,0.000000,1,0,99875344,1235,58,1235,56,0,3,76
12,720,50.400000,0.000000,1,0,99875356,1240,59,1240,57,0,3,76
12,720,50.400000,0.000000,1,0,99875367,1247,59,1247,57,0,3,76
12,720,50.400000,0.000000,1,0,99875377,1254,59,1254,57,0,3,76
12,720,50.400000,0.000000,1,0,99875388,1264,59,1264,57,0,3,76
12,720,50.400000,0.000000,1,0,99875399,1272,59,1272,57,0,3,76
12,720,50.400000,0.000000,1,0,99875411,1277,58,1277,56,0,3,76
12,720,50.400000,0.000000,1,0,99875422,1280,58,1280,56,0,3,76
12,720,50.400000,0.000000,1,0,99875432,1280,58,1280,56,0,3,76
12,720,50.400000,0.000000,1,0,99875443,1280,58,1280,56,0,3,76
12,720,50.400000,0.000000,1,0,99875453,1280,57,1280,55,0,3,76
12,720,50.400000,0.000000,1,0,99875463,1281,57,1281,55,0,3,76
12,720,50.400000,0.000000,1,0,99875475,1284,56,1284,54,0,3,76
12,720,50.400000,0.000000,1,0,99875486,1287,54,1287,52,0,3,76
12,720,50.400000,0.000000,1,0,99875496,1290,53,1290,51,0,3,76
12,720,50.400000,0.000000,1,0,99875507,1293,52,1293,50,0,3,76
12,720,50.400000,0.000000,1,0,99875517,1296,51,1296,49,0,3,76
12,720,50.400000,0.000000,1,0,99875528,1298,50,1298,48,0,3,76
12,720,50.400000,0.000000,1,0,99875538,1299,48,1299,46,0,3,76
12,720,50.400000,0.000000,1,0,99875549,1301,47,1301,45,0,3,76
12,720,50.400000,0.000000,1,0,99875560,1303,46,1303,44,0,3,76
12,720,50.400000,0.000000,1,0,99875571,1305,44,1305,42,0,3,76
12,720,50.400000,0.000000,1,0,99875581,1307,42,1307,40,0,3,76
12,720,50.400000,0.000000,1,0,99875592,1309,40,1309,38,0,3,76
12,720,50.400000,0.000000,1,0,99875602,1311,38,1311,36,0,3,76
12,720,50.400000,0.000000,1,0,99875612,1312,36,1312,34,0,3,76
12,720,50.400000,0.000000,1,0,99875622,1314,34,1314,32,0,3,76
12,720,50.400000,0.000000,1,0,99875632,1315,32,1315,30,0,3,76
12,720,50.400000,0.000000,1,0,99875643,1316,30,1316,28,0,3,76
12,720,50.400000,0.000000,1,0,99875652,1318,29,1318,27,0,3,76
12,720,50.400000,0.000000,1,0,99875663,1319,28,1319,26,0,3,76
12,720,50.400000,0.000000,1,0,99875673,1320,26,1320,24,0,3,76
12,720,50.400000,0.000000,1,0,99875683,1320,25,1320,23,0,3,76
12,720,50.400000,0.000000,1,0,99875693,1321,24,1321,22,0,3,76
12,720,50.400000,0.000000,1,0,99875703,1321,23,1321,21,0,3,76
12,720,50.400000,0.000000,1,0,99875713,1321,22,1321,20,0,3,76
12,720,50.400000,0.000000,1,0,99875723,1321,21,1321,19,0,3,76
12,720,50.400000,0.000000,1,0,99875732,1321,19,1321,17,0,3,76
12,720,50.400000,0.000000,1,0,99875743,1321,17,1321,15,0,3,76
12,720,50.400000,0.000000,1,0,99875753,1321,15,1321,13,0,3,76
12,720,50.400000,0.000000,1,0,99875763,1320,13,1320,11,0,3,76
12,720,50.400000,0.000000,1,0,99875773,1319,11,1319,9,0,3,76
12,720,50.400000,0.000000,1,0,99875783,1318,9,1318,7,0,3,76
12,720,50.400000,0.000000,1,0,99875794,1316,6,1316,4,0,3,76
12,720,50.400000,0.000000,1,0,99875804,1315,3,1315,1,0,3,76
12,720,50.400000,0.000000,1,0,99875814,1313,0,1313,-2,0,3,76
12,720,50.400000,0.000000,1,0,99875824,1312,0,1312,-3,0,3,76
12,720,50.400000,0.000000,1,0,99875834,1311,0,1311,-4,0,3,76
12,720,50.400000,0.000000,1,0,99875844,1311,0,1311,-4,0,3,76
12,720,50.400000,0.000000,1,0,99875853,1311,0,1311,-4,0,3,76
12,720,50.400000,0.000000,1,0,99875864,1311,0,1311,-4,0,3,76
12,720,50.400000,0.000000,1,0,99875874,1311,0,1311,-4,0,3,76
12,720,50.400000,0.000000,1,0,99875884,1311,0,1311,-4,0,3,76
12,720,50.400000,0.000000,1,0,99875894,1311,0,1311,-4,0,3,76
12,720,50.400000,0.000000,1,0,99875904,1311,0,1311,-4,0,3,76
