12,720,21.600000,0.000000,1,0,99871616,600,0,600,0,0,3,74
12,720,21.600000,0.000000,1,0,99871616,600,0,600,0,0,3,74
12,720,21.600000,0.000000,1,0,99871627,604,0,604,-1,0,3,74
12,720,21.600000,0.000000,1,0,99871638,612,0,612,-2,0,3,74
12,720,21.600000,0.000000,1,0,99871649,620,0,620,-3,0,3,74
12,720,21.600000,0.000000,1,0,99871659,634,0,634,-3,0,3,74
12,720,21.600000,0.000000,1,0,99871671,651,0,651,-4,0,3,74
12,720,21.600000,0.000000,1,0,99871681,681,0,681,-5,0,3,74
12,720,21.600000,0.000000,1,0,99871693,714,0,714,-6,0,3,74
12,720,21.600000,0.000000,1,0,99871704,763,0,763,-6,0,3,74
12,720,21.600000,0.000000,1,0,99871715,815,0,815,-6,0,3,74
12,720,21.600000,0.000000,1,0,99871725,859,0,859,-6,0,3,74
12,720,21.600000,0.000000,1,0,99871735,913,2,913,-4,0,3,74
12,720,21.600000,0.000000,1,0,99871745,972,3,972,-3,0,3,74
12,720,21.600000,0.000000,1,0,99871756,1019,4,1019,-2,0,3,74
12,720,21.600000,0.000000,1,0,99871767,1070,6,1070,0,0,3,74
12,720,21.600000,0.000000,1,0,99871779,1107,7,1107,1,0,3,74
12,720,21.600000,0.000000,1,0,99871789,1181,9,1181,3,0,3,74
12,720,21.600000,0.000000,1,0,99871800,1205,9,1205,3,0,3,74
12,720,21.600000,0.000000,1,0,99871811,1227,9,1227,3,0,3,74
12,720,21.600000,0.000000,1,0,99871821,1243,10,1243,4,0,3,74
12,720,21.600000,0.000000,1,0,99871831,1258,10,1258,4,0,3,74
12,720,21.600000,0.000000,1,0,99871842,1272,11,1272,5,0,3,74
12,720,21.600000,0.000000,1,0,99871853,1284,11,1284,5,0,3,74
12,720,21.600000,0.000000,1,0,99871863,1299,11,1299,5,0,3,74
12,720,21.600000,0.000000,1,0,99871875,1311,12,1311,6,0,3,74
12,720,21.600000,0.000000,1,0,99871885,1321,13,1321,7,0,3,74
12,720,21.600000,0.000000,1,0,99871895,1330,14,1330,8,0,3,74
12,720,21.600000,0.000000,1,0,99871906,1339,16,1339,10,0,3,74
12,720,21.600000,0.000000,1,0,99871916,1350,18,1350,12,0,3,74
12,720,21.600000,0.000000,1,0,99871927,1358,20,1358,14,0,3,74
12,720,21.600000,0.000000,1,0,99871938,1364,21,1364,15,0,3,74
12,720,21.600000,0.000000,1,0,99871947,1368,21,1368,15,0,3,74
12,720,21.600000,0.000000,1,0,99871958,1370,21,1370,15,0,3,74
12,720,21.600000,0.000000,1,0,99871969,1372,21,1372,15,0,3,74
12,720,21.600000,0.000000,1,0,99871979,1372,21,1372,15,0,3,74
12,720,21.600000,0.000000,1,0,99871989,1372,21,1372,15,0,3,74
12,720,21.600000,0.000000,1,0,99872000,1372,21,1372,15,0,3,74
12,720,21.600000,0.000000,1,0,99872010,1372,21,1372,15,0,3,74
12,720,21.600000,0.000000,1,0,99872020,1372,21,1372,15,0,3,74
12,720,21.600000,0.000000,1,0,99872030,1372,21,1372,15,0,3,74
12,720,21.600000,0.000000,1,0,99872040,1372,21,1372,15,0,3,74
12,720,21.600000,0.000000,1,0,99872051,1371,21,1371,15,0,3,74
12,720,21.600000,0.000000,1,0,99872062,1369,21,1369,15,0,3,74
12,720,21.600000,0.000000,1,0,99872072,1364,21,1364,15,0,3,74
12,720,21.600000,0.000000,1,0,99872084,1359,21,1359,15,0,3,74
12,720,21.600000,0.000000,1,0,99872094,1353,20,1353,14,0,3,74
12,720,21.600000,0.000000,1,0,99872104,1348,19,1348,13,0,3,74
12,720,21.600000,0.000000,1,0,99872114,1344,19,1344,13,0,3,74
12,720,21.600000,0.000000,1,0,99872125,1339,18,1339,12,0,3,74
12,720,21.600000,0.000000,1,0,99872135,1334,17,1334,11,0,3,74
12,720,21.600000,0.000000,1,0,99872146,1328,17,1328,11,0,3,74
12,720,21.600000,0.000000,1,0,99872156,1323,17,1323,11,0,3,74
12,720,21.600000,0.000000,1,0,99872167,1319,16,1319,10,0,3,74
12,720,21.600000,0.000000,1,0,99872176,1315,16,1315,10,0,3,74
12,720,21.600000,0.000000,1,0,99872187,1311,15,1311,9,0,3,74
12,720,21.600000,0.000000,1,0,99872198,1309,15,1309,9,0,3,74
12,720,21.600000,0.000000,1,0,99872208,1307,15,1307,9,0,3,74
12,720,21.600000,0.000000,1,0,99872218,1307,15,1307,9,0,3,74
12,720,21.600000,0.000000,1,0,99872228,1307,15,1307,9,0,3,74
12,720,21.600000,0.000000,1,0,99872240,1307,15,1307,9,0,3,74
12,720,21.600000,0.000000,1,0,99872250,1307,15,1307,9,0,3,74
12,720,21.600000,0.000000,1,0,99872260,1307,15,1307,9,0,3,74
12,720,21.600000,0.000000,1,0,99872270,1307,15,1307,9,0,3,74
12,720,21.600000,0.000000,1,0,99872281,1307,15,1307,9,0,3,74
12,720,21.600000,0.000000,1,0,99872291,1307,15,1307,9,0,3,74
12,720,21.600000,0.000000,1,0,99872301,1307,15,1307,9,0,3,74
12,720,21.600000,0.000000,1,0,99872311,1307,15,1307,9,0,3,74
12,720,21.600000,0.000000,1,0,99872320,1307,15,1307,9,0,3,74
12,720,21.600000,0.000000,1,0,99872331,1307,15,1307,9,0,3,74
12,720,21.600000,0.000000,1,0,99872341,1307,15,1307,9,0,3,74
12,720,21.600000,0.000000,1,0,99872351,1307,15,1307,9,0,3,74
12,720,21.600000,0.000000,1,0,99872362,1307,15,1307,9,0,3,74
12,720,21.600000,0.000000,1,0,99872372,1307,15,1307,9,0,3,74
12,720,21.600000,0.000000,1,0,99872381,1307,15,1307,9,0,3,74
12,720,21.600000,0.000000,1,0,99872391,1307,15,1307,9,0,3,74
12,720,21.600000,0.000000,1,0,99872402,1307,15,1307,9,0,3,74
12,720,21.600000,0.000000,1,0,99872412,1307,15,1307,9,0,3,74
12,720,21.600000,0.000000,1,0,99872423,1308,15,1308,9,0,3,74
12,720,21.600000,0.000000,1,0,99872433,1308,15,1308,9,0,3,74
12,720,21.600000,0.000000,1,0,99872443,1308,15,1308,9,0,3,74
12,720,21.600000,0.000000,1,0,99872453,1309,15,1309,9,0,3,74
12,720,21.600000,0.000000,1,0,99872463,1310,15,1310,9,0,3,74
12,720,21.600000,0.000000,1,0,99872473,1311,15,1311,9,0,3,74
12,720,21.600000,0.000000,1,0,99872484,1312,15,1312,9,0,3,74
12,720,21.600000,0.000000,1,0,99872494,1314,15,1314,9,0,3,74
12,720,21.600000,0.000000,1,0,99872505,1315,15,1315,9,0,3,74
12,720,21.600000,0.000000,1,0,99872516,1316,15,1316,9,0,3,74
12,720,21.600000,0.000000,1,0,99872525,1316,15,1316,9,0,3,74
12,720,21.600000,0.000000,1,0,99872536,1316,15,1316,9,0,3,74
12,720,21.600000,0.000000,1,0,99872545,1316,15,1316,9,0,3,74
12,720,21.600000,0.000000,1,0,99872556,1316,15,1316,9,0,3,74
12,720,21.600000,0.000000,1,0,99872566,1316,15,1316,9,0,3,74
12,720,21.600000,0.000000,1,0,99872576,1316,15,1316,9,0,3,74
12,720,21.600000,0.000000,1,0,99872587,1316,15,1316,9,0,3,74
12,720,21.600000,0.000000,1,0,99872597,1316,15,1316,9,0,3,74
12,720,21.600000,0.000000,1,0,99872608,1316,15,1316,9,0,3,74
12,720,21.600000,0.000000,1,0,99872618,1316,15,1316,9,0,3,74
12,720,21.600000,0.000000,1,0,99872629,1316,15,1316,9,0,3,74
