12,720,50.400000,0.000000,0,0,99768847,600,0,600,0,0,3,16
12,720,50.400000,0.000000,0,0,99768848,600,0,600,0,0,3,16
12,720,50.400000,0.000000,0,0,99768859,602,0,602,0,0,3,16
12,720,50.400000,0.000000,0,0,99768870,605,0,605,-1,0,3,16
12,720,50.400000,0.000000,0,0,99768881,612,0,612,-3,0,3,16
12,720,50.400000,0.000000,0,0,99768892,623,0,623,-4,0,3,16
12,720,50.400000,0.000000,0,0,99768902,641,0,641,-6,0,3,16
12,720,50.400000,0.000000,0,0,99768923,665,0,665,-6,0,3,16
12,720,50.400000,0.000000,0,0,99768935,732,0,732,-6,0,3,16
12,720,50.400000,0.000000,0,0,99768946,779,0,779,-6,0,3,16
12,720,50.400000,0.000000,0,0,99768956,824,5,824,-1,0,3,16
12,720,50.400000,0.000000,0,0,99768967,862,9,862,3,0,3,16
12,720,50.400000,0.000000,0,0,99768978,906,13,906,7,0,3,16
12,720,50.400000,0.000000,0,0,99768990,960,17,960,11,0,3,16
12,720,50.400000,0.000000,0,0,99769001,1009,20,1009,14,0,3,16
12,720,50.400000,0.000000,0,0,99769012,1059,23,1059,17,0,3,16
12,720,50.400000,0.000000,0,0,99769023,1105,25,1105,19,0,3,16
12,720,50.400000,0.000000,0,0,99769033,1139,26,1139,20,0,3,16
12,720,50.400000,0.000000,0,0,99769044,1165,27,1165,21,0,3,16
12,720,50.400000,0.000000,0,0,99769054,1188,28,1188,22,0,3,16
12,720,50.400000,0.000000,0,0,99769066,1208,29,1208,23,0,3,16
12,720,50.400000,0.000000,0,0,99769077,1230,29,1230,23,0,3,16
12,720,50.400000,0.000000,0,0,99769088,1249,29,1249,23,0,3,16
12,720,50.400000,0.000000,0,0,99769099,1263,29,1263,23,0,3,16
12,720,50.400000,0.000000,0,0,99769109,1275,29,1275,23,0,3,16
12,720,50.400000,0.000000,0,0,99769119,1283,29,1283,23,0,3,16
12,720,50.400000,0.000000,0,0,99769130,1290,28,1290,22,0,3,16
12,720,50.400000,0.000000,0,0,99769140,1297,27,1297,21,0,3,16
12,720,50.400000,0.000000,0,0,99769151,1302,27,1302,21,0,3,16
12,720,50.400000,0.000000,0,0,99769161,1306,26,1306,20,0,3,16
12,720,50.400000,0.000000,0,0,99769171,1308,26,1308,20,0,3,16
12,720,50.400000,0.000000,0,0,99769182,1310,26,1310,20,0,3,16
12,720,50.400000,0.000000,0,0,99769192,1310,25,1310,19,0,3,16
12,720,50.400000,0.000000,0,0,99769203,1310,25,1310,19,0,3,16
12,720,50.400000,0.000000,0,0,99769214,1310,25,1310,19,0,3,16
12,720,50.400000,0.000000,0,0,99769224,1311,25,1311,19,0,3,16
12,720,50.400000,0.000000,0,0,99769236,1312,25,1312,19,0,3,16
12,720,50.400000,0.000000,0,0,99769247,1312,25,1312,19,0,3,16
12,720,50.400000,0.000000,0,0,99769259,1314,24,1314,18,0,3,16
12,720,50.400000,0.000000,0,0,99769269,1315,24,1315,18,0,3,16
12,720,50.400000,0.000000,0,0,99769280,1316,24,1316,18,0,3,16
12,720,50.400000,0.000000,0,0,99769291,1317,23,1317,17,0,3,16
12,720,50.400000,0.000000,0,0,99769301,1318,22,1318,16,0,3,16
12,720,50.400000,0.000000,0,0,99769311,1318,22,1318,16,0,3,16
12,720,50.400000,0.000000,0,0,99769322,1318,22,1318,16,0,3,16
12,720,50.400000,0.000000,0,0,99769332,1318,22,1318,16,0,3,16
12,720,50.400000,0.000000,0,0,99769343,1318,21,1318,15,0,3,16
12,720,50.400000,0.000000,0,0,99769353,1318,21,1318,15,0,3,16
12,720,50.400000,0.000000,0,0,99769363,1318,20,1318,14,0,3,16
12,720,50.400000,0.000000,0,0,99769374,1318,19,1318,13,0,3,16
12,720,50.400000,0.000000,0,0,99769383,1318,18,1318,12,0,3,16
12,720,50.400000,0.000000,0,0,99769393,1318,17,1318,11,0,3,16
12,720,50.400000,0.000000,0,0,99769403,1317,17,1317,11,0,3,16
12,720,50.400000,0.000000,0,0,99769414,1317,16,1317,10,0,3,16
12,720,50.400000,0.000000,0,0,99769424,1317,15,1317,9,0,3,16
12,720,50.400000,0.000000,0,0,99769435,1317,15,1317,9,0,3,16
12,720,50.400000,0.000000,0,0,99769445,1317,15,1317,9,0,3,16
12,720,50.400000,0.000000,0,0,99769455,1317,15,1317,9,0,3,16
12,720,50.400000,0.000000,0,0,99769466,1317,15,1317,9,0,3,16
12,720,50.400000,0.000000,0,0,99769476,1317,15,1317,9,0,3,16
12,720,50.400000,0.000000,0,0,99769486,1317,15,1317,9,0,3,16
12,720,50.400000,0.000000,0,0,99769496,1317,15,1317,9,0,3,16
