12,720,50.400000,0.000000,1,1,99936111,600,22,600,22,0,3,110
12,720,50.400000,0.000000,1,1,99936112,600,22,600,22,0,3,110
12,720,50.400000,0.000000,1,1,99936122,600,22,600,22,0,3,110
12,720,50.400000,0.000000,1,1,99936133,600,21,600,21,0,3,110
12,720,50.400000,0.000000,1,1,99936144,600,21,600,21,0,3,110
12,720,50.400000,0.000000,1,1,99936154,600,20,600,20,0,3,110
12,720,50.400000,0.000000,1,1,99936165,602,18,602,18,0,3,110
12,720,50.400000,0.000000,1,1,99936176,607,16,607,16,0,3,110
12,720,50.400000,0.000000,1,1,99936188,616,13,616,13,0,3,110
12,720,50.400000,0.000000,1,1,99936198,633,9,633,9,0,3,110
12,720,50.400000,0.000000,1,1,99936209,653,4,653,4,0,3,110
12,720,50.400000,0.000000,1,1,99936219,681,0,681,-3,0,3,110
12,720,50.400000,0.000000,1,1,99936231,714,0,714,-9,0,3,110
12,720,50.400000,0.000000,1,1,99936241,766,0,766,-18,0,3,110
12,720,50.400000,0.000000,1,1,99936253,815,0,815,-26,0,3,110
12,720,50.400000,0.000000,1,1,99936264,873,0,873,-34,0,3,110
12,720,50.400000,0.000000,1,1,99936275,924,0,924,-42,0,3,110
12,720,50.400000,0.000000,1,1,99936286,982,0,982,-49,0,3,110
12,720,50.400000,0.000000,1,1,99936297,1041,0,1041,-57,0,3,110
12,720,50.400000,0.000000,1,1,99936307,1086,0,1086,-61,0,3,110
12,720,50.400000,0.000000,1,1,99936318,1129,0,1129,-65,0,3,110
12,720,50.400000,0.000000,1,1,99936328,1168,0,1168,-67,0,3,110
12,720,50.400000,0.000000,1,1,99936339,1198,0,1198,-69,0,3,110
12,720,50.400000,0.000000,1,1,99936350,1217,0,1217,-69,0,3,110
12,720,50.400000,0.000000,1,1,99936361,1233,0,1233,-69,0,3,110
12,720,50.400000,0.000000,1,1,99936372,1245,0,1245,-69,0,3,110
12,720,50.400000,0.000000,1,1,99936382,1254,1,1254,-68,0,3,110
12,720,50.400000,0.000000,1,1,99936393,1260,1,1260,-68,0,3,110
12,720,50.400000,0.000000,1,1,99936403,1266,2,1266,-67,0,3,110
12,720,50.400000,0.000000,1,1,99936414,1270,3,1270,-66,0,3,110
12,720,50.400000,0.000000,1,1,99936425,1274,4,1274,-65,0,3,110
12,720,50.400000,0.000000,1,1,99936435,1279,5,1279,-64,0,3,110
12,720,50.400000,0.000000,1,1,99936446,1284,6,1284,-63,0,3,110
12,720,50.400000,0.000000,1,1,99936457,1288,6,1288,-63,0,3,110
12,720,50.400000,0.000000,1,1,99936468,1291,7,1291,-62,0,3,110
12,720,50.400000,0.000000,1,1,99936479,1295,7,1295,-62,0,3,110
12,720,50.400000,0.000000,1,1,99936490,1300,8,1300,-61,0,3,110
12,720,50.400000,0.000000,1,1,99936501,1306,9,1306,-60,0,3,110
12,720,50.400000,0.000000,1,1,99936512,1311,9,1311,-60,0,3,110
12,720,50.400000,0.000000,1,1,99936523,1317,10,1317,-59,0,3,110
12,720,50.400000,0.000000,1,1,99936535,1322,11,1322,-58,0,3,110
12,720,50.400000,0.000000,1,1,99936545,1326,11,1326,-58,0,3,110
12,720,50.400000,0.000000,1,1,99936556,1327,11,1327,-58,0,3,110
12,720,50.400000,0.000000,1,1,99936566,1327,12,1327,-57,0,3,110
12,720,50.400000,0.000000,1,1,99936577,1327,12,1327,-57,0,3,110
12,720,50.400000,0.000000,1,1,99936587,1326,12,1326,-57,0,3,110
12,720,50.400000,0.000000,1,1,99936598,1325,12,1325,-57,0,3,110
12,720,50.400000,0.000000,1,1,99936609,1324,12,1324,-57,0,3,110
12,720,50.400000,0.000000,1,1,99936620,1324,13,1324,-56,0,3,110
12,720,50.400000,0.000000,1,1,99936630,1324,13,1324,-56,0,3,110
12,720,50.400000,0.000000,1,1,99936641,1323,13,1323,-56,0,3,110
12,720,50.400000,0.000000,1,1,99936651,1322,13,1322,-56,0,3,110
12,720,50.400000,0.000000,1,1,99936661,1321,13,1321,-56,0,3,110
12,720,50.400000,0.000000,1,1,99936672,1320,13,1320,-56,0,3,110
12,720,50.400000,0.000000,1,1,99936682,1319,13,1319,-56,0,3,110
12,720,50.400000,0.000000,1,1,99936693,1318,13,1318,-56,0,3,110
12,720,50.400000,0.000000,1,1,99936703,1317,13,1317,-56,0,3,110
12,720,50.400000,0.000000,1,1,99936714,1316,14,1316,-55,0,3,110
12,720,50.400000,0.000000,1,1,99936725,1316,14,1316,-55,0,3,110
12,720,50.400000,0.000000,1,1,99936735,1316,14,1316,-55,0,3,110
12,720,50.400000,0.000000,1,1,99936745,1316,14,1316,-55,0,3,110
