12,360,50.400000,22.608000,0,1,99796309,780,22,780,22,0,3,33
12,360,50.400000,22.608000,0,1,99796310,780,22,780,22,0,3,33
12,360,50.400000,22.608000,0,1,99796321,780,22,780,22,0,3,33
12,360,50.400000,22.608000,0,1,99796331,780,22,780,22,0,3,33
12,360,50.400000,22.608000,0,1,99796342,780,22,780,22,0,3,33
12,360,50.400000,22.608000,0,1,99796352,780,21,780,21,0,3,33
12,360,50.400000,22.608000,0,1,99796363,780,20,780,20,0,3,33
12,360,50.400000,22.608000,0,1,99796373,784,17,784,17,0,3,33
12,360,50.400000,22.608000,0,1,99796385,791,14,791,14,0,3,33
12,360,50.400000,22.608000,0,1,99796396,804,12,804,12,0,3,33
12,360,50.400000,22.608000,0,1,99796407,819,11,819,11,0,3,33
12,360,50.400000,22.608000,0,1,99796418,842,10,842,10,0,3,33
12,360,50.400000,22.608000,0,1,99796428,871,9,871,9,0,3,33
12,360,50.400000,22.608000,0,1,99796440,903,9,903,9,0,3,33
12,360,50.400000,22.608000,0,1,99796451,934,9,934,9,0,3,33
12,360,50.400000,22.608000,0,1,99796463,975,9,975,9,0,3,33
12,360,50.400000,22.608000,0,1,99796474,1009,9,1009,9,0,3,33
12,360,50.400000,22.608000,0,1,99796485,1041,10,1041,10,0,3,33
12,360,50.400000,22.608000,0,1,99796496,1069,11,1069,11,0,3,33
12,360,50.400000,22.608000,0,1,99796507,1094,11,1094,11,0,3,33
12,360,50.400000,22.608000,0,1,99796517,1107,11,1107,11,0,3,33
12,360,50.400000,22.608000,0,1,99796527,1115,11,1115,11,0,3,33
12,360,50.400000,22.608000,0,1,99796538,1120,11,1120,11,0,3,33
12,360,50.400000,22.608000,0,1,99796548,1123,11,1123,11,0,3,33
12,360,50.400000,22.608000,0,1,99796559,1123,11,1123,11,0,3,33
12,360,50.400000,22.608000,0,1,99796569,1123,11,1123,11,0,3,33
12,360,50.400000,22.608000,0,1,99796579,1123,11,1123,11,0,3,33
12,360,50.400000,22.608000,0,1,99796590,1123,11,1123,11,0,3,33
12,360,50.400000,22.608000,0,1,99796600,1123,11,1123,11,0,3,33
12,360,50.400000,22.608000,0,1,99796610,1123,11,1123,11,0,3,33
12,360,50.400000,22.608000,0,1,99796621,1123,11,1123,11,0,3,33
12,360,50.400000,22.608000,0,1,99796631,1123,11,1123,11,0,3,33
12,360,50.400000,22.608000,0,1,99796642,1124,11,1124,11,0,3,33
12,360,50.400000,22.608000,0,1,99796653,1124,11,1124,11,0,3,33
12,360,50.400000,22.608000,0,1,99796664,1125,11,1125,11,0,3,33
12,360,50.400000,22.608000,0,1,99796675,1126,11,1126,11,0,3,33
12,360,50.400000,22.608000,0,1,99796685,1127,11,1127,11,0,3,33
12,360,50.400000,22.608000,0,1,99796696,1127,10,1127,10,0,3,33
12,360,50.400000,22.608000,0,1,99796706,1127,10,1127,10,0,3,33
12,360,50.400000,22.608000,0,1,99796716,1127,10,1127,10,0,3,33
12,360,50.400000,22.608000,0,1,99796727,1127,10,1127,10,0,3,33
12,360,50.400000,22.608000,0,1,99796738,1127,10,1127,10,0,3,33
12,360,50.400000,22.608000,0,1,99796747,1127,10,1127,10,0,3,33
