12,360,82.800000,22.608000,1,1,99788404,780,22,780,22,0,3,28
12,360,82.800000,22.608000,1,1,99788405,780,22,780,22,0,3,28
12,360,82.800000,22.608000,1,1,99788415,781,22,781,22,0,3,28
12,360,82.800000,22.608000,1,1,99788426,782,21,782,21,0,3,28
12,360,82.800000,22.608000,1,1,99788436,784,20,784,20,0,3,28
12,360,82.800000,22.608000,1,1,99788449,786,18,786,18,0,3,28
12,360,82.800000,22.608000,1,1,99788460,791,16,791,16,0,3,28
12,360,82.800000,22.608000,1,1,99788473,798,14,798,14,0,3,28
12,360,82.800000,22.608000,1,1,99788484,809,13,809,13,0,3,28
12,360,82.800000,22.608000,1,1,99788495,820,12,820,12,0,3,28
12,360,82.800000,22.608000,1,1,99788506,829,12,829,12,0,3,28
12,360,82.800000,22.608000,1,1,99788517,842,12,842,12,0,3,28
12,360,82.800000,22.608000,1,1,99788537,860,12,860,12,0,3,28
12,360,82.800000,22.608000,1,1,99788549,907,12,907,12,0,3,28
12,360,82.800000,22.608000,1,1,99788568,934,12,934,12,0,3,28
12,360,82.800000,22.608000,1,1,99788579,975,12,975,12,0,3,28
12,360,82.800000,22.608000,1,1,99788590,993,12,993,12,0,3,28
12,360,82.800000,22.608000,1,1,99788600,1008,12,1008,12,0,3,28
12,360,82.800000,22.608000,1,1,99788611,1021,12,1021,12,0,3,28
12,360,82.800000,22.608000,1,1,99788623,1034,12,1034,12,0,3,28
12,360,82.800000,22.608000,1,1,99788634,1046,12,1046,12,0,3,28
12,360,82.800000,22.608000,1,1,99788645,1055,13,1055,13,0,3,28
12,360,82.800000,22.608000,1,1,99788655,1063,13,1063,13,0,3,28
12,360,82.800000,22.608000,1,1,99788676,1071,13,1071,13,0,3,28
12,360,82.800000,22.608000,1,1,99788687,1083,13,1083,13,0,3,28
12,360,82.800000,22.608000,1,1,99788697,1087,13,1087,13,0,3,28
12,360,82.800000,22.608000,1,1,99788708,1090,13,1090,13,0,3,28
12,360,82.800000,22.608000,1,1,99788718,1092,13,1092,13,0,3,28
12,360,82.800000,22.608000,1,1,99788735,1092,13,1092,13,0,3,28
12,360,82.800000,22.608000,1,1,99788745,1093,13,1093,13,0,3,28
12,360,82.800000,22.608000,1,1,99788755,1093,13,1093,13,0,3,28
12,360,82.800000,22.608000,1,1,99788765,1095,13,1095,13,0,3,28
12,360,82.800000,22.608000,1,1,99788776,1099,13,1099,13,0,3,28
12,360,82.800000,22.608000,1,1,99788786,1104,13,1104,13,0,3,28
12,360,82.800000,22.608000,1,1,99788797,1109,13,1109,13,0,3,28
12,360,82.800000,22.608000,1,1,99788815,1112,13,1112,13,0,3,28
12,360,82.800000,22.608000,1,1,99788825,1114,13,1114,13,0,3,28
12,360,82.800000,22.608000,1,1,99788835,1114,13,1114,13,0,3,28
12,360,82.800000,22.608000,1,1,99788846,1114,13,1114,13,0,3,28
12,360,82.800000,22.608000,1,1,99788856,1114,13,1114,13,0,3,28
12,360,82.800000,22.608000,1,1,99788866,1114,13,1114,13,0,3,28
12,360,82.800000,22.608000,1,1,99788877,1114,13,1114,13,0,3,28
12,360,82.800000,22.608000,1,1,99788888,1114,13,1114,13,0,3,28
12,360,82.800000,22.608000,1,1,99788899,1116,12,1116,12,0,3,28
12,360,82.800000,22.608000,1,1,99788909,1116,11,1116,11,0,3,28
12,360,82.800000,22.608000,1,1,99788919,1117,11,1117,11,0,3,28
12,360,82.800000,22.608000,1,1,99788930,1117,10,1117,10,0,3,28
12,360,82.800000,22.608000,1,1,99788940,1117,9,1117,9,0,3,28
12,360,82.800000,22.608000,1,1,99788950,1118,9,1118,9,0,3,28
12,360,82.800000,22.608000,1,1,99788962,1118,9,1118,9,0,3,28
12,360,82.800000,22.608000,1,1,99788972,1118,9,1118,9,0,3,28
