12,720,82.800000,42.984000,1,1,100152657,600,22,600,22,0,4,113
12,720,82.800000,42.984000,1,1,100152658,600,22,600,22,0,4,113
12,720,82.800000,42.984000,1,1,100152669,601,22,601,22,0,4,113
12,720,82.800000,42.984000,1,1,100152681,603,22,603,22,0,4,113
12,720,82.800000,42.984000,1,1,100152691,608,20,608,20,0,4,113
12,720,82.800000,42.984000,1,1,100152702,615,18,615,18,0,4,113
12,720,82.800000,42.984000,1,1,100152714,624,16,624,16,0,4,113
12,720,82.800000,42.984000,1,1,100152725,636,15,636,15,0,4,113
12,720,82.800000,42.984000,1,1,100152736,650,14,650,14,0,4,113
12,720,82.800000,42.984000,1,1,100152746,666,13,666,13,0,4,113
12,720,82.800000,42.984000,1,1,100152757,679,12,679,12,0,4,113
12,720,82.800000,42.984000,1,1,100152768,697,12,697,12,0,4,113
12,720,82.800000,42.984000,1,1,100152787,719,11,719,11,0,4,113
12,720,82.800000,42.984000,1,1,100152798,767,9,767,9,0,4,113
12,720,82.800000,42.984000,1,1,100152809,807,9,807,9,0,4,113
12,720,82.800000,42.984000,1,1,100152820,846,8,846,8,0,4,113
12,720,82.800000,42.984000,1,1,100152831,885,8,885,8,0,4,113
12,720,82.800000,42.984000,1,1,100152842,923,8,923,8,0,4,113
12,720,82.800000,42.984000,1,1,100152853,954,8,954,8,0,4,113
12,720,82.800000,42.984000,1,1,100152864,981,8,981,8,0,4,113
12,720,82.800000,42.984000,1,1,100152875,1005,8,1005,8,0,4,113
12,720,82.800000,42.984000,1,1,100152886,1026,8,1026,8,0,4,113
12,720,82.800000,42.984000,1,1,100152898,1052,8,1052,8,0,4,113
12,720,82.800000,42.984000,1,1,100152909,1069,8,1069,8,0,4,113
12,720,82.800000,42.984000,1,1,100152919,1086,8,1086,8,0,4,113
12,720,82.800000,42.984000,1,1,100152930,1101,8,1101,8,0,4,113
12,720,82.800000,42.984000,1,1,100152942,1114,8,1114,8,0,4,113
12,720,82.800000,42.984000,1,1,100152952,1128,8,1128,8,0,4,113
12,720,82.800000,42.984000,1,1,100152964,1138,8,1138,8,0,4,113
12,720,82.800000,42.984000,1,1,100152975,1148,8,1148,8,0,4,113
12,720,82.800000,42.984000,1,1,100152986,1159,8,1159,8,0,4,113
12,720,82.800000,42.984000,1,1,100152996,1172,8,1172,8,0,4,113
12,720,82.800000,42.984000,1,1,100153007,1185,8,1185,8,0,4,113
12,720,82.800000,42.984000,1,1,100153018,1200,8,1200,8,0,4,113
12,720,82.800000,42.984000,1,1,100153029,1211,8,1211,8,0,4,113
12,720,82.800000,42.984000,1,1,100153040,1223,8,1223,8,0,4,113
12,720,82.800000,42.984000,1,1,100153051,1234,8,1234,8,0,4,113
12,720,82.800000,42.984000,1,1,100153061,1243,8,1243,8,0,4,113
12,720,82.800000,42.984000,1,1,100153072,1248,7,1248,7,0,4,113
12,720,82.800000,42.984000,1,1,100153082,1251,7,1251,7,0,4,113
12,720,82.800000,42.984000,1,1,100153093,1252,7,1252,7,0,4,113
12,720,82.800000,42.984000,1,1,100153103,1253,7,1253,7,0,4,113
12,720,82.800000,42.984000,1,1,100153114,1253,6,1253,6,0,4,113
12,720,82.800000,42.984000,1,1,100153124,1253,6,1253,6,0,4,113
12,720,82.800000,42.984000,1,1,100153135,1253,6,1253,6,0,4,113
12,720,82.800000,42.984000,1,1,100153146,1253,6,1253,6,0,4,113
12,720,82.800000,42.984000,1,1,100153157,1253,5,1253,5,0,4,113
12,720,82.800000,42.984000,1,1,100153167,1254,4,1254,4,0,4,113
12,720,82.800000,42.984000,1,1,100153178,1255,4,1255,4,0,4,113
12,720,82.800000,42.984000,1,1,100153189,1257,3,1257,3,0,4,113
12,720,82.800000,42.984000,1,1,100153200,1261,2,1261,2,0,4,113
12,720,82.800000,42.984000,1,1,100153211,1265,2,1265,2,0,4,113
12,720,82.800000,42.984000,1,1,100153222,1269,1,1269,1,0,4,113
12,720,82.800000,42.984000,1,1,100153232,1272,1,1272,1,0,4,113
12,720,82.800000,42.984000,1,1,100153243,1272,0,1272,0,0,4,113
12,720,82.800000,42.984000,1,1,100153254,1273,0,1273,0,0,4,113
12,720,82.800000,42.984000,1,1,100153264,1274,0,1274,0,0,4,113
12,720,82.800000,42.984000,1,1,100153275,1274,0,1274,0,0,4,113
12,720,82.800000,42.984000,1,1,100153285,1274,0,1274,0,0,4,113
12,720,82.800000,42.984000,1,1,100153296,1275,0,1275,0,0,4,113
12,720,82.800000,42.984000,1,1,100153307,1278,0,1278,0,0,4,113
12,720,82.800000,42.984000,1,1,100153318,1283,0,1283,0,0,4,113
12,720,82.800000,42.984000,1,1,100153330,1290,0,1290,0,0,4,113
12,720,82.800000,42.984000,1,1,100153340,1297,0,1297,0,0,4,113
12,720,82.800000,42.984000,1,1,100153350,1304,0,1304,0,0,4,113
12,720,82.800000,42.984000,1,1,100153361,1311,1,1311,1,0,4,113
12,720,82.800000,42.984000,1,1,100153372,1317,2,1317,2,0,4,113
12,720,82.800000,42.984000,1,1,100153382,1319,2,1319,2,0,4,113
12,720,82.800000,42.984000,1,1,100153392,1319,2,1319,2,0,4,113
12,720,82.800000,42.984000,1,1,100153403,1319,2,1319,2,0,4,113
12,720,82.800000,42.984000,1,1,100153413,1319,2,1319,2,0,4,113
12,720,82.800000,42.984000,1,1,100153424,1319,2,1319,2,0,4,113
12,720,82.800000,42.984000,1,1,100153434,1318,2,1318,2,0,4,113
12,720,82.800000,42.984000,1,1,100153445,1318,2,1318,2,0,4,113
12,720,82.800000,42.984000,1,1,100153454,1317,2,1317,2,0,4,113
