12,360,21.600000,12.276000,1,1,100149796,780,22,780,22,0,4,111
12,360,21.600000,12.276000,1,1,100149797,780,22,780,22,0,4,111
12,360,21.600000,12.276000,1,1,100149809,786,22,786,22,0,4,111
12,360,21.600000,12.276000,1,1,100149819,794,21,794,21,0,4,111
12,360,21.600000,12.276000,1,1,100149831,804,20,804,20,0,4,111
12,360,21.600000,12.276000,1,1,100149842,814,19,814,19,0,4,111
12,360,21.600000,12.276000,1,1,100149854,826,19,826,19,0,4,111
12,360,21.600000,12.276000,1,1,100149865,840,17,840,17,0,4,111
12,360,21.600000,12.276000,1,1,100149878,851,17,851,17,0,4,111
12,360,21.600000,12.276000,1,1,100149890,861,17,861,17,0,4,111
12,360,21.600000,12.276000,1,1,100149900,869,17,869,17,0,4,111
12,360,21.600000,12.276000,1,1,100149912,877,17,877,17,0,4,111
12,360,21.600000,12.276000,1,1,100149922,884,17,884,17,0,4,111
12,360,21.600000,12.276000,1,1,100149934,890,17,890,17,0,4,111
12,360,21.600000,12.276000,1,1,100149944,898,16,898,16,0,4,111
12,360,21.600000,12.276000,1,1,100149955,906,15,906,15,0,4,111
12,360,21.600000,12.276000,1,1,100149965,912,15,912,15,0,4,111
12,360,21.600000,12.276000,1,1,100149977,920,14,920,14,0,4,111
12,360,21.600000,12.276000,1,1,100149989,930,13,930,13,0,4,111
12,360,21.600000,12.276000,1,1,100150001,943,12,943,12,0,4,111
12,360,21.600000,12.276000,1,1,100150012,956,11,956,11,0,4,111
12,360,21.600000,12.276000,1,1,100150023,969,10,969,10,0,4,111
12,360,21.600000,12.276000,1,1,100150034,983,10,983,10,0,4,111
12,360,21.600000,12.276000,1,1,100150046,1001,9,1001,9,0,4,111
12,360,21.600000,12.276000,1,1,100150057,1019,8,1019,8,0,4,111
12,360,21.600000,12.276000,1,1,100150067,1035,8,1035,8,0,4,111
12,360,21.600000,12.276000,1,1,100150079,1047,8,1047,8,0,4,111
12,360,21.600000,12.276000,1,1,100150090,1057,7,1057,7,0,4,111
12,360,21.600000,12.276000,1,1,100150101,1066,7,1066,7,0,4,111
12,360,21.600000,12.276000,1,1,100150112,1071,7,1071,7,0,4,111
12,360,21.600000,12.276000,1,1,100150123,1072,7,1072,7,0,4,111
12,360,21.600000,12.276000,1,1,100150134,1072,7,1072,7,0,4,111
12,360,21.600000,12.276000,1,1,100150144,1073,7,1073,7,0,4,111
12,360,21.600000,12.276000,1,1,100150155,1076,7,1076,7,0,4,111
12,360,21.600000,12.276000,1,1,100150166,1080,7,1080,7,0,4,111
12,360,21.600000,12.276000,1,1,100150177,1086,7,1086,7,0,4,111
12,360,21.600000,12.276000,1,1,100150188,1094,7,1094,7,0,4,111
12,360,21.600000,12.276000,1,1,100150199,1103,7,1103,7,0,4,111
12,360,21.600000,12.276000,1,1,100150210,1113,7,1113,7,0,4,111
12,360,21.600000,12.276000,1,1,100150220,1119,7,1119,7,0,4,111
12,360,21.600000,12.276000,1,1,100150231,1125,7,1125,7,0,4,111
12,360,21.600000,12.276000,1,1,100150242,1129,7,1129,7,0,4,111
12,360,21.600000,12.276000,1,1,100150252,1132,7,1132,7,0,4,111
12,360,21.600000,12.276000,1,1,100150263,1134,7,1134,7,0,4,111
12,360,21.600000,12.276000,1,1,100150274,1135,7,1135,7,0,4,111
12,360,21.600000,12.276000,1,1,100150284,1135,7,1135,7,0,4,111
12,360,21.600000,12.276000,1,1,100150295,1135,7,1135,7,0,4,111
12,360,21.600000,12.276000,1,1,100150306,1136,6,1136,6,0,4,111
12,360,21.600000,12.276000,1,1,100150316,1137,5,1137,5,0,4,111
12,360,21.600000,12.276000,1,1,100150327,1137,5,1137,5,0,4,111
12,360,21.600000,12.276000,1,1,100150337,1137,5,1137,5,0,4,111
12,360,21.600000,12.276000,1,1,100150348,1137,5,1137,5,0,4,111
12,360,21.600000,12.276000,1,1,100150358,1137,5,1137,5,0,4,111
12,360,21.600000,12.276000,1,1,100150369,1137,5,1137,5,0,4,111
12,360,21.600000,12.276000,1,1,100150380,1137,5,1137,5,0,4,111
12,360,21.600000,12.276000,1,1,100150390,1137,5,1137,5,0,4,111
12,360,21.600000,12.276000,1,1,100150401,1137,5,1137,5,0,4,111
12,360,21.600000,12.276000,1,1,100150412,1137,4,1137,4,0,4,111
12,360,21.600000,12.276000,1,1,100150422,1138,4,1138,4,0,4,111
12,360,21.600000,12.276000,1,1,100150433,1139,4,1139,4,0,4,111
12,360,21.600000,12.276000,1,1,100150443,1139,4,1139,4,0,4,111
12,360,21.600000,12.276000,1,1,100150453,1139,3,1139,3,0,4,111
12,360,21.600000,12.276000,1,1,100150464,1139,3,1139,3,0,4,111
12,360,21.600000,12.276000,1,1,100150474,1139,3,1139,3,0,4,111
12,360,21.600000,12.276000,1,1,100150485,1139,3,1139,3,0,4,111
12,360,21.600000,12.276000,1,1,100150495,1139,3,1139,3,0,4,111
