12,360,50.400000,22.608000,0,1,100151249,780,22,780,22,0,4,112
12,360,50.400000,22.608000,0,1,100151249,780,22,780,22,0,4,112
12,360,50.400000,22.608000,0,1,100151261,780,22,780,22,0,4,112
12,360,50.400000,22.608000,0,1,100151272,781,22,781,22,0,4,112
12,360,50.400000,22.608000,0,1,100151284,782,22,782,22,0,4,112
12,360,50.400000,22.608000,0,1,100151296,785,22,785,22,0,4,112
12,360,50.400000,22.608000,0,1,100151307,791,21,791,21,0,4,112
12,360,50.400000,22.608000,0,1,100151318,798,20,798,20,0,4,112
12,360,50.400000,22.608000,0,1,100151329,807,19,807,19,0,4,112
12,360,50.400000,22.608000,0,1,100151340,818,18,818,18,0,4,112
12,360,50.400000,22.608000,0,1,100151351,829,17,829,17,0,4,112
12,360,50.400000,22.608000,0,1,100151362,844,16,844,16,0,4,112
12,360,50.400000,22.608000,0,1,100151373,863,15,863,15,0,4,112
12,360,50.400000,22.608000,0,1,100151384,887,13,887,13,0,4,112
12,360,50.400000,22.608000,0,1,100151395,913,11,913,11,0,4,112
12,360,50.400000,22.608000,0,1,100151407,937,10,937,10,0,4,112
12,360,50.400000,22.608000,0,1,100151419,963,9,963,9,0,4,112
12,360,50.400000,22.608000,0,1,100151430,988,8,988,8,0,4,112
12,360,50.400000,22.608000,0,1,100151440,1008,8,1008,8,0,4,112
12,360,50.400000,22.608000,0,1,100151451,1027,8,1027,8,0,4,112
12,360,50.400000,22.608000,0,1,100151462,1041,8,1041,8,0,4,112
12,360,50.400000,22.608000,0,1,100151472,1051,8,1051,8,0,4,112
12,360,50.400000,22.608000,0,1,100151483,1058,8,1058,8,0,4,112
12,360,50.400000,22.608000,0,1,100151493,1065,8,1065,8,0,4,112
12,360,50.400000,22.608000,0,1,100151505,1071,7,1071,7,0,4,112
12,360,50.400000,22.608000,0,1,100151515,1076,7,1076,7,0,4,112
12,360,50.400000,22.608000,0,1,100151527,1081,5,1081,5,0,4,112
12,360,50.400000,22.608000,0,1,100151538,1086,5,1086,5,0,4,112
12,360,50.400000,22.608000,0,1,100151548,1089,5,1089,5,0,4,112
12,360,50.400000,22.608000,0,1,100151559,1093,5,1093,5,0,4,112
12,360,50.400000,22.608000,0,1,100151569,1097,5,1097,5,0,4,112
12,360,50.400000,22.608000,0,1,100151580,1101,5,1101,5,0,4,112
12,360,50.400000,22.608000,0,1,100151591,1104,5,1104,5,0,4,112
12,360,50.400000,22.608000,0,1,100151601,1107,5,1107,5,0,4,112
12,360,50.400000,22.608000,0,1,100151612,1111,5,1111,5,0,4,112
12,360,50.400000,22.608000,0,1,100151623,1116,5,1116,5,0,4,112
12,360,50.400000,22.608000,0,1,100151634,1121,5,1121,5,0,4,112
12,360,50.400000,22.608000,0,1,100151654,1126,5,1126,5,0,4,112
12,360,50.400000,22.608000,0,1,100151665,1135,5,1135,5,0,4,112
12,360,50.400000,22.608000,0,1,100151675,1137,5,1137,5,0,4,112
12,360,50.400000,22.608000,0,1,100151686,1137,5,1137,5,0,4,112
12,360,50.400000,22.608000,0,1,100151696,1137,4,1137,4,0,4,112
12,360,50.400000,22.608000,0,1,100151707,1137,4,1137,4,0,4,112
12,360,50.400000,22.608000,0,1,100151717,1137,4,1137,4,0,4,112
12,360,50.400000,22.608000,0,1,100151728,1137,4,1137,4,0,4,112
12,360,50.400000,22.608000,0,1,100151738,1137,4,1137,4,0,4,112
12,360,50.400000,22.608000,0,1,100151749,1137,4,1137,4,0,4,112
12,360,50.400000,22.608000,0,1,100151759,1137,4,1137,4,0,4,112
12,360,50.400000,22.608000,0,1,100151770,1137,4,1137,4,0,4,112
12,360,50.400000,22.608000,0,1,100151781,1137,4,1137,4,0,4,112
12,360,50.400000,22.608000,0,1,100151791,1137,4,1137,4,0,4,112
12,360,50.400000,22.608000,0,1,100151801,1137,4,1137,4,0,4,112
