12,720,50.400000,22.608000,1,1,100022624,600,22,600,22,0,4,43
12,720,50.400000,22.608000,1,1,100022624,600,22,600,22,0,4,43
12,720,50.400000,22.608000,1,1,100022634,600,22,600,22,0,4,43
12,720,50.400000,22.608000,1,1,100022644,600,22,600,22,0,4,43
12,720,50.400000,22.608000,1,1,100022655,602,22,602,22,0,4,43
12,720,50.400000,22.608000,1,1,100022666,607,21,607,21,0,4,43
12,720,50.400000,22.608000,1,1,100022677,615,21,615,21,0,4,43
12,720,50.400000,22.608000,1,1,100022689,625,20,625,20,0,4,43
12,720,50.400000,22.608000,1,1,100022702,638,20,638,20,0,4,43
12,720,50.400000,22.608000,1,1,100022721,653,19,653,19,0,4,43
12,720,50.400000,22.608000,1,1,100022731,690,16,690,16,0,4,43
12,720,50.400000,22.608000,1,1,100022742,712,15,712,15,0,4,43
12,720,50.400000,22.608000,1,1,100022752,746,15,746,15,0,4,43
12,720,50.400000,22.608000,1,1,100022763,786,14,786,14,0,4,43
12,720,50.400000,22.608000,1,1,100022773,826,14,826,14,0,4,43
12,720,50.400000,22.608000,1,1,100022785,866,14,866,14,0,4,43
12,720,50.400000,22.608000,1,1,100022795,904,15,904,15,0,4,43
12,720,50.400000,22.608000,1,1,100022806,932,15,932,15,0,4,43
12,720,50.400000,22.608000,1,1,100022817,959,17,959,17,0,4,43
12,720,50.400000,22.608000,1,1,100022828,986,18,986,18,0,4,43
12,720,50.400000,22.608000,1,1,100022839,1012,19,1012,19,0,4,43
12,720,50.400000,22.608000,1,1,100022850,1038,20,1038,20,0,4,43
12,720,50.400000,22.608000,1,1,100022862,1069,21,1069,21,0,4,43
12,720,50.400000,22.608000,1,1,100022872,1101,22,1101,22,0,4,43
12,720,50.400000,22.608000,1,1,100022883,1133,24,1133,24,0,4,43
12,720,50.400000,22.608000,1,1,100022894,1161,26,1161,26,0,4,43
12,720,50.400000,22.608000,1,1,100022904,1194,28,1194,28,0,4,43
12,720,50.400000,22.608000,1,1,100022926,1218,30,1218,30,0,4,43
12,720,50.400000,22.608000,1,1,100022937,1276,34,1276,34,0,4,43
12,720,50.400000,22.608000,1,1,100022947,1296,34,1296,34,0,4,43
12,720,50.400000,22.608000,1,1,100022958,1313,34,1313,34,0,4,43
12,720,50.400000,22.608000,1,1,100022969,1330,35,1330,35,0,4,43
12,720,50.400000,22.608000,1,1,100022980,1338,35,1338,35,0,4,43
12,720,50.400000,22.608000,1,1,100022991,1343,35,1343,35,0,4,43
12,720,50.400000,22.608000,1,1,100023001,1344,35,1344,35,0,4,43
12,720,50.400000,22.608000,1,1,100023011,1345,35,1345,35,0,4,43
12,720,50.400000,22.608000,1,1,100023022,1345,35,1345,35,0,4,43
12,720,50.400000,22.608000,1,1,100023032,1345,35,1345,35,0,4,43
12,720,50.400000,22.608000,1,1,100023042,1345,35,1345,35,0,4,43
12,720,50.400000,22.608000,1,1,100023053,1345,35,1345,35,0,4,43
12,720,50.400000,22.608000,1,1,100023063,1345,35,1345,35,0,4,43
12,720,50.400000,22.608000,1,1,100023082,1345,35,1345,35,0,4,43
12,720,50.400000,22.608000,1,1,100023093,1345,35,1345,35,0,4,43
12,720,50.400000,22.608000,1,1,100023103,1345,35,1345,35,0,4,43
12,720,50.400000,22.608000,1,1,100023113,1344,35,1344,35,0,4,43
12,720,50.400000,22.608000,1,1,100023123,1344,35,1344,35,0,4,43
12,720,50.400000,22.608000,1,1,100023134,1343,34,1343,34,0,4,43
12,720,50.400000,22.608000,1,1,100023144,1343,34,1343,34,0,4,43
12,720,50.400000,22.608000,1,1,100023155,1343,33,1343,33,0,4,43
12,720,50.400000,22.608000,1,1,100023166,1342,31,1342,31,0,4,43
12,720,50.400000,22.608000,1,1,100023177,1341,29,1341,29,0,4,43
12,720,50.400000,22.608000,1,1,100023188,1340,27,1340,27,0,4,43
12,720,50.400000,22.608000,1,1,100023199,1339,24,1339,24,0,4,43
12,720,50.400000,22.608000,1,1,100023210,1337,22,1337,22,0,4,43
12,720,50.400000,22.608000,1,1,100023221,1334,20,1334,20,0,4,43
12,720,50.400000,22.608000,1,1,100023232,1332,18,1332,18,0,4,43
12,720,50.400000,22.608000,1,1,100023242,1331,17,1331,17,0,4,43
12,720,50.400000,22.608000,1,1,100023252,1330,16,1330,16,0,4,43
12,720,50.400000,22.608000,1,1,100023262,1330,16,1330,16,0,4,43
12,720,50.400000,22.608000,1,1,100023273,1330,15,1330,15,0,4,43
12,720,50.400000,22.608000,1,1,100023283,1330,14,1330,14,0,4,43
12,720,50.400000,22.608000,1,1,100023294,1330,13,1330,13,0,4,43
12,720,50.400000,22.608000,1,1,100023304,1330,13,1330,13,0,4,43
12,720,50.400000,22.608000,1,1,100023315,1330,13,1330,13,0,4,43
12,720,50.400000,22.608000,1,1,100023325,1330,13,1330,13,0,4,43
12,720,50.400000,22.608000,1,1,100023336,1330,13,1330,13,0,4,43
12,720,50.400000,22.608000,1,1,100023346,1330,13,1330,13,0,4,43
12,720,50.400000,22.608000,1,1,100023356,1330,13,1330,13,0,4,43
12,720,50.400000,22.608000,1,1,100023365,1330,13,1330,13,0,4,43
12,720,50.400000,22.608000,1,1,100023375,1330,13,1330,13,0,4,43
12,720,50.400000,22.608000,1,1,100023386,1330,13,1330,13,0,4,43
12,720,50.400000,22.608000,1,1,100023396,1330,13,1330,13,0,4,43
12,720,50.400000,22.608000,1,1,100023405,1330,13,1330,13,0,4,43
12,720,50.400000,22.608000,1,1,100023415,1330,13,1330,13,0,4,43
12,720,50.400000,22.608000,1,1,100023425,1330,13,1330,13,0,4,43
12,720,50.400000,22.608000,1,1,100023435,1329,13,1329,13,0,4,43
