12,720,21.600000,42.984000,0,0,100088491,600,0,600,0,0,4,76
12,720,21.600000,42.984000,0,0,100088491,600,0,600,0,0,4,76
12,720,21.600000,42.984000,0,0,100088502,600,0,600,0,0,4,76
12,720,21.600000,42.984000,0,0,100088512,600,0,600,0,0,4,76
12,720,21.600000,42.984000,0,0,100088523,601,0,601,-1,0,4,76
12,720,21.600000,42.984000,0,0,100088535,606,0,606,-3,0,4,76
12,720,21.600000,42.984000,0,0,100088547,611,0,611,-6,0,4,76
12,720,21.600000,42.984000,0,0,100088557,620,0,620,-9,0,4,76
12,720,21.600000,42.984000,0,0,100088569,628,0,628,-10,0,4,76
12,720,21.600000,42.984000,0,0,100088579,641,0,641,-11,0,4,76
12,720,21.600000,42.984000,0,0,100088590,660,0,660,-13,0,4,76
12,720,21.600000,42.984000,0,0,100088600,684,0,684,-13,0,4,76
12,720,21.600000,42.984000,0,0,100088611,715,0,715,-13,0,4,76
12,720,21.600000,42.984000,0,0,100088622,751,0,751,-13,0,4,76
12,720,21.600000,42.984000,0,0,100088640,797,0,797,-13,0,4,76
12,720,21.600000,42.984000,0,0,100088652,894,2,894,-11,0,4,76
12,720,21.600000,42.984000,0,0,100088664,951,4,951,-9,0,4,76
12,720,21.600000,42.984000,0,0,100088675,1013,7,1013,-6,0,4,76
12,720,21.600000,42.984000,0,0,100088687,1066,9,1066,-4,0,4,76
12,720,21.600000,42.984000,0,0,100088697,1109,11,1109,-2,0,4,76
12,720,21.600000,42.984000,0,0,100088708,1150,13,1150,0,0,4,76
12,720,21.600000,42.984000,0,0,100088720,1178,14,1178,1,0,4,76
12,720,21.600000,42.984000,0,0,100088730,1196,15,1196,2,0,4,76
12,720,21.600000,42.984000,0,0,100088740,1208,15,1208,2,0,4,76
12,720,21.600000,42.984000,0,0,100088751,1212,15,1212,2,0,4,76
12,720,21.600000,42.984000,0,0,100088762,1212,15,1212,2,0,4,76
12,720,21.600000,42.984000,0,0,100088772,1212,15,1212,2,0,4,76
12,720,21.600000,42.984000,0,0,100088782,1212,15,1212,2,0,4,76
12,720,21.600000,42.984000,0,0,100088792,1212,15,1212,2,0,4,76
12,720,21.600000,42.984000,0,0,100088803,1212,15,1212,2,0,4,76
12,720,21.600000,42.984000,0,0,100088814,1213,15,1213,2,0,4,76
12,720,21.600000,42.984000,0,0,100088824,1215,15,1215,2,0,4,76
12,720,21.600000,42.984000,0,0,100088835,1218,15,1218,2,0,4,76
12,720,21.600000,42.984000,0,0,100088846,1221,15,1221,2,0,4,76
12,720,21.600000,42.984000,0,0,100088856,1223,15,1223,2,0,4,76
12,720,21.600000,42.984000,0,0,100088866,1225,15,1225,2,0,4,76
12,720,21.600000,42.984000,0,0,100088877,1228,16,1228,3,0,4,76
12,720,21.600000,42.984000,0,0,100088888,1232,16,1232,3,0,4,76
12,720,21.600000,42.984000,0,0,100088899,1236,17,1236,4,0,4,76
12,720,21.600000,42.984000,0,0,100088910,1241,17,1241,4,0,4,76
12,720,21.600000,42.984000,0,0,100088920,1248,18,1248,5,0,4,76
12,720,21.600000,42.984000,0,0,100088931,1256,18,1256,5,0,4,76
12,720,21.600000,42.984000,0,0,100088942,1268,19,1268,6,0,4,76
12,720,21.600000,42.984000,0,0,100088953,1283,22,1283,9,0,4,76
12,720,21.600000,42.984000,0,0,100088964,1297,22,1297,9,0,4,76
12,720,21.600000,42.984000,0,0,100088974,1311,24,1311,11,0,4,76
12,720,21.600000,42.984000,0,0,100088984,1321,24,1321,11,0,4,76
12,720,21.600000,42.984000,0,0,100088995,1330,25,1330,12,0,4,76
12,720,21.600000,42.984000,0,0,100089005,1335,25,1335,12,0,4,76
12,720,21.600000,42.984000,0,0,100089016,1337,25,1337,12,0,4,76
12,720,21.600000,42.984000,0,0,100089025,1337,25,1337,12,0,4,76
12,720,21.600000,42.984000,0,0,100089036,1337,25,1337,12,0,4,76
12,720,21.600000,42.984000,0,0,100089046,1336,25,1336,12,0,4,76
12,720,21.600000,42.984000,0,0,100089056,1336,25,1336,12,0,4,76
12,720,21.600000,42.984000,0,0,100089067,1336,25,1336,12,0,4,76
12,720,21.600000,42.984000,0,0,100089077,1336,25,1336,12,0,4,76
12,720,21.600000,42.984000,0,0,100089087,1335,25,1335,12,0,4,76
12,720,21.600000,42.984000,0,0,100089097,1335,25,1335,12,0,4,76
12,720,21.600000,42.984000,0,0,100089107,1335,25,1335,12,0,4,76
12,720,21.600000,42.984000,0,0,100089117,1335,25,1335,12,0,4,76
12,720,21.600000,42.984000,0,0,100089127,1335,25,1335,12,0,4,76
12,720,21.600000,42.984000,0,0,100089137,1335,25,1335,12,0,4,76
12,720,21.600000,42.984000,0,0,100089147,1335,25,1335,12,0,4,76
12,720,21.600000,42.984000,0,0,100089157,1335,25,1335,12,0,4,76
12,720,21.600000,42.984000,0,0,100089167,1334,25,1334,12,0,4,76
12,720,21.600000,42.984000,0,0,100089177,1334,25,1334,12,0,4,76
12,720,21.600000,42.984000,0,0,100089188,1333,25,1333,12,0,4,76
12,720,21.600000,42.984000,0,0,100089198,1332,25,1332,12,0,4,76
12,720,21.600000,42.984000,0,0,100089209,1332,25,1332,12,0,4,76
12,720,21.600000,42.984000,0,0,100089227,1331,24,1331,11,0,4,76
12,720,21.600000,42.984000,0,0,100089236,1329,24,1329,11,0,4,76
12,720,21.600000,42.984000,0,0,100089247,1328,23,1328,10,0,4,76
12,720,21.600000,42.984000,0,0,100089257,1327,22,1327,9,0,4,76
12,720,21.600000,42.984000,0,0,100089267,1327,21,1327,8,0,4,76
12,720,21.600000,42.984000,0,0,100089277,1326,20,1326,7,0,4,76
12,720,21.600000,42.984000,0,0,100089288,1326,19,1326,6,0,4,76
12,720,21.600000,42.984000,0,0,100089298,1326,18,1326,5,0,4,76
12,720,21.600000,42.984000,0,0,100089308,1326,18,1326,5,0,4,76
12,720,21.600000,42.984000,0,0,100089318,1326,17,1326,4,0,4,76
12,720,21.600000,42.984000,0,0,100089329,1326,17,1326,4,0,4,76
12,720,21.600000,42.984000,0,0,100089339,1326,17,1326,4,0,4,76
12,720,21.600000,42.984000,0,0,100089349,1326,17,1326,4,0,4,76
12,720,21.600000,42.984000,0,0,100089359,1326,17,1326,4,0,4,76
12,720,21.600000,42.984000,0,0,100089370,1326,16,1326,3,0,4,76
12,720,21.600000,42.984000,0,0,100089380,1326,16,1326,3,0,4,76
12,720,21.600000,42.984000,0,0,100089391,1326,16,1326,3,0,4,76
12,720,21.600000,42.984000,0,0,100089401,1326,16,1326,3,0,4,76
12,720,21.600000,42.984000,0,0,100089411,1326,16,1326,3,0,4,76
12,720,21.600000,42.984000,0,0,100089422,1326,15,1326,2,0,4,76
12,720,21.600000,42.984000,0,0,100089432,1326,15,1326,2,0,4,76
12,720,21.600000,42.984000,0,0,100089443,1326,15,1326,2,0,4,76
12,720,21.600000,42.984000,0,0,100089453,1326,15,1326,2,0,4,76
