12,720,21.600000,22.608000,1,0,99997449,600,0,600,0,0,4,28
12,720,21.600000,22.608000,1,0,99997450,600,0,600,0,0,4,28
12,720,21.600000,22.608000,1,0,99997461,607,0,607,0,0,4,28
12,720,21.600000,22.608000,1,0,99997471,616,0,616,-1,0,4,28
12,720,21.600000,22.608000,1,0,99997482,627,0,627,-2,0,4,28
12,720,21.600000,22.608000,1,0,99997492,641,0,641,-2,0,4,28
12,720,21.600000,22.608000,1,0,99997503,656,0,656,-2,0,4,28
12,720,21.600000,22.608000,1,0,99997515,676,0,676,-2,0,4,28
12,720,21.600000,22.608000,1,0,99997526,701,0,701,-3,0,4,28
12,720,21.600000,22.608000,1,0,99997535,729,0,729,-3,0,4,28
12,720,21.600000,22.608000,1,0,99997547,754,0,754,-3,0,4,28
12,720,21.600000,22.608000,1,0,99997556,789,0,789,-3,0,4,28
12,720,21.600000,22.608000,1,0,99997567,826,0,826,-3,0,4,28
12,720,21.600000,22.608000,1,0,99997578,867,0,867,-4,0,4,28
12,720,21.600000,22.608000,1,0,99997589,901,0,901,-6,0,4,28
12,720,21.600000,22.608000,1,0,99997600,942,0,942,-8,0,4,28
12,720,21.600000,22.608000,1,0,99997611,981,0,981,-9,0,4,28
12,720,21.600000,22.608000,1,0,99997622,1012,0,1012,-9,0,4,28
12,720,21.600000,22.608000,1,0,99997634,1038,0,1038,-9,0,4,28
12,720,21.600000,22.608000,1,0,99997644,1060,0,1060,-9,0,4,28
12,720,21.600000,22.608000,1,0,99997654,1076,0,1076,-9,0,4,28
12,720,21.600000,22.608000,1,0,99997665,1093,0,1093,-9,0,4,28
12,720,21.600000,22.608000,1,0,99997676,1109,0,1109,-9,0,4,28
12,720,21.600000,22.608000,1,0,99997687,1123,0,1123,-9,0,4,28
12,720,21.600000,22.608000,1,0,99997698,1137,0,1137,-9,0,4,28
12,720,21.600000,22.608000,1,0,99997710,1151,0,1151,-9,0,4,28
12,720,21.600000,22.608000,1,0,99997721,1168,0,1168,-9,0,4,28
12,720,21.600000,22.608000,1,0,99997732,1183,0,1183,-9,0,4,28
12,720,21.600000,22.608000,1,0,99997742,1195,1,1195,-8,0,4,28
12,720,21.600000,22.608000,1,0,99997752,1208,1,1208,-8,0,4,28
12,720,21.600000,22.608000,1,0,99997764,1216,1,1216,-8,0,4,28
12,720,21.600000,22.608000,1,0,99997775,1223,2,1223,-7,0,4,28
12,720,21.600000,22.608000,1,0,99997786,1227,2,1227,-7,0,4,28
12,720,21.600000,22.608000,1,0,99997796,1229,2,1229,-7,0,4,28
12,720,21.600000,22.608000,1,0,99997807,1230,2,1230,-7,0,4,28
12,720,21.600000,22.608000,1,0,99997817,1232,2,1232,-7,0,4,28
12,720,21.600000,22.608000,1,0,99997829,1236,1,1236,-8,0,4,28
12,720,21.600000,22.608000,1,0,99997839,1243,0,1243,-10,0,4,28
12,720,21.600000,22.608000,1,0,99997851,1252,0,1252,-13,0,4,28
12,720,21.600000,22.608000,1,0,99997873,1263,0,1263,-15,0,4,28
12,720,21.600000,22.608000,1,0,99997886,1278,0,1278,-17,0,4,28
12,720,21.600000,22.608000,1,0,99997896,1283,0,1283,-19,0,4,28
12,720,21.600000,22.608000,1,0,99997907,1284,0,1284,-19,0,4,28
12,720,21.600000,22.608000,1,0,99997917,1285,0,1285,-19,0,4,28
12,720,21.600000,22.608000,1,0,99997929,1285,0,1285,-19,0,4,28
12,720,21.600000,22.608000,1,0,99997939,1285,0,1285,-19,0,4,28
12,720,21.600000,22.608000,1,0,99997949,1286,0,1286,-19,0,4,28
12,720,21.600000,22.608000,1,0,99997960,1286,0,1286,-19,0,4,28
12,720,21.600000,22.608000,1,0,99997970,1287,0,1287,-19,0,4,28
12,720,21.600000,22.608000,1,0,99997982,1290,0,1290,-20,0,4,28
12,720,21.600000,22.608000,1,0,99997992,1292,0,1292,-20,0,4,28
12,720,21.600000,22.608000,1,0,99998003,1293,0,1293,-20,0,4,28
12,720,21.600000,22.608000,1,0,99998013,1293,0,1293,-20,0,4,28
12,720,21.600000,22.608000,1,0,99998025,1293,0,1293,-20,0,4,28
12,720,21.600000,22.608000,1,0,99998035,1293,0,1293,-20,0,4,28
12,720,21.600000,22.608000,1,0,99998046,1294,0,1294,-20,0,4,28
12,720,21.600000,22.608000,1,0,99998055,1296,0,1296,-20,0,4,28
12,720,21.600000,22.608000,1,0,99998066,1300,0,1300,-20,0,4,28
12,720,21.600000,22.608000,1,0,99998078,1304,0,1304,-20,0,4,28
12,720,21.600000,22.608000,1,0,99998089,1309,0,1309,-20,0,4,28
12,720,21.600000,22.608000,1,0,99998109,1313,0,1313,-20,0,4,28
12,720,21.600000,22.608000,1,0,99998119,1317,0,1317,-20,0,4,28
12,720,21.600000,22.608000,1,0,99998130,1318,0,1318,-20,0,4,28
12,720,21.600000,22.608000,1,0,99998140,1318,0,1318,-20,0,4,28
12,720,21.600000,22.608000,1,0,99998151,1318,0,1318,-20,0,4,28
12,720,21.600000,22.608000,1,0,99998161,1318,0,1318,-20,0,4,28
12,720,21.600000,22.608000,1,0,99998171,1318,0,1318,-20,0,4,28
12,720,21.600000,22.608000,1,0,99998181,1318,0,1318,-20,0,4,28
12,720,21.600000,22.608000,1,0,99998191,1318,0,1318,-20,0,4,28
12,720,21.600000,22.608000,1,0,99998201,1318,0,1318,-20,0,4,28
12,720,21.600000,22.608000,1,0,99998218,1318,0,1318,-20,0,4,28
12,720,21.600000,22.608000,1,0,99998229,1319,0,1319,-20,0,4,28
12,720,21.600000,22.608000,1,0,99998239,1319,0,1319,-20,0,4,28
12,720,21.600000,22.608000,1,0,99998250,1319,0,1319,-20,0,4,28
12,720,21.600000,22.608000,1,0,99998260,1319,0,1319,-20,0,4,28
12,720,21.600000,22.608000,1,0,99998270,1319,0,1319,-20,0,4,28
12,720,21.600000,22.608000,1,0,99998280,1319,0,1319,-20,0,4,28
