12,360,21.600000,42.984000,0,1,100095347,780,22,780,22,0,4,80
12,360,21.600000,42.984000,0,1,100095348,780,22,780,22,0,4,80
12,360,21.600000,42.984000,0,1,100095359,783,20,783,20,0,4,80
12,360,21.600000,42.984000,0,1,100095369,789,17,789,17,0,4,80
12,360,21.600000,42.984000,0,1,100095381,794,15,794,15,0,4,80
12,360,21.600000,42.984000,0,1,100095393,802,10,802,10,0,4,80
12,360,21.600000,42.984000,0,1,100095404,814,7,814,7,0,4,80
12,360,21.600000,42.984000,0,1,100095415,829,4,829,4,0,4,80
12,360,21.600000,42.984000,0,1,100095426,846,2,846,2,0,4,80
12,360,21.600000,42.984000,0,1,100095437,869,1,869,1,0,4,80
12,360,21.600000,42.984000,0,1,100095449,892,1,892,1,0,4,80
12,360,21.600000,42.984000,0,1,100095459,919,1,919,1,0,4,80
12,360,21.600000,42.984000,0,1,100095470,946,1,946,1,0,4,80
12,360,21.600000,42.984000,0,1,100095481,975,1,975,1,0,4,80
12,360,21.600000,42.984000,0,1,100095491,1011,1,1011,1,0,4,80
12,360,21.600000,42.984000,0,1,100095502,1046,1,1046,1,0,4,80
12,360,21.600000,42.984000,0,1,100095513,1074,1,1074,1,0,4,80
12,360,21.600000,42.984000,0,1,100095523,1102,1,1102,1,0,4,80
12,360,21.600000,42.984000,0,1,100095534,1125,1,1125,1,0,4,80
12,360,21.600000,42.984000,0,1,100095544,1142,1,1142,1,0,4,80
12,360,21.600000,42.984000,0,1,100095555,1153,1,1153,1,0,4,80
12,360,21.600000,42.984000,0,1,100095565,1158,1,1158,1,0,4,80
12,360,21.600000,42.984000,0,1,100095575,1159,1,1159,1,0,4,80
12,360,21.600000,42.984000,0,1,100095586,1160,1,1160,1,0,4,80
12,360,21.600000,42.984000,0,1,100095596,1160,1,1160,1,0,4,80
12,360,21.600000,42.984000,0,1,100095607,1160,1,1160,1,0,4,80
12,360,21.600000,42.984000,0,1,100095617,1160,1,1160,1,0,4,80
12,360,21.600000,42.984000,0,1,100095627,1160,1,1160,1,0,4,80
12,360,21.600000,42.984000,0,1,100095638,1160,1,1160,1,0,4,80
12,360,21.600000,42.984000,0,1,100095648,1160,1,1160,1,0,4,80
12,360,21.600000,42.984000,0,1,100095658,1160,1,1160,1,0,4,80
12,360,21.600000,42.984000,0,1,100095668,1160,1,1160,1,0,4,80
12,360,21.600000,42.984000,0,1,100095679,1160,1,1160,1,0,4,80
12,360,21.600000,42.984000,0,1,100095690,1158,1,1158,1,0,4,80
12,360,21.600000,42.984000,0,1,100095700,1158,1,1158,1,0,4,80
12,360,21.600000,42.984000,0,1,100095711,1158,1,1158,1,0,4,80
12,360,21.600000,42.984000,0,1,100095722,1158,1,1158,1,0,4,80
12,360,21.600000,42.984000,0,1,100095733,1157,1,1157,1,0,4,80
12,360,21.600000,42.984000,0,1,100095744,1157,1,1157,1,0,4,80
12,360,21.600000,42.984000,0,1,100095755,1157,1,1157,1,0,4,80
12,360,21.600000,42.984000,0,1,100095766,1157,1,1157,1,0,4,80
12,360,21.600000,42.984000,0,1,100095776,1157,1,1157,1,0,4,80
12,360,21.600000,42.984000,0,1,100095787,1157,1,1157,1,0,4,80
12,360,21.600000,42.984000,0,1,100095797,1157,1,1157,1,0,4,80
12,360,21.600000,42.984000,0,1,100095807,1157,1,1157,1,0,4,80
12,360,21.600000,42.984000,0,1,100095818,1156,1,1156,1,0,4,80
12,360,21.600000,42.984000,0,1,100095837,1154,1,1154,1,0,4,80
12,360,21.600000,42.984000,0,1,100095847,1153,1,1153,1,0,4,80
12,360,21.600000,42.984000,0,1,100095857,1153,1,1153,1,0,4,80
12,360,21.600000,42.984000,0,1,100095867,1153,1,1153,1,0,4,80
12,360,21.600000,42.984000,0,1,100095877,1153,1,1153,1,0,4,80
12,360,21.600000,42.984000,0,1,100095887,1153,1,1153,1,0,4,80
12,360,21.600000,42.984000,0,1,100095897,1152,1,1152,1,0,4,80
12,360,21.600000,42.984000,0,1,100095907,1151,2,1151,2,0,4,80
12,360,21.600000,42.984000,0,1,100095917,1149,3,1149,3,0,4,80
12,360,21.600000,42.984000,0,1,100095927,1148,3,1148,3,0,4,80
12,360,21.600000,42.984000,0,1,100095937,1146,3,1146,3,0,4,80
12,360,21.600000,42.984000,0,1,100095947,1145,3,1145,3,0,4,80
12,360,21.600000,42.984000,0,1,100095958,1143,4,1143,4,0,4,80
12,360,21.600000,42.984000,0,1,100095977,1142,4,1142,4,0,4,80
12,360,21.600000,42.984000,0,1,100095986,1142,4,1142,4,0,4,80
12,360,21.600000,42.984000,0,1,100095996,1142,4,1142,4,0,4,80
12,360,21.600000,42.984000,0,1,100096006,1142,4,1142,4,0,4,80
12,360,21.600000,42.984000,0,1,100096018,1142,4,1142,4,0,4,80
12,360,21.600000,42.984000,0,1,100096028,1142,4,1142,4,0,4,80
12,360,21.600000,42.984000,0,1,100096038,1142,4,1142,4,0,4,80
12,360,21.600000,42.984000,0,1,100096048,1142,4,1142,4,0,4,80
12,360,21.600000,42.984000,0,1,100096057,1142,4,1142,4,0,4,80
