12,720,82.800000,42.984000,0,0,100061644,600,0,600,0,0,4,59
12,720,82.800000,42.984000,0,0,100061645,600,0,600,0,0,4,59
12,720,82.800000,42.984000,0,0,100061655,600,0,600,0,0,4,59
12,720,82.800000,42.984000,0,0,100061665,600,0,600,0,0,4,59
12,720,82.800000,42.984000,0,0,100061675,600,0,600,0,0,4,59
12,720,82.800000,42.984000,0,0,100061696,601,0,601,0,0,4,59
12,720,82.800000,42.984000,0,0,100061707,605,0,605,0,0,4,59
12,720,82.800000,42.984000,0,0,100061717,610,0,610,0,0,4,59
12,720,82.800000,42.984000,0,0,100061729,618,0,618,0,0,4,59
12,720,82.800000,42.984000,0,0,100061748,631,0,631,0,0,4,59
12,720,82.800000,42.984000,0,0,100061759,662,3,662,3,0,4,59
12,720,82.800000,42.984000,0,0,100061770,689,5,689,5,0,4,59
12,720,82.800000,42.984000,0,0,100061781,720,7,720,7,0,4,59
12,720,82.800000,42.984000,0,0,100061792,761,10,761,10,0,4,59
12,720,82.800000,42.984000,0,0,100061802,809,12,809,12,0,4,59
12,720,82.800000,42.984000,0,0,100061813,853,13,853,13,0,4,59
12,720,82.800000,42.984000,0,0,100061824,902,15,902,15,0,4,59
12,720,82.800000,42.984000,0,0,100061844,944,16,944,16,0,4,59
12,720,82.800000,42.984000,0,0,100061855,1010,20,1010,20,0,4,59
12,720,82.800000,42.984000,0,0,100061867,1037,21,1037,21,0,4,59
12,720,82.800000,42.984000,0,0,100061878,1062,22,1062,22,0,4,59
12,720,82.800000,42.984000,0,0,100061889,1082,22,1082,22,0,4,59
12,720,82.800000,42.984000,0,0,100061908,1101,24,1101,24,0,4,59
12,720,82.800000,42.984000,0,0,100061919,1127,25,1127,25,0,4,59
12,720,82.800000,42.984000,0,0,100061938,1140,25,1140,25,0,4,59
12,720,82.800000,42.984000,0,0,100061949,1159,26,1159,26,0,4,59
12,720,82.800000,42.984000,0,0,100061961,1167,27,1167,27,0,4,59
12,720,82.800000,42.984000,0,0,100061972,1176,27,1176,27,0,4,59
12,720,82.800000,42.984000,0,0,100061982,1185,27,1185,27,0,4,59
12,720,82.800000,42.984000,0,0,100062001,1195,27,1195,27,0,4,59
12,720,82.800000,42.984000,0,0,100062012,1213,27,1213,27,0,4,59
12,720,82.800000,42.984000,0,0,100062032,1222,27,1222,27,0,4,59
12,720,82.800000,42.984000,0,0,100062042,1235,27,1235,27,0,4,59
12,720,82.800000,42.984000,0,0,100062054,1242,27,1242,27,0,4,59
12,720,82.800000,42.984000,0,0,100062065,1250,27,1250,27,0,4,59
12,720,82.800000,42.984000,0,0,100062075,1258,27,1258,27,0,4,59
12,720,82.800000,42.984000,0,0,100062087,1266,27,1266,27,0,4,59
12,720,82.800000,42.984000,0,0,100062097,1273,27,1273,27,0,4,59
12,720,82.800000,42.984000,0,0,100062108,1280,27,1280,27,0,4,59
12,720,82.800000,42.984000,0,0,100062120,1287,27,1287,27,0,4,59
12,720,82.800000,42.984000,0,0,100062130,1293,27,1293,27,0,4,59
12,720,82.800000,42.984000,0,0,100062142,1297,27,1297,27,0,4,59
12,720,82.800000,42.984000,0,0,100062152,1300,25,1300,25,0,4,59
12,720,82.800000,42.984000,0,0,100062163,1302,25,1302,25,0,4,59
12,720,82.800000,42.984000,0,0,100062174,1303,25,1303,25,0,4,59
12,720,82.800000,42.984000,0,0,100062184,1304,24,1304,24,0,4,59
12,720,82.800000,42.984000,0,0,100062195,1305,24,1305,24,0,4,59
12,720,82.800000,42.984000,0,0,100062205,1306,24,1306,24,0,4,59
12,720,82.800000,42.984000,0,0,100062215,1308,24,1308,24,0,4,59
12,720,82.800000,42.984000,0,0,100062226,1310,23,1310,23,0,4,59
12,720,82.800000,42.984000,0,0,100062236,1312,22,1312,22,0,4,59
12,720,82.800000,42.984000,0,0,100062247,1315,21,1315,21,0,4,59
12,720,82.800000,42.984000,0,0,100062257,1318,20,1318,20,0,4,59
12,720,82.800000,42.984000,0,0,100062269,1321,18,1321,18,0,4,59
12,720,82.800000,42.984000,0,0,100062279,1323,17,1323,17,0,4,59
12,720,82.800000,42.984000,0,0,100062298,1325,16,1325,16,0,4,59
12,720,82.800000,42.984000,0,0,100062308,1326,13,1326,13,0,4,59
12,720,82.800000,42.984000,0,0,100062319,1326,11,1326,11,0,4,59
12,720,82.800000,42.984000,0,0,100062329,1326,10,1326,10,0,4,59
12,720,82.800000,42.984000,0,0,100062339,1324,9,1324,9,0,4,59
12,720,82.800000,42.984000,0,0,100062349,1324,9,1324,9,0,4,59
