12,720,21.600000,0.000000,1,0,100474090,600,0,600,0,0,5,89
12,720,21.600000,0.000000,1,0,100474091,600,0,600,0,0,5,89
12,720,21.600000,0.000000,1,0,100474102,605,0,605,-1,0,5,89
12,720,21.600000,0.000000,1,0,100474113,610,0,610,-2,0,5,89
12,720,21.600000,0.000000,1,0,100474124,618,0,618,-4,0,5,89
12,720,21.600000,0.000000,1,0,100474134,627,0,627,-6,0,5,89
12,720,21.600000,0.000000,1,0,100474144,642,0,642,-9,0,5,89
12,720,21.600000,0.000000,1,0,100474155,660,0,660,-12,0,5,89
12,720,21.600000,0.000000,1,0,100474165,689,0,689,-15,0,5,89
12,720,21.600000,0.000000,1,0,100474178,719,0,719,-18,0,5,89
12,720,21.600000,0.000000,1,0,100474189,773,0,773,-22,0,5,89
12,720,21.600000,0.000000,1,0,100474200,839,0,839,-25,0,5,89
12,720,21.600000,0.000000,1,0,100474210,906,0,906,-28,0,5,89
12,720,21.600000,0.000000,1,0,100474230,975,0,975,-30,0,5,89
12,720,21.600000,0.000000,1,0,100474241,1104,0,1104,-33,0,5,89
12,720,21.600000,0.000000,1,0,100474252,1159,0,1159,-36,0,5,89
12,720,21.600000,0.000000,1,0,100474263,1200,0,1200,-38,0,5,89
12,720,21.600000,0.000000,1,0,100474274,1226,0,1226,-39,0,5,89
12,720,21.600000,0.000000,1,0,100474285,1244,0,1244,-40,0,5,89
12,720,21.600000,0.000000,1,0,100474296,1253,0,1253,-41,0,5,89
12,720,21.600000,0.000000,1,0,100474306,1257,0,1257,-42,0,5,89
12,720,21.600000,0.000000,1,0,100474316,1261,0,1261,-43,0,5,89
12,720,21.600000,0.000000,1,0,100474326,1261,0,1261,-43,0,5,89
12,720,21.600000,0.000000,1,0,100474336,1261,0,1261,-43,0,5,89
12,720,21.600000,0.000000,1,0,100474346,1261,0,1261,-43,0,5,89
12,720,21.600000,0.000000,1,0,100474356,1261,0,1261,-43,0,5,89
12,720,21.600000,0.000000,1,0,100474366,1262,0,1262,-43,0,5,89
12,720,21.600000,0.000000,1,0,100474376,1264,0,1264,-44,0,5,89
12,720,21.600000,0.000000,1,0,100474389,1268,0,1268,-44,0,5,89
12,720,21.600000,0.000000,1,0,100474399,1272,0,1272,-44,0,5,89
12,720,21.600000,0.000000,1,0,100474409,1275,0,1275,-45,0,5,89
12,720,21.600000,0.000000,1,0,100474419,1277,0,1277,-45,0,5,89
12,720,21.600000,0.000000,1,0,100474429,1277,0,1277,-45,0,5,89
12,720,21.600000,0.000000,1,0,100474440,1278,0,1278,-45,0,5,89
12,720,21.600000,0.000000,1,0,100474449,1278,0,1278,-46,0,5,89
12,720,21.600000,0.000000,1,0,100474460,1278,0,1278,-46,0,5,89
12,720,21.600000,0.000000,1,0,100474471,1278,0,1278,-46,0,5,89
12,720,21.600000,0.000000,1,0,100474481,1278,0,1278,-46,0,5,89
12,720,21.600000,0.000000,1,0,100474492,1279,0,1279,-46,0,5,89
12,720,21.600000,0.000000,1,0,100474502,1280,0,1280,-46,0,5,89
12,720,21.600000,0.000000,1,0,100474513,1282,0,1282,-46,0,5,89
12,720,21.600000,0.000000,1,0,100474524,1285,0,1285,-47,0,5,89
12,720,21.600000,0.000000,1,0,100474534,1290,0,1290,-47,0,5,89
12,720,21.600000,0.000000,1,0,100474544,1295,0,1295,-48,0,5,89
12,720,21.600000,0.000000,1,0,100474555,1299,0,1299,-49,0,5,89
12,720,21.600000,0.000000,1,0,100474564,1302,0,1302,-49,0,5,89
12,720,21.600000,0.000000,1,0,100474575,1302,0,1302,-49,0,5,89
12,720,21.600000,0.000000,1,0,100474585,1302,0,1302,-49,0,5,89
12,720,21.600000,0.000000,1,0,100474595,1302,0,1302,-49,0,5,89
12,720,21.600000,0.000000,1,0,100474605,1302,0,1302,-49,0,5,89
12,720,21.600000,0.000000,1,0,100474616,1302,0,1302,-49,0,5,89
12,720,21.600000,0.000000,1,0,100474625,1302,0,1302,-49,0,5,89
12,720,21.600000,0.000000,1,0,100474636,1302,0,1302,-49,0,5,89
12,720,21.600000,0.000000,1,0,100474645,1302,0,1302,-49,0,5,89
12,720,21.600000,0.000000,1,0,100474656,1302,0,1302,-49,0,5,89
12,720,21.600000,0.000000,1,0,100474666,1302,0,1302,-49,0,5,89
12,720,21.600000,0.000000,1,0,100474675,1302,0,1302,-49,0,5,89
12,720,21.600000,0.000000,1,0,100474686,1302,0,1302,-49,0,5,89
12,720,21.600000,0.000000,1,0,100474696,1302,0,1302,-49,0,5,89
12,720,21.600000,0.000000,1,0,100474706,1302,0,1302,-49,0,5,89
12,720,21.600000,0.000000,1,0,100474716,1302,0,1302,-49,0,5,89
12,720,21.600000,0.000000,1,0,100474735,1302,0,1302,-49,0,5,89
12,720,21.600000,0.000000,1,0,100474745,1302,0,1302,-49,0,5,89
12,720,21.600000,0.000000,1,0,100474755,1302,0,1302,-49,0,5,89
12,720,21.600000,0.000000,1,0,100474765,1302,0,1302,-49,0,5,89
12,720,21.600000,0.000000,1,0,100474776,1302,0,1302,-49,0,5,89
12,720,21.600000,0.000000,1,0,100474786,1302,0,1302,-49,0,5,89
12,720,21.600000,0.000000,1,0,100474796,1302,0,1302,-50,0,5,89
12,720,21.600000,0.000000,1,0,100474815,1302,0,1302,-50,0,5,89
12,720,21.600000,0.000000,1,0,100474826,1303,0,1303,-50,0,5,89
12,720,21.600000,0.000000,1,0,100474836,1304,0,1304,-50,0,5,89
12,720,21.600000,0.000000,1,0,100474847,1305,0,1305,-50,0,5,89
12,720,21.600000,0.000000,1,0,100474858,1307,0,1307,-50,0,5,89
12,720,21.600000,0.000000,1,0,100474869,1309,0,1309,-50,0,5,89
12,720,21.600000,0.000000,1,0,100474879,1311,0,1311,-50,0,5,89
12,720,21.600000,0.000000,1,0,100474890,1312,0,1312,-50,0,5,89
12,720,21.600000,0.000000,1,0,100474908,1313,0,1313,-50,0,5,89
12,720,21.600000,0.000000,1,0,100474918,1314,0,1314,-50,0,5,89
12,720,21.600000,0.000000,1,0,100474928,1315,0,1315,-50,0,5,89
12,720,21.600000,0.000000,1,0,100474938,1315,0,1315,-50,0,5,89
12,720,21.600000,0.000000,1,0,100474948,1315,0,1315,-50,0,5,89
12,720,21.600000,0.000000,1,0,100474958,1315,0,1315,-50,0,5,89
12,720,21.600000,0.000000,1,0,100474968,1315,0,1315,-50,0,5,89
12,720,21.600000,0.000000,1,0,100474978,1315,0,1315,-50,0,5,89
12,720,21.600000,0.000000,1,0,100474989,1315,0,1315,-50,0,5,89
12,720,21.600000,0.000000,1,0,100474998,1315,0,1315,-50,0,5,89
12,720,21.600000,0.000000,1,0,100475008,1315,0,1315,-50,0,5,89
12,720,21.600000,0.000000,1,0,100475018,1315,0,1315,-50,0,5,89
12,720,21.600000,0.000000,1,0,100475029,1315,0,1315,-50,0,5,89
12,720,21.600000,0.000000,1,0,100475038,1316,0,1316,-50,0,5,89
12,720,21.600000,0.000000,1,0,100475048,1317,0,1317,-51,0,5,89
12,720,21.600000,0.000000,1,0,100475058,1317,0,1317,-51,0,5,89
12,720,21.600000,0.000000,1,0,100475068,1317,0,1317,-51,0,5,89
12,720,21.600000,0.000000,1,0,100475078,1317,0,1317,-51,0,5,89
12,720,21.600000,0.000000,1,0,100475088,1317,0,1317,-51,0,5,89
12,720,21.600000,0.000000,1,0,100475098,1317,0,1317,-51,0,5,89
12,720,21.600000,0.000000,1,0,100475108,1317,0,1317,-51,0,5,89
12,720,21.600000,0.000000,1,0,100475119,1317,0,1317,-51,0,5,89
12,720,21.600000,0.000000,1,0,100475129,1317,0,1317,-51,0,5,89
12,720,21.600000,0.000000,1,0,100475139,1317,0,1317,-51,0,5,89
12,720,21.600000,0.000000,1,0,100475149,1317,0,1317,-51,0,5,89
12,720,21.600000,0.000000,1,0,100475159,1317,0,1317,-51,0,5,89
12,720,21.600000,0.000000,1,0,100475169,1317,0,1317,-51,0,5,89
