12,360,82.800000,0.000000,0,1,100414747,780,22,780,22,0,5,56
12,360,82.800000,0.000000,0,1,100414748,780,22,780,22,0,5,56
12,360,82.800000,0.000000,0,1,100414760,784,21,784,21,0,5,56
12,360,82.800000,0.000000,0,1,100414771,796,19,796,19,0,5,56
12,360,82.800000,0.000000,0,1,100414782,815,16,815,16,0,5,56
12,360,82.800000,0.000000,0,1,100414793,841,12,841,12,0,5,56
12,360,82.800000,0.000000,0,1,100414803,874,8,874,8,0,5,56
12,360,82.800000,0.000000,0,1,100414814,911,5,911,5,0,5,56
12,360,82.800000,0.000000,0,1,100414824,947,4,947,4,0,5,56
12,360,82.800000,0.000000,0,1,100414843,993,3,993,3,0,5,56
12,360,82.800000,0.000000,0,1,100414855,1053,2,1053,2,0,5,56
12,360,82.800000,0.000000,0,1,100414866,1084,2,1084,2,0,5,56
12,360,82.800000,0.000000,0,1,100414877,1113,2,1113,2,0,5,56
12,360,82.800000,0.000000,0,1,100414887,1136,3,1136,3,0,5,56
12,360,82.800000,0.000000,0,1,100414907,1156,3,1156,3,0,5,56
12,360,82.800000,0.000000,0,1,100414917,1177,3,1177,3,0,5,56
12,360,82.800000,0.000000,0,1,100414937,1181,2,1181,2,0,5,56
12,360,82.800000,0.000000,0,1,100414947,1183,1,1183,1,0,5,56
12,360,82.800000,0.000000,0,1,100414957,1183,1,1183,1,0,5,56
12,360,82.800000,0.000000,0,1,100414967,1183,1,1183,1,0,5,56
12,360,82.800000,0.000000,0,1,100414977,1183,1,1183,1,0,5,56
12,360,82.800000,0.000000,0,1,100414987,1183,1,1183,1,0,5,56
12,360,82.800000,0.000000,0,1,100414997,1183,1,1183,1,0,5,56
12,360,82.800000,0.000000,0,1,100415016,1183,1,1183,1,0,5,56
12,360,82.800000,0.000000,0,1,100415026,1182,1,1182,1,0,5,56
12,360,82.800000,0.000000,0,1,100415037,1181,1,1181,1,0,5,56
12,360,82.800000,0.000000,0,1,100415047,1181,1,1181,1,0,5,56
12,360,82.800000,0.000000,0,1,100415057,1181,1,1181,1,0,5,56
12,360,82.800000,0.000000,0,1,100415067,1180,1,1180,1,0,5,56
12,360,82.800000,0.000000,0,1,100415077,1180,1,1180,1,0,5,56
12,360,82.800000,0.000000,0,1,100415088,1180,1,1180,1,0,5,56
12,360,82.800000,0.000000,0,1,100415097,1179,1,1179,1,0,5,56
12,360,82.800000,0.000000,0,1,100415107,1178,1,1178,1,0,5,56
12,360,82.800000,0.000000,0,1,100415118,1178,1,1178,1,0,5,56
12,360,82.800000,0.000000,0,1,100415129,1176,1,1176,1,0,5,56
12,360,82.800000,0.000000,0,1,100415139,1174,1,1174,1,0,5,56
12,360,82.800000,0.000000,0,1,100415150,1172,1,1172,1,0,5,56
12,360,82.800000,0.000000,0,1,100415160,1169,1,1169,1,0,5,56
12,360,82.800000,0.000000,0,1,100415171,1165,1,1165,1,0,5,56
12,360,82.800000,0.000000,0,1,100415191,1160,1,1160,1,0,5,56
12,360,82.800000,0.000000,0,1,100415201,1150,1,1150,1,0,5,56
12,360,82.800000,0.000000,0,1,100415213,1144,1,1144,1,0,5,56
12,360,82.800000,0.000000,0,1,100415222,1139,1,1139,1,0,5,56
12,360,82.800000,0.000000,0,1,100415233,1136,1,1136,1,0,5,56
12,360,82.800000,0.000000,0,1,100415243,1135,1,1135,1,0,5,56
12,360,82.800000,0.000000,0,1,100415252,1134,1,1134,1,0,5,56
12,360,82.800000,0.000000,0,1,100415262,1134,1,1134,1,0,5,56
12,360,82.800000,0.000000,0,1,100415272,1134,1,1134,1,0,5,56
12,360,82.800000,0.000000,0,1,100415281,1134,1,1134,1,0,5,56
12,360,82.800000,0.000000,0,1,100415291,1134,1,1134,1,0,5,56
12,360,82.800000,0.000000,0,1,100415300,1134,1,1134,1,0,5,56
