12,360,50.400000,22.608000,0,0,100441227,780,0,780,0,0,5,72
12,360,50.400000,22.608000,0,0,100441228,780,0,780,0,0,5,72
12,360,50.400000,22.608000,0,0,100441239,788,0,788,-1,0,5,72
12,360,50.400000,22.608000,0,0,100441249,801,0,801,-3,0,5,72
12,360,50.400000,22.608000,0,0,100441260,818,0,818,-4,0,5,72
12,360,50.400000,22.608000,0,0,100441271,840,0,840,-5,0,5,72
12,360,50.400000,22.608000,0,0,100441284,868,0,868,-7,0,5,72
12,360,50.400000,22.608000,0,0,100441294,899,0,899,-8,0,5,72
12,360,50.400000,22.608000,0,0,100441305,931,0,931,-8,0,5,72
12,360,50.400000,22.608000,0,0,100441316,963,0,963,-9,0,5,72
12,360,50.400000,22.608000,0,0,100441326,987,0,987,-9,0,5,72
12,360,50.400000,22.608000,0,0,100441338,1009,0,1009,-9,0,5,72
12,360,50.400000,22.608000,0,0,100441349,1026,1,1026,-8,0,5,72
12,360,50.400000,22.608000,0,0,100441360,1043,2,1043,-7,0,5,72
12,360,50.400000,22.608000,0,0,100441370,1055,2,1055,-7,0,5,72
12,360,50.400000,22.608000,0,0,100441380,1068,2,1068,-7,0,5,72
12,360,50.400000,22.608000,0,0,100441391,1078,2,1078,-7,0,5,72
12,360,50.400000,22.608000,0,0,100441403,1088,1,1088,-8,0,5,72
12,360,50.400000,22.608000,0,0,100441413,1096,1,1096,-8,0,5,72
12,360,50.400000,22.608000,0,0,100441424,1101,1,1101,-8,0,5,72
12,360,50.400000,22.608000,0,0,100441434,1104,1,1104,-8,0,5,72
12,360,50.400000,22.608000,0,0,100441444,1105,1,1105,-8,0,5,72
12,360,50.400000,22.608000,0,0,100441454,1105,1,1105,-8,0,5,72
12,360,50.400000,22.608000,0,0,100441464,1105,1,1105,-8,0,5,72
12,360,50.400000,22.608000,0,0,100441474,1105,1,1105,-8,0,5,72
12,360,50.400000,22.608000,0,0,100441484,1105,1,1105,-8,0,5,72
12,360,50.400000,22.608000,0,0,100441494,1105,1,1105,-8,0,5,72
12,360,50.400000,22.608000,0,0,100441504,1105,1,1105,-8,0,5,72
12,360,50.400000,22.608000,0,0,100441513,1105,1,1105,-8,0,5,72
12,360,50.400000,22.608000,0,0,100441523,1105,1,1105,-8,0,5,72
12,360,50.400000,22.608000,0,0,100441534,1105,1,1105,-8,0,5,72
12,360,50.400000,22.608000,0,0,100441544,1105,1,1105,-8,0,5,72
12,360,50.400000,22.608000,0,0,100441554,1105,1,1105,-8,0,5,72
12,360,50.400000,22.608000,0,0,100441564,1105,1,1105,-8,0,5,72
12,360,50.400000,22.608000,0,0,100441574,1105,1,1105,-8,0,5,72
12,360,50.400000,22.608000,0,0,100441584,1105,1,1105,-8,0,5,72
12,360,50.400000,22.608000,0,0,100441594,1105,1,1105,-8,0,5,72
12,360,50.400000,22.608000,0,0,100441604,1105,1,1105,-8,0,5,72
12,360,50.400000,22.608000,0,0,100441614,1105,1,1105,-8,0,5,72
12,360,50.400000,22.608000,0,0,100441624,1105,1,1105,-8,0,5,72
12,360,50.400000,22.608000,0,0,100441634,1105,1,1105,-8,0,5,72
12,360,50.400000,22.608000,0,0,100441645,1105,1,1105,-8,0,5,72
12,360,50.400000,22.608000,0,0,100441663,1105,1,1105,-8,0,5,72
12,360,50.400000,22.608000,0,0,100441673,1105,1,1105,-8,0,5,72
12,360,50.400000,22.608000,0,0,100441683,1105,1,1105,-8,0,5,72
12,360,50.400000,22.608000,0,0,100441693,1105,1,1105,-8,0,5,72
12,360,50.400000,22.608000,0,0,100441704,1105,1,1105,-8,0,5,72
12,360,50.400000,22.608000,0,0,100441713,1106,0,1106,-9,0,5,72
12,360,50.400000,22.608000,0,0,100441732,1107,0,1107,-9,0,5,72
12,360,50.400000,22.608000,0,0,100441742,1109,0,1109,-10,0,5,72
12,360,50.400000,22.608000,0,0,100441751,1110,0,1110,-10,0,5,72
12,360,50.400000,22.608000,0,0,100441761,1110,0,1110,-10,0,5,72
12,360,50.400000,22.608000,0,0,100441771,1111,0,1111,-10,0,5,72
12,360,50.400000,22.608000,0,0,100441781,1111,0,1111,-10,0,5,72
12,360,50.400000,22.608000,0,0,100441791,1111,0,1111,-10,0,5,72
12,360,50.400000,22.608000,0,0,100441801,1111,0,1111,-10,0,5,72
12,360,50.400000,22.608000,0,0,100441811,1111,0,1111,-10,0,5,72
12,360,50.400000,22.608000,0,0,100441820,1111,0,1111,-10,0,5,72
12,360,50.400000,22.608000,0,0,100441830,1111,0,1111,-10,0,5,72
12,360,50.400000,22.608000,0,0,100441840,1111,0,1111,-10,0,5,72
12,360,50.400000,22.608000,0,0,100441850,1111,0,1111,-10,0,5,72
12,360,50.400000,22.608000,0,0,100441860,1111,0,1111,-10,0,5,72
12,360,50.400000,22.608000,0,0,100441870,1111,0,1111,-10,0,5,72
12,360,50.400000,22.608000,0,0,100441880,1111,0,1111,-10,0,5,72
12,360,50.400000,22.608000,0,0,100441890,1111,0,1111,-10,0,5,72
12,360,50.400000,22.608000,0,0,100441900,1111,0,1111,-10,0,5,72
12,360,50.400000,22.608000,0,0,100441910,1111,0,1111,-10,0,5,72
12,360,50.400000,22.608000,0,0,100441920,1111,0,1111,-10,0,5,72
12,360,50.400000,22.608000,0,0,100441930,1111,0,1111,-10,0,5,72
12,360,50.400000,22.608000,0,0,100441940,1111,0,1111,-10,0,5,72
12,360,50.400000,22.608000,0,0,100441949,1111,0,1111,-10,1,5,72
