12,720,21.600000,0.000000,0,0,100484803,600,0,600,0,0,5,95
12,720,21.600000,0.000000,0,0,100484803,600,0,600,0,0,5,95
12,720,21.600000,0.000000,0,0,100484813,600,0,600,0,0,5,95
12,720,21.600000,0.000000,0,0,100484832,601,0,601,0,0,5,95
12,720,21.600000,0.000000,0,0,100484842,607,0,607,-2,0,5,95
12,720,21.600000,0.000000,0,0,100484855,617,0,617,-4,0,5,95
12,720,21.600000,0.000000,0,0,100484864,635,0,635,-6,0,5,95
12,720,21.600000,0.000000,0,0,100484876,657,0,657,-9,0,5,95
12,720,21.600000,0.000000,0,0,100484887,685,0,685,-12,0,5,95
12,720,21.600000,0.000000,0,0,100484897,719,0,719,-14,0,5,95
12,720,21.600000,0.000000,0,0,100484908,755,0,755,-16,0,5,95
12,720,21.600000,0.000000,0,0,100484919,797,0,797,-16,0,5,95
12,720,21.600000,0.000000,0,0,100484939,842,0,842,-16,0,5,95
12,720,21.600000,0.000000,0,0,100484951,926,0,926,-16,0,5,95
12,720,21.600000,0.000000,0,0,100484963,988,1,988,-15,0,5,95
12,720,21.600000,0.000000,0,0,100484973,1050,2,1050,-14,0,5,95
12,720,21.600000,0.000000,0,0,100484984,1106,3,1106,-13,0,5,95
12,720,21.600000,0.000000,0,0,100484995,1151,4,1151,-12,0,5,95
12,720,21.600000,0.000000,0,0,100485005,1194,5,1194,-11,0,5,95
12,720,21.600000,0.000000,0,0,100485016,1224,6,1224,-10,0,5,95
12,720,21.600000,0.000000,0,0,100485026,1246,7,1246,-9,0,5,95
12,720,21.600000,0.000000,0,0,100485037,1262,8,1262,-8,0,5,95
12,720,21.600000,0.000000,0,0,100485049,1271,8,1271,-8,0,5,95
12,720,21.600000,0.000000,0,0,100485059,1277,9,1277,-7,0,5,95
12,720,21.600000,0.000000,0,0,100485070,1282,9,1282,-7,0,5,95
12,720,21.600000,0.000000,0,0,100485080,1283,9,1283,-7,0,5,95
12,720,21.600000,0.000000,0,0,100485090,1285,9,1285,-7,0,5,95
12,720,21.600000,0.000000,0,0,100485102,1289,9,1289,-7,0,5,95
12,720,21.600000,0.000000,0,0,100485112,1298,8,1298,-8,0,5,95
12,720,21.600000,0.000000,0,0,100485123,1310,8,1310,-8,0,5,95
12,720,21.600000,0.000000,0,0,100485134,1323,8,1323,-8,0,5,95
12,720,21.600000,0.000000,0,0,100485145,1333,8,1333,-8,0,5,95
12,720,21.600000,0.000000,0,0,100485156,1341,8,1341,-8,0,5,95
12,720,21.600000,0.000000,0,0,100485177,1346,8,1346,-8,0,5,95
12,720,21.600000,0.000000,0,0,100485187,1349,8,1349,-8,0,5,95
12,720,21.600000,0.000000,0,0,100485198,1349,8,1349,-8,0,5,95
12,720,21.600000,0.000000,0,0,100485208,1349,8,1349,-8,0,5,95
12,720,21.600000,0.000000,0,0,100485220,1349,8,1349,-8,0,5,95
12,720,21.600000,0.000000,0,0,100485230,1349,8,1349,-8,0,5,95
12,720,21.600000,0.000000,0,0,100485242,1350,8,1350,-8,0,5,95
12,720,21.600000,0.000000,0,0,100485252,1350,8,1350,-8,0,5,95
12,720,21.600000,0.000000,0,0,100485271,1350,8,1350,-8,0,5,95
12,720,21.600000,0.000000,0,0,100485280,1350,8,1350,-8,0,5,95
12,720,21.600000,0.000000,0,0,100485290,1350,8,1350,-8,0,5,95
12,720,21.600000,0.000000,0,0,100485301,1350,8,1350,-8,0,5,95
12,720,21.600000,0.000000,0,0,100485311,1350,8,1350,-8,0,5,95
12,720,21.600000,0.000000,0,0,100485322,1350,8,1350,-8,0,5,95
12,720,21.600000,0.000000,0,0,100485331,1350,8,1350,-8,0,5,95
12,720,21.600000,0.000000,0,0,100485341,1350,8,1350,-8,0,5,95
12,720,21.600000,0.000000,0,0,100485351,1350,8,1350,-8,0,5,95
12,720,21.600000,0.000000,0,0,100485361,1350,8,1350,-8,0,5,95
12,720,21.600000,0.000000,0,0,100485371,1350,8,1350,-8,0,5,95
12,720,21.600000,0.000000,0,0,100485381,1347,8,1347,-8,0,5,95
12,720,21.600000,0.000000,0,0,100485392,1345,8,1345,-8,0,5,95
12,720,21.600000,0.000000,0,0,100485402,1342,8,1342,-8,0,5,95
12,720,21.600000,0.000000,0,0,100485414,1339,8,1339,-8,0,5,95
12,720,21.600000,0.000000,0,0,100485425,1337,8,1337,-8,0,5,95
12,720,21.600000,0.000000,0,0,100485445,1336,8,1336,-8,0,5,95
12,720,21.600000,0.000000,0,0,100485455,1335,8,1335,-8,0,5,95
12,720,21.600000,0.000000,0,0,100485466,1333,7,1333,-9,0,5,95
12,720,21.600000,0.000000,0,0,100485476,1329,7,1329,-9,0,5,95
12,720,21.600000,0.000000,0,0,100485487,1327,7,1327,-9,0,5,95
12,720,21.600000,0.000000,0,0,100485497,1325,7,1325,-9,0,5,95
12,720,21.600000,0.000000,0,0,100485508,1324,7,1324,-9,0,5,95
12,720,21.600000,0.000000,0,0,100485519,1324,7,1324,-9,0,5,95
12,720,21.600000,0.000000,0,0,100485529,1323,7,1323,-9,0,5,95
12,720,21.600000,0.000000,0,0,100485540,1322,7,1322,-9,0,5,95
12,720,21.600000,0.000000,0,0,100485550,1322,7,1322,-9,0,5,95
12,720,21.600000,0.000000,0,0,100485560,1322,7,1322,-9,0,5,95
12,720,21.600000,0.000000,0,0,100485571,1322,7,1322,-9,0,5,95
12,720,21.600000,0.000000,0,0,100485581,1322,7,1322,-9,0,5,95
12,720,21.600000,0.000000,0,0,100485591,1322,7,1322,-9,0,5,95
12,720,21.600000,0.000000,0,0,100485602,1322,7,1322,-9,0,5,95
12,720,21.600000,0.000000,0,0,100485612,1322,7,1322,-9,0,5,95
12,720,21.600000,0.000000,0,0,100485622,1322,7,1322,-9,0,5,95
12,720,21.600000,0.000000,0,0,100485632,1322,7,1322,-9,0,5,95
12,720,21.600000,0.000000,0,0,100485643,1322,7,1322,-9,0,5,95
12,720,21.600000,0.000000,0,0,100485653,1322,7,1322,-9,0,5,95
12,720,21.600000,0.000000,0,0,100485663,1322,7,1322,-9,0,5,95
12,720,21.600000,0.000000,0,0,100485673,1322,7,1322,-9,0,5,95
