12,720,50.400000,10000.000000,1,0,100393979,600,0,600,0,0,5,44
12,720,50.400000,10000.000000,1,0,100393980,600,0,600,0,0,5,44
12,720,50.400000,10000.000000,1,0,100393991,601,0,601,-1,0,5,44
12,720,50.400000,10000.000000,1,0,100394001,604,0,604,-1,0,5,44
12,720,50.400000,10000.000000,1,0,100394012,609,0,609,-2,0,5,44
12,720,50.400000,10000.000000,1,0,100394023,616,0,616,-4,0,5,44
12,720,50.400000,10000.000000,1,0,100394034,626,0,626,-5,0,5,44
12,720,50.400000,10000.000000,1,0,100394045,641,0,641,-5,0,5,44
12,720,50.400000,10000.000000,1,0,100394056,661,0,661,-7,0,5,44
12,720,50.400000,10000.000000,1,0,100394067,679,0,679,-7,0,5,44
12,720,50.400000,10000.000000,1,0,100394078,711,0,711,-7,0,5,44
12,720,50.400000,10000.000000,1,0,100394089,750,0,750,-7,0,5,44
12,720,50.400000,10000.000000,1,0,100394100,791,1,791,-6,0,5,44
12,720,50.400000,10000.000000,1,0,100394111,832,2,832,-5,0,5,44
12,720,50.400000,10000.000000,1,0,100394122,894,5,894,-2,0,5,44
12,720,50.400000,10000.000000,1,0,100394133,951,8,951,1,0,5,44
12,720,50.400000,10000.000000,1,0,100394143,999,11,999,4,0,5,44
12,720,50.400000,10000.000000,1,0,100394153,1043,13,1043,6,0,5,44
12,720,50.400000,10000.000000,1,0,100394165,1081,16,1081,9,0,5,44
12,720,50.400000,10000.000000,1,0,100394176,1117,19,1117,12,0,5,44
12,720,50.400000,10000.000000,1,0,100394188,1142,20,1142,13,0,5,44
12,720,50.400000,10000.000000,1,0,100394198,1168,21,1168,14,0,5,44
12,720,50.400000,10000.000000,1,0,100394209,1181,21,1181,14,0,5,44
12,720,50.400000,10000.000000,1,0,100394219,1196,21,1196,14,0,5,44
12,720,50.400000,10000.000000,1,0,100394230,1209,21,1209,14,0,5,44
12,720,50.400000,10000.000000,1,0,100394241,1222,20,1222,13,0,5,44
12,720,50.400000,10000.000000,1,0,100394251,1235,18,1235,11,0,5,44
12,720,50.400000,10000.000000,1,0,100394262,1243,18,1243,11,0,5,44
12,720,50.400000,10000.000000,1,0,100394273,1249,17,1249,10,0,5,44
12,720,50.400000,10000.000000,1,0,100394283,1254,16,1254,9,0,5,44
12,720,50.400000,10000.000000,1,0,100394294,1258,16,1258,9,0,5,44
12,720,50.400000,10000.000000,1,0,100394304,1260,15,1260,8,0,5,44
12,720,50.400000,10000.000000,1,0,100394314,1262,15,1262,8,0,5,44
12,720,50.400000,10000.000000,1,0,100394325,1263,14,1263,7,0,5,44
12,720,50.400000,10000.000000,1,0,100394336,1266,13,1266,6,0,5,44
12,720,50.400000,10000.000000,1,0,100394346,1270,12,1270,5,0,5,44
12,720,50.400000,10000.000000,1,0,100394356,1272,11,1272,4,0,5,44
12,720,50.400000,10000.000000,1,0,100394365,1273,11,1273,4,0,5,44
12,720,50.400000,10000.000000,1,0,100394375,1273,11,1273,4,0,5,44
12,720,50.400000,10000.000000,1,0,100394385,1275,10,1275,3,0,5,44
12,720,50.400000,10000.000000,1,0,100394395,1277,10,1277,3,0,5,44
12,720,50.400000,10000.000000,1,0,100394405,1279,9,1279,2,0,5,44
12,720,50.400000,10000.000000,1,0,100394414,1280,8,1280,1,0,5,44
12,720,50.400000,10000.000000,1,0,100394424,1281,8,1281,1,0,5,44
12,720,50.400000,10000.000000,1,0,100394434,1283,8,1283,1,0,5,44
12,720,50.400000,10000.000000,1,0,100394445,1285,7,1285,0,0,5,44
12,720,50.400000,10000.000000,1,0,100394456,1288,7,1288,0,0,5,44
12,720,50.400000,10000.000000,1,0,100394466,1290,7,1290,0,0,5,44
12,720,50.400000,10000.000000,1,0,100394476,1292,7,1292,0,0,5,44
12,720,50.400000,10000.000000,1,0,100394486,1293,7,1293,0,0,5,44
12,720,50.400000,10000.000000,1,0,100394496,1296,6,1296,-1,0,5,44
12,720,50.400000,10000.000000,1,0,100394506,1299,6,1299,-1,0,5,44
12,720,50.400000,10000.000000,1,0,100394516,1301,6,1301,-1,0,5,44
12,720,50.400000,10000.000000,1,0,100394526,1303,5,1303,-2,0,5,44
12,720,50.400000,10000.000000,1,0,100394537,1306,5,1306,-2,0,5,44
12,720,50.400000,10000.000000,1,0,100394548,1310,4,1310,-3,0,5,44
12,720,50.400000,10000.000000,1,0,100394560,1315,3,1315,-4,0,5,44
12,720,50.400000,10000.000000,1,0,100394571,1323,2,1323,-5,0,5,44
12,720,50.400000,10000.000000,1,0,100394581,1328,2,1328,-5,0,5,44
12,720,50.400000,10000.000000,1,0,100394591,1330,1,1330,-6,0,5,44
12,720,50.400000,10000.000000,1,0,100394600,1331,1,1331,-6,0,5,44
12,720,50.400000,10000.000000,1,0,100394610,1331,1,1331,-6,0,5,44
12,720,50.400000,10000.000000,1,0,100394620,1331,1,1331,-6,0,5,44
12,720,50.400000,10000.000000,1,0,100394630,1331,1,1331,-6,0,5,44
