12,720,21.600000,42.984000,1,1,100459983,600,22,600,22,0,5,82
12,720,21.600000,42.984000,1,1,100459984,600,22,600,22,0,5,82
12,720,21.600000,42.984000,1,1,100459995,613,22,613,22,0,5,82
12,720,21.600000,42.984000,1,1,100460006,628,21,628,21,0,5,82
12,720,21.600000,42.984000,1,1,100460017,654,18,654,18,0,5,82
12,720,21.600000,42.984000,1,1,100460028,715,12,715,12,0,5,82
12,720,21.600000,42.984000,1,1,100460038,755,11,755,11,0,5,82
12,720,21.600000,42.984000,1,1,100460048,809,9,809,9,0,5,82
12,720,21.600000,42.984000,1,1,100460059,871,9,871,9,0,5,82
12,720,21.600000,42.984000,1,1,100460069,944,9,944,9,0,5,82
12,720,21.600000,42.984000,1,1,100460080,1019,10,1019,10,0,5,82
12,720,21.600000,42.984000,1,1,100460091,1095,14,1095,14,0,5,82
12,720,21.600000,42.984000,1,1,100460101,1168,20,1168,20,0,5,82
12,720,21.600000,42.984000,1,1,100460112,1228,25,1228,25,0,5,82
12,720,21.600000,42.984000,1,1,100460123,1272,28,1272,28,0,5,82
12,720,21.600000,42.984000,1,1,100460134,1309,30,1309,30,0,5,82
12,720,21.600000,42.984000,1,1,100460145,1332,31,1332,31,0,5,82
12,720,21.600000,42.984000,1,1,100460155,1346,32,1346,32,0,5,82
12,720,21.600000,42.984000,1,1,100460165,1352,33,1352,33,0,5,82
12,720,21.600000,42.984000,1,1,100460175,1353,33,1353,33,0,5,82
12,720,21.600000,42.984000,1,1,100460186,1353,33,1353,33,0,5,82
12,720,21.600000,42.984000,1,1,100460196,1352,31,1352,31,0,5,82
12,720,21.600000,42.984000,1,1,100460206,1350,30,1350,30,0,5,82
12,720,21.600000,42.984000,1,1,100460216,1349,30,1349,30,0,5,82
12,720,21.600000,42.984000,1,1,100460226,1349,30,1349,30,0,5,82
12,720,21.600000,42.984000,1,1,100460237,1349,30,1349,30,0,5,82
12,720,21.600000,42.984000,1,1,100460247,1349,30,1349,30,0,5,82
12,720,21.600000,42.984000,1,1,100460257,1349,29,1349,29,0,5,82
12,720,21.600000,42.984000,1,1,100460268,1349,29,1349,29,0,5,82
12,720,21.600000,42.984000,1,1,100460278,1349,29,1349,29,0,5,82
12,720,21.600000,42.984000,1,1,100460288,1349,29,1349,29,0,5,82
12,720,21.600000,42.984000,1,1,100460298,1349,29,1349,29,0,5,82
12,720,21.600000,42.984000,1,1,100460309,1349,29,1349,29,0,5,82
12,720,21.600000,42.984000,1,1,100460319,1348,29,1348,29,0,5,82
12,720,21.600000,42.984000,1,1,100460329,1347,29,1347,29,0,5,82
12,720,21.600000,42.984000,1,1,100460339,1346,29,1346,29,0,5,82
12,720,21.600000,42.984000,1,1,100460349,1344,29,1344,29,0,5,82
12,720,21.600000,42.984000,1,1,100460359,1342,29,1342,29,0,5,82
12,720,21.600000,42.984000,1,1,100460369,1340,28,1340,28,0,5,82
12,720,21.600000,42.984000,1,1,100460380,1337,27,1337,27,0,5,82
12,720,21.600000,42.984000,1,1,100460391,1333,25,1333,25,0,5,82
12,720,21.600000,42.984000,1,1,100460403,1328,24,1328,24,0,5,82
12,720,21.600000,42.984000,1,1,100460414,1323,22,1323,22,0,5,82
12,720,21.600000,42.984000,1,1,100460426,1319,20,1319,20,0,5,82
12,720,21.600000,42.984000,1,1,100460435,1315,18,1315,18,0,5,82
12,720,21.600000,42.984000,1,1,100460445,1311,16,1311,16,0,5,82
12,720,21.600000,42.984000,1,1,100460455,1309,14,1309,14,0,5,82
12,720,21.600000,42.984000,1,1,100460465,1308,13,1308,13,0,5,82
12,720,21.600000,42.984000,1,1,100460477,1308,12,1308,12,0,5,82
12,720,21.600000,42.984000,1,1,100460486,1307,10,1307,10,0,5,82
12,720,21.600000,42.984000,1,1,100460496,1306,8,1306,8,0,5,82
12,720,21.600000,42.984000,1,1,100460506,1306,7,1306,7,0,5,82
12,720,21.600000,42.984000,1,1,100460516,1306,7,1306,7,0,5,82
12,720,21.600000,42.984000,1,1,100460525,1306,6,1306,6,0,5,82
12,720,21.600000,42.984000,1,1,100460535,1306,5,1306,5,0,5,82
12,720,21.600000,42.984000,1,1,100460546,1306,5,1306,5,0,5,82
12,720,21.600000,42.984000,1,1,100460556,1307,5,1307,5,0,5,82
12,720,21.600000,42.984000,1,1,100460567,1307,4,1307,4,0,5,82
12,720,21.600000,42.984000,1,1,100460577,1307,3,1307,3,0,5,82
12,720,21.600000,42.984000,1,1,100460587,1308,3,1308,3,0,5,82
12,720,21.600000,42.984000,1,1,100460597,1309,3,1309,3,0,5,82
12,720,21.600000,42.984000,1,1,100460607,1309,3,1309,3,0,5,82
12,720,21.600000,42.984000,1,1,100460617,1310,3,1310,3,0,5,82
12,720,21.600000,42.984000,1,1,100460627,1311,3,1311,3,0,5,82
12,720,21.600000,42.984000,1,1,100460637,1312,3,1312,3,0,5,82
12,720,21.600000,42.984000,1,1,100460647,1313,3,1313,3,0,5,82
12,720,21.600000,42.984000,1,1,100460657,1314,3,1314,3,0,5,82
12,720,21.600000,42.984000,1,1,100460667,1315,3,1315,3,0,5,82
12,720,21.600000,42.984000,1,1,100460678,1315,3,1315,3,0,5,82
12,720,21.600000,42.984000,1,1,100460688,1316,3,1316,3,0,5,82
12,720,21.600000,42.984000,1,1,100460698,1317,3,1317,3,0,5,82
12,720,21.600000,42.984000,1,1,100460708,1317,3,1317,3,0,5,82
12,720,21.600000,42.984000,1,1,100460718,1317,3,1317,3,0,5,82
12,720,21.600000,42.984000,1,1,100460728,1317,3,1317,3,0,5,82
12,720,21.600000,42.984000,1,1,100460738,1317,3,1317,3,0,5,82
12,720,21.600000,42.984000,1,1,100460749,1317,2,1317,2,0,5,82
12,720,21.600000,42.984000,1,1,100460759,1317,2,1317,2,0,5,82
12,720,21.600000,42.984000,1,1,100460768,1317,2,1317,2,0,5,82
12,720,21.600000,42.984000,1,1,100460779,1317,2,1317,2,0,5,82
12,720,21.600000,42.984000,1,1,100460789,1317,2,1317,2,0,5,82
12,720,21.600000,42.984000,1,1,100460799,1317,2,1317,2,0,5,82
12,720,21.600000,42.984000,1,1,100460809,1317,2,1317,2,0,5,82
12,720,21.600000,42.984000,1,1,100460818,1317,2,1317,2,0,5,82
