12,720,82.800000,42.984000,0,0,100546576,600,0,600,0,0,6,14
12,720,82.800000,42.984000,0,0,100546577,600,0,600,0,0,6,14
12,720,82.800000,42.984000,0,0,100546587,600,0,600,0,0,6,14
12,720,82.800000,42.984000,0,0,100546597,600,0,600,0,0,6,14
12,720,82.800000,42.984000,0,0,100546609,604,0,604,-1,0,6,14
12,720,82.800000,42.984000,0,0,100546618,613,0,613,-2,0,6,14
12,720,82.800000,42.984000,0,0,100546631,629,0,629,-4,0,6,14
12,720,82.800000,42.984000,0,0,100546643,657,0,657,-7,0,6,14
12,720,82.800000,42.984000,0,0,100546655,694,0,694,-10,0,6,14
12,720,82.800000,42.984000,0,0,100546665,755,0,755,-13,0,6,14
12,720,82.800000,42.984000,0,0,100546676,809,0,809,-14,0,6,14
12,720,82.800000,42.984000,0,0,100546688,886,0,886,-14,0,6,14
12,720,82.800000,42.984000,0,0,100546699,974,0,974,-14,0,6,14
12,720,82.800000,42.984000,0,0,100546710,1067,1,1067,-13,0,6,14
12,720,82.800000,42.984000,0,0,100546721,1144,2,1144,-12,0,6,14
12,720,82.800000,42.984000,0,0,100546731,1211,2,1211,-12,0,6,14
12,720,82.800000,42.984000,0,0,100546742,1260,3,1260,-11,0,6,14
12,720,82.800000,42.984000,0,0,100546753,1289,4,1289,-10,0,6,14
12,720,82.800000,42.984000,0,0,100546763,1302,4,1302,-10,0,6,14
12,720,82.800000,42.984000,0,0,100546774,1306,4,1306,-10,0,6,14
12,720,82.800000,42.984000,0,0,100546785,1310,4,1310,-10,0,6,14
12,720,82.800000,42.984000,0,0,100546795,1310,5,1310,-9,0,6,14
12,720,82.800000,42.984000,0,0,100546806,1307,5,1307,-9,0,6,14
12,720,82.800000,42.984000,0,0,100546816,1304,5,1304,-9,0,6,14
12,720,82.800000,42.984000,0,0,100546826,1303,5,1303,-9,0,6,14
12,720,82.800000,42.984000,0,0,100546837,1302,5,1302,-9,0,6,14
12,720,82.800000,42.984000,0,0,100546855,1302,5,1302,-9,0,6,14
12,720,82.800000,42.984000,0,0,100546867,1302,5,1302,-9,0,6,14
12,720,82.800000,42.984000,0,0,100546878,1302,5,1302,-9,0,6,14
12,720,82.800000,42.984000,0,0,100546889,1302,5,1302,-9,0,6,14
12,720,82.800000,42.984000,0,0,100546899,1302,5,1302,-9,0,6,14
12,720,82.800000,42.984000,0,0,100546910,1301,5,1301,-9,0,6,14
12,720,82.800000,42.984000,0,0,100546920,1301,5,1301,-9,0,6,14
12,720,82.800000,42.984000,0,0,100546931,1301,5,1301,-9,0,6,14
12,720,82.800000,42.984000,0,0,100546941,1301,5,1301,-9,0,6,14
12,720,82.800000,42.984000,0,0,100546951,1301,5,1301,-9,0,6,14
12,720,82.800000,42.984000,0,0,100546962,1301,5,1301,-9,0,6,14
12,720,82.800000,42.984000,0,0,100546972,1301,5,1301,-9,0,6,14
12,720,82.800000,42.984000,0,0,100546983,1301,5,1301,-9,0,6,14
12,720,82.800000,42.984000,0,0,100546992,1301,5,1301,-9,0,6,14
12,720,82.800000,42.984000,0,0,100547002,1301,5,1301,-9,0,6,14
12,720,82.800000,42.984000,0,0,100547012,1301,5,1301,-9,0,6,14
12,720,82.800000,42.984000,0,0,100547023,1301,5,1301,-9,0,6,14
12,720,82.800000,42.984000,0,0,100547033,1301,5,1301,-9,0,6,14
12,720,82.800000,42.984000,0,0,100547045,1301,5,1301,-9,0,6,14
12,720,82.800000,42.984000,0,0,100547055,1301,5,1301,-9,0,6,14
12,720,82.800000,42.984000,0,0,100547065,1301,5,1301,-9,0,6,14
12,720,82.800000,42.984000,0,0,100547074,1301,5,1301,-9,0,6,14
12,720,82.800000,42.984000,0,0,100547091,1301,5,1301,-9,0,6,14
