12,360,50.400000,22.608000,1,0,100711358,780,0,780,0,0,6,112
12,360,50.400000,22.608000,1,0,100711359,780,0,780,0,0,6,112
12,360,50.400000,22.608000,1,0,100711371,780,0,780,-1,0,6,112
12,360,50.400000,22.608000,1,0,100711382,780,0,780,-2,0,6,112
12,360,50.400000,22.608000,1,0,100711392,780,0,780,-2,0,6,112
12,360,50.400000,22.608000,1,0,100711403,780,0,780,-3,0,6,112
12,360,50.400000,22.608000,1,0,100711414,781,0,781,-3,0,6,112
12,360,50.400000,22.608000,1,0,100711423,781,0,781,-3,0,6,112
12,360,50.400000,22.608000,1,0,100711435,782,0,782,-3,0,6,112
12,360,50.400000,22.608000,1,0,100711446,785,0,785,-4,0,6,112
12,360,50.400000,22.608000,1,0,100711456,790,0,790,-5,0,6,112
12,360,50.400000,22.608000,1,0,100711468,799,0,799,-7,0,6,112
12,360,50.400000,22.608000,1,0,100711479,814,0,814,-9,0,6,112
12,360,50.400000,22.608000,1,0,100711491,830,0,830,-11,0,6,112
12,360,50.400000,22.608000,1,0,100711501,855,0,855,-12,0,6,112
12,360,50.400000,22.608000,1,0,100711512,879,0,879,-12,0,6,112
12,360,50.400000,22.608000,1,0,100711523,909,0,909,-12,0,6,112
12,360,50.400000,22.608000,1,0,100711534,941,0,941,-12,0,6,112
12,360,50.400000,22.608000,1,0,100711545,973,1,973,-11,0,6,112
12,360,50.400000,22.608000,1,0,100711555,1006,3,1006,-9,0,6,112
12,360,50.400000,22.608000,1,0,100711566,1031,3,1031,-9,0,6,112
12,360,50.400000,22.608000,1,0,100711576,1058,4,1058,-8,0,6,112
12,360,50.400000,22.608000,1,0,100711587,1077,5,1077,-7,0,6,112
12,360,50.400000,22.608000,1,0,100711597,1089,5,1089,-7,0,6,112
12,360,50.400000,22.608000,1,0,100711608,1098,5,1098,-7,0,6,112
12,360,50.400000,22.608000,1,0,100711618,1105,5,1105,-7,0,6,112
12,360,50.400000,22.608000,1,0,100711628,1112,5,1112,-7,0,6,112
12,360,50.400000,22.608000,1,0,100711638,1119,5,1119,-7,0,6,112
12,360,50.400000,22.608000,1,0,100711649,1127,4,1127,-8,0,6,112
12,360,50.400000,22.608000,1,0,100711659,1135,4,1135,-8,0,6,112
12,360,50.400000,22.608000,1,0,100711670,1139,4,1139,-8,0,6,112
12,360,50.400000,22.608000,1,0,100711681,1144,3,1144,-9,0,6,112
12,360,50.400000,22.608000,1,0,100711691,1148,3,1148,-9,0,6,112
12,360,50.400000,22.608000,1,0,100711702,1151,3,1151,-9,0,6,112
12,360,50.400000,22.608000,1,0,100711712,1155,3,1155,-9,0,6,112
12,360,50.400000,22.608000,1,0,100711722,1157,2,1157,-10,0,6,112
12,360,50.400000,22.608000,1,0,100711732,1158,2,1158,-10,0,6,112
12,360,50.400000,22.608000,1,0,100711743,1159,2,1159,-10,0,6,112
12,360,50.400000,22.608000,1,0,100711753,1160,2,1160,-10,0,6,112
12,360,50.400000,22.608000,1,0,100711763,1160,2,1160,-10,0,6,112
12,360,50.400000,22.608000,1,0,100711774,1160,2,1160,-10,0,6,112
12,360,50.400000,22.608000,1,0,100711785,1160,2,1160,-10,0,6,112
12,360,50.400000,22.608000,1,0,100711795,1160,2,1160,-10,0,6,112
12,360,50.400000,22.608000,1,0,100711806,1160,2,1160,-10,0,6,112
12,360,50.400000,22.608000,1,0,100711816,1160,2,1160,-10,0,6,112
12,360,50.400000,22.608000,1,0,100711826,1160,2,1160,-10,0,6,112
12,360,50.400000,22.608000,1,0,100711836,1160,2,1160,-10,0,6,112
12,360,50.400000,22.608000,1,0,100711847,1160,2,1160,-10,0,6,112
12,360,50.400000,22.608000,1,0,100711857,1159,2,1159,-10,0,6,112
12,360,50.400000,22.608000,1,0,100711867,1159,2,1159,-10,0,6,112
12,360,50.400000,22.608000,1,0,100711877,1158,2,1158,-10,0,6,112
12,360,50.400000,22.608000,1,0,100711887,1157,2,1157,-10,0,6,112
12,360,50.400000,22.608000,1,0,100711898,1157,2,1157,-10,0,6,112
12,360,50.400000,22.608000,1,0,100711908,1156,2,1156,-10,0,6,112
12,360,50.400000,22.608000,1,0,100711918,1156,2,1156,-10,0,6,112
12,360,50.400000,22.608000,1,0,100711928,1155,2,1155,-10,0,6,112
12,360,50.400000,22.608000,1,0,100711938,1154,2,1154,-10,0,6,112
12,360,50.400000,22.608000,1,0,100711948,1153,2,1153,-10,0,6,112
12,360,50.400000,22.608000,1,0,100711959,1152,2,1152,-10,0,6,112
12,360,50.400000,22.608000,1,0,100711969,1151,2,1151,-10,0,6,112
12,360,50.400000,22.608000,1,0,100711980,1151,2,1151,-10,0,6,112
12,360,50.400000,22.608000,1,0,100711989,1151,2,1151,-10,0,6,112
