12,720,82.800000,10000.000000,0,0,100616276,600,0,600,0,0,6,57
12,720,82.800000,10000.000000,0,0,100616277,600,0,600,0,0,6,57
12,720,82.800000,10000.000000,0,0,100616288,618,2,618,2,0,6,57
12,720,82.800000,10000.000000,0,0,100616299,638,4,638,4,0,6,57
12,720,82.800000,10000.000000,0,0,100616310,670,6,670,6,0,6,57
12,720,82.800000,10000.000000,0,0,100616320,713,9,713,9,0,6,57
12,720,82.800000,10000.000000,0,0,100616332,766,11,766,11,0,6,57
12,720,82.800000,10000.000000,0,0,100616343,814,13,814,13,0,6,57
12,720,82.800000,10000.000000,0,0,100616355,869,16,869,16,0,6,57
12,720,82.800000,10000.000000,0,0,100616373,925,21,925,21,0,6,57
12,720,82.800000,10000.000000,0,0,100616384,1027,29,1027,29,0,6,57
12,720,82.800000,10000.000000,0,0,100616395,1087,35,1087,35,0,6,57
12,720,82.800000,10000.000000,0,0,100616405,1139,40,1139,40,0,6,57
12,720,82.800000,10000.000000,0,0,100616416,1204,46,1204,46,0,6,57
12,720,82.800000,10000.000000,0,0,100616427,1255,49,1255,49,0,6,57
12,720,82.800000,10000.000000,0,0,100616438,1296,50,1296,50,0,6,57
12,720,82.800000,10000.000000,0,0,100616449,1323,50,1323,50,0,6,57
12,720,82.800000,10000.000000,0,0,100616467,1346,50,1346,50,0,6,57
12,720,82.800000,10000.000000,0,0,100616478,1364,50,1364,50,0,6,57
12,720,82.800000,10000.000000,0,0,100616488,1365,50,1365,50,0,6,57
12,720,82.800000,10000.000000,0,0,100616498,1365,50,1365,50,0,6,57
12,720,82.800000,10000.000000,0,0,100616509,1365,50,1365,50,0,6,57
12,720,82.800000,10000.000000,0,0,100616519,1363,49,1363,49,0,6,57
12,720,82.800000,10000.000000,0,0,100616538,1361,49,1361,49,0,6,57
12,720,82.800000,10000.000000,0,0,100616549,1360,48,1360,48,0,6,57
12,720,82.800000,10000.000000,0,0,100616559,1359,47,1359,47,0,6,57
12,720,82.800000,10000.000000,0,0,100616571,1359,47,1359,47,0,6,57
12,720,82.800000,10000.000000,0,0,100616581,1359,47,1359,47,0,6,57
12,720,82.800000,10000.000000,0,0,100616592,1359,47,1359,47,0,6,57
12,720,82.800000,10000.000000,0,0,100616602,1358,47,1358,47,0,6,57
12,720,82.800000,10000.000000,0,0,100616612,1357,46,1357,46,0,6,57
12,720,82.800000,10000.000000,0,0,100616623,1356,45,1356,45,0,6,57
12,720,82.800000,10000.000000,0,0,100616641,1353,43,1353,43,0,6,57
12,720,82.800000,10000.000000,0,0,100616651,1347,40,1347,40,0,6,57
12,720,82.800000,10000.000000,0,0,100616662,1343,38,1343,38,0,6,57
12,720,82.800000,10000.000000,0,0,100616672,1339,37,1339,37,0,6,57
12,720,82.800000,10000.000000,0,0,100616682,1336,36,1336,36,0,6,57
12,720,82.800000,10000.000000,0,0,100616693,1333,35,1333,35,0,6,57
12,720,82.800000,10000.000000,0,0,100616703,1330,33,1330,33,0,6,57
12,720,82.800000,10000.000000,0,0,100616715,1327,31,1327,31,0,6,57
12,720,82.800000,10000.000000,0,0,100616725,1324,29,1324,29,0,6,57
12,720,82.800000,10000.000000,0,0,100616736,1321,27,1321,27,0,6,57
12,720,82.800000,10000.000000,0,0,100616746,1317,24,1317,24,0,6,57
12,720,82.800000,10000.000000,0,0,100616756,1314,22,1314,22,0,6,57
12,720,82.800000,10000.000000,0,0,100616767,1311,20,1311,20,0,6,57
12,720,82.800000,10000.000000,0,0,100616777,1309,18,1309,18,0,6,57
12,720,82.800000,10000.000000,0,0,100616787,1308,17,1308,17,0,6,57
12,720,82.800000,10000.000000,0,0,100616797,1307,15,1307,15,0,6,57
12,720,82.800000,10000.000000,0,0,100616807,1306,14,1306,14,0,6,57
12,720,82.800000,10000.000000,0,0,100616817,1306,14,1306,14,0,6,57
12,720,82.800000,10000.000000,0,0,100616827,1306,14,1306,14,0,6,57
12,720,82.800000,10000.000000,0,0,100616837,1306,14,1306,14,0,6,57
12,720,82.800000,10000.000000,0,0,100616847,1306,14,1306,14,0,6,57
12,720,82.800000,10000.000000,0,0,100616857,1306,14,1306,14,0,6,57
12,720,82.800000,10000.000000,0,0,100616867,1306,14,1306,14,0,6,57
12,720,82.800000,10000.000000,0,0,100616877,1306,14,1306,14,0,6,57
12,720,82.800000,10000.000000,0,0,100616887,1306,14,1306,14,0,6,57
12,720,82.800000,10000.000000,0,0,100616897,1306,14,1306,14,0,6,57
