12,720,21.600000,22.608000,0,1,100560538,600,22,600,22,0,6,23
12,720,21.600000,22.608000,0,1,100560539,600,22,600,22,0,6,23
12,720,21.600000,22.608000,0,1,100560550,600,22,600,22,0,6,23
12,720,21.600000,22.608000,0,1,100560560,600,22,600,22,0,6,23
12,720,21.600000,22.608000,0,1,100560570,600,22,600,22,0,6,23
12,720,21.600000,22.608000,0,1,100560580,602,22,602,22,0,6,23
12,720,21.600000,22.608000,0,1,100560590,603,22,603,22,0,6,23
12,720,21.600000,22.608000,0,1,100560602,608,22,608,22,0,6,23
12,720,21.600000,22.608000,0,1,100560612,618,22,618,22,0,6,23
12,720,21.600000,22.608000,0,1,100560624,630,21,630,21,0,6,23
12,720,21.600000,22.608000,0,1,100560635,655,21,655,21,0,6,23
12,720,21.600000,22.608000,0,1,100560646,688,21,688,21,0,6,23
12,720,21.600000,22.608000,0,1,100560657,727,20,727,20,0,6,23
12,720,21.600000,22.608000,0,1,100560668,776,20,776,20,0,6,23
12,720,21.600000,22.608000,0,1,100560689,824,20,824,20,0,6,23
12,720,21.600000,22.608000,0,1,100560699,907,23,907,23,0,6,23
12,720,21.600000,22.608000,0,1,100560709,936,25,936,25,0,6,23
12,720,21.600000,22.608000,0,1,100560720,962,25,962,25,0,6,23
12,720,21.600000,22.608000,0,1,100560731,989,25,989,25,0,6,23
12,720,21.600000,22.608000,0,1,100560751,1013,26,1013,26,0,6,23
12,720,21.600000,22.608000,0,1,100560762,1050,26,1050,26,0,6,23
12,720,21.600000,22.608000,0,1,100560772,1068,26,1068,26,0,6,23
12,720,21.600000,22.608000,0,1,100560784,1080,26,1080,26,0,6,23
12,720,21.600000,22.608000,0,1,100560795,1092,26,1092,26,0,6,23
12,720,21.600000,22.608000,0,1,100560805,1101,27,1101,27,0,6,23
12,720,21.600000,22.608000,0,1,100560816,1113,27,1113,27,0,6,23
12,720,21.600000,22.608000,0,1,100560827,1122,27,1122,27,0,6,23
12,720,21.600000,22.608000,0,1,100560837,1131,27,1131,27,0,6,23
12,720,21.600000,22.608000,0,1,100560847,1138,28,1138,28,0,6,23
12,720,21.600000,22.608000,0,1,100560857,1145,28,1145,28,0,6,23
12,720,21.600000,22.608000,0,1,100560868,1151,29,1151,29,0,6,23
12,720,21.600000,22.608000,0,1,100560878,1155,29,1155,29,0,6,23
12,720,21.600000,22.608000,0,1,100560889,1160,29,1160,29,0,6,23
12,720,21.600000,22.608000,0,1,100560900,1165,29,1165,29,0,6,23
12,720,21.600000,22.608000,0,1,100560910,1170,29,1170,29,0,6,23
12,720,21.600000,22.608000,0,1,100560921,1178,30,1178,30,0,6,23
12,720,21.600000,22.608000,0,1,100560938,1188,30,1188,30,0,6,23
12,720,21.600000,22.608000,0,1,100560949,1211,30,1211,30,0,6,23
12,720,21.600000,22.608000,0,1,100560960,1225,31,1225,31,0,6,23
12,720,21.600000,22.608000,0,1,100560971,1236,32,1236,32,0,6,23
12,720,21.600000,22.608000,0,1,100560982,1245,33,1245,33,0,6,23
12,720,21.600000,22.608000,0,1,100560993,1252,33,1252,33,0,6,23
12,720,21.600000,22.608000,0,1,100561003,1259,34,1259,34,0,6,23
12,720,21.600000,22.608000,0,1,100561014,1263,35,1263,35,0,6,23
12,720,21.600000,22.608000,0,1,100561024,1266,35,1266,35,0,6,23
12,720,21.600000,22.608000,0,1,100561035,1269,35,1269,35,0,6,23
12,720,21.600000,22.608000,0,1,100561046,1273,35,1273,35,0,6,23
12,720,21.600000,22.608000,0,1,100561056,1279,34,1279,34,0,6,23
12,720,21.600000,22.608000,0,1,100561068,1289,34,1289,34,0,6,23
12,720,21.600000,22.608000,0,1,100561078,1302,32,1302,32,0,6,23
12,720,21.600000,22.608000,0,1,100561089,1313,32,1313,32,0,6,23
12,720,21.600000,22.608000,0,1,100561099,1327,30,1327,30,0,6,23
12,720,21.600000,22.608000,0,1,100561109,1335,30,1335,30,0,6,23
12,720,21.600000,22.608000,0,1,100561131,1339,30,1339,30,0,6,23
12,720,21.600000,22.608000,0,1,100561144,1340,30,1340,30,0,6,23
12,720,21.600000,22.608000,0,1,100561154,1340,30,1340,30,0,6,23
12,720,21.600000,22.608000,0,1,100561165,1340,30,1340,30,0,6,23
12,720,21.600000,22.608000,0,1,100561175,1340,30,1340,30,0,6,23
12,720,21.600000,22.608000,0,1,100561186,1340,30,1340,30,0,6,23
12,720,21.600000,22.608000,0,1,100561196,1340,30,1340,30,0,6,23
12,720,21.600000,22.608000,0,1,100561206,1340,29,1340,29,0,6,23
12,720,21.600000,22.608000,0,1,100561217,1340,28,1340,28,0,6,23
12,720,21.600000,22.608000,0,1,100561226,1340,28,1340,28,0,6,23
12,720,21.600000,22.608000,0,1,100561236,1340,28,1340,28,0,6,23
12,720,21.600000,22.608000,0,1,100561254,1340,27,1340,27,0,6,23
12,720,21.600000,22.608000,0,1,100561263,1340,25,1340,25,0,6,23
12,720,21.600000,22.608000,0,1,100561273,1339,24,1339,24,0,6,23
12,720,21.600000,22.608000,0,1,100561283,1339,23,1339,23,0,6,23
12,720,21.600000,22.608000,0,1,100561294,1339,22,1339,22,0,6,23
12,720,21.600000,22.608000,0,1,100561304,1339,21,1339,21,0,6,23
12,720,21.600000,22.608000,0,1,100561313,1339,20,1339,20,0,6,23
12,720,21.600000,22.608000,0,1,100561325,1339,19,1339,19,0,6,23
12,720,21.600000,22.608000,0,1,100561335,1339,18,1339,18,0,6,23
12,720,21.600000,22.608000,0,1,100561345,1339,17,1339,17,0,6,23
12,720,21.600000,22.608000,0,1,100561355,1339,16,1339,16,0,6,23
12,720,21.600000,22.608000,0,1,100561366,1339,15,1339,15,0,6,23
12,720,21.600000,22.608000,0,1,100561376,1339,14,1339,14,0,6,23
12,720,21.600000,22.608000,0,1,100561387,1339,14,1339,14,0,6,23
12,720,21.600000,22.608000,0,1,100561397,1338,13,1338,13,0,6,23
12,720,21.600000,22.608000,0,1,100561407,1338,12,1338,12,0,6,23
12,720,21.600000,22.608000,0,1,100561417,1337,12,1337,12,0,6,23
12,720,21.600000,22.608000,0,1,100561427,1336,11,1336,11,0,6,23
12,720,21.600000,22.608000,0,1,100561437,1336,10,1336,10,0,6,23
12,720,21.600000,22.608000,0,1,100561446,1336,10,1336,10,0,6,23
12,720,21.600000,22.608000,0,1,100561456,1336,9,1336,9,0,6,23
12,720,21.600000,22.608000,0,1,100561467,1335,9,1335,9,0,6,23
12,720,21.600000,22.608000,0,1,100561477,1334,9,1334,9,0,6,23
12,720,21.600000,22.608000,0,1,100561486,1334,9,1334,9,0,6,23
12,720,21.600000,22.608000,0,1,100561497,1334,9,1334,9,0,6,23
12,720,21.600000,22.608000,0,1,100561507,1333,9,1333,9,0,6,23
12,720,21.600000,22.608000,0,1,100561517,1332,9,1332,9,0,6,23
12,720,21.600000,22.608000,0,1,100561528,1332,8,1332,8,0,6,23
12,720,21.600000,22.608000,0,1,100561538,1331,7,1331,7,0,6,23
12,720,21.600000,22.608000,0,1,100561548,1330,7,1330,7,0,6,23
12,720,21.600000,22.608000,0,1,100561558,1329,7,1329,7,0,6,23
12,720,21.600000,22.608000,0,1,100561568,1328,6,1328,6,0,6,23
12,720,21.600000,22.608000,0,1,100561578,1327,5,1327,5,0,6,23
12,720,21.600000,22.608000,0,1,100561587,1326,5,1326,5,0,6,23
12,720,21.600000,22.608000,0,1,100561597,1326,5,1326,5,0,6,23
12,720,21.600000,22.608000,0,1,100561607,1325,5,1325,5,0,6,23
12,720,21.600000,22.608000,0,1,100561616,1324,5,1324,5,0,6,23
