12,360,50.400000,42.984000,0,1,100530147,780,22,780,22,0,6,3
12,360,50.400000,42.984000,0,1,100530149,780,22,780,22,0,6,3
12,360,50.400000,42.984000,0,1,100530159,784,22,784,22,0,6,3
12,360,50.400000,42.984000,0,1,100530170,790,22,790,22,0,6,3
12,360,50.400000,42.984000,0,1,100530181,800,20,800,20,0,6,3
12,360,50.400000,42.984000,0,1,100530191,821,16,821,16,0,6,3
12,360,50.400000,42.984000,0,1,100530202,852,13,852,13,0,6,3
12,360,50.400000,42.984000,0,1,100530213,889,10,889,10,0,6,3
12,360,50.400000,42.984000,0,1,100530224,927,8,927,8,0,6,3
12,360,50.400000,42.984000,0,1,100530236,976,8,976,8,0,6,3
12,360,50.400000,42.984000,0,1,100530247,1030,8,1030,8,0,6,3
12,360,50.400000,42.984000,0,1,100530258,1080,8,1080,8,0,6,3
12,360,50.400000,42.984000,0,1,100530269,1115,11,1115,11,0,6,3
12,360,50.400000,42.984000,0,1,100530279,1144,13,1144,13,0,6,3
12,360,50.400000,42.984000,0,1,100530290,1160,15,1160,15,0,6,3
12,360,50.400000,42.984000,0,1,100530300,1166,15,1166,15,0,6,3
12,360,50.400000,42.984000,0,1,100530310,1173,15,1173,15,0,6,3
12,360,50.400000,42.984000,0,1,100530320,1173,15,1173,15,0,6,3
12,360,50.400000,42.984000,0,1,100530329,1173,15,1173,15,0,6,3
12,360,50.400000,42.984000,0,1,100530340,1173,15,1173,15,0,6,3
12,360,50.400000,42.984000,0,1,100530350,1173,15,1173,15,0,6,3
12,360,50.400000,42.984000,0,1,100530361,1173,15,1173,15,0,6,3
12,360,50.400000,42.984000,0,1,100530371,1173,15,1173,15,0,6,3
12,360,50.400000,42.984000,0,1,100530381,1173,15,1173,15,0,6,3
12,360,50.400000,42.984000,0,1,100530391,1173,15,1173,15,0,6,3
12,360,50.400000,42.984000,0,1,100530401,1173,15,1173,15,0,6,3
12,360,50.400000,42.984000,0,1,100530411,1171,15,1171,15,0,6,3
12,360,50.400000,42.984000,0,1,100530421,1170,15,1170,15,0,6,3
12,360,50.400000,42.984000,0,1,100530431,1169,15,1169,15,0,6,3
12,360,50.400000,42.984000,0,1,100530440,1168,15,1168,15,0,6,3
12,360,50.400000,42.984000,0,1,100530450,1167,15,1167,15,0,6,3
12,360,50.400000,42.984000,0,1,100530460,1166,15,1166,15,0,6,3
12,360,50.400000,42.984000,0,1,100530471,1165,15,1165,15,0,6,3
12,360,50.400000,42.984000,0,1,100530481,1163,15,1163,15,0,6,3
12,360,50.400000,42.984000,0,1,100530493,1162,15,1162,15,0,6,3
12,360,50.400000,42.984000,0,1,100530503,1160,15,1160,15,0,6,3
12,360,50.400000,42.984000,0,1,100530513,1158,15,1158,15,0,6,3
12,360,50.400000,42.984000,0,1,100530523,1156,15,1156,15,0,6,3
12,360,50.400000,42.984000,0,1,100530534,1154,15,1154,15,0,6,3
12,360,50.400000,42.984000,0,1,100530544,1151,15,1151,15,0,6,3
12,360,50.400000,42.984000,0,1,100530555,1147,15,1147,15,0,6,3
12,360,50.400000,42.984000,0,1,100530565,1144,15,1144,15,0,6,3
12,360,50.400000,42.984000,0,1,100530576,1142,15,1142,15,0,6,3
12,360,50.400000,42.984000,0,1,100530586,1142,15,1142,15,0,6,3
12,360,50.400000,42.984000,0,1,100530597,1142,15,1142,15,0,6,3
12,360,50.400000,42.984000,0,1,100530607,1142,15,1142,15,0,6,3
12,360,50.400000,42.984000,0,1,100530617,1142,15,1142,15,0,6,3
12,360,50.400000,42.984000,0,1,100530628,1142,15,1142,15,0,6,3
12,360,50.400000,42.984000,0,1,100530639,1142,15,1142,15,0,6,3
12,360,50.400000,42.984000,0,1,100530649,1142,15,1142,15,0,6,3
12,360,50.400000,42.984000,0,1,100530660,1142,15,1142,15,0,6,3
12,360,50.400000,42.984000,0,1,100530670,1142,15,1142,15,0,6,3
12,360,50.400000,42.984000,0,1,100530680,1142,15,1142,15,0,6,3
12,360,50.400000,42.984000,0,1,100530691,1142,15,1142,15,0,6,3
12,360,50.400000,42.984000,0,1,100530702,1142,15,1142,15,0,6,3
12,360,50.400000,42.984000,0,1,100530712,1142,15,1142,15,0,6,3
12,360,50.400000,42.984000,0,1,100530722,1142,15,1142,15,0,6,3
12,360,50.400000,42.984000,0,1,100530732,1142,15,1142,15,0,6,3
12,360,50.400000,42.984000,0,1,100530742,1142,15,1142,15,0,6,3
12,360,50.400000,42.984000,0,1,100530751,1142,15,1142,15,0,6,3
