12,360,82.800000,12.276000,1,0,100632260,780,0,780,0,0,6,68
12,360,82.800000,12.276000,1,0,100632261,780,0,780,0,0,6,68
12,360,82.800000,12.276000,1,0,100632272,780,0,780,0,0,6,68
12,360,82.800000,12.276000,1,0,100632283,780,0,780,0,0,6,68
12,360,82.800000,12.276000,1,0,100632294,781,0,781,0,0,6,68
12,360,82.800000,12.276000,1,0,100632305,783,0,783,0,0,6,68
12,360,82.800000,12.276000,1,0,100632316,786,0,786,-1,0,6,68
12,360,82.800000,12.276000,1,0,100632326,791,0,791,-2,0,6,68
12,360,82.800000,12.276000,1,0,100632337,797,0,797,-3,0,6,68
12,360,82.800000,12.276000,1,0,100632348,805,0,805,-3,0,6,68
12,360,82.800000,12.276000,1,0,100632359,814,0,814,-4,0,6,68
12,360,82.800000,12.276000,1,0,100632370,826,0,826,-4,0,6,68
12,360,82.800000,12.276000,1,0,100632381,844,0,844,-4,0,6,68
12,360,82.800000,12.276000,1,0,100632392,864,0,864,-5,0,6,68
12,360,82.800000,12.276000,1,0,100632402,883,0,883,-5,0,6,68
12,360,82.800000,12.276000,1,0,100632413,900,0,900,-5,0,6,68
12,360,82.800000,12.276000,1,0,100632423,919,0,919,-5,0,6,68
12,360,82.800000,12.276000,1,0,100632433,942,0,942,-5,0,6,68
12,360,82.800000,12.276000,1,0,100632444,964,0,964,-5,0,6,68
12,360,82.800000,12.276000,1,0,100632455,990,0,990,-5,0,6,68
12,360,82.800000,12.276000,1,0,100632466,1012,0,1012,-5,0,6,68
12,360,82.800000,12.276000,1,0,100632477,1038,0,1038,-5,0,6,68
12,360,82.800000,12.276000,1,0,100632487,1055,0,1055,-5,0,6,68
12,360,82.800000,12.276000,1,0,100632499,1075,1,1075,-4,0,6,68
12,360,82.800000,12.276000,1,0,100632510,1088,2,1088,-3,0,6,68
12,360,82.800000,12.276000,1,0,100632521,1099,2,1099,-3,0,6,68
12,360,82.800000,12.276000,1,0,100632532,1105,2,1105,-3,0,6,68
12,360,82.800000,12.276000,1,0,100632543,1108,2,1108,-3,0,6,68
12,360,82.800000,12.276000,1,0,100632554,1109,2,1109,-3,0,6,68
12,360,82.800000,12.276000,1,0,100632566,1110,2,1110,-3,0,6,68
12,360,82.800000,12.276000,1,0,100632576,1111,2,1111,-3,0,6,68
12,360,82.800000,12.276000,1,0,100632587,1115,2,1115,-3,0,6,68
12,360,82.800000,12.276000,1,0,100632598,1119,2,1119,-3,0,6,68
12,360,82.800000,12.276000,1,0,100632609,1123,2,1123,-3,0,6,68
12,360,82.800000,12.276000,1,0,100632621,1127,2,1127,-3,0,6,68
12,360,82.800000,12.276000,1,0,100632632,1131,2,1131,-3,0,6,68
12,360,82.800000,12.276000,1,0,100632642,1134,2,1134,-3,0,6,68
12,360,82.800000,12.276000,1,0,100632653,1137,2,1137,-3,0,6,68
12,360,82.800000,12.276000,1,0,100632663,1138,2,1138,-3,0,6,68
12,360,82.800000,12.276000,1,0,100632674,1139,2,1139,-3,0,6,68
12,360,82.800000,12.276000,1,0,100632685,1140,2,1140,-3,0,6,68
12,360,82.800000,12.276000,1,0,100632696,1140,2,1140,-3,0,6,68
12,360,82.800000,12.276000,1,0,100632706,1140,2,1140,-3,0,6,68
12,360,82.800000,12.276000,1,0,100632716,1140,2,1140,-3,0,6,68
12,360,82.800000,12.276000,1,0,100632726,1140,2,1140,-3,0,6,68
12,360,82.800000,12.276000,1,0,100632738,1140,2,1140,-3,0,6,68
12,360,82.800000,12.276000,1,0,100632748,1140,2,1140,-3,0,6,68
