12,360,21.600000,42.984000,0,1,100696191,780,22,780,22,0,6,102
12,360,21.600000,42.984000,0,1,100696192,780,22,780,22,0,6,102
12,360,21.600000,42.984000,0,1,100696203,794,21,794,21,0,6,102
12,360,21.600000,42.984000,0,1,100696213,811,20,811,20,0,6,102
12,360,21.600000,42.984000,0,1,100696224,830,18,830,18,0,6,102
12,360,21.600000,42.984000,0,1,100696245,853,17,853,17,0,6,102
12,360,21.600000,42.984000,0,1,100696255,891,15,891,15,0,6,102
12,360,21.600000,42.984000,0,1,100696268,911,14,911,14,0,6,102
12,360,21.600000,42.984000,0,1,100696279,933,14,933,14,0,6,102
12,360,21.600000,42.984000,0,1,100696290,957,14,957,14,0,6,102
12,360,21.600000,42.984000,0,1,100696301,980,13,980,13,0,6,102
12,360,21.600000,42.984000,0,1,100696312,998,13,998,13,0,6,102
12,360,21.600000,42.984000,0,1,100696323,1017,13,1017,13,0,6,102
12,360,21.600000,42.984000,0,1,100696334,1034,13,1034,13,0,6,102
12,360,21.600000,42.984000,0,1,100696353,1045,13,1045,13,0,6,102
12,360,21.600000,42.984000,0,1,100696364,1058,12,1058,12,0,6,102
12,360,21.600000,42.984000,0,1,100696375,1062,11,1062,11,0,6,102
12,360,21.600000,42.984000,0,1,100696386,1065,11,1065,11,0,6,102
12,360,21.600000,42.984000,0,1,100696397,1066,10,1066,10,0,6,102
12,360,21.600000,42.984000,0,1,100696416,1067,10,1067,10,0,6,102
12,360,21.600000,42.984000,0,1,100696427,1071,9,1071,9,0,6,102
12,360,21.600000,42.984000,0,1,100696437,1073,9,1073,9,0,6,102
12,360,21.600000,42.984000,0,1,100696448,1075,8,1075,8,0,6,102
12,360,21.600000,42.984000,0,1,100696458,1076,7,1076,7,0,6,102
12,360,21.600000,42.984000,0,1,100696468,1078,7,1078,7,0,6,102
12,360,21.600000,42.984000,0,1,100696480,1080,7,1080,7,0,6,102
12,360,21.600000,42.984000,0,1,100696491,1083,6,1083,6,0,6,102
12,360,21.600000,42.984000,0,1,100696509,1086,6,1086,6,0,6,102
12,360,21.600000,42.984000,0,1,100696519,1090,5,1090,5,0,6,102
12,360,21.600000,42.984000,0,1,100696530,1093,5,1093,5,0,6,102
12,360,21.600000,42.984000,0,1,100696541,1096,5,1096,5,0,6,102
12,360,21.600000,42.984000,0,1,100696551,1101,5,1101,5,0,6,102
12,360,21.600000,42.984000,0,1,100696563,1105,5,1105,5,0,6,102
12,360,21.600000,42.984000,0,1,100696574,1110,4,1110,4,0,6,102
12,360,21.600000,42.984000,0,1,100696584,1115,3,1115,3,0,6,102
12,360,21.600000,42.984000,0,1,100696603,1120,3,1120,3,0,6,102
12,360,21.600000,42.984000,0,1,100696614,1130,2,1130,2,0,6,102
12,360,21.600000,42.984000,0,1,100696625,1134,2,1134,2,0,6,102
12,360,21.600000,42.984000,0,1,100696636,1137,2,1137,2,0,6,102
12,360,21.600000,42.984000,0,1,100696648,1138,2,1138,2,0,6,102
12,360,21.600000,42.984000,0,1,100696666,1139,2,1139,2,0,6,102
12,360,21.600000,42.984000,0,1,100696676,1140,2,1140,2,0,6,102
12,360,21.600000,42.984000,0,1,100696687,1140,2,1140,2,0,6,102
12,360,21.600000,42.984000,0,1,100696697,1140,2,1140,2,0,6,102
12,360,21.600000,42.984000,0,1,100696707,1140,2,1140,2,0,6,102
12,360,21.600000,42.984000,0,1,100696717,1140,2,1140,2,0,6,102
12,360,21.600000,42.984000,0,1,100696728,1140,2,1140,2,0,6,102
12,360,21.600000,42.984000,0,1,100696739,1140,2,1140,2,0,6,102
12,360,21.600000,42.984000,0,1,100696749,1140,2,1140,2,0,6,102
12,360,21.600000,42.984000,0,1,100696759,1140,2,1140,2,0,6,102
12,360,21.600000,42.984000,0,1,100696777,1140,2,1140,2,0,6,102
12,360,21.600000,42.984000,0,1,100696788,1140,2,1140,2,0,6,102
12,360,21.600000,42.984000,0,1,100696799,1140,2,1140,2,0,6,102
12,360,21.600000,42.984000,0,1,100696810,1140,2,1140,2,0,6,102
12,360,21.600000,42.984000,0,1,100696821,1140,2,1140,2,0,6,102
12,360,21.600000,42.984000,0,1,100696839,1140,2,1140,2,0,6,102
