12,720,21.600000,12.276000,1,1,100599273,600,22,600,22,0,6,46
12,720,21.600000,12.276000,1,1,100599274,600,22,600,22,0,6,46
12,720,21.600000,12.276000,1,1,100599285,602,21,602,21,0,6,46
12,720,21.600000,12.276000,1,1,100599297,605,20,605,20,0,6,46
12,720,21.600000,12.276000,1,1,100599308,610,18,610,18,0,6,46
12,720,21.600000,12.276000,1,1,100599319,621,14,621,14,0,6,46
12,720,21.600000,12.276000,1,1,100599330,636,10,636,10,0,6,46
12,720,21.600000,12.276000,1,1,100599342,659,6,659,6,0,6,46
12,720,21.600000,12.276000,1,1,100599353,687,2,687,2,0,6,46
12,720,21.600000,12.276000,1,1,100599364,719,0,719,0,0,6,46
12,720,21.600000,12.276000,1,1,100599375,756,0,756,-1,0,6,46
12,720,21.600000,12.276000,1,1,100599385,805,0,805,-1,0,6,46
12,720,21.600000,12.276000,1,1,100599395,845,2,845,1,0,6,46
12,720,21.600000,12.276000,1,1,100599406,902,4,902,3,0,6,46
12,720,21.600000,12.276000,1,1,100599417,961,6,961,5,0,6,46
12,720,21.600000,12.276000,1,1,100599427,1032,7,1032,6,0,6,46
12,720,21.600000,12.276000,1,1,100599438,1100,8,1100,7,0,6,46
12,720,21.600000,12.276000,1,1,100599450,1153,9,1153,8,0,6,46
12,720,21.600000,12.276000,1,1,100599462,1202,10,1202,9,0,6,46
12,720,21.600000,12.276000,1,1,100599472,1236,11,1236,10,0,6,46
12,720,21.600000,12.276000,1,1,100599483,1265,12,1265,11,0,6,46
12,720,21.600000,12.276000,1,1,100599494,1284,13,1284,12,0,6,46
12,720,21.600000,12.276000,1,1,100599505,1296,13,1296,12,0,6,46
12,720,21.600000,12.276000,1,1,100599516,1302,13,1302,12,0,6,46
12,720,21.600000,12.276000,1,1,100599526,1305,13,1305,12,0,6,46
12,720,21.600000,12.276000,1,1,100599537,1307,13,1307,12,0,6,46
12,720,21.600000,12.276000,1,1,100599547,1308,13,1308,12,0,6,46
12,720,21.600000,12.276000,1,1,100599558,1309,13,1309,12,0,6,46
12,720,21.600000,12.276000,1,1,100599568,1310,13,1310,12,0,6,46
12,720,21.600000,12.276000,1,1,100599579,1313,13,1313,12,0,6,46
12,720,21.600000,12.276000,1,1,100599590,1318,13,1318,12,0,6,46
12,720,21.600000,12.276000,1,1,100599601,1326,13,1326,12,0,6,46
12,720,21.600000,12.276000,1,1,100599613,1335,13,1335,12,0,6,46
12,720,21.600000,12.276000,1,1,100599624,1343,13,1343,12,0,6,46
12,720,21.600000,12.276000,1,1,100599635,1351,13,1351,12,0,6,46
12,720,21.600000,12.276000,1,1,100599645,1357,13,1357,12,0,6,46
12,720,21.600000,12.276000,1,1,100599656,1361,13,1361,12,0,6,46
12,720,21.600000,12.276000,1,1,100599666,1361,13,1361,12,0,6,46
12,720,21.600000,12.276000,1,1,100599677,1361,13,1361,12,0,6,46
12,720,21.600000,12.276000,1,1,100599688,1361,13,1361,12,0,6,46
12,720,21.600000,12.276000,1,1,100599698,1361,13,1361,12,0,6,46
12,720,21.600000,12.276000,1,1,100599709,1361,13,1361,12,0,6,46
12,720,21.600000,12.276000,1,1,100599720,1360,14,1360,13,0,6,46
12,720,21.600000,12.276000,1,1,100599730,1358,14,1358,13,0,6,46
12,720,21.600000,12.276000,1,1,100599741,1356,14,1356,13,0,6,46
12,720,21.600000,12.276000,1,1,100599751,1355,14,1355,13,0,6,46
12,720,21.600000,12.276000,1,1,100599761,1354,14,1354,13,0,6,46
12,720,21.600000,12.276000,1,1,100599772,1353,14,1353,13,0,6,46
12,720,21.600000,12.276000,1,1,100599783,1353,14,1353,13,0,6,46
12,720,21.600000,12.276000,1,1,100599793,1352,14,1352,13,0,6,46
12,720,21.600000,12.276000,1,1,100599804,1351,14,1351,13,0,6,46
12,720,21.600000,12.276000,1,1,100599815,1351,14,1351,13,0,6,46
12,720,21.600000,12.276000,1,1,100599826,1349,15,1349,14,0,6,46
12,720,21.600000,12.276000,1,1,100599837,1346,15,1346,14,0,6,46
12,720,21.600000,12.276000,1,1,100599849,1342,15,1342,14,0,6,46
12,720,21.600000,12.276000,1,1,100599859,1337,15,1337,14,0,6,46
12,720,21.600000,12.276000,1,1,100599870,1333,15,1333,14,0,6,46
12,720,21.600000,12.276000,1,1,100599881,1330,15,1330,14,0,6,46
12,720,21.600000,12.276000,1,1,100599891,1328,15,1328,14,0,6,46
12,720,21.600000,12.276000,1,1,100599902,1328,15,1328,14,0,6,46
12,720,21.600000,12.276000,1,1,100599913,1328,15,1328,14,0,6,46
12,720,21.600000,12.276000,1,1,100599923,1328,15,1328,14,0,6,46
12,720,21.600000,12.276000,1,1,100599933,1328,15,1328,14,0,6,46
12,720,21.600000,12.276000,1,1,100599944,1328,15,1328,14,0,6,46
12,720,21.600000,12.276000,1,1,100599954,1328,15,1328,14,0,6,46
12,720,21.600000,12.276000,1,1,100599965,1328,15,1328,14,0,6,46
12,720,21.600000,12.276000,1,1,100599975,1328,15,1328,14,0,6,46
12,720,21.600000,12.276000,1,1,100599985,1328,15,1328,14,0,6,46
12,720,21.600000,12.276000,1,1,100599995,1328,15,1328,14,0,6,46
12,720,21.600000,12.276000,1,1,100600006,1328,15,1328,14,0,6,46
12,720,21.600000,12.276000,1,1,100600016,1328,15,1328,14,0,6,46
12,720,21.600000,12.276000,1,1,100600026,1328,15,1328,14,0,6,46
12,720,21.600000,12.276000,1,1,100600036,1328,15,1328,14,0,6,46
12,720,21.600000,12.276000,1,1,100600046,1328,15,1328,14,0,6,46
12,720,21.600000,12.276000,1,1,100600057,1328,15,1328,14,0,6,46
12,720,21.600000,12.276000,1,1,100600067,1328,15,1328,14,0,6,46
12,720,21.600000,12.276000,1,1,100600077,1328,15,1328,14,0,6,46
12,720,21.600000,12.276000,1,1,100600087,1328,15,1328,14,0,6,46
