12,720,50.400000,0.000000,1,1,100913507,600,22,600,22,0,7,115
12,720,50.400000,0.000000,1,1,100913508,600,22,600,22,0,7,115
12,720,50.400000,0.000000,1,1,100913520,640,21,640,21,0,7,115
12,720,50.400000,0.000000,1,1,100913530,695,19,695,19,0,7,115
12,720,50.400000,0.000000,1,1,100913541,764,16,764,16,0,7,115
12,720,50.400000,0.000000,1,1,100913553,830,11,830,11,0,7,115
12,720,50.400000,0.000000,1,1,100913563,908,5,908,5,0,7,115
12,720,50.400000,0.000000,1,1,100913575,977,0,977,-1,0,7,115
12,720,50.400000,0.000000,1,1,100913585,1036,0,1036,-6,0,7,115
12,720,50.400000,0.000000,1,1,100913597,1094,0,1094,-11,0,7,115
12,720,50.400000,0.000000,1,1,100913608,1135,0,1135,-13,0,7,115
12,720,50.400000,0.000000,1,1,100913618,1155,0,1155,-13,0,7,115
12,720,50.400000,0.000000,1,1,100913628,1168,1,1168,-12,0,7,115
12,720,50.400000,0.000000,1,1,100913639,1173,3,1173,-10,0,7,115
12,720,50.400000,0.000000,1,1,100913650,1173,3,1173,-10,0,7,115
12,720,50.400000,0.000000,1,1,100913660,1173,4,1173,-9,0,7,115
12,720,50.400000,0.000000,1,1,100913672,1173,5,1173,-8,0,7,115
12,720,50.400000,0.000000,1,1,100913682,1173,5,1173,-8,0,7,115
12,720,50.400000,0.000000,1,1,100913693,1173,5,1173,-8,0,7,115
12,720,50.400000,0.000000,1,1,100913704,1173,5,1173,-8,0,7,115
12,720,50.400000,0.000000,1,1,100913715,1173,5,1173,-8,0,7,115
12,720,50.400000,0.000000,1,1,100913725,1173,5,1173,-8,0,7,115
12,720,50.400000,0.000000,1,1,100913736,1174,5,1174,-8,0,7,115
12,720,50.400000,0.000000,1,1,100913747,1176,4,1176,-9,0,7,115
12,720,50.400000,0.000000,1,1,100913758,1178,4,1178,-9,0,7,115
12,720,50.400000,0.000000,1,1,100913769,1181,3,1181,-10,0,7,115
12,720,50.400000,0.000000,1,1,100913779,1183,2,1183,-11,0,7,115
12,720,50.400000,0.000000,1,1,100913790,1185,2,1185,-11,0,7,115
12,720,50.400000,0.000000,1,1,100913800,1186,1,1186,-12,0,7,115
12,720,50.400000,0.000000,1,1,100913811,1186,1,1186,-12,0,7,115
12,720,50.400000,0.000000,1,1,100913821,1186,1,1186,-12,0,7,115
12,720,50.400000,0.000000,1,1,100913832,1186,1,1186,-12,0,7,115
12,720,50.400000,0.000000,1,1,100913842,1189,1,1189,-12,0,7,115
12,720,50.400000,0.000000,1,1,100913855,1194,1,1194,-12,0,7,115
12,720,50.400000,0.000000,1,1,100913865,1201,1,1201,-12,0,7,115
12,720,50.400000,0.000000,1,1,100913876,1210,0,1210,-13,0,7,115
12,720,50.400000,0.000000,1,1,100913887,1222,0,1222,-14,0,7,115
12,720,50.400000,0.000000,1,1,100913896,1233,0,1233,-15,0,7,115
12,720,50.400000,0.000000,1,1,100913907,1247,0,1247,-16,0,7,115
12,720,50.400000,0.000000,1,1,100913917,1258,0,1258,-16,0,7,115
12,720,50.400000,0.000000,1,1,100913928,1268,0,1268,-17,0,7,115
12,720,50.400000,0.000000,1,1,100913939,1275,0,1275,-17,0,7,115
12,720,50.400000,0.000000,1,1,100913950,1280,0,1280,-17,0,7,115
12,720,50.400000,0.000000,1,1,100913960,1283,0,1283,-17,0,7,115
12,720,50.400000,0.000000,1,1,100913971,1284,0,1284,-17,0,7,115
12,720,50.400000,0.000000,1,1,100913981,1285,0,1285,-17,0,7,115
12,720,50.400000,0.000000,1,1,100913992,1287,0,1287,-17,0,7,115
12,720,50.400000,0.000000,1,1,100914003,1291,0,1291,-17,0,7,115
12,720,50.400000,0.000000,1,1,100914014,1296,0,1296,-17,0,7,115
12,720,50.400000,0.000000,1,1,100914025,1301,0,1301,-18,0,7,115
12,720,50.400000,0.000000,1,1,100914037,1306,0,1306,-18,0,7,115
12,720,50.400000,0.000000,1,1,100914046,1309,0,1309,-18,0,7,115
12,720,50.400000,0.000000,1,1,100914057,1309,0,1309,-19,0,7,115
12,720,50.400000,0.000000,1,1,100914067,1309,0,1309,-19,0,7,115
12,720,50.400000,0.000000,1,1,100914078,1309,0,1309,-19,0,7,115
12,720,50.400000,0.000000,1,1,100914088,1309,0,1309,-19,0,7,115
12,720,50.400000,0.000000,1,1,100914099,1309,0,1309,-19,0,7,115
12,720,50.400000,0.000000,1,1,100914110,1309,0,1309,-19,0,7,115
12,720,50.400000,0.000000,1,1,100914121,1309,0,1309,-19,0,7,115
12,720,50.400000,0.000000,1,1,100914131,1309,0,1309,-19,0,7,115
12,720,50.400000,0.000000,1,1,100914142,1309,0,1309,-19,0,7,115
12,720,50.400000,0.000000,1,1,100914151,1309,0,1309,-19,0,7,115
