12,360,82.800000,10000.000000,1,0,100723085,780,0,780,0,0,7,0
12,360,82.800000,10000.000000,1,0,100723086,780,0,780,0,0,7,0
12,360,82.800000,10000.000000,1,0,100723096,782,0,782,0,0,7,0
12,360,82.800000,10000.000000,1,0,100723107,786,1,786,1,0,7,0
12,360,82.800000,10000.000000,1,0,100723119,793,1,793,1,0,7,0
12,360,82.800000,10000.000000,1,0,100723129,803,1,803,1,0,7,0
12,360,82.800000,10000.000000,1,0,100723140,819,2,819,2,0,7,0
12,360,82.800000,10000.000000,1,0,100723151,839,3,839,3,0,7,0
12,360,82.800000,10000.000000,1,0,100723162,863,6,863,6,0,7,0
12,360,82.800000,10000.000000,1,0,100723173,884,9,884,9,0,7,0
12,360,82.800000,10000.000000,1,0,100723185,907,11,907,11,0,7,0
12,360,82.800000,10000.000000,1,0,100723196,930,15,930,15,0,7,0
12,360,82.800000,10000.000000,1,0,100723207,948,17,948,17,0,7,0
12,360,82.800000,10000.000000,1,0,100723218,966,19,966,19,0,7,0
12,360,82.800000,10000.000000,1,0,100723228,986,21,986,21,0,7,0
12,360,82.800000,10000.000000,1,0,100723239,1001,21,1001,21,0,7,0
12,360,82.800000,10000.000000,1,0,100723250,1018,22,1018,22,0,7,0
12,360,82.800000,10000.000000,1,0,100723261,1037,22,1037,22,0,7,0
12,360,82.800000,10000.000000,1,0,100723273,1054,22,1054,22,0,7,0
12,360,82.800000,10000.000000,1,0,100723284,1073,22,1073,22,0,7,0
12,360,82.800000,10000.000000,1,0,100723295,1087,23,1087,23,0,7,0
12,360,82.800000,10000.000000,1,0,100723306,1102,24,1102,24,0,7,0
12,360,82.800000,10000.000000,1,0,100723317,1112,25,1112,25,0,7,0
12,360,82.800000,10000.000000,1,0,100723328,1123,26,1123,26,0,7,0
12,360,82.800000,10000.000000,1,0,100723340,1131,27,1131,27,0,7,0
12,360,82.800000,10000.000000,1,0,100723350,1137,28,1137,28,0,7,0
12,360,82.800000,10000.000000,1,0,100723361,1141,28,1141,28,0,7,0
12,360,82.800000,10000.000000,1,0,100723371,1145,28,1145,28,0,7,0
12,360,82.800000,10000.000000,1,0,100723381,1146,28,1146,28,0,7,0
12,360,82.800000,10000.000000,1,0,100723392,1146,28,1146,28,0,7,0
12,360,82.800000,10000.000000,1,0,100723403,1146,28,1146,28,0,7,0
12,360,82.800000,10000.000000,1,0,100723413,1147,28,1147,28,0,7,0
12,360,82.800000,10000.000000,1,0,100723426,1148,28,1148,28,0,7,0
12,360,82.800000,10000.000000,1,0,100723435,1148,28,1148,28,0,7,0
12,360,82.800000,10000.000000,1,0,100723446,1148,28,1148,28,0,7,0
12,360,82.800000,10000.000000,1,0,100723457,1148,28,1148,28,0,7,0
12,360,82.800000,10000.000000,1,0,100723469,1149,27,1149,27,0,7,0
12,360,82.800000,10000.000000,1,0,100723479,1150,27,1150,27,0,7,0
12,360,82.800000,10000.000000,1,0,100723490,1151,26,1151,26,0,7,0
12,360,82.800000,10000.000000,1,0,100723501,1151,24,1151,24,0,7,0
12,360,82.800000,10000.000000,1,0,100723511,1152,22,1152,22,0,7,0
12,360,82.800000,10000.000000,1,0,100723523,1152,20,1152,20,0,7,0
12,360,82.800000,10000.000000,1,0,100723533,1152,18,1152,18,0,7,0
12,360,82.800000,10000.000000,1,0,100723546,1152,16,1152,16,0,7,0
12,360,82.800000,10000.000000,1,0,100723557,1152,15,1152,15,0,7,0
12,360,82.800000,10000.000000,1,0,100723576,1151,13,1151,13,0,7,0
12,360,82.800000,10000.000000,1,0,100723587,1150,11,1150,11,0,7,0
12,360,82.800000,10000.000000,1,0,100723598,1149,9,1149,9,0,7,0
12,360,82.800000,10000.000000,1,0,100723608,1148,8,1148,8,0,7,0
12,360,82.800000,10000.000000,1,0,100723619,1148,7,1148,7,0,7,0
12,360,82.800000,10000.000000,1,0,100723631,1147,7,1147,7,0,7,0
12,360,82.800000,10000.000000,1,0,100723641,1147,6,1147,6,0,7,0
12,360,82.800000,10000.000000,1,0,100723652,1147,5,1147,5,0,7,0
12,360,82.800000,10000.000000,1,0,100723662,1147,5,1147,5,0,7,0
12,360,82.800000,10000.000000,1,0,100723673,1147,5,1147,5,0,7,0
12,360,82.800000,10000.000000,1,0,100723683,1147,5,1147,5,0,7,0
