12,720,50.400000,22.608000,1,0,100858698,600,0,600,0,0,7,81
12,720,50.400000,22.608000,1,0,100858699,600,0,600,0,0,7,81
12,720,50.400000,22.608000,1,0,100858710,628,0,628,-3,0,7,81
12,720,50.400000,22.608000,1,0,100858722,665,0,665,-8,0,7,81
12,720,50.400000,22.608000,1,0,100858733,709,0,709,-14,0,7,81
12,720,50.400000,22.608000,1,0,100858744,765,0,765,-19,0,7,81
12,720,50.400000,22.608000,1,0,100858755,811,0,811,-23,0,7,81
12,720,50.400000,22.608000,1,0,100858767,866,0,866,-25,0,7,81
12,720,50.400000,22.608000,1,0,100858777,937,0,937,-26,0,7,81
12,720,50.400000,22.608000,1,0,100858789,1004,0,1004,-27,0,7,81
12,720,50.400000,22.608000,1,0,100858799,1070,0,1070,-27,0,7,81
12,720,50.400000,22.608000,1,0,100858809,1118,0,1118,-27,0,7,81
12,720,50.400000,22.608000,1,0,100858820,1166,0,1166,-27,0,7,81
12,720,50.400000,22.608000,1,0,100858830,1210,0,1210,-27,0,7,81
12,720,50.400000,22.608000,1,0,100858841,1247,0,1247,-27,0,7,81
12,720,50.400000,22.608000,1,0,100858853,1268,0,1268,-28,0,7,81
12,720,50.400000,22.608000,1,0,100858864,1283,0,1283,-28,0,7,81
12,720,50.400000,22.608000,1,0,100858874,1288,0,1288,-28,0,7,81
12,720,50.400000,22.608000,1,0,100858885,1289,0,1289,-28,0,7,81
12,720,50.400000,22.608000,1,0,100858896,1289,0,1289,-28,0,7,81
12,720,50.400000,22.608000,1,0,100858906,1289,0,1289,-28,0,7,81
12,720,50.400000,22.608000,1,0,100858917,1289,0,1289,-28,0,7,81
12,720,50.400000,22.608000,1,0,100858928,1289,0,1289,-29,0,7,81
12,720,50.400000,22.608000,1,0,100858938,1289,0,1289,-29,0,7,81
12,720,50.400000,22.608000,1,0,100858950,1289,0,1289,-29,0,7,81
12,720,50.400000,22.608000,1,0,100858961,1289,0,1289,-29,0,7,81
12,720,50.400000,22.608000,1,0,100858971,1289,0,1289,-29,0,7,81
12,720,50.400000,22.608000,1,0,100858982,1289,0,1289,-29,0,7,81
12,720,50.400000,22.608000,1,0,100858992,1289,0,1289,-29,0,7,81
12,720,50.400000,22.608000,1,0,100859003,1289,0,1289,-29,0,7,81
12,720,50.400000,22.608000,1,0,100859013,1289,0,1289,-29,0,7,81
12,720,50.400000,22.608000,1,0,100859024,1289,0,1289,-30,0,7,81
12,720,50.400000,22.608000,1,0,100859034,1289,0,1289,-30,0,7,81
12,720,50.400000,22.608000,1,0,100859045,1289,0,1289,-30,0,7,81
12,720,50.400000,22.608000,1,0,100859056,1289,0,1289,-30,0,7,81
12,720,50.400000,22.608000,1,0,100859067,1289,0,1289,-30,0,7,81
12,720,50.400000,22.608000,1,0,100859077,1289,0,1289,-30,0,7,81
12,720,50.400000,22.608000,1,0,100859088,1289,0,1289,-30,0,7,81
12,720,50.400000,22.608000,1,0,100859106,1289,0,1289,-30,0,7,81
12,720,50.400000,22.608000,1,0,100859117,1289,0,1289,-30,0,7,81
12,720,50.400000,22.608000,1,0,100859127,1289,0,1289,-30,0,7,81
12,720,50.400000,22.608000,1,0,100859138,1289,0,1289,-30,0,7,81
12,720,50.400000,22.608000,1,0,100859148,1289,0,1289,-30,0,7,81
12,720,50.400000,22.608000,1,0,100859159,1290,0,1290,-30,0,7,81
12,720,50.400000,22.608000,1,0,100859169,1293,0,1293,-30,0,7,81
12,720,50.400000,22.608000,1,0,100859180,1294,0,1294,-30,0,7,81
12,720,50.400000,22.608000,1,0,100859190,1295,0,1295,-30,0,7,81
12,720,50.400000,22.608000,1,0,100859201,1295,0,1295,-30,0,7,81
12,720,50.400000,22.608000,1,0,100859211,1295,0,1295,-30,0,7,81
12,720,50.400000,22.608000,1,0,100859222,1295,0,1295,-30,0,7,81
12,720,50.400000,22.608000,1,0,100859232,1295,0,1295,-30,0,7,81
12,720,50.400000,22.608000,1,0,100859242,1295,0,1295,-30,0,7,81
12,720,50.400000,22.608000,1,0,100859253,1295,0,1295,-30,0,7,81
12,720,50.400000,22.608000,1,0,100859263,1295,0,1295,-30,0,7,81
12,720,50.400000,22.608000,1,0,100859273,1296,0,1296,-30,0,7,81
12,720,50.400000,22.608000,1,0,100859284,1297,0,1297,-30,0,7,81
12,720,50.400000,22.608000,1,0,100859294,1298,0,1298,-31,0,7,81
12,720,50.400000,22.608000,1,0,100859304,1300,0,1300,-31,0,7,81
12,720,50.400000,22.608000,1,0,100859315,1301,0,1301,-31,0,7,81
12,720,50.400000,22.608000,1,0,100859325,1301,0,1301,-31,0,7,81
12,720,50.400000,22.608000,1,0,100859335,1301,0,1301,-31,0,7,81
12,720,50.400000,22.608000,1,0,100859346,1301,0,1301,-31,0,7,81
12,720,50.400000,22.608000,1,0,100859355,1301,0,1301,-31,0,7,81
