12,360,50.400000,12.276000,1,0,100854765,780,0,780,0,0,7,78
12,360,50.400000,12.276000,1,0,100854766,780,0,780,0,0,7,78
12,360,50.400000,12.276000,1,0,100854776,781,0,781,0,0,7,78
12,360,50.400000,12.276000,1,0,100854788,782,0,782,0,0,7,78
12,360,50.400000,12.276000,1,0,100854798,784,0,784,-1,0,7,78
12,360,50.400000,12.276000,1,0,100854810,789,0,789,-2,0,7,78
12,360,50.400000,12.276000,1,0,100854821,800,0,800,-4,0,7,78
12,360,50.400000,12.276000,1,0,100854831,814,0,814,-5,0,7,78
12,360,50.400000,12.276000,1,0,100854842,835,0,835,-7,0,7,78
12,360,50.400000,12.276000,1,0,100854856,858,0,858,-10,0,7,78
12,360,50.400000,12.276000,1,0,100854866,889,0,889,-12,0,7,78
12,360,50.400000,12.276000,1,0,100854877,917,0,917,-14,0,7,78
12,360,50.400000,12.276000,1,0,100854887,949,0,949,-17,0,7,78
12,360,50.400000,12.276000,1,0,100854898,988,0,988,-22,0,7,78
12,360,50.400000,12.276000,1,0,100854909,1025,0,1025,-23,0,7,78
12,360,50.400000,12.276000,1,0,100854919,1053,0,1053,-23,0,7,78
12,360,50.400000,12.276000,1,0,100854930,1079,0,1079,-26,0,7,78
12,360,50.400000,12.276000,1,0,100854940,1096,0,1096,-26,0,7,78
12,360,50.400000,12.276000,1,0,100854951,1114,0,1114,-28,0,7,78
12,360,50.400000,12.276000,1,0,100854961,1124,0,1124,-28,0,7,78
12,360,50.400000,12.276000,1,0,100854971,1130,0,1130,-29,0,7,78
12,360,50.400000,12.276000,1,0,100854982,1132,0,1132,-30,0,7,78
12,360,50.400000,12.276000,1,0,100854993,1132,0,1132,-30,0,7,78
12,360,50.400000,12.276000,1,0,100855012,1132,0,1132,-30,0,7,78
12,360,50.400000,12.276000,1,0,100855023,1132,0,1132,-30,0,7,78
12,360,50.400000,12.276000,1,0,100855034,1132,0,1132,-30,0,7,78
12,360,50.400000,12.276000,1,0,100855045,1132,0,1132,-30,0,7,78
12,360,50.400000,12.276000,1,0,100855056,1132,0,1132,-30,0,7,78
12,360,50.400000,12.276000,1,0,100855067,1132,0,1132,-30,0,7,78
12,360,50.400000,12.276000,1,0,100855077,1132,0,1132,-30,0,7,78
12,360,50.400000,12.276000,1,0,100855087,1131,0,1131,-30,0,7,78
12,360,50.400000,12.276000,1,0,100855101,1131,0,1131,-30,0,7,78
12,360,50.400000,12.276000,1,0,100855112,1130,0,1130,-30,0,7,78
12,360,50.400000,12.276000,1,0,100855123,1130,0,1130,-30,0,7,78
12,360,50.400000,12.276000,1,0,100855134,1130,0,1130,-30,0,7,78
12,360,50.400000,12.276000,1,0,100855145,1130,0,1130,-30,0,7,78
12,360,50.400000,12.276000,1,0,100855156,1130,0,1130,-30,0,7,78
12,360,50.400000,12.276000,1,0,100855166,1130,0,1130,-30,0,7,78
12,360,50.400000,12.276000,1,0,100855177,1130,0,1130,-30,0,7,78
12,360,50.400000,12.276000,1,0,100855187,1130,0,1130,-30,0,7,78
12,360,50.400000,12.276000,1,0,100855197,1130,0,1130,-30,0,7,78
12,360,50.400000,12.276000,1,0,100855207,1130,0,1130,-30,0,7,78
