12,360,50.400000,10000.000000,1,0,100812402,780,0,780,0,0,7,51
12,360,50.400000,10000.000000,1,0,100812404,780,0,780,0,0,7,51
12,360,50.400000,10000.000000,1,0,100812414,780,0,780,0,0,7,51
12,360,50.400000,10000.000000,1,0,100812424,780,0,780,0,0,7,51
12,360,50.400000,10000.000000,1,0,100812434,780,0,780,0,0,7,51
12,360,50.400000,10000.000000,1,0,100812445,782,0,782,-1,0,7,51
12,360,50.400000,10000.000000,1,0,100812455,786,0,786,-2,0,7,51
12,360,50.400000,10000.000000,1,0,100812467,794,0,794,-4,0,7,51
12,360,50.400000,10000.000000,1,0,100812477,803,0,803,-5,0,7,51
12,360,50.400000,10000.000000,1,0,100812491,816,0,816,-6,0,7,51
12,360,50.400000,10000.000000,1,0,100812501,829,0,829,-7,0,7,51
12,360,50.400000,10000.000000,1,0,100812512,843,0,843,-7,0,7,51
12,360,50.400000,10000.000000,1,0,100812522,856,0,856,-7,0,7,51
12,360,50.400000,10000.000000,1,0,100812533,869,1,869,-6,0,7,51
12,360,50.400000,10000.000000,1,0,100812543,887,2,887,-5,0,7,51
12,360,50.400000,10000.000000,1,0,100812553,904,3,904,-4,0,7,51
12,360,50.400000,10000.000000,1,0,100812564,919,3,919,-4,0,7,51
12,360,50.400000,10000.000000,1,0,100812574,936,3,936,-4,0,7,51
12,360,50.400000,10000.000000,1,0,100812584,953,3,953,-4,0,7,51
12,360,50.400000,10000.000000,1,0,100812595,968,3,968,-4,0,7,51
12,360,50.400000,10000.000000,1,0,100812605,984,4,984,-3,0,7,51
12,360,50.400000,10000.000000,1,0,100812615,1000,5,1000,-2,0,7,51
12,360,50.400000,10000.000000,1,0,100812627,1014,5,1014,-2,0,7,51
12,360,50.400000,10000.000000,1,0,100812637,1028,5,1028,-2,0,7,51
12,360,50.400000,10000.000000,1,0,100812648,1041,6,1041,-1,0,7,51
12,360,50.400000,10000.000000,1,0,100812659,1052,6,1052,-1,0,7,51
12,360,50.400000,10000.000000,1,0,100812669,1064,6,1064,-1,0,7,51
12,360,50.400000,10000.000000,1,0,100812679,1073,7,1073,0,0,7,51
12,360,50.400000,10000.000000,1,0,100812690,1083,7,1083,0,0,7,51
12,360,50.400000,10000.000000,1,0,100812701,1090,7,1090,0,0,7,51
12,360,50.400000,10000.000000,1,0,100812711,1096,7,1096,0,0,7,51
12,360,50.400000,10000.000000,1,0,100812721,1099,7,1099,0,0,7,51
12,360,50.400000,10000.000000,1,0,100812732,1101,7,1101,0,0,7,51
12,360,50.400000,10000.000000,1,0,100812743,1101,7,1101,0,0,7,51
12,360,50.400000,10000.000000,1,0,100812754,1101,7,1101,0,0,7,51
12,360,50.400000,10000.000000,1,0,100812764,1101,7,1101,0,0,7,51
12,360,50.400000,10000.000000,1,0,100812774,1101,7,1101,0,0,7,51
12,360,50.400000,10000.000000,1,0,100812785,1101,7,1101,0,0,7,51
12,360,50.400000,10000.000000,1,0,100812795,1102,7,1102,0,0,7,51
12,360,50.400000,10000.000000,1,0,100812807,1104,7,1104,0,0,7,51
12,360,50.400000,10000.000000,1,0,100812818,1109,7,1109,0,0,7,51
12,360,50.400000,10000.000000,1,0,100812828,1114,6,1114,-1,0,7,51
12,360,50.400000,10000.000000,1,0,100812839,1119,5,1119,-2,0,7,51
12,360,50.400000,10000.000000,1,0,100812849,1124,4,1124,-3,0,7,51
12,360,50.400000,10000.000000,1,0,100812860,1127,4,1127,-3,0,7,51
12,360,50.400000,10000.000000,1,0,100812871,1129,4,1129,-3,0,7,51
12,360,50.400000,10000.000000,1,0,100812881,1132,4,1132,-3,0,7,51
12,360,50.400000,10000.000000,1,0,100812892,1132,4,1132,-3,0,7,51
12,360,50.400000,10000.000000,1,0,100812902,1132,4,1132,-3,0,7,51
12,360,50.400000,10000.000000,1,0,100812912,1132,4,1132,-3,0,7,51
12,360,50.400000,10000.000000,1,0,100812923,1132,4,1132,-3,0,7,51
12,360,50.400000,10000.000000,1,0,100812933,1132,4,1132,-3,0,7,51
12,360,50.400000,10000.000000,1,0,100812944,1132,4,1132,-3,0,7,51
12,360,50.400000,10000.000000,1,0,100812954,1132,4,1132,-3,0,7,51
12,360,50.400000,10000.000000,1,0,100812964,1132,4,1132,-3,0,7,51
12,360,50.400000,10000.000000,1,0,100812975,1132,4,1132,-3,0,7,51
12,360,50.400000,10000.000000,1,0,100812985,1132,4,1132,-3,0,7,51
12,360,50.400000,10000.000000,1,0,100812996,1132,3,1132,-4,0,7,51
12,360,50.400000,10000.000000,1,0,100813006,1132,2,1132,-5,0,7,51
12,360,50.400000,10000.000000,1,0,100813017,1132,2,1132,-5,0,7,51
12,360,50.400000,10000.000000,1,0,100813026,1132,2,1132,-5,0,7,51
