12,360,50.400000,10000.000000,1,1,100844429,780,22,780,22,0,7,72
12,360,50.400000,10000.000000,1,1,100844430,780,22,780,22,0,7,72
12,360,50.400000,10000.000000,1,1,100844439,782,22,782,22,0,7,72
12,360,50.400000,10000.000000,1,1,100844450,785,21,785,21,0,7,72
12,360,50.400000,10000.000000,1,1,100844462,790,21,790,21,0,7,72
12,360,50.400000,10000.000000,1,1,100844473,796,21,796,21,0,7,72
12,360,50.400000,10000.000000,1,1,100844485,803,20,803,20,0,7,72
12,360,50.400000,10000.000000,1,1,100844497,814,19,814,19,0,7,72
12,360,50.400000,10000.000000,1,1,100844510,826,19,826,19,0,7,72
12,360,50.400000,10000.000000,1,1,100844522,841,18,841,18,0,7,72
12,360,50.400000,10000.000000,1,1,100844533,855,18,855,18,0,7,72
12,360,50.400000,10000.000000,1,1,100844543,867,18,867,18,0,7,72
12,360,50.400000,10000.000000,1,1,100844554,881,18,881,18,0,7,72
12,360,50.400000,10000.000000,1,1,100844567,896,18,896,18,0,7,72
12,360,50.400000,10000.000000,1,1,100844580,913,17,913,17,0,7,72
12,360,50.400000,10000.000000,1,1,100844601,931,17,931,17,0,7,72
12,360,50.400000,10000.000000,1,1,100844612,966,16,966,16,0,7,72
12,360,50.400000,10000.000000,1,1,100844623,986,15,986,15,0,7,72
12,360,50.400000,10000.000000,1,1,100844634,1006,15,1006,15,0,7,72
12,360,50.400000,10000.000000,1,1,100844644,1027,15,1027,15,0,7,72
12,360,50.400000,10000.000000,1,1,100844656,1050,15,1050,15,0,7,72
12,360,50.400000,10000.000000,1,1,100844667,1070,15,1070,15,0,7,72
12,360,50.400000,10000.000000,1,1,100844678,1094,15,1094,15,0,7,72
12,360,50.400000,10000.000000,1,1,100844691,1113,15,1113,15,0,7,72
12,360,50.400000,10000.000000,1,1,100844703,1135,15,1135,15,0,7,72
12,360,50.400000,10000.000000,1,1,100844713,1154,16,1154,16,0,7,72
12,360,50.400000,10000.000000,1,1,100844724,1168,16,1168,16,0,7,72
12,360,50.400000,10000.000000,1,1,100844736,1181,16,1181,16,0,7,72
12,360,50.400000,10000.000000,1,1,100844747,1188,16,1188,16,0,7,72
12,360,50.400000,10000.000000,1,1,100844757,1191,16,1191,16,0,7,72
12,360,50.400000,10000.000000,1,1,100844768,1192,16,1192,16,0,7,72
12,360,50.400000,10000.000000,1,1,100844780,1193,16,1193,16,0,7,72
12,360,50.400000,10000.000000,1,1,100844791,1193,16,1193,16,0,7,72
12,360,50.400000,10000.000000,1,1,100844802,1193,16,1193,16,0,7,72
12,360,50.400000,10000.000000,1,1,100844812,1193,16,1193,16,0,7,72
12,360,50.400000,10000.000000,1,1,100844823,1193,16,1193,16,0,7,72
12,360,50.400000,10000.000000,1,1,100844833,1193,16,1193,16,0,7,72
12,360,50.400000,10000.000000,1,1,100844844,1195,16,1195,16,0,7,72
12,360,50.400000,10000.000000,1,1,100844854,1196,16,1196,16,0,7,72
12,360,50.400000,10000.000000,1,1,100844865,1196,16,1196,16,0,7,72
12,360,50.400000,10000.000000,1,1,100844876,1196,16,1196,16,0,7,72
12,360,50.400000,10000.000000,1,1,100844887,1196,16,1196,16,0,7,72
12,360,50.400000,10000.000000,1,1,100844898,1196,16,1196,16,0,7,72
12,360,50.400000,10000.000000,1,1,100844908,1196,16,1196,16,0,7,72
12,360,50.400000,10000.000000,1,1,100844919,1196,16,1196,16,0,7,72
12,360,50.400000,10000.000000,1,1,100844929,1196,16,1196,16,0,7,72
12,360,50.400000,10000.000000,1,1,100844940,1196,16,1196,16,0,7,72
12,360,50.400000,10000.000000,1,1,100844951,1196,16,1196,16,0,7,72
12,360,50.400000,10000.000000,1,1,100844961,1196,16,1196,16,0,7,72
12,360,50.400000,10000.000000,1,1,100844972,1196,16,1196,16,0,7,72
12,360,50.400000,10000.000000,1,1,100844983,1194,16,1194,16,0,7,72
12,360,50.400000,10000.000000,1,1,100844993,1192,16,1192,16,0,7,72
12,360,50.400000,10000.000000,1,1,100845005,1190,16,1190,16,0,7,72
12,360,50.400000,10000.000000,1,1,100845016,1188,16,1188,16,0,7,72
12,360,50.400000,10000.000000,1,1,100845026,1186,16,1186,16,0,7,72
12,360,50.400000,10000.000000,1,1,100845037,1184,16,1184,16,0,7,72
12,360,50.400000,10000.000000,1,1,100845047,1183,16,1183,16,0,7,72
12,360,50.400000,10000.000000,1,1,100845058,1182,16,1182,16,0,7,72
12,360,50.400000,10000.000000,1,1,100845068,1182,16,1182,16,0,7,72
12,360,50.400000,10000.000000,1,1,100845078,1182,16,1182,16,0,7,72
12,360,50.400000,10000.000000,1,1,100845089,1181,16,1181,16,0,7,72
12,360,50.400000,10000.000000,1,1,100845100,1180,16,1180,16,0,7,72
12,360,50.400000,10000.000000,1,1,100845110,1178,16,1178,16,0,7,72
12,360,50.400000,10000.000000,1,1,100845121,1176,16,1176,16,0,7,72
12,360,50.400000,10000.000000,1,1,100845131,1173,15,1173,15,0,7,72
12,360,50.400000,10000.000000,1,1,100845142,1171,15,1171,15,0,7,72
12,360,50.400000,10000.000000,1,1,100845153,1169,15,1169,15,0,7,72
12,360,50.400000,10000.000000,1,1,100845163,1169,15,1169,15,0,7,72
12,360,50.400000,10000.000000,1,1,100845173,1169,15,1169,15,0,7,72
12,360,50.400000,10000.000000,1,1,100845184,1167,15,1167,15,0,7,72
12,360,50.400000,10000.000000,1,1,100845194,1166,15,1166,15,0,7,72
12,360,50.400000,10000.000000,1,1,100845204,1164,15,1164,15,0,7,72
12,360,50.400000,10000.000000,1,1,100845215,1162,14,1162,14,0,7,72
12,360,50.400000,10000.000000,1,1,100845225,1161,14,1161,14,0,7,72
12,360,50.400000,10000.000000,1,1,100845235,1159,14,1159,14,0,7,72
12,360,50.400000,10000.000000,1,1,100845245,1157,14,1157,14,0,7,72
12,360,50.400000,10000.000000,1,1,100845256,1156,14,1156,14,0,7,72
12,360,50.400000,10000.000000,1,1,100845266,1154,14,1154,14,0,7,72
12,360,50.400000,10000.000000,1,1,100845276,1153,14,1153,14,0,7,72
12,360,50.400000,10000.000000,1,1,100845286,1152,14,1152,14,0,7,72
12,360,50.400000,10000.000000,1,1,100845296,1151,14,1151,14,0,7,72
12,360,50.400000,10000.000000,1,1,100845307,1150,14,1150,14,0,7,72
12,360,50.400000,10000.000000,1,1,100845316,1150,14,1150,14,0,7,72
12,360,50.400000,10000.000000,1,1,100845327,1150,14,1150,14,0,7,72
12,360,50.400000,10000.000000,1,1,100845337,1150,14,1150,14,0,7,72
12,360,50.400000,10000.000000,1,1,100845347,1150,14,1150,14,0,7,72
12,360,50.400000,10000.000000,1,1,100845357,1150,14,1150,14,0,7,72
12,360,50.400000,10000.000000,1,1,100845367,1150,14,1150,14,0,7,72
12,360,50.400000,10000.000000,1,1,100845378,1150,14,1150,14,0,7,72
12,360,50.400000,10000.000000,1,1,100845388,1150,14,1150,14,0,7,72
12,360,50.400000,10000.000000,1,1,100845398,1149,14,1149,14,0,7,72
12,360,50.400000,10000.000000,1,1,100845408,1149,14,1149,14,0,7,72
