12,720,50.400000,10000.000000,0,1,100897518,600,22,600,22,0,7,106
12,720,50.400000,10000.000000,0,1,100897519,600,22,600,22,0,7,106
12,720,50.400000,10000.000000,0,1,100897530,602,22,602,22,0,7,106
12,720,50.400000,10000.000000,0,1,100897541,606,22,606,22,0,7,106
12,720,50.400000,10000.000000,0,1,100897552,611,20,611,20,0,7,106
12,720,50.400000,10000.000000,0,1,100897563,620,19,620,19,0,7,106
12,720,50.400000,10000.000000,0,1,100897576,631,17,631,17,0,7,106
12,720,50.400000,10000.000000,0,1,100897587,649,14,649,14,0,7,106
12,720,50.400000,10000.000000,0,1,100897598,668,12,668,12,0,7,106
12,720,50.400000,10000.000000,0,1,100897609,692,10,692,10,0,7,106
12,720,50.400000,10000.000000,0,1,100897629,726,8,726,8,0,7,106
12,720,50.400000,10000.000000,0,1,100897640,809,6,809,6,0,7,106
12,720,50.400000,10000.000000,0,1,100897652,864,5,864,5,0,7,106
12,720,50.400000,10000.000000,0,1,100897663,918,5,918,5,0,7,106
12,720,50.400000,10000.000000,0,1,100897674,976,4,976,4,0,7,106
12,720,50.400000,10000.000000,0,1,100897685,1047,2,1047,2,0,7,106
12,720,50.400000,10000.000000,0,1,100897696,1106,1,1106,1,0,7,106
12,720,50.400000,10000.000000,0,1,100897706,1168,0,1168,0,0,7,106
12,720,50.400000,10000.000000,0,1,100897717,1213,0,1213,0,0,7,106
12,720,50.400000,10000.000000,0,1,100897728,1251,0,1251,-1,0,7,106
12,720,50.400000,10000.000000,0,1,100897739,1284,0,1284,-2,0,7,106
12,720,50.400000,10000.000000,0,1,100897749,1304,0,1304,-2,0,7,106
12,720,50.400000,10000.000000,0,1,100897759,1320,0,1320,-2,0,7,106
12,720,50.400000,10000.000000,0,1,100897770,1327,0,1327,-2,0,7,106
12,720,50.400000,10000.000000,0,1,100897781,1331,0,1331,-2,0,7,106
12,720,50.400000,10000.000000,0,1,100897792,1333,0,1333,-3,0,7,106
12,720,50.400000,10000.000000,0,1,100897802,1334,0,1334,-4,0,7,106
12,720,50.400000,10000.000000,0,1,100897813,1335,0,1335,-5,0,7,106
12,720,50.400000,10000.000000,0,1,100897824,1336,0,1336,-5,0,7,106
12,720,50.400000,10000.000000,0,1,100897835,1338,0,1338,-6,0,7,106
12,720,50.400000,10000.000000,0,1,100897846,1341,0,1341,-6,0,7,106
12,720,50.400000,10000.000000,0,1,100897856,1344,0,1344,-7,0,7,106
12,720,50.400000,10000.000000,0,1,100897867,1346,0,1346,-7,0,7,106
12,720,50.400000,10000.000000,0,1,100897878,1348,0,1348,-7,0,7,106
12,720,50.400000,10000.000000,0,1,100897888,1348,0,1348,-7,0,7,106
12,720,50.400000,10000.000000,0,1,100897899,1348,0,1348,-7,0,7,106
12,720,50.400000,10000.000000,0,1,100897909,1348,0,1348,-7,0,7,106
12,720,50.400000,10000.000000,0,1,100897919,1348,0,1348,-7,0,7,106
12,720,50.400000,10000.000000,0,1,100897929,1348,0,1348,-7,0,7,106
12,720,50.400000,10000.000000,0,1,100897940,1348,0,1348,-7,0,7,106
12,720,50.400000,10000.000000,0,1,100897958,1348,0,1348,-7,0,7,106
12,720,50.400000,10000.000000,0,1,100897969,1348,0,1348,-7,0,7,106
12,720,50.400000,10000.000000,0,1,100897979,1348,0,1348,-7,0,7,106
12,720,50.400000,10000.000000,0,1,100897991,1348,0,1348,-7,0,7,106
12,720,50.400000,10000.000000,0,1,100898002,1348,0,1348,-7,0,7,106
12,720,50.400000,10000.000000,0,1,100898013,1348,0,1348,-7,0,7,106
12,720,50.400000,10000.000000,0,1,100898023,1348,0,1348,-7,0,7,106
12,720,50.400000,10000.000000,0,1,100898033,1348,0,1348,-7,0,7,106
12,720,50.400000,10000.000000,0,1,100898044,1348,0,1348,-7,0,7,106
12,720,50.400000,10000.000000,0,1,100898054,1348,0,1348,-7,0,7,106
12,720,50.400000,10000.000000,0,1,100898064,1346,0,1346,-7,0,7,106
12,720,50.400000,10000.000000,0,1,100898076,1343,0,1343,-7,0,7,106
12,720,50.400000,10000.000000,0,1,100898087,1339,0,1339,-7,0,7,106
12,720,50.400000,10000.000000,0,1,100898098,1334,0,1334,-7,0,7,106
12,720,50.400000,10000.000000,0,1,100898108,1329,1,1329,-6,0,7,106
12,720,50.400000,10000.000000,0,1,100898119,1322,1,1322,-6,0,7,106
12,720,50.400000,10000.000000,0,1,100898130,1317,2,1317,-5,0,7,106
12,720,50.400000,10000.000000,0,1,100898148,1312,2,1312,-5,0,7,106
12,720,50.400000,10000.000000,0,1,100898158,1307,2,1307,-5,0,7,106
12,720,50.400000,10000.000000,0,1,100898168,1306,2,1306,-5,0,7,106
12,720,50.400000,10000.000000,0,1,100898179,1306,2,1306,-5,0,7,106
12,720,50.400000,10000.000000,0,1,100898189,1306,2,1306,-5,0,7,106
12,720,50.400000,10000.000000,0,1,100898199,1306,2,1306,-5,0,7,106
12,720,50.400000,10000.000000,0,1,100898209,1306,2,1306,-5,0,7,106
12,720,50.400000,10000.000000,0,1,100898228,1306,2,1306,-5,0,7,106
12,720,50.400000,10000.000000,0,1,100898238,1306,2,1306,-5,0,7,106
