12,360,82.800000,12.276000,0,0,100880843,780,0,780,0,0,7,96
12,360,82.800000,12.276000,0,0,100880844,780,0,780,0,0,7,96
12,360,82.800000,12.276000,0,0,100880854,782,0,782,0,0,7,96
12,360,82.800000,12.276000,0,0,100880865,783,0,783,0,0,7,96
12,360,82.800000,12.276000,0,0,100880876,786,0,786,0,0,7,96
12,360,82.800000,12.276000,0,0,100880887,790,0,790,0,0,7,96
12,360,82.800000,12.276000,0,0,100880898,796,0,796,0,0,7,96
12,360,82.800000,12.276000,0,0,100880911,807,0,807,-1,0,7,96
12,360,82.800000,12.276000,0,0,100880922,821,0,821,-1,0,7,96
12,360,82.800000,12.276000,0,0,100880933,837,0,837,-1,0,7,96
12,360,82.800000,12.276000,0,0,100880943,857,0,857,-1,0,7,96
12,360,82.800000,12.276000,0,0,100880954,877,0,877,-1,0,7,96
12,360,82.800000,12.276000,0,0,100880964,903,0,903,-1,0,7,96
12,360,82.800000,12.276000,0,0,100880974,929,0,929,-1,0,7,96
12,360,82.800000,12.276000,0,0,100880985,954,0,954,-1,0,7,96
12,360,82.800000,12.276000,0,0,100880996,978,0,978,-1,0,7,96
12,360,82.800000,12.276000,0,0,100881006,1006,0,1006,-1,0,7,96
12,360,82.800000,12.276000,0,0,100881017,1031,0,1031,-1,0,7,96
12,360,82.800000,12.276000,0,0,100881027,1052,0,1052,-1,0,7,96
12,360,82.800000,12.276000,0,0,100881039,1071,0,1071,-1,0,7,96
12,360,82.800000,12.276000,0,0,100881049,1087,0,1087,-1,0,7,96
12,360,82.800000,12.276000,0,0,100881060,1102,0,1102,-1,0,7,96
12,360,82.800000,12.276000,0,0,100881070,1113,0,1113,-1,0,7,96
12,360,82.800000,12.276000,0,0,100881080,1120,0,1120,-1,0,7,96
12,360,82.800000,12.276000,0,0,100881091,1127,0,1127,-1,0,7,96
12,360,82.800000,12.276000,0,0,100881102,1132,0,1132,-1,0,7,96
12,360,82.800000,12.276000,0,0,100881113,1135,0,1135,-1,0,7,96
12,360,82.800000,12.276000,0,0,100881123,1138,0,1138,-1,0,7,96
12,360,82.800000,12.276000,0,0,100881134,1141,0,1141,-1,0,7,96
12,360,82.800000,12.276000,0,0,100881145,1142,0,1142,-1,0,7,96
12,360,82.800000,12.276000,0,0,100881155,1143,0,1143,-1,0,7,96
12,360,82.800000,12.276000,0,0,100881166,1145,0,1145,-1,0,7,96
12,360,82.800000,12.276000,0,0,100881177,1147,0,1147,-1,0,7,96
12,360,82.800000,12.276000,0,0,100881188,1149,0,1149,-1,0,7,96
12,360,82.800000,12.276000,0,0,100881199,1150,0,1150,-1,0,7,96
12,360,82.800000,12.276000,0,0,100881209,1152,0,1152,-2,0,7,96
12,360,82.800000,12.276000,0,0,100881220,1153,0,1153,-2,0,7,96
12,360,82.800000,12.276000,0,0,100881231,1154,0,1154,-2,0,7,96
12,360,82.800000,12.276000,0,0,100881241,1154,0,1154,-2,0,7,96
12,360,82.800000,12.276000,0,0,100881252,1154,0,1154,-2,0,7,96
12,360,82.800000,12.276000,0,0,100881262,1155,0,1155,-2,0,7,96
12,360,82.800000,12.276000,0,0,100881273,1156,0,1156,-2,0,7,96
12,360,82.800000,12.276000,0,0,100881283,1157,0,1157,-2,0,7,96
12,360,82.800000,12.276000,0,0,100881294,1157,0,1157,-2,0,7,96
12,360,82.800000,12.276000,0,0,100881304,1157,0,1157,-2,0,7,96
12,360,82.800000,12.276000,0,0,100881315,1157,0,1157,-2,0,7,96
12,360,82.800000,12.276000,0,0,100881326,1157,0,1157,-2,0,7,96
12,360,82.800000,12.276000,0,0,100881337,1157,0,1157,-2,0,7,96
12,360,82.800000,12.276000,0,0,100881347,1157,0,1157,-2,0,7,96
12,360,82.800000,12.276000,0,0,100881357,1157,0,1157,-2,0,7,96
