12,360,82.800000,10000.000000,0,1,100952360,780,22,780,22,0,8,18
12,360,82.800000,10000.000000,0,1,100952360,780,22,780,22,0,8,18
12,360,82.800000,10000.000000,0,1,100952371,782,23,782,23,0,8,18
12,360,82.800000,10000.000000,0,1,100952382,784,23,784,23,0,8,18
12,360,82.800000,10000.000000,0,1,100952393,787,23,787,23,0,8,18
12,360,82.800000,10000.000000,0,1,100952403,793,24,793,24,0,8,18
12,360,82.800000,10000.000000,0,1,100952415,803,24,803,24,0,8,18
12,360,82.800000,10000.000000,0,1,100952426,819,25,819,25,0,8,18
12,360,82.800000,10000.000000,0,1,100952436,837,25,837,25,0,8,18
12,360,82.800000,10000.000000,0,1,100952449,858,25,858,25,0,8,18
12,360,82.800000,10000.000000,0,1,100952461,885,25,885,25,0,8,18
12,360,82.800000,10000.000000,0,1,100952472,952,27,952,27,0,8,18
12,360,82.800000,10000.000000,0,1,100952483,985,28,985,28,0,8,18
12,360,82.800000,10000.000000,0,1,100952494,1015,28,1015,28,0,8,18
12,360,82.800000,10000.000000,0,1,100952505,1045,28,1045,28,0,8,18
12,360,82.800000,10000.000000,0,1,100952517,1072,28,1072,28,0,8,18
12,360,82.800000,10000.000000,0,1,100952529,1091,28,1091,28,0,8,18
12,360,82.800000,10000.000000,0,1,100952540,1103,28,1103,28,0,8,18
12,360,82.800000,10000.000000,0,1,100952550,1115,27,1115,27,0,8,18
12,360,82.800000,10000.000000,0,1,100952561,1122,27,1122,27,0,8,18
12,360,82.800000,10000.000000,0,1,100952571,1126,26,1126,26,0,8,18
12,360,82.800000,10000.000000,0,1,100952582,1130,25,1130,25,0,8,18
12,360,82.800000,10000.000000,0,1,100952593,1133,24,1133,24,0,8,18
12,360,82.800000,10000.000000,0,1,100952604,1135,24,1135,24,0,8,18
12,360,82.800000,10000.000000,0,1,100952615,1137,23,1137,23,0,8,18
12,360,82.800000,10000.000000,0,1,100952626,1140,21,1140,21,0,8,18
12,360,82.800000,10000.000000,0,1,100952636,1142,20,1142,20,0,8,18
12,360,82.800000,10000.000000,0,1,100952647,1145,19,1145,19,0,8,18
12,360,82.800000,10000.000000,0,1,100952657,1146,17,1146,17,0,8,18
12,360,82.800000,10000.000000,0,1,100952668,1147,16,1147,16,0,8,18
12,360,82.800000,10000.000000,0,1,100952678,1148,16,1148,16,0,8,18
12,360,82.800000,10000.000000,0,1,100952689,1148,16,1148,16,0,8,18
12,360,82.800000,10000.000000,0,1,100952700,1148,15,1148,15,0,8,18
12,360,82.800000,10000.000000,0,1,100952710,1148,15,1148,15,0,8,18
12,360,82.800000,10000.000000,0,1,100952720,1148,15,1148,15,0,8,18
12,360,82.800000,10000.000000,0,1,100952731,1148,15,1148,15,0,8,18
12,360,82.800000,10000.000000,0,1,100952742,1148,14,1148,14,0,8,18
12,360,82.800000,10000.000000,0,1,100952752,1148,13,1148,13,0,8,18
12,360,82.800000,10000.000000,0,1,100952763,1148,12,1148,12,0,8,18
12,360,82.800000,10000.000000,0,1,100952773,1148,10,1148,10,0,8,18
12,360,82.800000,10000.000000,0,1,100952783,1147,9,1147,9,0,8,18
12,360,82.800000,10000.000000,0,1,100952793,1145,7,1145,7,0,8,18
12,360,82.800000,10000.000000,0,1,100952804,1143,6,1143,6,0,8,18
12,360,82.800000,10000.000000,0,1,100952814,1142,4,1142,4,0,8,18
12,360,82.800000,10000.000000,0,1,100952824,1140,3,1140,3,0,8,18
12,360,82.800000,10000.000000,0,1,100952835,1139,3,1139,3,0,8,18
12,360,82.800000,10000.000000,0,1,100952846,1137,2,1137,2,0,8,18
12,360,82.800000,10000.000000,0,1,100952857,1137,2,1137,2,0,8,18
12,360,82.800000,10000.000000,0,1,100952867,1136,2,1136,2,0,8,18
12,360,82.800000,10000.000000,0,1,100952878,1136,2,1136,2,0,8,18
12,360,82.800000,10000.000000,0,1,100952888,1136,2,1136,2,0,8,18
