12,720,82.800000,22.608000,1,0,101102331,600,0,600,0,0,8,106
12,720,82.800000,22.608000,1,0,101102331,600,0,600,0,0,8,106
12,720,82.800000,22.608000,1,0,101102342,600,0,600,0,0,8,106
12,720,82.800000,22.608000,1,0,101102353,600,0,600,0,0,8,106
12,720,82.800000,22.608000,1,0,101102363,600,0,600,0,0,8,106
12,720,82.800000,22.608000,1,0,101102374,600,0,600,0,0,8,106
12,720,82.800000,22.608000,1,0,101102384,601,0,601,0,0,8,106
12,720,82.800000,22.608000,1,0,101102395,602,0,602,0,0,8,106
12,720,82.800000,22.608000,1,0,101102406,608,0,608,0,0,8,106
12,720,82.800000,22.608000,1,0,101102417,614,0,614,-1,0,8,106
12,720,82.800000,22.608000,1,0,101102428,623,0,623,-1,0,8,106
12,720,82.800000,22.608000,1,0,101102439,638,0,638,-1,0,8,106
12,720,82.800000,22.608000,1,0,101102451,654,0,654,-2,0,8,106
12,720,82.800000,22.608000,1,0,101102462,678,0,678,-2,0,8,106
12,720,82.800000,22.608000,1,0,101102474,704,0,704,-3,0,8,106
12,720,82.800000,22.608000,1,0,101102486,740,0,740,-5,0,8,106
12,720,82.800000,22.608000,1,0,101102497,781,0,781,-6,0,8,106
12,720,82.800000,22.608000,1,0,101102509,823,0,823,-8,0,8,106
12,720,82.800000,22.608000,1,0,101102520,885,0,885,-12,0,8,106
12,720,82.800000,22.608000,1,0,101102532,942,0,942,-15,0,8,106
12,720,82.800000,22.608000,1,0,101102543,996,0,996,-18,0,8,106
12,720,82.800000,22.608000,1,0,101102554,1034,0,1034,-20,0,8,106
12,720,82.800000,22.608000,1,0,101102565,1067,0,1067,-21,0,8,106
12,720,82.800000,22.608000,1,0,101102576,1097,0,1097,-21,0,8,106
12,720,82.800000,22.608000,1,0,101102587,1120,0,1120,-21,0,8,106
12,720,82.800000,22.608000,1,0,101102599,1138,0,1138,-21,0,8,106
12,720,82.800000,22.608000,1,0,101102610,1150,0,1150,-21,0,8,106
12,720,82.800000,22.608000,1,0,101102621,1157,0,1157,-21,0,8,106
12,720,82.800000,22.608000,1,0,101102631,1162,0,1162,-21,0,8,106
12,720,82.800000,22.608000,1,0,101102642,1165,0,1165,-21,0,8,106
12,720,82.800000,22.608000,1,0,101102652,1169,0,1169,-21,0,8,106
12,720,82.800000,22.608000,1,0,101102664,1175,0,1175,-21,0,8,106
12,720,82.800000,22.608000,1,0,101102675,1184,0,1184,-21,0,8,106
12,720,82.800000,22.608000,1,0,101102686,1193,0,1193,-21,0,8,106
12,720,82.800000,22.608000,1,0,101102705,1204,0,1204,-21,0,8,106
12,720,82.800000,22.608000,1,0,101102715,1222,0,1222,-21,0,8,106
12,720,82.800000,22.608000,1,0,101102736,1230,0,1230,-21,0,8,106
12,720,82.800000,22.608000,1,0,101102747,1244,0,1244,-21,0,8,106
12,720,82.800000,22.608000,1,0,101102759,1250,0,1250,-21,0,8,106
12,720,82.800000,22.608000,1,0,101102770,1255,0,1255,-21,0,8,106
12,720,82.800000,22.608000,1,0,101102782,1260,0,1260,-21,0,8,106
12,720,82.800000,22.608000,1,0,101102793,1264,0,1264,-21,0,8,106
12,720,82.800000,22.608000,1,0,101102803,1265,0,1265,-21,0,8,106
12,720,82.800000,22.608000,1,0,101102813,1265,0,1265,-21,0,8,106
12,720,82.800000,22.608000,1,0,101102824,1265,0,1265,-21,0,8,106
12,720,82.800000,22.608000,1,0,101102835,1265,0,1265,-21,0,8,106
12,720,82.800000,22.608000,1,0,101102846,1265,0,1265,-21,0,8,106
12,720,82.800000,22.608000,1,0,101102856,1265,0,1265,-21,0,8,106
12,720,82.800000,22.608000,1,0,101102867,1265,0,1265,-21,0,8,106
12,720,82.800000,22.608000,1,0,101102878,1266,0,1266,-21,0,8,106
12,720,82.800000,22.608000,1,0,101102888,1268,0,1268,-21,0,8,106
12,720,82.800000,22.608000,1,0,101102908,1272,0,1272,-21,0,8,106
12,720,82.800000,22.608000,1,0,101102919,1282,0,1282,-21,0,8,106
12,720,82.800000,22.608000,1,0,101102930,1287,0,1287,-21,0,8,106
12,720,82.800000,22.608000,1,0,101102940,1293,0,1293,-21,0,8,106
12,720,82.800000,22.608000,1,0,101102952,1296,0,1296,-21,0,8,106
12,720,82.800000,22.608000,1,0,101102961,1297,0,1297,-21,0,8,106
12,720,82.800000,22.608000,1,0,101102971,1297,0,1297,-21,0,8,106
12,720,82.800000,22.608000,1,0,101102982,1297,0,1297,-21,0,8,106
12,720,82.800000,22.608000,1,0,101103001,1297,0,1297,-21,0,8,106
12,720,82.800000,22.608000,1,0,101103013,1297,0,1297,-21,0,8,106
12,720,82.800000,22.608000,1,0,101103024,1297,0,1297,-21,0,8,106
12,720,82.800000,22.608000,1,0,101103034,1297,0,1297,-21,0,8,106
12,720,82.800000,22.608000,1,0,101103045,1297,0,1297,-21,0,8,106
12,720,82.800000,22.608000,1,0,101103056,1297,0,1297,-21,0,8,106
12,720,82.800000,22.608000,1,0,101103066,1297,0,1297,-21,0,8,106
