12,720,21.600000,12.276000,1,1,101078599,600,22,600,22,0,8,91
12,720,21.600000,12.276000,1,1,101078600,600,22,600,22,0,8,91
12,720,21.600000,12.276000,1,1,101078610,600,21,600,21,0,8,91
12,720,21.600000,12.276000,1,1,101078620,600,21,600,21,0,8,91
12,720,21.600000,12.276000,1,1,101078631,600,21,600,21,0,8,91
12,720,21.600000,12.276000,1,1,101078641,600,21,600,21,0,8,91
12,720,21.600000,12.276000,1,1,101078653,603,20,603,20,0,8,91
12,720,21.600000,12.276000,1,1,101078664,609,19,609,19,0,8,91
12,720,21.600000,12.276000,1,1,101078675,622,17,622,17,0,8,91
12,720,21.600000,12.276000,1,1,101078686,641,15,641,15,0,8,91
12,720,21.600000,12.276000,1,1,101078697,672,12,672,12,0,8,91
12,720,21.600000,12.276000,1,1,101078708,715,8,715,8,0,8,91
12,720,21.600000,12.276000,1,1,101078719,754,5,754,5,0,8,91
12,720,21.600000,12.276000,1,1,101078730,812,0,812,-1,0,8,91
12,720,21.600000,12.276000,1,1,101078741,885,0,885,-9,0,8,91
12,720,21.600000,12.276000,1,1,101078762,948,0,948,-15,0,8,91
12,720,21.600000,12.276000,1,1,101078773,1060,0,1060,-30,0,8,91
12,720,21.600000,12.276000,1,1,101078794,1110,0,1110,-37,0,8,91
12,720,21.600000,12.276000,1,1,101078805,1187,0,1187,-49,0,8,91
12,720,21.600000,12.276000,1,1,101078815,1209,0,1209,-53,0,8,91
12,720,21.600000,12.276000,1,1,101078826,1222,0,1222,-56,0,8,91
12,720,21.600000,12.276000,1,1,101078836,1227,0,1227,-57,0,8,91
12,720,21.600000,12.276000,1,1,101078855,1228,0,1228,-57,0,8,91
12,720,21.600000,12.276000,1,1,101078865,1228,0,1228,-57,0,8,91
12,720,21.600000,12.276000,1,1,101078876,1227,0,1227,-57,0,8,91
12,720,21.600000,12.276000,1,1,101078887,1227,0,1227,-57,0,8,91
12,720,21.600000,12.276000,1,1,101078906,1227,0,1227,-57,0,8,91
12,720,21.600000,12.276000,1,1,101078916,1227,0,1227,-57,0,8,91
12,720,21.600000,12.276000,1,1,101078927,1227,0,1227,-57,0,8,91
12,720,21.600000,12.276000,1,1,101078936,1227,0,1227,-57,0,8,91
12,720,21.600000,12.276000,1,1,101078947,1227,0,1227,-57,0,8,91
12,720,21.600000,12.276000,1,1,101078966,1227,0,1227,-57,0,8,91
12,720,21.600000,12.276000,1,1,101078977,1227,0,1227,-57,0,8,91
12,720,21.600000,12.276000,1,1,101078987,1227,0,1227,-57,0,8,91
12,720,21.600000,12.276000,1,1,101078997,1227,0,1227,-57,0,8,91
12,720,21.600000,12.276000,1,1,101079008,1227,0,1227,-57,0,8,91
12,720,21.600000,12.276000,1,1,101079017,1227,0,1227,-57,0,8,91
12,720,21.600000,12.276000,1,1,101079027,1229,0,1229,-57,0,8,91
12,720,21.600000,12.276000,1,1,101079037,1235,0,1235,-57,0,8,91
12,720,21.600000,12.276000,1,1,101079047,1241,0,1241,-58,0,8,91
12,720,21.600000,12.276000,1,1,101079058,1248,0,1248,-58,0,8,91
12,720,21.600000,12.276000,1,1,101079068,1254,0,1254,-58,0,8,91
12,720,21.600000,12.276000,1,1,101079079,1260,0,1260,-58,0,8,91
12,720,21.600000,12.276000,1,1,101079089,1267,0,1267,-58,0,8,91
12,720,21.600000,12.276000,1,1,101079108,1274,0,1274,-59,0,8,91
12,720,21.600000,12.276000,1,1,101079119,1287,0,1287,-61,0,8,91
12,720,21.600000,12.276000,1,1,101079140,1295,0,1295,-62,0,8,91
12,720,21.600000,12.276000,1,1,101079151,1309,0,1309,-63,0,8,91
12,720,21.600000,12.276000,1,1,101079161,1314,0,1314,-64,0,8,91
12,720,21.600000,12.276000,1,1,101079172,1317,0,1317,-64,0,8,91
12,720,21.600000,12.276000,1,1,101079181,1319,0,1319,-64,0,8,91
12,720,21.600000,12.276000,1,1,101079199,1319,0,1319,-65,0,8,91
12,720,21.600000,12.276000,1,1,101079209,1319,0,1319,-65,0,8,91
12,720,21.600000,12.276000,1,1,101079220,1319,0,1319,-65,0,8,91
12,720,21.600000,12.276000,1,1,101079230,1319,0,1319,-65,0,8,91
12,720,21.600000,12.276000,1,1,101079241,1319,0,1319,-65,0,8,91
12,720,21.600000,12.276000,1,1,101079252,1319,0,1319,-65,0,8,91
12,720,21.600000,12.276000,1,1,101079262,1319,0,1319,-65,0,8,91
12,720,21.600000,12.276000,1,1,101079273,1319,0,1319,-65,0,8,91
12,720,21.600000,12.276000,1,1,101079283,1319,0,1319,-65,0,8,91
12,720,21.600000,12.276000,1,1,101079293,1319,0,1319,-65,0,8,91
12,720,21.600000,12.276000,1,1,101079303,1319,0,1319,-65,0,8,91
12,720,21.600000,12.276000,1,1,101079313,1319,0,1319,-65,0,8,91
12,720,21.600000,12.276000,1,1,101079324,1319,0,1319,-65,0,8,91
12,720,21.600000,12.276000,1,1,101079334,1319,0,1319,-65,0,8,91
12,720,21.600000,12.276000,1,1,101079344,1319,0,1319,-65,0,8,91
12,720,21.600000,12.276000,1,1,101079355,1319,0,1319,-65,0,8,91
12,720,21.600000,12.276000,1,1,101079373,1319,0,1319,-65,0,8,91
12,720,21.600000,12.276000,1,1,101079382,1319,0,1319,-65,0,8,91
12,720,21.600000,12.276000,1,1,101079392,1319,0,1319,-65,0,8,91
12,720,21.600000,12.276000,1,1,101079403,1319,0,1319,-65,0,8,91
12,720,21.600000,12.276000,1,1,101079413,1319,0,1319,-65,0,8,91
12,720,21.600000,12.276000,1,1,101079422,1319,0,1319,-65,0,8,91
