12,720,50.400000,22.608000,1,1,101006859,600,22,600,22,0,8,50
12,720,50.400000,22.608000,1,1,101006860,600,22,600,22,0,8,50
12,720,50.400000,22.608000,1,1,101006870,607,22,607,22,0,8,50
12,720,50.400000,22.608000,1,1,101006881,613,22,613,22,0,8,50
12,720,50.400000,22.608000,1,1,101006891,619,21,619,21,0,8,50
12,720,50.400000,22.608000,1,1,101006902,629,20,629,20,0,8,50
12,720,50.400000,22.608000,1,1,101006912,643,18,643,18,0,8,50
12,720,50.400000,22.608000,1,1,101006923,662,16,662,16,0,8,50
12,720,50.400000,22.608000,1,1,101006934,688,13,688,13,0,8,50
12,720,50.400000,22.608000,1,1,101006945,716,10,716,10,0,8,50
12,720,50.400000,22.608000,1,1,101006956,764,5,764,5,0,8,50
12,720,50.400000,22.608000,1,1,101006967,812,2,812,2,0,8,50
12,720,50.400000,22.608000,1,1,101006978,869,0,869,-2,0,8,50
12,720,50.400000,22.608000,1,1,101006989,925,0,925,-4,0,8,50
12,720,50.400000,22.608000,1,1,101007000,982,0,982,-5,0,8,50
12,720,50.400000,22.608000,1,1,101007012,1036,0,1036,-6,0,8,50
12,720,50.400000,22.608000,1,1,101007023,1087,0,1087,-6,0,8,50
12,720,50.400000,22.608000,1,1,101007034,1131,0,1131,-6,0,8,50
12,720,50.400000,22.608000,1,1,101007046,1169,0,1169,-6,0,8,50
12,720,50.400000,22.608000,1,1,101007057,1201,0,1201,-6,0,8,50
12,720,50.400000,22.608000,1,1,101007068,1226,0,1226,-6,0,8,50
12,720,50.400000,22.608000,1,1,101007079,1246,0,1246,-6,0,8,50
12,720,50.400000,22.608000,1,1,101007090,1262,0,1262,-6,0,8,50
12,720,50.400000,22.608000,1,1,101007103,1277,0,1277,-6,0,8,50
12,720,50.400000,22.608000,1,1,101007115,1288,0,1288,-6,0,8,50
12,720,50.400000,22.608000,1,1,101007134,1299,0,1299,-6,0,8,50
12,720,50.400000,22.608000,1,1,101007146,1314,0,1314,-6,0,8,50
12,720,50.400000,22.608000,1,1,101007166,1320,0,1320,-6,0,8,50
12,720,50.400000,22.608000,1,1,101007177,1332,0,1332,-6,0,8,50
12,720,50.400000,22.608000,1,1,101007188,1337,0,1337,-6,0,8,50
12,720,50.400000,22.608000,1,1,101007199,1341,0,1341,-6,0,8,50
12,720,50.400000,22.608000,1,1,101007209,1341,0,1341,-6,0,8,50
12,720,50.400000,22.608000,1,1,101007228,1341,0,1341,-6,0,8,50
12,720,50.400000,22.608000,1,1,101007238,1341,1,1341,-5,0,8,50
12,720,50.400000,22.608000,1,1,101007250,1341,1,1341,-5,0,8,50
12,720,50.400000,22.608000,1,1,101007261,1341,1,1341,-5,0,8,50
12,720,50.400000,22.608000,1,1,101007272,1341,1,1341,-5,0,8,50
12,720,50.400000,22.608000,1,1,101007282,1341,1,1341,-5,0,8,50
12,720,50.400000,22.608000,1,1,101007293,1341,1,1341,-5,0,8,50
12,720,50.400000,22.608000,1,1,101007304,1341,1,1341,-5,0,8,50
12,720,50.400000,22.608000,1,1,101007315,1341,1,1341,-5,0,8,50
12,720,50.400000,22.608000,1,1,101007325,1340,1,1340,-5,0,8,50
12,720,50.400000,22.608000,1,1,101007335,1339,1,1339,-5,0,8,50
12,720,50.400000,22.608000,1,1,101007346,1338,1,1338,-5,0,8,50
12,720,50.400000,22.608000,1,1,101007356,1337,1,1337,-5,0,8,50
12,720,50.400000,22.608000,1,1,101007367,1337,2,1337,-4,0,8,50
12,720,50.400000,22.608000,1,1,101007378,1337,2,1337,-4,0,8,50
12,720,50.400000,22.608000,1,1,101007389,1336,2,1336,-4,0,8,50
12,720,50.400000,22.608000,1,1,101007398,1334,3,1334,-3,0,8,50
12,720,50.400000,22.608000,1,1,101007408,1332,3,1332,-3,0,8,50
12,720,50.400000,22.608000,1,1,101007419,1330,3,1330,-3,0,8,50
12,720,50.400000,22.608000,1,1,101007429,1327,4,1327,-2,0,8,50
12,720,50.400000,22.608000,1,1,101007440,1326,4,1326,-2,0,8,50
12,720,50.400000,22.608000,1,1,101007450,1324,5,1324,-1,0,8,50
12,720,50.400000,22.608000,1,1,101007460,1323,5,1323,-1,0,8,50
12,720,50.400000,22.608000,1,1,101007471,1323,5,1323,-1,0,8,50
12,720,50.400000,22.608000,1,1,101007481,1323,5,1323,-1,0,8,50
12,720,50.400000,22.608000,1,1,101007492,1323,5,1323,-1,0,8,50
12,720,50.400000,22.608000,1,1,101007503,1323,5,1323,-1,0,8,50
12,720,50.400000,22.608000,1,1,101007513,1323,5,1323,-1,0,8,50
12,720,50.400000,22.608000,1,1,101007522,1323,5,1323,-1,0,8,50
