12,720,82.800000,12.276000,0,0,101068616,600,0,600,0,0,8,85
12,720,82.800000,12.276000,0,0,101068617,600,0,600,0,0,8,85
12,720,82.800000,12.276000,0,0,101068628,601,0,601,0,0,8,85
12,720,82.800000,12.276000,0,0,101068639,603,0,603,0,0,8,85
12,720,82.800000,12.276000,0,0,101068650,609,0,609,-2,0,8,85
12,720,82.800000,12.276000,0,0,101068661,622,0,622,-5,0,8,85
12,720,82.800000,12.276000,0,0,101068671,640,0,640,-9,0,8,85
12,720,82.800000,12.276000,0,0,101068682,663,0,663,-13,0,8,85
12,720,82.800000,12.276000,0,0,101068693,698,0,698,-19,0,8,85
12,720,82.800000,12.276000,0,0,101068703,742,0,742,-25,0,8,85
12,720,82.800000,12.276000,0,0,101068714,792,0,792,-32,0,8,85
12,720,82.800000,12.276000,0,0,101068726,843,0,843,-37,0,8,85
12,720,82.800000,12.276000,0,0,101068737,914,0,914,-44,0,8,85
12,720,82.800000,12.276000,0,0,101068747,984,0,984,-49,0,8,85
12,720,82.800000,12.276000,0,0,101068757,1044,0,1044,-53,0,8,85
12,720,82.800000,12.276000,0,0,101068768,1111,0,1111,-58,0,8,85
12,720,82.800000,12.276000,0,0,101068778,1168,0,1168,-63,0,8,85
12,720,82.800000,12.276000,0,0,101068789,1212,0,1212,-68,0,8,85
12,720,82.800000,12.276000,0,0,101068799,1256,0,1256,-73,0,8,85
12,720,82.800000,12.276000,0,0,101068809,1280,0,1280,-76,0,8,85
12,720,82.800000,12.276000,0,0,101068820,1301,0,1301,-78,0,8,85
12,720,82.800000,12.276000,0,0,101068830,1313,0,1313,-80,0,8,85
12,720,82.800000,12.276000,0,0,101068841,1322,0,1322,-81,0,8,85
12,720,82.800000,12.276000,0,0,101068851,1323,0,1323,-81,0,8,85
12,720,82.800000,12.276000,0,0,101068862,1324,0,1324,-81,0,8,85
12,720,82.800000,12.276000,0,0,101068872,1324,0,1324,-81,0,8,85
12,720,82.800000,12.276000,0,0,101068883,1324,0,1324,-81,0,8,85
12,720,82.800000,12.276000,0,0,101068894,1324,0,1324,-81,0,8,85
12,720,82.800000,12.276000,0,0,101068904,1324,0,1324,-81,0,8,85
12,720,82.800000,12.276000,0,0,101068914,1324,0,1324,-81,0,8,85
12,720,82.800000,12.276000,0,0,101068925,1324,0,1324,-81,0,8,85
12,720,82.800000,12.276000,0,0,101068936,1324,0,1324,-81,0,8,85
12,720,82.800000,12.276000,0,0,101068946,1324,0,1324,-81,0,8,85
12,720,82.800000,12.276000,0,0,101068957,1324,0,1324,-81,0,8,85
12,720,82.800000,12.276000,0,0,101068975,1324,0,1324,-81,0,8,85
12,720,82.800000,12.276000,0,0,101068985,1324,0,1324,-81,0,8,85
12,720,82.800000,12.276000,0,0,101068996,1324,0,1324,-81,0,8,85
12,720,82.800000,12.276000,0,0,101069006,1324,0,1324,-81,0,8,85
12,720,82.800000,12.276000,0,0,101069017,1324,0,1324,-81,0,8,85
12,720,82.800000,12.276000,0,0,101069028,1323,0,1323,-81,0,8,85
12,720,82.800000,12.276000,0,0,101069039,1321,0,1321,-81,0,8,85
12,720,82.800000,12.276000,0,0,101069049,1320,0,1320,-81,0,8,85
12,720,82.800000,12.276000,0,0,101069068,1318,0,1318,-81,0,8,85
12,720,82.800000,12.276000,0,0,101069078,1316,0,1316,-81,0,8,85
12,720,82.800000,12.276000,0,0,101069089,1314,0,1314,-81,0,8,85
12,720,82.800000,12.276000,0,0,101069099,1314,0,1314,-81,0,8,85
12,720,82.800000,12.276000,0,0,101069110,1313,0,1313,-81,0,8,85
12,720,82.800000,12.276000,0,0,101069120,1313,0,1313,-81,0,8,85
12,720,82.800000,12.276000,0,0,101069130,1313,0,1313,-81,0,8,85
