12,720,82.800000,22.608000,0,1,101105203,600,22,600,22,0,8,108
12,720,82.800000,22.608000,0,1,101105204,600,22,600,22,0,8,108
12,720,82.800000,22.608000,0,1,101105214,602,22,602,22,0,8,108
12,720,82.800000,22.608000,0,1,101105226,605,22,605,22,0,8,108
12,720,82.800000,22.608000,0,1,101105236,611,22,611,22,0,8,108
12,720,82.800000,22.608000,0,1,101105247,619,22,619,22,0,8,108
12,720,82.800000,22.608000,0,1,101105258,634,20,634,20,0,8,108
12,720,82.800000,22.608000,0,1,101105269,650,17,650,17,0,8,108
12,720,82.800000,22.608000,0,1,101105280,672,15,672,15,0,8,108
12,720,82.800000,22.608000,0,1,101105291,699,13,699,13,0,8,108
12,720,82.800000,22.608000,0,1,101105303,726,12,726,12,0,8,108
12,720,82.800000,22.608000,0,1,101105313,771,11,771,11,0,8,108
12,720,82.800000,22.608000,0,1,101105324,810,10,810,10,0,8,108
12,720,82.800000,22.608000,0,1,101105335,850,9,850,9,0,8,108
12,720,82.800000,22.608000,0,1,101105346,893,8,893,8,0,8,108
12,720,82.800000,22.608000,0,1,101105356,936,5,936,5,0,8,108
12,720,82.800000,22.608000,0,1,101105367,987,3,987,3,0,8,108
12,720,82.800000,22.608000,0,1,101105377,1024,1,1024,1,0,8,108
12,720,82.800000,22.608000,0,1,101105388,1065,0,1065,-1,0,8,108
12,720,82.800000,22.608000,0,1,101105399,1102,0,1102,-3,0,8,108
12,720,82.800000,22.608000,0,1,101105410,1135,0,1135,-6,0,8,108
12,720,82.800000,22.608000,0,1,101105422,1162,0,1162,-9,0,8,108
12,720,82.800000,22.608000,0,1,101105441,1185,0,1185,-12,0,8,108
12,720,82.800000,22.608000,0,1,101105452,1221,0,1221,-15,0,8,108
12,720,82.800000,22.608000,0,1,101105464,1235,0,1235,-17,0,8,108
12,720,82.800000,22.608000,0,1,101105474,1251,0,1251,-19,0,8,108
12,720,82.800000,22.608000,0,1,101105486,1262,0,1262,-20,0,8,108
12,720,82.800000,22.608000,0,1,101105497,1272,0,1272,-21,0,8,108
12,720,82.800000,22.608000,0,1,101105508,1276,0,1276,-22,0,8,108
12,720,82.800000,22.608000,0,1,101105519,1277,0,1277,-22,0,8,108
12,720,82.800000,22.608000,0,1,101105529,1278,0,1278,-22,0,8,108
12,720,82.800000,22.608000,0,1,101105540,1278,0,1278,-22,0,8,108
12,720,82.800000,22.608000,0,1,101105550,1278,0,1278,-22,0,8,108
12,720,82.800000,22.608000,0,1,101105561,1278,0,1278,-23,0,8,108
12,720,82.800000,22.608000,0,1,101105571,1278,0,1278,-24,0,8,108
12,720,82.800000,22.608000,0,1,101105582,1278,0,1278,-24,0,8,108
12,720,82.800000,22.608000,0,1,101105592,1278,0,1278,-24,0,8,108
12,720,82.800000,22.608000,0,1,101105603,1278,0,1278,-24,0,8,108
12,720,82.800000,22.608000,0,1,101105613,1278,0,1278,-24,0,8,108
12,720,82.800000,22.608000,0,1,101105624,1278,0,1278,-24,0,8,108
12,720,82.800000,22.608000,0,1,101105634,1278,0,1278,-24,0,8,108
12,720,82.800000,22.608000,0,1,101105645,1278,0,1278,-24,0,8,108
12,720,82.800000,22.608000,0,1,101105656,1278,0,1278,-24,0,8,108
12,720,82.800000,22.608000,0,1,101105666,1278,0,1278,-24,0,8,108
12,720,82.800000,22.608000,0,1,101105677,1278,0,1278,-24,0,8,108
12,720,82.800000,22.608000,0,1,101105687,1278,0,1278,-24,0,8,108
12,720,82.800000,22.608000,0,1,101105698,1278,0,1278,-24,0,8,108
12,720,82.800000,22.608000,0,1,101105710,1278,0,1278,-24,0,8,108
12,720,82.800000,22.608000,0,1,101105721,1278,0,1278,-24,0,8,108
12,720,82.800000,22.608000,0,1,101105731,1278,0,1278,-24,0,8,108
12,720,82.800000,22.608000,0,1,101105741,1278,0,1278,-24,0,8,108
12,720,82.800000,22.608000,0,1,101105752,1278,0,1278,-24,0,8,108
12,720,82.800000,22.608000,0,1,101105762,1278,0,1278,-24,0,8,108
12,720,82.800000,22.608000,0,1,101105772,1278,0,1278,-24,0,8,108
12,720,82.800000,22.608000,0,1,101105783,1278,0,1278,-24,0,8,108
12,720,82.800000,22.608000,0,1,101105794,1278,0,1278,-24,0,8,108
12,720,82.800000,22.608000,0,1,101105804,1278,0,1278,-24,0,8,108
12,720,82.800000,22.608000,0,1,101105815,1278,0,1278,-24,0,8,108
12,720,82.800000,22.608000,0,1,101105825,1278,0,1278,-24,0,8,108
12,720,82.800000,22.608000,0,1,101105835,1278,0,1278,-24,0,8,108
12,720,82.800000,22.608000,0,1,101105845,1279,0,1279,-24,0,8,108
12,720,82.800000,22.608000,0,1,101105856,1280,0,1280,-24,0,8,108
12,720,82.800000,22.608000,0,1,101105866,1281,0,1281,-24,0,8,108
12,720,82.800000,22.608000,0,1,101105876,1281,0,1281,-24,0,8,108
12,720,82.800000,22.608000,0,1,101105886,1281,0,1281,-24,0,8,108
12,720,82.800000,22.608000,0,1,101105897,1281,0,1281,-24,0,8,108
12,720,82.800000,22.608000,0,1,101105908,1281,0,1281,-24,0,8,108
12,720,82.800000,22.608000,0,1,101105919,1281,0,1281,-24,0,8,108
12,720,82.800000,22.608000,0,1,101105929,1281,0,1281,-24,0,8,108
12,720,82.800000,22.608000,0,1,101105939,1281,0,1281,-24,0,8,108
12,720,82.800000,22.608000,0,1,101105949,1281,0,1281,-24,0,8,108
12,720,82.800000,22.608000,0,1,101105960,1281,0,1281,-24,0,8,108
12,720,82.800000,22.608000,0,1,101105970,1282,0,1282,-24,0,8,108
12,720,82.800000,22.608000,0,1,101105980,1283,0,1283,-24,0,8,108
12,720,82.800000,22.608000,0,1,101105990,1285,0,1285,-24,0,8,108
12,720,82.800000,22.608000,0,1,101106001,1286,0,1286,-24,0,8,108
12,720,82.800000,22.608000,0,1,101106011,1287,0,1287,-24,0,8,108
12,720,82.800000,22.608000,0,1,101106021,1287,0,1287,-24,0,8,108
12,720,82.800000,22.608000,0,1,101106031,1287,0,1287,-24,0,8,108
12,720,82.800000,22.608000,0,1,101106042,1287,0,1287,-24,0,8,108
12,720,82.800000,22.608000,0,1,101106053,1287,0,1287,-24,0,8,108
12,720,82.800000,22.608000,0,1,101106062,1287,0,1287,-24,0,8,108
12,720,82.800000,22.608000,0,1,101106072,1287,0,1287,-24,0,8,108
12,720,82.800000,22.608000,0,1,101106082,1287,0,1287,-24,0,8,108
12,720,82.800000,22.608000,0,1,101106092,1287,0,1287,-24,0,8,108
12,720,82.800000,22.608000,0,1,101106102,1287,0,1287,-24,0,8,108
12,720,82.800000,22.608000,0,1,101106112,1287,0,1287,-24,0,8,108
12,720,82.800000,22.608000,0,1,101106122,1288,0,1288,-24,0,8,108
12,720,82.800000,22.608000,0,1,101106132,1289,0,1289,-24,0,8,108
12,720,82.800000,22.608000,0,1,101106142,1289,0,1289,-24,0,8,108
12,720,82.800000,22.608000,0,1,101106152,1289,0,1289,-24,0,8,108
