12,360,50.400000,22.608000,0,0,100960800,780,0,780,0,0,8,24
12,360,50.400000,22.608000,0,0,100960801,780,0,780,0,0,8,24
12,360,50.400000,22.608000,0,0,100960812,781,0,781,0,0,8,24
12,360,50.400000,22.608000,0,0,100960823,782,0,782,0,0,8,24
12,360,50.400000,22.608000,0,0,100960834,782,0,782,0,0,8,24
12,360,50.400000,22.608000,0,0,100960844,783,0,783,0,0,8,24
12,360,50.400000,22.608000,0,0,100960857,786,0,786,0,0,8,24
12,360,50.400000,22.608000,0,0,100960867,792,0,792,0,0,8,24
12,360,50.400000,22.608000,0,0,100960878,801,0,801,0,0,8,24
12,360,50.400000,22.608000,0,0,100960890,812,0,812,0,0,8,24
12,360,50.400000,22.608000,0,0,100960902,830,0,830,0,0,8,24
12,360,50.400000,22.608000,0,0,100960913,847,0,847,0,0,8,24
12,360,50.400000,22.608000,0,0,100960924,872,0,872,0,0,8,24
12,360,50.400000,22.608000,0,0,100960935,896,0,896,0,0,8,24
12,360,50.400000,22.608000,0,0,100960946,919,0,919,0,0,8,24
12,360,50.400000,22.608000,0,0,100960957,942,0,942,-1,0,8,24
12,360,50.400000,22.608000,0,0,100960968,961,0,961,-1,0,8,24
12,360,50.400000,22.608000,0,0,100960978,980,0,980,-1,0,8,24
12,360,50.400000,22.608000,0,0,100960989,1000,0,1000,-2,0,8,24
12,360,50.400000,22.608000,0,0,100961001,1019,0,1019,-2,0,8,24
12,360,50.400000,22.608000,0,0,100961011,1037,0,1037,-2,0,8,24
12,360,50.400000,22.608000,0,0,100961022,1055,0,1055,-3,0,8,24
12,360,50.400000,22.608000,0,0,100961032,1072,0,1072,-3,0,8,24
12,360,50.400000,22.608000,0,0,100961043,1083,0,1083,-3,0,8,24
12,360,50.400000,22.608000,0,0,100961055,1091,0,1091,-3,0,8,24
12,360,50.400000,22.608000,0,0,100961065,1098,0,1098,-3,0,8,24
12,360,50.400000,22.608000,0,0,100961076,1103,0,1103,-3,0,8,24
12,360,50.400000,22.608000,0,0,100961087,1106,0,1106,-3,0,8,24
12,360,50.400000,22.608000,0,0,100961098,1106,0,1106,-3,0,8,24
12,360,50.400000,22.608000,0,0,100961108,1106,0,1106,-3,0,8,24
12,360,50.400000,22.608000,0,0,100961119,1106,0,1106,-3,0,8,24
12,360,50.400000,22.608000,0,0,100961130,1106,0,1106,-3,0,8,24
12,360,50.400000,22.608000,0,0,100961141,1106,0,1106,-3,0,8,24
12,360,50.400000,22.608000,0,0,100961151,1106,0,1106,-3,0,8,24
12,360,50.400000,22.608000,0,0,100961161,1107,0,1107,-3,0,8,24
12,360,50.400000,22.608000,0,0,100961172,1108,0,1108,-3,0,8,24
12,360,50.400000,22.608000,0,0,100961183,1109,0,1109,-3,0,8,24
12,360,50.400000,22.608000,0,0,100961193,1112,0,1112,-3,0,8,24
12,360,50.400000,22.608000,0,0,100961205,1115,0,1115,-3,0,8,24
12,360,50.400000,22.608000,0,0,100961216,1118,0,1118,-3,0,8,24
12,360,50.400000,22.608000,0,0,100961226,1121,0,1121,-4,0,8,24
12,360,50.400000,22.608000,0,0,100961237,1123,0,1123,-4,0,8,24
12,360,50.400000,22.608000,0,0,100961248,1125,0,1125,-4,0,8,24
12,360,50.400000,22.608000,0,0,100961258,1126,0,1126,-4,0,8,24
12,360,50.400000,22.608000,0,0,100961270,1126,0,1126,-4,0,8,24
12,360,50.400000,22.608000,0,0,100961284,1126,0,1126,-4,0,8,24
12,360,50.400000,22.608000,0,0,100961296,1127,0,1127,-4,0,8,24
12,360,50.400000,22.608000,0,0,100961307,1129,0,1129,-4,0,8,24
12,360,50.400000,22.608000,0,0,100961319,1132,0,1132,-4,0,8,24
12,360,50.400000,22.608000,0,0,100961331,1136,0,1136,-4,0,8,24
12,360,50.400000,22.608000,0,0,100961342,1140,0,1140,-4,0,8,24
12,360,50.400000,22.608000,0,0,100961353,1143,0,1143,-4,0,8,24
12,360,50.400000,22.608000,0,0,100961363,1145,0,1145,-4,0,8,24
12,360,50.400000,22.608000,0,0,100961374,1145,0,1145,-4,0,8,24
12,360,50.400000,22.608000,0,0,100961384,1145,0,1145,-4,0,8,24
12,360,50.400000,22.608000,0,0,100961395,1145,0,1145,-4,0,8,24
12,360,50.400000,22.608000,0,0,100961405,1145,0,1145,-4,0,8,24
12,360,50.400000,22.608000,0,0,100961415,1145,0,1145,-4,0,8,24
