12,360,21.600000,0.000000,0,0,100939584,780,0,780,0,0,8,10
12,360,21.600000,0.000000,0,0,100939585,780,0,780,0,0,8,10
12,360,21.600000,0.000000,0,0,100939596,782,0,782,0,0,8,10
12,360,21.600000,0.000000,0,0,100939616,790,0,790,0,0,8,10
12,360,21.600000,0.000000,0,0,100939628,810,0,810,0,0,8,10
12,360,21.600000,0.000000,0,0,100939647,828,0,828,0,0,8,10
12,360,21.600000,0.000000,0,0,100939658,876,0,876,0,0,8,10
12,360,21.600000,0.000000,0,0,100939669,906,0,906,0,0,8,10
12,360,21.600000,0.000000,0,0,100939680,936,2,936,2,0,8,10
12,360,21.600000,0.000000,0,0,100939691,968,3,968,3,0,8,10
12,360,21.600000,0.000000,0,0,100939703,996,6,996,6,0,8,10
12,360,21.600000,0.000000,0,0,100939724,1019,7,1019,7,0,8,10
12,360,21.600000,0.000000,0,0,100939735,1054,9,1054,9,0,8,10
12,360,21.600000,0.000000,0,0,100939746,1104,12,1104,12,0,8,10
12,360,21.600000,0.000000,0,0,100939757,1114,12,1114,12,0,8,10
12,360,21.600000,0.000000,0,0,100939767,1122,12,1122,12,0,8,10
12,360,21.600000,0.000000,0,0,100939786,1129,12,1129,12,0,8,10
12,360,21.600000,0.000000,0,0,100939798,1143,12,1143,12,0,8,10
12,360,21.600000,0.000000,0,0,100939809,1152,11,1152,11,0,8,10
12,360,21.600000,0.000000,0,0,100939819,1157,11,1157,11,0,8,10
12,360,21.600000,0.000000,0,0,100939831,1165,11,1165,11,0,8,10
12,360,21.600000,0.000000,0,0,100939842,1173,10,1173,10,0,8,10
12,360,21.600000,0.000000,0,0,100939852,1179,10,1179,10,0,8,10
12,360,21.600000,0.000000,0,0,100939863,1185,10,1185,10,0,8,10
12,360,21.600000,0.000000,0,0,100939882,1189,10,1189,10,0,8,10
12,360,21.600000,0.000000,0,0,100939893,1190,10,1190,10,0,8,10
12,360,21.600000,0.000000,0,0,100939913,1190,10,1190,10,0,8,10
12,360,21.600000,0.000000,0,0,100939924,1190,10,1190,10,0,8,10
12,360,21.600000,0.000000,0,0,100939934,1190,10,1190,10,0,8,10
12,360,21.600000,0.000000,0,0,100939944,1190,10,1190,10,0,8,10
12,360,21.600000,0.000000,0,0,100939955,1190,10,1190,10,0,8,10
12,360,21.600000,0.000000,0,0,100939966,1190,10,1190,10,0,8,10
12,360,21.600000,0.000000,0,0,100939975,1190,10,1190,10,0,8,10
12,360,21.600000,0.000000,0,0,100939985,1190,10,1190,10,0,8,10
12,360,21.600000,0.000000,0,0,100939996,1190,10,1190,10,0,8,10
12,360,21.600000,0.000000,0,0,100940006,1189,10,1189,10,0,8,10
12,360,21.600000,0.000000,0,0,100940017,1188,10,1188,10,0,8,10
12,360,21.600000,0.000000,0,0,100940027,1186,10,1186,10,0,8,10
12,360,21.600000,0.000000,0,0,100940037,1185,10,1185,10,0,8,10
12,360,21.600000,0.000000,0,0,100940047,1184,10,1184,10,0,8,10
12,360,21.600000,0.000000,0,0,100940057,1181,10,1181,10,0,8,10
12,360,21.600000,0.000000,0,0,100940068,1178,10,1178,10,0,8,10
12,360,21.600000,0.000000,0,0,100940078,1175,10,1175,10,0,8,10
12,360,21.600000,0.000000,0,0,100940088,1171,9,1171,9,0,8,10
12,360,21.600000,0.000000,0,0,100940098,1167,9,1167,9,0,8,10
12,360,21.600000,0.000000,0,0,100940108,1163,9,1163,9,0,8,10
12,360,21.600000,0.000000,0,0,100940119,1159,9,1159,9,0,8,10
12,360,21.600000,0.000000,0,0,100940129,1155,9,1155,9,0,8,10
12,360,21.600000,0.000000,0,0,100940140,1151,9,1151,9,0,8,10
12,360,21.600000,0.000000,0,0,100940150,1147,8,1147,8,0,8,10
12,360,21.600000,0.000000,0,0,100940172,1144,8,1144,8,0,8,10
12,360,21.600000,0.000000,0,0,100940182,1140,8,1140,8,0,8,10
12,360,21.600000,0.000000,0,0,100940192,1140,8,1140,8,0,8,10
12,360,21.600000,0.000000,0,0,100940203,1140,8,1140,8,0,8,10
12,360,21.600000,0.000000,0,0,100940213,1140,8,1140,8,0,8,10
12,360,21.600000,0.000000,0,0,100940223,1140,8,1140,8,0,8,10
12,360,21.600000,0.000000,0,0,100940233,1140,8,1140,8,0,8,10
12,360,21.600000,0.000000,0,0,100940243,1140,8,1140,8,0,8,10
12,360,21.600000,0.000000,0,0,100940254,1140,8,1140,8,0,8,10
12,360,21.600000,0.000000,0,0,100940264,1140,8,1140,8,0,8,10
12,360,21.600000,0.000000,0,0,100940274,1140,8,1140,8,0,8,10
12,360,21.600000,0.000000,0,0,100940284,1140,8,1140,8,0,8,10
12,360,21.600000,0.000000,0,0,100940294,1140,8,1140,8,0,8,10
12,360,21.600000,0.000000,0,0,100940304,1140,8,1140,8,0,8,10
