12,720,21.600000,22.608000,1,1,101011152,600,22,600,22,0,8,53
12,720,21.600000,22.608000,1,1,101011153,600,22,600,22,0,8,53
12,720,21.600000,22.608000,1,1,101011163,604,22,604,22,0,8,53
12,720,21.600000,22.608000,1,1,101011174,609,22,609,22,0,8,53
12,720,21.600000,22.608000,1,1,101011194,616,22,616,22,0,8,53
12,720,21.600000,22.608000,1,1,101011205,637,21,637,21,0,8,53
12,720,21.600000,22.608000,1,1,101011216,653,19,653,19,0,8,53
12,720,21.600000,22.608000,1,1,101011226,671,18,671,18,0,8,53
12,720,21.600000,22.608000,1,1,101011237,687,17,687,17,0,8,53
12,720,21.600000,22.608000,1,1,101011248,711,16,711,16,0,8,53
12,720,21.600000,22.608000,1,1,101011259,737,16,737,16,0,8,53
12,720,21.600000,22.608000,1,1,101011269,770,16,770,16,0,8,53
12,720,21.600000,22.608000,1,1,101011281,819,17,819,17,0,8,53
12,720,21.600000,22.608000,1,1,101011301,866,19,866,19,0,8,53
12,720,21.600000,22.608000,1,1,101011312,961,22,961,22,0,8,53
12,720,21.600000,22.608000,1,1,101011323,1000,23,1000,23,0,8,53
12,720,21.600000,22.608000,1,1,101011334,1036,24,1036,24,0,8,53
12,720,21.600000,22.608000,1,1,101011345,1075,24,1075,24,0,8,53
12,720,21.600000,22.608000,1,1,101011365,1108,25,1108,25,0,8,53
12,720,21.600000,22.608000,1,1,101011376,1162,26,1162,26,0,8,53
12,720,21.600000,22.608000,1,1,101011388,1185,26,1185,26,0,8,53
12,720,21.600000,22.608000,1,1,101011398,1207,26,1207,26,0,8,53
12,720,21.600000,22.608000,1,1,101011409,1226,26,1226,26,0,8,53
12,720,21.600000,22.608000,1,1,101011429,1240,25,1240,25,0,8,53
12,720,21.600000,22.608000,1,1,101011440,1260,23,1260,23,0,8,53
12,720,21.600000,22.608000,1,1,101011461,1268,23,1268,23,0,8,53
12,720,21.600000,22.608000,1,1,101011472,1280,23,1280,23,0,8,53
12,720,21.600000,22.608000,1,1,101011482,1284,22,1284,22,0,8,53
12,720,21.600000,22.608000,1,1,101011492,1286,22,1286,22,0,8,53
12,720,21.600000,22.608000,1,1,101011504,1289,22,1289,22,0,8,53
12,720,21.600000,22.608000,1,1,101011515,1294,22,1294,22,0,8,53
12,720,21.600000,22.608000,1,1,101011526,1301,22,1301,22,0,8,53
12,720,21.600000,22.608000,1,1,101011537,1311,21,1311,21,0,8,53
12,720,21.600000,22.608000,1,1,101011547,1322,20,1322,20,0,8,53
12,720,21.600000,22.608000,1,1,101011559,1336,20,1336,20,0,8,53
12,720,21.600000,22.608000,1,1,101011570,1350,19,1350,19,0,8,53
12,720,21.600000,22.608000,1,1,101011580,1360,19,1360,19,0,8,53
12,720,21.600000,22.608000,1,1,101011600,1366,19,1366,19,0,8,53
12,720,21.600000,22.608000,1,1,101011609,1368,19,1368,19,0,8,53
12,720,21.600000,22.608000,1,1,101011620,1368,19,1368,19,0,8,53
12,720,21.600000,22.608000,1,1,101011631,1368,19,1368,19,0,8,53
12,720,21.600000,22.608000,1,1,101011642,1368,19,1368,19,0,8,53
12,720,21.600000,22.608000,1,1,101011652,1368,19,1368,19,0,8,53
12,720,21.600000,22.608000,1,1,101011662,1368,19,1368,19,0,8,53
12,720,21.600000,22.608000,1,1,101011672,1368,18,1368,18,0,8,53
12,720,21.600000,22.608000,1,1,101011683,1367,18,1367,18,0,8,53
12,720,21.600000,22.608000,1,1,101011693,1366,18,1366,18,0,8,53
12,720,21.600000,22.608000,1,1,101011703,1365,18,1365,18,0,8,53
12,720,21.600000,22.608000,1,1,101011712,1364,18,1364,18,0,8,53
12,720,21.600000,22.608000,1,1,101011722,1363,18,1363,18,0,8,53
12,720,21.600000,22.608000,1,1,101011733,1361,18,1361,18,0,8,53
12,720,21.600000,22.608000,1,1,101011743,1361,17,1361,17,0,8,53
12,720,21.600000,22.608000,1,1,101011754,1361,17,1361,17,0,8,53
12,720,21.600000,22.608000,1,1,101011764,1360,17,1360,17,0,8,53
12,720,21.600000,22.608000,1,1,101011774,1358,17,1358,17,0,8,53
12,720,21.600000,22.608000,1,1,101011785,1356,17,1356,17,0,8,53
12,720,21.600000,22.608000,1,1,101011795,1353,16,1353,16,0,8,53
12,720,21.600000,22.608000,1,1,101011806,1349,15,1349,15,0,8,53
12,720,21.600000,22.608000,1,1,101011816,1345,15,1345,15,0,8,53
12,720,21.600000,22.608000,1,1,101011826,1342,15,1342,15,0,8,53
12,720,21.600000,22.608000,1,1,101011836,1341,14,1341,14,0,8,53
12,720,21.600000,22.608000,1,1,101011846,1341,14,1341,14,0,8,53
12,720,21.600000,22.608000,1,1,101011856,1341,14,1341,14,0,8,53
12,720,21.600000,22.608000,1,1,101011866,1341,14,1341,14,0,8,53
12,720,21.600000,22.608000,1,1,101011876,1341,14,1341,14,0,8,53
12,720,21.600000,22.608000,1,1,101011886,1341,14,1341,14,0,8,53
12,720,21.600000,22.608000,1,1,101011896,1340,14,1340,14,0,8,53
12,720,21.600000,22.608000,1,1,101011907,1339,14,1339,14,0,8,53
12,720,21.600000,22.608000,1,1,101011917,1337,14,1337,14,0,8,53
12,720,21.600000,22.608000,1,1,101011927,1336,13,1336,13,0,8,53
12,720,21.600000,22.608000,1,1,101011947,1334,13,1334,13,0,8,53
12,720,21.600000,22.608000,1,1,101011957,1330,12,1330,12,0,8,53
12,720,21.600000,22.608000,1,1,101011967,1328,12,1328,12,0,8,53
12,720,21.600000,22.608000,1,1,101011977,1327,11,1327,11,0,8,53
12,720,21.600000,22.608000,1,1,101011987,1325,10,1325,10,0,8,53
12,720,21.600000,22.608000,1,1,101011997,1324,10,1324,10,0,8,53
12,720,21.600000,22.608000,1,1,101012008,1323,10,1323,10,0,8,53
12,720,21.600000,22.608000,1,1,101012018,1323,10,1323,10,0,8,53
12,720,21.600000,22.608000,1,1,101012028,1323,10,1323,10,0,8,53
12,720,21.600000,22.608000,1,1,101012038,1323,10,1323,10,0,8,53
12,720,21.600000,22.608000,1,1,101012048,1323,10,1323,10,0,8,53
12,720,21.600000,22.608000,1,1,101012058,1323,10,1323,10,0,8,53
12,720,21.600000,22.608000,1,1,101012068,1323,10,1323,10,0,8,53
12,720,21.600000,22.608000,1,1,101012087,1322,9,1322,9,0,8,53
12,720,21.600000,22.608000,1,1,101012097,1319,9,1319,9,0,8,53
12,720,21.600000,22.608000,1,1,101012107,1317,8,1317,8,0,8,53
12,720,21.600000,22.608000,1,1,101012118,1316,8,1316,8,0,8,53
12,720,21.600000,22.608000,1,1,101012129,1314,8,1314,8,0,8,53
12,720,21.600000,22.608000,1,1,101012147,1314,7,1314,7,0,8,53
12,720,21.600000,22.608000,1,1,101012157,1314,7,1314,7,0,8,53
12,720,21.600000,22.608000,1,1,101012166,1314,7,1314,7,0,8,53
12,720,21.600000,22.608000,1,1,101012175,1314,7,1314,7,0,8,53
