12,720,50.400000,0.000000,0,1,101001608,600,22,600,22,0,8,47
12,720,50.400000,0.000000,0,1,101001609,600,22,600,22,0,8,47
12,720,50.400000,0.000000,0,1,101001620,608,22,608,22,0,8,47
12,720,50.400000,0.000000,0,1,101001631,618,22,618,22,0,8,47
12,720,50.400000,0.000000,0,1,101001642,630,22,630,22,0,8,47
12,720,50.400000,0.000000,0,1,101001653,648,21,648,21,0,8,47
12,720,50.400000,0.000000,0,1,101001663,668,20,668,20,0,8,47
12,720,50.400000,0.000000,0,1,101001674,697,18,697,18,0,8,47
12,720,50.400000,0.000000,0,1,101001685,726,18,726,18,0,8,47
12,720,50.400000,0.000000,0,1,101001696,767,17,767,17,0,8,47
12,720,50.400000,0.000000,0,1,101001706,813,16,813,16,0,8,47
12,720,50.400000,0.000000,0,1,101001716,872,16,872,16,0,8,47
12,720,50.400000,0.000000,0,1,101001727,920,15,920,15,0,8,47
12,720,50.400000,0.000000,0,1,101001738,967,15,967,15,0,8,47
12,720,50.400000,0.000000,0,1,101001749,1022,15,1022,15,0,8,47
12,720,50.400000,0.000000,0,1,101001760,1075,16,1075,16,0,8,47
12,720,50.400000,0.000000,0,1,101001771,1123,17,1123,17,0,8,47
12,720,50.400000,0.000000,0,1,101001782,1168,18,1168,18,0,8,47
12,720,50.400000,0.000000,0,1,101001793,1200,18,1200,18,0,8,47
12,720,50.400000,0.000000,0,1,101001804,1225,18,1225,18,0,8,47
12,720,50.400000,0.000000,0,1,101001815,1249,19,1249,19,0,8,47
12,720,50.400000,0.000000,0,1,101001826,1267,19,1267,19,0,8,47
12,720,50.400000,0.000000,0,1,101001836,1282,19,1282,19,0,8,47
12,720,50.400000,0.000000,0,1,101001847,1290,19,1290,19,0,8,47
12,720,50.400000,0.000000,0,1,101001858,1294,19,1294,19,0,8,47
12,720,50.400000,0.000000,0,1,101001869,1299,19,1299,19,0,8,47
12,720,50.400000,0.000000,0,1,101001882,1304,19,1304,19,0,8,47
12,720,50.400000,0.000000,0,1,101001892,1304,19,1304,19,0,8,47
12,720,50.400000,0.000000,0,1,101001903,1304,19,1304,19,0,8,47
12,720,50.400000,0.000000,0,1,101001913,1304,19,1304,19,0,8,47
12,720,50.400000,0.000000,0,1,101001924,1304,19,1304,19,0,8,47
12,720,50.400000,0.000000,0,1,101001934,1305,19,1305,19,0,8,47
12,720,50.400000,0.000000,0,1,101001945,1306,19,1306,19,0,8,47
12,720,50.400000,0.000000,0,1,101001955,1307,19,1307,19,0,8,47
12,720,50.400000,0.000000,0,1,101001966,1307,19,1307,19,0,8,47
12,720,50.400000,0.000000,0,1,101001976,1307,19,1307,19,0,8,47
12,720,50.400000,0.000000,0,1,101001988,1307,19,1307,19,0,8,47
12,720,50.400000,0.000000,0,1,101001998,1307,19,1307,19,0,8,47
12,720,50.400000,0.000000,0,1,101002009,1307,19,1307,19,0,8,47
12,720,50.400000,0.000000,0,1,101002020,1310,19,1310,19,0,8,47
12,720,50.400000,0.000000,0,1,101002030,1313,18,1313,18,0,8,47
12,720,50.400000,0.000000,0,1,101002041,1316,18,1316,18,0,8,47
12,720,50.400000,0.000000,0,1,101002052,1319,17,1319,17,0,8,47
12,720,50.400000,0.000000,0,1,101002062,1322,17,1322,17,0,8,47
12,720,50.400000,0.000000,0,1,101002072,1322,17,1322,17,0,8,47
12,720,50.400000,0.000000,0,1,101002083,1322,17,1322,17,0,8,47
12,720,50.400000,0.000000,0,1,101002093,1322,17,1322,17,0,8,47
12,720,50.400000,0.000000,0,1,101002104,1322,17,1322,17,0,8,47
12,720,50.400000,0.000000,0,1,101002114,1321,16,1321,16,0,8,47
12,720,50.400000,0.000000,0,1,101002125,1321,16,1321,16,0,8,47
12,720,50.400000,0.000000,0,1,101002136,1321,16,1321,16,0,8,47
12,720,50.400000,0.000000,0,1,101002146,1321,16,1321,16,0,8,47
12,720,50.400000,0.000000,0,1,101002156,1320,16,1320,16,0,8,47
12,720,50.400000,0.000000,0,1,101002167,1320,16,1320,16,0,8,47
12,720,50.400000,0.000000,0,1,101002177,1319,15,1319,15,0,8,47
12,720,50.400000,0.000000,0,1,101002187,1318,15,1318,15,0,8,47
