12,720,82.800000,0.000000,0,0,101312937,600,0,600,0,0,9,107
12,720,82.800000,0.000000,0,0,101312938,600,0,600,0,0,9,107
12,720,82.800000,0.000000,0,0,101312949,601,0,601,0,0,9,107
12,720,82.800000,0.000000,0,0,101312960,603,0,603,0,0,9,107
12,720,82.800000,0.000000,0,0,101312970,605,0,605,0,0,9,107
12,720,82.800000,0.000000,0,0,101312982,611,0,611,0,0,9,107
12,720,82.800000,0.000000,0,0,101312993,623,0,623,-1,0,9,107
12,720,82.800000,0.000000,0,0,101313004,640,0,640,-2,0,9,107
12,720,82.800000,0.000000,0,0,101313016,669,0,669,-5,0,9,107
12,720,82.800000,0.000000,0,0,101313028,709,0,709,-7,0,9,107
12,720,82.800000,0.000000,0,0,101313038,757,0,757,-8,0,9,107
12,720,82.800000,0.000000,0,0,101313050,812,0,812,-10,0,9,107
12,720,82.800000,0.000000,0,0,101313061,867,0,867,-11,0,9,107
12,720,82.800000,0.000000,0,0,101313072,923,0,923,-13,0,9,107
12,720,82.800000,0.000000,0,0,101313082,979,0,979,-15,0,9,107
12,720,82.800000,0.000000,0,0,101313093,1028,0,1028,-17,0,9,107
12,720,82.800000,0.000000,0,0,101313104,1087,0,1087,-19,0,9,107
12,720,82.800000,0.000000,0,0,101313115,1130,0,1130,-20,0,9,107
12,720,82.800000,0.000000,0,0,101313125,1177,0,1177,-21,0,9,107
12,720,82.800000,0.000000,0,0,101313136,1211,0,1211,-22,0,9,107
12,720,82.800000,0.000000,0,0,101313146,1248,0,1248,-23,0,9,107
12,720,82.800000,0.000000,0,0,101313157,1271,0,1271,-23,0,9,107
12,720,82.800000,0.000000,0,0,101313168,1290,0,1290,-23,0,9,107
12,720,82.800000,0.000000,0,0,101313179,1306,0,1306,-23,0,9,107
12,720,82.800000,0.000000,0,0,101313190,1313,0,1313,-23,0,9,107
12,720,82.800000,0.000000,0,0,101313200,1316,0,1316,-23,0,9,107
12,720,82.800000,0.000000,0,0,101313211,1319,0,1319,-23,0,9,107
12,720,82.800000,0.000000,0,0,101313222,1319,0,1319,-23,0,9,107
12,720,82.800000,0.000000,0,0,101313232,1319,0,1319,-23,0,9,107
12,720,82.800000,0.000000,0,0,101313243,1319,0,1319,-23,0,9,107
12,720,82.800000,0.000000,0,0,101313254,1319,0,1319,-23,0,9,107
12,720,82.800000,0.000000,0,0,101313264,1319,0,1319,-24,0,9,107
12,720,82.800000,0.000000,0,0,101313275,1319,0,1319,-24,0,9,107
12,720,82.800000,0.000000,0,0,101313295,1319,0,1319,-24,0,9,107
12,720,82.800000,0.000000,0,0,101313307,1319,0,1319,-24,0,9,107
12,720,82.800000,0.000000,0,0,101313316,1319,0,1319,-24,0,9,107
12,720,82.800000,0.000000,0,0,101313327,1319,0,1319,-24,0,9,107
12,720,82.800000,0.000000,0,0,101313337,1319,0,1319,-24,0,9,107
12,720,82.800000,0.000000,0,0,101313348,1319,0,1319,-24,0,9,107
12,720,82.800000,0.000000,0,0,101313358,1319,0,1319,-24,0,9,107
12,720,82.800000,0.000000,0,0,101313370,1319,0,1319,-24,0,9,107
12,720,82.800000,0.000000,0,0,101313381,1319,0,1319,-24,0,9,107
12,720,82.800000,0.000000,0,0,101313392,1319,0,1319,-24,0,9,107
12,720,82.800000,0.000000,0,0,101313403,1319,0,1319,-24,0,9,107
12,720,82.800000,0.000000,0,0,101313414,1317,0,1317,-24,0,9,107
12,720,82.800000,0.000000,0,0,101313424,1315,0,1315,-24,0,9,107
12,720,82.800000,0.000000,0,0,101313436,1314,0,1314,-24,0,9,107
12,720,82.800000,0.000000,0,0,101313453,1313,0,1313,-24,0,9,107
12,720,82.800000,0.000000,0,0,101313464,1312,0,1312,-24,0,9,107
12,720,82.800000,0.000000,0,0,101313475,1312,0,1312,-24,0,9,107
12,720,82.800000,0.000000,0,0,101313485,1312,0,1312,-24,0,9,107
