12,360,50.400000,12.276000,1,0,101125031,780,0,780,0,0,9,0
12,360,50.400000,12.276000,1,0,101125032,780,0,780,0,0,9,0
12,360,50.400000,12.276000,1,0,101125042,788,0,788,0,0,9,0
12,360,50.400000,12.276000,1,0,101125054,794,0,794,0,0,9,0
12,360,50.400000,12.276000,1,0,101125065,803,0,803,0,0,9,0
12,360,50.400000,12.276000,1,0,101125076,811,0,811,0,0,9,0
12,360,50.400000,12.276000,1,0,101125088,820,0,820,-1,0,9,0
12,360,50.400000,12.276000,1,0,101125099,830,0,830,-1,0,9,0
12,360,50.400000,12.276000,1,0,101125110,843,0,843,-2,0,9,0
12,360,50.400000,12.276000,1,0,101125122,859,0,859,-2,0,9,0
12,360,50.400000,12.276000,1,0,101125133,875,0,875,-2,0,9,0
12,360,50.400000,12.276000,1,0,101125145,893,0,893,-2,0,9,0
12,360,50.400000,12.276000,1,0,101125156,918,0,918,-2,0,9,0
12,360,50.400000,12.276000,1,0,101125167,936,0,936,-2,0,9,0
12,360,50.400000,12.276000,1,0,101125178,958,0,958,-3,0,9,0
12,360,50.400000,12.276000,1,0,101125189,979,0,979,-3,0,9,0
12,360,50.400000,12.276000,1,0,101125200,998,0,998,-5,0,9,0
12,360,50.400000,12.276000,1,0,101125212,1013,0,1013,-6,0,9,0
12,360,50.400000,12.276000,1,0,101125223,1030,0,1030,-7,0,9,0
12,360,50.400000,12.276000,1,0,101125234,1041,0,1041,-8,0,9,0
12,360,50.400000,12.276000,1,0,101125245,1051,0,1051,-9,0,9,0
12,360,50.400000,12.276000,1,0,101125256,1060,0,1060,-10,0,9,0
12,360,50.400000,12.276000,1,0,101125267,1068,0,1068,-11,0,9,0
12,360,50.400000,12.276000,1,0,101125278,1076,0,1076,-11,0,9,0
12,360,50.400000,12.276000,1,0,101125288,1082,0,1082,-12,0,9,0
12,360,50.400000,12.276000,1,0,101125299,1089,0,1089,-12,0,9,0
12,360,50.400000,12.276000,1,0,101125310,1096,0,1096,-13,0,9,0
12,360,50.400000,12.276000,1,0,101125321,1102,0,1102,-13,0,9,0
12,360,50.400000,12.276000,1,0,101125334,1105,0,1105,-14,0,9,0
12,360,50.400000,12.276000,1,0,101125345,1107,0,1107,-14,0,9,0
12,360,50.400000,12.276000,1,0,101125356,1107,0,1107,-14,0,9,0
12,360,50.400000,12.276000,1,0,101125367,1107,0,1107,-14,0,9,0
12,360,50.400000,12.276000,1,0,101125378,1107,0,1107,-14,0,9,0
12,360,50.400000,12.276000,1,0,101125390,1108,0,1108,-14,0,9,0
12,360,50.400000,12.276000,1,0,101125400,1109,0,1109,-14,0,9,0
12,360,50.400000,12.276000,1,0,101125411,1109,0,1109,-14,0,9,0
12,360,50.400000,12.276000,1,0,101125423,1110,0,1110,-14,0,9,0
12,360,50.400000,12.276000,1,0,101125434,1113,0,1113,-14,0,9,0
12,360,50.400000,12.276000,1,0,101125444,1115,0,1115,-14,0,9,0
12,360,50.400000,12.276000,1,0,101125455,1117,0,1117,-14,0,9,0
12,360,50.400000,12.276000,1,0,101125466,1118,0,1118,-14,0,9,0
12,360,50.400000,12.276000,1,0,101125476,1119,0,1119,-14,0,9,0
12,360,50.400000,12.276000,1,0,101125487,1120,0,1120,-14,0,9,0
12,360,50.400000,12.276000,1,0,101125497,1120,0,1120,-14,0,9,0
12,360,50.400000,12.276000,1,0,101125507,1120,0,1120,-14,0,9,0
12,360,50.400000,12.276000,1,0,101125519,1121,0,1121,-14,0,9,0
12,360,50.400000,12.276000,1,0,101125529,1123,0,1123,-15,0,9,0
12,360,50.400000,12.276000,1,0,101125540,1127,0,1127,-15,0,9,0
12,360,50.400000,12.276000,1,0,101125552,1131,0,1131,-15,0,9,0
12,360,50.400000,12.276000,1,0,101125562,1136,0,1136,-15,0,9,0
12,360,50.400000,12.276000,1,0,101125573,1139,0,1139,-15,0,9,0
12,360,50.400000,12.276000,1,0,101125584,1141,0,1141,-15,0,9,0
12,360,50.400000,12.276000,1,0,101125595,1142,0,1142,-15,0,9,0
12,360,50.400000,12.276000,1,0,101125605,1143,0,1143,-15,0,9,0
12,360,50.400000,12.276000,1,0,101125616,1143,0,1143,-15,0,9,0
12,360,50.400000,12.276000,1,0,101125626,1143,0,1143,-15,0,9,0
