12,360,50.400000,10000.000000,0,0,101208039,780,0,780,0,0,9,45
12,360,50.400000,10000.000000,0,0,101208039,780,0,780,0,0,9,45
12,360,50.400000,10000.000000,0,0,101208050,782,0,782,0,0,9,45
12,360,50.400000,10000.000000,0,0,101208060,783,0,783,-1,0,9,45
12,360,50.400000,10000.000000,0,0,101208073,786,0,786,-1,0,9,45
12,360,50.400000,10000.000000,0,0,101208085,791,0,791,-1,0,9,45
12,360,50.400000,10000.000000,0,0,101208095,801,0,801,-1,0,9,45
12,360,50.400000,10000.000000,0,0,101208106,815,0,815,-2,0,9,45
12,360,50.400000,10000.000000,0,0,101208116,834,0,834,-3,0,9,45
12,360,50.400000,10000.000000,0,0,101208129,861,0,861,-4,0,9,45
12,360,50.400000,10000.000000,0,0,101208141,890,0,890,-6,0,9,45
12,360,50.400000,10000.000000,0,0,101208151,920,0,920,-8,0,9,45
12,360,50.400000,10000.000000,0,0,101208162,950,0,950,-10,0,9,45
12,360,50.400000,10000.000000,0,0,101208173,977,0,977,-11,0,9,45
12,360,50.400000,10000.000000,0,0,101208184,1004,0,1004,-13,0,9,45
12,360,50.400000,10000.000000,0,0,101208195,1027,0,1027,-13,0,9,45
12,360,50.400000,10000.000000,0,0,101208206,1049,0,1049,-15,0,9,45
12,360,50.400000,10000.000000,0,0,101208216,1067,0,1067,-16,0,9,45
12,360,50.400000,10000.000000,0,0,101208227,1080,0,1080,-16,0,9,45
12,360,50.400000,10000.000000,0,0,101208237,1090,0,1090,-16,0,9,45
12,360,50.400000,10000.000000,0,0,101208249,1097,0,1097,-16,0,9,45
12,360,50.400000,10000.000000,0,0,101208259,1103,0,1103,-16,0,9,45
12,360,50.400000,10000.000000,0,0,101208269,1105,0,1105,-16,0,9,45
12,360,50.400000,10000.000000,0,0,101208280,1106,0,1106,-16,0,9,45
12,360,50.400000,10000.000000,0,0,101208290,1108,0,1108,-16,0,9,45
12,360,50.400000,10000.000000,0,0,101208301,1109,0,1109,-16,0,9,45
12,360,50.400000,10000.000000,0,0,101208311,1111,0,1111,-17,0,9,45
12,360,50.400000,10000.000000,0,0,101208322,1113,0,1113,-17,0,9,45
12,360,50.400000,10000.000000,0,0,101208334,1117,0,1117,-17,0,9,45
12,360,50.400000,10000.000000,0,0,101208344,1123,0,1123,-17,0,9,45
12,360,50.400000,10000.000000,0,0,101208355,1128,0,1128,-17,0,9,45
12,360,50.400000,10000.000000,0,0,101208367,1132,0,1132,-17,0,9,45
12,360,50.400000,10000.000000,0,0,101208377,1137,0,1137,-17,0,9,45
12,360,50.400000,10000.000000,0,0,101208388,1140,0,1140,-17,0,9,45
12,360,50.400000,10000.000000,0,0,101208398,1141,0,1141,-17,0,9,45
12,360,50.400000,10000.000000,0,0,101208408,1142,0,1142,-17,0,9,45
12,360,50.400000,10000.000000,0,0,101208418,1142,0,1142,-17,0,9,45
12,360,50.400000,10000.000000,0,0,101208429,1142,0,1142,-17,0,9,45
12,360,50.400000,10000.000000,0,0,101208439,1142,0,1142,-17,0,9,45
12,360,50.400000,10000.000000,0,0,101208450,1142,0,1142,-17,0,9,45
12,360,50.400000,10000.000000,0,0,101208460,1142,0,1142,-17,0,9,45
12,360,50.400000,10000.000000,0,0,101208471,1142,0,1142,-17,0,9,45
12,360,50.400000,10000.000000,0,0,101208480,1142,0,1142,-17,0,9,45
