12,720,82.800000,42.984000,0,0,101290606,600,0,600,0,0,9,94
12,720,82.800000,42.984000,0,0,101290607,600,0,600,0,0,9,94
12,720,82.800000,42.984000,0,0,101290617,603,0,603,0,0,9,94
12,720,82.800000,42.984000,0,0,101290629,604,0,604,0,0,9,94
12,720,82.800000,42.984000,0,0,101290639,607,0,607,-1,0,9,94
12,720,82.800000,42.984000,0,0,101290651,614,0,614,-3,0,9,94
12,720,82.800000,42.984000,0,0,101290671,627,0,627,-5,0,9,94
12,720,82.800000,42.984000,0,0,101290682,668,0,668,-11,0,9,94
12,720,82.800000,42.984000,0,0,101290694,699,0,699,-14,0,9,94
12,720,82.800000,42.984000,0,0,101290706,741,0,741,-17,0,9,94
12,720,82.800000,42.984000,0,0,101290717,798,0,798,-19,0,9,94
12,720,82.800000,42.984000,0,0,101290728,855,0,855,-21,0,9,94
12,720,82.800000,42.984000,0,0,101290739,914,0,914,-21,0,9,94
12,720,82.800000,42.984000,0,0,101290750,987,0,987,-22,0,9,94
12,720,82.800000,42.984000,0,0,101290761,1046,0,1046,-24,0,9,94
12,720,82.800000,42.984000,0,0,101290780,1107,0,1107,-26,0,9,94
12,720,82.800000,42.984000,0,0,101290791,1199,0,1199,-28,0,9,94
12,720,82.800000,42.984000,0,0,101290802,1232,0,1232,-29,0,9,94
12,720,82.800000,42.984000,0,0,101290814,1253,0,1253,-29,0,9,94
12,720,82.800000,42.984000,0,0,101290824,1267,0,1267,-29,0,9,94
12,720,82.800000,42.984000,0,0,101290835,1271,0,1271,-29,0,9,94
12,720,82.800000,42.984000,0,0,101290846,1272,0,1272,-29,0,9,94
12,720,82.800000,42.984000,0,0,101290857,1271,0,1271,-29,0,9,94
12,720,82.800000,42.984000,0,0,101290868,1270,0,1270,-29,0,9,94
12,720,82.800000,42.984000,0,0,101290878,1270,0,1270,-29,0,9,94
12,720,82.800000,42.984000,0,0,101290889,1270,0,1270,-29,0,9,94
12,720,82.800000,42.984000,0,0,101290900,1270,0,1270,-29,0,9,94
12,720,82.800000,42.984000,0,0,101290918,1270,0,1270,-29,0,9,94
12,720,82.800000,42.984000,0,0,101290929,1272,0,1272,-29,0,9,94
12,720,82.800000,42.984000,0,0,101290939,1272,0,1272,-29,0,9,94
12,720,82.800000,42.984000,0,0,101290950,1272,0,1272,-29,0,9,94
12,720,82.800000,42.984000,0,0,101290960,1272,0,1272,-29,0,9,94
12,720,82.800000,42.984000,0,0,101290971,1272,0,1272,-29,0,9,94
12,720,82.800000,42.984000,0,0,101290981,1273,0,1273,-29,0,9,94
12,720,82.800000,42.984000,0,0,101290992,1275,0,1275,-29,0,9,94
12,720,82.800000,42.984000,0,0,101291003,1276,0,1276,-29,0,9,94
12,720,82.800000,42.984000,0,0,101291014,1278,0,1278,-29,0,9,94
12,720,82.800000,42.984000,0,0,101291024,1280,0,1280,-29,0,9,94
12,720,82.800000,42.984000,0,0,101291035,1282,0,1282,-29,0,9,94
12,720,82.800000,42.984000,0,0,101291045,1282,0,1282,-29,0,9,94
12,720,82.800000,42.984000,0,0,101291055,1283,0,1283,-29,0,9,94
12,720,82.800000,42.984000,0,0,101291065,1283,0,1283,-29,0,9,94
12,720,82.800000,42.984000,0,0,101291076,1283,0,1283,-29,0,9,94
12,720,82.800000,42.984000,0,0,101291086,1283,0,1283,-29,0,9,94
12,720,82.800000,42.984000,0,0,101291097,1283,0,1283,-29,0,9,94
12,720,82.800000,42.984000,0,0,101291107,1285,0,1285,-29,0,9,94
12,720,82.800000,42.984000,0,0,101291117,1287,0,1287,-29,0,9,94
12,720,82.800000,42.984000,0,0,101291128,1291,0,1291,-29,0,9,94
12,720,82.800000,42.984000,0,0,101291138,1294,0,1294,-29,0,9,94
12,720,82.800000,42.984000,0,0,101291148,1297,0,1297,-29,0,9,94
12,720,82.800000,42.984000,0,0,101291159,1300,0,1300,-29,0,9,94
12,720,82.800000,42.984000,0,0,101291169,1302,0,1302,-29,0,9,94
12,720,82.800000,42.984000,0,0,101291181,1305,0,1305,-29,0,9,94
12,720,82.800000,42.984000,0,0,101291191,1305,0,1305,-29,0,9,94
12,720,82.800000,42.984000,0,0,101291202,1305,0,1305,-29,0,9,94
12,720,82.800000,42.984000,0,0,101291212,1305,0,1305,-29,0,9,94
12,720,82.800000,42.984000,0,0,101291224,1305,1,1305,-28,0,9,94
12,720,82.800000,42.984000,0,0,101291234,1303,2,1303,-27,0,9,94
12,720,82.800000,42.984000,0,0,101291245,1302,2,1302,-27,0,9,94
12,720,82.800000,42.984000,0,0,101291255,1301,3,1301,-26,0,9,94
