12,720,82.800000,42.984000,1,0,101244461,600,0,600,0,0,9,65
12,720,82.800000,42.984000,1,0,101244462,600,0,600,0,0,9,65
12,720,82.800000,42.984000,1,0,101244481,607,0,607,0,0,9,65
12,720,82.800000,42.984000,1,0,101244492,620,0,620,-1,0,9,65
12,720,82.800000,42.984000,1,0,101244502,632,0,632,-3,0,9,65
12,720,82.800000,42.984000,1,0,101244515,646,0,646,-5,0,9,65
12,720,82.800000,42.984000,1,0,101244527,664,0,664,-5,0,9,65
12,720,82.800000,42.984000,1,0,101244537,692,0,692,-6,0,9,65
12,720,82.800000,42.984000,1,0,101244549,721,0,721,-7,0,9,65
12,720,82.800000,42.984000,1,0,101244560,762,0,762,-7,0,9,65
12,720,82.800000,42.984000,1,0,101244571,811,0,811,-7,0,9,65
12,720,82.800000,42.984000,1,0,101244581,854,0,854,-7,0,9,65
12,720,82.800000,42.984000,1,0,101244592,910,0,910,-7,0,9,65
12,720,82.800000,42.984000,1,0,101244603,961,0,961,-7,0,9,65
12,720,82.800000,42.984000,1,0,101244613,1000,0,1000,-7,0,9,65
12,720,82.800000,42.984000,1,0,101244624,1046,0,1046,-7,0,9,65
12,720,82.800000,42.984000,1,0,101244635,1082,0,1082,-7,0,9,65
12,720,82.800000,42.984000,1,0,101244654,1114,0,1114,-8,0,9,65
12,720,82.800000,42.984000,1,0,101244665,1153,0,1153,-8,0,9,65
12,720,82.800000,42.984000,1,0,101244676,1163,0,1163,-9,0,9,65
12,720,82.800000,42.984000,1,0,101244687,1170,0,1170,-9,0,9,65
12,720,82.800000,42.984000,1,0,101244698,1174,0,1174,-9,0,9,65
12,720,82.800000,42.984000,1,0,101244708,1176,0,1176,-9,0,9,65
12,720,82.800000,42.984000,1,0,101244718,1177,0,1177,-9,0,9,65
12,720,82.800000,42.984000,1,0,101244730,1178,0,1178,-10,0,9,65
12,720,82.800000,42.984000,1,0,101244741,1180,0,1180,-10,0,9,65
12,720,82.800000,42.984000,1,0,101244752,1181,0,1181,-10,0,9,65
12,720,82.800000,42.984000,1,0,101244763,1184,0,1184,-10,0,9,65
12,720,82.800000,42.984000,1,0,101244774,1189,0,1189,-10,0,9,65
12,720,82.800000,42.984000,1,0,101244785,1193,0,1193,-10,0,9,65
12,720,82.800000,42.984000,1,0,101244796,1198,0,1198,-10,0,9,65
12,720,82.800000,42.984000,1,0,101244806,1202,0,1202,-10,0,9,65
12,720,82.800000,42.984000,1,0,101244825,1206,0,1206,-10,0,9,65
12,720,82.800000,42.984000,1,0,101244836,1214,0,1214,-10,0,9,65
12,720,82.800000,42.984000,1,0,101244847,1220,0,1220,-10,0,9,65
12,720,82.800000,42.984000,1,0,101244858,1226,0,1226,-10,0,9,65
12,720,82.800000,42.984000,1,0,101244869,1234,0,1234,-10,0,9,65
12,720,82.800000,42.984000,1,0,101244879,1242,0,1242,-10,0,9,65
12,720,82.800000,42.984000,1,0,101244889,1251,0,1251,-10,0,9,65
12,720,82.800000,42.984000,1,0,101244900,1258,0,1258,-10,0,9,65
12,720,82.800000,42.984000,1,0,101244911,1265,0,1265,-10,0,9,65
12,720,82.800000,42.984000,1,0,101244922,1271,0,1271,-10,0,9,65
12,720,82.800000,42.984000,1,0,101244933,1275,0,1275,-10,0,9,65
12,720,82.800000,42.984000,1,0,101244945,1278,0,1278,-10,0,9,65
12,720,82.800000,42.984000,1,0,101244955,1282,0,1282,-10,0,9,65
12,720,82.800000,42.984000,1,0,101244967,1287,0,1287,-10,0,9,65
12,720,82.800000,42.984000,1,0,101244978,1294,0,1294,-10,0,9,65
12,720,82.800000,42.984000,1,0,101244988,1302,0,1302,-10,0,9,65
12,720,82.800000,42.984000,1,0,101244999,1311,0,1311,-10,0,9,65
12,720,82.800000,42.984000,1,0,101245010,1317,0,1317,-10,0,9,65
12,720,82.800000,42.984000,1,0,101245021,1320,0,1320,-10,0,9,65
12,720,82.800000,42.984000,1,0,101245032,1321,0,1321,-10,0,9,65
12,720,82.800000,42.984000,1,0,101245044,1321,0,1321,-10,0,9,65
12,720,82.800000,42.984000,1,0,101245054,1321,0,1321,-10,0,9,65
12,720,82.800000,42.984000,1,0,101245066,1320,0,1320,-10,0,9,65
12,720,82.800000,42.984000,1,0,101245075,1319,0,1319,-10,0,9,65
