12,360,50.400000,12.276000,1,1,101210759,780,22,780,22,0,9,47
12,360,50.400000,12.276000,1,1,101210760,780,22,780,22,0,9,47
12,360,50.400000,12.276000,1,1,101210771,785,22,785,22,0,9,47
12,360,50.400000,12.276000,1,1,101210783,790,22,790,22,0,9,47
12,360,50.400000,12.276000,1,1,101210794,798,22,798,22,0,9,47
12,360,50.400000,12.276000,1,1,101210807,809,22,809,22,0,9,47
12,360,50.400000,12.276000,1,1,101210828,825,22,825,22,0,9,47
12,360,50.400000,12.276000,1,1,101210839,863,21,863,21,0,9,47
12,360,50.400000,12.276000,1,1,101210852,886,19,886,19,0,9,47
12,360,50.400000,12.276000,1,1,101210865,918,18,918,18,0,9,47
12,360,50.400000,12.276000,1,1,101210875,952,16,952,16,0,9,47
12,360,50.400000,12.276000,1,1,101210886,985,14,985,14,0,9,47
12,360,50.400000,12.276000,1,1,101210907,1021,11,1021,11,0,9,47
12,360,50.400000,12.276000,1,1,101210918,1078,6,1078,6,0,9,47
12,360,50.400000,12.276000,1,1,101210929,1110,3,1110,3,0,9,47
12,360,50.400000,12.276000,1,1,101210940,1130,1,1130,1,0,9,47
12,360,50.400000,12.276000,1,1,101210950,1144,1,1144,1,0,9,47
12,360,50.400000,12.276000,1,1,101210961,1151,0,1151,0,0,9,47
12,360,50.400000,12.276000,1,1,101210972,1154,0,1154,-1,0,9,47
12,360,50.400000,12.276000,1,1,101210982,1154,0,1154,-1,0,9,47
12,360,50.400000,12.276000,1,1,101210993,1154,0,1154,-1,0,9,47
12,360,50.400000,12.276000,1,1,101211004,1154,0,1154,-1,0,9,47
12,360,50.400000,12.276000,1,1,101211014,1154,0,1154,-1,0,9,47
12,360,50.400000,12.276000,1,1,101211025,1154,0,1154,-1,0,9,47
12,360,50.400000,12.276000,1,1,101211036,1155,0,1155,-1,0,9,47
12,360,50.400000,12.276000,1,1,101211048,1157,0,1157,-1,0,9,47
12,360,50.400000,12.276000,1,1,101211059,1158,0,1158,-1,0,9,47
12,360,50.400000,12.276000,1,1,101211078,1158,0,1158,-1,0,9,47
12,360,50.400000,12.276000,1,1,101211088,1158,0,1158,-1,0,9,47
12,360,50.400000,12.276000,1,1,101211099,1158,0,1158,-1,0,9,47
12,360,50.400000,12.276000,1,1,101211110,1158,0,1158,-1,0,9,47
12,360,50.400000,12.276000,1,1,101211120,1158,0,1158,-1,0,9,47
12,360,50.400000,12.276000,1,1,101211131,1158,0,1158,-1,0,9,47
12,360,50.400000,12.276000,1,1,101211141,1158,0,1158,-1,0,9,47
12,360,50.400000,12.276000,1,1,101211151,1158,0,1158,-1,0,9,47
12,360,50.400000,12.276000,1,1,101211163,1158,0,1158,-1,0,9,47
12,360,50.400000,12.276000,1,1,101211173,1158,0,1158,-1,0,9,47
12,360,50.400000,12.276000,1,1,101211184,1158,0,1158,-1,0,9,47
12,360,50.400000,12.276000,1,1,101211194,1157,0,1157,-1,0,9,47
12,360,50.400000,12.276000,1,1,101211205,1157,0,1157,-1,0,9,47
12,360,50.400000,12.276000,1,1,101211215,1157,0,1157,-1,0,9,47
12,360,50.400000,12.276000,1,1,101211226,1156,0,1156,-1,0,9,47
12,360,50.400000,12.276000,1,1,101211237,1155,0,1155,-1,0,9,47
12,360,50.400000,12.276000,1,1,101211247,1154,0,1154,-1,0,9,47
12,360,50.400000,12.276000,1,1,101211257,1154,0,1154,-1,0,9,47
12,360,50.400000,12.276000,1,1,101211267,1153,0,1153,-1,0,9,47
12,360,50.400000,12.276000,1,1,101211277,1152,0,1152,-1,0,9,47
12,360,50.400000,12.276000,1,1,101211288,1151,0,1151,-1,0,9,47
12,360,50.400000,12.276000,1,1,101211298,1150,0,1150,-1,0,9,47
12,360,50.400000,12.276000,1,1,101211310,1150,1,1150,0,0,9,47
12,360,50.400000,12.276000,1,1,101211320,1149,1,1149,0,0,9,47
12,360,50.400000,12.276000,1,1,101211330,1148,1,1148,0,0,9,47
12,360,50.400000,12.276000,1,1,101211341,1148,1,1148,0,0,9,47
12,360,50.400000,12.276000,1,1,101211351,1148,1,1148,0,0,9,47
12,360,50.400000,12.276000,1,1,101211360,1148,2,1148,1,0,9,47
