12,360,50.400000,22.608000,1,1,101293292,780,22,780,22,0,9,96
12,360,50.400000,22.608000,1,1,101293293,780,22,780,22,0,9,96
12,360,50.400000,22.608000,1,1,101293305,784,21,784,21,0,9,96
12,360,50.400000,22.608000,1,1,101293315,789,21,789,21,0,9,96
12,360,50.400000,22.608000,1,1,101293326,797,20,797,20,0,9,96
12,360,50.400000,22.608000,1,1,101293337,808,18,808,18,0,9,96
12,360,50.400000,22.608000,1,1,101293349,823,16,823,16,0,9,96
12,360,50.400000,22.608000,1,1,101293359,840,14,840,14,0,9,96
12,360,50.400000,22.608000,1,1,101293370,855,12,855,12,0,9,96
12,360,50.400000,22.608000,1,1,101293381,875,11,875,11,0,9,96
12,360,50.400000,22.608000,1,1,101293393,893,10,893,10,0,9,96
12,360,50.400000,22.608000,1,1,101293406,912,10,912,10,0,9,96
12,360,50.400000,22.608000,1,1,101293417,931,10,931,10,0,9,96
12,360,50.400000,22.608000,1,1,101293432,957,10,957,10,0,9,96
12,360,50.400000,22.608000,1,1,101293444,994,10,994,10,0,9,96
12,360,50.400000,22.608000,1,1,101293456,1022,10,1022,10,0,9,96
12,360,50.400000,22.608000,1,1,101293467,1045,10,1045,10,0,9,96
12,360,50.400000,22.608000,1,1,101293480,1071,10,1071,10,0,9,96
12,360,50.400000,22.608000,1,1,101293494,1090,10,1090,10,0,9,96
12,360,50.400000,22.608000,1,1,101293506,1101,10,1101,10,0,9,96
12,360,50.400000,22.608000,1,1,101293517,1104,10,1104,10,0,9,96
12,360,50.400000,22.608000,1,1,101293528,1104,10,1104,10,0,9,96
12,360,50.400000,22.608000,1,1,101293539,1104,10,1104,10,0,9,96
12,360,50.400000,22.608000,1,1,101293550,1104,10,1104,10,0,9,96
12,360,50.400000,22.608000,1,1,101293560,1104,10,1104,10,0,9,96
12,360,50.400000,22.608000,1,1,101293570,1104,10,1104,10,0,9,96
12,360,50.400000,22.608000,1,1,101293581,1106,10,1106,10,0,9,96
12,360,50.400000,22.608000,1,1,101293592,1107,10,1107,10,0,9,96
12,360,50.400000,22.608000,1,1,101293603,1109,10,1109,10,0,9,96
12,360,50.400000,22.608000,1,1,101293613,1112,10,1112,10,0,9,96
12,360,50.400000,22.608000,1,1,101293624,1115,10,1115,10,0,9,96
12,360,50.400000,22.608000,1,1,101293637,1117,10,1117,10,0,9,96
12,360,50.400000,22.608000,1,1,101293647,1120,10,1120,10,0,9,96
12,360,50.400000,22.608000,1,1,101293658,1124,10,1124,10,0,9,96
12,360,50.400000,22.608000,1,1,101293669,1126,10,1126,10,0,9,96
12,360,50.400000,22.608000,1,1,101293680,1128,10,1128,10,0,9,96
12,360,50.400000,22.608000,1,1,101293690,1128,10,1128,10,0,9,96
12,360,50.400000,22.608000,1,1,101293701,1128,10,1128,10,0,9,96
12,360,50.400000,22.608000,1,1,101293712,1128,10,1128,10,0,9,96
12,360,50.400000,22.608000,1,1,101293722,1128,10,1128,10,0,9,96
12,360,50.400000,22.608000,1,1,101293733,1128,10,1128,10,0,9,96
12,360,50.400000,22.608000,1,1,101293743,1128,10,1128,10,0,9,96
12,360,50.400000,22.608000,1,1,101293755,1128,10,1128,10,0,9,96
12,360,50.400000,22.608000,1,1,101293766,1129,10,1129,10,0,9,96
12,360,50.400000,22.608000,1,1,101293776,1130,10,1130,10,0,9,96
12,360,50.400000,22.608000,1,1,101293787,1132,10,1132,10,0,9,96
12,360,50.400000,22.608000,1,1,101293797,1132,10,1132,10,0,9,96
12,360,50.400000,22.608000,1,1,101293808,1132,9,1132,9,0,9,96
12,360,50.400000,22.608000,1,1,101293818,1132,9,1132,9,0,9,96
12,360,50.400000,22.608000,1,1,101293829,1132,9,1132,9,0,9,96
12,360,50.400000,22.608000,1,1,101293839,1132,9,1132,9,0,9,96
12,360,50.400000,22.608000,1,1,101293849,1132,9,1132,9,0,9,96
