12,720,21.600000,42.984000,1,1,101130799,600,22,600,22,0,9,4
12,720,21.600000,42.984000,1,1,101130800,600,22,600,22,0,9,4
12,720,21.600000,42.984000,1,1,101130811,609,22,609,22,0,9,4
12,720,21.600000,42.984000,1,1,101130822,618,22,618,22,0,9,4
12,720,21.600000,42.984000,1,1,101130833,628,21,628,21,0,9,4
12,720,21.600000,42.984000,1,1,101130844,645,19,645,19,0,9,4
12,720,21.600000,42.984000,1,1,101130855,671,19,671,19,0,9,4
12,720,21.600000,42.984000,1,1,101130866,703,18,703,18,0,9,4
12,720,21.600000,42.984000,1,1,101130878,739,17,739,17,0,9,4
12,720,21.600000,42.984000,1,1,101130889,793,16,793,16,0,9,4
12,720,21.600000,42.984000,1,1,101130900,860,15,860,15,0,9,4
12,720,21.600000,42.984000,1,1,101130910,929,14,929,14,0,9,4
12,720,21.600000,42.984000,1,1,101130922,984,13,984,13,0,9,4
12,720,21.600000,42.984000,1,1,101130934,1046,11,1046,11,0,9,4
12,720,21.600000,42.984000,1,1,101130946,1105,9,1105,9,0,9,4
12,720,21.600000,42.984000,1,1,101130958,1152,7,1152,7,0,9,4
12,720,21.600000,42.984000,1,1,101130969,1181,5,1181,5,0,9,4
12,720,21.600000,42.984000,1,1,101130981,1203,4,1203,4,0,9,4
12,720,21.600000,42.984000,1,1,101130992,1217,3,1217,3,0,9,4
12,720,21.600000,42.984000,1,1,101131003,1224,2,1224,2,0,9,4
12,720,21.600000,42.984000,1,1,101131014,1226,2,1226,2,0,9,4
12,720,21.600000,42.984000,1,1,101131025,1226,2,1226,2,0,9,4
12,720,21.600000,42.984000,1,1,101131035,1226,2,1226,2,0,9,4
12,720,21.600000,42.984000,1,1,101131046,1226,2,1226,2,0,9,4
12,720,21.600000,42.984000,1,1,101131057,1226,2,1226,2,0,9,4
12,720,21.600000,42.984000,1,1,101131068,1226,2,1226,2,0,9,4
12,720,21.600000,42.984000,1,1,101131079,1226,2,1226,2,0,9,4
12,720,21.600000,42.984000,1,1,101131090,1226,2,1226,2,0,9,4
12,720,21.600000,42.984000,1,1,101131100,1226,2,1226,2,0,9,4
12,720,21.600000,42.984000,1,1,101131110,1226,2,1226,2,0,9,4
12,720,21.600000,42.984000,1,1,101131121,1226,2,1226,2,0,9,4
12,720,21.600000,42.984000,1,1,101131132,1226,2,1226,2,0,9,4
12,720,21.600000,42.984000,1,1,101131143,1226,2,1226,2,0,9,4
12,720,21.600000,42.984000,1,1,101131155,1226,2,1226,2,0,9,4
12,720,21.600000,42.984000,1,1,101131169,1227,2,1227,2,0,9,4
12,720,21.600000,42.984000,1,1,101131179,1227,2,1227,2,0,9,4
12,720,21.600000,42.984000,1,1,101131191,1228,1,1228,1,0,9,4
12,720,21.600000,42.984000,1,1,101131202,1230,1,1230,1,0,9,4
12,720,21.600000,42.984000,1,1,101131214,1232,1,1232,1,0,9,4
12,720,21.600000,42.984000,1,1,101131225,1236,0,1236,0,0,9,4
12,720,21.600000,42.984000,1,1,101131235,1243,0,1243,0,0,9,4
12,720,21.600000,42.984000,1,1,101131247,1252,0,1252,-1,0,9,4
12,720,21.600000,42.984000,1,1,101131258,1263,0,1263,-2,0,9,4
12,720,21.600000,42.984000,1,1,101131270,1274,0,1274,-2,0,9,4
12,720,21.600000,42.984000,1,1,101131280,1284,0,1284,-2,0,9,4
12,720,21.600000,42.984000,1,1,101131292,1292,0,1292,-3,0,9,4
12,720,21.600000,42.984000,1,1,101131303,1299,0,1299,-3,0,9,4
12,720,21.600000,42.984000,1,1,101131313,1302,0,1302,-3,0,9,4
12,720,21.600000,42.984000,1,1,101131332,1303,0,1303,-3,0,9,4
12,720,21.600000,42.984000,1,1,101131342,1303,0,1303,-3,0,9,4
12,720,21.600000,42.984000,1,1,101131353,1303,0,1303,-3,0,9,4
12,720,21.600000,42.984000,1,1,101131363,1303,0,1303,-3,0,9,4
12,720,21.600000,42.984000,1,1,101131373,1303,0,1303,-3,0,9,4
12,720,21.600000,42.984000,1,1,101131383,1303,0,1303,-3,0,9,4
12,720,21.600000,42.984000,1,1,101131394,1303,0,1303,-3,0,9,4
12,720,21.600000,42.984000,1,1,101131404,1303,0,1303,-3,0,9,4
12,720,21.600000,42.984000,1,1,101131414,1303,0,1303,-3,0,9,4
12,720,21.600000,42.984000,1,1,101131425,1303,0,1303,-3,0,9,4
12,720,21.600000,42.984000,1,1,101131435,1303,0,1303,-3,0,9,4
12,720,21.600000,42.984000,1,1,101131446,1303,0,1303,-3,0,9,4
12,720,21.600000,42.984000,1,1,101131456,1303,0,1303,-3,0,9,4
12,720,21.600000,42.984000,1,1,101131466,1303,0,1303,-3,0,9,4
12,720,21.600000,42.984000,1,1,101131476,1304,0,1304,-3,0,9,4
12,720,21.600000,42.984000,1,1,101131486,1305,0,1305,-3,0,9,4
12,720,21.600000,42.984000,1,1,101131497,1307,0,1307,-3,0,9,4
12,720,21.600000,42.984000,1,1,101131508,1312,0,1312,-3,0,9,4
12,720,21.600000,42.984000,1,1,101131518,1317,0,1317,-3,0,9,4
12,720,21.600000,42.984000,1,1,101131529,1322,0,1322,-3,0,9,4
12,720,21.600000,42.984000,1,1,101131539,1328,0,1328,-3,0,9,4
12,720,21.600000,42.984000,1,1,101131549,1332,0,1332,-3,0,9,4
12,720,21.600000,42.984000,1,1,101131560,1335,0,1335,-3,0,9,4
12,720,21.600000,42.984000,1,1,101131570,1335,0,1335,-3,0,9,4
12,720,21.600000,42.984000,1,1,101131580,1335,0,1335,-3,0,9,4
12,720,21.600000,42.984000,1,1,101131600,1335,0,1335,-3,0,9,4
12,720,21.600000,42.984000,1,1,101131611,1335,0,1335,-3,0,9,4
12,720,21.600000,42.984000,1,1,101131622,1335,0,1335,-3,0,9,4
12,720,21.600000,42.984000,1,1,101131633,1335,0,1335,-3,0,9,4
12,720,21.600000,42.984000,1,1,101131643,1335,0,1335,-3,0,9,4
12,720,21.600000,42.984000,1,1,101131653,1335,0,1335,-3,0,9,4
12,720,21.600000,42.984000,1,1,101131663,1335,0,1335,-3,0,9,4
12,720,21.600000,42.984000,1,1,101131673,1335,0,1335,-3,0,9,4
12,720,21.600000,42.984000,1,1,101131683,1335,0,1335,-3,0,9,4
12,720,21.600000,42.984000,1,1,101131693,1335,0,1335,-3,0,9,4
12,720,21.600000,42.984000,1,1,101131703,1335,0,1335,-3,0,9,4
12,720,21.600000,42.984000,1,1,101131714,1335,0,1335,-3,0,9,4
12,720,21.600000,42.984000,1,1,101131724,1335,0,1335,-3,0,9,4
12,720,21.600000,42.984000,1,1,101131734,1335,0,1335,-3,0,9,4
12,720,21.600000,42.984000,1,1,101131744,1334,0,1334,-3,0,9,4
12,720,21.600000,42.984000,1,1,101131754,1333,0,1333,-3,0,9,4
12,720,21.600000,42.984000,1,1,101131764,1333,0,1333,-3,0,9,4
12,720,21.600000,42.984000,1,1,101131774,1333,0,1333,-3,0,9,4
12,720,21.600000,42.984000,1,1,101131785,1332,0,1332,-3,0,9,4
12,720,21.600000,42.984000,1,1,101131795,1331,0,1331,-3,0,9,4
12,720,21.600000,42.984000,1,1,101131806,1330,0,1330,-3,0,9,4
12,720,21.600000,42.984000,1,1,101131816,1330,0,1330,-3,0,9,4
12,720,21.600000,42.984000,1,1,101131826,1328,0,1328,-3,0,9,4
12,720,21.600000,42.984000,1,1,101131836,1327,0,1327,-3,0,9,4
12,720,21.600000,42.984000,1,1,101131846,1325,1,1325,-2,0,9,4
12,720,21.600000,42.984000,1,1,101131856,1324,1,1324,-2,0,9,4
12,720,21.600000,42.984000,1,1,101131866,1323,1,1323,-2,0,9,4
12,720,21.600000,42.984000,1,1,101131877,1321,1,1321,-2,0,9,4
12,720,21.600000,42.984000,1,1,101131887,1320,1,1320,-2,0,9,4
12,720,21.600000,42.984000,1,1,101131897,1320,1,1320,-2,0,9,4
12,720,21.600000,42.984000,1,1,101131908,1320,1,1320,-2,0,9,4
12,720,21.600000,42.984000,1,1,101131918,1320,1,1320,-2,0,9,4
12,720,21.600000,42.984000,1,1,101131929,1320,1,1320,-2,0,9,4
12,720,21.600000,42.984000,1,1,101131939,1320,1,1320,-2,0,9,4
12,720,21.600000,42.984000,1,1,101131949,1320,1,1320,-2,0,9,4
12,720,21.600000,42.984000,1,1,101131960,1320,1,1320,-2,0,9,4
12,720,21.600000,42.984000,1,1,101131971,1320,1,1320,-2,0,9,4
12,720,21.600000,42.984000,1,1,101131981,1320,1,1320,-2,0,9,4
12,720,21.600000,42.984000,1,1,101131991,1320,1,1320,-2,0,9,4
12,720,21.600000,42.984000,1,1,101132000,1320,1,1320,-2,0,9,4
