12,720,21.600000,0.000000,1,1,101163165,600,22,600,22,0,9,24
12,720,21.600000,0.000000,1,1,101163166,600,22,600,22,0,9,24
12,720,21.600000,0.000000,1,1,101163176,600,22,600,22,0,9,24
12,720,21.600000,0.000000,1,1,101163186,600,22,600,22,0,9,24
12,720,21.600000,0.000000,1,1,101163196,600,22,600,22,0,9,24
12,720,21.600000,0.000000,1,1,101163207,600,22,600,22,0,9,24
12,720,21.600000,0.000000,1,1,101163217,600,22,600,22,0,9,24
12,720,21.600000,0.000000,1,1,101163227,600,22,600,22,0,9,24
12,720,21.600000,0.000000,1,1,101163239,601,22,601,22,0,9,24
12,720,21.600000,0.000000,1,1,101163249,605,22,605,22,0,9,24
12,720,21.600000,0.000000,1,1,101163259,612,22,612,22,0,9,24
12,720,21.600000,0.000000,1,1,101163273,625,22,625,22,0,9,24
12,720,21.600000,0.000000,1,1,101163285,657,22,657,22,0,9,24
12,720,21.600000,0.000000,1,1,101163295,692,22,692,22,0,9,24
12,720,21.600000,0.000000,1,1,101163307,735,21,735,21,0,9,24
12,720,21.600000,0.000000,1,1,101163317,778,18,778,18,0,9,24
12,720,21.600000,0.000000,1,1,101163327,823,16,823,16,0,9,24
12,720,21.600000,0.000000,1,1,101163338,866,13,866,13,0,9,24
12,720,21.600000,0.000000,1,1,101163349,906,10,906,10,0,9,24
12,720,21.600000,0.000000,1,1,101163360,947,7,947,7,0,9,24
12,720,21.600000,0.000000,1,1,101163370,994,4,994,4,0,9,24
12,720,21.600000,0.000000,1,1,101163380,1034,3,1034,3,0,9,24
12,720,21.600000,0.000000,1,1,101163390,1071,1,1071,1,0,9,24
12,720,21.600000,0.000000,1,1,101163401,1102,0,1102,-1,0,9,24
12,720,21.600000,0.000000,1,1,101163412,1133,0,1133,-2,0,9,24
12,720,21.600000,0.000000,1,1,101163422,1156,0,1156,-3,0,9,24
12,720,21.600000,0.000000,1,1,101163432,1176,0,1176,-5,0,9,24
12,720,21.600000,0.000000,1,1,101163443,1190,0,1190,-5,0,9,24
12,720,21.600000,0.000000,1,1,101163454,1198,0,1198,-5,0,9,24
12,720,21.600000,0.000000,1,1,101163464,1202,0,1202,-5,0,9,24
12,720,21.600000,0.000000,1,1,101163474,1205,0,1205,-5,0,9,24
12,720,21.600000,0.000000,1,1,101163484,1206,0,1206,-5,0,9,24
12,720,21.600000,0.000000,1,1,101163494,1206,0,1206,-5,0,9,24
12,720,21.600000,0.000000,1,1,101163505,1206,0,1206,-5,0,9,24
12,720,21.600000,0.000000,1,1,101163515,1207,0,1207,-5,0,9,24
12,720,21.600000,0.000000,1,1,101163525,1210,0,1210,-5,0,9,24
12,720,21.600000,0.000000,1,1,101163537,1216,0,1216,-5,0,9,24
12,720,21.600000,0.000000,1,1,101163548,1222,0,1222,-5,0,9,24
12,720,21.600000,0.000000,1,1,101163559,1232,0,1232,-5,0,9,24
12,720,21.600000,0.000000,1,1,101163570,1242,1,1242,-4,0,9,24
12,720,21.600000,0.000000,1,1,101163580,1251,1,1251,-4,0,9,24
12,720,21.600000,0.000000,1,1,101163591,1258,1,1258,-4,0,9,24
12,720,21.600000,0.000000,1,1,101163602,1265,1,1265,-4,0,9,24
12,720,21.600000,0.000000,1,1,101163613,1272,1,1272,-4,0,9,24
12,720,21.600000,0.000000,1,1,101163623,1279,1,1279,-4,0,9,24
12,720,21.600000,0.000000,1,1,101163634,1282,1,1282,-4,0,9,24
12,720,21.600000,0.000000,1,1,101163645,1283,1,1283,-4,0,9,24
12,720,21.600000,0.000000,1,1,101163655,1283,1,1283,-4,0,9,24
12,720,21.600000,0.000000,1,1,101163668,1283,1,1283,-4,0,9,24
12,720,21.600000,0.000000,1,1,101163679,1283,1,1283,-4,0,9,24
12,720,21.600000,0.000000,1,1,101163690,1283,1,1283,-4,0,9,24
12,720,21.600000,0.000000,1,1,101163700,1284,1,1284,-4,0,9,24
12,720,21.600000,0.000000,1,1,101163712,1287,1,1287,-4,0,9,24
12,720,21.600000,0.000000,1,1,101163723,1294,1,1294,-4,0,9,24
12,720,21.600000,0.000000,1,1,101163734,1302,2,1302,-3,0,9,24
12,720,21.600000,0.000000,1,1,101163745,1308,2,1308,-3,0,9,24
12,720,21.600000,0.000000,1,1,101163755,1313,2,1313,-3,0,9,24
12,720,21.600000,0.000000,1,1,101163766,1315,2,1315,-3,0,9,24
12,720,21.600000,0.000000,1,1,101163776,1316,2,1316,-3,0,9,24
12,720,21.600000,0.000000,1,1,101163786,1316,2,1316,-3,0,9,24
12,720,21.600000,0.000000,1,1,101163796,1316,2,1316,-3,0,9,24
12,720,21.600000,0.000000,1,1,101163807,1316,2,1316,-3,0,9,24
12,720,21.600000,0.000000,1,1,101163817,1316,2,1316,-3,0,9,24
12,720,21.600000,0.000000,1,1,101163827,1316,2,1316,-3,0,9,24
12,720,21.600000,0.000000,1,1,101163837,1316,2,1316,-3,0,9,24
12,720,21.600000,0.000000,1,1,101163847,1316,2,1316,-3,0,9,24
12,720,21.600000,0.000000,1,1,101163858,1316,2,1316,-3,0,9,24
12,720,21.600000,0.000000,1,1,101163868,1316,2,1316,-3,0,9,24
12,720,21.600000,0.000000,1,1,101163878,1316,2,1316,-3,0,9,24
12,720,21.600000,0.000000,1,1,101163888,1316,2,1316,-3,0,9,24
12,720,21.600000,0.000000,1,1,101163899,1316,2,1316,-3,0,9,24
12,720,21.600000,0.000000,1,1,101163909,1316,2,1316,-3,0,9,24
12,720,21.600000,0.000000,1,1,101163919,1316,2,1316,-3,0,9,24
12,720,21.600000,0.000000,1,1,101163929,1316,2,1316,-3,0,9,24
12,720,21.600000,0.000000,1,1,101163939,1317,2,1317,-3,0,9,24
12,720,21.600000,0.000000,1,1,101163950,1317,2,1317,-3,0,9,24
12,720,21.600000,0.000000,1,1,101163960,1317,2,1317,-3,0,9,24
12,720,21.600000,0.000000,1,1,101163970,1317,2,1317,-3,0,9,24
12,720,21.600000,0.000000,1,1,101163981,1317,2,1317,-3,0,9,24
12,720,21.600000,0.000000,1,1,101163993,1317,2,1317,-3,0,9,24
