11,360,50.400000,22.608000,0,1,22086063,780,22,780,22,0,0,43
11,360,50.400000,22.608000,0,1,22086064,780,22,780,22,0,0,43
11,360,50.400000,22.608000,0,1,22086073,780,22,780,22,0,0,43
11,360,50.400000,22.608000,0,1,22086083,780,22,780,22,0,0,43
11,360,50.400000,22.608000,0,1,22086094,780,22,780,22,0,0,43
11,360,50.400000,22.608000,0,1,22086104,780,22,780,22,0,0,43
11,360,50.400000,22.608000,0,1,22086114,780,22,780,22,0,0,43
11,360,50.400000,22.608000,0,1,22086125,781,22,781,22,0,0,43
11,360,50.400000,22.608000,0,1,22086136,783,20,783,20,0,0,43
11,360,50.400000,22.608000,0,1,22086148,788,19,788,19,0,0,43
11,360,50.400000,22.608000,0,1,22086158,801,17,801,17,0,0,43
11,360,50.400000,22.608000,0,1,22086169,817,15,817,15,0,0,43
11,360,50.400000,22.608000,0,1,22086179,841,11,841,11,0,0,43
11,360,50.400000,22.608000,0,1,22086190,871,9,871,9,0,0,43
11,360,50.400000,22.608000,0,1,22086202,901,7,901,7,0,0,43
11,360,50.400000,22.608000,0,1,22086212,934,5,934,5,0,0,43
11,360,50.400000,22.608000,0,1,22086222,963,2,963,2,0,0,43
11,360,50.400000,22.608000,0,1,22086233,993,0,993,0,0,0,43
11,360,50.400000,22.608000,0,1,22086244,1016,0,1016,-1,0,0,43
11,360,50.400000,22.608000,0,1,22086255,1031,0,1031,-3,0,0,43
11,360,50.400000,22.608000,0,1,22086266,1045,0,1045,-5,0,0,43
11,360,50.400000,22.608000,0,1,22086281,1055,0,1055,-7,0,0,43
11,360,50.400000,22.608000,0,1,22086291,1062,0,1062,-9,0,0,43
11,360,50.400000,22.608000,0,1,22086302,1066,0,1066,-10,0,0,43
11,360,50.400000,22.608000,0,1,22086313,1071,0,1071,-12,0,0,43
11,360,50.400000,22.608000,0,1,22086323,1076,0,1076,-13,0,0,43
11,360,50.400000,22.608000,0,1,22086334,1082,0,1082,-14,0,0,43
11,360,50.400000,22.608000,0,1,22086345,1086,0,1086,-14,0,0,43
11,360,50.400000,22.608000,0,1,22086357,1089,0,1089,-15,0,0,43
11,360,50.400000,22.608000,0,1,22086368,1092,0,1092,-16,0,0,43
11,360,50.400000,22.608000,0,1,22086379,1096,0,1096,-16,0,0,43
11,360,50.400000,22.608000,0,1,22086389,1101,0,1101,-17,0,0,43
11,360,50.400000,22.608000,0,1,22086399,1106,0,1106,-17,0,0,43
11,360,50.400000,22.608000,0,1,22086409,1110,0,1110,-18,0,0,43
11,360,50.400000,22.608000,0,1,22086419,1112,0,1112,-18,0,0,43
11,360,50.400000,22.608000,0,1,22086429,1114,0,1114,-18,0,0,43
11,360,50.400000,22.608000,0,1,22086439,1114,0,1114,-18,0,0,43
11,360,50.400000,22.608000,0,1,22086449,1114,0,1114,-18,0,0,43
11,360,50.400000,22.608000,0,1,22086459,1114,0,1114,-18,0,0,43
11,360,50.400000,22.608000,0,1,22086468,1114,0,1114,-18,0,0,43
11,360,50.400000,22.608000,0,1,22086478,1114,0,1114,-18,0,0,43
11,360,50.400000,22.608000,0,1,22086488,1114,0,1114,-18,0,0,43
11,360,50.400000,22.608000,0,1,22086498,1115,0,1115,-18,0,0,43
11,360,50.400000,22.608000,0,1,22086509,1116,0,1116,-18,0,0,43
11,360,50.400000,22.608000,0,1,22086519,1116,0,1116,-18,0,0,43
11,360,50.400000,22.608000,0,1,22086535,1116,0,1116,-18,0,0,43
11,360,50.400000,22.608000,0,1,22086550,1116,0,1116,-18,0,0,43
11,360,50.400000,22.608000,0,1,22086567,1116,0,1116,-18,0,0,43
11,360,50.400000,22.608000,0,1,22086583,1119,0,1119,-19,0,0,43
11,360,50.400000,22.608000,0,1,22086593,1123,0,1123,-20,0,0,43
11,360,50.400000,22.608000,0,1,22086604,1125,0,1125,-20,0,0,43
11,360,50.400000,22.608000,0,1,22086614,1126,0,1126,-20,0,0,43
11,360,50.400000,22.608000,0,1,22086624,1126,0,1126,-20,0,0,43
11,360,50.400000,22.608000,0,1,22086634,1126,0,1126,-20,0,0,43
