11,720,82.800000,0.000000,0,0,22172501,600,0,600,0,0,0,100
11,720,82.800000,0.000000,0,0,22172502,600,0,600,0,0,0,100
11,720,82.800000,0.000000,0,0,22172512,600,0,600,0,0,0,100
11,720,82.800000,0.000000,0,0,22172521,600,0,600,0,0,0,100
11,720,82.800000,0.000000,0,0,22172531,600,0,600,0,0,0,100
11,720,82.800000,0.000000,0,0,22172541,600,0,600,0,0,0,100
11,720,82.800000,0.000000,0,0,22172550,600,0,600,0,0,0,100
11,720,82.800000,0.000000,0,0,22172561,600,0,600,0,0,0,100
11,720,82.800000,0.000000,0,0,22172573,602,0,602,-2,0,0,100
11,720,82.800000,0.000000,0,0,22172584,608,0,608,-4,0,0,100
11,720,82.800000,0.000000,0,0,22172595,621,0,621,-5,0,0,100
11,720,82.800000,0.000000,0,0,22172605,648,0,648,-5,0,0,100
11,720,82.800000,0.000000,0,0,22172616,689,2,689,-3,0,0,100
11,720,82.800000,0.000000,0,0,22172627,753,5,753,0,0,0,100
11,720,82.800000,0.000000,0,0,22172637,827,9,827,4,0,0,100
11,720,82.800000,0.000000,0,0,22172648,923,12,923,7,0,0,100
11,720,82.800000,0.000000,0,0,22172659,1019,16,1019,11,0,0,100
11,720,82.800000,0.000000,0,0,22172675,1121,19,1121,14,0,0,100
11,720,82.800000,0.000000,0,0,22172692,1231,21,1231,16,0,0,100
11,720,82.800000,0.000000,0,0,22172707,1312,22,1312,17,0,0,100
11,720,82.800000,0.000000,0,0,22172717,1352,22,1352,17,0,0,100
11,720,82.800000,0.000000,0,0,22172729,1362,22,1362,17,0,0,100
11,720,82.800000,0.000000,0,0,22172739,1366,21,1366,16,0,0,100
11,720,82.800000,0.000000,0,0,22172749,1366,21,1366,16,0,0,100
11,720,82.800000,0.000000,0,0,22172758,1366,21,1366,16,0,0,100
11,720,82.800000,0.000000,0,0,22172768,1366,21,1366,16,0,0,100
11,720,82.800000,0.000000,0,0,22172778,1366,21,1366,16,0,0,100
11,720,82.800000,0.000000,0,0,22172787,1366,21,1366,16,0,0,100
11,720,82.800000,0.000000,0,0,22172802,1366,21,1366,16,0,0,100
11,720,82.800000,0.000000,0,0,22172812,1366,21,1366,16,0,0,100
11,720,82.800000,0.000000,0,0,22172822,1366,21,1366,16,0,0,100
11,720,82.800000,0.000000,0,0,22172832,1366,21,1366,16,0,0,100
11,720,82.800000,0.000000,0,0,22172843,1366,21,1366,16,0,0,100
11,720,82.800000,0.000000,0,0,22172854,1366,21,1366,16,0,0,100
11,720,82.800000,0.000000,0,0,22172866,1366,21,1366,16,0,0,100
11,720,82.800000,0.000000,0,0,22172881,1366,21,1366,16,0,0,100
11,720,82.800000,0.000000,0,0,22172891,1366,21,1366,16,0,0,100
11,720,82.800000,0.000000,0,0,22172901,1366,21,1366,16,0,0,100
11,720,82.800000,0.000000,0,0,22172911,1366,21,1366,16,0,0,100
11,720,82.800000,0.000000,0,0,22172922,1366,20,1366,15,0,0,100
11,720,82.800000,0.000000,0,0,22172932,1365,20,1365,15,0,0,100
11,720,82.800000,0.000000,0,0,22172943,1362,20,1362,15,0,0,100
11,720,82.800000,0.000000,0,0,22172954,1356,19,1356,14,0,0,100
11,720,82.800000,0.000000,0,0,22172964,1349,18,1349,13,0,0,100
11,720,82.800000,0.000000,0,0,22172976,1343,18,1343,13,0,0,100
11,720,82.800000,0.000000,0,0,22172990,1339,18,1339,13,0,0,100
11,720,82.800000,0.000000,0,0,22173000,1338,18,1338,13,0,0,100
11,720,82.800000,0.000000,0,0,22173010,1338,18,1338,13,0,0,100
11,720,82.800000,0.000000,0,0,22173020,1338,18,1338,13,0,0,100
11,720,82.800000,0.000000,0,0,22173030,1338,18,1338,13,0,0,100
11,720,82.800000,0.000000,0,0,22173039,1338,18,1338,13,0,0,100
