11,360,50.400000,0.000000,0,0,22107510,780,0,780,0,0,0,58
11,360,50.400000,0.000000,0,0,22107511,780,0,780,0,0,0,58
11,360,50.400000,0.000000,0,0,22107522,780,0,780,0,0,0,58
11,360,50.400000,0.000000,0,0,22107531,780,0,780,0,0,0,58
11,360,50.400000,0.000000,0,0,22107541,780,0,780,0,0,0,58
11,360,50.400000,0.000000,0,0,22107554,781,0,781,0,0,0,58
11,360,50.400000,0.000000,0,0,22107565,785,0,785,-2,0,0,58
11,360,50.400000,0.000000,0,0,22107580,794,0,794,-4,0,0,58
11,360,50.400000,0.000000,0,0,22107591,814,0,814,-7,0,0,58
11,360,50.400000,0.000000,0,0,22107602,841,0,841,-10,0,0,58
11,360,50.400000,0.000000,0,0,22107612,875,0,875,-12,0,0,58
11,360,50.400000,0.000000,0,0,22107623,917,0,917,-14,0,0,58
11,360,50.400000,0.000000,0,0,22107633,958,0,958,-15,0,0,58
11,360,50.400000,0.000000,0,0,22107643,1003,0,1003,-15,0,0,58
11,360,50.400000,0.000000,0,0,22107654,1050,0,1050,-15,0,0,58
11,360,50.400000,0.000000,0,0,22107665,1080,3,1080,-12,0,0,58
11,360,50.400000,0.000000,0,0,22107676,1104,6,1104,-9,0,0,58
11,360,50.400000,0.000000,0,0,22107686,1118,8,1118,-7,0,0,58
11,360,50.400000,0.000000,0,0,22107696,1123,9,1123,-6,0,0,58
11,360,50.400000,0.000000,0,0,22107706,1124,9,1124,-6,0,0,58
11,360,50.400000,0.000000,0,0,22107716,1125,9,1125,-6,0,0,58
11,360,50.400000,0.000000,0,0,22107726,1125,9,1125,-6,0,0,58
11,360,50.400000,0.000000,0,0,22107736,1125,9,1125,-6,0,0,58
11,360,50.400000,0.000000,0,0,22107746,1125,9,1125,-6,0,0,58
11,360,50.400000,0.000000,0,0,22107757,1126,9,1126,-6,0,0,58
11,360,50.400000,0.000000,0,0,22107767,1127,9,1127,-6,0,0,58
11,360,50.400000,0.000000,0,0,22107777,1128,9,1128,-6,0,0,58
11,360,50.400000,0.000000,0,0,22107787,1130,9,1130,-6,0,0,58
11,360,50.400000,0.000000,0,0,22107797,1132,9,1132,-6,0,0,58
11,360,50.400000,0.000000,0,0,22107807,1132,9,1132,-6,0,0,58
11,360,50.400000,0.000000,0,0,22107817,1132,9,1132,-6,0,0,58
11,360,50.400000,0.000000,0,0,22107826,1132,9,1132,-6,0,0,58
11,360,50.400000,0.000000,0,0,22107836,1132,9,1132,-6,0,0,58
11,360,50.400000,0.000000,0,0,22107846,1132,9,1132,-6,0,0,58
11,360,50.400000,0.000000,0,0,22107856,1132,9,1132,-6,0,0,58
11,360,50.400000,0.000000,0,0,22107866,1132,9,1132,-6,0,0,58
11,360,50.400000,0.000000,0,0,22107877,1133,9,1133,-6,0,0,58
11,360,50.400000,0.000000,0,0,22107886,1134,9,1134,-6,0,0,58
11,360,50.400000,0.000000,0,0,22107896,1134,9,1134,-6,0,0,58
11,360,50.400000,0.000000,0,0,22107906,1134,9,1134,-6,0,0,58
11,360,50.400000,0.000000,0,0,22107916,1134,9,1134,-6,0,0,58
11,360,50.400000,0.000000,0,0,22107926,1134,9,1134,-6,0,0,58
11,360,50.400000,0.000000,0,0,22107936,1134,9,1134,-6,0,0,58
11,360,50.400000,0.000000,0,0,22107945,1134,9,1134,-6,0,0,58
11,360,50.400000,0.000000,0,0,22107955,1134,9,1134,-6,0,0,58
