11,360,82.800000,22.608000,1,1,22153648,780,22,780,22,0,0,87
11,360,82.800000,22.608000,1,1,22153648,780,22,780,22,0,0,87
11,360,82.800000,22.608000,1,1,22153658,780,22,780,22,0,0,87
11,360,82.800000,22.608000,1,1,22153668,780,21,780,21,0,0,87
11,360,82.800000,22.608000,1,1,22153678,780,20,780,20,0,0,87
11,360,82.800000,22.608000,1,1,22153688,780,20,780,20,0,0,87
11,360,82.800000,22.608000,1,1,22153698,780,20,780,20,0,0,87
11,360,82.800000,22.608000,1,1,22153710,781,17,781,17,0,0,87
11,360,82.800000,22.608000,1,1,22153720,784,15,784,15,0,0,87
11,360,82.800000,22.608000,1,1,22153734,790,12,790,12,0,0,87
11,360,82.800000,22.608000,1,1,22153745,806,8,806,8,0,0,87
11,360,82.800000,22.608000,1,1,22153756,820,6,820,6,0,0,87
11,360,82.800000,22.608000,1,1,22153772,840,3,840,3,0,0,87
11,360,82.800000,22.608000,1,1,22153787,874,0,874,-1,0,0,87
11,360,82.800000,22.608000,1,1,22153802,909,0,909,-6,0,0,87
11,360,82.800000,22.608000,1,1,22153813,945,0,945,-11,0,0,87
11,360,82.800000,22.608000,1,1,22153824,969,0,969,-13,0,0,87
11,360,82.800000,22.608000,1,1,22153834,987,0,987,-15,0,0,87
11,360,82.800000,22.608000,1,1,22153845,999,0,999,-16,0,0,87
11,360,82.800000,22.608000,1,1,22153855,1007,0,1007,-17,0,0,87
11,360,82.800000,22.608000,1,1,22153867,1011,0,1011,-17,0,0,87
11,360,82.800000,22.608000,1,1,22153876,1011,0,1011,-18,0,0,87
11,360,82.800000,22.608000,1,1,22153886,1011,0,1011,-18,0,0,87
11,360,82.800000,22.608000,1,1,22153896,1012,0,1012,-18,0,0,87
11,360,82.800000,22.608000,1,1,22153907,1013,0,1013,-18,0,0,87
11,360,82.800000,22.608000,1,1,22153917,1015,0,1015,-18,0,0,87
11,360,82.800000,22.608000,1,1,22153927,1016,0,1016,-18,0,0,87
11,360,82.800000,22.608000,1,1,22153937,1019,0,1019,-18,0,0,87
11,360,82.800000,22.608000,1,1,22153947,1022,0,1022,-18,0,0,87
11,360,82.800000,22.608000,1,1,22153957,1026,0,1026,-19,0,0,87
11,360,82.800000,22.608000,1,1,22153969,1033,0,1033,-19,0,0,87
11,360,82.800000,22.608000,1,1,22153981,1043,0,1043,-19,0,0,87
11,360,82.800000,22.608000,1,1,22153992,1054,0,1054,-19,0,0,87
11,360,82.800000,22.608000,1,1,22154002,1064,0,1064,-19,0,0,87
11,360,82.800000,22.608000,1,1,22154013,1070,0,1070,-19,0,0,87
11,360,82.800000,22.608000,1,1,22154023,1073,1,1073,-18,0,0,87
11,360,82.800000,22.608000,1,1,22154033,1073,1,1073,-18,0,0,87
11,360,82.800000,22.608000,1,1,22154042,1073,1,1073,-18,0,0,87
11,360,82.800000,22.608000,1,1,22154052,1073,1,1073,-18,0,0,87
11,360,82.800000,22.608000,1,1,22154062,1073,1,1073,-18,0,0,87
11,360,82.800000,22.608000,1,1,22154072,1073,1,1073,-18,0,0,87
11,360,82.800000,22.608000,1,1,22154082,1074,1,1074,-18,0,0,87
11,360,82.800000,22.608000,1,1,22154092,1075,1,1075,-18,0,0,87
11,360,82.800000,22.608000,1,1,22154102,1079,1,1079,-18,0,0,87
11,360,82.800000,22.608000,1,1,22154115,1085,1,1085,-18,0,0,87
11,360,82.800000,22.608000,1,1,22154125,1094,1,1094,-18,0,0,87
11,360,82.800000,22.608000,1,1,22154136,1103,1,1103,-18,0,0,87
11,360,82.800000,22.608000,1,1,22154147,1110,1,1110,-18,0,0,87
11,360,82.800000,22.608000,1,1,22154158,1115,1,1115,-18,0,0,87
11,360,82.800000,22.608000,1,1,22154168,1119,1,1119,-18,0,0,87
11,360,82.800000,22.608000,1,1,22154177,1121,1,1121,-18,0,0,87
11,360,82.800000,22.608000,1,1,22154187,1123,1,1123,-18,0,0,87
11,360,82.800000,22.608000,1,1,22154196,1123,1,1123,-18,0,0,87
11,360,82.800000,22.608000,1,1,22154206,1123,1,1123,-18,0,0,87
11,360,82.800000,22.608000,1,1,22154216,1123,1,1123,-18,0,0,87
11,360,82.800000,22.608000,1,1,22154225,1123,1,1123,-18,0,0,87
11,360,82.800000,22.608000,1,1,22154235,1123,1,1123,-18,0,0,87
11,360,82.800000,22.608000,1,1,22154244,1123,1,1123,-18,0,0,87
