11,720,82.800000,12.276000,0,0,22083170,600,0,600,0,0,0,41
11,720,82.800000,12.276000,0,0,22083171,600,0,600,0,0,0,41
11,720,82.800000,12.276000,0,0,22083181,600,0,600,0,0,0,41
11,720,82.800000,12.276000,0,0,22083191,600,0,600,0,0,0,41
11,720,82.800000,12.276000,0,0,22083201,600,0,600,0,0,0,41
11,720,82.800000,12.276000,0,0,22083210,600,0,600,0,0,0,41
11,720,82.800000,12.276000,0,0,22083220,600,0,600,0,0,0,41
11,720,82.800000,12.276000,0,0,22083229,600,0,600,0,0,0,41
11,720,82.800000,12.276000,0,0,22083240,600,0,600,0,0,0,41
11,720,82.800000,12.276000,0,0,22083250,600,0,600,0,0,0,41
11,720,82.800000,12.276000,0,0,22083262,601,0,601,0,0,0,41
11,720,82.800000,12.276000,0,0,22083274,607,0,607,-1,0,0,41
11,720,82.800000,12.276000,0,0,22083284,622,0,622,-2,0,0,41
11,720,82.800000,12.276000,0,0,22083296,648,0,648,-2,0,0,41
11,720,82.800000,12.276000,0,0,22083307,682,2,682,0,0,0,41
11,720,82.800000,12.276000,0,0,22083323,738,6,738,4,0,0,41
11,720,82.800000,12.276000,0,0,22083338,831,10,831,8,0,0,41
11,720,82.800000,12.276000,0,0,22083348,924,16,924,14,0,0,41
11,720,82.800000,12.276000,0,0,22083360,989,21,989,19,0,0,41
11,720,82.800000,12.276000,0,0,22083371,1065,26,1065,24,0,0,41
11,720,82.800000,12.276000,0,0,22083382,1120,28,1120,26,0,0,41
11,720,82.800000,12.276000,0,0,22083392,1160,29,1160,27,0,0,41
11,720,82.800000,12.276000,0,0,22083403,1185,29,1185,27,0,0,41
11,720,82.800000,12.276000,0,0,22083414,1201,29,1201,27,0,0,41
11,720,82.800000,12.276000,0,0,22083424,1212,29,1212,27,0,0,41
11,720,82.800000,12.276000,0,0,22083435,1218,28,1218,26,0,0,41
11,720,82.800000,12.276000,0,0,22083445,1219,27,1219,25,0,0,41
11,720,82.800000,12.276000,0,0,22083455,1220,27,1220,25,0,0,41
11,720,82.800000,12.276000,0,0,22083465,1221,26,1221,24,0,0,41
11,720,82.800000,12.276000,0,0,22083475,1222,25,1222,23,0,0,41
11,720,82.800000,12.276000,0,0,22083485,1223,25,1223,23,0,0,41
11,720,82.800000,12.276000,0,0,22083495,1224,25,1224,23,0,0,41
11,720,82.800000,12.276000,0,0,22083506,1225,25,1225,23,0,0,41
11,720,82.800000,12.276000,0,0,22083518,1229,24,1229,22,0,0,41
11,720,82.800000,12.276000,0,0,22083530,1236,24,1236,22,0,0,41
11,720,82.800000,12.276000,0,0,22083541,1246,24,1246,22,0,0,41
11,720,82.800000,12.276000,0,0,22083556,1256,24,1256,22,0,0,41
11,720,82.800000,12.276000,0,0,22083567,1265,23,1265,21,0,0,41
11,720,82.800000,12.276000,0,0,22083576,1267,23,1267,21,0,0,41
11,720,82.800000,12.276000,0,0,22083586,1267,22,1267,20,0,0,41
11,720,82.800000,12.276000,0,0,22083596,1267,22,1267,20,0,0,41
11,720,82.800000,12.276000,0,0,22083606,1267,22,1267,20,0,0,41
11,720,82.800000,12.276000,0,0,22083615,1267,22,1267,20,0,0,41
11,720,82.800000,12.276000,0,0,22083626,1268,22,1268,20,0,0,41
11,720,82.800000,12.276000,0,0,22083637,1269,21,1269,19,0,0,41
11,720,82.800000,12.276000,0,0,22083647,1272,20,1272,18,0,0,41
11,720,82.800000,12.276000,0,0,22083659,1276,18,1276,16,0,0,41
11,720,82.800000,12.276000,0,0,22083670,1282,17,1282,15,0,0,41
11,720,82.800000,12.276000,0,0,22083682,1289,14,1289,12,0,0,41
11,720,82.800000,12.276000,0,0,22083693,1297,11,1297,9,0,0,41
11,720,82.800000,12.276000,0,0,22083703,1302,8,1302,6,0,0,41
11,720,82.800000,12.276000,0,0,22083714,1305,6,1305,4,0,0,41
11,720,82.800000,12.276000,0,0,22083723,1306,5,1306,3,0,0,41
11,720,82.800000,12.276000,0,0,22083733,1307,4,1307,2,0,0,41
11,720,82.800000,12.276000,0,0,22083742,1307,4,1307,2,0,0,41
11,720,82.800000,12.276000,0,0,22083752,1307,4,1307,2,0,0,41
11,720,82.800000,12.276000,0,0,22083762,1307,4,1307,2,0,0,41
11,720,82.800000,12.276000,0,0,22083772,1307,3,1307,1,0,0,41
11,720,82.800000,12.276000,0,0,22083782,1307,3,1307,1,0,0,41
