11,360,21.600000,42.984000,0,1,22183799,780,22,780,22,0,0,108
11,360,21.600000,42.984000,0,1,22183800,780,22,780,22,0,0,108
11,360,21.600000,42.984000,0,1,22183810,780,22,780,22,0,0,108
11,360,21.600000,42.984000,0,1,22183820,780,22,780,22,0,0,108
11,360,21.600000,42.984000,0,1,22183830,780,22,780,22,0,0,108
11,360,21.600000,42.984000,0,1,22183842,782,20,782,20,0,0,108
11,360,21.600000,42.984000,0,1,22183853,788,19,788,19,0,0,108
11,360,21.600000,42.984000,0,1,22183867,799,18,799,18,0,0,108
11,360,21.600000,42.984000,0,1,22183877,827,16,827,16,0,0,108
11,360,21.600000,42.984000,0,1,22183890,861,16,861,16,0,0,108
11,360,21.600000,42.984000,0,1,22183902,905,16,905,16,0,0,108
11,360,21.600000,42.984000,0,1,22183912,961,16,961,16,0,0,108
11,360,21.600000,42.984000,0,1,22183929,1018,16,1018,16,0,0,108
11,360,21.600000,42.984000,0,1,22183939,1092,16,1092,16,0,0,108
11,360,21.600000,42.984000,0,1,22183950,1127,15,1127,15,0,0,108
11,360,21.600000,42.984000,0,1,22183961,1152,14,1152,14,0,0,108
11,360,21.600000,42.984000,0,1,22183972,1163,13,1163,13,0,0,108
11,360,21.600000,42.984000,0,1,22183983,1167,12,1167,12,0,0,108
11,360,21.600000,42.984000,0,1,22183993,1168,12,1168,12,0,0,108
11,360,21.600000,42.984000,0,1,22184003,1168,12,1168,12,0,0,108
11,360,21.600000,42.984000,0,1,22184012,1168,12,1168,12,0,0,108
11,360,21.600000,42.984000,0,1,22184022,1168,12,1168,12,0,0,108
11,360,21.600000,42.984000,0,1,22184032,1168,12,1168,12,0,0,108
11,360,21.600000,42.984000,0,1,22184042,1168,12,1168,12,0,0,108
11,360,21.600000,42.984000,0,1,22184054,1168,12,1168,12,0,0,108
11,360,21.600000,42.984000,0,1,22184065,1168,12,1168,12,0,0,108
11,360,21.600000,42.984000,0,1,22184077,1168,12,1168,12,0,0,108
11,360,21.600000,42.984000,0,1,22184088,1168,12,1168,12,0,0,108
11,360,21.600000,42.984000,0,1,22184097,1168,12,1168,12,0,0,108
11,360,21.600000,42.984000,0,1,22184107,1168,12,1168,12,0,0,108
11,360,21.600000,42.984000,0,1,22184116,1168,12,1168,12,0,0,108
11,360,21.600000,42.984000,0,1,22184126,1168,12,1168,12,0,0,108
11,360,21.600000,42.984000,0,1,22184135,1168,12,1168,12,0,0,108
11,360,21.600000,42.984000,0,1,22184146,1168,12,1168,12,0,0,108
11,360,21.600000,42.984000,0,1,22184156,1165,12,1165,12,0,0,108
11,360,21.600000,42.984000,0,1,22184167,1159,12,1159,12,0,0,108
11,360,21.600000,42.984000,0,1,22184178,1151,12,1151,12,0,0,108
11,360,21.600000,42.984000,0,1,22184189,1144,12,1144,12,0,0,108
11,360,21.600000,42.984000,0,1,22184199,1140,12,1140,12,0,0,108
11,360,21.600000,42.984000,0,1,22184209,1139,12,1139,12,0,0,108
11,360,21.600000,42.984000,0,1,22184220,1139,12,1139,12,0,0,108
11,360,21.600000,42.984000,0,1,22184230,1139,12,1139,12,0,0,108
11,360,21.600000,42.984000,0,1,22184240,1139,12,1139,12,0,0,108
11,360,21.600000,42.984000,0,1,22184250,1139,11,1139,11,0,0,108
11,360,21.600000,42.984000,0,1,22184260,1139,11,1139,11,0,0,108
11,360,21.600000,42.984000,0,1,22184269,1139,11,1139,11,0,0,108
11,360,21.600000,42.984000,0,1,22184279,1139,11,1139,11,0,0,108
11,360,21.600000,42.984000,0,1,22184290,1139,11,1139,11,0,0,108
11,360,21.600000,42.984000,0,1,22184300,1139,11,1139,11,0,0,108
11,360,21.600000,42.984000,0,1,22184310,1139,11,1139,11,0,0,108
11,360,21.600000,42.984000,0,1,22184319,1139,11,1139,11,0,0,108
11,360,21.600000,42.984000,0,1,22184329,1139,11,1139,11,0,0,108
11,360,21.600000,42.984000,0,1,22184338,1139,11,1139,11,0,0,108
