11,720,50.400000,0.000000,0,0,22177728,600,0,600,0,0,0,104
11,720,50.400000,0.000000,0,0,22177728,600,0,600,0,0,0,104
11,720,50.400000,0.000000,0,0,22177739,600,0,600,0,0,0,104
11,720,50.400000,0.000000,0,0,22177749,600,0,600,0,0,0,104
11,720,50.400000,0.000000,0,0,22177759,600,0,600,0,0,0,104
11,720,50.400000,0.000000,0,0,22177770,600,0,600,0,0,0,104
11,720,50.400000,0.000000,0,0,22177780,600,0,600,0,0,0,104
11,720,50.400000,0.000000,0,0,22177791,600,0,600,0,0,0,104
11,720,50.400000,0.000000,0,0,22177803,601,0,601,-1,0,0,104
11,720,50.400000,0.000000,0,0,22177814,604,0,604,-2,0,0,104
11,720,50.400000,0.000000,0,0,22177825,611,0,611,-2,0,0,104
11,720,50.400000,0.000000,0,0,22177836,623,0,623,-2,0,0,104
11,720,50.400000,0.000000,0,0,22177848,644,3,644,1,0,0,104
11,720,50.400000,0.000000,0,0,22177859,686,6,686,4,0,0,104
11,720,50.400000,0.000000,0,0,22177875,742,8,742,6,0,0,104
11,720,50.400000,0.000000,0,0,22177886,854,11,854,9,0,0,104
11,720,50.400000,0.000000,0,0,22177896,940,13,940,11,0,0,104
11,720,50.400000,0.000000,0,0,22177908,1026,15,1026,13,0,0,104
11,720,50.400000,0.000000,0,0,22177919,1115,17,1115,15,0,0,104
11,720,50.400000,0.000000,0,0,22177929,1186,18,1186,16,0,0,104
11,720,50.400000,0.000000,0,0,22177940,1253,19,1253,17,0,0,104
11,720,50.400000,0.000000,0,0,22177951,1301,19,1301,17,0,0,104
11,720,50.400000,0.000000,0,0,22177961,1333,20,1333,18,0,0,104
11,720,50.400000,0.000000,0,0,22177972,1353,20,1353,18,0,0,104
11,720,50.400000,0.000000,0,0,22177983,1363,19,1363,17,0,0,104
11,720,50.400000,0.000000,0,0,22177995,1368,17,1368,15,0,0,104
11,720,50.400000,0.000000,0,0,22178005,1370,16,1370,14,0,0,104
11,720,50.400000,0.000000,0,0,22178015,1370,16,1370,14,0,0,104
11,720,50.400000,0.000000,0,0,22178025,1370,16,1370,14,0,0,104
11,720,50.400000,0.000000,0,0,22178034,1370,16,1370,14,0,0,104
11,720,50.400000,0.000000,0,0,22178046,1371,16,1371,14,0,0,104
11,720,50.400000,0.000000,0,0,22178056,1371,16,1371,14,0,0,104
11,720,50.400000,0.000000,0,0,22178067,1372,15,1372,13,0,0,104
11,720,50.400000,0.000000,0,0,22178077,1373,15,1373,13,0,0,104
11,720,50.400000,0.000000,0,0,22178087,1373,14,1373,12,0,0,104
11,720,50.400000,0.000000,0,0,22178096,1373,14,1373,12,0,0,104
11,720,50.400000,0.000000,0,0,22178106,1373,14,1373,12,0,0,104
11,720,50.400000,0.000000,0,0,22178115,1373,14,1373,12,0,0,104
11,720,50.400000,0.000000,0,0,22178125,1373,14,1373,12,0,0,104
11,720,50.400000,0.000000,0,0,22178135,1373,14,1373,12,0,0,104
11,720,50.400000,0.000000,0,0,22178145,1373,14,1373,12,0,0,104
11,720,50.400000,0.000000,0,0,22178154,1373,14,1373,12,0,0,104
11,720,50.400000,0.000000,0,0,22178165,1373,14,1373,12,0,0,104
11,720,50.400000,0.000000,0,0,22178177,1368,14,1368,12,0,0,104
11,720,50.400000,0.000000,0,0,22178188,1360,14,1360,12,0,0,104
11,720,50.400000,0.000000,0,0,22178199,1351,14,1351,12,0,0,104
11,720,50.400000,0.000000,0,0,22178210,1343,14,1343,12,0,0,104
11,720,50.400000,0.000000,0,0,22178220,1338,13,1338,11,0,0,104
11,720,50.400000,0.000000,0,0,22178230,1336,13,1336,11,0,0,104
11,720,50.400000,0.000000,0,0,22178240,1336,13,1336,11,0,0,104
11,720,50.400000,0.000000,0,0,22178250,1336,13,1336,11,0,0,104
11,720,50.400000,0.000000,0,0,22178260,1336,13,1336,11,0,0,104
11,720,50.400000,0.000000,0,0,22178270,1336,13,1336,11,0,0,104
11,720,50.400000,0.000000,0,0,22178281,1336,13,1336,11,0,0,104
11,720,50.400000,0.000000,0,0,22178291,1336,13,1336,11,0,0,104
11,720,50.400000,0.000000,0,0,22178301,1336,13,1336,11,0,0,104
11,720,50.400000,0.000000,0,0,22178311,1336,13,1336,11,0,0,104
11,720,50.400000,0.000000,0,0,22178320,1336,13,1336,11,0,0,104
11,720,50.400000,0.000000,0,0,22178330,1336,13,1336,11,0,0,104
11,720,50.400000,0.000000,0,0,22178340,1336,13,1336,11,0,0,104
11,720,50.400000,0.000000,0,0,22178350,1336,13,1336,11,0,0,104
11,720,50.400000,0.000000,0,0,22178360,1336,13,1336,11,0,0,104
11,720,50.400000,0.000000,0,0,22178369,1336,13,1336,11,0,0,104
