11,720,82.800000,22.608000,1,1,22068738,600,22,600,22,0,0,32
11,720,82.800000,22.608000,1,1,22068738,600,22,600,22,0,0,32
11,720,82.800000,22.608000,1,1,22068748,600,22,600,22,0,0,32
11,720,82.800000,22.608000,1,1,22068762,600,22,600,22,0,0,32
11,720,82.800000,22.608000,1,1,22068772,600,22,600,22,0,0,32
11,720,82.800000,22.608000,1,1,22068783,600,22,600,22,0,0,32
11,720,82.800000,22.608000,1,1,22068794,601,21,601,21,0,0,32
11,720,82.800000,22.608000,1,1,22068810,603,20,603,20,0,0,32
11,720,82.800000,22.608000,1,1,22068827,614,18,614,18,0,0,32
11,720,82.800000,22.608000,1,1,22068841,649,14,649,14,0,0,32
11,720,82.800000,22.608000,1,1,22068853,693,9,693,9,0,0,32
11,720,82.800000,22.608000,1,1,22068864,766,7,766,7,0,0,32
11,720,82.800000,22.608000,1,1,22068874,848,4,848,4,0,0,32
11,720,82.800000,22.608000,1,1,22068884,938,3,938,3,0,0,32
11,720,82.800000,22.608000,1,1,22068895,1036,2,1036,2,0,0,32
11,720,82.800000,22.608000,1,1,22068906,1113,3,1113,3,0,0,32
11,720,82.800000,22.608000,1,1,22068918,1186,8,1186,8,0,0,32
11,720,82.800000,22.608000,1,1,22068929,1245,14,1245,14,0,0,32
11,720,82.800000,22.608000,1,1,22068939,1293,19,1293,19,0,0,32
11,720,82.800000,22.608000,1,1,22068950,1323,22,1323,22,0,0,32
11,720,82.800000,22.608000,1,1,22068960,1340,22,1340,22,0,0,32
11,720,82.800000,22.608000,1,1,22068971,1351,22,1351,22,0,0,32
11,720,82.800000,22.608000,1,1,22068982,1356,22,1356,22,0,0,32
11,720,82.800000,22.608000,1,1,22068992,1358,21,1358,21,0,0,32
11,720,82.800000,22.608000,1,1,22069003,1359,20,1359,20,0,0,32
11,720,82.800000,22.608000,1,1,22069013,1360,19,1360,19,0,0,32
11,720,82.800000,22.608000,1,1,22069023,1361,18,1361,18,0,0,32
11,720,82.800000,22.608000,1,1,22069033,1361,18,1361,18,0,0,32
11,720,82.800000,22.608000,1,1,22069043,1361,18,1361,18,0,0,32
11,720,82.800000,22.608000,1,1,22069055,1362,18,1362,18,0,0,32
11,720,82.800000,22.608000,1,1,22069066,1366,18,1366,18,0,0,32
11,720,82.800000,22.608000,1,1,22069076,1372,18,1372,18,0,0,32
11,720,82.800000,22.608000,1,1,22069087,1379,18,1379,18,0,0,32
11,720,82.800000,22.608000,1,1,22069097,1387,18,1387,18,0,0,32
11,720,82.800000,22.608000,1,1,22069107,1393,18,1393,18,0,0,32
11,720,82.800000,22.608000,1,1,22069117,1396,18,1396,18,0,0,32
11,720,82.800000,22.608000,1,1,22069127,1397,18,1397,18,0,0,32
11,720,82.800000,22.608000,1,1,22069136,1397,18,1397,18,0,0,32
11,720,82.800000,22.608000,1,1,22069146,1397,18,1397,18,0,0,32
11,720,82.800000,22.608000,1,1,22069156,1397,18,1397,18,0,0,32
11,720,82.800000,22.608000,1,1,22069166,1397,18,1397,18,0,0,32
11,720,82.800000,22.608000,1,1,22069177,1397,18,1397,18,0,0,32
11,720,82.800000,22.608000,1,1,22069189,1395,18,1395,18,0,0,32
11,720,82.800000,22.608000,1,1,22069202,1391,18,1391,18,0,0,32
11,720,82.800000,22.608000,1,1,22069213,1384,19,1384,19,0,0,32
11,720,82.800000,22.608000,1,1,22069224,1377,19,1377,19,0,0,32
11,720,82.800000,22.608000,1,1,22069235,1370,18,1370,18,0,0,32
11,720,82.800000,22.608000,1,1,22069247,1364,17,1364,17,0,0,32
11,720,82.800000,22.608000,1,1,22069258,1359,15,1359,15,0,0,32
11,720,82.800000,22.608000,1,1,22069268,1355,14,1355,14,0,0,32
11,720,82.800000,22.608000,1,1,22069279,1351,13,1351,13,0,0,32
11,720,82.800000,22.608000,1,1,22069289,1347,12,1347,12,0,0,32
11,720,82.800000,22.608000,1,1,22069300,1343,12,1343,12,0,0,32
11,720,82.800000,22.608000,1,1,22069311,1340,11,1340,11,0,0,32
11,720,82.800000,22.608000,1,1,22069326,1337,10,1337,10,0,0,32
11,720,82.800000,22.608000,1,1,22069341,1334,9,1334,9,0,0,32
11,720,82.800000,22.608000,1,1,22069351,1330,8,1330,8,0,0,32
11,720,82.800000,22.608000,1,1,22069362,1326,7,1326,7,0,0,32
11,720,82.800000,22.608000,1,1,22069372,1323,6,1323,6,0,0,32
11,720,82.800000,22.608000,1,1,22069382,1321,5,1321,5,0,0,32
11,720,82.800000,22.608000,1,1,22069392,1321,4,1321,4,0,0,32
11,720,82.800000,22.608000,1,1,22069401,1321,4,1321,4,0,0,32
11,720,82.800000,22.608000,1,1,22069412,1321,4,1321,4,0,0,32
11,720,82.800000,22.608000,1,1,22069421,1321,4,1321,4,0,0,32
