11,720,82.800000,12.276000,0,1,22029940,600,22,600,22,0,0,7
11,720,82.800000,12.276000,0,1,22029941,600,22,600,22,0,0,7
11,720,82.800000,12.276000,0,1,22029951,600,22,600,22,0,0,7
11,720,82.800000,12.276000,0,1,22029961,600,22,600,22,0,0,7
11,720,82.800000,12.276000,0,1,22029970,600,22,600,22,0,0,7
11,720,82.800000,12.276000,0,1,22029980,600,22,600,22,0,0,7
11,720,82.800000,12.276000,0,1,22029989,600,22,600,22,0,0,7
11,720,82.800000,12.276000,0,1,22029999,600,22,600,22,0,0,7
11,720,82.800000,12.276000,0,1,22030009,600,22,600,22,0,0,7
11,720,82.800000,12.276000,0,1,22030019,600,22,600,22,0,0,7
11,720,82.800000,12.276000,0,1,22030034,600,22,600,22,0,0,7
11,720,82.800000,12.276000,0,1,22030050,602,22,602,22,0,0,7
11,720,82.800000,12.276000,0,1,22030062,613,21,613,21,0,0,7
11,720,82.800000,12.276000,0,1,22030072,626,20,626,20,0,0,7
11,720,82.800000,12.276000,0,1,22030083,648,19,648,19,0,0,7
11,720,82.800000,12.276000,0,1,22030097,676,18,676,18,0,0,7
11,720,82.800000,12.276000,0,1,22030107,731,16,731,16,0,0,7
11,720,82.800000,12.276000,0,1,22030118,786,14,786,14,0,0,7
11,720,82.800000,12.276000,0,1,22030129,860,12,860,12,0,0,7
11,720,82.800000,12.276000,0,1,22030140,939,10,939,10,0,0,7
11,720,82.800000,12.276000,0,1,22030152,1007,8,1007,8,0,0,7
11,720,82.800000,12.276000,0,1,22030163,1070,4,1070,4,0,0,7
11,720,82.800000,12.276000,0,1,22030174,1108,0,1108,0,0,0,7
11,720,82.800000,12.276000,0,1,22030185,1136,0,1136,-4,0,0,7
11,720,82.800000,12.276000,0,1,22030196,1158,0,1158,-7,0,0,7
11,720,82.800000,12.276000,0,1,22030207,1173,0,1173,-11,0,0,7
11,720,82.800000,12.276000,0,1,22030219,1181,0,1181,-14,0,0,7
11,720,82.800000,12.276000,0,1,22030229,1188,0,1188,-17,0,0,7
11,720,82.800000,12.276000,0,1,22030240,1195,0,1195,-20,0,0,7
11,720,82.800000,12.276000,0,1,22030253,1203,0,1203,-22,0,0,7
11,720,82.800000,12.276000,0,1,22030265,1212,0,1212,-25,0,0,7
11,720,82.800000,12.276000,0,1,22030276,1218,0,1218,-26,0,0,7
11,720,82.800000,12.276000,0,1,22030286,1224,0,1224,-27,0,0,7
11,720,82.800000,12.276000,0,1,22030302,1233,0,1233,-28,0,0,7
11,720,82.800000,12.276000,0,1,22030319,1251,0,1251,-29,0,0,7
11,720,82.800000,12.276000,0,1,22030334,1271,0,1271,-29,0,0,7
11,720,82.800000,12.276000,0,1,22030349,1283,0,1283,-30,0,0,7
11,720,82.800000,12.276000,0,1,22030360,1290,0,1290,-31,0,0,7
11,720,82.800000,12.276000,0,1,22030370,1291,0,1291,-31,0,0,7
11,720,82.800000,12.276000,0,1,22030379,1292,0,1292,-31,0,0,7
11,720,82.800000,12.276000,0,1,22030389,1292,0,1292,-31,0,0,7
11,720,82.800000,12.276000,0,1,22030400,1292,0,1292,-31,0,0,7
11,720,82.800000,12.276000,0,1,22030409,1292,0,1292,-31,0,0,7
11,720,82.800000,12.276000,0,1,22030423,1293,0,1293,-31,0,0,7
11,720,82.800000,12.276000,0,1,22030434,1296,0,1296,-32,0,0,7
11,720,82.800000,12.276000,0,1,22030449,1297,0,1297,-32,0,0,7
11,720,82.800000,12.276000,0,1,22030459,1297,0,1297,-32,0,0,7
11,720,82.800000,12.276000,0,1,22030470,1297,0,1297,-32,0,0,7
11,720,82.800000,12.276000,0,1,22030480,1297,0,1297,-32,0,0,7
11,720,82.800000,12.276000,0,1,22030489,1297,0,1297,-32,0,0,7
11,720,82.800000,12.276000,0,1,22030499,1297,0,1297,-32,0,0,7
11,720,82.800000,12.276000,0,1,22030509,1297,0,1297,-32,0,0,7
11,720,82.800000,12.276000,0,1,22030524,1297,0,1297,-32,0,0,7
11,720,82.800000,12.276000,0,1,22030534,1299,0,1299,-32,0,0,7
11,720,82.800000,12.276000,0,1,22030544,1299,0,1299,-32,0,0,7
11,720,82.800000,12.276000,0,1,22030554,1299,0,1299,-32,0,0,7
11,720,82.800000,12.276000,0,1,22030564,1299,0,1299,-32,0,0,7
11,720,82.800000,12.276000,0,1,22030574,1299,0,1299,-32,0,0,7
