11,720,82.800000,0.000000,1,1,22139327,600,22,600,22,0,0,78
11,720,82.800000,0.000000,1,1,22139328,600,22,600,22,0,0,78
11,720,82.800000,0.000000,1,1,22139338,600,22,600,22,0,0,78
11,720,82.800000,0.000000,1,1,22139347,600,22,600,22,0,0,78
11,720,82.800000,0.000000,1,1,22139357,600,22,600,22,0,0,78
11,720,82.800000,0.000000,1,1,22139367,600,22,600,22,0,0,78
11,720,82.800000,0.000000,1,1,22139377,600,22,600,22,0,0,78
11,720,82.800000,0.000000,1,1,22139388,601,21,601,21,0,0,78
11,720,82.800000,0.000000,1,1,22139399,607,19,607,19,0,0,78
11,720,82.800000,0.000000,1,1,22139410,616,18,616,18,0,0,78
11,720,82.800000,0.000000,1,1,22139421,635,16,635,16,0,0,78
11,720,82.800000,0.000000,1,1,22139433,663,14,663,14,0,0,78
11,720,82.800000,0.000000,1,1,22139444,715,10,715,10,0,0,78
11,720,82.800000,0.000000,1,1,22139459,765,5,765,5,0,0,78
11,720,82.800000,0.000000,1,1,22139474,850,0,850,-4,0,0,78
11,720,82.800000,0.000000,1,1,22139489,943,0,943,-11,0,0,78
11,720,82.800000,0.000000,1,1,22139500,1030,0,1030,-17,0,0,78
11,720,82.800000,0.000000,1,1,22139511,1084,0,1084,-21,0,0,78
11,720,82.800000,0.000000,1,1,22139523,1112,0,1112,-25,0,0,78
11,720,82.800000,0.000000,1,1,22139534,1133,0,1133,-28,0,0,78
11,720,82.800000,0.000000,1,1,22139544,1147,0,1147,-31,0,0,78
11,720,82.800000,0.000000,1,1,22139554,1155,0,1155,-32,0,0,78
11,720,82.800000,0.000000,1,1,22139565,1160,0,1160,-34,0,0,78
11,720,82.800000,0.000000,1,1,22139575,1161,0,1161,-35,0,0,78
11,720,82.800000,0.000000,1,1,22139584,1162,0,1162,-36,0,0,78
11,720,82.800000,0.000000,1,1,22139595,1163,0,1163,-37,0,0,78
11,720,82.800000,0.000000,1,1,22139605,1163,0,1163,-37,0,0,78
11,720,82.800000,0.000000,1,1,22139615,1163,0,1163,-37,0,0,78
11,720,82.800000,0.000000,1,1,22139625,1163,0,1163,-37,0,0,78
11,720,82.800000,0.000000,1,1,22139634,1163,0,1163,-37,0,0,78
11,720,82.800000,0.000000,1,1,22139644,1163,0,1163,-37,0,0,78
11,720,82.800000,0.000000,1,1,22139655,1163,0,1163,-37,0,0,78
11,720,82.800000,0.000000,1,1,22139668,1165,0,1165,-37,0,0,78
11,720,82.800000,0.000000,1,1,22139679,1168,0,1168,-38,0,0,78
11,720,82.800000,0.000000,1,1,22139695,1171,0,1171,-39,0,0,78
11,720,82.800000,0.000000,1,1,22139704,1175,0,1175,-40,0,0,78
11,720,82.800000,0.000000,1,1,22139715,1177,0,1177,-41,0,0,78
11,720,82.800000,0.000000,1,1,22139726,1178,0,1178,-41,0,0,78
11,720,82.800000,0.000000,1,1,22139742,1181,0,1181,-42,0,0,78
11,720,82.800000,0.000000,1,1,22139757,1197,0,1197,-43,0,0,78
11,720,82.800000,0.000000,1,1,22139773,1227,0,1227,-44,0,0,78
11,720,82.800000,0.000000,1,1,22139784,1260,0,1260,-44,0,0,78
11,720,82.800000,0.000000,1,1,22139794,1287,0,1287,-44,0,0,78
11,720,82.800000,0.000000,1,1,22139805,1309,0,1309,-44,0,0,78
11,720,82.800000,0.000000,1,1,22139820,1327,0,1327,-44,0,0,78
11,720,82.800000,0.000000,1,1,22139836,1344,0,1344,-46,0,0,78
11,720,82.800000,0.000000,1,1,22139846,1355,0,1355,-47,0,0,78
11,720,82.800000,0.000000,1,1,22139857,1357,0,1357,-48,0,0,78
11,720,82.800000,0.000000,1,1,22139867,1357,0,1357,-48,0,0,78
11,720,82.800000,0.000000,1,1,22139876,1357,0,1357,-48,0,0,78
11,720,82.800000,0.000000,1,1,22139886,1357,0,1357,-48,0,0,78
11,720,82.800000,0.000000,1,1,22139896,1357,0,1357,-48,0,0,78
11,720,82.800000,0.000000,1,1,22139905,1357,0,1357,-48,0,0,78
11,720,82.800000,0.000000,1,1,22139915,1357,0,1357,-48,0,0,78
11,720,82.800000,0.000000,1,1,22139924,1357,0,1357,-48,0,0,78
11,720,82.800000,0.000000,1,1,22139934,1357,0,1357,-48,0,0,78
11,720,82.800000,0.000000,1,1,22139943,1357,0,1357,-48,0,0,78
11,720,82.800000,0.000000,1,1,22139953,1357,0,1357,-48,0,0,78
11,720,82.800000,0.000000,1,1,22139963,1357,0,1357,-48,0,0,78
11,720,82.800000,0.000000,1,1,22139972,1357,0,1357,-48,0,0,78
11,720,82.800000,0.000000,1,1,22139983,1357,0,1357,-48,0,0,78
11,720,82.800000,0.000000,1,1,22139993,1357,0,1357,-48,0,0,78
11,720,82.800000,0.000000,1,1,22140002,1357,0,1357,-48,0,0,78
11,720,82.800000,0.000000,1,1,22140011,1357,0,1357,-48,0,0,78
11,720,82.800000,0.000000,1,1,22140021,1357,0,1357,-48,0,0,78
11,720,82.800000,0.000000,1,1,22140031,1357,0,1357,-48,0,0,78
11,720,82.800000,0.000000,1,1,22140041,1357,0,1357,-48,0,0,78
11,720,82.800000,0.000000,1,1,22140050,1357,0,1357,-48,0,0,78
11,720,82.800000,0.000000,1,1,22140060,1357,0,1357,-48,0,0,78
11,720,82.800000,0.000000,1,1,22140070,1357,0,1357,-48,0,0,78
11,720,82.800000,0.000000,1,1,22140081,1357,0,1357,-48,0,0,78
11,720,82.800000,0.000000,1,1,22140091,1357,0,1357,-48,0,0,78
11,720,82.800000,0.000000,1,1,22140101,1357,0,1357,-48,0,0,78
11,720,82.800000,0.000000,1,1,22140111,1357,0,1357,-48,0,0,78
11,720,82.800000,0.000000,1,1,22140121,1357,0,1357,-48,0,0,78
11,720,82.800000,0.000000,1,1,22140131,1357,0,1357,-48,0,0,78
11,720,82.800000,0.000000,1,1,22140141,1356,0,1356,-48,0,0,78
11,720,82.800000,0.000000,1,1,22140153,1354,0,1354,-48,0,0,78
11,720,82.800000,0.000000,1,1,22140164,1350,1,1350,-47,0,0,78
11,720,82.800000,0.000000,1,1,22140174,1345,2,1345,-46,0,0,78
11,720,82.800000,0.000000,1,1,22140186,1341,3,1341,-45,0,0,78
11,720,82.800000,0.000000,1,1,22140200,1338,4,1338,-44,0,0,78
11,720,82.800000,0.000000,1,1,22140210,1337,4,1337,-44,0,0,78
11,720,82.800000,0.000000,1,1,22140221,1336,4,1336,-44,0,0,78
11,720,82.800000,0.000000,1,1,22140230,1336,4,1336,-44,0,0,78
11,720,82.800000,0.000000,1,1,22140240,1336,4,1336,-44,0,0,78
11,720,82.800000,0.000000,1,1,22140250,1336,4,1336,-44,0,0,78
11,720,82.800000,0.000000,1,1,22140259,1336,4,1336,-44,0,0,78
11,720,82.800000,0.000000,1,1,22140269,1336,4,1336,-44,0,0,78
11,720,82.800000,0.000000,1,1,22140279,1336,4,1336,-44,0,0,78
11,720,82.800000,0.000000,1,1,22140289,1336,4,1336,-44,0,0,78
11,720,82.800000,0.000000,1,1,22140300,1336,4,1336,-44,0,0,78
11,720,82.800000,0.000000,1,1,22140310,1336,4,1336,-44,0,0,78
11,720,82.800000,0.000000,1,1,22140319,1336,4,1336,-44,0,0,78
11,720,82.800000,0.000000,1,1,22140329,1336,4,1336,-44,0,0,78
11,720,82.800000,0.000000,1,1,22140339,1336,4,1336,-44,0,0,78
