11,360,82.800000,42.984000,1,1,22031509,780,22,780,22,0,0,8
11,360,82.800000,42.984000,1,1,22031509,780,22,780,22,0,0,8
11,360,82.800000,42.984000,1,1,22031519,780,22,780,22,0,0,8
11,360,82.800000,42.984000,1,1,22031529,780,22,780,22,0,0,8
11,360,82.800000,42.984000,1,1,22031539,780,22,780,22,0,0,8
11,360,82.800000,42.984000,1,1,22031549,780,22,780,22,0,0,8
11,360,82.800000,42.984000,1,1,22031563,780,22,780,22,0,0,8
11,360,82.800000,42.984000,1,1,22031573,780,22,780,22,0,0,8
11,360,82.800000,42.984000,1,1,22031583,780,22,780,22,0,0,8
11,360,82.800000,42.984000,1,1,22031595,782,21,782,21,0,0,8
11,360,82.800000,42.984000,1,1,22031606,787,20,787,20,0,0,8
11,360,82.800000,42.984000,1,1,22031617,797,18,797,18,0,0,8
11,360,82.800000,42.984000,1,1,22031627,812,16,812,16,0,0,8
11,360,82.800000,42.984000,1,1,22031642,829,14,829,14,0,0,8
11,360,82.800000,42.984000,1,1,22031658,864,10,864,10,0,0,8
11,360,82.800000,42.984000,1,1,22031674,906,5,906,5,0,0,8
11,360,82.800000,42.984000,1,1,22031689,942,0,942,0,0,0,8
11,360,82.800000,42.984000,1,1,22031704,972,0,972,-5,0,0,8
11,360,82.800000,42.984000,1,1,22031715,997,0,997,-10,0,0,8
11,360,82.800000,42.984000,1,1,22031726,1011,0,1011,-12,0,0,8
11,360,82.800000,42.984000,1,1,22031737,1028,0,1028,-16,0,0,8
11,360,82.800000,42.984000,1,1,22031752,1046,0,1046,-20,0,0,8
11,360,82.800000,42.984000,1,1,22031768,1069,0,1069,-24,0,0,8
11,360,82.800000,42.984000,1,1,22031783,1094,0,1094,-29,0,0,8
11,360,82.800000,42.984000,1,1,22031798,1113,0,1113,-32,0,0,8
11,360,82.800000,42.984000,1,1,22031813,1126,0,1126,-34,0,0,8
11,360,82.800000,42.984000,1,1,22031829,1134,0,1134,-36,0,0,8
11,360,82.800000,42.984000,1,1,22031840,1144,0,1144,-38,0,0,8
11,360,82.800000,42.984000,1,1,22031851,1151,0,1151,-40,0,0,8
11,360,82.800000,42.984000,1,1,22031862,1161,0,1161,-41,0,0,8
11,360,82.800000,42.984000,1,1,22031874,1172,0,1172,-42,0,0,8
11,360,82.800000,42.984000,1,1,22031886,1188,0,1188,-44,0,0,8
11,360,82.800000,42.984000,1,1,22031897,1203,0,1203,-45,0,0,8
11,360,82.800000,42.984000,1,1,22031908,1210,0,1210,-45,0,0,8
11,360,82.800000,42.984000,1,1,22031922,1212,0,1212,-46,0,0,8
11,360,82.800000,42.984000,1,1,22031932,1212,0,1212,-46,0,0,8
11,360,82.800000,42.984000,1,1,22031942,1212,0,1212,-46,0,0,8
11,360,82.800000,42.984000,1,1,22031952,1212,0,1212,-46,0,0,8
11,360,82.800000,42.984000,1,1,22031962,1212,0,1212,-46,0,0,8
11,360,82.800000,42.984000,1,1,22031971,1212,0,1212,-46,0,0,8
11,360,82.800000,42.984000,1,1,22031981,1212,0,1212,-46,0,0,8
11,360,82.800000,42.984000,1,1,22031991,1212,0,1212,-46,0,0,8
11,360,82.800000,42.984000,1,1,22032001,1212,0,1212,-46,0,0,8
11,360,82.800000,42.984000,1,1,22032010,1212,0,1212,-46,0,0,8
11,360,82.800000,42.984000,1,1,22032020,1212,0,1212,-46,0,0,8
11,360,82.800000,42.984000,1,1,22032029,1212,0,1212,-46,0,0,8
11,360,82.800000,42.984000,1,1,22032039,1212,0,1212,-46,0,0,8
11,360,82.800000,42.984000,1,1,22032049,1210,0,1210,-46,0,0,8
11,360,82.800000,42.984000,1,1,22032060,1208,0,1208,-46,0,0,8
11,360,82.800000,42.984000,1,1,22032071,1203,2,1203,-44,0,0,8
11,360,82.800000,42.984000,1,1,22032084,1196,4,1196,-42,0,0,8
11,360,82.800000,42.984000,1,1,22032097,1189,5,1189,-41,0,0,8
11,360,82.800000,42.984000,1,1,22032108,1183,6,1183,-40,0,0,8
11,360,82.800000,42.984000,1,1,22032118,1179,6,1179,-40,0,0,8
11,360,82.800000,42.984000,1,1,22032128,1176,6,1176,-40,0,0,8
11,360,82.800000,42.984000,1,1,22032138,1175,6,1175,-40,0,0,8
11,360,82.800000,42.984000,1,1,22032147,1175,6,1175,-40,0,0,8
11,360,82.800000,42.984000,1,1,22032157,1175,6,1175,-40,0,0,8
11,360,82.800000,42.984000,1,1,22032167,1175,7,1175,-39,0,0,8
11,360,82.800000,42.984000,1,1,22032177,1175,7,1175,-39,0,0,8
11,360,82.800000,42.984000,1,1,22032187,1174,7,1174,-39,0,0,8
11,360,82.800000,42.984000,1,1,22032197,1172,7,1172,-39,0,0,8
11,360,82.800000,42.984000,1,1,22032207,1171,7,1171,-39,0,0,8
11,360,82.800000,42.984000,1,1,22032217,1169,7,1169,-39,0,0,8
11,360,82.800000,42.984000,1,1,22032226,1169,7,1169,-39,0,0,8
11,360,82.800000,42.984000,1,1,22032240,1169,7,1169,-39,0,0,8
