11,720,82.800000,10000.000000,0,1,22148022,600,22,600,22,0,0,83
11,720,82.800000,10000.000000,0,1,22148023,600,22,600,22,0,0,83
11,720,82.800000,10000.000000,0,1,22148033,600,22,600,22,0,0,83
11,720,82.800000,10000.000000,0,1,22148043,600,22,600,22,0,0,83
11,720,82.800000,10000.000000,0,1,22148052,600,22,600,22,0,0,83
11,720,82.800000,10000.000000,0,1,22148063,600,22,600,22,0,0,83
11,720,82.800000,10000.000000,0,1,22148073,600,22,600,22,0,0,83
11,720,82.800000,10000.000000,0,1,22148083,600,21,600,21,0,0,83
11,720,82.800000,10000.000000,0,1,22148098,604,19,604,19,0,0,83
11,720,82.800000,10000.000000,0,1,22148109,615,15,615,15,0,0,83
11,720,82.800000,10000.000000,0,1,22148120,633,11,633,11,0,0,83
11,720,82.800000,10000.000000,0,1,22148130,673,7,673,7,0,0,83
11,720,82.800000,10000.000000,0,1,22148141,711,3,711,3,0,0,83
11,720,82.800000,10000.000000,0,1,22148151,776,0,776,-2,0,0,83
11,720,82.800000,10000.000000,0,1,22148162,840,0,840,-8,0,0,83
11,720,82.800000,10000.000000,0,1,22148174,916,0,916,-13,0,0,83
11,720,82.800000,10000.000000,0,1,22148185,1007,0,1007,-18,0,0,83
11,720,82.800000,10000.000000,0,1,22148196,1074,0,1074,-21,0,0,83
11,720,82.800000,10000.000000,0,1,22148206,1128,0,1128,-23,0,0,83
11,720,82.800000,10000.000000,0,1,22148217,1170,0,1170,-24,0,0,83
11,720,82.800000,10000.000000,0,1,22148228,1193,0,1193,-24,0,0,83
11,720,82.800000,10000.000000,0,1,22148238,1210,0,1210,-25,0,0,83
11,720,82.800000,10000.000000,0,1,22148249,1218,0,1218,-26,0,0,83
11,720,82.800000,10000.000000,0,1,22148259,1222,0,1222,-26,0,0,83
11,720,82.800000,10000.000000,0,1,22148270,1223,0,1223,-26,0,0,83
11,720,82.800000,10000.000000,0,1,22148280,1223,0,1223,-26,0,0,83
11,720,82.800000,10000.000000,0,1,22148289,1223,0,1223,-26,0,0,83
11,720,82.800000,10000.000000,0,1,22148299,1223,0,1223,-26,0,0,83
11,720,82.800000,10000.000000,0,1,22148309,1223,0,1223,-26,0,0,83
11,720,82.800000,10000.000000,0,1,22148319,1223,0,1223,-26,0,0,83
11,720,82.800000,10000.000000,0,1,22148328,1223,0,1223,-26,0,0,83
11,720,82.800000,10000.000000,0,1,22148338,1223,0,1223,-26,0,0,83
11,720,82.800000,10000.000000,0,1,22148348,1223,0,1223,-26,0,0,83
11,720,82.800000,10000.000000,0,1,22148358,1223,0,1223,-26,0,0,83
11,720,82.800000,10000.000000,0,1,22148368,1223,0,1223,-26,0,0,83
11,720,82.800000,10000.000000,0,1,22148377,1223,0,1223,-26,0,0,83
11,720,82.800000,10000.000000,0,1,22148387,1223,0,1223,-26,0,0,83
11,720,82.800000,10000.000000,0,1,22148397,1223,0,1223,-26,0,0,83
11,720,82.800000,10000.000000,0,1,22148406,1223,0,1223,-26,0,0,83
11,720,82.800000,10000.000000,0,1,22148416,1224,0,1224,-26,0,0,83
11,720,82.800000,10000.000000,0,1,22148427,1225,0,1225,-27,0,0,83
11,720,82.800000,10000.000000,0,1,22148438,1228,0,1228,-27,0,0,83
11,720,82.800000,10000.000000,0,1,22148449,1233,0,1233,-28,0,0,83
11,720,82.800000,10000.000000,0,1,22148460,1241,0,1241,-29,0,0,83
11,720,82.800000,10000.000000,0,1,22148471,1250,0,1250,-30,0,0,83
11,720,82.800000,10000.000000,0,1,22148481,1262,0,1262,-30,0,0,83
11,720,82.800000,10000.000000,0,1,22148492,1271,0,1271,-30,0,0,83
11,720,82.800000,10000.000000,0,1,22148503,1280,0,1280,-30,0,0,83
11,720,82.800000,10000.000000,0,1,22148514,1288,0,1288,-30,0,0,83
11,720,82.800000,10000.000000,0,1,22148525,1292,0,1292,-31,0,0,83
11,720,82.800000,10000.000000,0,1,22148534,1293,0,1293,-31,0,0,83
11,720,82.800000,10000.000000,0,1,22148544,1294,0,1294,-31,0,0,83
11,720,82.800000,10000.000000,0,1,22148555,1295,0,1295,-31,0,0,83
11,720,82.800000,10000.000000,0,1,22148565,1295,0,1295,-31,0,0,83
11,720,82.800000,10000.000000,0,1,22148574,1296,0,1296,-31,0,0,83
11,720,82.800000,10000.000000,0,1,22148584,1297,0,1297,-31,0,0,83
11,720,82.800000,10000.000000,0,1,22148594,1297,0,1297,-31,0,0,83
11,720,82.800000,10000.000000,0,1,22148604,1297,0,1297,-31,0,0,83
11,720,82.800000,10000.000000,0,1,22148613,1297,0,1297,-31,0,0,83
