11,720,50.400000,10000.000000,0,0,22246211,600,0,600,0,0,1,31
11,720,50.400000,10000.000000,0,0,22246211,600,0,600,0,0,1,31
11,720,50.400000,10000.000000,0,0,22246222,600,0,600,0,0,1,31
11,720,50.400000,10000.000000,0,0,22246232,600,0,600,0,0,1,31
11,720,50.400000,10000.000000,0,0,22246242,600,0,600,0,0,1,31
11,720,50.400000,10000.000000,0,0,22246252,601,0,601,0,0,1,31
11,720,50.400000,10000.000000,0,0,22246263,603,0,603,-1,0,1,31
11,720,50.400000,10000.000000,0,0,22246273,607,0,607,-3,0,1,31
11,720,50.400000,10000.000000,0,0,22246287,614,0,614,-4,0,1,31
11,720,50.400000,10000.000000,0,0,22246299,634,0,634,-5,0,1,31
11,720,50.400000,10000.000000,0,0,22246309,661,1,661,-4,0,1,31
11,720,50.400000,10000.000000,0,0,22246320,704,4,704,-1,0,1,31
11,720,50.400000,10000.000000,0,0,22246331,753,7,753,2,0,1,31
11,720,50.400000,10000.000000,0,0,22246342,821,10,821,5,0,1,31
11,720,50.400000,10000.000000,0,0,22246354,891,12,891,7,0,1,31
11,720,50.400000,10000.000000,0,0,22246364,975,14,975,9,0,1,31
11,720,50.400000,10000.000000,0,0,22246375,1058,15,1058,10,0,1,31
11,720,50.400000,10000.000000,0,0,22246391,1128,16,1128,11,0,1,31
11,720,50.400000,10000.000000,0,0,22246407,1206,18,1206,13,0,1,31
11,720,50.400000,10000.000000,0,0,22246423,1259,19,1259,14,0,1,31
11,720,50.400000,10000.000000,0,0,22246438,1283,19,1283,14,0,1,31
11,720,50.400000,10000.000000,0,0,22246453,1290,19,1290,14,0,1,31
11,720,50.400000,10000.000000,0,0,22246463,1291,19,1291,14,0,1,31
11,720,50.400000,10000.000000,0,0,22246472,1292,19,1292,14,0,1,31
11,720,50.400000,10000.000000,0,0,22246482,1292,19,1292,14,0,1,31
11,720,50.400000,10000.000000,0,0,22246492,1292,19,1292,14,0,1,31
11,720,50.400000,10000.000000,0,0,22246502,1292,19,1292,14,0,1,31
11,720,50.400000,10000.000000,0,0,22246512,1293,19,1293,14,0,1,31
11,720,50.400000,10000.000000,0,0,22246524,1294,19,1294,14,0,1,31
11,720,50.400000,10000.000000,0,0,22246533,1295,19,1295,14,0,1,31
11,720,50.400000,10000.000000,0,0,22246547,1296,19,1296,14,0,1,31
11,720,50.400000,10000.000000,0,0,22246557,1296,19,1296,14,0,1,31
11,720,50.400000,10000.000000,0,0,22246567,1296,19,1296,14,0,1,31
11,720,50.400000,10000.000000,0,0,22246577,1296,19,1296,14,0,1,31
11,720,50.400000,10000.000000,0,0,22246587,1296,19,1296,14,0,1,31
11,720,50.400000,10000.000000,0,0,22246598,1296,19,1296,14,0,1,31
11,720,50.400000,10000.000000,0,0,22246608,1297,18,1297,13,0,1,31
11,720,50.400000,10000.000000,0,0,22246619,1298,17,1298,12,0,1,31
11,720,50.400000,10000.000000,0,0,22246630,1300,16,1300,11,0,1,31
11,720,50.400000,10000.000000,0,0,22246640,1301,15,1301,10,0,1,31
11,720,50.400000,10000.000000,0,0,22246650,1303,15,1303,10,0,1,31
11,720,50.400000,10000.000000,0,0,22246660,1305,15,1305,10,0,1,31
11,720,50.400000,10000.000000,0,0,22246671,1306,14,1306,9,0,1,31
11,720,50.400000,10000.000000,0,0,22246681,1306,14,1306,9,0,1,31
11,720,50.400000,10000.000000,0,0,22246690,1306,14,1306,9,0,1,31
11,720,50.400000,10000.000000,0,0,22246699,1306,14,1306,9,0,1,31
11,720,50.400000,10000.000000,0,0,22246709,1306,14,1306,9,0,1,31
11,720,50.400000,10000.000000,0,0,22246718,1306,14,1306,9,0,1,31
11,720,50.400000,10000.000000,0,0,22246728,1306,14,1306,9,0,1,31
11,720,50.400000,10000.000000,0,0,22246738,1306,14,1306,9,0,1,31
11,720,50.400000,10000.000000,0,0,22246747,1306,14,1306,9,0,1,31
