11,360,21.600000,42.984000,0,1,22371175,780,22,780,22,0,1,118
11,360,21.600000,42.984000,0,1,22371176,780,22,780,22,0,1,118
11,360,21.600000,42.984000,0,1,22371186,780,22,780,22,0,1,118
11,360,21.600000,42.984000,0,1,22371197,781,22,781,22,0,1,118
11,360,21.600000,42.984000,0,1,22371207,781,22,781,22,0,1,118
11,360,21.600000,42.984000,0,1,22371217,782,22,782,22,0,1,118
11,360,21.600000,42.984000,0,1,22371227,784,21,784,21,0,1,118
11,360,21.600000,42.984000,0,1,22371239,787,20,787,20,0,1,118
11,360,21.600000,42.984000,0,1,22371251,795,19,795,19,0,1,118
11,360,21.600000,42.984000,0,1,22371265,809,18,809,18,0,1,118
11,360,21.600000,42.984000,0,1,22371276,830,18,830,18,0,1,118
11,360,21.600000,42.984000,0,1,22371292,855,18,855,18,0,1,118
11,360,21.600000,42.984000,0,1,22371303,904,18,904,18,0,1,118
11,360,21.600000,42.984000,0,1,22371314,941,19,941,19,0,1,118
11,360,21.600000,42.984000,0,1,22371325,984,19,984,19,0,1,118
11,360,21.600000,42.984000,0,1,22371335,1021,19,1021,19,0,1,118
11,360,21.600000,42.984000,0,1,22371346,1052,21,1052,21,0,1,118
11,360,21.600000,42.984000,0,1,22371357,1075,21,1075,21,0,1,118
11,360,21.600000,42.984000,0,1,22371368,1092,22,1092,22,0,1,118
11,360,21.600000,42.984000,0,1,22371379,1105,23,1105,23,0,1,118
11,360,21.600000,42.984000,0,1,22371390,1111,23,1111,23,0,1,118
11,360,21.600000,42.984000,0,1,22371400,1113,23,1113,23,0,1,118
11,360,21.600000,42.984000,0,1,22371410,1113,23,1113,23,0,1,118
11,360,21.600000,42.984000,0,1,22371421,1113,23,1113,23,0,1,118
11,360,21.600000,42.984000,0,1,22371431,1113,23,1113,23,0,1,118
11,360,21.600000,42.984000,0,1,22371441,1113,23,1113,23,0,1,118
11,360,21.600000,42.984000,0,1,22371451,1113,23,1113,23,0,1,118
11,360,21.600000,42.984000,0,1,22371462,1114,23,1114,23,0,1,118
11,360,21.600000,42.984000,0,1,22371471,1114,23,1114,23,0,1,118
11,360,21.600000,42.984000,0,1,22371483,1115,23,1115,23,0,1,118
11,360,21.600000,42.984000,0,1,22371493,1116,23,1116,23,0,1,118
11,360,21.600000,42.984000,0,1,22371503,1116,23,1116,23,0,1,118
11,360,21.600000,42.984000,0,1,22371514,1118,23,1118,23,0,1,118
11,360,21.600000,42.984000,0,1,22371523,1118,23,1118,23,0,1,118
11,360,21.600000,42.984000,0,1,22371533,1118,23,1118,23,0,1,118
11,360,21.600000,42.984000,0,1,22371543,1118,23,1118,23,0,1,118
11,360,21.600000,42.984000,0,1,22371553,1118,23,1118,23,0,1,118
11,360,21.600000,42.984000,0,1,22371563,1118,23,1118,23,0,1,118
11,360,21.600000,42.984000,0,1,22371573,1118,23,1118,23,0,1,118
11,360,21.600000,42.984000,0,1,22371583,1118,23,1118,23,0,1,118
11,360,21.600000,42.984000,0,1,22371593,1118,23,1118,23,0,1,118
11,360,21.600000,42.984000,0,1,22371603,1118,23,1118,23,0,1,118
11,360,21.600000,42.984000,0,1,22371613,1119,22,1119,22,0,1,118
11,360,21.600000,42.984000,0,1,22371623,1122,22,1122,22,0,1,118
11,360,21.600000,42.984000,0,1,22371633,1124,21,1124,21,0,1,118
11,360,21.600000,42.984000,0,1,22371643,1127,20,1127,20,0,1,118
11,360,21.600000,42.984000,0,1,22371653,1128,19,1128,19,0,1,118
11,360,21.600000,42.984000,0,1,22371663,1130,19,1130,19,0,1,118
11,360,21.600000,42.984000,0,1,22371673,1131,18,1131,18,0,1,118
11,360,21.600000,42.984000,0,1,22371683,1132,18,1132,18,0,1,118
11,360,21.600000,42.984000,0,1,22371693,1133,18,1133,18,0,1,118
11,360,21.600000,42.984000,0,1,22371703,1134,18,1134,18,0,1,118
11,360,21.600000,42.984000,0,1,22371713,1135,18,1135,18,0,1,118
11,360,21.600000,42.984000,0,1,22371723,1135,17,1135,17,0,1,118
11,360,21.600000,42.984000,0,1,22371733,1136,16,1136,16,0,1,118
11,360,21.600000,42.984000,0,1,22371743,1137,16,1137,16,0,1,118
11,360,21.600000,42.984000,0,1,22371753,1138,15,1138,15,0,1,118
11,360,21.600000,42.984000,0,1,22371764,1139,15,1139,15,0,1,118
11,360,21.600000,42.984000,0,1,22371775,1139,14,1139,14,0,1,118
11,360,21.600000,42.984000,0,1,22371784,1139,14,1139,14,0,1,118
11,360,21.600000,42.984000,0,1,22371794,1139,14,1139,14,0,1,118
11,360,21.600000,42.984000,0,1,22371804,1139,14,1139,14,0,1,118
11,360,21.600000,42.984000,0,1,22371814,1139,14,1139,14,0,1,118
