11,720,50.400000,22.608000,1,0,22266160,600,0,600,0,0,1,45
11,720,50.400000,22.608000,1,0,22266161,600,0,600,0,0,1,45
11,720,50.400000,22.608000,1,0,22266172,600,0,600,0,0,1,45
11,720,50.400000,22.608000,1,0,22266182,602,0,602,0,0,1,45
11,720,50.400000,22.608000,1,0,22266193,604,0,604,-1,0,1,45
11,720,50.400000,22.608000,1,0,22266203,610,0,610,-3,0,1,45
11,720,50.400000,22.608000,1,0,22266215,619,0,619,-4,0,1,45
11,720,50.400000,22.608000,1,0,22266226,642,0,642,-5,0,1,45
11,720,50.400000,22.608000,1,0,22266238,669,0,669,-5,0,1,45
11,720,50.400000,22.608000,1,0,22266249,719,0,719,-5,0,1,45
11,720,50.400000,22.608000,1,0,22266260,775,2,775,-3,0,1,45
11,720,50.400000,22.608000,1,0,22266270,846,4,846,-1,0,1,45
11,720,50.400000,22.608000,1,0,22266281,911,5,911,0,0,1,45
11,720,50.400000,22.608000,1,0,22266292,994,6,994,1,0,1,45
11,720,50.400000,22.608000,1,0,22266303,1078,6,1078,1,0,1,45
11,720,50.400000,22.608000,1,0,22266314,1149,6,1149,1,0,1,45
11,720,50.400000,22.608000,1,0,22266324,1202,6,1202,1,0,1,45
11,720,50.400000,22.608000,1,0,22266335,1245,6,1245,1,0,1,45
11,720,50.400000,22.608000,1,0,22266346,1271,6,1271,1,0,1,45
11,720,50.400000,22.608000,1,0,22266356,1288,6,1288,1,0,1,45
11,720,50.400000,22.608000,1,0,22266367,1296,6,1296,1,0,1,45
11,720,50.400000,22.608000,1,0,22266377,1299,6,1299,1,0,1,45
11,720,50.400000,22.608000,1,0,22266388,1303,6,1303,1,0,1,45
11,720,50.400000,22.608000,1,0,22266398,1303,6,1303,1,0,1,45
11,720,50.400000,22.608000,1,0,22266408,1303,6,1303,1,0,1,45
11,720,50.400000,22.608000,1,0,22266419,1303,6,1303,1,0,1,45
11,720,50.400000,22.608000,1,0,22266428,1303,6,1303,1,0,1,45
11,720,50.400000,22.608000,1,0,22266438,1303,6,1303,1,0,1,45
11,720,50.400000,22.608000,1,0,22266447,1303,6,1303,1,0,1,45
11,720,50.400000,22.608000,1,0,22266457,1303,6,1303,1,0,1,45
11,720,50.400000,22.608000,1,0,22266467,1303,6,1303,1,0,1,45
11,720,50.400000,22.608000,1,0,22266477,1303,6,1303,1,0,1,45
11,720,50.400000,22.608000,1,0,22266486,1303,6,1303,1,0,1,45
11,720,50.400000,22.608000,1,0,22266496,1303,6,1303,1,0,1,45
11,720,50.400000,22.608000,1,0,22266506,1303,6,1303,1,0,1,45
11,720,50.400000,22.608000,1,0,22266516,1303,6,1303,1,0,1,45
11,720,50.400000,22.608000,1,0,22266526,1303,6,1303,1,0,1,45
11,720,50.400000,22.608000,1,0,22266536,1303,6,1303,1,0,1,45
11,720,50.400000,22.608000,1,0,22266546,1303,6,1303,1,0,1,45
11,720,50.400000,22.608000,1,0,22266556,1303,6,1303,1,0,1,45
11,720,50.400000,22.608000,1,0,22266565,1303,6,1303,1,0,1,45
11,720,50.400000,22.608000,1,0,22266575,1303,6,1303,1,0,1,45
11,720,50.400000,22.608000,1,0,22266585,1303,6,1303,1,0,1,45
11,720,50.400000,22.608000,1,0,22266595,1303,6,1303,1,0,1,45
11,720,50.400000,22.608000,1,0,22266604,1303,6,1303,1,0,1,45
