11,360,21.600000,22.608000,0,0,22234738,780,0,780,0,0,1,23
11,360,21.600000,22.608000,0,0,22234739,780,0,780,0,0,1,23
11,360,21.600000,22.608000,0,0,22234749,781,0,781,-1,0,1,23
11,360,21.600000,22.608000,0,0,22234760,784,0,784,-2,0,1,23
11,360,21.600000,22.608000,0,0,22234775,789,0,789,-3,0,1,23
11,360,21.600000,22.608000,0,0,22234791,803,0,803,-4,0,1,23
11,360,21.600000,22.608000,0,0,22234807,825,0,825,-4,0,1,23
11,360,21.600000,22.608000,0,0,22234821,855,0,855,-4,0,1,23
11,360,21.600000,22.608000,0,0,22234832,886,0,886,-4,0,1,23
11,360,21.600000,22.608000,0,0,22234844,919,0,919,-4,0,1,23
11,360,21.600000,22.608000,0,0,22234855,952,0,952,-4,0,1,23
11,360,21.600000,22.608000,0,0,22234866,987,0,987,-4,0,1,23
11,360,21.600000,22.608000,0,0,22234877,1026,0,1026,-4,0,1,23
11,360,21.600000,22.608000,0,0,22234887,1053,0,1053,-4,0,1,23
11,360,21.600000,22.608000,0,0,22234898,1084,0,1084,-4,0,1,23
11,360,21.600000,22.608000,0,0,22234908,1103,0,1103,-4,0,1,23
11,360,21.600000,22.608000,0,0,22234919,1121,0,1121,-4,0,1,23
11,360,21.600000,22.608000,0,0,22234930,1135,0,1135,-4,0,1,23
11,360,21.600000,22.608000,0,0,22234942,1142,0,1142,-4,0,1,23
11,360,21.600000,22.608000,0,0,22234953,1145,0,1145,-4,0,1,23
11,360,21.600000,22.608000,0,0,22234963,1149,0,1149,-4,0,1,23
11,360,21.600000,22.608000,0,0,22234974,1149,0,1149,-4,0,1,23
11,360,21.600000,22.608000,0,0,22234987,1149,0,1149,-4,0,1,23
11,360,21.600000,22.608000,0,0,22235001,1149,0,1149,-4,0,1,23
11,360,21.600000,22.608000,0,0,22235011,1149,0,1149,-4,0,1,23
11,360,21.600000,22.608000,0,0,22235020,1149,0,1149,-4,0,1,23
11,360,21.600000,22.608000,0,0,22235030,1149,0,1149,-4,0,1,23
11,360,21.600000,22.608000,0,0,22235040,1149,0,1149,-4,0,1,23
11,360,21.600000,22.608000,0,0,22235050,1149,0,1149,-4,0,1,23
11,360,21.600000,22.608000,0,0,22235059,1149,0,1149,-4,0,1,23
11,360,21.600000,22.608000,0,0,22235069,1149,0,1149,-4,0,1,23
11,360,21.600000,22.608000,0,0,22235080,1149,0,1149,-4,0,1,23
11,360,21.600000,22.608000,0,0,22235089,1149,0,1149,-4,0,1,23
11,360,21.600000,22.608000,0,0,22235099,1149,0,1149,-4,0,1,23
11,360,21.600000,22.608000,0,0,22235109,1149,0,1149,-4,0,1,23
11,360,21.600000,22.608000,0,0,22235119,1149,0,1149,-4,0,1,23
11,360,21.600000,22.608000,0,0,22235129,1149,0,1149,-4,0,1,23
11,360,21.600000,22.608000,0,0,22235138,1149,0,1149,-4,0,1,23
11,360,21.600000,22.608000,0,0,22235149,1149,0,1149,-4,0,1,23
11,360,21.600000,22.608000,0,0,22235159,1149,0,1149,-4,0,1,23
11,360,21.600000,22.608000,0,0,22235168,1149,0,1149,-4,0,1,23
11,360,21.600000,22.608000,0,0,22235178,1149,0,1149,-4,0,1,23
11,360,21.600000,22.608000,0,0,22235188,1149,0,1149,-4,0,1,23
11,360,21.600000,22.608000,0,0,22235197,1149,0,1149,-4,0,1,23
11,360,21.600000,22.608000,0,0,22235207,1149,0,1149,-4,0,1,23
11,360,21.600000,22.608000,0,0,22235217,1149,0,1149,-4,0,1,23
11,360,21.600000,22.608000,0,0,22235227,1149,0,1149,-4,0,1,23
11,360,21.600000,22.608000,0,0,22235237,1149,0,1149,-4,0,1,23
11,360,21.600000,22.608000,0,0,22235247,1149,0,1149,-4,0,1,23
11,360,21.600000,22.608000,0,0,22235257,1149,0,1149,-4,0,1,23
11,360,21.600000,22.608000,0,0,22235267,1149,0,1149,-4,0,1,23
11,360,21.600000,22.608000,0,0,22235277,1148,0,1148,-4,0,1,23
11,360,21.600000,22.608000,0,0,22235287,1147,1,1147,-3,0,1,23
11,360,21.600000,22.608000,0,0,22235297,1146,1,1146,-3,0,1,23
11,360,21.600000,22.608000,0,0,22235307,1145,1,1145,-3,0,1,23
11,360,21.600000,22.608000,0,0,22235317,1145,1,1145,-3,0,1,23
11,360,21.600000,22.608000,0,0,22235326,1145,1,1145,-3,0,1,23
11,360,21.600000,22.608000,0,0,22235336,1145,1,1145,-3,0,1,23
11,360,21.600000,22.608000,0,0,22235346,1145,1,1145,-3,0,1,23
11,360,21.600000,22.608000,0,0,22235356,1145,1,1145,-3,0,1,23
11,360,21.600000,22.608000,0,0,22235366,1145,1,1145,-3,0,1,23
