11,360,82.800000,10000.000000,0,0,22352093,780,0,780,0,0,1,105
11,360,82.800000,10000.000000,0,0,22352094,780,0,780,0,0,1,105
11,360,82.800000,10000.000000,0,0,22352108,780,0,780,0,0,1,105
11,360,82.800000,10000.000000,0,0,22352118,780,0,780,0,0,1,105
11,360,82.800000,10000.000000,0,0,22352128,782,0,782,0,0,1,105
11,360,82.800000,10000.000000,0,0,22352141,787,0,787,0,0,1,105
11,360,82.800000,10000.000000,0,0,22352151,797,0,797,0,0,1,105
11,360,82.800000,10000.000000,0,0,22352163,810,0,810,0,0,1,105
11,360,82.800000,10000.000000,0,0,22352175,828,0,828,0,0,1,105
11,360,82.800000,10000.000000,0,0,22352186,851,0,851,0,0,1,105
11,360,82.800000,10000.000000,0,0,22352198,880,0,880,0,0,1,105
11,360,82.800000,10000.000000,0,0,22352209,910,0,910,0,0,1,105
11,360,82.800000,10000.000000,0,0,22352224,946,1,946,1,0,1,105
11,360,82.800000,10000.000000,0,0,22352235,991,1,991,1,0,1,105
11,360,82.800000,10000.000000,0,0,22352247,1023,0,1023,0,0,1,105
11,360,82.800000,10000.000000,0,0,22352257,1050,0,1050,-2,0,1,105
11,360,82.800000,10000.000000,0,0,22352268,1071,0,1071,-3,0,1,105
11,360,82.800000,10000.000000,0,0,22352282,1092,0,1092,-5,0,1,105
11,360,82.800000,10000.000000,0,0,22352294,1111,0,1111,-6,0,1,105
11,360,82.800000,10000.000000,0,0,22352304,1121,0,1121,-6,0,1,105
11,360,82.800000,10000.000000,0,0,22352315,1127,0,1127,-7,0,1,105
11,360,82.800000,10000.000000,0,0,22352325,1130,0,1130,-7,0,1,105
11,360,82.800000,10000.000000,0,0,22352335,1131,0,1131,-7,0,1,105
11,360,82.800000,10000.000000,0,0,22352345,1131,0,1131,-7,0,1,105
11,360,82.800000,10000.000000,0,0,22352355,1131,0,1131,-7,0,1,105
11,360,82.800000,10000.000000,0,0,22352365,1131,0,1131,-7,0,1,105
11,360,82.800000,10000.000000,0,0,22352377,1133,0,1133,-7,0,1,105
11,360,82.800000,10000.000000,0,0,22352387,1135,0,1135,-8,0,1,105
11,360,82.800000,10000.000000,0,0,22352398,1138,0,1138,-8,0,1,105
11,360,82.800000,10000.000000,0,0,22352410,1140,0,1140,-9,0,1,105
11,360,82.800000,10000.000000,0,0,22352421,1141,0,1141,-9,0,1,105
11,360,82.800000,10000.000000,0,0,22352431,1142,0,1142,-9,0,1,105
11,360,82.800000,10000.000000,0,0,22352442,1143,0,1143,-9,0,1,105
11,360,82.800000,10000.000000,0,0,22352453,1143,0,1143,-9,0,1,105
11,360,82.800000,10000.000000,0,0,22352463,1143,0,1143,-9,0,1,105
11,360,82.800000,10000.000000,0,0,22352473,1143,0,1143,-9,0,1,105
11,360,82.800000,10000.000000,0,0,22352483,1143,0,1143,-9,0,1,105
11,360,82.800000,10000.000000,0,0,22352494,1143,0,1143,-9,0,1,105
11,360,82.800000,10000.000000,0,0,22352503,1143,0,1143,-9,0,1,105
11,360,82.800000,10000.000000,0,0,22352513,1143,0,1143,-9,0,1,105
11,360,82.800000,10000.000000,0,0,22352523,1143,0,1143,-9,0,1,105
11,360,82.800000,10000.000000,0,0,22352537,1143,0,1143,-9,0,1,105
11,360,82.800000,10000.000000,0,0,22352552,1143,0,1143,-9,0,1,105
