11,720,82.800000,12.276000,1,1,22358083,600,22,600,22,0,1,109
11,720,82.800000,12.276000,1,1,22358083,600,22,600,22,0,1,109
11,720,82.800000,12.276000,1,1,22358093,600,22,600,22,0,1,109
11,720,82.800000,12.276000,1,1,22358104,600,22,600,22,0,1,109
11,720,82.800000,12.276000,1,1,22358113,600,22,600,22,0,1,109
11,720,82.800000,12.276000,1,1,22358124,600,22,600,22,0,1,109
11,720,82.800000,12.276000,1,1,22358134,600,22,600,22,0,1,109
11,720,82.800000,12.276000,1,1,22358144,600,22,600,22,0,1,109
11,720,82.800000,12.276000,1,1,22358154,602,21,602,21,0,1,109
11,720,82.800000,12.276000,1,1,22358166,606,20,606,20,0,1,109
11,720,82.800000,12.276000,1,1,22358178,618,18,618,18,0,1,109
11,720,82.800000,12.276000,1,1,22358189,643,16,643,16,0,1,109
11,720,82.800000,12.276000,1,1,22358199,677,13,677,13,0,1,109
11,720,82.800000,12.276000,1,1,22358210,723,11,723,11,0,1,109
11,720,82.800000,12.276000,1,1,22358221,783,8,783,8,0,1,109
11,720,82.800000,12.276000,1,1,22358234,851,5,851,5,0,1,109
11,720,82.800000,12.276000,1,1,22358245,929,3,929,3,0,1,109
11,720,82.800000,12.276000,1,1,22358260,1005,1,1005,1,0,1,109
11,720,82.800000,12.276000,1,1,22358271,1090,0,1090,-1,0,1,109
11,720,82.800000,12.276000,1,1,22358281,1138,0,1138,-1,0,1,109
11,720,82.800000,12.276000,1,1,22358292,1167,0,1167,-1,0,1,109
11,720,82.800000,12.276000,1,1,22358304,1188,0,1188,-1,0,1,109
11,720,82.800000,12.276000,1,1,22358315,1201,0,1201,-1,0,1,109
11,720,82.800000,12.276000,1,1,22358325,1210,0,1210,-1,0,1,109
11,720,82.800000,12.276000,1,1,22358337,1216,0,1216,-2,0,1,109
11,720,82.800000,12.276000,1,1,22358347,1221,0,1221,-3,0,1,109
11,720,82.800000,12.276000,1,1,22358358,1224,0,1224,-4,0,1,109
11,720,82.800000,12.276000,1,1,22358368,1225,0,1225,-4,0,1,109
11,720,82.800000,12.276000,1,1,22358378,1225,0,1225,-4,0,1,109
11,720,82.800000,12.276000,1,1,22358388,1225,0,1225,-4,0,1,109
11,720,82.800000,12.276000,1,1,22358399,1225,0,1225,-4,0,1,109
11,720,82.800000,12.276000,1,1,22358410,1226,0,1226,-4,0,1,109
11,720,82.800000,12.276000,1,1,22358419,1226,0,1226,-5,0,1,109
11,720,82.800000,12.276000,1,1,22358429,1227,0,1227,-5,0,1,109
11,720,82.800000,12.276000,1,1,22358439,1227,0,1227,-5,0,1,109
11,720,82.800000,12.276000,1,1,22358449,1228,0,1228,-5,0,1,109
11,720,82.800000,12.276000,1,1,22358460,1228,0,1228,-5,0,1,109
11,720,82.800000,12.276000,1,1,22358471,1228,0,1228,-6,0,1,109
11,720,82.800000,12.276000,1,1,22358481,1230,0,1230,-7,0,1,109
11,720,82.800000,12.276000,1,1,22358492,1232,0,1232,-7,0,1,109
11,720,82.800000,12.276000,1,1,22358503,1236,0,1236,-8,0,1,109
11,720,82.800000,12.276000,1,1,22358513,1243,0,1243,-9,0,1,109
11,720,82.800000,12.276000,1,1,22358525,1253,0,1253,-10,0,1,109
11,720,82.800000,12.276000,1,1,22358536,1265,0,1265,-11,0,1,109
11,720,82.800000,12.276000,1,1,22358547,1278,0,1278,-13,0,1,109
11,720,82.800000,12.276000,1,1,22358557,1289,0,1289,-14,0,1,109
11,720,82.800000,12.276000,1,1,22358568,1295,0,1295,-15,0,1,109
11,720,82.800000,12.276000,1,1,22358579,1299,0,1299,-16,0,1,109
11,720,82.800000,12.276000,1,1,22358589,1300,0,1300,-16,0,1,109
11,720,82.800000,12.276000,1,1,22358599,1301,0,1301,-16,0,1,109
11,720,82.800000,12.276000,1,1,22358611,1302,0,1302,-16,0,1,109
11,720,82.800000,12.276000,1,1,22358621,1302,0,1302,-17,0,1,109
11,720,82.800000,12.276000,1,1,22358631,1303,0,1303,-17,0,1,109
11,720,82.800000,12.276000,1,1,22358641,1304,0,1304,-18,0,1,109
11,720,82.800000,12.276000,1,1,22358652,1306,0,1306,-19,0,1,109
11,720,82.800000,12.276000,1,1,22358662,1307,0,1307,-20,0,1,109
11,720,82.800000,12.276000,1,1,22358672,1308,0,1308,-20,0,1,109
11,720,82.800000,12.276000,1,1,22358682,1308,0,1308,-20,0,1,109
11,720,82.800000,12.276000,1,1,22358692,1308,0,1308,-20,0,1,109
11,720,82.800000,12.276000,1,1,22358702,1308,0,1308,-20,0,1,109
