11,360,82.800000,22.608000,0,0,22302901,780,0,780,0,0,1,71
11,360,82.800000,22.608000,0,0,22302902,780,0,780,0,0,1,71
11,360,82.800000,22.608000,0,0,22302912,780,0,780,0,0,1,71
11,360,82.800000,22.608000,0,0,22302922,780,0,780,0,0,1,71
11,360,82.800000,22.608000,0,0,22302933,781,0,781,-1,0,1,71
11,360,82.800000,22.608000,0,0,22302943,784,0,784,-2,0,1,71
11,360,82.800000,22.608000,0,0,22302953,790,0,790,-2,0,1,71
11,360,82.800000,22.608000,0,0,22302964,800,0,800,-2,0,1,71
11,360,82.800000,22.608000,0,0,22302978,823,0,823,-2,0,1,71
11,360,82.800000,22.608000,0,0,22302989,859,0,859,-2,0,1,71
11,360,82.800000,22.608000,0,0,22302999,896,2,896,0,0,1,71
11,360,82.800000,22.608000,0,0,22303015,939,3,939,1,0,1,71
11,360,82.800000,22.608000,0,0,22303026,994,3,994,1,0,1,71
11,360,82.800000,22.608000,0,0,22303037,1026,3,1026,1,0,1,71
11,360,82.800000,22.608000,0,0,22303048,1051,3,1051,1,0,1,71
11,360,82.800000,22.608000,0,0,22303059,1067,3,1067,1,0,1,71
11,360,82.800000,22.608000,0,0,22303070,1074,2,1074,0,0,1,71
11,360,82.800000,22.608000,0,0,22303080,1076,2,1076,0,0,1,71
11,360,82.800000,22.608000,0,0,22303090,1076,2,1076,0,0,1,71
11,360,82.800000,22.608000,0,0,22303100,1076,2,1076,0,0,1,71
11,360,82.800000,22.608000,0,0,22303110,1076,2,1076,0,0,1,71
11,360,82.800000,22.608000,0,0,22303123,1076,2,1076,0,0,1,71
11,360,82.800000,22.608000,0,0,22303134,1078,2,1078,0,0,1,71
11,360,82.800000,22.608000,0,0,22303149,1081,1,1081,-1,0,1,71
11,360,82.800000,22.608000,0,0,22303160,1087,1,1087,-1,0,1,71
11,360,82.800000,22.608000,0,0,22303171,1091,1,1091,-1,0,1,71
11,360,82.800000,22.608000,0,0,22303186,1095,1,1095,-1,0,1,71
11,360,82.800000,22.608000,0,0,22303197,1099,1,1099,-1,0,1,71
11,360,82.800000,22.608000,0,0,22303207,1099,1,1099,-1,0,1,71
11,360,82.800000,22.608000,0,0,22303219,1100,1,1100,-1,0,1,71
11,360,82.800000,22.608000,0,0,22303228,1101,1,1101,-1,0,1,71
11,360,82.800000,22.608000,0,0,22303238,1101,1,1101,-1,0,1,71
11,360,82.800000,22.608000,0,0,22303248,1101,1,1101,-1,0,1,71
11,360,82.800000,22.608000,0,0,22303259,1102,1,1102,-1,0,1,71
11,360,82.800000,22.608000,0,0,22303269,1104,1,1104,-1,0,1,71
11,360,82.800000,22.608000,0,0,22303279,1106,1,1106,-1,0,1,71
11,360,82.800000,22.608000,0,0,22303289,1108,1,1108,-1,0,1,71
11,360,82.800000,22.608000,0,0,22303298,1110,1,1110,-1,0,1,71
11,360,82.800000,22.608000,0,0,22303308,1112,1,1112,-1,0,1,71
11,360,82.800000,22.608000,0,0,22303318,1112,1,1112,-1,0,1,71
11,360,82.800000,22.608000,0,0,22303328,1112,1,1112,-1,0,1,71
11,360,82.800000,22.608000,0,0,22303338,1112,1,1112,-1,0,1,71
11,360,82.800000,22.608000,0,0,22303349,1113,1,1113,-1,0,1,71
11,360,82.800000,22.608000,0,0,22303360,1116,1,1116,-1,0,1,71
11,360,82.800000,22.608000,0,0,22303371,1120,3,1120,1,0,1,71
11,360,82.800000,22.608000,0,0,22303381,1125,4,1125,2,0,1,71
11,360,82.800000,22.608000,0,0,22303391,1128,5,1128,3,0,1,71
11,360,82.800000,22.608000,0,0,22303401,1129,6,1129,4,0,1,71
11,360,82.800000,22.608000,0,0,22303410,1129,6,1129,4,0,1,71
11,360,82.800000,22.608000,0,0,22303420,1129,6,1129,4,0,1,71
