11,360,21.600000,10000.000000,1,0,22293047,780,0,780,0,0,1,64
11,360,21.600000,10000.000000,1,0,22293048,780,0,780,0,0,1,64
11,360,21.600000,10000.000000,1,0,22293058,780,0,780,0,0,1,64
11,360,21.600000,10000.000000,1,0,22293067,780,0,780,0,0,1,64
11,360,21.600000,10000.000000,1,0,22293077,780,0,780,0,0,1,64
11,360,21.600000,10000.000000,1,0,22293087,780,0,780,0,0,1,64
11,360,21.600000,10000.000000,1,0,22293103,780,0,780,0,0,1,64
11,360,21.600000,10000.000000,1,0,22293113,782,0,782,-1,0,1,64
11,360,21.600000,10000.000000,1,0,22293126,784,0,784,-1,0,1,64
11,360,21.600000,10000.000000,1,0,22293141,790,0,790,-2,0,1,64
11,360,21.600000,10000.000000,1,0,22293153,805,0,805,-2,0,1,64
11,360,21.600000,10000.000000,1,0,22293164,824,1,824,-1,0,1,64
11,360,21.600000,10000.000000,1,0,22293175,853,2,853,0,0,1,64
11,360,21.600000,10000.000000,1,0,22293186,890,2,890,0,0,1,64
11,360,21.600000,10000.000000,1,0,22293197,936,2,936,0,0,1,64
11,360,21.600000,10000.000000,1,0,22293208,984,2,984,0,0,1,64
11,360,21.600000,10000.000000,1,0,22293218,1029,2,1029,0,0,1,64
11,360,21.600000,10000.000000,1,0,22293229,1061,2,1061,0,0,1,64
11,360,21.600000,10000.000000,1,0,22293240,1084,2,1084,0,0,1,64
11,360,21.600000,10000.000000,1,0,22293251,1096,2,1096,0,0,1,64
11,360,21.600000,10000.000000,1,0,22293263,1103,2,1103,0,0,1,64
11,360,21.600000,10000.000000,1,0,22293273,1105,2,1105,0,0,1,64
11,360,21.600000,10000.000000,1,0,22293284,1105,2,1105,0,0,1,64
11,360,21.600000,10000.000000,1,0,22293294,1105,2,1105,0,0,1,64
11,360,21.600000,10000.000000,1,0,22293304,1105,2,1105,0,0,1,64
11,360,21.600000,10000.000000,1,0,22293314,1105,2,1105,0,0,1,64
11,360,21.600000,10000.000000,1,0,22293324,1105,2,1105,0,0,1,64
11,360,21.600000,10000.000000,1,0,22293334,1106,2,1106,0,0,1,64
11,360,21.600000,10000.000000,1,0,22293344,1107,2,1107,0,0,1,64
11,360,21.600000,10000.000000,1,0,22293354,1107,2,1107,0,0,1,64
11,360,21.600000,10000.000000,1,0,22293365,1107,2,1107,0,0,1,64
11,360,21.600000,10000.000000,1,0,22293375,1108,2,1108,0,0,1,64
11,360,21.600000,10000.000000,1,0,22293385,1109,2,1109,0,0,1,64
11,360,21.600000,10000.000000,1,0,22293396,1111,2,1111,0,0,1,64
11,360,21.600000,10000.000000,1,0,22293406,1113,2,1113,0,0,1,64
11,360,21.600000,10000.000000,1,0,22293417,1114,2,1114,0,0,1,64
11,360,21.600000,10000.000000,1,0,22293427,1117,2,1117,0,0,1,64
11,360,21.600000,10000.000000,1,0,22293437,1118,2,1118,0,0,1,64
11,360,21.600000,10000.000000,1,0,22293447,1121,2,1121,0,0,1,64
11,360,21.600000,10000.000000,1,0,22293458,1122,2,1122,0,0,1,64
11,360,21.600000,10000.000000,1,0,22293468,1123,2,1123,0,0,1,64
11,360,21.600000,10000.000000,1,0,22293478,1124,2,1124,0,0,1,64
11,360,21.600000,10000.000000,1,0,22293489,1124,2,1124,0,0,1,64
11,360,21.600000,10000.000000,1,0,22293499,1124,2,1124,0,0,1,64
11,360,21.600000,10000.000000,1,0,22293509,1124,2,1124,0,0,1,64
11,360,21.600000,10000.000000,1,0,22293519,1125,2,1125,0,0,1,64
11,360,21.600000,10000.000000,1,0,22293529,1126,2,1126,0,0,1,64
11,360,21.600000,10000.000000,1,0,22293539,1128,3,1128,1,0,1,64
11,360,21.600000,10000.000000,1,0,22293550,1129,3,1129,1,0,1,64
11,360,21.600000,10000.000000,1,0,22293560,1130,4,1130,2,0,1,64
11,360,21.600000,10000.000000,1,0,22293570,1131,5,1131,3,0,1,64
11,360,21.600000,10000.000000,1,0,22293580,1132,5,1132,3,0,1,64
11,360,21.600000,10000.000000,1,0,22293592,1133,6,1133,4,0,1,64
11,360,21.600000,10000.000000,1,0,22293602,1134,7,1134,5,0,1,64
11,360,21.600000,10000.000000,1,0,22293612,1135,8,1135,6,0,1,64
11,360,21.600000,10000.000000,1,0,22293622,1135,8,1135,6,0,1,64
11,360,21.600000,10000.000000,1,0,22293631,1135,8,1135,6,0,1,64
11,360,21.600000,10000.000000,1,0,22293641,1135,8,1135,6,0,1,64
11,360,21.600000,10000.000000,1,0,22293651,1135,8,1135,6,0,1,64
