11,720,82.800000,0.000000,0,1,22208457,600,22,600,22,0,1,5
11,720,82.800000,0.000000,0,1,22208458,600,22,600,22,0,1,5
11,720,82.800000,0.000000,0,1,22208468,600,22,600,22,0,1,5
11,720,82.800000,0.000000,0,1,22208484,600,22,600,22,0,1,5
11,720,82.800000,0.000000,0,1,22208494,600,21,600,21,0,1,5
11,720,82.800000,0.000000,0,1,22208505,602,21,602,21,0,1,5
11,720,82.800000,0.000000,0,1,22208516,608,20,608,20,0,1,5
11,720,82.800000,0.000000,0,1,22208526,620,18,620,18,0,1,5
11,720,82.800000,0.000000,0,1,22208539,639,17,639,17,0,1,5
11,720,82.800000,0.000000,0,1,22208549,672,16,672,16,0,1,5
11,720,82.800000,0.000000,0,1,22208561,719,16,719,16,0,1,5
11,720,82.800000,0.000000,0,1,22208572,781,16,781,16,0,1,5
11,720,82.800000,0.000000,0,1,22208583,845,15,845,15,0,1,5
11,720,82.800000,0.000000,0,1,22208594,916,15,916,15,0,1,5
11,720,82.800000,0.000000,0,1,22208604,980,14,980,14,0,1,5
11,720,82.800000,0.000000,0,1,22208615,1044,12,1044,12,0,1,5
11,720,82.800000,0.000000,0,1,22208625,1105,12,1105,12,0,1,5
11,720,82.800000,0.000000,0,1,22208636,1141,12,1141,12,0,1,5
11,720,82.800000,0.000000,0,1,22208648,1176,12,1176,12,0,1,5
11,720,82.800000,0.000000,0,1,22208659,1199,12,1199,12,0,1,5
11,720,82.800000,0.000000,0,1,22208673,1214,12,1214,12,0,1,5
11,720,82.800000,0.000000,0,1,22208684,1224,12,1224,12,0,1,5
11,720,82.800000,0.000000,0,1,22208694,1228,12,1228,12,0,1,5
11,720,82.800000,0.000000,0,1,22208704,1230,12,1230,12,0,1,5
11,720,82.800000,0.000000,0,1,22208715,1231,12,1231,12,0,1,5
11,720,82.800000,0.000000,0,1,22208726,1232,12,1232,12,0,1,5
11,720,82.800000,0.000000,0,1,22208736,1235,11,1235,11,0,1,5
11,720,82.800000,0.000000,0,1,22208752,1240,11,1240,11,0,1,5
11,720,82.800000,0.000000,0,1,22208768,1250,9,1250,9,0,1,5
11,720,82.800000,0.000000,0,1,22208778,1261,8,1261,8,0,1,5
11,720,82.800000,0.000000,0,1,22208790,1268,7,1268,7,0,1,5
11,720,82.800000,0.000000,0,1,22208800,1271,7,1271,7,0,1,5
11,720,82.800000,0.000000,0,1,22208814,1271,7,1271,7,0,1,5
11,720,82.800000,0.000000,0,1,22208824,1271,7,1271,7,0,1,5
11,720,82.800000,0.000000,0,1,22208833,1271,7,1271,7,0,1,5
11,720,82.800000,0.000000,0,1,22208843,1271,7,1271,7,0,1,5
11,720,82.800000,0.000000,0,1,22208853,1271,7,1271,7,0,1,5
11,720,82.800000,0.000000,0,1,22208862,1271,7,1271,7,0,1,5
11,720,82.800000,0.000000,0,1,22208872,1271,7,1271,7,0,1,5
11,720,82.800000,0.000000,0,1,22208882,1271,7,1271,7,0,1,5
11,720,82.800000,0.000000,0,1,22208892,1272,7,1272,7,0,1,5
11,720,82.800000,0.000000,0,1,22208903,1273,6,1273,6,0,1,5
11,720,82.800000,0.000000,0,1,22208914,1275,6,1275,6,0,1,5
11,720,82.800000,0.000000,0,1,22208924,1277,6,1277,6,0,1,5
11,720,82.800000,0.000000,0,1,22208938,1280,6,1280,6,0,1,5
11,720,82.800000,0.000000,0,1,22208949,1283,6,1283,6,0,1,5
11,720,82.800000,0.000000,0,1,22208964,1288,6,1288,6,0,1,5
11,720,82.800000,0.000000,0,1,22208976,1299,6,1299,6,0,1,5
11,720,82.800000,0.000000,0,1,22208986,1321,5,1321,5,0,1,5
11,720,82.800000,0.000000,0,1,22208997,1331,4,1331,4,0,1,5
11,720,82.800000,0.000000,0,1,22209008,1342,4,1342,4,0,1,5
11,720,82.800000,0.000000,0,1,22209019,1353,4,1353,4,0,1,5
11,720,82.800000,0.000000,0,1,22209029,1362,2,1362,2,0,1,5
11,720,82.800000,0.000000,0,1,22209039,1365,2,1365,2,0,1,5
11,720,82.800000,0.000000,0,1,22209048,1365,2,1365,2,0,1,5
11,720,82.800000,0.000000,0,1,22209058,1365,2,1365,2,0,1,5
11,720,82.800000,0.000000,0,1,22209068,1365,2,1365,2,0,1,5
11,720,82.800000,0.000000,0,1,22209078,1365,2,1365,2,0,1,5
11,720,82.800000,0.000000,0,1,22209088,1365,2,1365,2,0,1,5
11,720,82.800000,0.000000,0,1,22209097,1365,2,1365,2,0,1,5
11,720,82.800000,0.000000,0,1,22209112,1365,2,1365,2,1,1,5
