11,360,50.400000,10000.000000,1,0,22342274,780,0,780,0,0,1,98
11,360,50.400000,10000.000000,1,0,22342275,780,0,780,0,0,1,98
11,360,50.400000,10000.000000,1,0,22342285,780,0,780,-1,0,1,98
11,360,50.400000,10000.000000,1,0,22342295,782,0,782,-1,0,1,98
11,360,50.400000,10000.000000,1,0,22342306,785,0,785,-2,0,1,98
11,360,50.400000,10000.000000,1,0,22342317,789,0,789,-3,0,1,98
11,360,50.400000,10000.000000,1,0,22342329,798,0,798,-5,0,1,98
11,360,50.400000,10000.000000,1,0,22342339,810,0,810,-5,0,1,98
11,360,50.400000,10000.000000,1,0,22342351,827,0,827,-6,0,1,98
11,360,50.400000,10000.000000,1,0,22342361,853,0,853,-6,0,1,98
11,360,50.400000,10000.000000,1,0,22342373,878,0,878,-6,0,1,98
11,360,50.400000,10000.000000,1,0,22342384,910,0,910,-6,0,1,98
11,360,50.400000,10000.000000,1,0,22342396,943,0,943,-6,0,1,98
11,360,50.400000,10000.000000,1,0,22342406,973,0,973,-6,0,1,98
11,360,50.400000,10000.000000,1,0,22342417,997,0,997,-6,0,1,98
11,360,50.400000,10000.000000,1,0,22342429,1016,0,1016,-6,0,1,98
11,360,50.400000,10000.000000,1,0,22342440,1031,0,1031,-7,0,1,98
11,360,50.400000,10000.000000,1,0,22342454,1039,0,1039,-7,0,1,98
11,360,50.400000,10000.000000,1,0,22342466,1044,0,1044,-8,0,1,98
11,360,50.400000,10000.000000,1,0,22342476,1045,0,1045,-8,0,1,98
11,360,50.400000,10000.000000,1,0,22342486,1045,0,1045,-8,0,1,98
11,360,50.400000,10000.000000,1,0,22342497,1045,0,1045,-8,0,1,98
11,360,50.400000,10000.000000,1,0,22342507,1045,0,1045,-8,0,1,98
11,360,50.400000,10000.000000,1,0,22342518,1047,0,1047,-8,0,1,98
11,360,50.400000,10000.000000,1,0,22342528,1050,0,1050,-8,0,1,98
11,360,50.400000,10000.000000,1,0,22342540,1056,0,1056,-8,0,1,98
11,360,50.400000,10000.000000,1,0,22342550,1064,0,1064,-8,0,1,98
11,360,50.400000,10000.000000,1,0,22342561,1073,0,1073,-8,0,1,98
11,360,50.400000,10000.000000,1,0,22342573,1081,0,1081,-8,0,1,98
11,360,50.400000,10000.000000,1,0,22342583,1087,0,1087,-8,0,1,98
11,360,50.400000,10000.000000,1,0,22342594,1089,0,1089,-8,0,1,98
11,360,50.400000,10000.000000,1,0,22342604,1091,0,1091,-8,0,1,98
11,360,50.400000,10000.000000,1,0,22342614,1091,0,1091,-8,0,1,98
11,360,50.400000,10000.000000,1,0,22342627,1091,0,1091,-8,0,1,98
11,360,50.400000,10000.000000,1,0,22342636,1091,0,1091,-8,0,1,98
11,360,50.400000,10000.000000,1,0,22342646,1091,0,1091,-8,0,1,98
11,360,50.400000,10000.000000,1,0,22342656,1091,0,1091,-8,0,1,98
11,360,50.400000,10000.000000,1,0,22342670,1094,0,1094,-8,0,1,98
11,360,50.400000,10000.000000,1,0,22342681,1099,0,1099,-8,0,1,98
11,360,50.400000,10000.000000,1,0,22342693,1105,1,1105,-7,0,1,98
11,360,50.400000,10000.000000,1,0,22342708,1112,1,1112,-7,0,1,98
11,360,50.400000,10000.000000,1,0,22342722,1120,2,1120,-6,0,1,98
11,360,50.400000,10000.000000,1,0,22342732,1123,2,1123,-6,0,1,98
11,360,50.400000,10000.000000,1,0,22342742,1124,2,1124,-6,0,1,98
11,360,50.400000,10000.000000,1,0,22342753,1124,2,1124,-6,0,1,98
11,360,50.400000,10000.000000,1,0,22342764,1124,2,1124,-6,0,1,98
11,360,50.400000,10000.000000,1,0,22342774,1124,2,1124,-6,0,1,98
11,360,50.400000,10000.000000,1,0,22342784,1124,2,1124,-6,0,1,98
11,360,50.400000,10000.000000,1,0,22342794,1124,2,1124,-6,0,1,98
11,360,50.400000,10000.000000,1,0,22342804,1125,2,1125,-6,0,1,98
11,360,50.400000,10000.000000,1,0,22342814,1126,3,1126,-5,0,1,98
11,360,50.400000,10000.000000,1,0,22342824,1126,3,1126,-5,0,1,98
11,360,50.400000,10000.000000,1,0,22342835,1126,3,1126,-5,0,1,98
11,360,50.400000,10000.000000,1,0,22342845,1126,3,1126,-5,0,1,98
11,360,50.400000,10000.000000,1,0,22342855,1126,3,1126,-5,0,1,98
11,360,50.400000,10000.000000,1,0,22342865,1126,3,1126,-5,0,1,98
11,360,50.400000,10000.000000,1,0,22342876,1126,3,1126,-5,0,1,98
11,360,50.400000,10000.000000,1,0,22342885,1126,3,1126,-5,0,1,98
11,360,50.400000,10000.000000,1,0,22342895,1126,3,1126,-5,0,1,98
