11,360,21.600000,42.984000,1,1,22505074,780,22,780,22,0,2,92
11,360,21.600000,42.984000,1,1,22505075,780,22,780,22,0,2,92
11,360,21.600000,42.984000,1,1,22505085,780,22,780,22,0,2,92
11,360,21.600000,42.984000,1,1,22505095,780,22,780,22,0,2,92
11,360,21.600000,42.984000,1,1,22505106,780,22,780,22,0,2,92
11,360,21.600000,42.984000,1,1,22505117,781,22,781,22,0,2,92
11,360,21.600000,42.984000,1,1,22505129,783,21,783,21,0,2,92
11,360,21.600000,42.984000,1,1,22505141,787,19,787,19,0,2,92
11,360,21.600000,42.984000,1,1,22505152,793,17,793,17,0,2,92
11,360,21.600000,42.984000,1,1,22505163,802,14,802,14,0,2,92
11,360,21.600000,42.984000,1,1,22505176,817,11,817,11,0,2,92
11,360,21.600000,42.984000,1,1,22505186,842,9,842,9,0,2,92
11,360,21.600000,42.984000,1,1,22505197,865,8,865,8,0,2,92
11,360,21.600000,42.984000,1,1,22505207,895,6,895,6,0,2,92
11,360,21.600000,42.984000,1,1,22505218,924,3,924,3,0,2,92
11,360,21.600000,42.984000,1,1,22505229,955,0,955,0,0,2,92
11,360,21.600000,42.984000,1,1,22505240,979,0,979,-2,0,2,92
11,360,21.600000,42.984000,1,1,22505252,1004,0,1004,-5,0,2,92
11,360,21.600000,42.984000,1,1,22505264,1022,0,1022,-6,0,2,92
11,360,21.600000,42.984000,1,1,22505275,1036,0,1036,-7,0,2,92
11,360,21.600000,42.984000,1,1,22505285,1043,0,1043,-7,0,2,92
11,360,21.600000,42.984000,1,1,22505297,1045,0,1045,-7,0,2,92
11,360,21.600000,42.984000,1,1,22505308,1046,0,1046,-7,0,2,92
11,360,21.600000,42.984000,1,1,22505319,1047,0,1047,-7,0,2,92
11,360,21.600000,42.984000,1,1,22505329,1047,0,1047,-7,0,2,92
11,360,21.600000,42.984000,1,1,22505341,1048,0,1048,-7,0,2,92
11,360,21.600000,42.984000,1,1,22505353,1051,0,1051,-7,0,2,92
11,360,21.600000,42.984000,1,1,22505365,1055,0,1055,-7,0,2,92
11,360,21.600000,42.984000,1,1,22505375,1061,0,1061,-7,0,2,92
11,360,21.600000,42.984000,1,1,22505386,1066,0,1066,-7,0,2,92
11,360,21.600000,42.984000,1,1,22505396,1073,0,1073,-8,0,2,92
11,360,21.600000,42.984000,1,1,22505408,1081,0,1081,-8,0,2,92
11,360,21.600000,42.984000,1,1,22505418,1088,0,1088,-8,0,2,92
11,360,21.600000,42.984000,1,1,22505430,1093,0,1093,-8,0,2,92
11,360,21.600000,42.984000,1,1,22505440,1095,0,1095,-8,0,2,92
11,360,21.600000,42.984000,1,1,22505450,1096,0,1096,-8,0,2,92
11,360,21.600000,42.984000,1,1,22505461,1096,0,1096,-8,0,2,92
11,360,21.600000,42.984000,1,1,22505471,1097,0,1097,-8,0,2,92
11,360,21.600000,42.984000,1,1,22505482,1100,0,1100,-8,0,2,92
11,360,21.600000,42.984000,1,1,22505494,1104,0,1104,-8,0,2,92
11,360,21.600000,42.984000,1,1,22505506,1109,0,1109,-8,0,2,92
11,360,21.600000,42.984000,1,1,22505518,1117,0,1117,-8,0,2,92
11,360,21.600000,42.984000,1,1,22505530,1125,0,1125,-9,0,2,92
11,360,21.600000,42.984000,1,1,22505541,1134,0,1134,-9,0,2,92
11,360,21.600000,42.984000,1,1,22505552,1139,0,1139,-9,0,2,92
11,360,21.600000,42.984000,1,1,22505564,1142,0,1142,-9,0,2,92
11,360,21.600000,42.984000,1,1,22505574,1143,0,1143,-10,0,2,92
11,360,21.600000,42.984000,1,1,22505585,1144,0,1144,-11,0,2,92
11,360,21.600000,42.984000,1,1,22505596,1144,0,1144,-11,0,2,92
11,360,21.600000,42.984000,1,1,22505605,1144,0,1144,-11,0,2,92
11,360,21.600000,42.984000,1,1,22505616,1144,0,1144,-11,0,2,92
11,360,21.600000,42.984000,1,1,22505627,1144,0,1144,-11,0,2,92
11,360,21.600000,42.984000,1,1,22505638,1144,0,1144,-11,0,2,92
11,360,21.600000,42.984000,1,1,22505648,1144,0,1144,-11,0,2,92
11,360,21.600000,42.984000,1,1,22505659,1144,0,1144,-11,0,2,92
11,360,21.600000,42.984000,1,1,22505670,1144,0,1144,-11,0,2,92
11,360,21.600000,42.984000,1,1,22505682,1144,0,1144,-11,0,2,92
11,360,21.600000,42.984000,1,1,22505692,1144,0,1144,-11,0,2,92
11,360,21.600000,42.984000,1,1,22505703,1144,0,1144,-11,0,2,92
11,360,21.600000,42.984000,1,1,22505720,1144,0,1144,-11,0,2,92
11,360,21.600000,42.984000,1,1,22505736,1144,0,1144,-11,0,2,92
11,360,21.600000,42.984000,1,1,22505747,1144,0,1144,-11,0,2,92
11,360,21.600000,42.984000,1,1,22505758,1144,0,1144,-11,0,2,92
11,360,21.600000,42.984000,1,1,22505769,1143,0,1143,-11,0,2,92
11,360,21.600000,42.984000,1,1,22505779,1143,0,1143,-11,0,2,92
11,360,21.600000,42.984000,1,1,22505790,1143,0,1143,-11,0,2,92
11,360,21.600000,42.984000,1,1,22505800,1143,0,1143,-11,0,2,92
11,360,21.600000,42.984000,1,1,22505810,1143,0,1143,-11,0,2,92
11,360,21.600000,42.984000,1,1,22505819,1143,0,1143,-11,0,2,92
