11,720,82.800000,10000.000000,1,1,22397605,600,22,600,22,0,2,16
11,720,82.800000,10000.000000,1,1,22397606,600,22,600,22,0,2,16
11,720,82.800000,10000.000000,1,1,22397616,600,22,600,22,0,2,16
11,720,82.800000,10000.000000,1,1,22397626,601,21,601,21,0,2,16
11,720,82.800000,10000.000000,1,1,22397637,602,20,602,20,0,2,16
11,720,82.800000,10000.000000,1,1,22397648,603,19,603,19,0,2,16
11,720,82.800000,10000.000000,1,1,22397659,605,18,605,18,0,2,16
11,720,82.800000,10000.000000,1,1,22397670,608,16,608,16,0,2,16
11,720,82.800000,10000.000000,1,1,22397681,615,14,615,14,0,2,16
11,720,82.800000,10000.000000,1,1,22397691,630,12,630,12,0,2,16
11,720,82.800000,10000.000000,1,1,22397704,650,12,650,12,0,2,16
11,720,82.800000,10000.000000,1,1,22397716,693,12,693,12,0,2,16
11,720,82.800000,10000.000000,1,1,22397727,740,12,740,12,0,2,16
11,720,82.800000,10000.000000,1,1,22397737,814,12,814,12,0,2,16
11,720,82.800000,10000.000000,1,1,22397748,889,13,889,13,0,2,16
11,720,82.800000,10000.000000,1,1,22397758,960,13,960,13,0,2,16
11,720,82.800000,10000.000000,1,1,22397769,1035,13,1035,13,0,2,16
11,720,82.800000,10000.000000,1,1,22397779,1110,14,1110,14,0,2,16
11,720,82.800000,10000.000000,1,1,22397790,1166,16,1166,16,0,2,16
11,720,82.800000,10000.000000,1,1,22397802,1224,18,1224,18,0,2,16
11,720,82.800000,10000.000000,1,1,22397811,1255,19,1255,19,0,2,16
11,720,82.800000,10000.000000,1,1,22397822,1276,20,1276,20,0,2,16
11,720,82.800000,10000.000000,1,1,22397834,1287,20,1287,20,0,2,16
11,720,82.800000,10000.000000,1,1,22397843,1292,20,1292,20,0,2,16
11,720,82.800000,10000.000000,1,1,22397855,1292,20,1292,20,0,2,16
11,720,82.800000,10000.000000,1,1,22397865,1292,20,1292,20,0,2,16
11,720,82.800000,10000.000000,1,1,22397875,1292,20,1292,20,0,2,16
11,720,82.800000,10000.000000,1,1,22397885,1292,20,1292,20,0,2,16
11,720,82.800000,10000.000000,1,1,22397895,1293,20,1293,20,0,2,16
11,720,82.800000,10000.000000,1,1,22397905,1294,20,1294,20,0,2,16
11,720,82.800000,10000.000000,1,1,22397916,1295,20,1295,20,0,2,16
11,720,82.800000,10000.000000,1,1,22397927,1296,20,1296,20,0,2,16
11,720,82.800000,10000.000000,1,1,22397937,1296,19,1296,19,0,2,16
11,720,82.800000,10000.000000,1,1,22397947,1297,18,1297,18,0,2,16
11,720,82.800000,10000.000000,1,1,22397957,1298,17,1298,17,0,2,16
11,720,82.800000,10000.000000,1,1,22397967,1299,16,1299,16,0,2,16
11,720,82.800000,10000.000000,1,1,22397978,1301,16,1301,16,0,2,16
11,720,82.800000,10000.000000,1,1,22397988,1303,16,1303,16,0,2,16
11,720,82.800000,10000.000000,1,1,22397998,1305,14,1305,14,0,2,16
11,720,82.800000,10000.000000,1,1,22398008,1306,14,1306,14,0,2,16
11,720,82.800000,10000.000000,1,1,22398019,1307,13,1307,13,0,2,16
11,720,82.800000,10000.000000,1,1,22398029,1307,13,1307,13,0,2,16
11,720,82.800000,10000.000000,1,1,22398040,1307,13,1307,13,0,2,16
11,720,82.800000,10000.000000,1,1,22398051,1307,13,1307,13,0,2,16
11,720,82.800000,10000.000000,1,1,22398061,1308,13,1308,13,0,2,16
11,720,82.800000,10000.000000,1,1,22398072,1308,13,1308,13,0,2,16
11,720,82.800000,10000.000000,1,1,22398083,1308,12,1308,12,0,2,16
11,720,82.800000,10000.000000,1,1,22398093,1308,12,1308,12,0,2,16
11,720,82.800000,10000.000000,1,1,22398102,1308,12,1308,12,0,2,16
11,720,82.800000,10000.000000,1,1,22398111,1308,12,1308,12,0,2,16
