11,360,21.600000,0.000000,1,1,22488298,780,22,780,22,0,2,80
11,360,21.600000,0.000000,1,1,22488299,780,22,780,22,0,2,80
11,360,21.600000,0.000000,1,1,22488309,780,22,780,22,0,2,80
11,360,21.600000,0.000000,1,1,22488324,780,22,780,22,0,2,80
11,360,21.600000,0.000000,1,1,22488341,780,22,780,22,0,2,80
11,360,21.600000,0.000000,1,1,22488356,780,22,780,22,0,2,80
11,360,21.600000,0.000000,1,1,22488367,780,22,780,22,0,2,80
11,360,21.600000,0.000000,1,1,22488378,782,22,782,22,0,2,80
11,360,21.600000,0.000000,1,1,22488391,786,22,786,22,0,2,80
11,360,21.600000,0.000000,1,1,22488404,795,22,795,22,0,2,80
11,360,21.600000,0.000000,1,1,22488415,806,22,806,22,0,2,80
11,360,21.600000,0.000000,1,1,22488427,823,22,823,22,0,2,80
11,360,21.600000,0.000000,1,1,22488438,850,22,850,22,0,2,80
11,360,21.600000,0.000000,1,1,22488451,880,22,880,22,0,2,80
11,360,21.600000,0.000000,1,1,22488466,920,22,920,22,0,2,80
11,360,21.600000,0.000000,1,1,22488477,982,22,982,22,0,2,80
11,360,21.600000,0.000000,1,1,22488488,1015,22,1015,22,0,2,80
11,360,21.600000,0.000000,1,1,22488498,1043,21,1043,21,0,2,80
11,360,21.600000,0.000000,1,1,22488510,1062,20,1062,20,0,2,80
11,360,21.600000,0.000000,1,1,22488521,1072,19,1072,19,0,2,80
11,360,21.600000,0.000000,1,1,22488532,1076,18,1076,18,0,2,80
11,360,21.600000,0.000000,1,1,22488542,1076,17,1076,17,0,2,80
11,360,21.600000,0.000000,1,1,22488552,1076,16,1076,16,0,2,80
11,360,21.600000,0.000000,1,1,22488563,1077,16,1077,16,0,2,80
11,360,21.600000,0.000000,1,1,22488574,1078,16,1078,16,0,2,80
11,360,21.600000,0.000000,1,1,22488586,1080,15,1080,15,0,2,80
11,360,21.600000,0.000000,1,1,22488597,1082,14,1082,14,0,2,80
11,360,21.600000,0.000000,1,1,22488607,1085,13,1085,13,0,2,80
11,360,21.600000,0.000000,1,1,22488617,1088,10,1088,10,0,2,80
11,360,21.600000,0.000000,1,1,22488629,1091,8,1091,8,0,2,80
11,360,21.600000,0.000000,1,1,22488641,1095,5,1095,5,0,2,80
11,360,21.600000,0.000000,1,1,22488651,1101,2,1101,2,0,2,80
11,360,21.600000,0.000000,1,1,22488667,1109,0,1109,-2,0,2,80
11,360,21.600000,0.000000,1,1,22488677,1122,0,1122,-6,0,2,80
11,360,21.600000,0.000000,1,1,22488689,1128,0,1128,-8,0,2,80
11,360,21.600000,0.000000,1,1,22488699,1132,0,1132,-9,0,2,80
11,360,21.600000,0.000000,1,1,22488710,1133,0,1133,-9,0,2,80
11,360,21.600000,0.000000,1,1,22488720,1133,0,1133,-9,0,2,80
11,360,21.600000,0.000000,1,1,22488730,1133,0,1133,-9,0,2,80
11,360,21.600000,0.000000,1,1,22488740,1133,0,1133,-9,0,2,80
11,360,21.600000,0.000000,1,1,22488751,1133,0,1133,-9,0,2,80
11,360,21.600000,0.000000,1,1,22488761,1133,0,1133,-9,0,2,80
11,360,21.600000,0.000000,1,1,22488772,1133,0,1133,-9,0,2,80
11,360,21.600000,0.000000,1,1,22488782,1133,0,1133,-9,0,2,80
11,360,21.600000,0.000000,1,1,22488792,1133,0,1133,-9,0,2,80
11,360,21.600000,0.000000,1,1,22488803,1133,0,1133,-9,0,2,80
11,360,21.600000,0.000000,1,1,22488816,1133,0,1133,-9,0,2,80
11,360,21.600000,0.000000,1,1,22488827,1133,0,1133,-9,0,2,80
11,360,21.600000,0.000000,1,1,22488837,1134,0,1134,-9,0,2,80
11,360,21.600000,0.000000,1,1,22488847,1134,0,1134,-9,0,2,80
11,360,21.600000,0.000000,1,1,22488857,1135,0,1135,-9,0,2,80
11,360,21.600000,0.000000,1,1,22488868,1135,0,1135,-9,0,2,80
11,360,21.600000,0.000000,1,1,22488878,1135,1,1135,-8,0,2,80
11,360,21.600000,0.000000,1,1,22488889,1135,1,1135,-8,0,2,80
11,360,21.600000,0.000000,1,1,22488899,1136,1,1136,-8,0,2,80
11,360,21.600000,0.000000,1,1,22488908,1137,1,1137,-8,0,2,80
