11,360,82.800000,12.276000,0,0,22461989,780,0,780,0,0,2,61
11,360,82.800000,12.276000,0,0,22461989,780,0,780,0,0,2,61
11,360,82.800000,12.276000,0,0,22462000,780,0,780,0,0,2,61
11,360,82.800000,12.276000,0,0,22462011,780,0,780,0,0,2,61
11,360,82.800000,12.276000,0,0,22462022,781,0,781,-1,0,2,61
11,360,82.800000,12.276000,0,0,22462032,782,0,782,-1,0,2,61
11,360,82.800000,12.276000,0,0,22462043,784,0,784,-1,0,2,61
11,360,82.800000,12.276000,0,0,22462053,786,0,786,-2,0,2,61
11,360,82.800000,12.276000,0,0,22462065,789,0,789,-3,0,2,61
11,360,82.800000,12.276000,0,0,22462078,795,0,795,-4,0,2,61
11,360,82.800000,12.276000,0,0,22462089,807,0,807,-4,0,2,61
11,360,82.800000,12.276000,0,0,22462100,821,2,821,-2,0,2,61
11,360,82.800000,12.276000,0,0,22462111,845,4,845,0,0,2,61
11,360,82.800000,12.276000,0,0,22462122,872,6,872,2,0,2,61
11,360,82.800000,12.276000,0,0,22462133,902,7,902,3,0,2,61
11,360,82.800000,12.276000,0,0,22462144,941,7,941,3,0,2,61
11,360,82.800000,12.276000,0,0,22462155,975,7,975,3,0,2,61
11,360,82.800000,12.276000,0,0,22462166,1008,7,1008,3,0,2,61
11,360,82.800000,12.276000,0,0,22462177,1034,7,1034,3,0,2,61
11,360,82.800000,12.276000,0,0,22462188,1058,7,1058,3,0,2,61
11,360,82.800000,12.276000,0,0,22462199,1075,7,1075,3,0,2,61
11,360,82.800000,12.276000,0,0,22462214,1088,7,1088,3,0,2,61
11,360,82.800000,12.276000,0,0,22462225,1096,7,1096,3,0,2,61
11,360,82.800000,12.276000,0,0,22462234,1099,7,1099,3,0,2,61
11,360,82.800000,12.276000,0,0,22462245,1101,7,1101,3,0,2,61
11,360,82.800000,12.276000,0,0,22462255,1103,7,1103,3,0,2,61
11,360,82.800000,12.276000,0,0,22462267,1104,7,1104,3,0,2,61
11,360,82.800000,12.276000,0,0,22462279,1106,7,1106,3,0,2,61
11,360,82.800000,12.276000,0,0,22462294,1107,7,1107,3,0,2,61
11,360,82.800000,12.276000,0,0,22462309,1109,6,1109,2,0,2,61
11,360,82.800000,12.276000,0,0,22462324,1111,6,1111,2,0,2,61
11,360,82.800000,12.276000,0,0,22462334,1114,5,1114,1,0,2,61
11,360,82.800000,12.276000,0,0,22462344,1117,5,1117,1,0,2,61
11,360,82.800000,12.276000,0,0,22462354,1119,4,1119,0,0,2,61
11,360,82.800000,12.276000,0,0,22462365,1121,4,1121,0,0,2,61
11,360,82.800000,12.276000,0,0,22462375,1123,4,1123,0,0,2,61
11,360,82.800000,12.276000,0,0,22462385,1125,4,1125,0,0,2,61
11,360,82.800000,12.276000,0,0,22462395,1127,4,1127,0,0,2,61
11,360,82.800000,12.276000,0,0,22462405,1128,4,1128,0,0,2,61
11,360,82.800000,12.276000,0,0,22462419,1128,4,1128,0,0,2,61
11,360,82.800000,12.276000,0,0,22462429,1128,4,1128,0,0,2,61
11,360,82.800000,12.276000,0,0,22462439,1128,4,1128,0,0,2,61
11,360,82.800000,12.276000,0,0,22462449,1128,4,1128,0,0,2,61
11,360,82.800000,12.276000,0,0,22462459,1128,4,1128,0,0,2,61
11,360,82.800000,12.276000,0,0,22462469,1128,4,1128,0,0,2,61
11,360,82.800000,12.276000,0,0,22462478,1128,4,1128,0,0,2,61
