11,720,82.800000,12.276000,0,1,22412631,600,22,600,22,0,2,26
11,720,82.800000,12.276000,0,1,22412631,600,22,600,22,0,2,26
11,720,82.800000,12.276000,0,1,22412642,600,21,600,21,0,2,26
11,720,82.800000,12.276000,0,1,22412652,601,21,601,21,0,2,26
11,720,82.800000,12.276000,0,1,22412663,603,19,603,19,0,2,26
11,720,82.800000,12.276000,0,1,22412677,606,18,606,18,0,2,26
11,720,82.800000,12.276000,0,1,22412688,611,16,611,16,0,2,26
11,720,82.800000,12.276000,0,1,22412699,621,14,621,14,0,2,26
11,720,82.800000,12.276000,0,1,22412709,636,12,636,12,0,2,26
11,720,82.800000,12.276000,0,1,22412721,657,12,657,12,0,2,26
11,720,82.800000,12.276000,0,1,22412732,690,12,690,12,0,2,26
11,720,82.800000,12.276000,0,1,22412743,730,12,730,12,0,2,26
11,720,82.800000,12.276000,0,1,22412754,788,12,788,12,0,2,26
11,720,82.800000,12.276000,0,1,22412765,849,14,849,14,0,2,26
11,720,82.800000,12.276000,0,1,22412776,911,16,911,16,0,2,26
11,720,82.800000,12.276000,0,1,22412787,994,20,994,20,0,2,26
11,720,82.800000,12.276000,0,1,22412798,1067,22,1067,22,0,2,26
11,720,82.800000,12.276000,0,1,22412809,1126,25,1126,25,0,2,26
11,720,82.800000,12.276000,0,1,22412819,1176,29,1176,29,0,2,26
11,720,82.800000,12.276000,0,1,22412830,1212,31,1212,31,0,2,26
11,720,82.800000,12.276000,0,1,22412841,1242,34,1242,34,0,2,26
11,720,82.800000,12.276000,0,1,22412852,1264,35,1264,35,0,2,26
11,720,82.800000,12.276000,0,1,22412862,1277,36,1277,36,0,2,26
11,720,82.800000,12.276000,0,1,22412873,1285,36,1285,36,0,2,26
11,720,82.800000,12.276000,0,1,22412884,1289,36,1289,36,0,2,26
11,720,82.800000,12.276000,0,1,22412895,1290,36,1290,36,0,2,26
11,720,82.800000,12.276000,0,1,22412905,1290,36,1290,36,0,2,26
11,720,82.800000,12.276000,0,1,22412916,1290,36,1290,36,0,2,26
11,720,82.800000,12.276000,0,1,22412927,1290,36,1290,36,0,2,26
11,720,82.800000,12.276000,0,1,22412938,1291,36,1291,36,0,2,26
11,720,82.800000,12.276000,0,1,22412949,1291,36,1291,36,0,2,26
11,720,82.800000,12.276000,0,1,22412962,1291,36,1291,36,0,2,26
11,720,82.800000,12.276000,0,1,22412973,1291,35,1291,35,0,2,26
11,720,82.800000,12.276000,0,1,22412984,1291,35,1291,35,0,2,26
11,720,82.800000,12.276000,0,1,22412994,1291,35,1291,35,0,2,26
11,720,82.800000,12.276000,0,1,22413004,1291,35,1291,35,0,2,26
11,720,82.800000,12.276000,0,1,22413015,1292,35,1292,35,0,2,26
11,720,82.800000,12.276000,0,1,22413025,1294,35,1294,35,0,2,26
11,720,82.800000,12.276000,0,1,22413041,1295,34,1295,34,0,2,26
11,720,82.800000,12.276000,0,1,22413056,1298,33,1298,33,0,2,26
11,720,82.800000,12.276000,0,1,22413067,1301,31,1301,31,0,2,26
11,720,82.800000,12.276000,0,1,22413077,1303,30,1303,30,0,2,26
11,720,82.800000,12.276000,0,1,22413088,1304,29,1304,29,0,2,26
11,720,82.800000,12.276000,0,1,22413098,1306,27,1306,27,0,2,26
11,720,82.800000,12.276000,0,1,22413109,1307,26,1307,26,0,2,26
11,720,82.800000,12.276000,0,1,22413120,1310,24,1310,24,0,2,26
11,720,82.800000,12.276000,0,1,22413134,1312,23,1312,23,0,2,26
11,720,82.800000,12.276000,0,1,22413149,1315,21,1315,21,0,2,26
11,720,82.800000,12.276000,0,1,22413159,1318,19,1318,19,0,2,26
11,720,82.800000,12.276000,0,1,22413169,1320,17,1320,17,0,2,26
11,720,82.800000,12.276000,0,1,22413178,1321,16,1321,16,0,2,26
11,720,82.800000,12.276000,0,1,22413188,1322,16,1322,16,0,2,26
11,720,82.800000,12.276000,0,1,22413198,1322,16,1322,16,0,2,26
11,720,82.800000,12.276000,0,1,22413207,1322,16,1322,16,0,2,26
