11,720,21.600000,42.984000,0,0,22507739,600,0,600,0,0,2,94
11,720,21.600000,42.984000,0,0,22507740,600,0,600,0,0,2,94
11,720,21.600000,42.984000,0,0,22507751,600,0,600,0,0,2,94
11,720,21.600000,42.984000,0,0,22507762,600,0,600,0,0,2,94
11,720,21.600000,42.984000,0,0,22507773,600,0,600,0,0,2,94
11,720,21.600000,42.984000,0,0,22507783,602,0,602,-1,0,2,94
11,720,21.600000,42.984000,0,0,22507794,606,0,606,-1,0,2,94
11,720,21.600000,42.984000,0,0,22507806,613,0,613,-2,0,2,94
11,720,21.600000,42.984000,0,0,22507817,625,0,625,-3,0,2,94
11,720,21.600000,42.984000,0,0,22507831,645,0,645,-3,0,2,94
11,720,21.600000,42.984000,0,0,22507842,684,0,684,-4,0,2,94
11,720,21.600000,42.984000,0,0,22507852,731,1,731,-3,0,2,94
11,720,21.600000,42.984000,0,0,22507864,794,3,794,-1,0,2,94
11,720,21.600000,42.984000,0,0,22507874,866,4,866,0,0,2,94
11,720,21.600000,42.984000,0,0,22507886,937,4,937,0,0,2,94
11,720,21.600000,42.984000,0,0,22507896,1020,5,1020,1,0,2,94
11,720,21.600000,42.984000,0,0,22507908,1090,5,1090,1,0,2,94
11,720,21.600000,42.984000,0,0,22507919,1149,6,1149,2,0,2,94
11,720,21.600000,42.984000,0,0,22507930,1184,7,1184,3,0,2,94
11,720,21.600000,42.984000,0,0,22507940,1206,8,1206,4,0,2,94
11,720,21.600000,42.984000,0,0,22507952,1220,8,1220,4,0,2,94
11,720,21.600000,42.984000,0,0,22507963,1227,8,1227,4,0,2,94
11,720,21.600000,42.984000,0,0,22507974,1230,8,1230,4,0,2,94
11,720,21.600000,42.984000,0,0,22507984,1231,8,1231,4,0,2,94
11,720,21.600000,42.984000,0,0,22507995,1232,8,1232,4,0,2,94
11,720,21.600000,42.984000,0,0,22508007,1235,8,1235,4,0,2,94
11,720,21.600000,42.984000,0,0,22508019,1241,7,1241,3,0,2,94
11,720,21.600000,42.984000,0,0,22508031,1247,7,1247,3,0,2,94
11,720,21.600000,42.984000,0,0,22508041,1253,6,1253,2,0,2,94
11,720,21.600000,42.984000,0,0,22508052,1259,6,1259,2,0,2,94
11,720,21.600000,42.984000,0,0,22508062,1265,6,1265,2,0,2,94
11,720,21.600000,42.984000,0,0,22508073,1271,6,1271,2,0,2,94
11,720,21.600000,42.984000,0,0,22508083,1277,5,1277,1,0,2,94
11,720,21.600000,42.984000,0,0,22508094,1280,5,1280,1,0,2,94
11,720,21.600000,42.984000,0,0,22508104,1284,5,1284,1,0,2,94
11,720,21.600000,42.984000,0,0,22508115,1284,5,1284,1,0,2,94
11,720,21.600000,42.984000,0,0,22508125,1284,5,1284,1,0,2,94
11,720,21.600000,42.984000,0,0,22508136,1284,5,1284,1,0,2,94
11,720,21.600000,42.984000,0,0,22508147,1284,5,1284,1,0,2,94
11,720,21.600000,42.984000,0,0,22508157,1284,5,1284,1,0,2,94
11,720,21.600000,42.984000,0,0,22508168,1284,5,1284,1,0,2,94
11,720,21.600000,42.984000,0,0,22508178,1284,5,1284,1,0,2,94
11,720,21.600000,42.984000,0,0,22508189,1284,5,1284,1,0,2,94
11,720,21.600000,42.984000,0,0,22508200,1284,5,1284,1,0,2,94
11,720,21.600000,42.984000,0,0,22508210,1284,5,1284,1,0,2,94
11,720,21.600000,42.984000,0,0,22508221,1284,5,1284,1,0,2,94
11,720,21.600000,42.984000,0,0,22508231,1284,5,1284,1,0,2,94
11,720,21.600000,42.984000,0,0,22508242,1284,5,1284,1,0,2,94
11,720,21.600000,42.984000,0,0,22508252,1284,5,1284,1,0,2,94
11,720,21.600000,42.984000,0,0,22508264,1284,5,1284,1,0,2,94
11,720,21.600000,42.984000,0,0,22508274,1285,4,1285,0,0,2,94
11,720,21.600000,42.984000,0,0,22508285,1285,4,1285,0,0,2,94
11,720,21.600000,42.984000,0,0,22508296,1287,4,1287,0,0,2,94
11,720,21.600000,42.984000,0,0,22508307,1289,3,1289,-1,0,2,94
11,720,21.600000,42.984000,0,0,22508317,1291,3,1291,-1,0,2,94
11,720,21.600000,42.984000,0,0,22508327,1293,3,1293,-1,0,2,94
11,720,21.600000,42.984000,0,0,22508338,1295,3,1295,-1,0,2,94
11,720,21.600000,42.984000,0,0,22508348,1297,3,1297,-1,0,2,94
11,720,21.600000,42.984000,0,0,22508358,1299,2,1299,-2,0,2,94
11,720,21.600000,42.984000,0,0,22508369,1303,2,1303,-2,0,2,94
11,720,21.600000,42.984000,0,0,22508380,1306,1,1306,-3,0,2,94
11,720,21.600000,42.984000,0,0,22508390,1309,1,1309,-3,0,2,94
11,720,21.600000,42.984000,0,0,22508400,1312,0,1312,-4,0,2,94
11,720,21.600000,42.984000,0,0,22508410,1313,0,1313,-4,0,2,94
11,720,21.600000,42.984000,0,0,22508421,1313,0,1313,-4,0,2,94
11,720,21.600000,42.984000,0,0,22508431,1313,0,1313,-4,0,2,94
11,720,21.600000,42.984000,0,0,22508442,1313,0,1313,-4,0,2,94
11,720,21.600000,42.984000,0,0,22508453,1313,0,1313,-4,0,2,94
11,720,21.600000,42.984000,0,0,22508463,1313,0,1313,-4,0,2,94
11,720,21.600000,42.984000,0,0,22508473,1313,0,1313,-4,0,2,94
11,720,21.600000,42.984000,0,0,22508484,1313,0,1313,-4,0,2,94
11,720,21.600000,42.984000,0,0,22508494,1313,0,1313,-4,0,2,94
