11,360,82.800000,22.608000,1,0,22409488,780,0,780,0,0,2,24
11,360,82.800000,22.608000,1,0,22409489,780,0,780,0,0,2,24
11,360,82.800000,22.608000,1,0,22409500,789,2,789,2,0,2,24
11,360,82.800000,22.608000,1,0,22409512,791,2,791,2,0,2,24
11,360,82.800000,22.608000,1,0,22409523,793,2,793,2,0,2,24
11,360,82.800000,22.608000,1,0,22409533,793,2,793,2,0,2,24
11,360,82.800000,22.608000,1,0,22409543,793,2,793,2,0,2,24
11,360,82.800000,22.608000,1,0,22409554,793,2,793,2,0,2,24
11,360,82.800000,22.608000,1,0,22409565,793,2,793,2,0,2,24
11,360,82.800000,22.608000,1,0,22409575,793,2,793,2,0,2,24
11,360,82.800000,22.608000,1,0,22409586,793,2,793,2,0,2,24
11,360,82.800000,22.608000,1,0,22409598,793,3,793,3,0,2,24
11,360,82.800000,22.608000,1,0,22409609,791,4,791,4,0,2,24
11,360,82.800000,22.608000,1,0,22409621,784,7,784,7,0,2,24
11,360,82.800000,22.608000,1,0,22409631,780,9,780,9,0,2,24
11,360,82.800000,22.608000,1,0,22409642,777,10,777,10,0,2,24
11,360,82.800000,22.608000,1,0,22409653,773,11,773,11,0,2,24
11,360,82.800000,22.608000,1,0,22409668,769,13,769,13,0,2,24
11,360,82.800000,22.608000,1,0,22409684,764,13,764,13,0,2,24
11,360,82.800000,22.608000,1,0,22409694,761,13,761,13,0,2,24
11,360,82.800000,22.608000,1,0,22409704,761,13,761,13,0,2,24
11,360,82.800000,22.608000,1,0,22409715,761,13,761,13,0,2,24
11,360,82.800000,22.608000,1,0,22409725,761,13,761,13,0,2,24
11,360,82.800000,22.608000,1,0,22409735,761,13,761,13,0,2,24
11,360,82.800000,22.608000,1,0,22409745,761,13,761,13,0,2,24
11,360,82.800000,22.608000,1,0,22409756,761,13,761,13,0,2,24
11,360,82.800000,22.608000,1,0,22409767,762,13,762,13,0,2,24
11,360,82.800000,22.608000,1,0,22409778,764,13,764,13,0,2,24
11,360,82.800000,22.608000,1,0,22409789,770,13,770,13,0,2,24
11,360,82.800000,22.608000,1,0,22409800,779,12,779,12,0,2,24
11,360,82.800000,22.608000,1,0,22409811,793,12,793,12,0,2,24
11,360,82.800000,22.608000,1,0,22409826,809,12,809,12,0,2,24
11,360,82.800000,22.608000,1,0,22409842,838,12,838,12,0,2,24
11,360,82.800000,22.608000,1,0,22409853,875,13,875,13,0,2,24
11,360,82.800000,22.608000,1,0,22409865,906,16,906,16,0,2,24
11,360,82.800000,22.608000,1,0,22409874,938,18,938,18,0,2,24
11,360,82.800000,22.608000,1,0,22409886,972,20,972,20,0,2,24
11,360,82.800000,22.608000,1,0,22409896,1002,22,1002,22,0,2,24
11,360,82.800000,22.608000,1,0,22409907,1034,23,1034,23,0,2,24
11,360,82.800000,22.608000,1,0,22409917,1059,25,1059,25,0,2,24
11,360,82.800000,22.608000,1,0,22409928,1074,26,1074,26,0,2,24
11,360,82.800000,22.608000,1,0,22409938,1083,26,1083,26,0,2,24
11,360,82.800000,22.608000,1,0,22409948,1085,26,1085,26,0,2,24
11,360,82.800000,22.608000,1,0,22409958,1086,26,1086,26,0,2,24
11,360,82.800000,22.608000,1,0,22409969,1086,26,1086,26,0,2,24
11,360,82.800000,22.608000,1,0,22409980,1086,26,1086,26,0,2,24
11,360,82.800000,22.608000,1,0,22409990,1086,26,1086,26,0,2,24
11,360,82.800000,22.608000,1,0,22410000,1086,26,1086,26,0,2,24
11,360,82.800000,22.608000,1,0,22410015,1086,26,1086,26,0,2,24
11,360,82.800000,22.608000,1,0,22410024,1086,26,1086,26,0,2,24
11,360,82.800000,22.608000,1,0,22410034,1087,26,1087,26,0,2,24
11,360,82.800000,22.608000,1,0,22410045,1087,25,1087,25,0,2,24
11,360,82.800000,22.608000,1,0,22410055,1088,25,1088,25,0,2,24
11,360,82.800000,22.608000,1,0,22410065,1088,25,1088,25,0,2,24
11,360,82.800000,22.608000,1,0,22410075,1089,25,1089,25,0,2,24
11,360,82.800000,22.608000,1,0,22410085,1089,24,1089,24,0,2,24
11,360,82.800000,22.608000,1,0,22410094,1089,23,1089,23,0,2,24
11,360,82.800000,22.608000,1,0,22410105,1090,23,1090,23,0,2,24
11,360,82.800000,22.608000,1,0,22410117,1092,22,1092,22,0,2,24
11,360,82.800000,22.608000,1,0,22410126,1093,20,1093,20,0,2,24
11,360,82.800000,22.608000,1,0,22410136,1095,18,1095,18,0,2,24
11,360,82.800000,22.608000,1,0,22410146,1097,16,1097,16,0,2,24
11,360,82.800000,22.608000,1,0,22410156,1099,14,1099,14,0,2,24
11,360,82.800000,22.608000,1,0,22410167,1101,12,1101,12,0,2,24
11,360,82.800000,22.608000,1,0,22410178,1103,10,1103,10,0,2,24
11,360,82.800000,22.608000,1,0,22410188,1105,9,1105,9,0,2,24
11,360,82.800000,22.608000,1,0,22410198,1106,8,1106,8,0,2,24
11,360,82.800000,22.608000,1,0,22410208,1107,7,1107,7,0,2,24
11,360,82.800000,22.608000,1,0,22410218,1108,7,1108,7,0,2,24
11,360,82.800000,22.608000,1,0,22410228,1109,7,1109,7,0,2,24
11,360,82.800000,22.608000,1,0,22410238,1109,7,1109,7,0,2,24
11,360,82.800000,22.608000,1,0,22410247,1109,7,1109,7,0,2,24
