11,720,82.800000,12.276000,1,0,22374122,600,0,600,0,0,2,0
11,720,82.800000,12.276000,1,0,22374122,600,0,600,0,0,2,0
11,720,82.800000,12.276000,1,0,22374132,600,0,600,0,0,2,0
11,720,82.800000,12.276000,1,0,22374142,600,0,600,0,0,2,0
11,720,82.800000,12.276000,1,0,22374152,600,0,600,0,0,2,0
11,720,82.800000,12.276000,1,0,22374163,600,0,600,0,0,2,0
11,720,82.800000,12.276000,1,0,22374174,601,0,601,0,0,2,0
11,720,82.800000,12.276000,1,0,22374186,605,0,605,-2,0,2,0
11,720,82.800000,12.276000,1,0,22374198,613,0,613,-4,0,2,0
11,720,82.800000,12.276000,1,0,22374210,631,0,631,-6,0,2,0
11,720,82.800000,12.276000,1,0,22374221,663,0,663,-6,0,2,0
11,720,82.800000,12.276000,1,0,22374232,711,0,711,-6,0,2,0
11,720,82.800000,12.276000,1,0,22374242,779,1,779,-5,0,2,0
11,720,82.800000,12.276000,1,0,22374253,859,1,859,-5,0,2,0
11,720,82.800000,12.276000,1,0,22374265,943,2,943,-4,0,2,0
11,720,82.800000,12.276000,1,0,22374276,1046,4,1046,-2,0,2,0
11,720,82.800000,12.276000,1,0,22374292,1126,8,1126,2,0,2,0
11,720,82.800000,12.276000,1,0,22374303,1209,13,1209,7,0,2,0
11,720,82.800000,12.276000,1,0,22374313,1255,17,1255,11,0,2,0
11,720,82.800000,12.276000,1,0,22374323,1281,19,1281,13,0,2,0
11,720,82.800000,12.276000,1,0,22374334,1298,21,1298,15,0,2,0
11,720,82.800000,12.276000,1,0,22374349,1309,21,1309,15,0,2,0
11,720,82.800000,12.276000,1,0,22374359,1316,21,1316,15,0,2,0
11,720,82.800000,12.276000,1,0,22374369,1318,21,1318,15,0,2,0
11,720,82.800000,12.276000,1,0,22374381,1319,21,1319,15,0,2,0
11,720,82.800000,12.276000,1,0,22374391,1319,21,1319,15,0,2,0
11,720,82.800000,12.276000,1,0,22374401,1319,21,1319,15,0,2,0
11,720,82.800000,12.276000,1,0,22374411,1319,21,1319,15,0,2,0
11,720,82.800000,12.276000,1,0,22374421,1319,21,1319,15,0,2,0
11,720,82.800000,12.276000,1,0,22374431,1322,21,1322,15,0,2,0
11,720,82.800000,12.276000,1,0,22374443,1328,21,1328,15,0,2,0
11,720,82.800000,12.276000,1,0,22374453,1338,21,1338,15,0,2,0
11,720,82.800000,12.276000,1,0,22374464,1350,21,1350,15,0,2,0
11,720,82.800000,12.276000,1,0,22374475,1357,21,1357,15,0,2,0
11,720,82.800000,12.276000,1,0,22374486,1360,21,1360,15,0,2,0
11,720,82.800000,12.276000,1,0,22374496,1361,21,1361,15,0,2,0
11,720,82.800000,12.276000,1,0,22374505,1362,21,1362,15,0,2,0
11,720,82.800000,12.276000,1,0,22374516,1362,21,1362,15,0,2,0
11,720,82.800000,12.276000,1,0,22374527,1362,22,1362,16,0,2,0
11,720,82.800000,12.276000,1,0,22374537,1362,22,1362,16,0,2,0
11,720,82.800000,12.276000,1,0,22374547,1362,22,1362,16,0,2,0
11,720,82.800000,12.276000,1,0,22374557,1362,22,1362,16,0,2,0
11,720,82.800000,12.276000,1,0,22374568,1361,22,1361,16,0,2,0
11,720,82.800000,12.276000,1,0,22374578,1361,22,1361,16,0,2,0
11,720,82.800000,12.276000,1,0,22374588,1360,23,1360,17,0,2,0
11,720,82.800000,12.276000,1,0,22374598,1359,23,1359,17,0,2,0
11,720,82.800000,12.276000,1,0,22374608,1358,24,1358,18,0,2,0
11,720,82.800000,12.276000,1,0,22374618,1357,24,1357,18,0,2,0
11,720,82.800000,12.276000,1,0,22374629,1356,24,1356,18,0,2,0
11,720,82.800000,12.276000,1,0,22374639,1354,24,1354,18,0,2,0
11,720,82.800000,12.276000,1,0,22374650,1353,24,1353,18,0,2,0
11,720,82.800000,12.276000,1,0,22374660,1350,24,1350,18,0,2,0
11,720,82.800000,12.276000,1,0,22374671,1346,23,1346,17,0,2,0
11,720,82.800000,12.276000,1,0,22374681,1342,22,1342,16,0,2,0
11,720,82.800000,12.276000,1,0,22374691,1338,21,1338,15,0,2,0
11,720,82.800000,12.276000,1,0,22374702,1335,20,1335,14,0,2,0
11,720,82.800000,12.276000,1,0,22374712,1334,20,1334,14,0,2,0
11,720,82.800000,12.276000,1,0,22374724,1333,20,1333,14,0,2,0
11,720,82.800000,12.276000,1,0,22374734,1333,20,1333,14,0,2,0
11,720,82.800000,12.276000,1,0,22374744,1333,20,1333,14,0,2,0
11,720,82.800000,12.276000,1,0,22374755,1333,20,1333,14,0,2,0
11,720,82.800000,12.276000,1,0,22374765,1333,20,1333,14,0,2,0
11,720,82.800000,12.276000,1,0,22374775,1333,20,1333,14,0,2,0
11,720,82.800000,12.276000,1,0,22374784,1333,20,1333,14,0,2,0
11,720,82.800000,12.276000,1,0,22374795,1333,20,1333,14,0,2,0
11,720,82.800000,12.276000,1,0,22374805,1333,20,1333,14,0,2,0
11,720,82.800000,12.276000,1,0,22374816,1333,20,1333,14,0,2,0
11,720,82.800000,12.276000,1,0,22374825,1333,20,1333,14,0,2,0
