11,360,21.600000,22.608000,0,1,22491184,780,22,780,22,0,2,82
11,360,21.600000,22.608000,0,1,22491185,780,22,780,22,0,2,82
11,360,21.600000,22.608000,0,1,22491201,780,22,780,22,0,2,82
11,360,21.600000,22.608000,0,1,22491211,780,22,780,22,0,2,82
11,360,21.600000,22.608000,0,1,22491222,780,22,780,22,0,2,82
11,360,21.600000,22.608000,0,1,22491232,781,22,781,22,0,2,82
11,360,21.600000,22.608000,0,1,22491246,784,22,784,22,0,2,82
11,360,21.600000,22.608000,0,1,22491257,788,21,788,21,0,2,82
11,360,21.600000,22.608000,0,1,22491268,793,21,793,21,0,2,82
11,360,21.600000,22.608000,0,1,22491279,801,21,801,21,0,2,82
11,360,21.600000,22.608000,0,1,22491296,815,21,815,21,0,2,82
11,360,21.600000,22.608000,0,1,22491310,847,21,847,21,0,2,82
11,360,21.600000,22.608000,0,1,22491322,891,21,891,21,0,2,82
11,360,21.600000,22.608000,0,1,22491333,928,21,928,21,0,2,82
11,360,21.600000,22.608000,0,1,22491344,964,21,964,21,0,2,82
11,360,21.600000,22.608000,0,1,22491355,1004,21,1004,21,0,2,82
11,360,21.600000,22.608000,0,1,22491366,1035,21,1035,21,0,2,82
11,360,21.600000,22.608000,0,1,22491378,1060,21,1060,21,0,2,82
11,360,21.600000,22.608000,0,1,22491388,1081,21,1081,21,0,2,82
11,360,21.600000,22.608000,0,1,22491399,1091,21,1091,21,0,2,82
11,360,21.600000,22.608000,0,1,22491410,1097,21,1097,21,0,2,82
11,360,21.600000,22.608000,0,1,22491421,1099,21,1099,21,0,2,82
11,360,21.600000,22.608000,0,1,22491431,1101,21,1101,21,0,2,82
11,360,21.600000,22.608000,0,1,22491441,1101,21,1101,21,0,2,82
11,360,21.600000,22.608000,0,1,22491452,1102,20,1102,20,0,2,82
11,360,21.600000,22.608000,0,1,22491462,1104,20,1104,20,0,2,82
11,360,21.600000,22.608000,0,1,22491473,1105,20,1105,20,0,2,82
11,360,21.600000,22.608000,0,1,22491484,1106,19,1106,19,0,2,82
11,360,21.600000,22.608000,0,1,22491495,1107,19,1107,19,0,2,82
11,360,21.600000,22.608000,0,1,22491508,1109,18,1109,18,0,2,82
11,360,21.600000,22.608000,0,1,22491518,1112,18,1112,18,0,2,82
11,360,21.600000,22.608000,0,1,22491529,1114,18,1114,18,0,2,82
11,360,21.600000,22.608000,0,1,22491540,1116,18,1116,18,0,2,82
11,360,21.600000,22.608000,0,1,22491550,1116,18,1116,18,0,2,82
11,360,21.600000,22.608000,0,1,22491560,1116,18,1116,18,0,2,82
11,360,21.600000,22.608000,0,1,22491571,1116,18,1116,18,0,2,82
11,360,21.600000,22.608000,0,1,22491581,1116,18,1116,18,0,2,82
11,360,21.600000,22.608000,0,1,22491591,1116,18,1116,18,0,2,82
11,360,21.600000,22.608000,0,1,22491602,1116,18,1116,18,0,2,82
11,360,21.600000,22.608000,0,1,22491612,1116,18,1116,18,0,2,82
11,360,21.600000,22.608000,0,1,22491627,1117,18,1117,18,0,2,82
11,360,21.600000,22.608000,0,1,22491639,1118,17,1118,17,0,2,82
11,360,21.600000,22.608000,0,1,22491650,1121,17,1121,17,0,2,82
11,360,21.600000,22.608000,0,1,22491665,1123,16,1123,16,0,2,82
11,360,21.600000,22.608000,0,1,22491676,1126,14,1126,14,0,2,82
11,360,21.600000,22.608000,0,1,22491687,1128,13,1128,13,0,2,82
11,360,21.600000,22.608000,0,1,22491698,1130,13,1130,13,0,2,82
11,360,21.600000,22.608000,0,1,22491709,1132,12,1132,12,0,2,82
11,360,21.600000,22.608000,0,1,22491719,1134,12,1134,12,0,2,82
11,360,21.600000,22.608000,0,1,22491730,1135,12,1135,12,0,2,82
11,360,21.600000,22.608000,0,1,22491741,1136,11,1136,11,0,2,82
11,360,21.600000,22.608000,0,1,22491752,1137,10,1137,10,0,2,82
11,360,21.600000,22.608000,0,1,22491763,1138,9,1138,9,0,2,82
11,360,21.600000,22.608000,0,1,22491774,1138,9,1138,9,0,2,82
11,360,21.600000,22.608000,0,1,22491784,1139,9,1139,9,0,2,82
11,360,21.600000,22.608000,0,1,22491794,1140,8,1140,8,0,2,82
11,360,21.600000,22.608000,0,1,22491804,1141,7,1141,7,0,2,82
11,360,21.600000,22.608000,0,1,22491814,1141,7,1141,7,0,2,82
11,360,21.600000,22.608000,0,1,22491825,1141,7,1141,7,0,2,82
