11,720,50.400000,42.984000,0,1,22406353,600,22,600,22,0,2,22
11,720,50.400000,42.984000,0,1,22406354,600,22,600,22,0,2,22
11,720,50.400000,42.984000,0,1,22406367,600,22,600,22,0,2,22
11,720,50.400000,42.984000,0,1,22406377,601,22,601,22,0,2,22
11,720,50.400000,42.984000,0,1,22406389,602,22,602,22,0,2,22
11,720,50.400000,42.984000,0,1,22406401,603,21,603,21,0,2,22
11,720,50.400000,42.984000,0,1,22406416,607,20,607,20,0,2,22
11,720,50.400000,42.984000,0,1,22406427,616,19,616,19,0,2,22
11,720,50.400000,42.984000,0,1,22406439,629,18,629,18,0,2,22
11,720,50.400000,42.984000,0,1,22406450,651,18,651,18,0,2,22
11,720,50.400000,42.984000,0,1,22406461,678,18,678,18,0,2,22
11,720,50.400000,42.984000,0,1,22406472,713,18,713,18,0,2,22
11,720,50.400000,42.984000,0,1,22406483,761,18,761,18,0,2,22
11,720,50.400000,42.984000,0,1,22406495,816,18,816,18,0,2,22
11,720,50.400000,42.984000,0,1,22406505,874,17,874,17,0,2,22
11,720,50.400000,42.984000,0,1,22406516,935,16,935,16,0,2,22
11,720,50.400000,42.984000,0,1,22406528,997,14,997,14,0,2,22
11,720,50.400000,42.984000,0,1,22406539,1069,13,1069,13,0,2,22
11,720,50.400000,42.984000,0,1,22406550,1131,12,1131,12,0,2,22
11,720,50.400000,42.984000,0,1,22406561,1187,11,1187,11,0,2,22
11,720,50.400000,42.984000,0,1,22406573,1242,10,1242,10,0,2,22
11,720,50.400000,42.984000,0,1,22406583,1286,10,1286,10,0,2,22
11,720,50.400000,42.984000,0,1,22406594,1319,9,1319,9,0,2,22
11,720,50.400000,42.984000,0,1,22406605,1347,9,1347,9,0,2,22
11,720,50.400000,42.984000,0,1,22406616,1365,8,1365,8,0,2,22
11,720,50.400000,42.984000,0,1,22406627,1372,7,1372,7,0,2,22
11,720,50.400000,42.984000,0,1,22406638,1374,7,1374,7,0,2,22
11,720,50.400000,42.984000,0,1,22406648,1374,7,1374,7,0,2,22
11,720,50.400000,42.984000,0,1,22406659,1374,7,1374,7,0,2,22
11,720,50.400000,42.984000,0,1,22406669,1374,7,1374,7,0,2,22
11,720,50.400000,42.984000,0,1,22406679,1374,7,1374,7,0,2,22
11,720,50.400000,42.984000,0,1,22406695,1374,7,1374,7,0,2,22
11,720,50.400000,42.984000,0,1,22406711,1374,7,1374,7,0,2,22
11,720,50.400000,42.984000,0,1,22406726,1374,7,1374,7,0,2,22
11,720,50.400000,42.984000,0,1,22406737,1374,7,1374,7,0,2,22
11,720,50.400000,42.984000,0,1,22406749,1374,7,1374,7,0,2,22
11,720,50.400000,42.984000,0,1,22406759,1374,7,1374,7,0,2,22
11,720,50.400000,42.984000,0,1,22406769,1374,7,1374,7,0,2,22
11,720,50.400000,42.984000,0,1,22406779,1374,7,1374,7,0,2,22
11,720,50.400000,42.984000,0,1,22406790,1374,7,1374,7,0,2,22
11,720,50.400000,42.984000,0,1,22406799,1374,7,1374,7,0,2,22
11,720,50.400000,42.984000,0,1,22406810,1374,7,1374,7,0,2,22
11,720,50.400000,42.984000,0,1,22406820,1372,7,1372,7,0,2,22
11,720,50.400000,42.984000,0,1,22406832,1366,7,1366,7,0,2,22
11,720,50.400000,42.984000,0,1,22406843,1356,5,1356,5,0,2,22
11,720,50.400000,42.984000,0,1,22406853,1343,3,1343,3,0,2,22
11,720,50.400000,42.984000,0,1,22406864,1334,2,1334,2,0,2,22
11,720,50.400000,42.984000,0,1,22406874,1327,1,1327,1,0,2,22
11,720,50.400000,42.984000,0,1,22406885,1324,1,1324,1,0,2,22
11,720,50.400000,42.984000,0,1,22406895,1323,0,1323,0,0,2,22
11,720,50.400000,42.984000,0,1,22406906,1322,0,1322,-1,0,2,22
11,720,50.400000,42.984000,0,1,22406916,1322,0,1322,-1,0,2,22
11,720,50.400000,42.984000,0,1,22406926,1322,0,1322,-1,0,2,22
11,720,50.400000,42.984000,0,1,22406937,1322,0,1322,-1,0,2,22
11,720,50.400000,42.984000,0,1,22406947,1322,0,1322,-1,0,2,22
11,720,50.400000,42.984000,0,1,22406958,1322,0,1322,-1,0,2,22
11,720,50.400000,42.984000,0,1,22406968,1322,0,1322,-1,0,2,22
11,720,50.400000,42.984000,0,1,22406979,1322,0,1322,-1,0,2,22
11,720,50.400000,42.984000,0,1,22406989,1322,0,1322,-1,0,2,22
11,720,50.400000,42.984000,0,1,22406999,1322,0,1322,-1,0,2,22
11,720,50.400000,42.984000,0,1,22407009,1322,0,1322,-1,0,2,22
11,720,50.400000,42.984000,0,1,22407019,1322,0,1322,-1,0,2,22
11,720,50.400000,42.984000,0,1,22407029,1322,0,1322,-1,0,2,22
11,720,50.400000,42.984000,0,1,22407039,1322,0,1322,-1,0,2,22
11,720,50.400000,42.984000,0,1,22407049,1322,0,1322,-1,0,2,22
11,720,50.400000,42.984000,0,1,22407059,1322,0,1322,-1,0,2,22
11,720,50.400000,42.984000,0,1,22407068,1322,0,1322,-1,0,2,22
