11,720,21.600000,10000.000000,0,1,22407846,600,22,600,22,0,2,23
11,720,21.600000,10000.000000,0,1,22407847,600,22,600,22,0,2,23
11,720,21.600000,10000.000000,0,1,22407857,600,22,600,22,0,2,23
11,720,21.600000,10000.000000,0,1,22407868,601,21,601,21,0,2,23
11,720,21.600000,10000.000000,0,1,22407878,602,21,602,21,0,2,23
11,720,21.600000,10000.000000,0,1,22407888,604,20,604,20,0,2,23
11,720,21.600000,10000.000000,0,1,22407899,606,19,606,19,0,2,23
11,720,21.600000,10000.000000,0,1,22407910,612,18,612,18,0,2,23
11,720,21.600000,10000.000000,0,1,22407923,624,16,624,16,0,2,23
11,720,21.600000,10000.000000,0,1,22407934,654,15,654,15,0,2,23
11,720,21.600000,10000.000000,0,1,22407945,687,15,687,15,0,2,23
11,720,21.600000,10000.000000,0,1,22407956,728,15,728,15,0,2,23
11,720,21.600000,10000.000000,0,1,22407966,776,15,776,15,0,2,23
11,720,21.600000,10000.000000,0,1,22407977,837,15,837,15,0,2,23
11,720,21.600000,10000.000000,0,1,22407989,898,15,898,15,0,2,23
11,720,21.600000,10000.000000,0,1,22407999,970,16,970,16,0,2,23
11,720,21.600000,10000.000000,0,1,22408010,1024,16,1024,16,0,2,23
11,720,21.600000,10000.000000,0,1,22408020,1069,18,1069,18,0,2,23
11,720,21.600000,10000.000000,0,1,22408031,1102,19,1102,19,0,2,23
11,720,21.600000,10000.000000,0,1,22408042,1140,22,1140,22,0,2,23
11,720,21.600000,10000.000000,0,1,22408053,1169,23,1169,23,0,2,23
11,720,21.600000,10000.000000,0,1,22408063,1195,24,1195,24,0,2,23
11,720,21.600000,10000.000000,0,1,22408075,1215,24,1215,24,0,2,23
11,720,21.600000,10000.000000,0,1,22408086,1235,25,1235,25,0,2,23
11,720,21.600000,10000.000000,0,1,22408097,1248,25,1248,25,0,2,23
11,720,21.600000,10000.000000,0,1,22408108,1256,25,1256,25,0,2,23
11,720,21.600000,10000.000000,0,1,22408119,1262,24,1262,24,0,2,23
11,720,21.600000,10000.000000,0,1,22408129,1264,24,1264,24,0,2,23
11,720,21.600000,10000.000000,0,1,22408140,1265,23,1265,23,0,2,23
11,720,21.600000,10000.000000,0,1,22408150,1266,23,1266,23,0,2,23
11,720,21.600000,10000.000000,0,1,22408161,1268,23,1268,23,0,2,23
11,720,21.600000,10000.000000,0,1,22408172,1269,22,1269,22,0,2,23
11,720,21.600000,10000.000000,0,1,22408183,1270,22,1270,22,0,2,23
11,720,21.600000,10000.000000,0,1,22408193,1271,21,1271,21,0,2,23
11,720,21.600000,10000.000000,0,1,22408203,1271,21,1271,21,0,2,23
11,720,21.600000,10000.000000,0,1,22408213,1272,21,1272,21,0,2,23
11,720,21.600000,10000.000000,0,1,22408223,1272,20,1272,20,0,2,23
11,720,21.600000,10000.000000,0,1,22408234,1274,20,1274,20,0,2,23
11,720,21.600000,10000.000000,0,1,22408244,1275,20,1275,20,0,2,23
11,720,21.600000,10000.000000,0,1,22408255,1278,18,1278,18,0,2,23
11,720,21.600000,10000.000000,0,1,22408266,1281,18,1281,18,0,2,23
11,720,21.600000,10000.000000,0,1,22408281,1285,17,1285,17,0,2,23
11,720,21.600000,10000.000000,0,1,22408291,1288,16,1288,16,0,2,23
11,720,21.600000,10000.000000,0,1,22408301,1289,15,1289,15,0,2,23
11,720,21.600000,10000.000000,0,1,22408311,1289,15,1289,15,0,2,23
11,720,21.600000,10000.000000,0,1,22408322,1289,15,1289,15,0,2,23
11,720,21.600000,10000.000000,0,1,22408332,1289,15,1289,15,0,2,23
11,720,21.600000,10000.000000,0,1,22408342,1290,15,1290,15,0,2,23
11,720,21.600000,10000.000000,0,1,22408352,1290,15,1290,15,0,2,23
11,720,21.600000,10000.000000,0,1,22408364,1292,15,1292,15,0,2,23
11,720,21.600000,10000.000000,0,1,22408376,1294,15,1294,15,0,2,23
11,720,21.600000,10000.000000,0,1,22408387,1298,15,1298,15,0,2,23
11,720,21.600000,10000.000000,0,1,22408403,1300,15,1300,15,0,2,23
11,720,21.600000,10000.000000,0,1,22408414,1305,14,1305,14,0,2,23
11,720,21.600000,10000.000000,0,1,22408424,1308,13,1308,13,0,2,23
11,720,21.600000,10000.000000,0,1,22408435,1311,12,1311,12,0,2,23
11,720,21.600000,10000.000000,0,1,22408445,1314,12,1314,12,0,2,23
11,720,21.600000,10000.000000,0,1,22408456,1316,11,1316,11,0,2,23
11,720,21.600000,10000.000000,0,1,22408467,1318,11,1318,11,0,2,23
11,720,21.600000,10000.000000,0,1,22408476,1319,11,1319,11,0,2,23
11,720,21.600000,10000.000000,0,1,22408488,1319,11,1319,11,0,2,23
11,720,21.600000,10000.000000,0,1,22408499,1319,11,1319,11,0,2,23
11,720,21.600000,10000.000000,0,1,22408508,1319,11,1319,11,0,2,23
11,720,21.600000,10000.000000,0,1,22408518,1319,11,1319,11,0,2,23
11,720,21.600000,10000.000000,0,1,22408533,1319,11,1319,11,0,2,23
11,720,21.600000,10000.000000,0,1,22408543,1319,11,1319,11,0,2,23
11,720,21.600000,10000.000000,0,1,22408553,1319,11,1319,11,0,2,23
11,720,21.600000,10000.000000,0,1,22408564,1319,10,1319,10,0,2,23
11,720,21.600000,10000.000000,0,1,22408574,1319,9,1319,9,0,2,23
11,720,21.600000,10000.000000,0,1,22408584,1319,9,1319,9,0,2,23
11,720,21.600000,10000.000000,0,1,22408594,1319,9,1319,9,0,2,23
11,720,21.600000,10000.000000,0,1,22408604,1319,9,1319,9,0,2,23
