11,720,21.600000,10000.000000,1,0,22433828,600,0,600,0,0,2,41
11,720,21.600000,10000.000000,1,0,22433829,600,0,600,0,0,2,41
11,720,21.600000,10000.000000,1,0,22433840,601,0,601,-1,0,2,41
11,720,21.600000,10000.000000,1,0,22433851,603,0,603,-1,0,2,41
11,720,21.600000,10000.000000,1,0,22433862,604,0,604,-2,0,2,41
11,720,21.600000,10000.000000,1,0,22433873,606,0,606,-3,0,2,41
11,720,21.600000,10000.000000,1,0,22433884,608,0,608,-4,0,2,41
11,720,21.600000,10000.000000,1,0,22433894,611,0,611,-5,0,2,41
11,720,21.600000,10000.000000,1,0,22433905,614,0,614,-6,0,2,41
11,720,21.600000,10000.000000,1,0,22433916,618,0,618,-7,0,2,41
11,720,21.600000,10000.000000,1,0,22433928,625,0,625,-9,0,2,41
11,720,21.600000,10000.000000,1,0,22433938,637,0,637,-9,0,2,41
11,720,21.600000,10000.000000,1,0,22433950,656,0,656,-9,0,2,41
11,720,21.600000,10000.000000,1,0,22433961,685,0,685,-9,0,2,41
11,720,21.600000,10000.000000,1,0,22433971,734,0,734,-9,0,2,41
11,720,21.600000,10000.000000,1,0,22433981,795,0,795,-10,0,2,41
11,720,21.600000,10000.000000,1,0,22433993,858,0,858,-11,0,2,41
11,720,21.600000,10000.000000,1,0,22434003,944,0,944,-14,0,2,41
11,720,21.600000,10000.000000,1,0,22434015,1027,0,1027,-15,0,2,41
11,720,21.600000,10000.000000,1,0,22434025,1101,0,1101,-15,0,2,41
11,720,21.600000,10000.000000,1,0,22434037,1167,0,1167,-15,0,2,41
11,720,21.600000,10000.000000,1,0,22434048,1220,0,1220,-16,0,2,41
11,720,21.600000,10000.000000,1,0,22434059,1254,0,1254,-16,0,2,41
11,720,21.600000,10000.000000,1,0,22434071,1278,0,1278,-16,0,2,41
11,720,21.600000,10000.000000,1,0,22434082,1293,0,1293,-16,0,2,41
11,720,21.600000,10000.000000,1,0,22434093,1299,0,1299,-17,0,2,41
11,720,21.600000,10000.000000,1,0,22434103,1302,0,1302,-17,0,2,41
11,720,21.600000,10000.000000,1,0,22434113,1303,0,1303,-17,0,2,41
11,720,21.600000,10000.000000,1,0,22434124,1303,0,1303,-17,0,2,41
11,720,21.600000,10000.000000,1,0,22434134,1303,0,1303,-17,0,2,41
11,720,21.600000,10000.000000,1,0,22434146,1303,0,1303,-17,0,2,41
11,720,21.600000,10000.000000,1,0,22434157,1304,0,1304,-17,0,2,41
11,720,21.600000,10000.000000,1,0,22434167,1305,0,1305,-17,0,2,41
11,720,21.600000,10000.000000,1,0,22434178,1308,0,1308,-17,0,2,41
11,720,21.600000,10000.000000,1,0,22434189,1313,0,1313,-17,0,2,41
11,720,21.600000,10000.000000,1,0,22434201,1319,0,1319,-17,0,2,41
11,720,21.600000,10000.000000,1,0,22434211,1327,0,1327,-17,0,2,41
11,720,21.600000,10000.000000,1,0,22434222,1332,0,1332,-17,0,2,41
11,720,21.600000,10000.000000,1,0,22434232,1334,0,1334,-17,0,2,41
11,720,21.600000,10000.000000,1,0,22434242,1334,0,1334,-17,0,2,41
11,720,21.600000,10000.000000,1,0,22434253,1334,0,1334,-17,0,2,41
11,720,21.600000,10000.000000,1,0,22434263,1334,0,1334,-17,0,2,41
11,720,21.600000,10000.000000,1,0,22434273,1334,0,1334,-17,0,2,41
11,720,21.600000,10000.000000,1,0,22434283,1334,0,1334,-17,0,2,41
11,720,21.600000,10000.000000,1,0,22434294,1334,0,1334,-17,0,2,41
11,720,21.600000,10000.000000,1,0,22434304,1334,0,1334,-17,0,2,41
11,720,21.600000,10000.000000,1,0,22434314,1334,0,1334,-17,0,2,41
11,720,21.600000,10000.000000,1,0,22434325,1334,0,1334,-17,0,2,41
11,720,21.600000,10000.000000,1,0,22434335,1334,0,1334,-17,0,2,41
11,720,21.600000,10000.000000,1,0,22434345,1334,0,1334,-17,0,2,41
11,720,21.600000,10000.000000,1,0,22434355,1334,0,1334,-17,0,2,41
11,720,21.600000,10000.000000,1,0,22434365,1334,0,1334,-17,0,2,41
11,720,21.600000,10000.000000,1,0,22434376,1334,0,1334,-17,0,2,41
11,720,21.600000,10000.000000,1,0,22434387,1334,0,1334,-17,0,2,41
11,720,21.600000,10000.000000,1,0,22434397,1334,0,1334,-17,0,2,41
11,720,21.600000,10000.000000,1,0,22434407,1334,0,1334,-17,0,2,41
11,720,21.600000,10000.000000,1,0,22434417,1333,0,1333,-17,0,2,41
11,720,21.600000,10000.000000,1,0,22434429,1333,0,1333,-17,0,2,41
11,720,21.600000,10000.000000,1,0,22434441,1331,1,1331,-16,0,2,41
11,720,21.600000,10000.000000,1,0,22434453,1328,2,1328,-15,0,2,41
11,720,21.600000,10000.000000,1,0,22434468,1326,3,1326,-14,0,2,41
11,720,21.600000,10000.000000,1,0,22434479,1322,4,1322,-13,0,2,41
11,720,21.600000,10000.000000,1,0,22434489,1320,5,1320,-12,0,2,41
11,720,21.600000,10000.000000,1,0,22434499,1319,5,1319,-12,0,2,41
11,720,21.600000,10000.000000,1,0,22434510,1319,5,1319,-12,0,2,41
11,720,21.600000,10000.000000,1,0,22434520,1319,5,1319,-12,0,2,41
11,720,21.600000,10000.000000,1,0,22434529,1319,5,1319,-12,0,2,41
11,720,21.600000,10000.000000,1,0,22434540,1319,5,1319,-12,0,2,41
11,720,21.600000,10000.000000,1,0,22434551,1319,5,1319,-12,0,2,41
11,720,21.600000,10000.000000,1,0,22434561,1319,5,1319,-12,0,2,41
11,720,21.600000,10000.000000,1,0,22434571,1319,5,1319,-12,0,2,41
11,720,21.600000,10000.000000,1,0,22434581,1319,5,1319,-12,0,2,41
11,720,21.600000,10000.000000,1,0,22434591,1319,5,1319,-12,0,2,41
11,720,21.600000,10000.000000,1,0,22434601,1319,5,1319,-12,0,2,41
11,720,21.600000,10000.000000,1,0,22434612,1319,5,1319,-12,0,2,41
11,720,21.600000,10000.000000,1,0,22434622,1319,5,1319,-12,0,2,41
