11,360,50.400000,42.984000,1,1,22474418,780,22,780,22,0,2,70
11,360,50.400000,42.984000,1,1,22474419,780,22,780,22,0,2,70
11,360,50.400000,42.984000,1,1,22474429,780,22,780,22,0,2,70
11,360,50.400000,42.984000,1,1,22474441,780,22,780,22,0,2,70
11,360,50.400000,42.984000,1,1,22474451,780,22,780,22,0,2,70
11,360,50.400000,42.984000,1,1,22474462,782,22,782,22,0,2,70
11,360,50.400000,42.984000,1,1,22474472,784,22,784,22,0,2,70
11,360,50.400000,42.984000,1,1,22474485,788,21,788,21,0,2,70
11,360,50.400000,42.984000,1,1,22474497,795,21,795,21,0,2,70
11,360,50.400000,42.984000,1,1,22474508,806,21,806,21,0,2,70
11,360,50.400000,42.984000,1,1,22474519,823,21,823,21,0,2,70
11,360,50.400000,42.984000,1,1,22474529,849,21,849,21,0,2,70
11,360,50.400000,42.984000,1,1,22474540,879,21,879,21,0,2,70
11,360,50.400000,42.984000,1,1,22474550,915,21,915,21,0,2,70
11,360,50.400000,42.984000,1,1,22474563,959,20,959,20,0,2,70
11,360,50.400000,42.984000,1,1,22474574,1007,18,1007,18,0,2,70
11,360,50.400000,42.984000,1,1,22474591,1057,16,1057,16,0,2,70
11,360,50.400000,42.984000,1,1,22474602,1110,15,1110,15,0,2,70
11,360,50.400000,42.984000,1,1,22474613,1134,15,1134,15,0,2,70
11,360,50.400000,42.984000,1,1,22474623,1157,14,1157,14,0,2,70
11,360,50.400000,42.984000,1,1,22474635,1170,13,1170,13,0,2,70
11,360,50.400000,42.984000,1,1,22474646,1177,13,1177,13,0,2,70
11,360,50.400000,42.984000,1,1,22474656,1180,13,1180,13,0,2,70
11,360,50.400000,42.984000,1,1,22474667,1183,13,1183,13,0,2,70
11,360,50.400000,42.984000,1,1,22474677,1183,13,1183,13,0,2,70
11,360,50.400000,42.984000,1,1,22474688,1183,13,1183,13,0,2,70
11,360,50.400000,42.984000,1,1,22474699,1184,13,1184,13,0,2,70
11,360,50.400000,42.984000,1,1,22474710,1184,13,1184,13,0,2,70
11,360,50.400000,42.984000,1,1,22474720,1185,13,1185,13,0,2,70
11,360,50.400000,42.984000,1,1,22474731,1185,12,1185,12,0,2,70
11,360,50.400000,42.984000,1,1,22474743,1186,12,1186,12,0,2,70
11,360,50.400000,42.984000,1,1,22474753,1186,12,1186,12,0,2,70
11,360,50.400000,42.984000,1,1,22474764,1186,12,1186,12,0,2,70
11,360,50.400000,42.984000,1,1,22474774,1186,12,1186,12,0,2,70
11,360,50.400000,42.984000,1,1,22474785,1186,12,1186,12,0,2,70
11,360,50.400000,42.984000,1,1,22474795,1186,12,1186,12,0,2,70
11,360,50.400000,42.984000,1,1,22474806,1186,12,1186,12,0,2,70
11,360,50.400000,42.984000,1,1,22474817,1186,12,1186,12,0,2,70
11,360,50.400000,42.984000,1,1,22474827,1186,12,1186,12,0,2,70
11,360,50.400000,42.984000,1,1,22474838,1186,12,1186,12,0,2,70
11,360,50.400000,42.984000,1,1,22474850,1182,12,1182,12,0,2,70
11,360,50.400000,42.984000,1,1,22474861,1175,14,1175,14,0,2,70
11,360,50.400000,42.984000,1,1,22474872,1163,14,1163,14,0,2,70
11,360,50.400000,42.984000,1,1,22474883,1153,14,1153,14,0,2,70
11,360,50.400000,42.984000,1,1,22474894,1145,14,1145,14,0,2,70
11,360,50.400000,42.984000,1,1,22474905,1141,14,1141,14,0,2,70
11,360,50.400000,42.984000,1,1,22474915,1139,14,1139,14,0,2,70
11,360,50.400000,42.984000,1,1,22474926,1139,14,1139,14,0,2,70
11,360,50.400000,42.984000,1,1,22474938,1139,14,1139,14,0,2,70
11,360,50.400000,42.984000,1,1,22474949,1139,14,1139,14,0,2,70
11,360,50.400000,42.984000,1,1,22474959,1140,14,1140,14,0,2,70
11,360,50.400000,42.984000,1,1,22474969,1140,14,1140,14,0,2,70
11,360,50.400000,42.984000,1,1,22474980,1140,14,1140,14,0,2,70
11,360,50.400000,42.984000,1,1,22474990,1140,14,1140,14,0,2,70
11,360,50.400000,42.984000,1,1,22475001,1140,14,1140,14,0,2,70
11,360,50.400000,42.984000,1,1,22475011,1140,14,1140,14,0,2,70
11,360,50.400000,42.984000,1,1,22475021,1140,13,1140,13,0,2,70
11,360,50.400000,42.984000,1,1,22475032,1140,13,1140,13,0,2,70
11,360,50.400000,42.984000,1,1,22475043,1140,13,1140,13,0,2,70
11,360,50.400000,42.984000,1,1,22475054,1140,13,1140,13,0,2,70
11,360,50.400000,42.984000,1,1,22475064,1140,13,1140,13,0,2,70
11,360,50.400000,42.984000,1,1,22475075,1140,13,1140,13,0,2,70
