11,360,50.400000,22.608000,1,0,22578140,780,0,780,0,0,3,21
11,360,50.400000,22.608000,1,0,22578141,780,0,780,0,0,3,21
11,360,50.400000,22.608000,1,0,22578152,781,0,781,0,0,3,21
11,360,50.400000,22.608000,1,0,22578164,781,0,781,0,0,3,21
11,360,50.400000,22.608000,1,0,22578175,782,0,782,0,0,3,21
11,360,50.400000,22.608000,1,0,22578186,783,0,783,-1,0,3,21
11,360,50.400000,22.608000,1,0,22578199,786,0,786,-2,0,3,21
11,360,50.400000,22.608000,1,0,22578212,795,0,795,-4,0,3,21
11,360,50.400000,22.608000,1,0,22578223,813,0,813,-6,0,3,21
11,360,50.400000,22.608000,1,0,22578234,835,0,835,-6,0,3,21
11,360,50.400000,22.608000,1,0,22578245,864,0,864,-6,0,3,21
11,360,50.400000,22.608000,1,0,22578256,896,2,896,-4,0,3,21
11,360,50.400000,22.608000,1,0,22578267,935,3,935,-3,0,3,21
11,360,50.400000,22.608000,1,0,22578281,988,3,988,-3,0,3,21
11,360,50.400000,22.608000,1,0,22578292,1036,3,1036,-3,0,3,21
11,360,50.400000,22.608000,1,0,22578303,1071,3,1071,-3,0,3,21
11,360,50.400000,22.608000,1,0,22578314,1100,3,1100,-3,0,3,21
11,360,50.400000,22.608000,1,0,22578326,1117,2,1117,-4,0,3,21
11,360,50.400000,22.608000,1,0,22578337,1129,1,1129,-5,0,3,21
11,360,50.400000,22.608000,1,0,22578348,1137,1,1137,-5,0,3,21
11,360,50.400000,22.608000,1,0,22578359,1142,0,1142,-6,0,3,21
11,360,50.400000,22.608000,1,0,22578370,1145,0,1145,-7,0,3,21
11,360,50.400000,22.608000,1,0,22578381,1146,0,1146,-8,0,3,21
11,360,50.400000,22.608000,1,0,22578392,1146,0,1146,-8,0,3,21
11,360,50.400000,22.608000,1,0,22578403,1146,0,1146,-9,0,3,21
11,360,50.400000,22.608000,1,0,22578415,1146,0,1146,-9,0,3,21
11,360,50.400000,22.608000,1,0,22578425,1146,0,1146,-9,0,3,21
11,360,50.400000,22.608000,1,0,22578435,1146,0,1146,-9,0,3,21
11,360,50.400000,22.608000,1,0,22578447,1146,0,1146,-9,0,3,21
11,360,50.400000,22.608000,1,0,22578457,1146,0,1146,-9,0,3,21
11,360,50.400000,22.608000,1,0,22578468,1146,0,1146,-9,0,3,21
11,360,50.400000,22.608000,1,0,22578478,1146,0,1146,-9,0,3,21
11,360,50.400000,22.608000,1,0,22578489,1146,0,1146,-9,0,3,21
11,360,50.400000,22.608000,1,0,22578499,1146,0,1146,-9,0,3,21
11,360,50.400000,22.608000,1,0,22578510,1146,0,1146,-9,0,3,21
11,360,50.400000,22.608000,1,0,22578521,1146,0,1146,-9,0,3,21
11,360,50.400000,22.608000,1,0,22578531,1146,0,1146,-9,0,3,21
11,360,50.400000,22.608000,1,0,22578541,1146,0,1146,-9,0,3,21
11,360,50.400000,22.608000,1,0,22578552,1146,0,1146,-9,0,3,21
11,360,50.400000,22.608000,1,0,22578563,1146,0,1146,-9,0,3,21
11,360,50.400000,22.608000,1,0,22578573,1146,0,1146,-9,0,3,21
11,360,50.400000,22.608000,1,0,22578583,1146,0,1146,-9,0,3,21
11,360,50.400000,22.608000,1,0,22578594,1146,0,1146,-9,0,3,21
11,360,50.400000,22.608000,1,0,22578604,1146,0,1146,-9,0,3,21
11,360,50.400000,22.608000,1,0,22578615,1145,1,1145,-8,0,3,21
11,360,50.400000,22.608000,1,0,22578625,1143,2,1143,-7,0,3,21
11,360,50.400000,22.608000,1,0,22578636,1142,3,1142,-6,0,3,21
11,360,50.400000,22.608000,1,0,22578647,1141,5,1141,-4,0,3,21
11,360,50.400000,22.608000,1,0,22578657,1140,5,1140,-4,0,3,21
11,360,50.400000,22.608000,1,0,22578667,1140,5,1140,-4,0,3,21
11,360,50.400000,22.608000,1,0,22578678,1140,5,1140,-4,0,3,21
11,360,50.400000,22.608000,1,0,22578688,1140,5,1140,-4,0,3,21
11,360,50.400000,22.608000,1,0,22578698,1140,5,1140,-4,0,3,21
11,360,50.400000,22.608000,1,0,22578708,1140,5,1140,-4,0,3,21
11,360,50.400000,22.608000,1,0,22578719,1140,5,1140,-4,0,3,21
11,360,50.400000,22.608000,1,0,22578728,1140,5,1140,-4,0,3,21
