11,720,50.400000,12.276000,0,0,22625008,600,0,600,0,0,3,55
11,720,50.400000,12.276000,0,0,22625010,600,0,600,0,0,3,55
11,720,50.400000,12.276000,0,0,22625021,605,0,605,-1,0,3,55
11,720,50.400000,12.276000,0,0,22625032,610,0,610,-2,0,3,55
11,720,50.400000,12.276000,0,0,22625043,617,0,617,-3,0,3,55
11,720,50.400000,12.276000,0,0,22625054,627,0,627,-4,0,3,55
11,720,50.400000,12.276000,0,0,22625066,641,0,641,-5,0,3,55
11,720,50.400000,12.276000,0,0,22625076,665,0,665,-6,0,3,55
11,720,50.400000,12.276000,0,0,22625088,693,1,693,-5,0,3,55
11,720,50.400000,12.276000,0,0,22625099,735,4,735,-2,0,3,55
11,720,50.400000,12.276000,0,0,22625109,785,9,785,3,0,3,55
11,720,50.400000,12.276000,0,0,22625121,844,13,844,7,0,3,55
11,720,50.400000,12.276000,0,0,22625132,917,16,917,10,0,3,55
11,720,50.400000,12.276000,0,0,22625142,989,17,989,11,0,3,55
11,720,50.400000,12.276000,0,0,22625153,1072,19,1072,13,0,3,55
11,720,50.400000,12.276000,0,0,22625165,1154,20,1154,14,0,3,55
11,720,50.400000,12.276000,0,0,22625176,1229,21,1229,15,0,3,55
11,720,50.400000,12.276000,0,0,22625188,1292,22,1292,16,0,3,55
11,720,50.400000,12.276000,0,0,22625199,1338,22,1338,16,0,3,55
11,720,50.400000,12.276000,0,0,22625208,1367,22,1367,16,0,3,55
11,720,50.400000,12.276000,0,0,22625221,1381,23,1381,17,0,3,55
11,720,50.400000,12.276000,0,0,22625231,1386,23,1386,17,0,3,55
11,720,50.400000,12.276000,0,0,22625242,1392,23,1392,17,0,3,55
11,720,50.400000,12.276000,0,0,22625253,1392,23,1392,17,0,3,55
11,720,50.400000,12.276000,0,0,22625263,1392,23,1392,17,0,3,55
11,720,50.400000,12.276000,0,0,22625274,1392,23,1392,17,0,3,55
11,720,50.400000,12.276000,0,0,22625284,1392,23,1392,17,0,3,55
11,720,50.400000,12.276000,0,0,22625295,1392,23,1392,17,0,3,55
11,720,50.400000,12.276000,0,0,22625305,1392,23,1392,17,0,3,55
11,720,50.400000,12.276000,0,0,22625321,1392,23,1392,17,0,3,55
11,720,50.400000,12.276000,0,0,22625331,1392,23,1392,17,0,3,55
11,720,50.400000,12.276000,0,0,22625341,1392,23,1392,17,0,3,55
11,720,50.400000,12.276000,0,0,22625352,1392,23,1392,17,0,3,55
11,720,50.400000,12.276000,0,0,22625362,1392,23,1392,17,0,3,55
11,720,50.400000,12.276000,0,0,22625373,1392,23,1392,17,0,3,55
11,720,50.400000,12.276000,0,0,22625382,1392,23,1392,17,0,3,55
11,720,50.400000,12.276000,0,0,22625393,1392,23,1392,17,0,3,55
11,720,50.400000,12.276000,0,0,22625404,1392,23,1392,17,0,3,55
11,720,50.400000,12.276000,0,0,22625414,1389,24,1389,18,0,3,55
11,720,50.400000,12.276000,0,0,22625425,1380,25,1380,19,0,3,55
11,720,50.400000,12.276000,0,0,22625436,1367,25,1367,19,0,3,55
11,720,50.400000,12.276000,0,0,22625448,1351,25,1351,19,0,3,55
11,720,50.400000,12.276000,0,0,22625459,1336,24,1336,18,0,3,55
11,720,50.400000,12.276000,0,0,22625471,1327,22,1327,16,0,3,55
11,720,50.400000,12.276000,0,0,22625481,1321,20,1321,14,0,3,55
11,720,50.400000,12.276000,0,0,22625491,1319,19,1319,13,0,3,55
11,720,50.400000,12.276000,0,0,22625501,1318,19,1318,13,0,3,55
11,720,50.400000,12.276000,0,0,22625511,1318,19,1318,13,0,3,55
11,720,50.400000,12.276000,0,0,22625522,1318,19,1318,13,0,3,55
11,720,50.400000,12.276000,0,0,22625532,1318,19,1318,13,0,3,55
11,720,50.400000,12.276000,0,0,22625543,1318,19,1318,13,0,3,55
11,720,50.400000,12.276000,0,0,22625554,1318,19,1318,13,0,3,55
11,720,50.400000,12.276000,0,0,22625564,1318,19,1318,13,0,3,55
11,720,50.400000,12.276000,0,0,22625574,1318,19,1318,13,0,3,55
11,720,50.400000,12.276000,0,0,22625585,1318,19,1318,13,0,3,55
11,720,50.400000,12.276000,0,0,22625595,1318,19,1318,13,0,3,55
11,720,50.400000,12.276000,0,0,22625605,1318,19,1318,13,0,3,55
11,720,50.400000,12.276000,0,0,22625616,1318,18,1318,12,0,3,55
11,720,50.400000,12.276000,0,0,22625626,1319,18,1319,12,0,3,55
11,720,50.400000,12.276000,0,0,22625636,1319,17,1319,11,0,3,55
11,720,50.400000,12.276000,0,0,22625647,1319,17,1319,11,0,3,55
11,720,50.400000,12.276000,0,0,22625657,1320,16,1320,10,0,3,55
11,720,50.400000,12.276000,0,0,22625667,1321,15,1321,9,0,3,55
11,720,50.400000,12.276000,0,0,22625678,1322,14,1322,8,0,3,55
11,720,50.400000,12.276000,0,0,22625688,1322,13,1322,7,0,3,55
11,720,50.400000,12.276000,0,0,22625699,1322,13,1322,7,0,3,55
11,720,50.400000,12.276000,0,0,22625710,1322,13,1322,7,0,3,55
11,720,50.400000,12.276000,0,0,22625720,1322,13,1322,7,0,3,55
11,720,50.400000,12.276000,0,0,22625730,1322,13,1322,7,0,3,55
