11,360,50.400000,0.000000,0,0,22677887,780,0,780,0,0,3,93
11,360,50.400000,0.000000,0,0,22677888,780,0,780,0,0,3,93
11,360,50.400000,0.000000,0,0,22677897,781,0,781,0,0,3,93
11,360,50.400000,0.000000,0,0,22677907,781,0,781,0,0,3,93
11,360,50.400000,0.000000,0,0,22677918,781,0,781,0,0,3,93
11,360,50.400000,0.000000,0,0,22677934,781,0,781,0,0,3,93
11,360,50.400000,0.000000,0,0,22677948,781,0,781,0,0,3,93
11,360,50.400000,0.000000,0,0,22677960,781,0,781,0,0,3,93
11,360,50.400000,0.000000,0,0,22677970,781,0,781,0,0,3,93
11,360,50.400000,0.000000,0,0,22677980,781,1,781,1,0,3,93
11,360,50.400000,0.000000,0,0,22677990,779,1,779,1,0,3,93
11,360,50.400000,0.000000,0,0,22678002,773,1,773,1,0,3,93
11,360,50.400000,0.000000,0,0,22678015,761,2,761,2,0,3,93
11,360,50.400000,0.000000,0,0,22678027,743,2,743,2,0,3,93
11,360,50.400000,0.000000,0,0,22678037,725,1,725,1,0,3,93
11,360,50.400000,0.000000,0,0,22678049,712,1,712,1,0,3,93
11,360,50.400000,0.000000,0,0,22678061,696,0,696,-1,0,3,93
11,360,50.400000,0.000000,0,0,22678072,685,0,685,-2,0,3,93
11,360,50.400000,0.000000,0,0,22678087,679,0,679,-3,0,3,93
11,360,50.400000,0.000000,0,0,22678097,676,0,676,-3,0,3,93
11,360,50.400000,0.000000,0,0,22678107,676,0,676,-3,0,3,93
11,360,50.400000,0.000000,0,0,22678121,676,0,676,-3,0,3,93
11,360,50.400000,0.000000,0,0,22678131,676,0,676,-3,0,3,93
11,360,50.400000,0.000000,0,0,22678141,676,0,676,-3,0,3,93
11,360,50.400000,0.000000,0,0,22678151,678,0,678,-4,0,3,93
11,360,50.400000,0.000000,0,0,22678163,680,0,680,-4,0,3,93
11,360,50.400000,0.000000,0,0,22678174,685,0,685,-5,0,3,93
11,360,50.400000,0.000000,0,0,22678184,693,0,693,-5,0,3,93
11,360,50.400000,0.000000,0,0,22678195,707,0,707,-6,0,3,93
11,360,50.400000,0.000000,0,0,22678205,724,0,724,-6,0,3,93
11,360,50.400000,0.000000,0,0,22678215,742,0,742,-6,0,3,93
11,360,50.400000,0.000000,0,0,22678226,769,0,769,-7,0,3,93
11,360,50.400000,0.000000,0,0,22678237,795,0,795,-7,0,3,93
11,360,50.400000,0.000000,0,0,22678248,826,0,826,-7,0,3,93
11,360,50.400000,0.000000,0,0,22678258,862,0,862,-7,0,3,93
11,360,50.400000,0.000000,0,0,22678269,895,0,895,-7,0,3,93
11,360,50.400000,0.000000,0,0,22678281,929,0,929,-7,0,3,93
11,360,50.400000,0.000000,0,0,22678291,965,0,965,-7,0,3,93
11,360,50.400000,0.000000,0,0,22678303,998,0,998,-7,0,3,93
11,360,50.400000,0.000000,0,0,22678314,1023,0,1023,-8,0,3,93
11,360,50.400000,0.000000,0,0,22678325,1038,0,1038,-8,0,3,93
11,360,50.400000,0.000000,0,0,22678335,1048,0,1048,-9,0,3,93
11,360,50.400000,0.000000,0,0,22678346,1052,0,1052,-9,0,3,93
11,360,50.400000,0.000000,0,0,22678357,1056,0,1056,-9,0,3,93
11,360,50.400000,0.000000,0,0,22678367,1056,0,1056,-9,0,3,93
11,360,50.400000,0.000000,0,0,22678377,1056,0,1056,-9,0,3,93
11,360,50.400000,0.000000,0,0,22678391,1056,0,1056,-9,0,3,93
11,360,50.400000,0.000000,0,0,22678407,1056,0,1056,-9,0,3,93
11,360,50.400000,0.000000,0,0,22678417,1056,0,1056,-9,0,3,93
11,360,50.400000,0.000000,0,0,22678427,1056,0,1056,-9,0,3,93
11,360,50.400000,0.000000,0,0,22678438,1056,0,1056,-9,0,3,93
11,360,50.400000,0.000000,0,0,22678448,1056,0,1056,-9,0,3,93
11,360,50.400000,0.000000,0,0,22678458,1056,0,1056,-9,0,3,93
11,360,50.400000,0.000000,0,0,22678468,1056,0,1056,-9,0,3,93
11,360,50.400000,0.000000,0,0,22678478,1057,0,1057,-9,0,3,93
11,360,50.400000,0.000000,0,0,22678488,1059,0,1059,-9,0,3,93
11,360,50.400000,0.000000,0,0,22678498,1063,0,1063,-9,0,3,93
11,360,50.400000,0.000000,0,0,22678508,1067,0,1067,-9,0,3,93
11,360,50.400000,0.000000,0,0,22678518,1070,0,1070,-9,0,3,93
11,360,50.400000,0.000000,0,0,22678529,1072,0,1072,-10,0,3,93
11,360,50.400000,0.000000,0,0,22678539,1072,0,1072,-10,0,3,93
11,360,50.400000,0.000000,0,0,22678550,1072,0,1072,-10,0,3,93
11,360,50.400000,0.000000,0,0,22678560,1072,0,1072,-10,0,3,93
11,360,50.400000,0.000000,0,0,22678570,1072,0,1072,-10,0,3,93
11,360,50.400000,0.000000,0,0,22678580,1072,0,1072,-10,0,3,93
11,360,50.400000,0.000000,0,0,22678590,1072,0,1072,-10,0,3,93
11,360,50.400000,0.000000,0,0,22678599,1073,0,1073,-10,0,3,93
11,360,50.400000,0.000000,0,0,22678609,1073,0,1073,-10,0,3,93
11,360,50.400000,0.000000,0,0,22678620,1074,0,1074,-10,0,3,93
11,360,50.400000,0.000000,0,0,22678630,1075,0,1075,-10,0,3,93
11,360,50.400000,0.000000,0,0,22678640,1075,0,1075,-10,0,3,93
11,360,50.400000,0.000000,0,0,22678650,1076,0,1076,-10,0,3,93
11,360,50.400000,0.000000,0,0,22678660,1077,0,1077,-10,0,3,93
11,360,50.400000,0.000000,0,0,22678670,1079,0,1079,-10,0,3,93
11,360,50.400000,0.000000,0,0,22678681,1079,0,1079,-10,0,3,93
11,360,50.400000,0.000000,0,0,22678691,1079,0,1079,-10,0,3,93
11,360,50.400000,0.000000,0,0,22678701,1082,0,1082,-10,0,3,93
11,360,50.400000,0.000000,0,0,22678712,1086,0,1086,-10,0,3,93
11,360,50.400000,0.000000,0,0,22678724,1091,0,1091,-10,0,3,93
11,360,50.400000,0.000000,0,0,22678734,1098,0,1098,-11,0,3,93
11,360,50.400000,0.000000,0,0,22678745,1104,0,1104,-11,0,3,93
11,360,50.400000,0.000000,0,0,22678754,1107,0,1107,-11,0,3,93
11,360,50.400000,0.000000,0,0,22678764,1108,0,1108,-11,0,3,93
11,360,50.400000,0.000000,0,0,22678775,1108,0,1108,-11,0,3,93
11,360,50.400000,0.000000,0,0,22678786,1108,0,1108,-11,0,3,93
11,360,50.400000,0.000000,0,0,22678796,1108,0,1108,-11,0,3,93
11,360,50.400000,0.000000,0,0,22678806,1108,0,1108,-11,0,3,93
11,360,50.400000,0.000000,0,0,22678816,1108,0,1108,-11,0,3,93
11,360,50.400000,0.000000,0,0,22678826,1108,0,1108,-11,0,3,93
11,360,50.400000,0.000000,0,0,22678837,1108,0,1108,-11,0,3,93
11,360,50.400000,0.000000,0,0,22678847,1108,0,1108,-11,0,3,93
11,360,50.400000,0.000000,0,0,22678858,1108,0,1108,-11,0,3,93
11,360,50.400000,0.000000,0,0,22678869,1108,0,1108,-11,0,3,93
11,360,50.400000,0.000000,0,0,22678879,1108,0,1108,-11,0,3,93
11,360,50.400000,0.000000,0,0,22678888,1108,0,1108,-11,0,3,93
11,360,50.400000,0.000000,0,0,22678898,1108,0,1108,-11,0,3,93
11,360,50.400000,0.000000,0,0,22678908,1108,0,1108,-11,0,3,93
11,360,50.400000,0.000000,0,0,22678918,1109,0,1109,-11,0,3,93
11,360,50.400000,0.000000,0,0,22678929,1110,0,1110,-11,0,3,93
11,360,50.400000,0.000000,0,0,22678940,1113,0,1113,-11,0,3,93
11,360,50.400000,0.000000,0,0,22678950,1118,0,1118,-11,0,3,93
11,360,50.400000,0.000000,0,0,22678961,1123,0,1123,-11,0,3,93
11,360,50.400000,0.000000,0,0,22678971,1125,0,1125,-11,0,3,93
11,360,50.400000,0.000000,0,0,22678981,1127,0,1127,-11,0,3,93
11,360,50.400000,0.000000,0,0,22678991,1127,0,1127,-11,0,3,93
11,360,50.400000,0.000000,0,0,22679000,1127,0,1127,-11,0,3,93
11,360,50.400000,0.000000,0,0,22679012,1127,0,1127,-11,0,3,93
11,360,50.400000,0.000000,0,0,22679022,1127,0,1127,-11,0,3,93
11,360,50.400000,0.000000,0,0,22679032,1127,0,1127,-11,0,3,93
11,360,50.400000,0.000000,0,0,22679042,1127,0,1127,-11,0,3,93
11,360,50.400000,0.000000,0,0,22679054,1127,0,1127,-11,0,3,93
11,360,50.400000,0.000000,0,0,22679064,1127,0,1127,-11,0,3,93
11,360,50.400000,0.000000,0,0,22679080,1127,0,1127,-11,0,3,93
11,360,50.400000,0.000000,0,0,22679090,1127,0,1127,-11,0,3,93
11,360,50.400000,0.000000,0,0,22679100,1127,0,1127,-11,0,3,93
11,360,50.400000,0.000000,0,0,22679109,1127,0,1127,-11,0,3,93
