11,360,82.800000,0.000000,0,0,22706869,780,0,780,0,0,3,112
11,360,82.800000,0.000000,0,0,22706870,780,0,780,0,0,3,112
11,360,82.800000,0.000000,0,0,22706880,781,0,781,0,0,3,112
11,360,82.800000,0.000000,0,0,22706890,784,0,784,0,0,3,112
11,360,82.800000,0.000000,0,0,22706901,789,0,789,0,0,3,112
11,360,82.800000,0.000000,0,0,22706912,799,0,799,-1,0,3,112
11,360,82.800000,0.000000,0,0,22706923,814,0,814,-1,0,3,112
11,360,82.800000,0.000000,0,0,22706934,841,2,841,1,0,3,112
11,360,82.800000,0.000000,0,0,22706949,867,4,867,3,0,3,112
11,360,82.800000,0.000000,0,0,22706965,909,7,909,6,0,3,112
11,360,82.800000,0.000000,0,0,22706981,956,9,956,8,0,3,112
11,360,82.800000,0.000000,0,0,22706997,989,11,989,10,0,3,112
11,360,82.800000,0.000000,0,0,22707013,1021,11,1021,10,0,3,112
11,360,82.800000,0.000000,0,0,22707028,1045,10,1045,9,0,3,112
11,360,82.800000,0.000000,0,0,22707039,1060,10,1060,9,0,3,112
11,360,82.800000,0.000000,0,0,22707049,1071,9,1071,8,0,3,112
11,360,82.800000,0.000000,0,0,22707060,1079,9,1079,8,0,3,112
11,360,82.800000,0.000000,0,0,22707071,1086,9,1086,8,0,3,112
11,360,82.800000,0.000000,0,0,22707082,1092,9,1092,8,0,3,112
11,360,82.800000,0.000000,0,0,22707092,1094,9,1094,8,0,3,112
11,360,82.800000,0.000000,0,0,22707107,1095,9,1095,8,0,3,112
11,360,82.800000,0.000000,0,0,22707122,1095,9,1095,8,0,3,112
11,360,82.800000,0.000000,0,0,22707133,1095,9,1095,8,0,3,112
11,360,82.800000,0.000000,0,0,22707149,1096,9,1096,8,0,3,112
11,360,82.800000,0.000000,0,0,22707160,1097,8,1097,7,0,3,112
11,360,82.800000,0.000000,0,0,22707171,1100,8,1100,7,0,3,112
11,360,82.800000,0.000000,0,0,22707181,1102,8,1102,7,0,3,112
11,360,82.800000,0.000000,0,0,22707191,1104,7,1104,6,0,3,112
11,360,82.800000,0.000000,0,0,22707202,1106,7,1106,6,0,3,112
11,360,82.800000,0.000000,0,0,22707212,1109,7,1109,6,0,3,112
11,360,82.800000,0.000000,0,0,22707224,1113,7,1113,6,0,3,112
11,360,82.800000,0.000000,0,0,22707235,1121,7,1121,6,0,3,112
11,360,82.800000,0.000000,0,0,22707246,1131,7,1131,6,0,3,112
11,360,82.800000,0.000000,0,0,22707258,1144,7,1144,6,0,3,112
11,360,82.800000,0.000000,0,0,22707268,1155,6,1155,5,0,3,112
11,360,82.800000,0.000000,0,0,22707279,1161,6,1161,5,0,3,112
11,360,82.800000,0.000000,0,0,22707289,1164,6,1164,5,0,3,112
11,360,82.800000,0.000000,0,0,22707300,1167,6,1167,5,0,3,112
11,360,82.800000,0.000000,0,0,22707311,1167,6,1167,5,0,3,112
11,360,82.800000,0.000000,0,0,22707321,1167,6,1167,5,0,3,112
11,360,82.800000,0.000000,0,0,22707331,1167,6,1167,5,0,3,112
11,360,82.800000,0.000000,0,0,22707345,1167,6,1167,5,0,3,112
11,360,82.800000,0.000000,0,0,22707360,1167,6,1167,5,0,3,112
11,360,82.800000,0.000000,0,0,22707370,1167,6,1167,5,0,3,112
11,360,82.800000,0.000000,0,0,22707381,1167,6,1167,5,0,3,112
11,360,82.800000,0.000000,0,0,22707392,1167,6,1167,5,0,3,112
11,360,82.800000,0.000000,0,0,22707402,1167,6,1167,5,0,3,112
11,360,82.800000,0.000000,0,0,22707413,1167,6,1167,5,0,3,112
11,360,82.800000,0.000000,0,0,22707423,1167,6,1167,5,0,3,112
11,360,82.800000,0.000000,0,0,22707434,1167,6,1167,5,0,3,112
11,360,82.800000,0.000000,0,0,22707445,1167,6,1167,5,0,3,112
11,360,82.800000,0.000000,0,0,22707455,1167,6,1167,5,0,3,112
11,360,82.800000,0.000000,0,0,22707465,1167,6,1167,5,0,3,112
11,360,82.800000,0.000000,0,0,22707475,1167,6,1167,5,0,3,112
11,360,82.800000,0.000000,0,0,22707485,1167,6,1167,5,0,3,112
11,360,82.800000,0.000000,0,0,22707496,1167,6,1167,5,0,3,112
11,360,82.800000,0.000000,0,0,22707506,1167,6,1167,5,0,3,112
11,360,82.800000,0.000000,0,0,22707517,1167,6,1167,5,0,3,112
11,360,82.800000,0.000000,0,0,22707526,1167,6,1167,5,0,3,112
11,360,82.800000,0.000000,0,0,22707537,1167,6,1167,5,0,3,112
11,360,82.800000,0.000000,0,0,22707552,1167,6,1167,5,0,3,112
11,360,82.800000,0.000000,0,0,22707563,1167,6,1167,5,0,3,112
11,360,82.800000,0.000000,0,0,22707573,1167,6,1167,5,0,3,112
11,360,82.800000,0.000000,0,0,22707584,1167,6,1167,5,0,3,112
11,360,82.800000,0.000000,0,0,22707594,1167,6,1167,5,0,3,112
11,360,82.800000,0.000000,0,0,22707604,1167,6,1167,5,0,3,112
11,360,82.800000,0.000000,0,0,22707614,1167,6,1167,5,0,3,112
