11,720,50.400000,0.000000,0,0,22548603,600,0,600,0,0,3,0
11,720,50.400000,0.000000,0,0,22548604,600,0,600,0,0,3,0
11,720,50.400000,0.000000,0,0,22548614,600,0,600,0,0,3,0
11,720,50.400000,0.000000,0,0,22548624,600,0,600,0,0,3,0
11,720,50.400000,0.000000,0,0,22548634,600,0,600,0,0,3,0
11,720,50.400000,0.000000,0,0,22548645,600,0,600,0,0,3,0
11,720,50.400000,0.000000,0,0,22548655,600,0,600,0,0,3,0
11,720,50.400000,0.000000,0,0,22548668,600,0,600,0,0,3,0
11,720,50.400000,0.000000,0,0,22548679,606,0,606,-1,0,3,0
11,720,50.400000,0.000000,0,0,22548689,621,0,621,-1,0,3,0
11,720,50.400000,0.000000,0,0,22548700,646,2,646,1,0,3,0
11,720,50.400000,0.000000,0,0,22548711,684,7,684,6,0,3,0
11,720,50.400000,0.000000,0,0,22548721,731,12,731,11,0,3,0
11,720,50.400000,0.000000,0,0,22548732,782,15,782,14,0,3,0
11,720,50.400000,0.000000,0,0,22548743,850,16,850,15,0,3,0
11,720,50.400000,0.000000,0,0,22548754,908,16,908,15,0,3,0
11,720,50.400000,0.000000,0,0,22548765,966,16,966,15,0,3,0
11,720,50.400000,0.000000,0,0,22548775,1018,14,1018,13,0,3,0
11,720,50.400000,0.000000,0,0,22548786,1049,12,1049,11,0,3,0
11,720,50.400000,0.000000,0,0,22548802,1071,9,1071,8,0,3,0
11,720,50.400000,0.000000,0,0,22548818,1088,5,1088,4,0,3,0
11,720,50.400000,0.000000,0,0,22548833,1093,3,1093,2,0,3,0
11,720,50.400000,0.000000,0,0,22548847,1099,0,1099,-1,0,3,0
11,720,50.400000,0.000000,0,0,22548858,1101,0,1101,-2,0,3,0
11,720,50.400000,0.000000,0,0,22548869,1102,0,1102,-2,0,3,0
11,720,50.400000,0.000000,0,0,22548883,1104,0,1104,-3,0,3,0
11,720,50.400000,0.000000,0,0,22548894,1111,0,1111,-5,0,3,0
11,720,50.400000,0.000000,0,0,22548905,1116,0,1116,-7,0,3,0
11,720,50.400000,0.000000,0,0,22548916,1124,0,1124,-8,0,3,0
11,720,50.400000,0.000000,0,0,22548927,1132,0,1132,-10,0,3,0
11,720,50.400000,0.000000,0,0,22548938,1139,0,1139,-11,0,3,0
11,720,50.400000,0.000000,0,0,22548948,1144,0,1144,-12,0,3,0
11,720,50.400000,0.000000,0,0,22548958,1146,0,1146,-13,0,3,0
11,720,50.400000,0.000000,0,0,22548973,1147,0,1147,-14,0,3,0
11,720,50.400000,0.000000,0,0,22548983,1147,0,1147,-14,0,3,0
11,720,50.400000,0.000000,0,0,22548993,1147,0,1147,-14,0,3,0
11,720,50.400000,0.000000,0,0,22549003,1148,0,1148,-14,0,3,0
11,720,50.400000,0.000000,0,0,22549013,1151,0,1151,-14,0,3,0
11,720,50.400000,0.000000,0,0,22549025,1156,0,1156,-16,0,3,0
11,720,50.400000,0.000000,0,0,22549037,1164,0,1164,-16,0,3,0
11,720,50.400000,0.000000,0,0,22549048,1177,0,1177,-17,0,3,0
11,720,50.400000,0.000000,0,0,22549059,1192,0,1192,-18,0,3,0
11,720,50.400000,0.000000,0,0,22549070,1207,0,1207,-19,0,3,0
11,720,50.400000,0.000000,0,0,22549081,1225,0,1225,-19,0,3,0
11,720,50.400000,0.000000,0,0,22549092,1244,0,1244,-19,0,3,0
11,720,50.400000,0.000000,0,0,22549103,1265,0,1265,-19,0,3,0
11,720,50.400000,0.000000,0,0,22549114,1280,0,1280,-19,0,3,0
11,720,50.400000,0.000000,0,0,22549125,1291,0,1291,-19,0,3,0
11,720,50.400000,0.000000,0,0,22549136,1299,0,1299,-19,0,3,0
11,720,50.400000,0.000000,0,0,22549146,1303,0,1303,-19,0,3,0
11,720,50.400000,0.000000,0,0,22549157,1305,0,1305,-19,0,3,0
11,720,50.400000,0.000000,0,0,22549167,1307,0,1307,-19,0,3,0
11,720,50.400000,0.000000,0,0,22549178,1308,0,1308,-19,0,3,0
11,720,50.400000,0.000000,0,0,22549188,1309,0,1309,-19,0,3,0
11,720,50.400000,0.000000,0,0,22549198,1311,0,1311,-19,0,3,0
11,720,50.400000,0.000000,0,0,22549210,1312,0,1312,-20,0,3,0
11,720,50.400000,0.000000,0,0,22549220,1314,0,1314,-20,0,3,0
11,720,50.400000,0.000000,0,0,22549230,1316,0,1316,-20,0,3,0
11,720,50.400000,0.000000,0,0,22549240,1317,0,1317,-21,0,3,0
11,720,50.400000,0.000000,0,0,22549250,1318,0,1318,-21,0,3,0
11,720,50.400000,0.000000,0,0,22549261,1318,0,1318,-22,0,3,0
11,720,50.400000,0.000000,0,0,22549270,1319,0,1319,-22,0,3,0
11,720,50.400000,0.000000,0,0,22549281,1322,0,1322,-23,0,3,0
11,720,50.400000,0.000000,0,0,22549291,1326,0,1326,-24,0,3,0
11,720,50.400000,0.000000,0,0,22549302,1327,0,1327,-24,0,3,0
11,720,50.400000,0.000000,0,0,22549312,1328,0,1328,-24,0,3,0
11,720,50.400000,0.000000,0,0,22549322,1328,0,1328,-24,0,3,0
11,720,50.400000,0.000000,0,0,22549332,1328,0,1328,-24,0,3,0
11,720,50.400000,0.000000,0,0,22549342,1328,0,1328,-24,0,3,0
11,720,50.400000,0.000000,0,0,22549352,1328,0,1328,-24,0,3,0
11,720,50.400000,0.000000,0,0,22549361,1328,0,1328,-24,0,3,0
