11,360,82.800000,42.984000,1,1,22610619,780,22,780,22,0,3,45
11,360,82.800000,42.984000,1,1,22610620,780,22,780,22,0,3,45
11,360,82.800000,42.984000,1,1,22610630,780,22,780,22,0,3,45
11,360,82.800000,42.984000,1,1,22610640,780,22,780,22,0,3,45
11,360,82.800000,42.984000,1,1,22610651,780,22,780,22,0,3,45
11,360,82.800000,42.984000,1,1,22610662,781,22,781,22,0,3,45
11,360,82.800000,42.984000,1,1,22610673,784,20,784,20,0,3,45
11,360,82.800000,42.984000,1,1,22610685,790,19,790,19,0,3,45
11,360,82.800000,42.984000,1,1,22610698,803,18,803,18,0,3,45
11,360,82.800000,42.984000,1,1,22610709,825,17,825,17,0,3,45
11,360,82.800000,42.984000,1,1,22610720,854,17,854,17,0,3,45
11,360,82.800000,42.984000,1,1,22610731,888,16,888,16,0,3,45
11,360,82.800000,42.984000,1,1,22610743,930,15,930,15,0,3,45
11,360,82.800000,42.984000,1,1,22610754,979,13,979,13,0,3,45
11,360,82.800000,42.984000,1,1,22610765,1028,11,1028,11,0,3,45
11,360,82.800000,42.984000,1,1,22610776,1071,9,1071,9,0,3,45
11,360,82.800000,42.984000,1,1,22610788,1105,8,1105,8,0,3,45
11,360,82.800000,42.984000,1,1,22610798,1124,7,1124,7,0,3,45
11,360,82.800000,42.984000,1,1,22610809,1133,6,1133,6,0,3,45
11,360,82.800000,42.984000,1,1,22610819,1136,6,1136,6,0,3,45
11,360,82.800000,42.984000,1,1,22610830,1136,6,1136,6,0,3,45
11,360,82.800000,42.984000,1,1,22610840,1136,6,1136,6,0,3,45
11,360,82.800000,42.984000,1,1,22610851,1136,6,1136,6,0,3,45
11,360,82.800000,42.984000,1,1,22610861,1136,6,1136,6,0,3,45
11,360,82.800000,42.984000,1,1,22610872,1136,6,1136,6,0,3,45
11,360,82.800000,42.984000,1,1,22610883,1136,6,1136,6,0,3,45
11,360,82.800000,42.984000,1,1,22610893,1137,6,1137,6,0,3,45
11,360,82.800000,42.984000,1,1,22610904,1138,6,1138,6,0,3,45
11,360,82.800000,42.984000,1,1,22610914,1138,6,1138,6,0,3,45
11,360,82.800000,42.984000,1,1,22610925,1138,6,1138,6,0,3,45
11,360,82.800000,42.984000,1,1,22610938,1138,6,1138,6,0,3,45
11,360,82.800000,42.984000,1,1,22610948,1141,6,1141,6,0,3,45
11,360,82.800000,42.984000,1,1,22610964,1143,6,1143,6,0,3,45
11,360,82.800000,42.984000,1,1,22610975,1146,6,1146,6,0,3,45
11,360,82.800000,42.984000,1,1,22610986,1146,6,1146,6,0,3,45
11,360,82.800000,42.984000,1,1,22610997,1146,6,1146,6,0,3,45
11,360,82.800000,42.984000,1,1,22611007,1146,6,1146,6,0,3,45
11,360,82.800000,42.984000,1,1,22611017,1146,6,1146,6,0,3,45
11,360,82.800000,42.984000,1,1,22611028,1146,6,1146,6,0,3,45
11,360,82.800000,42.984000,1,1,22611038,1146,6,1146,6,0,3,45
