11,360,82.800000,12.276000,1,1,22572702,780,22,780,22,0,3,17
11,360,82.800000,12.276000,1,1,22572703,780,22,780,22,0,3,17
11,360,82.800000,12.276000,1,1,22572713,780,22,780,22,0,3,17
11,360,82.800000,12.276000,1,1,22572723,780,22,780,22,0,3,17
11,360,82.800000,12.276000,1,1,22572734,780,22,780,22,0,3,17
11,360,82.800000,12.276000,1,1,22572744,780,22,780,22,0,3,17
11,360,82.800000,12.276000,1,1,22572755,780,22,780,22,0,3,17
11,360,82.800000,12.276000,1,1,22572766,781,21,781,21,0,3,17
11,360,82.800000,12.276000,1,1,22572778,785,20,785,20,0,3,17
11,360,82.800000,12.276000,1,1,22572789,792,18,792,18,0,3,17
11,360,82.800000,12.276000,1,1,22572800,804,17,804,17,0,3,17
11,360,82.800000,12.276000,1,1,22572813,820,17,820,17,0,3,17
11,360,82.800000,12.276000,1,1,22572825,848,17,848,17,0,3,17
11,360,82.800000,12.276000,1,1,22572836,880,16,880,16,0,3,17
11,360,82.800000,12.276000,1,1,22572851,915,14,915,14,0,3,17
11,360,82.800000,12.276000,1,1,22572862,967,13,967,13,0,3,17
11,360,82.800000,12.276000,1,1,22572873,997,12,997,12,0,3,17
11,360,82.800000,12.276000,1,1,22572884,1025,12,1025,12,0,3,17
11,360,82.800000,12.276000,1,1,22572899,1047,11,1047,11,0,3,17
11,360,82.800000,12.276000,1,1,22572911,1075,9,1075,9,0,3,17
11,360,82.800000,12.276000,1,1,22572922,1088,8,1088,8,0,3,17
11,360,82.800000,12.276000,1,1,22572933,1099,8,1099,8,0,3,17
11,360,82.800000,12.276000,1,1,22572944,1106,8,1106,8,0,3,17
11,360,82.800000,12.276000,1,1,22572954,1112,8,1112,8,0,3,17
11,360,82.800000,12.276000,1,1,22572965,1116,7,1116,7,0,3,17
11,360,82.800000,12.276000,1,1,22572976,1117,7,1117,7,0,3,17
11,360,82.800000,12.276000,1,1,22572986,1117,7,1117,7,0,3,17
11,360,82.800000,12.276000,1,1,22572997,1117,7,1117,7,0,3,17
11,360,82.800000,12.276000,1,1,22573008,1118,7,1118,7,0,3,17
11,360,82.800000,12.276000,1,1,22573018,1118,7,1118,7,0,3,17
11,360,82.800000,12.276000,1,1,22573029,1118,7,1118,7,0,3,17
11,360,82.800000,12.276000,1,1,22573040,1118,7,1118,7,0,3,17
11,360,82.800000,12.276000,1,1,22573050,1118,7,1118,7,0,3,17
11,360,82.800000,12.276000,1,1,22573061,1118,7,1118,7,0,3,17
11,360,82.800000,12.276000,1,1,22573071,1118,7,1118,7,0,3,17
11,360,82.800000,12.276000,1,1,22573082,1118,7,1118,7,0,3,17
11,360,82.800000,12.276000,1,1,22573092,1118,7,1118,7,0,3,17
11,360,82.800000,12.276000,1,1,22573103,1118,7,1118,7,0,3,17
11,360,82.800000,12.276000,1,1,22573114,1118,7,1118,7,0,3,17
11,360,82.800000,12.276000,1,1,22573124,1118,7,1118,7,0,3,17
11,360,82.800000,12.276000,1,1,22573135,1118,7,1118,7,0,3,17
11,360,82.800000,12.276000,1,1,22573145,1118,7,1118,7,0,3,17
11,360,82.800000,12.276000,1,1,22573155,1118,7,1118,7,0,3,17
11,360,82.800000,12.276000,1,1,22573166,1118,7,1118,7,0,3,17
11,360,82.800000,12.276000,1,1,22573175,1118,7,1118,7,0,3,17
