11,720,82.800000,12.276000,0,0,22704082,600,0,600,0,0,3,110
11,720,82.800000,12.276000,0,0,22704083,600,0,600,0,0,3,110
11,720,82.800000,12.276000,0,0,22704099,601,0,601,-1,0,3,110
11,720,82.800000,12.276000,0,0,22704116,605,0,605,-2,0,3,110
11,720,82.800000,12.276000,0,0,22704131,615,0,615,-4,0,3,110
11,720,82.800000,12.276000,0,0,22704147,639,0,639,-5,0,3,110
11,720,82.800000,12.276000,0,0,22704157,680,0,680,-5,0,3,110
11,720,82.800000,12.276000,0,0,22704167,726,1,726,-4,0,3,110
11,720,82.800000,12.276000,0,0,22704178,793,1,793,-4,0,3,110
11,720,82.800000,12.276000,0,0,22704189,864,2,864,-3,0,3,110
11,720,82.800000,12.276000,0,0,22704200,937,2,937,-3,0,3,110
11,720,82.800000,12.276000,0,0,22704210,1029,2,1029,-3,0,3,110
11,720,82.800000,12.276000,0,0,22704226,1092,2,1092,-3,0,3,110
11,720,82.800000,12.276000,0,0,22704243,1182,2,1182,-3,0,3,110
11,720,82.800000,12.276000,0,0,22704257,1251,1,1251,-4,0,3,110
11,720,82.800000,12.276000,0,0,22704268,1276,1,1276,-4,0,3,110
11,720,82.800000,12.276000,0,0,22704278,1283,1,1283,-4,0,3,110
11,720,82.800000,12.276000,0,0,22704289,1286,1,1286,-4,0,3,110
11,720,82.800000,12.276000,0,0,22704300,1286,0,1286,-5,0,3,110
11,720,82.800000,12.276000,0,0,22704310,1287,0,1287,-5,0,3,110
11,720,82.800000,12.276000,0,0,22704320,1287,0,1287,-5,0,3,110
11,720,82.800000,12.276000,0,0,22704332,1288,0,1288,-5,0,3,110
11,720,82.800000,12.276000,0,0,22704342,1290,0,1290,-6,0,3,110
11,720,82.800000,12.276000,0,0,22704352,1291,0,1291,-6,0,3,110
11,720,82.800000,12.276000,0,0,22704362,1294,0,1294,-7,0,3,110
11,720,82.800000,12.276000,0,0,22704373,1296,0,1296,-7,0,3,110
11,720,82.800000,12.276000,0,0,22704384,1300,0,1300,-7,0,3,110
11,720,82.800000,12.276000,0,0,22704394,1303,0,1303,-8,0,3,110
11,720,82.800000,12.276000,0,0,22704405,1304,0,1304,-8,0,3,110
11,720,82.800000,12.276000,0,0,22704415,1304,0,1304,-8,0,3,110
11,720,82.800000,12.276000,0,0,22704425,1304,0,1304,-8,0,3,110
11,720,82.800000,12.276000,0,0,22704436,1304,0,1304,-8,0,3,110
11,720,82.800000,12.276000,0,0,22704446,1305,0,1305,-8,0,3,110
11,720,82.800000,12.276000,0,0,22704457,1307,0,1307,-9,0,3,110
11,720,82.800000,12.276000,0,0,22704469,1311,0,1311,-9,0,3,110
11,720,82.800000,12.276000,0,0,22704480,1317,0,1317,-10,0,3,110
11,720,82.800000,12.276000,0,0,22704494,1322,0,1322,-11,0,3,110
11,720,82.800000,12.276000,0,0,22704505,1325,0,1325,-12,0,3,110
11,720,82.800000,12.276000,0,0,22704515,1325,0,1325,-12,0,3,110
11,720,82.800000,12.276000,0,0,22704526,1325,0,1325,-12,0,3,110
11,720,82.800000,12.276000,0,0,22704536,1325,0,1325,-12,0,3,110
11,720,82.800000,12.276000,0,0,22704546,1325,0,1325,-12,0,3,110
11,720,82.800000,12.276000,0,0,22704556,1325,0,1325,-12,0,3,110
11,720,82.800000,12.276000,0,0,22704566,1325,0,1325,-12,0,3,110
11,720,82.800000,12.276000,0,0,22704576,1325,0,1325,-12,0,3,110
11,720,82.800000,12.276000,0,0,22704586,1325,0,1325,-12,0,3,110
11,720,82.800000,12.276000,0,0,22704595,1325,0,1325,-12,0,3,110
