11,360,21.600000,10000.000000,0,1,22709781,780,22,780,22,0,3,114
11,360,21.600000,10000.000000,0,1,22709782,780,22,780,22,0,3,114
11,360,21.600000,10000.000000,0,1,22709792,781,22,781,22,0,3,114
11,360,21.600000,10000.000000,0,1,22709802,781,22,781,22,0,3,114
11,360,21.600000,10000.000000,0,1,22709816,781,22,781,22,0,3,114
11,360,21.600000,10000.000000,0,1,22709827,782,22,782,22,0,3,114
11,360,21.600000,10000.000000,0,1,22709837,783,22,783,22,0,3,114
11,360,21.600000,10000.000000,0,1,22709848,785,22,785,22,0,3,114
11,360,21.600000,10000.000000,0,1,22709860,789,21,789,21,0,3,114
11,360,21.600000,10000.000000,0,1,22709871,794,21,794,21,0,3,114
11,360,21.600000,10000.000000,0,1,22709883,801,21,801,21,0,3,114
11,360,21.600000,10000.000000,0,1,22709894,813,21,813,21,0,3,114
11,360,21.600000,10000.000000,0,1,22709906,832,22,832,22,0,3,114
11,360,21.600000,10000.000000,0,1,22709916,861,22,861,22,0,3,114
11,360,21.600000,10000.000000,0,1,22709926,892,22,892,22,0,3,114
11,360,21.600000,10000.000000,0,1,22709937,932,22,932,22,0,3,114
11,360,21.600000,10000.000000,0,1,22709948,980,22,980,22,0,3,114
11,360,21.600000,10000.000000,0,1,22709960,1022,22,1022,22,0,3,114
11,360,21.600000,10000.000000,0,1,22709971,1063,22,1063,22,0,3,114
11,360,21.600000,10000.000000,0,1,22709981,1086,22,1086,22,0,3,114
11,360,21.600000,10000.000000,0,1,22709993,1104,22,1104,22,0,3,114
11,360,21.600000,10000.000000,0,1,22710003,1115,22,1115,22,0,3,114
11,360,21.600000,10000.000000,0,1,22710014,1119,21,1119,21,0,3,114
11,360,21.600000,10000.000000,0,1,22710025,1119,21,1119,21,0,3,114
11,360,21.600000,10000.000000,0,1,22710035,1119,21,1119,21,0,3,114
11,360,21.600000,10000.000000,0,1,22710045,1119,21,1119,21,0,3,114
11,360,21.600000,10000.000000,0,1,22710056,1120,21,1120,21,0,3,114
11,360,21.600000,10000.000000,0,1,22710067,1121,21,1121,21,0,3,114
11,360,21.600000,10000.000000,0,1,22710078,1122,20,1122,20,0,3,114
11,360,21.600000,10000.000000,0,1,22710088,1123,19,1123,19,0,3,114
11,360,21.600000,10000.000000,0,1,22710099,1125,19,1125,19,0,3,114
11,360,21.600000,10000.000000,0,1,22710113,1127,19,1127,19,0,3,114
11,360,21.600000,10000.000000,0,1,22710126,1128,18,1128,18,0,3,114
11,360,21.600000,10000.000000,0,1,22710137,1130,17,1130,17,0,3,114
11,360,21.600000,10000.000000,0,1,22710152,1130,17,1130,17,0,3,114
11,360,21.600000,10000.000000,0,1,22710162,1130,17,1130,17,0,3,114
11,360,21.600000,10000.000000,0,1,22710172,1130,17,1130,17,0,3,114
11,360,21.600000,10000.000000,0,1,22710182,1130,17,1130,17,0,3,114
11,360,21.600000,10000.000000,0,1,22710193,1130,17,1130,17,0,3,114
11,360,21.600000,10000.000000,0,1,22710203,1130,17,1130,17,0,3,114
11,360,21.600000,10000.000000,0,1,22710213,1130,17,1130,17,0,3,114
11,360,21.600000,10000.000000,0,1,22710223,1130,17,1130,17,0,3,114
11,360,21.600000,10000.000000,0,1,22710234,1130,17,1130,17,0,3,114
11,360,21.600000,10000.000000,0,1,22710244,1130,17,1130,17,0,3,114
11,360,21.600000,10000.000000,0,1,22710254,1130,17,1130,17,0,3,114
11,360,21.600000,10000.000000,0,1,22710265,1130,17,1130,17,0,3,114
11,360,21.600000,10000.000000,0,1,22710275,1130,16,1130,16,0,3,114
11,360,21.600000,10000.000000,0,1,22710285,1131,16,1131,16,0,3,114
11,360,21.600000,10000.000000,0,1,22710295,1131,15,1131,15,0,3,114
11,360,21.600000,10000.000000,0,1,22710305,1132,15,1132,15,0,3,114
11,360,21.600000,10000.000000,0,1,22710319,1132,15,1132,15,0,3,114
11,360,21.600000,10000.000000,0,1,22710329,1133,13,1133,13,0,3,114
11,360,21.600000,10000.000000,0,1,22710338,1134,13,1134,13,0,3,114
11,360,21.600000,10000.000000,0,1,22710348,1135,12,1135,12,0,3,114
11,360,21.600000,10000.000000,0,1,22710358,1135,12,1135,12,0,3,114
11,360,21.600000,10000.000000,0,1,22710368,1135,12,1135,12,0,3,114
11,360,21.600000,10000.000000,0,1,22710377,1135,12,1135,12,0,3,114
11,360,21.600000,10000.000000,0,1,22710387,1135,12,1135,12,0,3,114
