11,720,21.600000,42.984000,1,1,22626459,600,22,600,22,0,3,56
11,720,21.600000,42.984000,1,1,22626460,600,22,600,22,0,3,56
11,720,21.600000,42.984000,1,1,22626471,602,22,602,22,0,3,56
11,720,21.600000,42.984000,1,1,22626482,603,22,603,22,0,3,56
11,720,21.600000,42.984000,1,1,22626492,603,22,603,22,0,3,56
11,720,21.600000,42.984000,1,1,22626503,603,22,603,22,0,3,56
11,720,21.600000,42.984000,1,1,22626513,603,22,603,22,0,3,56
11,720,21.600000,42.984000,1,1,22626525,605,21,605,21,0,3,56
11,720,21.600000,42.984000,1,1,22626537,609,21,609,21,0,3,56
11,720,21.600000,42.984000,1,1,22626548,617,21,617,21,0,3,56
11,720,21.600000,42.984000,1,1,22626557,629,21,629,21,0,3,56
11,720,21.600000,42.984000,1,1,22626569,649,21,649,21,0,3,56
11,720,21.600000,42.984000,1,1,22626580,681,23,681,23,0,3,56
11,720,21.600000,42.984000,1,1,22626591,727,25,727,25,0,3,56
11,720,21.600000,42.984000,1,1,22626601,792,25,792,25,0,3,56
11,720,21.600000,42.984000,1,1,22626612,855,25,855,25,0,3,56
11,720,21.600000,42.984000,1,1,22626623,940,25,940,25,0,3,56
11,720,21.600000,42.984000,1,1,22626634,1022,22,1022,22,0,3,56
11,720,21.600000,42.984000,1,1,22626645,1094,21,1094,21,0,3,56
11,720,21.600000,42.984000,1,1,22626655,1164,20,1164,20,0,3,56
11,720,21.600000,42.984000,1,1,22626666,1223,19,1223,19,0,3,56
11,720,21.600000,42.984000,1,1,22626676,1280,18,1280,18,0,3,56
11,720,21.600000,42.984000,1,1,22626688,1313,18,1313,18,0,3,56
11,720,21.600000,42.984000,1,1,22626698,1345,17,1345,17,0,3,56
11,720,21.600000,42.984000,1,1,22626709,1357,17,1357,17,0,3,56
11,720,21.600000,42.984000,1,1,22626719,1362,17,1362,17,0,3,56
11,720,21.600000,42.984000,1,1,22626730,1363,17,1363,17,0,3,56
11,720,21.600000,42.984000,1,1,22626740,1363,17,1363,17,0,3,56
11,720,21.600000,42.984000,1,1,22626751,1363,17,1363,17,0,3,56
11,720,21.600000,42.984000,1,1,22626762,1363,17,1363,17,0,3,56
11,720,21.600000,42.984000,1,1,22626773,1363,17,1363,17,0,3,56
11,720,21.600000,42.984000,1,1,22626788,1363,17,1363,17,0,3,56
11,720,21.600000,42.984000,1,1,22626799,1363,17,1363,17,0,3,56
11,720,21.600000,42.984000,1,1,22626809,1363,17,1363,17,0,3,56
11,720,21.600000,42.984000,1,1,22626820,1363,17,1363,17,0,3,56
11,720,21.600000,42.984000,1,1,22626830,1363,17,1363,17,0,3,56
11,720,21.600000,42.984000,1,1,22626841,1363,17,1363,17,0,3,56
11,720,21.600000,42.984000,1,1,22626852,1363,17,1363,17,0,3,56
11,720,21.600000,42.984000,1,1,22626862,1362,17,1362,17,0,3,56
11,720,21.600000,42.984000,1,1,22626873,1361,17,1361,17,0,3,56
11,720,21.600000,42.984000,1,1,22626884,1359,17,1359,17,0,3,56
11,720,21.600000,42.984000,1,1,22626894,1356,17,1356,17,0,3,56
11,720,21.600000,42.984000,1,1,22626906,1351,17,1351,17,0,3,56
11,720,21.600000,42.984000,1,1,22626918,1344,17,1344,17,0,3,56
11,720,21.600000,42.984000,1,1,22626930,1336,17,1336,17,0,3,56
11,720,21.600000,42.984000,1,1,22626942,1329,17,1329,17,0,3,56
11,720,21.600000,42.984000,1,1,22626953,1325,17,1325,17,0,3,56
11,720,21.600000,42.984000,1,1,22626963,1323,16,1323,16,0,3,56
11,720,21.600000,42.984000,1,1,22626976,1321,15,1321,15,0,3,56
11,720,21.600000,42.984000,1,1,22626991,1321,15,1321,15,0,3,56
11,720,21.600000,42.984000,1,1,22627008,1321,15,1321,15,0,3,56
11,720,21.600000,42.984000,1,1,22627018,1321,15,1321,15,0,3,56
11,720,21.600000,42.984000,1,1,22627029,1321,14,1321,14,0,3,56
11,720,21.600000,42.984000,1,1,22627039,1321,14,1321,14,0,3,56
11,720,21.600000,42.984000,1,1,22627049,1321,14,1321,14,0,3,56
11,720,21.600000,42.984000,1,1,22627060,1321,14,1321,14,0,3,56
11,720,21.600000,42.984000,1,1,22627070,1321,14,1321,14,0,3,56
11,720,21.600000,42.984000,1,1,22627081,1321,14,1321,14,0,3,56
11,720,21.600000,42.984000,1,1,22627091,1321,13,1321,13,0,3,56
11,720,21.600000,42.984000,1,1,22627101,1321,13,1321,13,0,3,56
11,720,21.600000,42.984000,1,1,22627111,1321,13,1321,13,0,3,56
11,720,21.600000,42.984000,1,1,22627121,1321,13,1321,13,0,3,56
11,720,21.600000,42.984000,1,1,22627131,1321,13,1321,13,0,3,56
11,720,21.600000,42.984000,1,1,22627142,1321,13,1321,13,0,3,56
11,720,21.600000,42.984000,1,1,22627152,1321,13,1321,13,0,3,56
11,720,21.600000,42.984000,1,1,22627162,1321,13,1321,13,0,3,56
11,720,21.600000,42.984000,1,1,22627172,1321,13,1321,13,0,3,56
11,720,21.600000,42.984000,1,1,22627182,1321,13,1321,13,0,3,56
11,720,21.600000,42.984000,1,1,22627193,1321,13,1321,13,0,3,56
11,720,21.600000,42.984000,1,1,22627203,1321,13,1321,13,0,3,56
11,720,21.600000,42.984000,1,1,22627214,1321,13,1321,13,0,3,56
11,720,21.600000,42.984000,1,1,22627224,1317,14,1317,14,0,3,56
11,720,21.600000,42.984000,1,1,22627236,1303,17,1303,17,0,3,56
11,720,21.600000,42.984000,1,1,22627249,1276,21,1276,21,0,3,56
11,720,21.600000,42.984000,1,1,22627259,1246,26,1246,26,0,3,56
11,720,21.600000,42.984000,1,1,22627271,1225,29,1225,29,0,3,56
11,720,21.600000,42.984000,1,1,22627282,1216,32,1216,32,1,3,56
