11,360,21.600000,12.276000,1,0,22585751,780,0,780,0,0,3,27
11,360,21.600000,12.276000,1,0,22585752,780,0,780,0,0,3,27
11,360,21.600000,12.276000,1,0,22585763,780,0,780,0,0,3,27
11,360,21.600000,12.276000,1,0,22585773,780,0,780,0,0,3,27
11,360,21.600000,12.276000,1,0,22585784,780,0,780,0,0,3,27
11,360,21.600000,12.276000,1,0,22585794,780,0,780,0,0,3,27
11,360,21.600000,12.276000,1,0,22585805,780,0,780,0,0,3,27
11,360,21.600000,12.276000,1,0,22585816,781,0,781,0,0,3,27
11,360,21.600000,12.276000,1,0,22585826,784,0,784,0,0,3,27
11,360,21.600000,12.276000,1,0,22585838,788,0,788,0,0,3,27
11,360,21.600000,12.276000,1,0,22585852,794,0,794,0,0,3,27
11,360,21.600000,12.276000,1,0,22585862,804,0,804,0,0,3,27
11,360,21.600000,12.276000,1,0,22585878,814,0,814,0,0,3,27
11,360,21.600000,12.276000,1,0,22585890,840,1,840,1,0,3,27
11,360,21.600000,12.276000,1,0,22585900,860,1,860,1,0,3,27
11,360,21.600000,12.276000,1,0,22585911,883,1,883,1,0,3,27
11,360,21.600000,12.276000,1,0,22585922,907,1,907,1,0,3,27
11,360,21.600000,12.276000,1,0,22585933,927,1,927,1,0,3,27
11,360,21.600000,12.276000,1,0,22585945,952,1,952,1,0,3,27
11,360,21.600000,12.276000,1,0,22585956,975,1,975,1,0,3,27
11,360,21.600000,12.276000,1,0,22585968,994,1,994,1,0,3,27
11,360,21.600000,12.276000,1,0,22585979,1013,0,1013,0,0,3,27
11,360,21.600000,12.276000,1,0,22585991,1031,0,1031,0,0,3,27
11,360,21.600000,12.276000,1,0,22586003,1049,0,1049,0,0,3,27
11,360,21.600000,12.276000,1,0,22586016,1065,0,1065,0,0,3,27
11,360,21.600000,12.276000,1,0,22586027,1079,0,1079,0,0,3,27
11,360,21.600000,12.276000,1,0,22586040,1090,0,1090,0,0,3,27
11,360,21.600000,12.276000,1,0,22586052,1101,1,1101,1,0,3,27
11,360,21.600000,12.276000,1,0,22586063,1107,2,1107,2,0,3,27
11,360,21.600000,12.276000,1,0,22586074,1109,2,1109,2,0,3,27
11,360,21.600000,12.276000,1,0,22586085,1109,2,1109,2,0,3,27
11,360,21.600000,12.276000,1,0,22586096,1109,2,1109,2,0,3,27
11,360,21.600000,12.276000,1,0,22586107,1109,2,1109,2,0,3,27
11,360,21.600000,12.276000,1,0,22586118,1109,2,1109,2,0,3,27
11,360,21.600000,12.276000,1,0,22586128,1109,2,1109,2,0,3,27
11,360,21.600000,12.276000,1,0,22586139,1109,2,1109,2,0,3,27
11,360,21.600000,12.276000,1,0,22586150,1109,2,1109,2,0,3,27
11,360,21.600000,12.276000,1,0,22586161,1109,2,1109,2,0,3,27
11,360,21.600000,12.276000,1,0,22586171,1109,2,1109,2,0,3,27
11,360,21.600000,12.276000,1,0,22586182,1109,2,1109,2,0,3,27
11,360,21.600000,12.276000,1,0,22586193,1109,2,1109,2,0,3,27
11,360,21.600000,12.276000,1,0,22586204,1109,2,1109,2,0,3,27
11,360,21.600000,12.276000,1,0,22586214,1109,2,1109,2,0,3,27
11,360,21.600000,12.276000,1,0,22586225,1110,2,1110,2,0,3,27
11,360,21.600000,12.276000,1,0,22586235,1110,2,1110,2,0,3,27
11,360,21.600000,12.276000,1,0,22586246,1110,2,1110,2,0,3,27
11,360,21.600000,12.276000,1,0,22586256,1110,2,1110,2,0,3,27
11,360,21.600000,12.276000,1,0,22586267,1111,2,1111,2,0,3,27
11,360,21.600000,12.276000,1,0,22586277,1114,2,1114,2,0,3,27
11,360,21.600000,12.276000,1,0,22586289,1115,3,1115,3,0,3,27
11,360,21.600000,12.276000,1,0,22586299,1117,3,1117,3,0,3,27
11,360,21.600000,12.276000,1,0,22586309,1118,3,1118,3,0,3,27
11,360,21.600000,12.276000,1,0,22586320,1120,4,1120,4,0,3,27
11,360,21.600000,12.276000,1,0,22586331,1121,5,1121,5,0,3,27
11,360,21.600000,12.276000,1,0,22586345,1122,6,1122,6,0,3,27
11,360,21.600000,12.276000,1,0,22586361,1125,6,1125,6,0,3,27
11,360,21.600000,12.276000,1,0,22586373,1128,7,1128,7,0,3,27
11,360,21.600000,12.276000,1,0,22586383,1131,7,1131,7,0,3,27
11,360,21.600000,12.276000,1,0,22586394,1132,7,1132,7,0,3,27
11,360,21.600000,12.276000,1,0,22586405,1134,7,1134,7,0,3,27
11,360,21.600000,12.276000,1,0,22586416,1135,7,1135,7,0,3,27
11,360,21.600000,12.276000,1,0,22586426,1136,7,1136,7,0,3,27
11,360,21.600000,12.276000,1,0,22586436,1136,7,1136,7,0,3,27
11,360,21.600000,12.276000,1,0,22586446,1136,7,1136,7,0,3,27
11,360,21.600000,12.276000,1,0,22586456,1137,7,1137,7,0,3,27
11,360,21.600000,12.276000,1,0,22586467,1137,8,1137,8,0,3,27
11,360,21.600000,12.276000,1,0,22586478,1139,8,1139,8,0,3,27
11,360,21.600000,12.276000,1,0,22586489,1139,8,1139,8,0,3,27
11,360,21.600000,12.276000,1,0,22586500,1139,8,1139,8,0,3,27
11,360,21.600000,12.276000,1,0,22586510,1139,8,1139,8,0,3,27
11,360,21.600000,12.276000,1,0,22586520,1139,8,1139,8,0,3,27
11,360,21.600000,12.276000,1,0,22586530,1139,8,1139,8,0,3,27
