11,720,50.400000,22.608000,0,0,22603557,600,0,600,0,0,3,40
11,720,50.400000,22.608000,0,0,22603558,600,0,600,0,0,3,40
11,720,50.400000,22.608000,0,0,22603573,601,0,601,0,0,3,40
11,720,50.400000,22.608000,0,0,22603585,601,0,601,0,0,3,40
11,720,50.400000,22.608000,0,0,22603595,601,0,601,0,0,3,40
11,720,50.400000,22.608000,0,0,22603606,601,0,601,-1,0,3,40
11,720,50.400000,22.608000,0,0,22603616,603,0,603,-2,0,3,40
11,720,50.400000,22.608000,0,0,22603628,608,0,608,-2,0,3,40
11,720,50.400000,22.608000,0,0,22603640,620,0,620,-2,0,3,40
11,720,50.400000,22.608000,0,0,22603651,642,0,642,-2,0,3,40
11,720,50.400000,22.608000,0,0,22603662,671,0,671,-2,0,3,40
11,720,50.400000,22.608000,0,0,22603673,706,1,706,-1,0,3,40
11,720,50.400000,22.608000,0,0,22603684,760,2,760,0,0,3,40
11,720,50.400000,22.608000,0,0,22603694,814,3,814,1,0,3,40
11,720,50.400000,22.608000,0,0,22603705,885,3,885,1,0,3,40
11,720,50.400000,22.608000,0,0,22603716,945,3,945,1,0,3,40
11,720,50.400000,22.608000,0,0,22603726,1005,3,1005,1,0,3,40
11,720,50.400000,22.608000,0,0,22603737,1058,2,1058,0,0,3,40
11,720,50.400000,22.608000,0,0,22603749,1102,1,1102,-1,0,3,40
11,720,50.400000,22.608000,0,0,22603763,1141,1,1141,-1,0,3,40
11,720,50.400000,22.608000,0,0,22603779,1170,1,1170,-1,0,3,40
11,720,50.400000,22.608000,0,0,22603793,1190,1,1190,-1,0,3,40
11,720,50.400000,22.608000,0,0,22603804,1200,1,1200,-1,0,3,40
11,720,50.400000,22.608000,0,0,22603817,1207,0,1207,-2,0,3,40
11,720,50.400000,22.608000,0,0,22603828,1214,0,1214,-2,0,3,40
11,720,50.400000,22.608000,0,0,22603839,1221,0,1221,-2,0,3,40
11,720,50.400000,22.608000,0,0,22603850,1228,0,1228,-2,0,3,40
11,720,50.400000,22.608000,0,0,22603861,1234,0,1234,-2,0,3,40
11,720,50.400000,22.608000,0,0,22603872,1242,0,1242,-2,0,3,40
11,720,50.400000,22.608000,0,0,22603887,1248,0,1248,-2,0,3,40
11,720,50.400000,22.608000,0,0,22603899,1252,0,1252,-2,0,3,40
11,720,50.400000,22.608000,0,0,22603909,1252,0,1252,-2,0,3,40
11,720,50.400000,22.608000,0,0,22603921,1252,0,1252,-2,0,3,40
11,720,50.400000,22.608000,0,0,22603934,1252,0,1252,-2,0,3,40
11,720,50.400000,22.608000,0,0,22603950,1252,0,1252,-2,0,3,40
11,720,50.400000,22.608000,0,0,22603966,1254,0,1254,-3,0,3,40
11,720,50.400000,22.608000,0,0,22603983,1260,0,1260,-4,0,3,40
11,720,50.400000,22.608000,0,0,22603997,1269,0,1269,-4,0,3,40
11,720,50.400000,22.608000,0,0,22604013,1277,0,1277,-4,0,3,40
11,720,50.400000,22.608000,0,0,22604024,1280,0,1280,-4,0,3,40
11,720,50.400000,22.608000,0,0,22604033,1283,0,1283,-4,0,3,40
11,720,50.400000,22.608000,0,0,22604043,1283,0,1283,-4,0,3,40
11,720,50.400000,22.608000,0,0,22604053,1283,0,1283,-4,0,3,40
11,720,50.400000,22.608000,0,0,22604064,1283,0,1283,-4,0,3,40
11,720,50.400000,22.608000,0,0,22604075,1283,0,1283,-4,0,3,40
11,720,50.400000,22.608000,0,0,22604086,1283,0,1283,-4,0,3,40
11,720,50.400000,22.608000,0,0,22604096,1283,0,1283,-4,0,3,40
11,720,50.400000,22.608000,0,0,22604107,1283,0,1283,-4,0,3,40
11,720,50.400000,22.608000,0,0,22604117,1283,0,1283,-4,0,3,40
11,720,50.400000,22.608000,0,0,22604127,1283,0,1283,-4,0,3,40
11,720,50.400000,22.608000,0,0,22604138,1283,0,1283,-4,0,3,40
11,720,50.400000,22.608000,0,0,22604148,1283,0,1283,-4,0,3,40
11,720,50.400000,22.608000,0,0,22604158,1283,0,1283,-4,0,3,40
11,720,50.400000,22.608000,0,0,22604168,1283,0,1283,-4,0,3,40
11,720,50.400000,22.608000,0,0,22604178,1283,0,1283,-4,0,3,40
11,720,50.400000,22.608000,0,0,22604188,1283,0,1283,-4,0,3,40
11,720,50.400000,22.608000,0,0,22604199,1283,0,1283,-4,0,3,40
11,720,50.400000,22.608000,0,0,22604208,1283,0,1283,-4,0,3,40
11,720,50.400000,22.608000,0,0,22604218,1283,0,1283,-4,0,3,40
11,720,50.400000,22.608000,0,0,22604234,1283,0,1283,-4,0,3,40
11,720,50.400000,22.608000,0,0,22604250,1283,0,1283,-4,0,3,40
11,720,50.400000,22.608000,0,0,22604266,1283,0,1283,-4,0,3,40
11,720,50.400000,22.608000,0,0,22604280,1283,0,1283,-4,0,3,40
11,720,50.400000,22.608000,0,0,22604290,1284,0,1284,-4,0,3,40
11,720,50.400000,22.608000,0,0,22604300,1285,0,1285,-4,0,3,40
11,720,50.400000,22.608000,0,0,22604310,1285,0,1285,-4,0,3,40
11,720,50.400000,22.608000,0,0,22604320,1285,0,1285,-4,0,3,40
11,720,50.400000,22.608000,0,0,22604330,1285,0,1285,-4,0,3,40
11,720,50.400000,22.608000,0,0,22604340,1285,0,1285,-4,0,3,40
11,720,50.400000,22.608000,0,0,22604350,1285,0,1285,-4,0,3,40
11,720,50.400000,22.608000,0,0,22604361,1285,0,1285,-4,0,3,40
11,720,50.400000,22.608000,0,0,22604371,1285,0,1285,-4,0,3,40
11,720,50.400000,22.608000,0,0,22604382,1286,0,1286,-4,0,3,40
11,720,50.400000,22.608000,0,0,22604392,1287,0,1287,-4,0,3,40
11,720,50.400000,22.608000,0,0,22604402,1288,0,1288,-4,0,3,40
11,720,50.400000,22.608000,0,0,22604412,1290,0,1290,-4,0,3,40
11,720,50.400000,22.608000,0,0,22604421,1292,0,1292,-4,0,3,40
11,720,50.400000,22.608000,0,0,22604432,1294,0,1294,-4,0,3,40
11,720,50.400000,22.608000,0,0,22604443,1297,0,1297,-4,0,3,40
11,720,50.400000,22.608000,0,0,22604456,1301,0,1301,-4,0,3,40
11,720,50.400000,22.608000,0,0,22604467,1306,0,1306,-4,0,3,40
11,720,50.400000,22.608000,0,0,22604477,1310,0,1310,-4,0,3,40
11,720,50.400000,22.608000,0,0,22604487,1313,0,1313,-4,0,3,40
11,720,50.400000,22.608000,0,0,22604497,1313,0,1313,-4,0,3,40
11,720,50.400000,22.608000,0,0,22604507,1313,0,1313,-4,0,3,40
11,720,50.400000,22.608000,0,0,22604518,1313,0,1313,-4,0,3,40
11,720,50.400000,22.608000,0,0,22604527,1313,0,1313,-4,0,3,40
