11,720,50.400000,10000.000000,1,0,22551628,600,0,600,0,0,3,2
11,720,50.400000,10000.000000,1,0,22551629,600,0,600,0,0,3,2
11,720,50.400000,10000.000000,1,0,22551639,600,0,600,0,0,3,2
11,720,50.400000,10000.000000,1,0,22551649,600,0,600,0,0,3,2
11,720,50.400000,10000.000000,1,0,22551659,600,0,600,0,0,3,2
11,720,50.400000,10000.000000,1,0,22551670,600,0,600,0,0,3,2
11,720,50.400000,10000.000000,1,0,22551680,600,0,600,0,0,3,2
11,720,50.400000,10000.000000,1,0,22551691,601,0,601,0,0,3,2
11,720,50.400000,10000.000000,1,0,22551702,603,0,603,-1,0,3,2
11,720,50.400000,10000.000000,1,0,22551714,607,0,607,-3,0,3,2
11,720,50.400000,10000.000000,1,0,22551724,613,0,613,-4,0,3,2
11,720,50.400000,10000.000000,1,0,22551737,620,0,620,-5,0,3,2
11,720,50.400000,10000.000000,1,0,22551748,638,0,638,-5,0,3,2
11,720,50.400000,10000.000000,1,0,22551759,662,0,662,-5,0,3,2
11,720,50.400000,10000.000000,1,0,22551770,695,0,695,-6,0,3,2
11,720,50.400000,10000.000000,1,0,22551782,738,0,738,-7,0,3,2
11,720,50.400000,10000.000000,1,0,22551792,797,0,797,-10,0,3,2
11,720,50.400000,10000.000000,1,0,22551805,856,0,856,-11,0,3,2
11,720,50.400000,10000.000000,1,0,22551815,940,0,940,-12,0,3,2
11,720,50.400000,10000.000000,1,0,22551832,1003,0,1003,-12,0,3,2
11,720,50.400000,10000.000000,1,0,22551842,1085,0,1085,-12,0,3,2
11,720,50.400000,10000.000000,1,0,22551854,1125,0,1125,-12,0,3,2
11,720,50.400000,10000.000000,1,0,22551865,1157,0,1157,-12,0,3,2
11,720,50.400000,10000.000000,1,0,22551875,1176,0,1176,-12,0,3,2
11,720,50.400000,10000.000000,1,0,22551888,1190,1,1190,-11,0,3,2
11,720,50.400000,10000.000000,1,0,22551899,1203,1,1203,-11,0,3,2
11,720,50.400000,10000.000000,1,0,22551910,1212,1,1212,-11,0,3,2
11,720,50.400000,10000.000000,1,0,22551920,1219,1,1219,-11,0,3,2
11,720,50.400000,10000.000000,1,0,22551937,1224,2,1224,-10,0,3,2
11,720,50.400000,10000.000000,1,0,22551947,1228,2,1228,-10,0,3,2
11,720,50.400000,10000.000000,1,0,22551958,1232,2,1232,-10,0,3,2
11,720,50.400000,10000.000000,1,0,22551969,1236,2,1236,-10,0,3,2
11,720,50.400000,10000.000000,1,0,22551980,1241,2,1241,-10,0,3,2
11,720,50.400000,10000.000000,1,0,22551991,1247,2,1247,-10,0,3,2
11,720,50.400000,10000.000000,1,0,22552003,1253,2,1253,-10,0,3,2
11,720,50.400000,10000.000000,1,0,22552014,1260,2,1260,-10,0,3,2
11,720,50.400000,10000.000000,1,0,22552026,1264,2,1264,-10,0,3,2
11,720,50.400000,10000.000000,1,0,22552036,1265,2,1265,-10,0,3,2
11,720,50.400000,10000.000000,1,0,22552047,1266,2,1266,-10,0,3,2
11,720,50.400000,10000.000000,1,0,22552058,1267,1,1267,-11,0,3,2
11,720,50.400000,10000.000000,1,0,22552069,1268,0,1268,-12,0,3,2
11,720,50.400000,10000.000000,1,0,22552079,1268,0,1268,-12,0,3,2
11,720,50.400000,10000.000000,1,0,22552094,1268,0,1268,-12,0,3,2
11,720,50.400000,10000.000000,1,0,22552110,1268,0,1268,-12,0,3,2
11,720,50.400000,10000.000000,1,0,22552127,1268,0,1268,-12,0,3,2
11,720,50.400000,10000.000000,1,0,22552138,1268,0,1268,-12,0,3,2
11,720,50.400000,10000.000000,1,0,22552149,1268,0,1268,-12,0,3,2
11,720,50.400000,10000.000000,1,0,22552160,1269,0,1269,-12,0,3,2
11,720,50.400000,10000.000000,1,0,22552170,1273,0,1273,-12,0,3,2
11,720,50.400000,10000.000000,1,0,22552181,1277,0,1277,-12,0,3,2
11,720,50.400000,10000.000000,1,0,22552194,1281,0,1281,-12,0,3,2
11,720,50.400000,10000.000000,1,0,22552204,1286,0,1286,-12,0,3,2
11,720,50.400000,10000.000000,1,0,22552217,1289,0,1289,-12,0,3,2
11,720,50.400000,10000.000000,1,0,22552227,1290,0,1290,-12,0,3,2
11,720,50.400000,10000.000000,1,0,22552238,1290,0,1290,-12,0,3,2
11,720,50.400000,10000.000000,1,0,22552248,1290,0,1290,-12,0,3,2
11,720,50.400000,10000.000000,1,0,22552259,1290,0,1290,-12,0,3,2
11,720,50.400000,10000.000000,1,0,22552270,1291,0,1291,-12,0,3,2
11,720,50.400000,10000.000000,1,0,22552281,1293,0,1293,-12,0,3,2
11,720,50.400000,10000.000000,1,0,22552293,1295,0,1295,-12,0,3,2
11,720,50.400000,10000.000000,1,0,22552304,1297,0,1297,-12,0,3,2
11,720,50.400000,10000.000000,1,0,22552315,1298,0,1298,-12,0,3,2
11,720,50.400000,10000.000000,1,0,22552325,1300,0,1300,-13,0,3,2
11,720,50.400000,10000.000000,1,0,22552336,1302,0,1302,-13,0,3,2
11,720,50.400000,10000.000000,1,0,22552347,1304,0,1304,-13,0,3,2
11,720,50.400000,10000.000000,1,0,22552361,1305,0,1305,-14,0,3,2
11,720,50.400000,10000.000000,1,0,22552371,1305,0,1305,-14,0,3,2
