11,360,82.800000,12.276000,0,0,22688681,780,0,780,0,1,3,99
11,360,82.800000,12.276000,0,0,22688681,780,0,780,0,1,3,99
11,360,82.800000,12.276000,0,0,22688693,780,0,780,0,1,3,99
11,360,82.800000,12.276000,0,0,22688705,780,0,780,0,1,3,99
11,360,82.800000,12.276000,0,0,22688717,780,0,780,0,1,3,99
11,360,82.800000,12.276000,0,0,22688728,781,0,781,-2,1,3,99
11,360,82.800000,12.276000,0,0,22688742,787,0,787,-3,1,3,99
11,360,82.800000,12.276000,0,0,22688753,799,0,799,-4,1,3,99
11,360,82.800000,12.276000,0,0,22688763,815,0,815,-4,1,3,99
11,360,82.800000,12.276000,0,0,22688776,836,1,836,-3,1,3,99
11,360,82.800000,12.276000,0,0,22688786,868,3,868,-1,1,3,99
11,360,82.800000,12.276000,0,0,22688797,912,4,912,0,1,3,99
11,360,82.800000,12.276000,0,0,22688808,956,5,956,1,1,3,99
11,360,82.800000,12.276000,0,0,22688818,994,5,994,1,1,3,99
11,360,82.800000,12.276000,0,0,22688829,1034,5,1034,1,1,3,99
11,360,82.800000,12.276000,0,0,22688840,1067,5,1067,1,1,3,99
11,360,82.800000,12.276000,0,0,22688851,1092,5,1092,1,1,3,99
11,360,82.800000,12.276000,0,0,22688861,1109,5,1109,1,1,3,99
11,360,82.800000,12.276000,0,0,22688872,1121,5,1121,1,1,3,99
11,360,82.800000,12.276000,0,0,22688883,1129,4,1129,0,1,3,99
11,360,82.800000,12.276000,0,0,22688894,1133,3,1133,-1,1,3,99
11,360,82.800000,12.276000,0,0,22688904,1135,2,1135,-2,1,3,99
11,360,82.800000,12.276000,0,0,22688914,1137,2,1137,-2,1,3,99
11,360,82.800000,12.276000,0,0,22688925,1138,1,1138,-3,1,3,99
11,360,82.800000,12.276000,0,0,22688936,1140,1,1140,-3,1,3,99
11,360,82.800000,12.276000,0,0,22688948,1141,1,1141,-3,1,3,99
11,360,82.800000,12.276000,0,0,22688958,1142,1,1142,-3,1,3,99
11,360,82.800000,12.276000,0,0,22688969,1142,1,1142,-3,1,3,99
11,360,82.800000,12.276000,0,0,22688980,1142,1,1142,-3,1,3,99
11,360,82.800000,12.276000,0,0,22688990,1142,1,1142,-3,1,3,99
11,360,82.800000,12.276000,0,0,22689001,1142,1,1142,-3,1,3,99
11,360,82.800000,12.276000,0,0,22689012,1142,1,1142,-3,1,3,99
11,360,82.800000,12.276000,0,0,22689022,1143,1,1143,-3,1,3,99
11,360,82.800000,12.276000,0,0,22689032,1143,1,1143,-3,1,3,99
11,360,82.800000,12.276000,0,0,22689042,1143,1,1143,-3,1,3,99
11,360,82.800000,12.276000,0,0,22689056,1144,1,1144,-3,1,3,99
11,360,82.800000,12.276000,0,0,22689067,1145,1,1145,-3,1,3,99
11,360,82.800000,12.276000,0,0,22689082,1145,1,1145,-3,1,3,99
11,360,82.800000,12.276000,0,0,22689093,1145,1,1145,-3,1,3,99
11,360,82.800000,12.276000,0,0,22689103,1145,1,1145,-3,1,3,99
11,360,82.800000,12.276000,0,0,22689113,1145,1,1145,-3,1,3,99
11,360,82.800000,12.276000,0,0,22689124,1145,1,1145,-3,1,3,99
11,360,82.800000,12.276000,0,0,22689134,1145,1,1145,-3,0,3,99
