11,720,82.800000,0.000000,0,1,22761047,600,22,600,22,0,4,26
11,720,82.800000,0.000000,0,1,22761047,600,22,600,22,0,4,26
11,720,82.800000,0.000000,0,1,22761058,600,22,600,22,0,4,26
11,720,82.800000,0.000000,0,1,22761068,600,22,600,22,0,4,26
11,720,82.800000,0.000000,0,1,22761079,600,22,600,22,0,4,26
11,720,82.800000,0.000000,0,1,22761090,603,22,603,22,0,4,26
11,720,82.800000,0.000000,0,1,22761102,611,20,611,20,0,4,26
11,720,82.800000,0.000000,0,1,22761112,627,18,627,18,0,4,26
11,720,82.800000,0.000000,0,1,22761123,660,14,660,14,0,4,26
11,720,82.800000,0.000000,0,1,22761133,711,11,711,11,0,4,26
11,720,82.800000,0.000000,0,1,22761145,773,9,773,9,0,4,26
11,720,82.800000,0.000000,0,1,22761156,847,7,847,7,0,4,26
11,720,82.800000,0.000000,0,1,22761167,943,5,943,5,0,4,26
11,720,82.800000,0.000000,0,1,22761178,1043,4,1043,4,0,4,26
11,720,82.800000,0.000000,0,1,22761188,1144,3,1144,3,0,4,26
11,720,82.800000,0.000000,0,1,22761199,1224,3,1224,3,0,4,26
11,720,82.800000,0.000000,0,1,22761212,1293,3,1293,3,0,4,26
11,720,82.800000,0.000000,0,1,22761229,1367,5,1367,5,0,4,26
11,720,82.800000,0.000000,0,1,22761244,1409,7,1409,7,0,4,26
11,720,82.800000,0.000000,0,1,22761258,1416,7,1416,7,0,4,26
11,720,82.800000,0.000000,0,1,22761269,1416,7,1416,7,0,4,26
11,720,82.800000,0.000000,0,1,22761280,1416,7,1416,7,0,4,26
11,720,82.800000,0.000000,0,1,22761291,1416,7,1416,7,0,4,26
11,720,82.800000,0.000000,0,1,22761301,1416,7,1416,7,0,4,26
11,720,82.800000,0.000000,0,1,22761311,1416,7,1416,7,0,4,26
11,720,82.800000,0.000000,0,1,22761322,1416,7,1416,7,0,4,26
11,720,82.800000,0.000000,0,1,22761332,1416,7,1416,7,0,4,26
11,720,82.800000,0.000000,0,1,22761343,1416,7,1416,7,0,4,26
11,720,82.800000,0.000000,0,1,22761353,1416,7,1416,7,0,4,26
11,720,82.800000,0.000000,0,1,22761363,1416,7,1416,7,0,4,26
11,720,82.800000,0.000000,0,1,22761373,1416,7,1416,7,0,4,26
11,720,82.800000,0.000000,0,1,22761383,1416,7,1416,7,0,4,26
11,720,82.800000,0.000000,0,1,22761394,1416,7,1416,7,0,4,26
11,720,82.800000,0.000000,0,1,22761404,1416,7,1416,7,0,4,26
11,720,82.800000,0.000000,0,1,22761415,1415,7,1415,7,0,4,26
11,720,82.800000,0.000000,0,1,22761427,1409,7,1409,7,0,4,26
11,720,82.800000,0.000000,0,1,22761437,1394,7,1394,7,0,4,26
11,720,82.800000,0.000000,0,1,22761448,1377,7,1377,7,0,4,26
11,720,82.800000,0.000000,0,1,22761459,1364,7,1364,7,0,4,26
11,720,82.800000,0.000000,0,1,22761470,1353,6,1353,6,0,4,26
11,720,82.800000,0.000000,0,1,22761481,1346,6,1346,6,0,4,26
11,720,82.800000,0.000000,0,1,22761492,1341,6,1341,6,0,4,26
11,720,82.800000,0.000000,0,1,22761502,1338,6,1338,6,0,4,26
11,720,82.800000,0.000000,0,1,22761513,1338,6,1338,6,0,4,26
11,720,82.800000,0.000000,0,1,22761523,1338,6,1338,6,0,4,26
11,720,82.800000,0.000000,0,1,22761534,1338,6,1338,6,0,4,26
11,720,82.800000,0.000000,0,1,22761544,1338,6,1338,6,0,4,26
11,720,82.800000,0.000000,0,1,22761554,1338,5,1338,5,0,4,26
11,720,82.800000,0.000000,0,1,22761564,1338,5,1338,5,0,4,26
11,720,82.800000,0.000000,0,1,22761574,1338,5,1338,5,0,4,26
11,720,82.800000,0.000000,0,1,22761585,1338,5,1338,5,0,4,26
11,720,82.800000,0.000000,0,1,22761594,1338,5,1338,5,0,4,26
