11,360,21.600000,42.984000,0,1,22792000,780,22,780,22,0,4,49
11,360,21.600000,42.984000,0,1,22792001,780,22,780,22,0,4,49
11,360,21.600000,42.984000,0,1,22792011,781,22,781,22,0,4,49
11,360,21.600000,42.984000,0,1,22792022,782,22,782,22,0,4,49
11,360,21.600000,42.984000,0,1,22792034,783,22,783,22,0,4,49
11,360,21.600000,42.984000,0,1,22792044,787,22,787,22,0,4,49
11,360,21.600000,42.984000,0,1,22792056,791,22,791,22,0,4,49
11,360,21.600000,42.984000,0,1,22792067,796,22,796,22,0,4,49
11,360,21.600000,42.984000,0,1,22792077,801,22,801,22,0,4,49
11,360,21.600000,42.984000,0,1,22792089,805,22,805,22,0,4,49
11,360,21.600000,42.984000,0,1,22792102,811,22,811,22,0,4,49
11,360,21.600000,42.984000,0,1,22792113,818,22,818,22,0,4,49
11,360,21.600000,42.984000,0,1,22792124,824,22,824,22,0,4,49
11,360,21.600000,42.984000,0,1,22792136,831,22,831,22,0,4,49
11,360,21.600000,42.984000,0,1,22792147,839,23,839,23,0,4,49
11,360,21.600000,42.984000,0,1,22792159,849,25,849,25,0,4,49
11,360,21.600000,42.984000,0,1,22792170,860,26,860,26,0,4,49
11,360,21.600000,42.984000,0,1,22792181,874,27,874,27,0,4,49
11,360,21.600000,42.984000,0,1,22792192,891,27,891,27,0,4,49
11,360,21.600000,42.984000,0,1,22792203,915,26,915,26,0,4,49
11,360,21.600000,42.984000,0,1,22792215,944,24,944,24,0,4,49
11,360,21.600000,42.984000,0,1,22792226,979,21,979,21,0,4,49
11,360,21.600000,42.984000,0,1,22792236,1014,19,1014,19,0,4,49
11,360,21.600000,42.984000,0,1,22792248,1048,18,1048,18,0,4,49
11,360,21.600000,42.984000,0,1,22792259,1079,17,1079,17,0,4,49
11,360,21.600000,42.984000,0,1,22792270,1099,17,1099,17,0,4,49
11,360,21.600000,42.984000,0,1,22792280,1113,17,1113,17,0,4,49
11,360,21.600000,42.984000,0,1,22792291,1120,17,1120,17,0,4,49
11,360,21.600000,42.984000,0,1,22792303,1123,16,1123,16,0,4,49
11,360,21.600000,42.984000,0,1,22792315,1125,15,1125,15,0,4,49
11,360,21.600000,42.984000,0,1,22792327,1126,15,1126,15,0,4,49
11,360,21.600000,42.984000,0,1,22792338,1127,14,1127,14,0,4,49
11,360,21.600000,42.984000,0,1,22792356,1134,12,1134,12,0,4,49
11,360,21.600000,42.984000,0,1,22792368,1142,10,1142,10,0,4,49
11,360,21.600000,42.984000,0,1,22792378,1147,10,1147,10,0,4,49
11,360,21.600000,42.984000,0,1,22792390,1150,9,1150,9,0,4,49
11,360,21.600000,42.984000,0,1,22792401,1151,9,1151,9,0,4,49
11,360,21.600000,42.984000,0,1,22792412,1152,9,1152,9,0,4,49
11,360,21.600000,42.984000,0,1,22792423,1152,9,1152,9,0,4,49
11,360,21.600000,42.984000,0,1,22792433,1152,9,1152,9,0,4,49
11,360,21.600000,42.984000,0,1,22792444,1152,9,1152,9,0,4,49
11,360,21.600000,42.984000,0,1,22792455,1152,9,1152,9,0,4,49
11,360,21.600000,42.984000,0,1,22792466,1152,9,1152,9,0,4,49
11,360,21.600000,42.984000,0,1,22792476,1152,9,1152,9,0,4,49
11,360,21.600000,42.984000,0,1,22792487,1152,9,1152,9,0,4,49
11,360,21.600000,42.984000,0,1,22792497,1152,9,1152,9,0,4,49
11,360,21.600000,42.984000,0,1,22792508,1152,9,1152,9,0,4,49
11,360,21.600000,42.984000,0,1,22792519,1152,9,1152,9,0,4,49
11,360,21.600000,42.984000,0,1,22792529,1152,9,1152,9,0,4,49
11,360,21.600000,42.984000,0,1,22792539,1152,9,1152,9,0,4,49
11,360,21.600000,42.984000,0,1,22792550,1152,9,1152,9,0,4,49
11,360,21.600000,42.984000,0,1,22792561,1152,9,1152,9,0,4,49
11,360,21.600000,42.984000,0,1,22792571,1152,9,1152,9,1,4,49
