11,360,50.400000,10000.000000,0,1,22774195,780,22,780,22,0,4,36
11,360,50.400000,10000.000000,0,1,22774196,780,22,780,22,0,4,36
11,360,50.400000,10000.000000,0,1,22774206,780,22,780,22,0,4,36
11,360,50.400000,10000.000000,0,1,22774218,780,22,780,22,0,4,36
11,360,50.400000,10000.000000,0,1,22774229,780,22,780,22,0,4,36
11,360,50.400000,10000.000000,0,1,22774240,780,22,780,22,0,4,36
11,360,50.400000,10000.000000,0,1,22774257,780,22,780,22,0,4,36
11,360,50.400000,10000.000000,0,1,22774267,787,20,787,20,0,4,36
11,360,50.400000,10000.000000,0,1,22774280,804,17,804,17,0,4,36
11,360,50.400000,10000.000000,0,1,22774295,836,15,836,15,0,4,36
11,360,50.400000,10000.000000,0,1,22774308,897,12,897,12,0,4,36
11,360,50.400000,10000.000000,0,1,22774324,965,10,965,10,0,4,36
11,360,50.400000,10000.000000,0,1,22774340,1042,9,1042,9,0,4,36
11,360,50.400000,10000.000000,0,1,22774355,1102,9,1102,9,0,4,36
11,360,50.400000,10000.000000,0,1,22774367,1140,8,1140,8,0,4,36
11,360,50.400000,10000.000000,0,1,22774378,1154,7,1154,7,0,4,36
11,360,50.400000,10000.000000,0,1,22774388,1157,7,1157,7,0,4,36
11,360,50.400000,10000.000000,0,1,22774401,1157,7,1157,7,0,4,36
11,360,50.400000,10000.000000,0,1,22774412,1157,7,1157,7,0,4,36
11,360,50.400000,10000.000000,0,1,22774424,1157,7,1157,7,0,4,36
11,360,50.400000,10000.000000,0,1,22774435,1157,7,1157,7,0,4,36
11,360,50.400000,10000.000000,0,1,22774446,1158,7,1158,7,0,4,36
11,360,50.400000,10000.000000,0,1,22774457,1159,7,1159,7,0,4,36
11,360,50.400000,10000.000000,0,1,22774468,1159,7,1159,7,0,4,36
11,360,50.400000,10000.000000,0,1,22774479,1159,7,1159,7,0,4,36
11,360,50.400000,10000.000000,0,1,22774494,1159,7,1159,7,0,4,36
11,360,50.400000,10000.000000,0,1,22774510,1159,7,1159,7,0,4,36
11,360,50.400000,10000.000000,0,1,22774525,1159,6,1159,6,0,4,36
11,360,50.400000,10000.000000,0,1,22774542,1161,6,1161,6,0,4,36
11,360,50.400000,10000.000000,0,1,22774557,1161,6,1161,6,0,4,36
11,360,50.400000,10000.000000,0,1,22774567,1161,6,1161,6,0,4,36
11,360,50.400000,10000.000000,0,1,22774578,1161,6,1161,6,0,4,36
11,360,50.400000,10000.000000,0,1,22774589,1161,6,1161,6,0,4,36
11,360,50.400000,10000.000000,0,1,22774603,1161,6,1161,6,0,4,36
11,360,50.400000,10000.000000,0,1,22774618,1161,6,1161,6,0,4,36
