11,360,50.400000,10000.000000,1,0,22771981,780,0,780,0,0,4,34
11,360,50.400000,10000.000000,1,0,22771982,780,0,780,0,0,4,34
11,360,50.400000,10000.000000,1,0,22771993,780,0,780,0,0,4,34
11,360,50.400000,10000.000000,1,0,22772003,780,0,780,0,0,4,34
11,360,50.400000,10000.000000,1,0,22772013,780,0,780,0,0,4,34
11,360,50.400000,10000.000000,1,0,22772023,780,0,780,0,0,4,34
11,360,50.400000,10000.000000,1,0,22772035,781,0,781,0,0,4,34
11,360,50.400000,10000.000000,1,0,22772046,788,0,788,0,0,4,34
11,360,50.400000,10000.000000,1,0,22772056,803,0,803,0,0,4,34
11,360,50.400000,10000.000000,1,0,22772068,824,0,824,0,0,4,34
11,360,50.400000,10000.000000,1,0,22772080,862,2,862,2,0,4,34
11,360,50.400000,10000.000000,1,0,22772090,915,2,915,2,0,4,34
11,360,50.400000,10000.000000,1,0,22772105,966,3,966,3,0,4,34
11,360,50.400000,10000.000000,1,0,22772116,1039,3,1039,3,0,4,34
11,360,50.400000,10000.000000,1,0,22772127,1076,2,1076,2,0,4,34
11,360,50.400000,10000.000000,1,0,22772137,1097,0,1097,0,0,4,34
11,360,50.400000,10000.000000,1,0,22772148,1106,0,1106,0,0,4,34
11,360,50.400000,10000.000000,1,0,22772158,1109,0,1109,-1,0,4,34
11,360,50.400000,10000.000000,1,0,22772169,1109,0,1109,-2,0,4,34
11,360,50.400000,10000.000000,1,0,22772180,1109,0,1109,-2,0,4,34
11,360,50.400000,10000.000000,1,0,22772190,1109,0,1109,-2,0,4,34
11,360,50.400000,10000.000000,1,0,22772200,1109,0,1109,-2,0,4,34
11,360,50.400000,10000.000000,1,0,22772210,1110,0,1110,-3,0,4,34
11,360,50.400000,10000.000000,1,0,22772222,1111,0,1111,-3,0,4,34
11,360,50.400000,10000.000000,1,0,22772234,1111,0,1111,-3,0,4,34
11,360,50.400000,10000.000000,1,0,22772244,1112,0,1112,-4,0,4,34
11,360,50.400000,10000.000000,1,0,22772260,1113,0,1113,-5,0,4,34
11,360,50.400000,10000.000000,1,0,22772271,1114,0,1114,-6,0,4,34
11,360,50.400000,10000.000000,1,0,22772281,1115,0,1115,-6,0,4,34
11,360,50.400000,10000.000000,1,0,22772297,1116,0,1116,-6,0,4,34
11,360,50.400000,10000.000000,1,0,22772307,1118,0,1118,-7,0,4,34
11,360,50.400000,10000.000000,1,0,22772318,1120,0,1120,-7,0,4,34
11,360,50.400000,10000.000000,1,0,22772328,1124,0,1124,-8,0,4,34
11,360,50.400000,10000.000000,1,0,22772339,1128,0,1128,-9,0,4,34
11,360,50.400000,10000.000000,1,0,22772350,1131,0,1131,-10,0,4,34
11,360,50.400000,10000.000000,1,0,22772360,1132,0,1132,-10,0,4,34
11,360,50.400000,10000.000000,1,0,22772370,1132,0,1132,-10,0,4,34
11,360,50.400000,10000.000000,1,0,22772381,1132,0,1132,-10,0,4,34
11,360,50.400000,10000.000000,1,0,22772391,1132,0,1132,-10,0,4,34
11,360,50.400000,10000.000000,1,0,22772401,1132,0,1132,-10,0,4,34
11,360,50.400000,10000.000000,1,0,22772411,1132,0,1132,-10,0,4,34
