11,720,50.400000,42.984000,0,0,22740709,600,0,600,0,0,4,15
11,720,50.400000,42.984000,0,0,22740709,600,0,600,0,0,4,15
11,720,50.400000,42.984000,0,0,22740719,600,0,600,0,0,4,15
11,720,50.400000,42.984000,0,0,22740729,600,0,600,0,0,4,15
11,720,50.400000,42.984000,0,0,22740739,600,0,600,0,0,4,15
11,720,50.400000,42.984000,0,0,22740749,600,0,600,-1,0,4,15
11,720,50.400000,42.984000,0,0,22740760,600,0,600,-1,0,4,15
11,720,50.400000,42.984000,0,0,22740773,602,0,602,-2,0,4,15
11,720,50.400000,42.984000,0,0,22740786,611,0,611,-4,0,4,15
11,720,50.400000,42.984000,0,0,22740801,623,0,623,-5,0,4,15
11,720,50.400000,42.984000,0,0,22740813,655,0,655,-7,0,4,15
11,720,50.400000,42.984000,0,0,22740824,688,0,688,-9,0,4,15
11,720,50.400000,42.984000,0,0,22740835,744,0,744,-12,0,4,15
11,720,50.400000,42.984000,0,0,22740846,811,0,811,-15,0,4,15
11,720,50.400000,42.984000,0,0,22740857,902,0,902,-19,0,4,15
11,720,50.400000,42.984000,0,0,22740869,1005,0,1005,-23,0,4,15
11,720,50.400000,42.984000,0,0,22740880,1098,0,1098,-25,0,4,15
11,720,50.400000,42.984000,0,0,22740896,1181,0,1181,-25,0,4,15
11,720,50.400000,42.984000,0,0,22740912,1259,0,1259,-25,0,4,15
11,720,50.400000,42.984000,0,0,22740927,1303,0,1303,-25,0,4,15
11,720,50.400000,42.984000,0,0,22740937,1322,1,1322,-24,0,4,15
11,720,50.400000,42.984000,0,0,22740947,1327,1,1327,-24,0,4,15
11,720,50.400000,42.984000,0,0,22740958,1329,1,1329,-24,0,4,15
11,720,50.400000,42.984000,0,0,22740968,1330,1,1330,-24,0,4,15
11,720,50.400000,42.984000,0,0,22740978,1331,1,1331,-24,0,4,15
11,720,50.400000,42.984000,0,0,22740989,1331,1,1331,-24,0,4,15
11,720,50.400000,42.984000,0,0,22740999,1334,1,1334,-24,0,4,15
11,720,50.400000,42.984000,0,0,22741009,1337,1,1337,-24,0,4,15
11,720,50.400000,42.984000,0,0,22741020,1341,1,1341,-24,0,4,15
11,720,50.400000,42.984000,0,0,22741030,1346,1,1346,-24,0,4,15
11,720,50.400000,42.984000,0,0,22741040,1351,1,1351,-24,0,4,15
11,720,50.400000,42.984000,0,0,22741051,1353,1,1353,-24,0,4,15
11,720,50.400000,42.984000,0,0,22741061,1353,1,1353,-24,0,4,15
11,720,50.400000,42.984000,0,0,22741072,1353,1,1353,-24,0,4,15
11,720,50.400000,42.984000,0,0,22741082,1353,1,1353,-24,0,4,15
11,720,50.400000,42.984000,0,0,22741092,1353,1,1353,-24,0,4,15
11,720,50.400000,42.984000,0,0,22741103,1353,1,1353,-24,0,4,15
11,720,50.400000,42.984000,0,0,22741113,1353,1,1353,-24,0,4,15
11,720,50.400000,42.984000,0,0,22741123,1353,1,1353,-24,0,4,15
11,720,50.400000,42.984000,0,0,22741133,1353,1,1353,-24,0,4,15
11,720,50.400000,42.984000,0,0,22741143,1353,1,1353,-24,0,4,15
11,720,50.400000,42.984000,0,0,22741153,1353,1,1353,-24,0,4,15
11,720,50.400000,42.984000,0,0,22741163,1353,1,1353,-24,0,4,15
11,720,50.400000,42.984000,0,0,22741175,1353,1,1353,-24,0,4,15
11,720,50.400000,42.984000,0,0,22741187,1353,1,1353,-24,0,4,15
11,720,50.400000,42.984000,0,0,22741197,1353,1,1353,-24,0,4,15
11,720,50.400000,42.984000,0,0,22741212,1353,1,1353,-24,0,4,15
11,720,50.400000,42.984000,0,0,22741223,1353,1,1353,-24,0,4,15
11,720,50.400000,42.984000,0,0,22741233,1352,2,1352,-23,0,4,15
11,720,50.400000,42.984000,0,0,22741244,1347,5,1347,-20,0,4,15
11,720,50.400000,42.984000,0,0,22741256,1338,8,1338,-17,0,4,15
11,720,50.400000,42.984000,0,0,22741268,1326,12,1326,-13,0,4,15
11,720,50.400000,42.984000,0,0,22741278,1315,15,1315,-10,0,4,15
11,720,50.400000,42.984000,0,0,22741289,1309,16,1309,-9,0,4,15
11,720,50.400000,42.984000,0,0,22741300,1306,16,1306,-9,0,4,15
11,720,50.400000,42.984000,0,0,22741310,1303,16,1303,-9,0,4,15
11,720,50.400000,42.984000,0,0,22741321,1303,16,1303,-9,0,4,15
11,720,50.400000,42.984000,0,0,22741331,1303,16,1303,-9,0,4,15
11,720,50.400000,42.984000,0,0,22741342,1303,16,1303,-9,0,4,15
11,720,50.400000,42.984000,0,0,22741353,1303,16,1303,-9,0,4,15
11,720,50.400000,42.984000,0,0,22741364,1303,16,1303,-9,0,4,15
11,720,50.400000,42.984000,0,0,22741375,1303,16,1303,-9,0,4,15
11,720,50.400000,42.984000,0,0,22741385,1303,16,1303,-9,0,4,15
11,720,50.400000,42.984000,0,0,22741395,1303,16,1303,-9,0,4,15
11,720,50.400000,42.984000,0,0,22741405,1303,16,1303,-9,0,4,15
11,720,50.400000,42.984000,0,0,22741415,1303,16,1303,-9,0,4,15
11,720,50.400000,42.984000,0,0,22741425,1303,16,1303,-9,0,4,15
11,720,50.400000,42.984000,0,0,22741436,1303,16,1303,-9,0,4,15
11,720,50.400000,42.984000,0,0,22741446,1303,16,1303,-9,0,4,15
11,720,50.400000,42.984000,0,0,22741456,1303,16,1303,-9,0,4,15
11,720,50.400000,42.984000,0,0,22741467,1304,16,1304,-9,0,4,15
11,720,50.400000,42.984000,0,0,22741483,1305,15,1305,-10,0,4,15
11,720,50.400000,42.984000,0,0,22741492,1306,14,1306,-11,0,4,15
11,720,50.400000,42.984000,0,0,22741503,1307,13,1307,-12,0,4,15
11,720,50.400000,42.984000,0,0,22741514,1308,12,1308,-13,0,4,15
11,720,50.400000,42.984000,0,0,22741523,1310,11,1310,-14,0,4,15
11,720,50.400000,42.984000,0,0,22741533,1312,10,1312,-15,0,4,15
11,720,50.400000,42.984000,0,0,22741543,1313,9,1313,-16,0,4,15
11,720,50.400000,42.984000,0,0,22741554,1314,9,1314,-16,0,4,15
11,720,50.400000,42.984000,0,0,22741564,1315,9,1315,-16,0,4,15
11,720,50.400000,42.984000,0,0,22741574,1315,9,1315,-16,0,4,15
11,720,50.400000,42.984000,0,0,22741583,1315,9,1315,-16,0,4,15
11,720,50.400000,42.984000,0,0,22741594,1315,9,1315,-16,0,4,15
11,720,50.400000,42.984000,0,0,22741604,1315,9,1315,-16,0,4,15
11,720,50.400000,42.984000,0,0,22741614,1315,9,1315,-16,0,4,15
11,720,50.400000,42.984000,0,0,22741624,1315,9,1315,-16,0,4,15
11,720,50.400000,42.984000,0,0,22741639,1315,9,1315,-16,0,4,15
11,720,50.400000,42.984000,0,0,22741651,1313,9,1313,-16,0,4,15
11,720,50.400000,42.984000,0,0,22741661,1302,12,1302,-13,0,4,15
11,720,50.400000,42.984000,0,0,22741672,1283,16,1283,-9,0,4,15
11,720,50.400000,42.984000,0,0,22741684,1251,20,1251,-5,0,4,15
11,720,50.400000,42.984000,0,0,22741695,1216,23,1216,-2,0,4,15
11,720,50.400000,42.984000,0,0,22741706,1203,25,1203,0,0,4,15
11,720,50.400000,42.984000,0,0,22741716,1199,26,1199,1,1,4,15
