11,360,82.800000,0.000000,0,1,22865084,780,22,780,22,0,4,103
11,360,82.800000,0.000000,0,1,22865085,780,22,780,22,0,4,103
11,360,82.800000,0.000000,0,1,22865096,780,22,780,22,0,4,103
11,360,82.800000,0.000000,0,1,22865107,780,22,780,22,0,4,103
11,360,82.800000,0.000000,0,1,22865118,780,22,780,22,0,4,103
11,360,82.800000,0.000000,0,1,22865129,780,22,780,22,0,4,103
11,360,82.800000,0.000000,0,1,22865142,783,22,783,22,0,4,103
11,360,82.800000,0.000000,0,1,22865152,790,20,790,20,0,4,103
11,360,82.800000,0.000000,0,1,22865163,803,20,803,20,0,4,103
11,360,82.800000,0.000000,0,1,22865175,830,20,830,20,0,4,103
11,360,82.800000,0.000000,0,1,22865186,867,20,867,20,0,4,103
11,360,82.800000,0.000000,0,1,22865196,919,22,919,22,0,4,103
11,360,82.800000,0.000000,0,1,22865207,975,22,975,22,0,4,103
11,360,82.800000,0.000000,0,1,22865218,1026,22,1026,22,0,4,103
11,360,82.800000,0.000000,0,1,22865229,1082,21,1082,21,0,4,103
11,360,82.800000,0.000000,0,1,22865240,1117,20,1117,20,0,4,103
11,360,82.800000,0.000000,0,1,22865250,1145,18,1145,18,0,4,103
11,360,82.800000,0.000000,0,1,22865261,1160,17,1160,17,0,4,103
11,360,82.800000,0.000000,0,1,22865272,1169,15,1169,15,0,4,103
11,360,82.800000,0.000000,0,1,22865283,1173,14,1173,14,0,4,103
11,360,82.800000,0.000000,0,1,22865294,1174,13,1174,13,0,4,103
11,360,82.800000,0.000000,0,1,22865305,1175,13,1175,13,0,4,103
11,360,82.800000,0.000000,0,1,22865316,1175,12,1175,12,0,4,103
11,360,82.800000,0.000000,0,1,22865326,1176,12,1176,12,0,4,103
11,360,82.800000,0.000000,0,1,22865337,1178,11,1178,11,0,4,103
11,360,82.800000,0.000000,0,1,22865348,1179,10,1179,10,0,4,103
11,360,82.800000,0.000000,0,1,22865359,1180,9,1180,9,0,4,103
11,360,82.800000,0.000000,0,1,22865372,1181,8,1181,8,0,4,103
11,360,82.800000,0.000000,0,1,22865383,1182,7,1182,7,0,4,103
11,360,82.800000,0.000000,0,1,22865394,1183,7,1183,7,0,4,103
11,360,82.800000,0.000000,0,1,22865405,1183,7,1183,7,0,4,103
11,360,82.800000,0.000000,0,1,22865415,1183,6,1183,6,0,4,103
11,360,82.800000,0.000000,0,1,22865426,1183,5,1183,5,0,4,103
11,360,82.800000,0.000000,0,1,22865436,1184,5,1184,5,0,4,103
11,360,82.800000,0.000000,0,1,22865449,1184,5,1184,5,0,4,103
11,360,82.800000,0.000000,0,1,22865460,1184,5,1184,5,0,4,103
11,360,82.800000,0.000000,0,1,22865476,1184,4,1184,4,0,4,103
11,360,82.800000,0.000000,0,1,22865488,1183,3,1183,3,0,4,103
11,360,82.800000,0.000000,0,1,22865499,1179,2,1179,2,0,4,103
11,360,82.800000,0.000000,0,1,22865510,1173,2,1173,2,0,4,103
11,360,82.800000,0.000000,0,1,22865523,1165,2,1165,2,0,4,103
11,360,82.800000,0.000000,0,1,22865533,1157,1,1157,1,0,4,103
11,360,82.800000,0.000000,0,1,22865545,1150,1,1150,1,0,4,103
11,360,82.800000,0.000000,0,1,22865555,1148,0,1148,0,0,4,103
11,360,82.800000,0.000000,0,1,22865566,1148,0,1148,0,0,4,103
11,360,82.800000,0.000000,0,1,22865575,1148,0,1148,0,0,4,103
11,360,82.800000,0.000000,0,1,22865586,1148,0,1148,0,0,4,103
11,360,82.800000,0.000000,0,1,22865597,1148,0,1148,0,0,4,103
11,360,82.800000,0.000000,0,1,22865607,1148,0,1148,0,0,4,103
11,360,82.800000,0.000000,0,1,22865618,1148,0,1148,0,0,4,103
