11,360,21.600000,22.608000,1,1,22825786,780,22,780,22,0,4,74
11,360,21.600000,22.608000,1,1,22825786,780,22,780,22,0,4,74
11,360,21.600000,22.608000,1,1,22825798,780,22,780,22,0,4,74
11,360,21.600000,22.608000,1,1,22825808,780,22,780,22,0,4,74
11,360,21.600000,22.608000,1,1,22825820,784,22,784,22,0,4,74
11,360,21.600000,22.608000,1,1,22825833,792,21,792,21,0,4,74
11,360,21.600000,22.608000,1,1,22825845,809,21,809,21,0,4,74
11,360,21.600000,22.608000,1,1,22825856,834,21,834,21,0,4,74
11,360,21.600000,22.608000,1,1,22825868,866,21,866,21,0,4,74
11,360,21.600000,22.608000,1,1,22825879,901,23,901,23,0,4,74
11,360,21.600000,22.608000,1,1,22825890,932,24,932,24,0,4,74
11,360,21.600000,22.608000,1,1,22825901,961,26,961,26,0,4,74
11,360,21.600000,22.608000,1,1,22825912,990,26,990,26,0,4,74
11,360,21.600000,22.608000,1,1,22825924,1012,26,1012,26,0,4,74
11,360,21.600000,22.608000,1,1,22825936,1031,23,1031,23,0,4,74
11,360,21.600000,22.608000,1,1,22825947,1039,21,1039,21,0,4,74
11,360,21.600000,22.608000,1,1,22825959,1043,19,1043,19,0,4,74
11,360,21.600000,22.608000,1,1,22825970,1044,18,1044,18,0,4,74
11,360,21.600000,22.608000,1,1,22825981,1045,17,1045,17,0,4,74
11,360,21.600000,22.608000,1,1,22825992,1047,17,1047,17,0,4,74
11,360,21.600000,22.608000,1,1,22826003,1050,16,1050,16,0,4,74
11,360,21.600000,22.608000,1,1,22826014,1054,15,1054,15,0,4,74
11,360,21.600000,22.608000,1,1,22826025,1057,15,1057,15,0,4,74
11,360,21.600000,22.608000,1,1,22826035,1060,14,1060,14,0,4,74
11,360,21.600000,22.608000,1,1,22826047,1062,13,1062,13,0,4,74
11,360,21.600000,22.608000,1,1,22826058,1064,12,1064,12,0,4,74
11,360,21.600000,22.608000,1,1,22826070,1067,12,1067,12,0,4,74
11,360,21.600000,22.608000,1,1,22826081,1071,11,1071,11,0,4,74
11,360,21.600000,22.608000,1,1,22826091,1076,9,1076,9,0,4,74
11,360,21.600000,22.608000,1,1,22826102,1081,8,1081,8,0,4,74
11,360,21.600000,22.608000,1,1,22826113,1085,7,1085,7,0,4,74
11,360,21.600000,22.608000,1,1,22826124,1088,7,1088,7,0,4,74
11,360,21.600000,22.608000,1,1,22826134,1090,6,1090,6,0,4,74
11,360,21.600000,22.608000,1,1,22826145,1091,6,1091,6,0,4,74
11,360,21.600000,22.608000,1,1,22826156,1092,6,1092,6,0,4,74
11,360,21.600000,22.608000,1,1,22826166,1094,5,1094,5,0,4,74
11,360,21.600000,22.608000,1,1,22826178,1097,5,1097,5,0,4,74
11,360,21.600000,22.608000,1,1,22826190,1102,4,1102,4,0,4,74
11,360,21.600000,22.608000,1,1,22826201,1109,4,1109,4,0,4,74
11,360,21.600000,22.608000,1,1,22826211,1118,4,1118,4,0,4,74
11,360,21.600000,22.608000,1,1,22826222,1125,4,1125,4,0,4,74
11,360,21.600000,22.608000,1,1,22826233,1132,3,1132,3,0,4,74
11,360,21.600000,22.608000,1,1,22826243,1137,2,1137,2,0,4,74
11,360,21.600000,22.608000,1,1,22826254,1140,2,1140,2,0,4,74
11,360,21.600000,22.608000,1,1,22826264,1142,2,1142,2,0,4,74
11,360,21.600000,22.608000,1,1,22826275,1144,2,1144,2,0,4,74
11,360,21.600000,22.608000,1,1,22826286,1145,2,1145,2,0,4,74
11,360,21.600000,22.608000,1,1,22826297,1145,2,1145,2,0,4,74
11,360,21.600000,22.608000,1,1,22826307,1145,2,1145,2,0,4,74
11,360,21.600000,22.608000,1,1,22826318,1145,2,1145,2,0,4,74
11,360,21.600000,22.608000,1,1,22826330,1145,2,1145,2,0,4,74
11,360,21.600000,22.608000,1,1,22826341,1145,2,1145,2,0,4,74
11,360,21.600000,22.608000,1,1,22826356,1145,2,1145,2,0,4,74
11,360,21.600000,22.608000,1,1,22826367,1145,2,1145,2,0,4,74
11,360,21.600000,22.608000,1,1,22826379,1145,2,1145,2,0,4,74
11,360,21.600000,22.608000,1,1,22826390,1145,2,1145,2,0,4,74
11,360,21.600000,22.608000,1,1,22826401,1145,2,1145,2,0,4,74
11,360,21.600000,22.608000,1,1,22826412,1145,2,1145,2,0,4,74
11,360,21.600000,22.608000,1,1,22826422,1145,2,1145,2,0,4,74
11,360,21.600000,22.608000,1,1,22826432,1145,2,1145,2,0,4,74
11,360,21.600000,22.608000,1,1,22826443,1145,2,1145,2,0,4,74
11,360,21.600000,22.608000,1,1,22826453,1144,2,1144,2,0,4,74
11,360,21.600000,22.608000,1,1,22826464,1143,2,1143,2,0,4,74
11,360,21.600000,22.608000,1,1,22826474,1142,2,1142,2,0,4,74
11,360,21.600000,22.608000,1,1,22826485,1142,2,1142,2,0,4,74
11,360,21.600000,22.608000,1,1,22826495,1141,3,1141,3,0,4,74
11,360,21.600000,22.608000,1,1,22826506,1141,3,1141,3,0,4,74
11,360,21.600000,22.608000,1,1,22826516,1141,3,1141,3,0,4,74
11,360,21.600000,22.608000,1,1,22826525,1141,3,1141,3,0,4,74
