11,360,21.600000,0.000000,1,1,22784914,780,22,780,22,0,4,44
11,360,21.600000,0.000000,1,1,22784915,780,22,780,22,0,4,44
11,360,21.600000,0.000000,1,1,22784926,780,22,780,22,0,4,44
11,360,21.600000,0.000000,1,1,22784936,780,22,780,22,0,4,44
11,360,21.600000,0.000000,1,1,22784946,780,22,780,22,0,4,44
11,360,21.600000,0.000000,1,1,22784956,780,22,780,22,0,4,44
11,360,21.600000,0.000000,1,1,22784967,780,22,780,22,0,4,44
11,360,21.600000,0.000000,1,1,22784978,781,22,781,22,0,4,44
11,360,21.600000,0.000000,1,1,22784990,788,22,788,22,0,4,44
11,360,21.600000,0.000000,1,1,22785000,802,22,802,22,0,4,44
11,360,21.600000,0.000000,1,1,22785012,827,22,827,22,0,4,44
11,360,21.600000,0.000000,1,1,22785026,865,22,865,22,0,4,44
11,360,21.600000,0.000000,1,1,22785037,923,22,923,22,0,4,44
11,360,21.600000,0.000000,1,1,22785049,978,22,978,22,0,4,44
11,360,21.600000,0.000000,1,1,22785059,1041,22,1041,22,0,4,44
11,360,21.600000,0.000000,1,1,22785071,1095,22,1095,22,0,4,44
11,360,21.600000,0.000000,1,1,22785082,1135,22,1135,22,0,4,44
11,360,21.600000,0.000000,1,1,22785092,1162,22,1162,22,0,4,44
11,360,21.600000,0.000000,1,1,22785107,1176,23,1176,23,0,4,44
11,360,21.600000,0.000000,1,1,22785117,1179,23,1179,23,0,4,44
11,360,21.600000,0.000000,1,1,22785128,1182,23,1182,23,0,4,44
11,360,21.600000,0.000000,1,1,22785138,1182,23,1182,23,0,4,44
11,360,21.600000,0.000000,1,1,22785149,1182,23,1182,23,0,4,44
11,360,21.600000,0.000000,1,1,22785160,1182,23,1182,23,0,4,44
11,360,21.600000,0.000000,1,1,22785170,1182,23,1182,23,0,4,44
11,360,21.600000,0.000000,1,1,22785180,1183,23,1183,23,0,4,44
11,360,21.600000,0.000000,1,1,22785191,1183,23,1183,23,0,4,44
11,360,21.600000,0.000000,1,1,22785201,1183,23,1183,23,0,4,44
11,360,21.600000,0.000000,1,1,22785212,1183,23,1183,23,0,4,44
11,360,21.600000,0.000000,1,1,22785223,1183,23,1183,23,0,4,44
11,360,21.600000,0.000000,1,1,22785233,1183,23,1183,23,0,4,44
11,360,21.600000,0.000000,1,1,22785244,1183,23,1183,23,0,4,44
11,360,21.600000,0.000000,1,1,22785255,1183,23,1183,23,0,4,44
11,360,21.600000,0.000000,1,1,22785266,1183,23,1183,23,0,4,44
11,360,21.600000,0.000000,1,1,22785276,1183,23,1183,23,0,4,44
11,360,21.600000,0.000000,1,1,22785288,1181,23,1181,23,0,4,44
11,360,21.600000,0.000000,1,1,22785301,1176,23,1176,23,0,4,44
11,360,21.600000,0.000000,1,1,22785312,1171,23,1171,23,0,4,44
11,360,21.600000,0.000000,1,1,22785327,1166,23,1166,23,0,4,44
11,360,21.600000,0.000000,1,1,22785337,1162,21,1162,21,0,4,44
11,360,21.600000,0.000000,1,1,22785347,1161,20,1161,20,0,4,44
11,360,21.600000,0.000000,1,1,22785358,1161,18,1161,18,0,4,44
11,360,21.600000,0.000000,1,1,22785369,1160,17,1160,17,0,4,44
11,360,21.600000,0.000000,1,1,22785379,1159,16,1159,16,0,4,44
11,360,21.600000,0.000000,1,1,22785389,1159,16,1159,16,0,4,44
11,360,21.600000,0.000000,1,1,22785399,1158,14,1158,14,0,4,44
11,360,21.600000,0.000000,1,1,22785410,1158,13,1158,13,0,4,44
11,360,21.600000,0.000000,1,1,22785420,1157,12,1157,12,0,4,44
11,360,21.600000,0.000000,1,1,22785430,1155,11,1155,11,0,4,44
11,360,21.600000,0.000000,1,1,22785440,1154,10,1154,10,0,4,44
11,360,21.600000,0.000000,1,1,22785454,1153,9,1153,9,0,4,44
11,360,21.600000,0.000000,1,1,22785464,1152,9,1152,9,0,4,44
11,360,21.600000,0.000000,1,1,22785474,1151,9,1151,9,0,4,44
11,360,21.600000,0.000000,1,1,22785485,1150,9,1150,9,0,4,44
11,360,21.600000,0.000000,1,1,22785495,1149,9,1149,9,0,4,44
11,360,21.600000,0.000000,1,1,22785506,1148,8,1148,8,0,4,44
11,360,21.600000,0.000000,1,1,22785516,1147,7,1147,7,0,4,44
11,360,21.600000,0.000000,1,1,22785527,1145,6,1145,6,0,4,44
11,360,21.600000,0.000000,1,1,22785537,1143,5,1143,5,0,4,44
11,360,21.600000,0.000000,1,1,22785547,1140,4,1140,4,0,4,44
11,360,21.600000,0.000000,1,1,22785558,1137,4,1137,4,0,4,44
11,360,21.600000,0.000000,1,1,22785569,1133,3,1133,3,0,4,44
11,360,21.600000,0.000000,1,1,22785581,1127,2,1127,2,0,4,44
11,360,21.600000,0.000000,1,1,22785592,1123,2,1123,2,0,4,44
11,360,21.600000,0.000000,1,1,22785603,1119,1,1119,1,0,4,44
11,360,21.600000,0.000000,1,1,22785613,1117,1,1117,1,0,4,44
11,360,21.600000,0.000000,1,1,22785623,1117,1,1117,1,0,4,44
11,360,21.600000,0.000000,1,1,22785635,1117,1,1117,1,0,4,44
11,360,21.600000,0.000000,1,1,22785645,1117,1,1117,1,0,4,44
11,360,21.600000,0.000000,1,1,22785656,1117,1,1117,1,0,4,44
11,360,21.600000,0.000000,1,1,22785667,1117,1,1117,1,0,4,44
11,360,21.600000,0.000000,1,1,22785678,1117,1,1117,1,0,4,44
11,360,21.600000,0.000000,1,1,22785693,1117,1,1117,1,0,4,44
11,360,21.600000,0.000000,1,1,22785707,1117,1,1117,1,0,4,44
11,360,21.600000,0.000000,1,1,22785719,1118,1,1118,1,0,4,44
11,360,21.600000,0.000000,1,1,22785729,1120,1,1120,1,0,4,44
11,360,21.600000,0.000000,1,1,22785739,1123,1,1123,1,0,4,44
11,360,21.600000,0.000000,1,1,22785751,1127,1,1127,1,0,4,44
11,360,21.600000,0.000000,1,1,22785761,1131,1,1131,1,0,4,44
11,360,21.600000,0.000000,1,1,22785772,1135,2,1135,2,0,4,44
11,360,21.600000,0.000000,1,1,22785782,1139,2,1139,2,0,4,44
11,360,21.600000,0.000000,1,1,22785793,1142,3,1142,3,0,4,44
11,360,21.600000,0.000000,1,1,22785804,1144,4,1144,4,0,4,44
11,360,21.600000,0.000000,1,1,22785813,1145,4,1145,4,0,4,44
11,360,21.600000,0.000000,1,1,22785824,1145,4,1145,4,0,4,44
11,360,21.600000,0.000000,1,1,22785834,1145,4,1145,4,0,4,44
11,360,21.600000,0.000000,1,1,22785845,1145,4,1145,4,0,4,44
11,360,21.600000,0.000000,1,1,22785854,1145,4,1145,4,0,4,44
11,360,21.600000,0.000000,1,1,22785865,1145,4,1145,4,0,4,44
11,360,21.600000,0.000000,1,1,22785876,1145,4,1145,4,0,4,44
11,360,21.600000,0.000000,1,1,22785886,1145,4,1145,4,0,4,44
11,360,21.600000,0.000000,1,1,22785896,1145,4,1145,4,0,4,44
11,360,21.600000,0.000000,1,1,22785907,1145,4,1145,4,0,4,44
11,360,21.600000,0.000000,1,1,22785917,1145,4,1145,4,0,4,44
11,360,21.600000,0.000000,1,1,22785927,1145,4,1145,4,0,4,44
11,360,21.600000,0.000000,1,1,22785938,1145,4,1145,4,0,4,44
11,360,21.600000,0.000000,1,1,22785948,1145,4,1145,4,0,4,44
11,360,21.600000,0.000000,1,1,22785958,1145,4,1145,4,0,4,44
11,360,21.600000,0.000000,1,1,22785969,1145,4,1145,4,0,4,44
11,360,21.600000,0.000000,1,1,22785979,1145,4,1145,4,0,4,44
11,360,21.600000,0.000000,1,1,22785988,1145,4,1145,4,0,4,44
