11,720,21.600000,10000.000000,1,0,23132995,600,0,600,0,0,5,75
11,720,21.600000,10000.000000,1,0,23132995,600,0,600,0,0,5,75
11,720,21.600000,10000.000000,1,0,23133005,600,0,600,0,0,5,75
11,720,21.600000,10000.000000,1,0,23133015,600,0,600,0,0,5,75
11,720,21.600000,10000.000000,1,0,23133025,600,0,600,0,0,5,75
11,720,21.600000,10000.000000,1,0,23133040,600,0,600,0,0,5,75
11,720,21.600000,10000.000000,1,0,23133055,604,0,604,0,0,5,75
11,720,21.600000,10000.000000,1,0,23133066,616,0,616,0,0,5,75
11,720,21.600000,10000.000000,1,0,23133077,629,3,629,3,0,5,75
11,720,21.600000,10000.000000,1,0,23133087,657,7,657,7,0,5,75
11,720,21.600000,10000.000000,1,0,23133097,697,12,697,12,0,5,75
11,720,21.600000,10000.000000,1,0,23133108,757,17,757,17,0,5,75
11,720,21.600000,10000.000000,1,0,23133119,830,21,830,21,0,5,75
11,720,21.600000,10000.000000,1,0,23133131,911,25,911,25,0,5,75
11,720,21.600000,10000.000000,1,0,23133144,988,28,988,28,0,5,75
11,720,21.600000,10000.000000,1,0,23133155,1069,31,1069,31,0,5,75
11,720,21.600000,10000.000000,1,0,23133166,1130,33,1130,33,0,5,75
11,720,21.600000,10000.000000,1,0,23133176,1157,34,1157,34,0,5,75
11,720,21.600000,10000.000000,1,0,23133187,1174,34,1174,34,0,5,75
11,720,21.600000,10000.000000,1,0,23133198,1182,33,1182,33,0,5,75
11,720,21.600000,10000.000000,1,0,23133207,1184,32,1184,32,0,5,75
11,720,21.600000,10000.000000,1,0,23133218,1186,31,1186,31,0,5,75
11,720,21.600000,10000.000000,1,0,23133227,1186,31,1186,31,0,5,75
11,720,21.600000,10000.000000,1,0,23133237,1187,31,1187,31,0,5,75
11,720,21.600000,10000.000000,1,0,23133248,1187,30,1187,30,0,5,75
11,720,21.600000,10000.000000,1,0,23133258,1187,29,1187,29,0,5,75
11,720,21.600000,10000.000000,1,0,23133268,1188,29,1188,29,0,5,75
11,720,21.600000,10000.000000,1,0,23133278,1188,29,1188,29,0,5,75
11,720,21.600000,10000.000000,1,0,23133288,1188,28,1188,28,0,5,75
11,720,21.600000,10000.000000,1,0,23133297,1188,27,1188,27,0,5,75
11,720,21.600000,10000.000000,1,0,23133307,1188,27,1188,27,0,5,75
11,720,21.600000,10000.000000,1,0,23133322,1188,27,1188,27,0,5,75
11,720,21.600000,10000.000000,1,0,23133337,1189,26,1189,26,0,5,75
11,720,21.600000,10000.000000,1,0,23133353,1193,24,1193,24,0,5,75
11,720,21.600000,10000.000000,1,0,23133363,1199,21,1199,21,0,5,75
11,720,21.600000,10000.000000,1,0,23133374,1204,18,1204,18,0,5,75
11,720,21.600000,10000.000000,1,0,23133386,1213,14,1213,14,0,5,75
11,720,21.600000,10000.000000,1,0,23133400,1227,10,1227,10,0,5,75
11,720,21.600000,10000.000000,1,0,23133416,1244,6,1244,6,0,5,75
11,720,21.600000,10000.000000,1,0,23133430,1266,1,1266,1,0,5,75
11,720,21.600000,10000.000000,1,0,23133441,1283,0,1283,-2,0,5,75
11,720,21.600000,10000.000000,1,0,23133453,1294,0,1294,-3,0,5,75
11,720,21.600000,10000.000000,1,0,23133464,1301,0,1301,-4,0,5,75
11,720,21.600000,10000.000000,1,0,23133475,1307,0,1307,-5,0,5,75
11,720,21.600000,10000.000000,1,0,23133485,1310,0,1310,-5,0,5,75
11,720,21.600000,10000.000000,1,0,23133495,1313,0,1313,-5,0,5,75
11,720,21.600000,10000.000000,1,0,23133505,1313,0,1313,-5,0,5,75
11,720,21.600000,10000.000000,1,0,23133515,1313,0,1313,-5,0,5,75
11,720,21.600000,10000.000000,1,0,23133524,1313,0,1313,-5,0,5,75
11,720,21.600000,10000.000000,1,0,23133534,1313,0,1313,-5,0,5,75
11,720,21.600000,10000.000000,1,0,23133544,1313,0,1313,-5,0,5,75
11,720,21.600000,10000.000000,1,0,23133553,1313,0,1313,-5,0,5,75
11,720,21.600000,10000.000000,1,0,23133564,1313,0,1313,-5,0,5,75
11,720,21.600000,10000.000000,1,0,23133574,1313,0,1313,-5,0,5,75
11,720,21.600000,10000.000000,1,0,23133588,1313,0,1313,-5,0,5,75
11,720,21.600000,10000.000000,1,0,23133599,1313,0,1313,-5,0,5,75
11,720,21.600000,10000.000000,1,0,23133608,1313,0,1313,-5,0,5,75
11,720,21.600000,10000.000000,1,0,23133618,1313,0,1313,-5,0,5,75
11,720,21.600000,10000.000000,1,0,23133628,1313,0,1313,-5,0,5,75
11,720,21.600000,10000.000000,1,0,23133638,1313,0,1313,-5,0,5,75
11,720,21.600000,10000.000000,1,0,23133648,1313,0,1313,-5,0,5,75
11,720,21.600000,10000.000000,1,0,23133658,1313,0,1313,-5,0,5,75
11,720,21.600000,10000.000000,1,0,23133668,1313,0,1313,-5,0,5,75
11,720,21.600000,10000.000000,1,0,23133682,1313,0,1313,-5,0,5,75
11,720,21.600000,10000.000000,1,0,23133692,1313,0,1313,-5,0,5,75
11,720,21.600000,10000.000000,1,0,23133702,1313,0,1313,-5,0,5,75
11,720,21.600000,10000.000000,1,0,23133711,1313,0,1313,-5,0,5,75
11,720,21.600000,10000.000000,1,0,23133721,1313,0,1313,-5,0,5,75
