11,360,50.400000,42.984000,1,1,23160481,780,22,780,22,0,5,99
11,360,50.400000,42.984000,1,1,23160482,780,22,780,22,0,5,99
11,360,50.400000,42.984000,1,1,23160493,784,22,784,22,0,5,99
11,360,50.400000,42.984000,1,1,23160504,790,22,790,22,0,5,99
11,360,50.400000,42.984000,1,1,23160517,800,22,800,22,0,5,99
11,360,50.400000,42.984000,1,1,23160531,817,22,817,22,0,5,99
11,360,50.400000,42.984000,1,1,23160547,845,22,845,22,0,5,99
11,360,50.400000,42.984000,1,1,23160559,884,22,884,22,0,5,99
11,360,50.400000,42.984000,1,1,23160570,919,24,919,24,0,5,99
11,360,50.400000,42.984000,1,1,23160582,953,26,953,26,0,5,99
11,360,50.400000,42.984000,1,1,23160593,986,27,986,27,0,5,99
11,360,50.400000,42.984000,1,1,23160603,1015,27,1015,27,0,5,99
11,360,50.400000,42.984000,1,1,23160615,1040,26,1040,26,0,5,99
11,360,50.400000,42.984000,1,1,23160625,1062,24,1062,24,0,5,99
11,360,50.400000,42.984000,1,1,23160636,1075,22,1075,22,0,5,99
11,360,50.400000,42.984000,1,1,23160646,1084,21,1084,21,0,5,99
11,360,50.400000,42.984000,1,1,23160657,1088,20,1088,20,0,5,99
11,360,50.400000,42.984000,1,1,23160668,1090,20,1090,20,0,5,99
11,360,50.400000,42.984000,1,1,23160680,1091,19,1091,19,0,5,99
11,360,50.400000,42.984000,1,1,23160690,1092,18,1092,18,0,5,99
11,360,50.400000,42.984000,1,1,23160700,1093,18,1093,18,0,5,99
11,360,50.400000,42.984000,1,1,23160710,1093,18,1093,18,0,5,99
11,360,50.400000,42.984000,1,1,23160720,1093,17,1093,17,0,5,99
11,360,50.400000,42.984000,1,1,23160730,1094,16,1094,16,0,5,99
11,360,50.400000,42.984000,1,1,23160741,1095,16,1095,16,0,5,99
11,360,50.400000,42.984000,1,1,23160751,1096,15,1096,15,0,5,99
11,360,50.400000,42.984000,1,1,23160761,1098,14,1098,14,0,5,99
11,360,50.400000,42.984000,1,1,23160772,1100,13,1100,13,0,5,99
11,360,50.400000,42.984000,1,1,23160782,1100,13,1100,13,0,5,99
11,360,50.400000,42.984000,1,1,23160792,1100,13,1100,13,0,5,99
11,360,50.400000,42.984000,1,1,23160803,1100,13,1100,13,0,5,99
11,360,50.400000,42.984000,1,1,23160814,1100,13,1100,13,0,5,99
11,360,50.400000,42.984000,1,1,23160827,1101,12,1101,12,0,5,99
11,360,50.400000,42.984000,1,1,23160838,1102,11,1102,11,0,5,99
11,360,50.400000,42.984000,1,1,23160848,1103,11,1103,11,0,5,99
11,360,50.400000,42.984000,1,1,23160858,1104,10,1104,10,0,5,99
11,360,50.400000,42.984000,1,1,23160868,1106,10,1106,10,0,5,99
11,360,50.400000,42.984000,1,1,23160879,1108,9,1108,9,0,5,99
11,360,50.400000,42.984000,1,1,23160889,1111,7,1111,7,0,5,99
11,360,50.400000,42.984000,1,1,23160899,1113,6,1113,6,0,5,99
11,360,50.400000,42.984000,1,1,23160909,1114,6,1114,6,0,5,99
11,360,50.400000,42.984000,1,1,23160920,1115,6,1115,6,0,5,99
11,360,50.400000,42.984000,1,1,23160932,1117,5,1117,5,0,5,99
11,360,50.400000,42.984000,1,1,23160944,1119,4,1119,4,0,5,99
11,360,50.400000,42.984000,1,1,23160959,1122,3,1122,3,0,5,99
11,360,50.400000,42.984000,1,1,23160974,1126,2,1126,2,0,5,99
11,360,50.400000,42.984000,1,1,23160988,1129,1,1129,1,0,5,99
11,360,50.400000,42.984000,1,1,23160998,1130,1,1130,1,0,5,99
11,360,50.400000,42.984000,1,1,23161008,1130,1,1130,1,0,5,99
11,360,50.400000,42.984000,1,1,23161018,1130,1,1130,1,0,5,99
