11,360,50.400000,42.984000,0,1,23040901,780,22,780,22,0,5,4
11,360,50.400000,42.984000,0,1,23040902,780,22,780,22,0,5,4
11,360,50.400000,42.984000,0,1,23040911,780,22,780,22,0,5,4
11,360,50.400000,42.984000,0,1,23040921,780,22,780,22,0,5,4
11,360,50.400000,42.984000,0,1,23040930,780,22,780,22,0,5,4
11,360,50.400000,42.984000,0,1,23040942,780,22,780,22,0,5,4
11,360,50.400000,42.984000,0,1,23040952,780,22,780,22,0,5,4
11,360,50.400000,42.984000,0,1,23040962,780,22,780,22,0,5,4
11,360,50.400000,42.984000,0,1,23040972,780,22,780,22,0,5,4
11,360,50.400000,42.984000,0,1,23040982,780,22,780,22,0,5,4
11,360,50.400000,42.984000,0,1,23040992,780,22,780,22,0,5,4
11,360,50.400000,42.984000,0,1,23041006,782,21,782,21,0,5,4
11,360,50.400000,42.984000,0,1,23041017,792,21,792,21,0,5,4
11,360,50.400000,42.984000,0,1,23041029,811,23,811,23,0,5,4
11,360,50.400000,42.984000,0,1,23041039,844,29,844,29,0,5,4
11,360,50.400000,42.984000,0,1,23041049,893,40,893,40,0,5,4
11,360,50.400000,42.984000,0,1,23041061,950,51,950,51,0,5,4
11,360,50.400000,42.984000,0,1,23041071,1009,59,1009,59,0,5,4
11,360,50.400000,42.984000,0,1,23041082,1067,65,1067,65,0,5,4
11,360,50.400000,42.984000,0,1,23041094,1113,67,1113,67,0,5,4
11,360,50.400000,42.984000,0,1,23041104,1146,66,1146,66,0,5,4
11,360,50.400000,42.984000,0,1,23041115,1159,63,1159,63,0,5,4
11,360,50.400000,42.984000,0,1,23041125,1162,60,1162,60,0,5,4
11,360,50.400000,42.984000,0,1,23041136,1162,58,1162,58,0,5,4
11,360,50.400000,42.984000,0,1,23041147,1160,55,1160,55,0,5,4
11,360,50.400000,42.984000,0,1,23041157,1157,52,1157,52,0,5,4
11,360,50.400000,42.984000,0,1,23041167,1157,50,1157,50,0,5,4
11,360,50.400000,42.984000,0,1,23041178,1157,48,1157,48,0,5,4
11,360,50.400000,42.984000,0,1,23041190,1159,46,1159,46,0,5,4
11,360,50.400000,42.984000,0,1,23041201,1160,43,1160,43,0,5,4
11,360,50.400000,42.984000,0,1,23041212,1162,41,1162,41,0,5,4
11,360,50.400000,42.984000,0,1,23041223,1163,38,1163,38,0,5,4
11,360,50.400000,42.984000,0,1,23041235,1164,35,1164,35,0,5,4
11,360,50.400000,42.984000,0,1,23041247,1164,31,1164,31,0,5,4
11,360,50.400000,42.984000,0,1,23041258,1161,23,1161,23,0,5,4
11,360,50.400000,42.984000,0,1,23041269,1158,19,1158,19,0,5,4
11,360,50.400000,42.984000,0,1,23041279,1154,15,1154,15,0,5,4
11,360,50.400000,42.984000,0,1,23041290,1148,12,1148,12,0,5,4
11,360,50.400000,42.984000,0,1,23041301,1141,7,1141,7,0,5,4
11,360,50.400000,42.984000,0,1,23041312,1134,2,1134,2,0,5,4
11,360,50.400000,42.984000,0,1,23041322,1129,0,1129,-2,0,5,4
11,360,50.400000,42.984000,0,1,23041333,1125,0,1125,-6,0,5,4
11,360,50.400000,42.984000,0,1,23041344,1123,0,1123,-10,0,5,4
11,360,50.400000,42.984000,0,1,23041355,1122,0,1122,-12,0,5,4
11,360,50.400000,42.984000,0,1,23041365,1122,0,1122,-13,0,5,4
11,360,50.400000,42.984000,0,1,23041374,1122,0,1122,-14,0,5,4
11,360,50.400000,42.984000,0,1,23041384,1123,0,1123,-14,0,5,4
11,360,50.400000,42.984000,0,1,23041394,1124,0,1124,-14,0,5,4
11,360,50.400000,42.984000,0,1,23041404,1124,0,1124,-14,0,5,4
11,360,50.400000,42.984000,0,1,23041414,1124,0,1124,-14,0,5,4
11,360,50.400000,42.984000,0,1,23041423,1124,0,1124,-14,0,5,4
