11,720,50.400000,22.608000,1,1,23081922,600,22,600,22,0,5,35
11,720,50.400000,22.608000,1,1,23081923,600,22,600,22,0,5,35
11,720,50.400000,22.608000,1,1,23081933,601,22,601,22,0,5,35
11,720,50.400000,22.608000,1,1,23081943,602,22,602,22,0,5,35
11,720,50.400000,22.608000,1,1,23081954,604,22,604,22,0,5,35
11,720,50.400000,22.608000,1,1,23081966,608,21,608,21,0,5,35
11,720,50.400000,22.608000,1,1,23081977,618,20,618,20,0,5,35
11,720,50.400000,22.608000,1,1,23081990,636,19,636,19,0,5,35
11,720,50.400000,22.608000,1,1,23082001,668,19,668,19,0,5,35
11,720,50.400000,22.608000,1,1,23082012,709,18,709,18,0,5,35
11,720,50.400000,22.608000,1,1,23082023,771,17,771,17,0,5,35
11,720,50.400000,22.608000,1,1,23082034,851,15,851,15,0,5,35
11,720,50.400000,22.608000,1,1,23082045,932,14,932,14,0,5,35
11,720,50.400000,22.608000,1,1,23082055,1007,13,1007,13,0,5,35
11,720,50.400000,22.608000,1,1,23082066,1080,13,1080,13,0,5,35
11,720,50.400000,22.608000,1,1,23082077,1144,15,1144,15,0,5,35
11,720,50.400000,22.608000,1,1,23082087,1192,17,1192,17,0,5,35
11,720,50.400000,22.608000,1,1,23082098,1229,20,1229,20,0,5,35
11,720,50.400000,22.608000,1,1,23082108,1246,20,1246,20,0,5,35
11,720,50.400000,22.608000,1,1,23082119,1261,20,1261,20,0,5,35
11,720,50.400000,22.608000,1,1,23082129,1268,20,1268,20,0,5,35
11,720,50.400000,22.608000,1,1,23082140,1271,19,1271,19,0,5,35
11,720,50.400000,22.608000,1,1,23082151,1273,18,1273,18,0,5,35
11,720,50.400000,22.608000,1,1,23082161,1274,17,1274,17,0,5,35
11,720,50.400000,22.608000,1,1,23082172,1275,16,1275,16,0,5,35
11,720,50.400000,22.608000,1,1,23082182,1275,15,1275,15,0,5,35
11,720,50.400000,22.608000,1,1,23082193,1276,15,1276,15,0,5,35
11,720,50.400000,22.608000,1,1,23082203,1276,15,1276,15,0,5,35
11,720,50.400000,22.608000,1,1,23082214,1277,15,1277,15,0,5,35
11,720,50.400000,22.608000,1,1,23082224,1279,15,1279,15,0,5,35
11,720,50.400000,22.608000,1,1,23082235,1280,14,1280,14,0,5,35
11,720,50.400000,22.608000,1,1,23082245,1280,13,1280,13,0,5,35
11,720,50.400000,22.608000,1,1,23082254,1280,13,1280,13,0,5,35
11,720,50.400000,22.608000,1,1,23082264,1280,13,1280,13,0,5,35
11,720,50.400000,22.608000,1,1,23082274,1280,13,1280,13,0,5,35
11,720,50.400000,22.608000,1,1,23082284,1280,13,1280,13,0,5,35
11,720,50.400000,22.608000,1,1,23082294,1280,13,1280,13,0,5,35
11,720,50.400000,22.608000,1,1,23082304,1282,13,1282,13,0,5,35
11,720,50.400000,22.608000,1,1,23082315,1284,12,1284,12,0,5,35
11,720,50.400000,22.608000,1,1,23082326,1288,11,1288,11,0,5,35
11,720,50.400000,22.608000,1,1,23082336,1293,9,1293,9,0,5,35
11,720,50.400000,22.608000,1,1,23082346,1298,8,1298,8,0,5,35
11,720,50.400000,22.608000,1,1,23082357,1303,7,1303,7,0,5,35
11,720,50.400000,22.608000,1,1,23082368,1308,6,1308,6,0,5,35
11,720,50.400000,22.608000,1,1,23082378,1310,5,1310,5,0,5,35
11,720,50.400000,22.608000,1,1,23082387,1311,4,1311,4,0,5,35
11,720,50.400000,22.608000,1,1,23082397,1312,3,1312,3,0,5,35
11,720,50.400000,22.608000,1,1,23082407,1312,3,1312,3,0,5,35
11,720,50.400000,22.608000,1,1,23082417,1312,3,1312,3,0,5,35
11,720,50.400000,22.608000,1,1,23082427,1312,3,1312,3,0,5,35
11,720,50.400000,22.608000,1,1,23082437,1312,3,1312,3,0,5,35
