11,360,82.800000,10000.000000,0,1,23140440,780,22,780,22,0,5,81
11,360,82.800000,10000.000000,0,1,23140440,780,22,780,22,0,5,81
11,360,82.800000,10000.000000,0,1,23140450,780,22,780,22,0,5,81
11,360,82.800000,10000.000000,0,1,23140460,780,22,780,22,0,5,81
11,360,82.800000,10000.000000,0,1,23140470,780,22,780,22,0,5,81
11,360,82.800000,10000.000000,0,1,23140481,781,22,781,22,0,5,81
11,360,82.800000,10000.000000,0,1,23140490,783,22,783,22,0,5,81
11,360,82.800000,10000.000000,0,1,23140501,786,22,786,22,0,5,81
11,360,82.800000,10000.000000,0,1,23140512,793,22,793,22,0,5,81
11,360,82.800000,10000.000000,0,1,23140524,804,22,804,22,0,5,81
11,360,82.800000,10000.000000,0,1,23140535,829,23,829,23,0,5,81
11,360,82.800000,10000.000000,0,1,23140545,856,24,856,24,0,5,81
11,360,82.800000,10000.000000,0,1,23140558,891,24,891,24,0,5,81
11,360,82.800000,10000.000000,0,1,23140572,969,24,969,24,0,5,81
11,360,82.800000,10000.000000,0,1,23140583,1011,24,1011,24,0,5,81
11,360,82.800000,10000.000000,0,1,23140593,1043,24,1043,24,0,5,81
11,360,82.800000,10000.000000,0,1,23140604,1065,23,1065,23,0,5,81
11,360,82.800000,10000.000000,0,1,23140615,1082,21,1082,21,0,5,81
11,360,82.800000,10000.000000,0,1,23140626,1092,19,1092,19,0,5,81
11,360,82.800000,10000.000000,0,1,23140637,1099,18,1099,18,0,5,81
11,360,82.800000,10000.000000,0,1,23140648,1104,17,1104,17,0,5,81
11,360,82.800000,10000.000000,0,1,23140659,1109,17,1109,17,0,5,81
11,360,82.800000,10000.000000,0,1,23140670,1113,16,1113,16,0,5,81
11,360,82.800000,10000.000000,0,1,23140680,1114,15,1114,15,0,5,81
11,360,82.800000,10000.000000,0,1,23140690,1114,15,1114,15,0,5,81
11,360,82.800000,10000.000000,0,1,23140700,1115,15,1115,15,0,5,81
11,360,82.800000,10000.000000,0,1,23140712,1116,14,1116,14,0,5,81
11,360,82.800000,10000.000000,0,1,23140723,1118,14,1118,14,0,5,81
11,360,82.800000,10000.000000,0,1,23140733,1119,13,1119,13,0,5,81
11,360,82.800000,10000.000000,0,1,23140743,1121,13,1121,13,0,5,81
11,360,82.800000,10000.000000,0,1,23140754,1123,13,1123,13,0,5,81
11,360,82.800000,10000.000000,0,1,23140765,1123,13,1123,13,0,5,81
11,360,82.800000,10000.000000,0,1,23140775,1123,12,1123,12,0,5,81
11,360,82.800000,10000.000000,0,1,23140785,1123,12,1123,12,0,5,81
11,360,82.800000,10000.000000,0,1,23140795,1123,12,1123,12,0,5,81
11,360,82.800000,10000.000000,0,1,23140804,1123,12,1123,12,0,5,81
11,360,82.800000,10000.000000,0,1,23140815,1123,12,1123,12,0,5,81
11,360,82.800000,10000.000000,0,1,23140826,1123,12,1123,12,0,5,81
11,360,82.800000,10000.000000,0,1,23140835,1123,12,1123,12,0,5,81
11,360,82.800000,10000.000000,0,1,23140846,1123,12,1123,12,0,5,81
11,360,82.800000,10000.000000,0,1,23140856,1123,12,1123,12,0,5,81
11,360,82.800000,10000.000000,0,1,23140866,1123,12,1123,12,0,5,81
