11,360,82.800000,42.984000,0,1,23097693,780,22,780,22,0,5,48
11,360,82.800000,42.984000,0,1,23097694,780,22,780,22,0,5,48
11,360,82.800000,42.984000,0,1,23097708,780,22,780,22,0,5,48
11,360,82.800000,42.984000,0,1,23097719,780,22,780,22,0,5,48
11,360,82.800000,42.984000,0,1,23097729,782,22,782,22,0,5,48
11,360,82.800000,42.984000,0,1,23097739,785,22,785,22,0,5,48
11,360,82.800000,42.984000,0,1,23097750,790,22,790,22,0,5,48
11,360,82.800000,42.984000,0,1,23097761,796,22,796,22,0,5,48
11,360,82.800000,42.984000,0,1,23097772,806,22,806,22,0,5,48
11,360,82.800000,42.984000,0,1,23097783,823,22,823,22,0,5,48
11,360,82.800000,42.984000,0,1,23097798,848,24,848,24,0,5,48
11,360,82.800000,42.984000,0,1,23097810,887,25,887,25,0,5,48
11,360,82.800000,42.984000,0,1,23097820,926,25,926,25,0,5,48
11,360,82.800000,42.984000,0,1,23097831,967,25,967,25,0,5,48
11,360,82.800000,42.984000,0,1,23097842,1006,22,1006,22,0,5,48
11,360,82.800000,42.984000,0,1,23097852,1037,20,1037,20,0,5,48
11,360,82.800000,42.984000,0,1,23097867,1061,19,1061,19,0,5,48
11,360,82.800000,42.984000,0,1,23097882,1083,16,1083,16,0,5,48
11,360,82.800000,42.984000,0,1,23097893,1093,14,1093,14,0,5,48
11,360,82.800000,42.984000,0,1,23097903,1096,13,1096,13,0,5,48
11,360,82.800000,42.984000,0,1,23097913,1097,12,1097,12,0,5,48
11,360,82.800000,42.984000,0,1,23097922,1098,12,1098,12,0,5,48
11,360,82.800000,42.984000,0,1,23097933,1099,11,1099,11,0,5,48
11,360,82.800000,42.984000,0,1,23097943,1099,11,1099,11,0,5,48
11,360,82.800000,42.984000,0,1,23097953,1100,10,1100,10,0,5,48
11,360,82.800000,42.984000,0,1,23097963,1101,10,1101,10,0,5,48
11,360,82.800000,42.984000,0,1,23097972,1102,9,1102,9,0,5,48
11,360,82.800000,42.984000,0,1,23097982,1103,9,1103,9,0,5,48
11,360,82.800000,42.984000,0,1,23097992,1104,8,1104,8,0,5,48
11,360,82.800000,42.984000,0,1,23098002,1106,7,1106,7,0,5,48
11,360,82.800000,42.984000,0,1,23098012,1106,7,1106,7,0,5,48
11,360,82.800000,42.984000,0,1,23098021,1106,7,1106,7,0,5,48
11,360,82.800000,42.984000,0,1,23098031,1106,7,1106,7,0,5,48
11,360,82.800000,42.984000,0,1,23098041,1106,7,1106,7,0,5,48
11,360,82.800000,42.984000,0,1,23098051,1106,7,1106,7,0,5,48
11,360,82.800000,42.984000,0,1,23098060,1106,7,1106,7,0,5,48
11,360,82.800000,42.984000,0,1,23098070,1106,7,1106,7,0,5,48
11,360,82.800000,42.984000,0,1,23098079,1106,7,1106,7,0,5,48
11,360,82.800000,42.984000,0,1,23098089,1106,7,1106,7,0,5,48
11,360,82.800000,42.984000,0,1,23098098,1106,7,1106,7,0,5,48
11,360,82.800000,42.984000,0,1,23098108,1107,7,1107,7,0,5,48
11,360,82.800000,42.984000,0,1,23098119,1107,6,1107,6,0,5,48
11,360,82.800000,42.984000,0,1,23098128,1108,6,1108,6,0,5,48
11,360,82.800000,42.984000,0,1,23098138,1109,6,1109,6,0,5,48
11,360,82.800000,42.984000,0,1,23098147,1109,6,1109,6,0,5,48
