11,720,21.600000,12.276000,0,1,23235216,600,22,600,22,0,6,17
11,720,21.600000,12.276000,0,1,23235217,600,22,600,22,0,6,17
11,720,21.600000,12.276000,0,1,23235228,600,22,600,22,0,6,17
11,720,21.600000,12.276000,0,1,23235238,600,22,600,22,0,6,17
11,720,21.600000,12.276000,0,1,23235252,600,21,600,21,0,6,17
11,720,21.600000,12.276000,0,1,23235262,602,20,602,20,0,6,17
11,720,21.600000,12.276000,0,1,23235274,605,19,605,19,0,6,17
11,720,21.600000,12.276000,0,1,23235285,609,18,609,18,0,6,17
11,720,21.600000,12.276000,0,1,23235296,617,18,617,18,0,6,17
11,720,21.600000,12.276000,0,1,23235308,629,18,629,18,0,6,17
11,720,21.600000,12.276000,0,1,23235321,653,19,653,19,0,6,17
11,720,21.600000,12.276000,0,1,23235339,692,24,692,24,0,6,17
11,720,21.600000,12.276000,0,1,23235353,790,36,790,36,0,6,17
11,720,21.600000,12.276000,0,1,23235364,881,44,881,44,0,6,17
11,720,21.600000,12.276000,0,1,23235375,964,49,964,49,0,6,17
11,720,21.600000,12.276000,0,1,23235387,1043,51,1043,51,0,6,17
11,720,21.600000,12.276000,0,1,23235398,1114,52,1114,52,0,6,17
11,720,21.600000,12.276000,0,1,23235409,1168,52,1168,52,0,6,17
11,720,21.600000,12.276000,0,1,23235419,1208,48,1208,48,0,6,17
11,720,21.600000,12.276000,0,1,23235431,1230,44,1230,44,0,6,17
11,720,21.600000,12.276000,0,1,23235442,1240,40,1240,40,0,6,17
11,720,21.600000,12.276000,0,1,23235453,1243,38,1243,38,0,6,17
11,720,21.600000,12.276000,0,1,23235463,1244,36,1244,36,0,6,17
11,720,21.600000,12.276000,0,1,23235478,1244,35,1244,35,0,6,17
11,720,21.600000,12.276000,0,1,23235493,1245,34,1245,34,0,6,17
11,720,21.600000,12.276000,0,1,23235509,1246,34,1246,34,0,6,17
11,720,21.600000,12.276000,0,1,23235526,1246,33,1246,33,0,6,17
11,720,21.600000,12.276000,0,1,23235541,1247,33,1247,33,0,6,17
11,720,21.600000,12.276000,0,1,23235552,1249,32,1249,32,0,6,17
11,720,21.600000,12.276000,0,1,23235563,1250,30,1250,30,0,6,17
11,720,21.600000,12.276000,0,1,23235574,1251,29,1251,29,0,6,17
11,720,21.600000,12.276000,0,1,23235584,1253,28,1253,28,0,6,17
11,720,21.600000,12.276000,0,1,23235595,1253,27,1253,27,0,6,17
11,720,21.600000,12.276000,0,1,23235606,1254,25,1254,25,0,6,17
11,720,21.600000,12.276000,0,1,23235616,1255,24,1255,24,0,6,17
11,720,21.600000,12.276000,0,1,23235627,1257,22,1257,22,0,6,17
11,720,21.600000,12.276000,0,1,23235638,1261,20,1261,20,0,6,17
11,720,21.600000,12.276000,0,1,23235649,1266,17,1266,17,0,6,17
11,720,21.600000,12.276000,0,1,23235660,1273,13,1273,13,0,6,17
11,720,21.600000,12.276000,0,1,23235672,1281,10,1281,10,0,6,17
11,720,21.600000,12.276000,0,1,23235682,1288,7,1288,7,0,6,17
11,720,21.600000,12.276000,0,1,23235693,1292,4,1292,4,0,6,17
11,720,21.600000,12.276000,0,1,23235704,1295,1,1295,1,0,6,17
11,720,21.600000,12.276000,0,1,23235715,1297,0,1297,0,0,6,17
11,720,21.600000,12.276000,0,1,23235725,1298,0,1298,-1,0,6,17
11,720,21.600000,12.276000,0,1,23235735,1298,0,1298,-2,0,6,17
11,720,21.600000,12.276000,0,1,23235746,1298,0,1298,-2,0,6,17
11,720,21.600000,12.276000,0,1,23235756,1298,0,1298,-2,0,6,17
11,720,21.600000,12.276000,0,1,23235766,1298,0,1298,-2,0,6,17
11,720,21.600000,12.276000,0,1,23235776,1298,0,1298,-2,0,6,17
11,720,21.600000,12.276000,0,1,23235786,1298,0,1298,-2,0,6,17
11,720,21.600000,12.276000,0,1,23235796,1298,0,1298,-2,0,6,17
11,720,21.600000,12.276000,0,1,23235807,1299,0,1299,-2,0,6,17
11,720,21.600000,12.276000,0,1,23235817,1301,0,1301,-2,0,6,17
11,720,21.600000,12.276000,0,1,23235827,1302,0,1302,-2,0,6,17
11,720,21.600000,12.276000,0,1,23235837,1303,0,1303,-2,0,6,17
11,720,21.600000,12.276000,0,1,23235849,1303,0,1303,-2,0,6,17
11,720,21.600000,12.276000,0,1,23235859,1303,0,1303,-2,0,6,17
11,720,21.600000,12.276000,0,1,23235870,1303,0,1303,-2,0,6,17
11,720,21.600000,12.276000,0,1,23235880,1303,0,1303,-2,0,6,17
11,720,21.600000,12.276000,0,1,23235892,1305,0,1305,-2,0,6,17
11,720,21.600000,12.276000,0,1,23235902,1308,0,1308,-2,0,6,17
11,720,21.600000,12.276000,0,1,23235913,1312,1,1312,-1,0,6,17
11,720,21.600000,12.276000,0,1,23235924,1314,1,1314,-1,0,6,17
11,720,21.600000,12.276000,0,1,23235934,1317,1,1317,-1,0,6,17
11,720,21.600000,12.276000,0,1,23235945,1318,1,1318,-1,0,6,17
11,720,21.600000,12.276000,0,1,23235955,1318,1,1318,-1,0,6,17
11,720,21.600000,12.276000,0,1,23235968,1318,1,1318,-1,0,6,17
11,720,21.600000,12.276000,0,1,23235978,1319,0,1319,-3,0,6,17
11,720,21.600000,12.276000,0,1,23235988,1320,0,1320,-3,0,6,17
11,720,21.600000,12.276000,0,1,23235998,1320,0,1320,-4,0,6,17
11,720,21.600000,12.276000,0,1,23236008,1320,0,1320,-4,0,6,17
11,720,21.600000,12.276000,0,1,23236018,1320,0,1320,-4,0,6,17
11,720,21.600000,12.276000,0,1,23236027,1320,0,1320,-4,0,6,17
