11,720,21.600000,10000.000000,0,0,23318552,600,0,600,0,0,6,85
11,720,21.600000,10000.000000,0,0,23318553,600,0,600,0,0,6,85
11,720,21.600000,10000.000000,0,0,23318568,601,0,601,0,0,6,85
11,720,21.600000,10000.000000,0,0,23318584,603,0,603,0,0,6,85
11,720,21.600000,10000.000000,0,0,23318598,611,2,611,2,0,6,85
11,720,21.600000,10000.000000,0,0,23318614,628,5,628,5,0,6,85
11,720,21.600000,10000.000000,0,0,23318629,664,13,664,13,0,6,85
11,720,21.600000,10000.000000,0,0,23318640,736,23,736,23,0,6,85
11,720,21.600000,10000.000000,0,0,23318653,813,31,813,31,0,6,85
11,720,21.600000,10000.000000,0,0,23318664,907,37,907,37,0,6,85
11,720,21.600000,10000.000000,0,0,23318676,998,39,998,39,0,6,85
11,720,21.600000,10000.000000,0,0,23318686,1097,40,1097,40,0,6,85
11,720,21.600000,10000.000000,0,0,23318697,1169,41,1169,41,0,6,85
11,720,21.600000,10000.000000,0,0,23318707,1222,41,1222,41,0,6,85
11,720,21.600000,10000.000000,0,0,23318718,1256,38,1256,38,0,6,85
11,720,21.600000,10000.000000,0,0,23318728,1276,35,1276,35,0,6,85
11,720,21.600000,10000.000000,0,0,23318739,1289,30,1289,30,0,6,85
11,720,21.600000,10000.000000,0,0,23318749,1295,26,1295,26,0,6,85
11,720,21.600000,10000.000000,0,0,23318760,1299,22,1299,22,0,6,85
11,720,21.600000,10000.000000,0,0,23318772,1301,18,1301,18,0,6,85
11,720,21.600000,10000.000000,0,0,23318786,1304,15,1304,15,0,6,85
11,720,21.600000,10000.000000,0,0,23318798,1308,13,1308,13,0,6,85
11,720,21.600000,10000.000000,0,0,23318808,1310,12,1310,12,0,6,85
11,720,21.600000,10000.000000,0,0,23318819,1312,11,1312,11,0,6,85
11,720,21.600000,10000.000000,0,0,23318830,1313,11,1313,11,0,6,85
11,720,21.600000,10000.000000,0,0,23318841,1314,10,1314,10,0,6,85
11,720,21.600000,10000.000000,0,0,23318852,1315,8,1315,8,0,6,85
11,720,21.600000,10000.000000,0,0,23318863,1316,7,1316,7,0,6,85
11,720,21.600000,10000.000000,0,0,23318874,1317,6,1317,6,0,6,85
11,720,21.600000,10000.000000,0,0,23318884,1318,5,1318,5,0,6,85
11,720,21.600000,10000.000000,0,0,23318896,1318,5,1318,5,0,6,85
11,720,21.600000,10000.000000,0,0,23318906,1318,5,1318,5,0,6,85
11,720,21.600000,10000.000000,0,0,23318917,1318,5,1318,5,0,6,85
11,720,21.600000,10000.000000,0,0,23318928,1318,5,1318,5,0,6,85
11,720,21.600000,10000.000000,0,0,23318938,1318,5,1318,5,0,6,85
11,720,21.600000,10000.000000,0,0,23318948,1318,5,1318,5,0,6,85
11,720,21.600000,10000.000000,0,0,23318959,1318,5,1318,5,0,6,85
11,720,21.600000,10000.000000,0,0,23318969,1318,5,1318,5,0,6,85
11,720,21.600000,10000.000000,0,0,23318979,1318,5,1318,5,0,6,85
11,720,21.600000,10000.000000,0,0,23318989,1318,4,1318,4,0,6,85
11,720,21.600000,10000.000000,0,0,23319000,1318,3,1318,3,0,6,85
11,720,21.600000,10000.000000,0,0,23319011,1318,3,1318,3,0,6,85
11,720,21.600000,10000.000000,0,0,23319021,1318,3,1318,3,0,6,85
11,720,21.600000,10000.000000,0,0,23319032,1318,3,1318,3,0,6,85
11,720,21.600000,10000.000000,0,0,23319042,1318,2,1318,2,0,6,85
