11,360,82.800000,22.608000,1,0,23290094,780,0,780,0,0,6,61
11,360,82.800000,22.608000,1,0,23290095,780,0,780,0,0,6,61
11,360,82.800000,22.608000,1,0,23290106,780,0,780,0,0,6,61
11,360,82.800000,22.608000,1,0,23290116,780,0,780,0,0,6,61
11,360,82.800000,22.608000,1,0,23290127,781,0,781,-1,0,6,61
11,360,82.800000,22.608000,1,0,23290138,783,0,783,-1,0,6,61
11,360,82.800000,22.608000,1,0,23290151,787,0,787,-2,0,6,61
11,360,82.800000,22.608000,1,0,23290163,797,0,797,-3,0,6,61
11,360,82.800000,22.608000,1,0,23290178,814,0,814,-3,0,6,61
11,360,82.800000,22.608000,1,0,23290188,853,5,853,2,0,6,61
11,360,82.800000,22.608000,1,0,23290199,882,8,882,5,0,6,61
11,360,82.800000,22.608000,1,0,23290210,922,10,922,7,0,6,61
11,360,82.800000,22.608000,1,0,23290222,975,13,975,10,0,6,61
11,360,82.800000,22.608000,1,0,23290232,1018,15,1018,12,0,6,61
11,360,82.800000,22.608000,1,0,23290244,1053,16,1053,13,0,6,61
11,360,82.800000,22.608000,1,0,23290254,1076,16,1076,13,0,6,61
11,360,82.800000,22.608000,1,0,23290265,1090,14,1090,11,0,6,61
11,360,82.800000,22.608000,1,0,23290277,1095,12,1095,9,0,6,61
11,360,82.800000,22.608000,1,0,23290288,1095,11,1095,8,0,6,61
11,360,82.800000,22.608000,1,0,23290298,1095,11,1095,8,0,6,61
11,360,82.800000,22.608000,1,0,23290308,1095,11,1095,8,0,6,61
11,360,82.800000,22.608000,1,0,23290319,1095,11,1095,8,0,6,61
11,360,82.800000,22.608000,1,0,23290330,1095,11,1095,8,0,6,61
11,360,82.800000,22.608000,1,0,23290340,1095,11,1095,8,0,6,61
11,360,82.800000,22.608000,1,0,23290350,1095,11,1095,8,0,6,61
11,360,82.800000,22.608000,1,0,23290361,1095,11,1095,8,0,6,61
11,360,82.800000,22.608000,1,0,23290372,1095,11,1095,8,0,6,61
11,360,82.800000,22.608000,1,0,23290382,1095,11,1095,8,0,6,61
11,360,82.800000,22.608000,1,0,23290393,1095,11,1095,8,0,6,61
11,360,82.800000,22.608000,1,0,23290404,1095,11,1095,8,0,6,61
11,360,82.800000,22.608000,1,0,23290416,1095,10,1095,7,0,6,61
11,360,82.800000,22.608000,1,0,23290426,1096,10,1096,7,0,6,61
11,360,82.800000,22.608000,1,0,23290438,1097,10,1097,7,0,6,61
11,360,82.800000,22.608000,1,0,23290448,1098,10,1098,7,0,6,61
11,360,82.800000,22.608000,1,0,23290459,1099,9,1099,6,0,6,61
11,360,82.800000,22.608000,1,0,23290469,1100,9,1100,6,0,6,61
11,360,82.800000,22.608000,1,0,23290480,1102,8,1102,5,0,6,61
11,360,82.800000,22.608000,1,0,23290491,1104,7,1104,4,0,6,61
11,360,82.800000,22.608000,1,0,23290501,1106,6,1106,3,0,6,61
11,360,82.800000,22.608000,1,0,23290511,1106,6,1106,3,0,6,61
11,360,82.800000,22.608000,1,0,23290522,1106,5,1106,2,0,6,61
11,360,82.800000,22.608000,1,0,23290532,1107,5,1107,2,0,6,61
11,360,82.800000,22.608000,1,0,23290542,1107,4,1107,1,0,6,61
