11,720,50.400000,12.276000,1,1,23191544,600,22,600,22,0,6,4
11,720,50.400000,12.276000,1,1,23191545,600,22,600,22,0,6,4
11,720,50.400000,12.276000,1,1,23191555,600,22,600,22,0,6,4
11,720,50.400000,12.276000,1,1,23191566,602,22,602,22,0,6,4
11,720,50.400000,12.276000,1,1,23191577,606,21,606,21,0,6,4
11,720,50.400000,12.276000,1,1,23191588,614,20,614,20,0,6,4
11,720,50.400000,12.276000,1,1,23191599,631,18,631,18,0,6,4
11,720,50.400000,12.276000,1,1,23191611,657,18,657,18,0,6,4
11,720,50.400000,12.276000,1,1,23191626,704,20,704,20,0,6,4
11,720,50.400000,12.276000,1,1,23191636,788,28,788,28,0,6,4
11,720,50.400000,12.276000,1,1,23191648,865,37,865,37,0,6,4
11,720,50.400000,12.276000,1,1,23191659,960,43,960,43,0,6,4
11,720,50.400000,12.276000,1,1,23191671,1048,47,1048,47,0,6,4
11,720,50.400000,12.276000,1,1,23191683,1122,49,1122,49,0,6,4
11,720,50.400000,12.276000,1,1,23191694,1191,49,1191,49,0,6,4
11,720,50.400000,12.276000,1,1,23191704,1233,49,1233,49,0,6,4
11,720,50.400000,12.276000,1,1,23191715,1261,48,1261,48,0,6,4
11,720,50.400000,12.276000,1,1,23191726,1281,47,1281,47,0,6,4
11,720,50.400000,12.276000,1,1,23191738,1292,46,1292,46,0,6,4
11,720,50.400000,12.276000,1,1,23191749,1312,44,1312,44,0,6,4
11,720,50.400000,12.276000,1,1,23191761,1317,43,1317,43,0,6,4
11,720,50.400000,12.276000,1,1,23191773,1322,42,1322,42,0,6,4
11,720,50.400000,12.276000,1,1,23191783,1326,41,1326,41,0,6,4
11,720,50.400000,12.276000,1,1,23191794,1329,41,1329,41,0,6,4
11,720,50.400000,12.276000,1,1,23191804,1331,40,1331,40,0,6,4
11,720,50.400000,12.276000,1,1,23191814,1332,39,1332,39,0,6,4
11,720,50.400000,12.276000,1,1,23191824,1333,39,1333,39,0,6,4
11,720,50.400000,12.276000,1,1,23191834,1333,39,1333,39,0,6,4
11,720,50.400000,12.276000,1,1,23191845,1333,38,1333,38,0,6,4
11,720,50.400000,12.276000,1,1,23191857,1334,37,1334,37,0,6,4
11,720,50.400000,12.276000,1,1,23191867,1336,36,1336,36,0,6,4
11,720,50.400000,12.276000,1,1,23191878,1339,35,1339,35,0,6,4
11,720,50.400000,12.276000,1,1,23191888,1341,34,1341,34,0,6,4
11,720,50.400000,12.276000,1,1,23191898,1343,33,1343,33,0,6,4
11,720,50.400000,12.276000,1,1,23191910,1344,31,1344,31,0,6,4
11,720,50.400000,12.276000,1,1,23191920,1345,30,1345,30,0,6,4
11,720,50.400000,12.276000,1,1,23191930,1345,29,1345,29,0,6,4
11,720,50.400000,12.276000,1,1,23191940,1345,28,1345,28,0,6,4
11,720,50.400000,12.276000,1,1,23191950,1345,27,1345,27,0,6,4
11,720,50.400000,12.276000,1,1,23191960,1345,26,1345,26,0,6,4
11,720,50.400000,12.276000,1,1,23191971,1345,24,1345,24,0,6,4
11,720,50.400000,12.276000,1,1,23191982,1345,23,1345,23,0,6,4
11,720,50.400000,12.276000,1,1,23191992,1344,21,1344,21,0,6,4
11,720,50.400000,12.276000,1,1,23192003,1341,19,1341,19,0,6,4
11,720,50.400000,12.276000,1,1,23192014,1336,16,1336,16,0,6,4
11,720,50.400000,12.276000,1,1,23192025,1330,13,1330,13,0,6,4
11,720,50.400000,12.276000,1,1,23192036,1323,10,1323,10,0,6,4
11,720,50.400000,12.276000,1,1,23192048,1319,8,1319,8,0,6,4
11,720,50.400000,12.276000,1,1,23192060,1316,7,1316,7,0,6,4
11,720,50.400000,12.276000,1,1,23192070,1316,7,1316,7,0,6,4
11,720,50.400000,12.276000,1,1,23192085,1316,7,1316,7,0,6,4
11,720,50.400000,12.276000,1,1,23192094,1316,7,1316,7,0,6,4
11,720,50.400000,12.276000,1,1,23192104,1316,7,1316,7,0,6,4
11,720,50.400000,12.276000,1,1,23192114,1316,7,1316,7,0,6,4
11,720,50.400000,12.276000,1,1,23192124,1316,7,1316,7,0,6,4
11,720,50.400000,12.276000,1,1,23192133,1316,7,1316,7,0,6,4
11,720,50.400000,12.276000,1,1,23192144,1316,7,1316,7,0,6,4
11,720,50.400000,12.276000,1,1,23192153,1316,7,1316,7,0,6,4
