11,720,82.800000,42.984000,1,0,23316158,600,0,600,0,0,6,83
11,720,82.800000,42.984000,1,0,23316159,600,0,600,0,0,6,83
11,720,82.800000,42.984000,1,0,23316170,600,0,600,0,0,6,83
11,720,82.800000,42.984000,1,0,23316180,600,0,600,0,0,6,83
11,720,82.800000,42.984000,1,0,23316191,600,0,600,0,0,6,83
11,720,82.800000,42.984000,1,0,23316202,603,0,603,0,0,6,83
11,720,82.800000,42.984000,1,0,23316215,611,0,611,0,0,6,83
11,720,82.800000,42.984000,1,0,23316227,627,1,627,1,0,6,83
11,720,82.800000,42.984000,1,0,23316241,650,5,650,5,0,6,83
11,720,82.800000,42.984000,1,0,23316253,688,12,688,12,0,6,83
11,720,82.800000,42.984000,1,0,23316264,738,20,738,20,0,6,83
11,720,82.800000,42.984000,1,0,23316276,797,29,797,29,0,6,83
11,720,82.800000,42.984000,1,0,23316287,861,36,861,36,0,6,83
11,720,82.800000,42.984000,1,0,23316297,948,39,948,39,0,6,83
11,720,82.800000,42.984000,1,0,23316313,1032,39,1032,39,0,6,83
11,720,82.800000,42.984000,1,0,23316324,1144,37,1144,37,0,6,83
11,720,82.800000,42.984000,1,0,23316336,1203,34,1203,34,0,6,83
11,720,82.800000,42.984000,1,0,23316347,1242,31,1242,31,0,6,83
11,720,82.800000,42.984000,1,0,23316357,1263,29,1263,29,0,6,83
11,720,82.800000,42.984000,1,0,23316369,1277,25,1277,25,0,6,83
11,720,82.800000,42.984000,1,0,23316379,1283,20,1283,20,0,6,83
11,720,82.800000,42.984000,1,0,23316391,1283,18,1283,18,0,6,83
11,720,82.800000,42.984000,1,0,23316402,1284,15,1284,15,0,6,83
11,720,82.800000,42.984000,1,0,23316413,1284,14,1284,14,0,6,83
11,720,82.800000,42.984000,1,0,23316424,1284,13,1284,13,0,6,83
11,720,82.800000,42.984000,1,0,23316435,1284,13,1284,13,0,6,83
11,720,82.800000,42.984000,1,0,23316445,1284,13,1284,13,0,6,83
11,720,82.800000,42.984000,1,0,23316456,1284,13,1284,13,0,6,83
11,720,82.800000,42.984000,1,0,23316466,1284,13,1284,13,0,6,83
11,720,82.800000,42.984000,1,0,23316477,1284,13,1284,13,0,6,83
11,720,82.800000,42.984000,1,0,23316487,1285,13,1285,13,0,6,83
11,720,82.800000,42.984000,1,0,23316498,1286,13,1286,13,0,6,83
11,720,82.800000,42.984000,1,0,23316508,1287,13,1287,13,0,6,83
11,720,82.800000,42.984000,1,0,23316518,1289,12,1289,12,0,6,83
11,720,82.800000,42.984000,1,0,23316530,1289,11,1289,11,0,6,83
11,720,82.800000,42.984000,1,0,23316540,1289,10,1289,10,0,6,83
11,720,82.800000,42.984000,1,0,23316551,1289,9,1289,9,0,6,83
11,720,82.800000,42.984000,1,0,23316561,1290,8,1290,8,0,6,83
11,720,82.800000,42.984000,1,0,23316572,1290,8,1290,8,0,6,83
11,720,82.800000,42.984000,1,0,23316582,1290,6,1290,6,0,6,83
11,720,82.800000,42.984000,1,0,23316592,1291,5,1291,5,0,6,83
11,720,82.800000,42.984000,1,0,23316603,1293,4,1293,4,0,6,83
11,720,82.800000,42.984000,1,0,23316613,1294,3,1294,3,0,6,83
11,720,82.800000,42.984000,1,0,23316623,1294,3,1294,3,0,6,83
