11,720,82.800000,10000.000000,0,0,23322401,600,0,600,0,0,6,88
11,720,82.800000,10000.000000,0,0,23322402,600,0,600,0,0,6,88
11,720,82.800000,10000.000000,0,0,23322413,600,0,600,0,0,6,88
11,720,82.800000,10000.000000,0,0,23322425,601,0,601,0,0,6,88
11,720,82.800000,10000.000000,0,0,23322436,603,0,603,0,0,6,88
11,720,82.800000,10000.000000,0,0,23322448,607,0,607,0,0,6,88
11,720,82.800000,10000.000000,0,0,23322460,614,0,614,0,0,6,88
11,720,82.800000,10000.000000,0,0,23322471,624,1,624,1,0,6,88
11,720,82.800000,10000.000000,0,0,23322482,636,3,636,3,0,6,88
11,720,82.800000,10000.000000,0,0,23322493,653,6,653,6,0,6,88
11,720,82.800000,10000.000000,0,0,23322504,679,9,679,9,0,6,88
11,720,82.800000,10000.000000,0,0,23322514,725,13,725,13,0,6,88
11,720,82.800000,10000.000000,0,0,23322525,784,14,784,14,0,6,88
11,720,82.800000,10000.000000,0,0,23322536,859,14,859,14,0,6,88
11,720,82.800000,10000.000000,0,0,23322550,956,14,956,14,0,6,88
11,720,82.800000,10000.000000,0,0,23322562,1076,14,1076,14,0,6,88
11,720,82.800000,10000.000000,0,0,23322573,1159,14,1159,14,0,6,88
11,720,82.800000,10000.000000,0,0,23322585,1223,10,1223,10,0,6,88
11,720,82.800000,10000.000000,0,0,23322595,1262,5,1262,5,0,6,88
11,720,82.800000,10000.000000,0,0,23322606,1281,1,1281,1,0,6,88
11,720,82.800000,10000.000000,0,0,23322616,1293,0,1293,-4,0,6,88
11,720,82.800000,10000.000000,0,0,23322627,1298,0,1298,-8,0,6,88
11,720,82.800000,10000.000000,0,0,23322638,1302,0,1302,-12,0,6,88
11,720,82.800000,10000.000000,0,0,23322650,1304,0,1304,-15,0,6,88
11,720,82.800000,10000.000000,0,0,23322661,1306,0,1306,-16,0,6,88
11,720,82.800000,10000.000000,0,0,23322672,1307,0,1307,-16,0,6,88
11,720,82.800000,10000.000000,0,0,23322683,1309,0,1309,-18,0,6,88
11,720,82.800000,10000.000000,0,0,23322694,1309,0,1309,-18,0,6,88
11,720,82.800000,10000.000000,0,0,23322704,1310,0,1310,-19,0,6,88
11,720,82.800000,10000.000000,0,0,23322715,1311,0,1311,-20,0,6,88
11,720,82.800000,10000.000000,0,0,23322726,1312,0,1312,-20,0,6,88
11,720,82.800000,10000.000000,0,0,23322738,1313,0,1313,-21,0,6,88
11,720,82.800000,10000.000000,0,0,23322749,1314,0,1314,-23,0,6,88
11,720,82.800000,10000.000000,0,0,23322760,1315,0,1315,-23,0,6,88
11,720,82.800000,10000.000000,0,0,23322771,1316,0,1316,-23,0,6,88
11,720,82.800000,10000.000000,0,0,23322782,1316,0,1316,-24,0,6,88
11,720,82.800000,10000.000000,0,0,23322792,1316,0,1316,-25,0,6,88
11,720,82.800000,10000.000000,0,0,23322803,1316,0,1316,-26,0,6,88
11,720,82.800000,10000.000000,0,0,23322813,1316,0,1316,-26,0,6,88
11,720,82.800000,10000.000000,0,0,23322823,1317,0,1317,-27,0,6,88
11,720,82.800000,10000.000000,0,0,23322833,1318,0,1318,-28,0,6,88
11,720,82.800000,10000.000000,0,0,23322844,1318,0,1318,-28,0,6,88
