11,720,21.600000,0.000000,0,0,23382910,600,0,600,0,0,7,15
11,720,21.600000,0.000000,0,0,23382911,600,0,600,0,0,7,15
11,720,21.600000,0.000000,0,0,23382922,600,0,600,0,0,7,15
11,720,21.600000,0.000000,0,0,23382933,600,0,600,0,0,7,15
11,720,21.600000,0.000000,0,0,23382943,600,0,600,0,0,7,15
11,720,21.600000,0.000000,0,0,23382954,600,0,600,0,0,7,15
11,720,21.600000,0.000000,0,0,23382964,601,0,601,0,0,7,15
11,720,21.600000,0.000000,0,0,23382975,608,0,608,0,0,7,15
11,720,21.600000,0.000000,0,0,23382987,620,3,620,3,0,7,15
11,720,21.600000,0.000000,0,0,23382998,644,12,644,12,0,7,15
11,720,21.600000,0.000000,0,0,23383009,679,25,679,25,0,7,15
11,720,21.600000,0.000000,0,0,23383020,731,42,731,42,0,7,15
11,720,21.600000,0.000000,0,0,23383031,792,59,792,59,0,7,15
11,720,21.600000,0.000000,0,0,23383042,882,78,882,78,0,7,15
11,720,21.600000,0.000000,0,0,23383053,976,95,976,95,0,7,15
11,720,21.600000,0.000000,0,0,23383063,1083,108,1083,108,0,7,15
11,720,21.600000,0.000000,0,0,23383073,1174,115,1174,115,0,7,15
11,720,21.600000,0.000000,0,0,23383084,1244,117,1244,117,0,7,15
11,720,21.600000,0.000000,0,0,23383095,1292,117,1292,117,0,7,15
11,720,21.600000,0.000000,0,0,23383105,1332,113,1332,113,0,7,15
11,720,21.600000,0.000000,0,0,23383116,1347,109,1347,109,0,7,15
11,720,21.600000,0.000000,0,0,23383126,1354,104,1354,104,0,7,15
11,720,21.600000,0.000000,0,0,23383137,1354,100,1354,100,0,7,15
11,720,21.600000,0.000000,0,0,23383148,1353,95,1353,95,0,7,15
11,720,21.600000,0.000000,0,0,23383159,1349,90,1349,90,0,7,15
11,720,21.600000,0.000000,0,0,23383170,1345,86,1345,86,0,7,15
11,720,21.600000,0.000000,0,0,23383181,1341,84,1341,84,0,7,15
11,720,21.600000,0.000000,0,0,23383191,1339,83,1339,83,0,7,15
11,720,21.600000,0.000000,0,0,23383202,1338,82,1338,82,0,7,15
11,720,21.600000,0.000000,0,0,23383212,1338,82,1338,82,0,7,15
11,720,21.600000,0.000000,0,0,23383222,1338,81,1338,81,0,7,15
11,720,21.600000,0.000000,0,0,23383234,1338,79,1338,79,0,7,15
11,720,21.600000,0.000000,0,0,23383246,1336,77,1336,77,0,7,15
11,720,21.600000,0.000000,0,0,23383257,1333,74,1333,74,0,7,15
11,720,21.600000,0.000000,0,0,23383268,1330,70,1330,70,0,7,15
11,720,21.600000,0.000000,0,0,23383279,1326,66,1326,66,0,7,15
11,720,21.600000,0.000000,0,0,23383290,1321,62,1321,62,0,7,15
11,720,21.600000,0.000000,0,0,23383301,1318,58,1318,58,0,7,15
11,720,21.600000,0.000000,0,0,23383311,1316,54,1316,54,0,7,15
11,720,21.600000,0.000000,0,0,23383324,1314,51,1314,51,0,7,15
11,720,21.600000,0.000000,0,0,23383336,1314,46,1314,46,0,7,15
11,720,21.600000,0.000000,0,0,23383347,1314,43,1314,43,0,7,15
11,720,21.600000,0.000000,0,0,23383357,1315,40,1315,40,0,7,15
11,720,21.600000,0.000000,0,0,23383368,1317,38,1317,38,0,7,15
11,720,21.600000,0.000000,0,0,23383379,1319,35,1319,35,0,7,15
11,720,21.600000,0.000000,0,0,23383390,1320,32,1320,32,0,7,15
11,720,21.600000,0.000000,0,0,23383401,1321,29,1321,29,0,7,15
11,720,21.600000,0.000000,0,0,23383411,1321,26,1321,26,0,7,15
11,720,21.600000,0.000000,0,0,23383422,1322,24,1322,24,0,7,15
11,720,21.600000,0.000000,0,0,23383434,1323,22,1323,22,0,7,15
11,720,21.600000,0.000000,0,0,23383444,1324,20,1324,20,0,7,15
11,720,21.600000,0.000000,0,0,23383457,1324,20,1324,20,0,7,15
11,720,21.600000,0.000000,0,0,23383473,1324,19,1324,19,0,7,15
11,720,21.600000,0.000000,0,0,23383483,1324,19,1324,19,0,7,15
11,720,21.600000,0.000000,0,0,23383494,1324,19,1324,19,0,7,15
11,720,21.600000,0.000000,0,0,23383505,1324,19,1324,19,0,7,15
11,720,21.600000,0.000000,0,0,23383516,1324,19,1324,19,0,7,15
11,720,21.600000,0.000000,0,0,23383526,1324,19,1324,19,0,7,15
11,720,21.600000,0.000000,0,0,23383537,1324,18,1324,18,0,7,15
11,720,21.600000,0.000000,0,0,23383547,1324,18,1324,18,0,7,15
11,720,21.600000,0.000000,0,0,23383558,1324,18,1324,18,0,7,15
11,720,21.600000,0.000000,0,0,23383568,1324,18,1324,18,0,7,15
11,720,21.600000,0.000000,0,0,23383578,1324,18,1324,18,0,7,15
11,720,21.600000,0.000000,0,0,23383590,1324,18,1324,18,0,7,15
11,720,21.600000,0.000000,0,0,23383600,1324,17,1324,17,0,7,15
11,720,21.600000,0.000000,0,0,23383611,1324,16,1324,16,0,7,15
11,720,21.600000,0.000000,0,0,23383620,1324,15,1324,15,0,7,15
11,720,21.600000,0.000000,0,0,23383632,1325,15,1325,15,0,7,15
11,720,21.600000,0.000000,0,0,23383643,1326,15,1326,15,0,7,15
11,720,21.600000,0.000000,0,0,23383652,1326,15,1326,15,0,7,15
11,720,21.600000,0.000000,0,0,23383664,1326,15,1326,15,0,7,15
11,720,21.600000,0.000000,0,0,23383674,1326,15,1326,15,0,7,15
11,720,21.600000,0.000000,0,0,23383685,1325,15,1325,15,0,7,15
11,720,21.600000,0.000000,0,0,23383695,1324,15,1324,15,0,7,15
11,720,21.600000,0.000000,0,0,23383710,1324,15,1324,15,0,7,15
