11,720,50.400000,0.000000,0,0,23376429,600,0,600,0,0,7,10
11,720,50.400000,0.000000,0,0,23376430,600,0,600,0,0,7,10
11,720,50.400000,0.000000,0,0,23376442,603,0,603,-2,0,7,10
11,720,50.400000,0.000000,0,0,23376453,604,0,604,-3,0,7,10
11,720,50.400000,0.000000,0,0,23376469,606,0,606,-4,0,7,10
11,720,50.400000,0.000000,0,0,23376479,609,0,609,-6,0,7,10
11,720,50.400000,0.000000,0,0,23376491,611,0,611,-7,0,7,10
11,720,50.400000,0.000000,0,0,23376503,614,0,614,-8,0,7,10
11,720,50.400000,0.000000,0,0,23376518,618,0,618,-8,0,7,10
11,720,50.400000,0.000000,0,0,23376529,630,3,630,-5,0,7,10
11,720,50.400000,0.000000,0,0,23376540,646,10,646,2,0,7,10
11,720,50.400000,0.000000,0,0,23376552,670,17,670,9,0,7,10
11,720,50.400000,0.000000,0,0,23376565,707,25,707,17,0,7,10
11,720,50.400000,0.000000,0,0,23376576,805,41,805,33,0,7,10
11,720,50.400000,0.000000,0,0,23376587,863,45,863,37,0,7,10
11,720,50.400000,0.000000,0,0,23376597,935,47,935,39,0,7,10
11,720,50.400000,0.000000,0,0,23376612,1002,47,1002,39,0,7,10
11,720,50.400000,0.000000,0,0,23376623,1103,46,1103,38,0,7,10
11,720,50.400000,0.000000,0,0,23376634,1171,40,1171,32,0,7,10
11,720,50.400000,0.000000,0,0,23376644,1229,33,1229,25,0,7,10
11,720,50.400000,0.000000,0,0,23376656,1266,28,1266,20,0,7,10
11,720,50.400000,0.000000,0,0,23376668,1292,24,1292,16,0,7,10
11,720,50.400000,0.000000,0,0,23376680,1306,22,1306,14,0,7,10
11,720,50.400000,0.000000,0,0,23376691,1310,21,1310,13,0,7,10
11,720,50.400000,0.000000,0,0,23376707,1311,21,1311,13,0,7,10
11,720,50.400000,0.000000,0,0,23376723,1311,20,1311,12,0,7,10
11,720,50.400000,0.000000,0,0,23376733,1311,19,1311,11,0,7,10
11,720,50.400000,0.000000,0,0,23376744,1312,19,1312,11,0,7,10
11,720,50.400000,0.000000,0,0,23376755,1312,19,1312,11,0,7,10
11,720,50.400000,0.000000,0,0,23376771,1313,19,1313,11,0,7,10
11,720,50.400000,0.000000,0,0,23376786,1314,19,1314,11,0,7,10
11,720,50.400000,0.000000,0,0,23376801,1314,19,1314,11,0,7,10
11,720,50.400000,0.000000,0,0,23376812,1314,18,1314,10,0,7,10
11,720,50.400000,0.000000,0,0,23376822,1314,18,1314,10,0,7,10
11,720,50.400000,0.000000,0,0,23376833,1314,18,1314,10,0,7,10
11,720,50.400000,0.000000,0,0,23376843,1314,18,1314,10,0,7,10
11,720,50.400000,0.000000,0,0,23376853,1314,18,1314,10,0,7,10
11,720,50.400000,0.000000,0,0,23376864,1315,18,1315,10,0,7,10
11,720,50.400000,0.000000,0,0,23376874,1315,18,1315,10,0,7,10
11,720,50.400000,0.000000,0,0,23376885,1316,17,1316,9,0,7,10
11,720,50.400000,0.000000,0,0,23376895,1316,17,1316,9,0,7,10
11,720,50.400000,0.000000,0,0,23376906,1316,16,1316,8,0,7,10
11,720,50.400000,0.000000,0,0,23376916,1316,16,1316,8,0,7,10
11,720,50.400000,0.000000,0,0,23376927,1316,16,1316,8,0,7,10
11,720,50.400000,0.000000,0,0,23376937,1316,16,1316,8,0,7,10
11,720,50.400000,0.000000,0,0,23376948,1316,16,1316,8,0,7,10
11,720,50.400000,0.000000,0,0,23376957,1316,16,1316,8,0,7,10
