11,720,50.400000,22.608000,0,0,23404728,600,0,600,0,0,7,29
11,720,50.400000,22.608000,0,0,23404729,600,0,600,0,0,7,29
11,720,50.400000,22.608000,0,0,23404740,602,0,602,-1,0,7,29
11,720,50.400000,22.608000,0,0,23404752,606,0,606,-2,0,7,29
11,720,50.400000,22.608000,0,0,23404763,613,0,613,-3,0,7,29
11,720,50.400000,22.608000,0,0,23404774,622,0,622,-5,0,7,29
11,720,50.400000,22.608000,0,0,23404785,636,0,636,-6,0,7,29
11,720,50.400000,22.608000,0,0,23404797,653,0,653,-6,0,7,29
11,720,50.400000,22.608000,0,0,23404808,685,3,685,-3,0,7,29
11,720,50.400000,22.608000,0,0,23404820,728,8,728,2,0,7,29
11,720,50.400000,22.608000,0,0,23404832,793,16,793,10,0,7,29
11,720,50.400000,22.608000,0,0,23404843,858,23,858,17,0,7,29
11,720,50.400000,22.608000,0,0,23404855,944,30,944,24,0,7,29
11,720,50.400000,22.608000,0,0,23404867,1031,35,1031,29,0,7,29
11,720,50.400000,22.608000,0,0,23404879,1121,39,1121,33,0,7,29
11,720,50.400000,22.608000,0,0,23404890,1193,40,1193,34,0,7,29
11,720,50.400000,22.608000,0,0,23404901,1247,41,1247,35,0,7,29
11,720,50.400000,22.608000,0,0,23404912,1285,41,1285,35,0,7,29
11,720,50.400000,22.608000,0,0,23404924,1305,40,1305,34,0,7,29
11,720,50.400000,22.608000,0,0,23404935,1317,37,1317,31,0,7,29
11,720,50.400000,22.608000,0,0,23404947,1320,35,1320,29,0,7,29
11,720,50.400000,22.608000,0,0,23404958,1322,34,1322,28,0,7,29
11,720,50.400000,22.608000,0,0,23404968,1322,32,1322,26,0,7,29
11,720,50.400000,22.608000,0,0,23404979,1322,31,1322,25,0,7,29
11,720,50.400000,22.608000,0,0,23404990,1322,31,1322,25,0,7,29
11,720,50.400000,22.608000,0,0,23405000,1322,30,1322,24,0,7,29
11,720,50.400000,22.608000,0,0,23405013,1322,29,1322,23,0,7,29
11,720,50.400000,22.608000,0,0,23405024,1322,27,1322,21,0,7,29
11,720,50.400000,22.608000,0,0,23405035,1322,25,1322,19,0,7,29
11,720,50.400000,22.608000,0,0,23405048,1322,24,1322,18,0,7,29
11,720,50.400000,22.608000,0,0,23405060,1322,22,1322,16,0,7,29
11,720,50.400000,22.608000,0,0,23405073,1322,20,1322,14,0,7,29
11,720,50.400000,22.608000,0,0,23405085,1322,17,1322,11,0,7,29
11,720,50.400000,22.608000,0,0,23405095,1323,14,1323,8,0,7,29
11,720,50.400000,22.608000,0,0,23405105,1323,11,1323,5,0,7,29
11,720,50.400000,22.608000,0,0,23405116,1323,8,1323,2,0,7,29
11,720,50.400000,22.608000,0,0,23405126,1323,6,1323,0,0,7,29
11,720,50.400000,22.608000,0,0,23405137,1323,5,1323,-1,0,7,29
11,720,50.400000,22.608000,0,0,23405148,1323,4,1323,-2,0,7,29
11,720,50.400000,22.608000,0,0,23405159,1323,3,1323,-3,0,7,29
11,720,50.400000,22.608000,0,0,23405169,1323,3,1323,-3,0,7,29
11,720,50.400000,22.608000,0,0,23405179,1323,3,1323,-3,0,7,29
