11,360,21.600000,0.000000,1,1,23422339,780,22,780,22,0,7,45
11,360,21.600000,0.000000,1,1,23422340,780,22,780,22,0,7,45
11,360,21.600000,0.000000,1,1,23422352,780,22,780,22,0,7,45
11,360,21.600000,0.000000,1,1,23422363,781,22,781,22,0,7,45
11,360,21.600000,0.000000,1,1,23422379,786,21,786,21,0,7,45
11,360,21.600000,0.000000,1,1,23422390,795,20,795,20,0,7,45
11,360,21.600000,0.000000,1,1,23422402,806,20,806,20,0,7,45
11,360,21.600000,0.000000,1,1,23422414,823,21,823,21,0,7,45
11,360,21.600000,0.000000,1,1,23422425,852,26,852,26,0,7,45
11,360,21.600000,0.000000,1,1,23422437,888,30,888,30,0,7,45
11,360,21.600000,0.000000,1,1,23422449,938,35,938,35,0,7,45
11,360,21.600000,0.000000,1,1,23422459,979,37,979,37,0,7,45
11,360,21.600000,0.000000,1,1,23422470,1017,37,1017,37,0,7,45
11,360,21.600000,0.000000,1,1,23422481,1044,36,1044,36,0,7,45
11,360,21.600000,0.000000,1,1,23422492,1067,31,1067,31,0,7,45
11,360,21.600000,0.000000,1,1,23422503,1081,27,1081,27,0,7,45
11,360,21.600000,0.000000,1,1,23422514,1088,23,1088,23,0,7,45
11,360,21.600000,0.000000,1,1,23422525,1092,20,1092,20,0,7,45
11,360,21.600000,0.000000,1,1,23422536,1095,17,1095,17,0,7,45
11,360,21.600000,0.000000,1,1,23422548,1096,16,1096,16,0,7,45
11,360,21.600000,0.000000,1,1,23422558,1098,15,1098,15,0,7,45
11,360,21.600000,0.000000,1,1,23422569,1098,15,1098,15,0,7,45
11,360,21.600000,0.000000,1,1,23422586,1098,15,1098,15,0,7,45
11,360,21.600000,0.000000,1,1,23422601,1098,15,1098,15,0,7,45
11,360,21.600000,0.000000,1,1,23422616,1098,15,1098,15,0,7,45
11,360,21.600000,0.000000,1,1,23422632,1099,15,1099,15,0,7,45
11,360,21.600000,0.000000,1,1,23422643,1099,14,1099,14,0,7,45
11,360,21.600000,0.000000,1,1,23422653,1099,13,1099,13,0,7,45
11,360,21.600000,0.000000,1,1,23422664,1099,13,1099,13,0,7,45
11,360,21.600000,0.000000,1,1,23422679,1099,12,1099,12,0,7,45
11,360,21.600000,0.000000,1,1,23422694,1099,12,1099,12,0,7,45
11,360,21.600000,0.000000,1,1,23422705,1099,11,1099,11,0,7,45
11,360,21.600000,0.000000,1,1,23422715,1099,11,1099,11,0,7,45
11,360,21.600000,0.000000,1,1,23422726,1099,11,1099,11,0,7,45
11,360,21.600000,0.000000,1,1,23422736,1099,10,1099,10,0,7,45
11,360,21.600000,0.000000,1,1,23422747,1100,10,1100,10,0,7,45
11,360,21.600000,0.000000,1,1,23422758,1101,9,1101,9,0,7,45
11,360,21.600000,0.000000,1,1,23422772,1103,9,1103,9,0,7,45
11,360,21.600000,0.000000,1,1,23422784,1108,8,1108,8,0,7,45
11,360,21.600000,0.000000,1,1,23422795,1114,8,1114,8,0,7,45
11,360,21.600000,0.000000,1,1,23422806,1121,7,1121,7,0,7,45
11,360,21.600000,0.000000,1,1,23422817,1127,7,1127,7,0,7,45
11,360,21.600000,0.000000,1,1,23422828,1131,7,1131,7,0,7,45
11,360,21.600000,0.000000,1,1,23422838,1134,7,1134,7,0,7,45
11,360,21.600000,0.000000,1,1,23422849,1134,6,1134,6,0,7,45
11,360,21.600000,0.000000,1,1,23422860,1134,6,1134,6,0,7,45
11,360,21.600000,0.000000,1,1,23422871,1134,6,1134,6,0,7,45
11,360,21.600000,0.000000,1,1,23422882,1134,6,1134,6,0,7,45
11,360,21.600000,0.000000,1,1,23422892,1134,6,1134,6,0,7,45
11,360,21.600000,0.000000,1,1,23422902,1134,6,1134,6,0,7,45
11,360,21.600000,0.000000,1,1,23422913,1134,6,1134,6,0,7,45
11,360,21.600000,0.000000,1,1,23422923,1134,6,1134,6,0,7,45
11,360,21.600000,0.000000,1,1,23422934,1134,6,1134,6,0,7,45
11,360,21.600000,0.000000,1,1,23422944,1134,6,1134,6,0,7,45
11,360,21.600000,0.000000,1,1,23422955,1134,6,1134,6,0,7,45
11,360,21.600000,0.000000,1,1,23422966,1134,6,1134,6,0,7,45
11,360,21.600000,0.000000,1,1,23422977,1134,6,1134,6,0,7,45
11,360,21.600000,0.000000,1,1,23422987,1134,6,1134,6,0,7,45
11,360,21.600000,0.000000,1,1,23422998,1134,5,1134,5,0,7,45
11,360,21.600000,0.000000,1,1,23423008,1134,5,1134,5,0,7,45
11,360,21.600000,0.000000,1,1,23423018,1134,5,1134,5,0,7,45
11,360,21.600000,0.000000,1,1,23423028,1134,5,1134,5,0,7,45
