11,720,82.800000,0.000000,1,1,23516745,600,22,600,22,0,7,119
11,720,82.800000,0.000000,1,1,23516746,600,22,600,22,0,7,119
11,720,82.800000,0.000000,1,1,23516760,609,22,609,22,0,7,119
11,720,82.800000,0.000000,1,1,23516771,623,22,623,22,0,7,119
11,720,82.800000,0.000000,1,1,23516781,642,22,642,22,0,7,119
11,720,82.800000,0.000000,1,1,23516794,668,26,668,26,0,7,119
11,720,82.800000,0.000000,1,1,23516806,698,33,698,33,0,7,119
11,720,82.800000,0.000000,1,1,23516817,743,44,743,44,0,7,119
11,720,82.800000,0.000000,1,1,23516827,781,54,781,54,0,7,119
11,720,82.800000,0.000000,1,1,23516839,822,63,822,63,0,7,119
11,720,82.800000,0.000000,1,1,23516850,864,70,864,70,0,7,119
11,720,82.800000,0.000000,1,1,23516864,896,73,896,73,0,7,119
11,720,82.800000,0.000000,1,1,23516874,930,74,930,74,0,7,119
11,720,82.800000,0.000000,1,1,23516887,954,71,954,71,0,7,119
11,720,82.800000,0.000000,1,1,23516902,979,66,979,66,0,7,119
11,720,82.800000,0.000000,1,1,23516920,1020,57,1020,57,0,7,119
11,720,82.800000,0.000000,1,1,23516936,1071,53,1071,53,0,7,119
11,720,82.800000,0.000000,1,1,23516951,1127,50,1127,50,0,7,119
11,720,82.800000,0.000000,1,1,23516963,1168,49,1168,49,0,7,119
11,720,82.800000,0.000000,1,1,23516974,1191,49,1191,49,0,7,119
11,720,82.800000,0.000000,1,1,23516986,1209,48,1209,48,0,7,119
11,720,82.800000,0.000000,1,1,23516997,1218,46,1218,46,0,7,119
11,720,82.800000,0.000000,1,1,23517008,1223,45,1223,45,0,7,119
11,720,82.800000,0.000000,1,1,23517019,1225,44,1225,44,0,7,119
11,720,82.800000,0.000000,1,1,23517031,1226,44,1226,44,0,7,119
11,720,82.800000,0.000000,1,1,23517042,1228,43,1228,43,0,7,119
11,720,82.800000,0.000000,1,1,23517054,1229,41,1229,41,0,7,119
11,720,82.800000,0.000000,1,1,23517064,1230,41,1230,41,0,7,119
11,720,82.800000,0.000000,1,1,23517075,1232,40,1232,40,0,7,119
11,720,82.800000,0.000000,1,1,23517086,1234,39,1234,39,0,7,119
11,720,82.800000,0.000000,1,1,23517097,1236,37,1236,37,0,7,119
11,720,82.800000,0.000000,1,1,23517108,1239,36,1239,36,0,7,119
11,720,82.800000,0.000000,1,1,23517119,1242,34,1242,34,0,7,119
11,720,82.800000,0.000000,1,1,23517130,1247,32,1247,32,0,7,119
11,720,82.800000,0.000000,1,1,23517142,1254,30,1254,30,0,7,119
11,720,82.800000,0.000000,1,1,23517153,1262,28,1262,28,0,7,119
11,720,82.800000,0.000000,1,1,23517165,1269,27,1269,27,0,7,119
11,720,82.800000,0.000000,1,1,23517176,1272,26,1272,26,0,7,119
11,720,82.800000,0.000000,1,1,23517189,1275,25,1275,25,0,7,119
11,720,82.800000,0.000000,1,1,23517200,1275,25,1275,25,0,7,119
11,720,82.800000,0.000000,1,1,23517211,1275,25,1275,25,0,7,119
11,720,82.800000,0.000000,1,1,23517223,1275,25,1275,25,0,7,119
11,720,82.800000,0.000000,1,1,23517234,1275,25,1275,25,0,7,119
11,720,82.800000,0.000000,1,1,23517245,1275,25,1275,25,0,7,119
11,720,82.800000,0.000000,1,1,23517256,1276,25,1276,25,0,7,119
11,720,82.800000,0.000000,1,1,23517267,1277,24,1277,24,0,7,119
11,720,82.800000,0.000000,1,1,23517277,1278,23,1278,23,0,7,119
11,720,82.800000,0.000000,1,1,23517288,1279,23,1279,23,0,7,119
11,720,82.800000,0.000000,1,1,23517298,1280,22,1280,22,0,7,119
11,720,82.800000,0.000000,1,1,23517309,1280,22,1280,22,0,7,119
11,720,82.800000,0.000000,1,1,23517320,1281,22,1281,22,0,7,119
11,720,82.800000,0.000000,1,1,23517331,1281,22,1281,22,0,7,119
11,720,82.800000,0.000000,1,1,23517342,1282,21,1282,21,0,7,119
11,720,82.800000,0.000000,1,1,23517352,1282,21,1282,21,0,7,119
11,720,82.800000,0.000000,1,1,23517363,1283,20,1283,20,0,7,119
11,720,82.800000,0.000000,1,1,23517375,1285,19,1285,19,0,7,119
11,720,82.800000,0.000000,1,1,23517385,1287,18,1287,18,0,7,119
11,720,82.800000,0.000000,1,1,23517397,1289,17,1289,17,0,7,119
11,720,82.800000,0.000000,1,1,23517408,1293,15,1293,15,0,7,119
11,720,82.800000,0.000000,1,1,23517418,1296,15,1296,15,0,7,119
11,720,82.800000,0.000000,1,1,23517429,1298,15,1298,15,0,7,119
11,720,82.800000,0.000000,1,1,23517439,1301,15,1301,15,0,7,119
11,720,82.800000,0.000000,1,1,23517450,1301,15,1301,15,0,7,119
11,720,82.800000,0.000000,1,1,23517460,1301,15,1301,15,0,7,119
11,720,82.800000,0.000000,1,1,23517470,1301,15,1301,15,0,7,119
