11,720,82.800000,10000.000000,1,0,23490618,600,0,600,0,0,7,98
11,720,82.800000,10000.000000,1,0,23490619,600,0,600,0,0,7,98
11,720,82.800000,10000.000000,1,0,23490630,600,0,600,0,0,7,98
11,720,82.800000,10000.000000,1,0,23490643,600,0,600,0,0,7,98
11,720,82.800000,10000.000000,1,0,23490654,600,0,600,-1,0,7,98
11,720,82.800000,10000.000000,1,0,23490669,602,0,602,-1,0,7,98
11,720,82.800000,10000.000000,1,0,23490683,606,0,606,-2,0,7,98
11,720,82.800000,10000.000000,1,0,23490701,614,0,614,-2,0,7,98
11,720,82.800000,10000.000000,1,0,23490715,634,5,634,3,0,7,98
11,720,82.800000,10000.000000,1,0,23490726,665,15,665,13,0,7,98
11,720,82.800000,10000.000000,1,0,23490737,709,26,709,24,0,7,98
11,720,82.800000,10000.000000,1,0,23490748,772,38,772,36,0,7,98
11,720,82.800000,10000.000000,1,0,23490759,846,46,846,44,0,7,98
11,720,82.800000,10000.000000,1,0,23490770,932,52,932,50,0,7,98
11,720,82.800000,10000.000000,1,0,23490780,1016,53,1016,51,0,7,98
11,720,82.800000,10000.000000,1,0,23490791,1082,53,1082,51,0,7,98
11,720,82.800000,10000.000000,1,0,23490802,1143,53,1143,51,0,7,98
11,720,82.800000,10000.000000,1,0,23490813,1183,49,1183,47,0,7,98
11,720,82.800000,10000.000000,1,0,23490824,1212,45,1212,43,0,7,98
11,720,82.800000,10000.000000,1,0,23490838,1229,40,1229,38,0,7,98
11,720,82.800000,10000.000000,1,0,23490855,1242,34,1242,32,0,7,98
11,720,82.800000,10000.000000,1,0,23490870,1250,29,1250,27,0,7,98
11,720,82.800000,10000.000000,1,0,23490886,1256,25,1256,23,0,7,98
11,720,82.800000,10000.000000,1,0,23490901,1265,22,1265,20,0,7,98
11,720,82.800000,10000.000000,1,0,23490911,1275,20,1275,18,0,7,98
11,720,82.800000,10000.000000,1,0,23490923,1283,19,1283,17,0,7,98
11,720,82.800000,10000.000000,1,0,23490934,1289,18,1289,16,0,7,98
11,720,82.800000,10000.000000,1,0,23490945,1293,17,1293,15,0,7,98
11,720,82.800000,10000.000000,1,0,23490956,1295,16,1295,14,0,7,98
11,720,82.800000,10000.000000,1,0,23490966,1296,16,1296,14,0,7,98
11,720,82.800000,10000.000000,1,0,23490977,1297,16,1297,14,0,7,98
11,720,82.800000,10000.000000,1,0,23490987,1297,16,1297,14,0,7,98
11,720,82.800000,10000.000000,1,0,23490998,1297,15,1297,13,0,7,98
11,720,82.800000,10000.000000,1,0,23491009,1298,15,1298,13,0,7,98
11,720,82.800000,10000.000000,1,0,23491020,1299,14,1299,12,0,7,98
11,720,82.800000,10000.000000,1,0,23491031,1300,14,1300,12,0,7,98
11,720,82.800000,10000.000000,1,0,23491042,1301,13,1301,11,0,7,98
11,720,82.800000,10000.000000,1,0,23491052,1301,13,1301,11,0,7,98
11,720,82.800000,10000.000000,1,0,23491062,1301,13,1301,11,0,7,98
11,720,82.800000,10000.000000,1,0,23491073,1301,13,1301,11,0,7,98
11,720,82.800000,10000.000000,1,0,23491084,1301,13,1301,11,0,7,98
11,720,82.800000,10000.000000,1,0,23491094,1301,13,1301,11,0,7,98
11,720,82.800000,10000.000000,1,0,23491105,1301,13,1301,11,0,7,98
11,720,82.800000,10000.000000,1,0,23491115,1301,13,1301,11,0,7,98
11,720,82.800000,10000.000000,1,0,23491125,1301,13,1301,11,0,7,98
