11,360,21.600000,10000.000000,1,0,23472766,780,0,780,0,1,7,84
11,360,21.600000,10000.000000,1,0,23472767,780,0,780,0,1,7,84
11,360,21.600000,10000.000000,1,0,23472778,783,0,783,-1,1,7,84
11,360,21.600000,10000.000000,1,0,23472789,786,0,786,-3,1,7,84
11,360,21.600000,10000.000000,1,0,23472803,791,0,791,-5,1,7,84
11,360,21.600000,10000.000000,1,0,23472814,800,0,800,-8,1,7,84
11,360,21.600000,10000.000000,1,0,23472830,811,0,811,-8,1,7,84
11,360,21.600000,10000.000000,1,0,23472842,839,1,839,-7,1,7,84
11,360,21.600000,10000.000000,1,0,23472853,873,5,873,-3,1,7,84
11,360,21.600000,10000.000000,1,0,23472865,911,8,911,0,1,7,84
11,360,21.600000,10000.000000,1,0,23472876,958,11,958,3,1,7,84
11,360,21.600000,10000.000000,1,0,23472886,1007,12,1007,4,1,7,84
11,360,21.600000,10000.000000,1,0,23472899,1046,12,1046,4,1,7,84
11,360,21.600000,10000.000000,1,0,23472912,1070,11,1070,3,1,7,84
11,360,21.600000,10000.000000,1,0,23472924,1083,9,1083,1,1,7,84
11,360,21.600000,10000.000000,1,0,23472935,1088,7,1088,-1,1,7,84
11,360,21.600000,10000.000000,1,0,23472946,1089,6,1089,-2,1,7,84
11,360,21.600000,10000.000000,1,0,23472957,1089,5,1089,-3,1,7,84
11,360,21.600000,10000.000000,1,0,23472968,1090,4,1090,-4,1,7,84
11,360,21.600000,10000.000000,1,0,23472979,1091,3,1091,-5,1,7,84
11,360,21.600000,10000.000000,1,0,23472989,1092,2,1092,-6,1,7,84
11,360,21.600000,10000.000000,1,0,23473000,1094,2,1094,-6,1,7,84
11,360,21.600000,10000.000000,1,0,23473010,1095,1,1095,-7,1,7,84
11,360,21.600000,10000.000000,1,0,23473021,1096,1,1096,-7,1,7,84
11,360,21.600000,10000.000000,1,0,23473031,1096,1,1096,-7,1,7,84
11,360,21.600000,10000.000000,1,0,23473042,1097,1,1097,-7,1,7,84
11,360,21.600000,10000.000000,1,0,23473053,1098,1,1098,-7,1,7,84
11,360,21.600000,10000.000000,1,0,23473063,1099,1,1099,-7,1,7,84
11,360,21.600000,10000.000000,1,0,23473075,1099,1,1099,-7,1,7,84
11,360,21.600000,10000.000000,1,0,23473085,1099,1,1099,-7,1,7,84
11,360,21.600000,10000.000000,1,0,23473096,1099,1,1099,-7,1,7,84
11,360,21.600000,10000.000000,1,0,23473107,1099,1,1099,-7,1,7,84
11,360,21.600000,10000.000000,1,0,23473117,1099,1,1099,-7,1,7,84
11,360,21.600000,10000.000000,1,0,23473128,1099,1,1099,-7,1,7,84
11,360,21.600000,10000.000000,1,0,23473138,1099,1,1099,-7,1,7,84
11,360,21.600000,10000.000000,1,0,23473149,1101,1,1101,-7,1,7,84
11,360,21.600000,10000.000000,1,0,23473160,1105,1,1105,-7,1,7,84
11,360,21.600000,10000.000000,1,0,23473171,1110,1,1110,-7,1,7,84
11,360,21.600000,10000.000000,1,0,23473182,1118,2,1118,-6,1,7,84
11,360,21.600000,10000.000000,1,0,23473193,1127,2,1127,-6,1,7,84
11,360,21.600000,10000.000000,1,0,23473205,1134,2,1134,-6,1,7,84
11,360,21.600000,10000.000000,1,0,23473217,1140,3,1140,-5,1,7,84
11,360,21.600000,10000.000000,1,0,23473227,1142,4,1142,-4,1,7,84
11,360,21.600000,10000.000000,1,0,23473239,1144,4,1144,-4,1,7,84
11,360,21.600000,10000.000000,1,0,23473250,1146,4,1146,-4,1,7,84
11,360,21.600000,10000.000000,1,0,23473260,1146,4,1146,-4,1,7,84
11,360,21.600000,10000.000000,1,0,23473270,1146,4,1146,-4,1,7,84
11,360,21.600000,10000.000000,1,0,23473280,1146,4,1146,-4,1,7,84
11,360,21.600000,10000.000000,1,0,23473291,1146,4,1146,-4,1,7,84
11,360,21.600000,10000.000000,1,0,23473301,1146,4,1146,-4,1,7,84
11,360,21.600000,10000.000000,1,0,23473311,1146,4,1146,-4,1,7,84
11,360,21.600000,10000.000000,1,0,23473321,1146,4,1146,-4,1,7,84
11,360,21.600000,10000.000000,1,0,23473332,1146,4,1146,-4,1,7,84
11,360,21.600000,10000.000000,1,0,23473342,1146,4,1146,-4,1,7,84
11,360,21.600000,10000.000000,1,0,23473353,1146,4,1146,-4,1,7,84
11,360,21.600000,10000.000000,1,0,23473363,1146,4,1146,-4,1,7,84
11,360,21.600000,10000.000000,1,0,23473374,1146,4,1146,-4,1,7,84
11,360,21.600000,10000.000000,1,0,23473384,1145,5,1145,-3,1,7,84
11,360,21.600000,10000.000000,1,0,23473395,1143,6,1143,-2,1,7,84
11,360,21.600000,10000.000000,1,0,23473405,1142,6,1142,-2,1,7,84
11,360,21.600000,10000.000000,1,0,23473415,1141,6,1141,-2,1,7,84
11,360,21.600000,10000.000000,1,0,23473425,1141,6,1141,-2,1,7,84
11,360,21.600000,10000.000000,1,0,23473435,1141,6,1141,-2,1,7,84
11,360,21.600000,10000.000000,1,0,23473446,1141,6,1141,-2,1,7,84
11,360,21.600000,10000.000000,1,0,23473456,1141,6,1141,-2,1,7,84
11,360,21.600000,10000.000000,1,0,23473466,1141,6,1141,-2,0,7,84
