11,720,21.600000,0.000000,1,0,23494224,600,0,600,0,0,7,101
11,720,21.600000,0.000000,1,0,23494225,600,0,600,0,0,7,101
11,720,21.600000,0.000000,1,0,23494241,601,0,601,0,0,7,101
11,720,21.600000,0.000000,1,0,23494255,604,0,604,-1,0,7,101
11,720,21.600000,0.000000,1,0,23494266,609,0,609,-2,0,7,101
11,720,21.600000,0.000000,1,0,23494277,614,0,614,-2,0,7,101
11,720,21.600000,0.000000,1,0,23494288,621,0,621,-2,0,7,101
11,720,21.600000,0.000000,1,0,23494299,635,2,635,0,0,7,101
11,720,21.600000,0.000000,1,0,23494310,656,6,656,4,0,7,101
11,720,21.600000,0.000000,1,0,23494320,687,13,687,11,0,7,101
11,720,21.600000,0.000000,1,0,23494332,738,22,738,20,0,7,101
11,720,21.600000,0.000000,1,0,23494342,801,31,801,29,0,7,101
11,720,21.600000,0.000000,1,0,23494353,862,36,862,34,0,7,101
11,720,21.600000,0.000000,1,0,23494363,928,39,928,37,0,7,101
11,720,21.600000,0.000000,1,0,23494376,1005,39,1005,37,0,7,101
11,720,21.600000,0.000000,1,0,23494385,1078,38,1078,36,0,7,101
11,720,21.600000,0.000000,1,0,23494397,1136,34,1136,32,0,7,101
11,720,21.600000,0.000000,1,0,23494412,1171,30,1171,28,0,7,101
11,720,21.600000,0.000000,1,0,23494422,1195,25,1195,23,0,7,101
11,720,21.600000,0.000000,1,0,23494433,1203,23,1203,21,0,7,101
11,720,21.600000,0.000000,1,0,23494444,1211,19,1211,17,0,7,101
11,720,21.600000,0.000000,1,0,23494455,1217,16,1217,14,0,7,101
11,720,21.600000,0.000000,1,0,23494466,1223,13,1223,11,0,7,101
11,720,21.600000,0.000000,1,0,23494479,1231,11,1231,9,0,7,101
11,720,21.600000,0.000000,1,0,23494491,1241,9,1241,7,0,7,101
11,720,21.600000,0.000000,1,0,23494501,1251,8,1251,6,0,7,101
11,720,21.600000,0.000000,1,0,23494512,1258,8,1258,6,0,7,101
11,720,21.600000,0.000000,1,0,23494523,1261,8,1261,6,0,7,101
11,720,21.600000,0.000000,1,0,23494540,1262,8,1262,6,0,7,101
11,720,21.600000,0.000000,1,0,23494556,1262,8,1262,6,0,7,101
11,720,21.600000,0.000000,1,0,23494571,1262,8,1262,6,0,7,101
11,720,21.600000,0.000000,1,0,23494585,1263,8,1263,6,0,7,101
11,720,21.600000,0.000000,1,0,23494601,1266,7,1266,5,0,7,101
11,720,21.600000,0.000000,1,0,23494612,1269,7,1269,5,0,7,101
11,720,21.600000,0.000000,1,0,23494622,1270,7,1270,5,0,7,101
11,720,21.600000,0.000000,1,0,23494633,1272,6,1272,4,0,7,101
11,720,21.600000,0.000000,1,0,23494644,1274,5,1274,3,0,7,101
11,720,21.600000,0.000000,1,0,23494656,1274,5,1274,3,0,7,101
11,720,21.600000,0.000000,1,0,23494668,1276,4,1276,2,0,7,101
11,720,21.600000,0.000000,1,0,23494678,1278,3,1278,1,0,7,101
11,720,21.600000,0.000000,1,0,23494695,1282,2,1282,0,0,7,101
11,720,21.600000,0.000000,1,0,23494710,1293,2,1293,0,0,7,101
11,720,21.600000,0.000000,1,0,23494720,1305,2,1305,0,0,7,101
11,720,21.600000,0.000000,1,0,23494731,1312,2,1312,0,0,7,101
11,720,21.600000,0.000000,1,0,23494742,1318,2,1318,0,0,7,101
11,720,21.600000,0.000000,1,0,23494753,1322,2,1322,0,0,7,101
11,720,21.600000,0.000000,1,0,23494763,1325,2,1325,0,0,7,101
11,720,21.600000,0.000000,1,0,23494773,1325,2,1325,0,0,7,101
11,720,21.600000,0.000000,1,0,23494788,1325,2,1325,0,0,7,101
11,720,21.600000,0.000000,1,0,23494798,1325,2,1325,0,0,7,101
11,720,21.600000,0.000000,1,0,23494809,1325,2,1325,0,0,7,101
11,720,21.600000,0.000000,1,0,23494820,1325,2,1325,0,0,7,101
11,720,21.600000,0.000000,1,0,23494829,1325,3,1325,1,0,7,101
11,720,21.600000,0.000000,1,0,23494843,1325,3,1325,1,0,7,101
11,720,21.600000,0.000000,1,0,23494853,1325,3,1325,1,0,7,101
11,720,21.600000,0.000000,1,0,23494864,1325,3,1325,1,0,7,101
11,720,21.600000,0.000000,1,0,23494876,1325,3,1325,1,0,7,101
11,720,21.600000,0.000000,1,0,23494891,1325,3,1325,1,0,7,101
11,720,21.600000,0.000000,1,0,23494901,1325,3,1325,1,0,7,101
11,720,21.600000,0.000000,1,0,23494912,1325,3,1325,1,0,7,101
11,720,21.600000,0.000000,1,0,23494923,1325,3,1325,1,0,7,101
11,720,21.600000,0.000000,1,0,23494933,1325,3,1325,1,0,7,101
11,720,21.600000,0.000000,1,0,23494943,1325,3,1325,1,0,7,101
11,720,21.600000,0.000000,1,0,23494953,1325,3,1325,1,0,7,101
11,720,21.600000,0.000000,1,0,23494963,1325,3,1325,1,0,7,101
11,720,21.600000,0.000000,1,0,23494978,1325,3,1325,1,0,7,101
