11,720,50.400000,42.984000,1,1,23447238,600,22,600,22,0,7,65
11,720,50.400000,42.984000,1,1,23447239,600,22,600,22,0,7,65
11,720,50.400000,42.984000,1,1,23447249,600,22,600,22,0,7,65
11,720,50.400000,42.984000,1,1,23447260,601,22,601,22,0,7,65
11,720,50.400000,42.984000,1,1,23447272,605,20,605,20,0,7,65
11,720,50.400000,42.984000,1,1,23447284,612,18,612,18,0,7,65
11,720,50.400000,42.984000,1,1,23447295,622,16,622,16,0,7,65
11,720,50.400000,42.984000,1,1,23447306,636,15,636,15,0,7,65
11,720,50.400000,42.984000,1,1,23447318,659,15,659,15,0,7,65
11,720,50.400000,42.984000,1,1,23447329,694,18,694,18,0,7,65
11,720,50.400000,42.984000,1,1,23447339,743,22,743,22,0,7,65
11,720,50.400000,42.984000,1,1,23447350,802,26,802,26,0,7,65
11,720,50.400000,42.984000,1,1,23447360,863,27,863,27,0,7,65
11,720,50.400000,42.984000,1,1,23447370,944,27,944,27,0,7,65
11,720,50.400000,42.984000,1,1,23447381,1005,26,1005,26,0,7,65
11,720,50.400000,42.984000,1,1,23447392,1065,21,1065,21,0,7,65
11,720,50.400000,42.984000,1,1,23447402,1115,16,1115,16,0,7,65
11,720,50.400000,42.984000,1,1,23447413,1159,10,1159,10,0,7,65
11,720,50.400000,42.984000,1,1,23447423,1184,5,1184,5,0,7,65
11,720,50.400000,42.984000,1,1,23447434,1202,0,1202,0,0,7,65
11,720,50.400000,42.984000,1,1,23447444,1215,0,1215,-4,0,7,65
11,720,50.400000,42.984000,1,1,23447457,1225,0,1225,-8,0,7,65
11,720,50.400000,42.984000,1,1,23447468,1234,0,1234,-10,0,7,65
11,720,50.400000,42.984000,1,1,23447479,1244,0,1244,-11,0,7,65
11,720,50.400000,42.984000,1,1,23447493,1252,0,1252,-12,0,7,65
11,720,50.400000,42.984000,1,1,23447504,1260,0,1260,-13,0,7,65
11,720,50.400000,42.984000,1,1,23447515,1264,0,1264,-13,0,7,65
11,720,50.400000,42.984000,1,1,23447525,1267,0,1267,-13,0,7,65
11,720,50.400000,42.984000,1,1,23447536,1268,0,1268,-14,0,7,65
11,720,50.400000,42.984000,1,1,23447547,1270,0,1270,-14,0,7,65
11,720,50.400000,42.984000,1,1,23447558,1273,0,1273,-14,0,7,65
11,720,50.400000,42.984000,1,1,23447569,1277,0,1277,-16,0,7,65
11,720,50.400000,42.984000,1,1,23447581,1281,0,1281,-17,0,7,65
11,720,50.400000,42.984000,1,1,23447592,1284,0,1284,-17,0,7,65
11,720,50.400000,42.984000,1,1,23447603,1284,0,1284,-18,0,7,65
11,720,50.400000,42.984000,1,1,23447613,1284,0,1284,-19,0,7,65
11,720,50.400000,42.984000,1,1,23447624,1284,0,1284,-19,0,7,65
11,720,50.400000,42.984000,1,1,23447634,1284,0,1284,-19,0,7,65
11,720,50.400000,42.984000,1,1,23447645,1284,0,1284,-19,0,7,65
11,720,50.400000,42.984000,1,1,23447655,1284,0,1284,-19,0,7,65
11,720,50.400000,42.984000,1,1,23447666,1284,0,1284,-19,0,7,65
11,720,50.400000,42.984000,1,1,23447679,1286,0,1286,-19,0,7,65
11,720,50.400000,42.984000,1,1,23447690,1288,0,1288,-20,0,7,65
11,720,50.400000,42.984000,1,1,23447706,1289,0,1289,-20,0,7,65
11,720,50.400000,42.984000,1,1,23447716,1289,0,1289,-21,0,7,65
11,720,50.400000,42.984000,1,1,23447727,1289,0,1289,-21,0,7,65
11,720,50.400000,42.984000,1,1,23447738,1289,0,1289,-21,0,7,65
11,720,50.400000,42.984000,1,1,23447748,1289,0,1289,-21,0,7,65
11,720,50.400000,42.984000,1,1,23447758,1289,0,1289,-21,0,7,65
11,720,50.400000,42.984000,1,1,23447769,1289,0,1289,-21,0,7,65
11,720,50.400000,42.984000,1,1,23447779,1290,0,1290,-21,0,7,65
11,720,50.400000,42.984000,1,1,23447790,1290,0,1290,-21,0,7,65
11,720,50.400000,42.984000,1,1,23447800,1290,0,1290,-21,0,7,65
11,720,50.400000,42.984000,1,1,23447811,1290,0,1290,-21,0,7,65
11,720,50.400000,42.984000,1,1,23447822,1291,0,1291,-21,0,7,65
11,720,50.400000,42.984000,1,1,23447833,1292,0,1292,-21,0,7,65
11,720,50.400000,42.984000,1,1,23447843,1295,0,1295,-22,0,7,65
11,720,50.400000,42.984000,1,1,23447854,1299,0,1299,-22,0,7,65
11,720,50.400000,42.984000,1,1,23447865,1304,0,1304,-23,0,7,65
11,720,50.400000,42.984000,1,1,23447876,1311,0,1311,-24,0,7,65
11,720,50.400000,42.984000,1,1,23447887,1318,0,1318,-25,0,7,65
11,720,50.400000,42.984000,1,1,23447898,1322,0,1322,-26,0,7,65
11,720,50.400000,42.984000,1,1,23447908,1324,0,1324,-26,0,7,65
11,720,50.400000,42.984000,1,1,23447918,1327,0,1327,-26,0,7,65
11,720,50.400000,42.984000,1,1,23447928,1327,0,1327,-26,0,7,65
11,720,50.400000,42.984000,1,1,23447939,1327,0,1327,-26,0,7,65
11,720,50.400000,42.984000,1,1,23447949,1327,0,1327,-26,0,7,65
