11,720,82.800000,10000.000000,1,1,23531547,600,22,600,22,0,8,11
11,720,82.800000,10000.000000,1,1,23531548,600,22,600,22,0,8,11
11,720,82.800000,10000.000000,1,1,23531560,601,22,601,22,0,8,11
11,720,82.800000,10000.000000,1,1,23531570,603,22,603,22,0,8,11
11,720,82.800000,10000.000000,1,1,23531581,605,22,605,22,0,8,11
11,720,82.800000,10000.000000,1,1,23531592,608,21,608,21,0,8,11
11,720,82.800000,10000.000000,1,1,23531603,613,21,613,21,0,8,11
11,720,82.800000,10000.000000,1,1,23531615,622,21,622,21,0,8,11
11,720,82.800000,10000.000000,1,1,23531626,636,22,636,22,0,8,11
11,720,82.800000,10000.000000,1,1,23531637,658,27,658,27,0,8,11
11,720,82.800000,10000.000000,1,1,23531648,689,31,689,31,0,8,11
11,720,82.800000,10000.000000,1,1,23531659,739,37,739,37,0,8,11
11,720,82.800000,10000.000000,1,1,23531670,802,40,802,40,0,8,11
11,720,82.800000,10000.000000,1,1,23531680,862,40,862,40,0,8,11
11,720,82.800000,10000.000000,1,1,23531691,943,39,943,39,0,8,11
11,720,82.800000,10000.000000,1,1,23531702,1010,34,1010,34,0,8,11
11,720,82.800000,10000.000000,1,1,23531714,1066,29,1066,29,0,8,11
11,720,82.800000,10000.000000,1,1,23531725,1114,23,1114,23,0,8,11
11,720,82.800000,10000.000000,1,1,23531736,1159,16,1159,16,0,8,11
11,720,82.800000,10000.000000,1,1,23531746,1197,9,1197,9,0,8,11
11,720,82.800000,10000.000000,1,1,23531762,1226,3,1226,3,0,8,11
11,720,82.800000,10000.000000,1,1,23531772,1264,0,1264,-5,0,8,11
11,720,82.800000,10000.000000,1,1,23531784,1282,0,1282,-8,0,8,11
11,720,82.800000,10000.000000,1,1,23531795,1300,0,1300,-10,0,8,11
11,720,82.800000,10000.000000,1,1,23531806,1312,0,1312,-12,0,8,11
11,720,82.800000,10000.000000,1,1,23531816,1319,0,1319,-14,0,8,11
11,720,82.800000,10000.000000,1,1,23531827,1325,0,1325,-14,0,8,11
11,720,82.800000,10000.000000,1,1,23531839,1328,0,1328,-15,0,8,11
11,720,82.800000,10000.000000,1,1,23531850,1331,0,1331,-16,0,8,11
11,720,82.800000,10000.000000,1,1,23531861,1333,0,1333,-17,0,8,11
11,720,82.800000,10000.000000,1,1,23531871,1334,0,1334,-17,0,8,11
11,720,82.800000,10000.000000,1,1,23531882,1334,0,1334,-17,0,8,11
11,720,82.800000,10000.000000,1,1,23531893,1334,0,1334,-17,0,8,11
11,720,82.800000,10000.000000,1,1,23531904,1334,0,1334,-17,0,8,11
11,720,82.800000,10000.000000,1,1,23531915,1334,0,1334,-17,0,8,11
11,720,82.800000,10000.000000,1,1,23531927,1334,0,1334,-17,0,8,11
11,720,82.800000,10000.000000,1,1,23531937,1334,0,1334,-17,0,8,11
11,720,82.800000,10000.000000,1,1,23531954,1334,0,1334,-17,0,8,11
11,720,82.800000,10000.000000,1,1,23531968,1334,0,1334,-17,0,8,11
11,720,82.800000,10000.000000,1,1,23531984,1334,0,1334,-17,0,8,11
11,720,82.800000,10000.000000,1,1,23531999,1334,0,1334,-17,0,8,11
11,720,82.800000,10000.000000,1,1,23532016,1334,0,1334,-17,0,8,11
11,720,82.800000,10000.000000,1,1,23532027,1334,0,1334,-18,0,8,11
11,720,82.800000,10000.000000,1,1,23532037,1334,0,1334,-18,0,8,11
11,720,82.800000,10000.000000,1,1,23532048,1334,0,1334,-18,0,8,11
11,720,82.800000,10000.000000,1,1,23532058,1334,0,1334,-18,0,8,11
11,720,82.800000,10000.000000,1,1,23532068,1334,0,1334,-18,0,8,11
11,720,82.800000,10000.000000,1,1,23532079,1334,0,1334,-18,0,8,11
11,720,82.800000,10000.000000,1,1,23532091,1331,0,1331,-18,0,8,11
11,720,82.800000,10000.000000,1,1,23532103,1315,3,1315,-15,0,8,11
11,720,82.800000,10000.000000,1,1,23532114,1280,7,1280,-11,0,8,11
11,720,82.800000,10000.000000,1,1,23532126,1245,9,1245,-9,0,8,11
11,720,82.800000,10000.000000,1,1,23532137,1216,10,1216,-8,0,8,11
11,720,82.800000,10000.000000,1,1,23532150,1203,10,1203,-8,0,8,11
11,720,82.800000,10000.000000,1,1,23532160,1201,10,1201,-8,0,8,11
11,720,82.800000,10000.000000,1,1,23532176,1201,9,1201,-9,1,8,11
