11,720,21.600000,10000.000000,1,1,23549224,600,22,600,22,0,8,24
11,720,21.600000,10000.000000,1,1,23549225,600,22,600,22,0,8,24
11,720,21.600000,10000.000000,1,1,23549236,600,22,600,22,0,8,24
11,720,21.600000,10000.000000,1,1,23549247,600,22,600,22,0,8,24
11,720,21.600000,10000.000000,1,1,23549258,600,22,600,22,0,8,24
11,720,21.600000,10000.000000,1,1,23549270,601,22,601,22,0,8,24
11,720,21.600000,10000.000000,1,1,23549282,607,21,607,21,0,8,24
11,720,21.600000,10000.000000,1,1,23549294,617,20,617,20,0,8,24
11,720,21.600000,10000.000000,1,1,23549306,635,20,635,20,0,8,24
11,720,21.600000,10000.000000,1,1,23549319,665,21,665,21,0,8,24
11,720,21.600000,10000.000000,1,1,23549330,724,24,724,24,0,8,24
11,720,21.600000,10000.000000,1,1,23549343,794,28,794,28,0,8,24
11,720,21.600000,10000.000000,1,1,23549356,887,30,887,30,0,8,24
11,720,21.600000,10000.000000,1,1,23549369,1002,31,1002,31,0,8,24
11,720,21.600000,10000.000000,1,1,23549381,1105,31,1105,31,0,8,24
11,720,21.600000,10000.000000,1,1,23549393,1183,31,1183,31,0,8,24
11,720,21.600000,10000.000000,1,1,23549404,1230,29,1230,29,0,8,24
11,720,21.600000,10000.000000,1,1,23549415,1256,26,1256,26,0,8,24
11,720,21.600000,10000.000000,1,1,23549426,1265,24,1265,24,0,8,24
11,720,21.600000,10000.000000,1,1,23549438,1267,22,1267,22,0,8,24
11,720,21.600000,10000.000000,1,1,23549448,1268,21,1268,21,0,8,24
11,720,21.600000,10000.000000,1,1,23549460,1271,20,1271,20,0,8,24
11,720,21.600000,10000.000000,1,1,23549472,1276,18,1276,18,0,8,24
11,720,21.600000,10000.000000,1,1,23549485,1285,16,1285,16,0,8,24
11,720,21.600000,10000.000000,1,1,23549496,1298,15,1298,15,0,8,24
11,720,21.600000,10000.000000,1,1,23549507,1306,14,1306,14,0,8,24
11,720,21.600000,10000.000000,1,1,23549518,1310,14,1310,14,0,8,24
11,720,21.600000,10000.000000,1,1,23549529,1310,14,1310,14,0,8,24
11,720,21.600000,10000.000000,1,1,23549540,1310,14,1310,14,0,8,24
11,720,21.600000,10000.000000,1,1,23549551,1310,14,1310,14,0,8,24
11,720,21.600000,10000.000000,1,1,23549561,1310,14,1310,14,0,8,24
11,720,21.600000,10000.000000,1,1,23549572,1311,13,1311,13,0,8,24
11,720,21.600000,10000.000000,1,1,23549583,1314,13,1314,13,0,8,24
11,720,21.600000,10000.000000,1,1,23549594,1315,12,1315,12,0,8,24
11,720,21.600000,10000.000000,1,1,23549605,1315,12,1315,12,0,8,24
11,720,21.600000,10000.000000,1,1,23549616,1315,12,1315,12,0,8,24
11,720,21.600000,10000.000000,1,1,23549626,1315,12,1315,12,0,8,24
11,720,21.600000,10000.000000,1,1,23549637,1315,12,1315,12,0,8,24
11,720,21.600000,10000.000000,1,1,23549648,1315,12,1315,12,0,8,24
11,720,21.600000,10000.000000,1,1,23549664,1316,12,1316,12,0,8,24
11,720,21.600000,10000.000000,1,1,23549679,1318,11,1318,11,0,8,24
11,720,21.600000,10000.000000,1,1,23549689,1319,11,1319,11,0,8,24
11,720,21.600000,10000.000000,1,1,23549700,1319,10,1319,10,0,8,24
11,720,21.600000,10000.000000,1,1,23549710,1319,10,1319,10,0,8,24
11,720,21.600000,10000.000000,1,1,23549720,1319,10,1319,10,0,8,24
11,720,21.600000,10000.000000,1,1,23549731,1319,10,1319,10,0,8,24
11,720,21.600000,10000.000000,1,1,23549742,1319,10,1319,10,0,8,24
11,720,21.600000,10000.000000,1,1,23549752,1319,10,1319,10,0,8,24
11,720,21.600000,10000.000000,1,1,23549763,1319,10,1319,10,0,8,24
11,720,21.600000,10000.000000,1,1,23549773,1319,10,1319,10,0,8,24
11,720,21.600000,10000.000000,1,1,23549783,1319,10,1319,10,0,8,24
