11,720,50.400000,42.984000,0,0,23626822,600,0,600,0,0,8,85
11,720,50.400000,42.984000,0,0,23626823,600,0,600,0,0,8,85
11,720,50.400000,42.984000,0,0,23626834,600,0,600,0,0,8,85
11,720,50.400000,42.984000,0,0,23626845,602,0,602,0,0,8,85
11,720,50.400000,42.984000,0,0,23626858,602,0,602,-1,0,8,85
11,720,50.400000,42.984000,0,0,23626869,604,0,604,-1,0,8,85
11,720,50.400000,42.984000,0,0,23626881,606,0,606,-1,0,8,85
11,720,50.400000,42.984000,0,0,23626892,613,0,613,-1,0,8,85
11,720,50.400000,42.984000,0,0,23626904,624,1,624,0,0,8,85
11,720,50.400000,42.984000,0,0,23626915,646,6,646,5,0,8,85
11,720,50.400000,42.984000,0,0,23626926,693,16,693,15,0,8,85
11,720,50.400000,42.984000,0,0,23626938,754,26,754,25,0,8,85
11,720,50.400000,42.984000,0,0,23626949,849,38,849,37,0,8,85
11,720,50.400000,42.984000,0,0,23626960,971,48,971,47,0,8,85
11,720,50.400000,42.984000,0,0,23626971,1075,52,1075,51,0,8,85
11,720,50.400000,42.984000,0,0,23626982,1197,54,1197,53,0,8,85
11,720,50.400000,42.984000,0,0,23626994,1300,52,1300,51,0,8,85
11,720,50.400000,42.984000,0,0,23627004,1380,46,1380,45,0,8,85
11,720,50.400000,42.984000,0,0,23627015,1434,39,1434,38,0,8,85
11,720,50.400000,42.984000,0,0,23627026,1459,33,1459,32,0,8,85
11,720,50.400000,42.984000,0,0,23627038,1469,28,1469,27,0,8,85
11,720,50.400000,42.984000,0,0,23627052,1472,24,1472,23,0,8,85
11,720,50.400000,42.984000,0,0,23627068,1472,20,1472,19,0,8,85
11,720,50.400000,42.984000,0,0,23627078,1472,17,1472,16,0,8,85
11,720,50.400000,42.984000,0,0,23627089,1472,16,1472,15,0,8,85
11,720,50.400000,42.984000,0,0,23627099,1472,16,1472,15,0,8,85
11,720,50.400000,42.984000,0,0,23627111,1472,16,1472,15,0,8,85
11,720,50.400000,42.984000,0,0,23627121,1472,16,1472,15,0,8,85
11,720,50.400000,42.984000,0,0,23627132,1472,16,1472,15,0,8,85
11,720,50.400000,42.984000,0,0,23627146,1472,16,1472,15,0,8,85
11,720,50.400000,42.984000,0,0,23627157,1472,16,1472,15,0,8,85
11,720,50.400000,42.984000,0,0,23627168,1472,16,1472,15,0,8,85
11,720,50.400000,42.984000,0,0,23627179,1470,15,1470,14,0,8,85
11,720,50.400000,42.984000,0,0,23627191,1465,14,1465,13,0,8,85
11,720,50.400000,42.984000,0,0,23627203,1456,13,1456,12,0,8,85
11,720,50.400000,42.984000,0,0,23627214,1441,11,1441,10,0,8,85
11,720,50.400000,42.984000,0,0,23627224,1426,9,1426,8,0,8,85
11,720,50.400000,42.984000,0,0,23627237,1405,7,1405,6,0,8,85
11,720,50.400000,42.984000,0,0,23627247,1386,5,1386,4,0,8,85
11,720,50.400000,42.984000,0,0,23627259,1374,4,1374,3,0,8,85
11,720,50.400000,42.984000,0,0,23627271,1366,3,1366,2,0,8,85
11,720,50.400000,42.984000,0,0,23627282,1362,3,1362,2,0,8,85
11,720,50.400000,42.984000,0,0,23627299,1360,3,1360,2,0,8,85
11,720,50.400000,42.984000,0,0,23627309,1356,3,1356,2,0,8,85
11,720,50.400000,42.984000,0,0,23627321,1351,3,1351,2,0,8,85
11,720,50.400000,42.984000,0,0,23627332,1342,3,1342,2,0,8,85
11,720,50.400000,42.984000,0,0,23627343,1335,3,1335,2,0,8,85
11,720,50.400000,42.984000,0,0,23627353,1330,3,1330,2,0,8,85
11,720,50.400000,42.984000,0,0,23627364,1329,2,1329,1,0,8,85
11,720,50.400000,42.984000,0,0,23627374,1328,1,1328,0,0,8,85
11,720,50.400000,42.984000,0,0,23627386,1328,1,1328,0,0,8,85
11,720,50.400000,42.984000,0,0,23627396,1328,1,1328,0,0,8,85
11,720,50.400000,42.984000,0,0,23627407,1328,1,1328,0,0,8,85
11,720,50.400000,42.984000,0,0,23627418,1328,1,1328,0,0,8,85
11,720,50.400000,42.984000,0,0,23627429,1328,0,1328,-1,0,8,85
11,720,50.400000,42.984000,0,0,23627440,1328,0,1328,-2,0,8,85
11,720,50.400000,42.984000,0,0,23627451,1328,0,1328,-2,0,8,85
11,720,50.400000,42.984000,0,0,23627461,1328,0,1328,-3,0,8,85
11,720,50.400000,42.984000,0,0,23627471,1328,0,1328,-3,0,8,85
