11,720,50.400000,22.608000,1,1,23590486,600,22,600,22,0,8,53
11,720,50.400000,22.608000,1,1,23590486,600,22,600,22,0,8,53
11,720,50.400000,22.608000,1,1,23590497,600,22,600,22,0,8,53
11,720,50.400000,22.608000,1,1,23590508,601,21,601,21,0,8,53
11,720,50.400000,22.608000,1,1,23590519,602,20,602,20,0,8,53
11,720,50.400000,22.608000,1,1,23590530,604,19,604,19,0,8,53
11,720,50.400000,22.608000,1,1,23590541,608,18,608,18,0,8,53
11,720,50.400000,22.608000,1,1,23590552,617,17,617,17,0,8,53
11,720,50.400000,22.608000,1,1,23590563,632,17,632,17,0,8,53
11,720,50.400000,22.608000,1,1,23590575,663,17,663,17,0,8,53
11,720,50.400000,22.608000,1,1,23590587,703,21,703,21,0,8,53
11,720,50.400000,22.608000,1,1,23590598,770,28,770,28,0,8,53
11,720,50.400000,22.608000,1,1,23590609,847,34,847,34,0,8,53
11,720,50.400000,22.608000,1,1,23590620,937,38,937,38,0,8,53
11,720,50.400000,22.608000,1,1,23590632,1015,39,1015,39,0,8,53
11,720,50.400000,22.608000,1,1,23590643,1082,39,1082,39,0,8,53
11,720,50.400000,22.608000,1,1,23590654,1130,39,1130,39,0,8,53
11,720,50.400000,22.608000,1,1,23590665,1164,39,1164,39,0,8,53
11,720,50.400000,22.608000,1,1,23590677,1181,38,1181,38,0,8,53
11,720,50.400000,22.608000,1,1,23590688,1192,37,1192,37,0,8,53
11,720,50.400000,22.608000,1,1,23590699,1199,35,1199,35,0,8,53
11,720,50.400000,22.608000,1,1,23590710,1204,34,1204,34,0,8,53
11,720,50.400000,22.608000,1,1,23590721,1208,33,1208,33,0,8,53
11,720,50.400000,22.608000,1,1,23590732,1212,33,1212,33,0,8,53
11,720,50.400000,22.608000,1,1,23590744,1217,33,1217,33,0,8,53
11,720,50.400000,22.608000,1,1,23590760,1225,33,1225,33,0,8,53
11,720,50.400000,22.608000,1,1,23590774,1237,33,1237,33,0,8,53
11,720,50.400000,22.608000,1,1,23590789,1250,35,1250,35,0,8,53
11,720,50.400000,22.608000,1,1,23590805,1264,36,1264,36,0,8,53
11,720,50.400000,22.608000,1,1,23590815,1274,37,1274,37,0,8,53
11,720,50.400000,22.608000,1,1,23590826,1276,38,1276,38,0,8,53
11,720,50.400000,22.608000,1,1,23590836,1276,38,1276,38,0,8,53
11,720,50.400000,22.608000,1,1,23590847,1276,38,1276,38,0,8,53
11,720,50.400000,22.608000,1,1,23590858,1276,38,1276,38,0,8,53
11,720,50.400000,22.608000,1,1,23590869,1276,38,1276,38,0,8,53
11,720,50.400000,22.608000,1,1,23590880,1276,38,1276,38,0,8,53
11,720,50.400000,22.608000,1,1,23590890,1276,38,1276,38,0,8,53
11,720,50.400000,22.608000,1,1,23590901,1276,38,1276,38,0,8,53
11,720,50.400000,22.608000,1,1,23590911,1276,38,1276,38,0,8,53
11,720,50.400000,22.608000,1,1,23590922,1276,38,1276,38,0,8,53
11,720,50.400000,22.608000,1,1,23590933,1276,38,1276,38,0,8,53
11,720,50.400000,22.608000,1,1,23590945,1279,37,1279,37,0,8,53
11,720,50.400000,22.608000,1,1,23590956,1282,35,1282,35,0,8,53
11,720,50.400000,22.608000,1,1,23590967,1286,32,1286,32,0,8,53
11,720,50.400000,22.608000,1,1,23590979,1291,29,1291,29,0,8,53
11,720,50.400000,22.608000,1,1,23590989,1296,26,1296,26,0,8,53
11,720,50.400000,22.608000,1,1,23591000,1300,24,1300,24,0,8,53
11,720,50.400000,22.608000,1,1,23591011,1303,22,1303,22,0,8,53
11,720,50.400000,22.608000,1,1,23591021,1305,20,1305,20,0,8,53
11,720,50.400000,22.608000,1,1,23591032,1306,19,1306,19,0,8,53
11,720,50.400000,22.608000,1,1,23591043,1306,18,1306,18,0,8,53
11,720,50.400000,22.608000,1,1,23591053,1307,17,1307,17,0,8,53
11,720,50.400000,22.608000,1,1,23591064,1308,16,1308,16,0,8,53
11,720,50.400000,22.608000,1,1,23591074,1309,15,1309,15,0,8,53
11,720,50.400000,22.608000,1,1,23591085,1310,14,1310,14,0,8,53
11,720,50.400000,22.608000,1,1,23591095,1311,12,1311,12,0,8,53
11,720,50.400000,22.608000,1,1,23591105,1312,10,1312,10,0,8,53
11,720,50.400000,22.608000,1,1,23591115,1312,10,1312,10,0,8,53
11,720,50.400000,22.608000,1,1,23591125,1312,10,1312,10,0,8,53
