11,360,82.800000,0.000000,1,0,23740165,780,0,780,0,1,9,53
11,360,82.800000,0.000000,1,0,23740166,780,0,780,0,1,9,53
11,360,82.800000,0.000000,1,0,23740177,780,0,780,0,1,9,53
11,360,82.800000,0.000000,1,0,23740187,780,0,780,0,1,9,53
11,360,82.800000,0.000000,1,0,23740198,780,0,780,0,1,9,53
11,360,82.800000,0.000000,1,0,23740209,780,0,780,0,1,9,53
11,360,82.800000,0.000000,1,0,23740220,780,0,780,0,1,9,53
11,360,82.800000,0.000000,1,0,23740230,780,0,780,0,1,9,53
11,360,82.800000,0.000000,1,0,23740241,780,0,780,0,1,9,53
11,360,82.800000,0.000000,1,0,23740254,783,0,783,-1,1,9,53
11,360,82.800000,0.000000,1,0,23740266,790,0,790,-1,1,9,53
11,360,82.800000,0.000000,1,0,23740277,808,0,808,-1,1,9,53
11,360,82.800000,0.000000,1,0,23740287,839,2,839,1,1,9,53
11,360,82.800000,0.000000,1,0,23740298,898,4,898,3,1,9,53
11,360,82.800000,0.000000,1,0,23740310,978,7,978,6,1,9,53
11,360,82.800000,0.000000,1,0,23740321,1057,10,1057,9,1,9,53
11,360,82.800000,0.000000,1,0,23740332,1114,13,1114,12,1,9,53
11,360,82.800000,0.000000,1,0,23740342,1153,15,1153,14,1,9,53
11,360,82.800000,0.000000,1,0,23740354,1174,15,1174,14,1,9,53
11,360,82.800000,0.000000,1,0,23740365,1181,15,1181,14,1,9,53
11,360,82.800000,0.000000,1,0,23740376,1183,14,1183,13,1,9,53
11,360,82.800000,0.000000,1,0,23740387,1184,14,1184,13,1,9,53
11,360,82.800000,0.000000,1,0,23740399,1185,13,1185,12,1,9,53
11,360,82.800000,0.000000,1,0,23740410,1188,11,1188,10,1,9,53
11,360,82.800000,0.000000,1,0,23740420,1190,10,1190,9,1,9,53
11,360,82.800000,0.000000,1,0,23740432,1192,10,1192,9,1,9,53
11,360,82.800000,0.000000,1,0,23740443,1194,10,1194,9,1,9,53
11,360,82.800000,0.000000,1,0,23740453,1196,8,1196,7,1,9,53
11,360,82.800000,0.000000,1,0,23740464,1198,8,1198,7,1,9,53
11,360,82.800000,0.000000,1,0,23740475,1199,8,1199,7,1,9,53
11,360,82.800000,0.000000,1,0,23740486,1201,7,1201,6,1,9,53
11,360,82.800000,0.000000,1,0,23740496,1203,6,1203,5,1,9,53
11,360,82.800000,0.000000,1,0,23740507,1205,5,1205,4,1,9,53
11,360,82.800000,0.000000,1,0,23740517,1205,4,1205,3,1,9,53
11,360,82.800000,0.000000,1,0,23740527,1205,4,1205,3,1,9,53
11,360,82.800000,0.000000,1,0,23740539,1205,4,1205,3,1,9,53
11,360,82.800000,0.000000,1,0,23740549,1205,4,1205,3,1,9,53
11,360,82.800000,0.000000,1,0,23740560,1205,4,1205,3,1,9,53
11,360,82.800000,0.000000,1,0,23740570,1205,4,1205,3,1,9,53
11,360,82.800000,0.000000,1,0,23740582,1202,4,1202,3,1,9,53
11,360,82.800000,0.000000,1,0,23740593,1193,4,1193,3,1,9,53
11,360,82.800000,0.000000,1,0,23740604,1178,3,1178,2,1,9,53
11,360,82.800000,0.000000,1,0,23740615,1164,1,1164,0,1,9,53
11,360,82.800000,0.000000,1,0,23740626,1155,0,1155,-2,1,9,53
11,360,82.800000,0.000000,1,0,23740637,1149,0,1149,-3,1,9,53
11,360,82.800000,0.000000,1,0,23740653,1148,0,1148,-3,1,9,53
11,360,82.800000,0.000000,1,0,23740668,1148,0,1148,-4,1,9,53
11,360,82.800000,0.000000,1,0,23740683,1148,0,1148,-4,1,9,53
11,360,82.800000,0.000000,1,0,23740699,1148,0,1148,-4,1,9,53
11,360,82.800000,0.000000,1,0,23740714,1148,0,1148,-4,0,9,53
