11,720,82.800000,42.984000,1,0,23789136,600,0,600,0,0,9,96
11,720,82.800000,42.984000,1,0,23789137,600,0,600,0,0,9,96
11,720,82.800000,42.984000,1,0,23789148,600,0,600,0,0,9,96
11,720,82.800000,42.984000,1,0,23789159,602,0,602,0,0,9,96
11,720,82.800000,42.984000,1,0,23789170,603,0,603,-1,0,9,96
11,720,82.800000,42.984000,1,0,23789181,605,0,605,-2,0,9,96
11,720,82.800000,42.984000,1,0,23789193,609,0,609,-2,0,9,96
11,720,82.800000,42.984000,1,0,23789204,617,0,617,-3,0,9,96
11,720,82.800000,42.984000,1,0,23789215,633,0,633,-3,0,9,96
11,720,82.800000,42.984000,1,0,23789228,657,2,657,-1,0,9,96
11,720,82.800000,42.984000,1,0,23789239,701,7,701,4,0,9,96
11,720,82.800000,42.984000,1,0,23789250,763,17,763,14,0,9,96
11,720,82.800000,42.984000,1,0,23789260,841,26,841,23,0,9,96
11,720,82.800000,42.984000,1,0,23789272,938,36,938,33,0,9,96
11,720,82.800000,42.984000,1,0,23789283,1044,41,1044,38,0,9,96
11,720,82.800000,42.984000,1,0,23789294,1130,42,1130,39,0,9,96
11,720,82.800000,42.984000,1,0,23789305,1191,40,1191,37,0,9,96
11,720,82.800000,42.984000,1,0,23789318,1222,36,1222,33,0,9,96
11,720,82.800000,42.984000,1,0,23789330,1230,32,1230,29,0,9,96
11,720,82.800000,42.984000,1,0,23789341,1231,29,1231,26,0,9,96
11,720,82.800000,42.984000,1,0,23789353,1231,25,1231,22,0,9,96
11,720,82.800000,42.984000,1,0,23789364,1231,22,1231,19,0,9,96
11,720,82.800000,42.984000,1,0,23789374,1232,21,1232,18,0,9,96
11,720,82.800000,42.984000,1,0,23789385,1234,20,1234,17,0,9,96
11,720,82.800000,42.984000,1,0,23789396,1236,19,1236,16,0,9,96
11,720,82.800000,42.984000,1,0,23789406,1238,18,1238,15,0,9,96
11,720,82.800000,42.984000,1,0,23789417,1239,17,1239,14,0,9,96
11,720,82.800000,42.984000,1,0,23789429,1240,16,1240,13,0,9,96
11,720,82.800000,42.984000,1,0,23789439,1242,15,1242,12,0,9,96
11,720,82.800000,42.984000,1,0,23789451,1245,13,1245,10,0,9,96
11,720,82.800000,42.984000,1,0,23789462,1249,10,1249,7,0,9,96
11,720,82.800000,42.984000,1,0,23789473,1254,7,1254,4,0,9,96
11,720,82.800000,42.984000,1,0,23789484,1257,5,1257,2,0,9,96
11,720,82.800000,42.984000,1,0,23789495,1259,4,1259,1,0,9,96
11,720,82.800000,42.984000,1,0,23789505,1259,4,1259,1,0,9,96
11,720,82.800000,42.984000,1,0,23789516,1259,4,1259,1,0,9,96
11,720,82.800000,42.984000,1,0,23789527,1260,3,1260,0,0,9,96
11,720,82.800000,42.984000,1,0,23789538,1261,3,1261,0,0,9,96
11,720,82.800000,42.984000,1,0,23789551,1264,1,1264,-2,0,9,96
11,720,82.800000,42.984000,1,0,23789561,1268,0,1268,-3,0,9,96
11,720,82.800000,42.984000,1,0,23789573,1276,0,1276,-6,0,9,96
11,720,82.800000,42.984000,1,0,23789583,1286,0,1286,-9,0,9,96
11,720,82.800000,42.984000,1,0,23789595,1300,0,1300,-13,0,9,96
11,720,82.800000,42.984000,1,0,23789606,1313,0,1313,-16,0,9,96
11,720,82.800000,42.984000,1,0,23789617,1322,0,1322,-19,0,9,96
11,720,82.800000,42.984000,1,0,23789628,1328,0,1328,-21,0,9,96
11,720,82.800000,42.984000,1,0,23789638,1331,0,1331,-22,0,9,96
11,720,82.800000,42.984000,1,0,23789648,1334,0,1334,-23,0,9,96
11,720,82.800000,42.984000,1,0,23789659,1334,0,1334,-23,0,9,96
11,720,82.800000,42.984000,1,0,23789670,1334,0,1334,-23,0,9,96
11,720,82.800000,42.984000,1,0,23789679,1334,0,1334,-23,0,9,96
