11,360,21.600000,10000.000000,0,0,23768044,780,0,780,0,0,9,78
11,360,21.600000,10000.000000,0,0,23768045,780,0,780,0,0,9,78
11,360,21.600000,10000.000000,0,0,23768057,780,0,780,0,0,9,78
11,360,21.600000,10000.000000,0,0,23768068,781,0,781,0,0,9,78
11,360,21.600000,10000.000000,0,0,23768079,783,0,783,-1,0,9,78
11,360,21.600000,10000.000000,0,0,23768090,786,0,786,-2,0,9,78
11,360,21.600000,10000.000000,0,0,23768101,790,0,790,-2,0,9,78
11,360,21.600000,10000.000000,0,0,23768112,794,0,794,-2,0,9,78
11,360,21.600000,10000.000000,0,0,23768124,800,0,800,-2,0,9,78
11,360,21.600000,10000.000000,0,0,23768136,812,1,812,-1,0,9,78
11,360,21.600000,10000.000000,0,0,23768148,835,5,835,3,0,9,78
11,360,21.600000,10000.000000,0,0,23768160,868,9,868,7,0,9,78
11,360,21.600000,10000.000000,0,0,23768173,911,13,911,11,0,9,78
11,360,21.600000,10000.000000,0,0,23768186,967,16,967,14,0,9,78
11,360,21.600000,10000.000000,0,0,23768197,1012,17,1012,15,0,9,78
11,360,21.600000,10000.000000,0,0,23768208,1038,17,1038,15,0,9,78
11,360,21.600000,10000.000000,0,0,23768224,1050,17,1050,15,0,9,78
11,360,21.600000,10000.000000,0,0,23768235,1057,15,1057,13,0,9,78
11,360,21.600000,10000.000000,0,0,23768246,1060,14,1060,12,0,9,78
11,360,21.600000,10000.000000,0,0,23768258,1062,13,1062,11,0,9,78
11,360,21.600000,10000.000000,0,0,23768269,1065,13,1065,11,0,9,78
11,360,21.600000,10000.000000,0,0,23768280,1067,12,1067,10,0,9,78
11,360,21.600000,10000.000000,0,0,23768292,1070,12,1070,10,0,9,78
11,360,21.600000,10000.000000,0,0,23768304,1074,12,1074,10,0,9,78
11,360,21.600000,10000.000000,0,0,23768319,1079,11,1079,9,0,9,78
11,360,21.600000,10000.000000,0,0,23768336,1086,11,1086,9,0,9,78
11,360,21.600000,10000.000000,0,0,23768351,1096,11,1096,9,0,9,78
11,360,21.600000,10000.000000,0,0,23768361,1103,11,1103,9,0,9,78
11,360,21.600000,10000.000000,0,0,23768372,1105,11,1105,9,0,9,78
11,360,21.600000,10000.000000,0,0,23768383,1105,11,1105,9,0,9,78
11,360,21.600000,10000.000000,0,0,23768397,1105,11,1105,9,0,9,78
11,360,21.600000,10000.000000,0,0,23768412,1105,11,1105,9,0,9,78
11,360,21.600000,10000.000000,0,0,23768423,1108,10,1108,8,0,9,78
11,360,21.600000,10000.000000,0,0,23768434,1110,10,1110,8,0,9,78
11,360,21.600000,10000.000000,0,0,23768445,1113,10,1113,8,0,9,78
11,360,21.600000,10000.000000,0,0,23768455,1116,9,1116,7,0,9,78
11,360,21.600000,10000.000000,0,0,23768466,1118,9,1118,7,0,9,78
11,360,21.600000,10000.000000,0,0,23768478,1121,9,1121,7,0,9,78
11,360,21.600000,10000.000000,0,0,23768488,1124,9,1124,7,0,9,78
11,360,21.600000,10000.000000,0,0,23768499,1126,9,1126,7,0,9,78
11,360,21.600000,10000.000000,0,0,23768510,1130,8,1130,6,0,9,78
11,360,21.600000,10000.000000,0,0,23768522,1133,8,1133,6,0,9,78
11,360,21.600000,10000.000000,0,0,23768533,1135,8,1135,6,0,9,78
11,360,21.600000,10000.000000,0,0,23768543,1136,8,1136,6,0,9,78
11,360,21.600000,10000.000000,0,0,23768554,1136,8,1136,6,0,9,78
11,360,21.600000,10000.000000,0,0,23768565,1136,8,1136,6,0,9,78
11,360,21.600000,10000.000000,0,0,23768575,1136,8,1136,6,0,9,78
11,360,21.600000,10000.000000,0,0,23768586,1136,8,1136,6,0,9,78
11,360,21.600000,10000.000000,0,0,23768596,1136,8,1136,6,0,9,78
11,360,21.600000,10000.000000,0,0,23768607,1136,8,1136,6,0,9,78
11,360,21.600000,10000.000000,0,0,23768618,1136,8,1136,6,0,9,78
11,360,21.600000,10000.000000,0,0,23768628,1136,8,1136,6,0,9,78
11,360,21.600000,10000.000000,0,0,23768638,1136,8,1136,6,0,9,78
