11,720,21.600000,0.000000,0,1,23724344,600,22,600,22,0,9,42
11,720,21.600000,0.000000,0,1,23724345,600,22,600,22,0,9,42
11,720,21.600000,0.000000,0,1,23724356,600,22,600,22,0,9,42
11,720,21.600000,0.000000,0,1,23724367,600,22,600,22,0,9,42
11,720,21.600000,0.000000,0,1,23724378,601,22,601,22,0,9,42
11,720,21.600000,0.000000,0,1,23724389,603,21,603,21,0,9,42
11,720,21.600000,0.000000,0,1,23724400,606,20,606,20,0,9,42
11,720,21.600000,0.000000,0,1,23724412,612,19,612,19,0,9,42
11,720,21.600000,0.000000,0,1,23724424,626,19,626,19,0,9,42
11,720,21.600000,0.000000,0,1,23724435,650,21,650,21,0,9,42
11,720,21.600000,0.000000,0,1,23724447,696,28,696,28,0,9,42
11,720,21.600000,0.000000,0,1,23724459,762,36,762,36,0,9,42
11,720,21.600000,0.000000,0,1,23724472,862,46,862,46,0,9,42
11,720,21.600000,0.000000,0,1,23724485,991,55,991,55,0,9,42
11,720,21.600000,0.000000,0,1,23724496,1111,60,1111,60,0,9,42
11,720,21.600000,0.000000,0,1,23724507,1198,63,1198,63,0,9,42
11,720,21.600000,0.000000,0,1,23724518,1261,63,1261,63,0,9,42
11,720,21.600000,0.000000,0,1,23724529,1291,63,1291,63,0,9,42
11,720,21.600000,0.000000,0,1,23724540,1299,61,1299,61,0,9,42
11,720,21.600000,0.000000,0,1,23724551,1299,61,1299,61,0,9,42
11,720,21.600000,0.000000,0,1,23724562,1299,60,1299,60,0,9,42
11,720,21.600000,0.000000,0,1,23724573,1299,59,1299,59,0,9,42
11,720,21.600000,0.000000,0,1,23724583,1299,58,1299,58,0,9,42
11,720,21.600000,0.000000,0,1,23724594,1301,58,1301,58,0,9,42
11,720,21.600000,0.000000,0,1,23724605,1302,57,1302,57,0,9,42
11,720,21.600000,0.000000,0,1,23724616,1303,57,1303,57,0,9,42
11,720,21.600000,0.000000,0,1,23724627,1303,56,1303,56,0,9,42
11,720,21.600000,0.000000,0,1,23724638,1305,55,1305,55,0,9,42
11,720,21.600000,0.000000,0,1,23724650,1306,54,1306,54,0,9,42
11,720,21.600000,0.000000,0,1,23724663,1307,53,1307,53,0,9,42
11,720,21.600000,0.000000,0,1,23724674,1309,50,1309,50,0,9,42
11,720,21.600000,0.000000,0,1,23724689,1309,49,1309,49,0,9,42
11,720,21.600000,0.000000,0,1,23724700,1309,46,1309,46,0,9,42
11,720,21.600000,0.000000,0,1,23724712,1309,45,1309,45,0,9,42
11,720,21.600000,0.000000,0,1,23724723,1309,43,1309,43,0,9,42
11,720,21.600000,0.000000,0,1,23724734,1309,42,1309,42,0,9,42
11,720,21.600000,0.000000,0,1,23724745,1310,40,1310,40,0,9,42
11,720,21.600000,0.000000,0,1,23724757,1312,37,1312,37,0,9,42
11,720,21.600000,0.000000,0,1,23724767,1315,33,1315,33,0,9,42
11,720,21.600000,0.000000,0,1,23724779,1318,29,1318,29,0,9,42
11,720,21.600000,0.000000,0,1,23724790,1320,25,1320,25,0,9,42
11,720,21.600000,0.000000,0,1,23724801,1321,22,1321,22,0,9,42
11,720,21.600000,0.000000,0,1,23724812,1323,20,1323,20,0,9,42
11,720,21.600000,0.000000,0,1,23724823,1324,19,1324,19,0,9,42
11,720,21.600000,0.000000,0,1,23724834,1325,19,1325,19,0,9,42
11,720,21.600000,0.000000,0,1,23724845,1325,19,1325,19,0,9,42
11,720,21.600000,0.000000,0,1,23724856,1325,19,1325,19,0,9,42
11,720,21.600000,0.000000,0,1,23724867,1325,19,1325,19,0,9,42
11,720,21.600000,0.000000,0,1,23724878,1325,18,1325,18,0,9,42
11,720,21.600000,0.000000,0,1,23724889,1325,17,1325,17,0,9,42
11,720,21.600000,0.000000,0,1,23724899,1325,17,1325,17,0,9,42
11,720,21.600000,0.000000,0,1,23724910,1326,17,1326,17,0,9,42
11,720,21.600000,0.000000,0,1,23724921,1327,16,1327,16,0,9,42
11,720,21.600000,0.000000,0,1,23724931,1328,15,1328,15,0,9,42
11,720,21.600000,0.000000,0,1,23724942,1328,15,1328,15,0,9,42
11,720,21.600000,0.000000,0,1,23724953,1328,15,1328,15,0,9,42
11,720,21.600000,0.000000,0,1,23724963,1328,15,1328,15,0,9,42
11,720,21.600000,0.000000,0,1,23724974,1328,15,1328,15,0,9,42
11,720,21.600000,0.000000,0,1,23724986,1328,15,1328,15,0,9,42
11,720,21.600000,0.000000,0,1,23724995,1328,15,1328,15,0,9,42
