11,360,82.800000,0.000000,0,1,23765870,780,22,780,22,0,9,76
11,360,82.800000,0.000000,0,1,23765871,780,22,780,22,0,9,76
11,360,82.800000,0.000000,0,1,23765883,780,22,780,22,0,9,76
11,360,82.800000,0.000000,0,1,23765899,781,22,781,22,0,9,76
11,360,82.800000,0.000000,0,1,23765909,782,22,782,22,0,9,76
11,360,82.800000,0.000000,0,1,23765920,785,22,785,22,0,9,76
11,360,82.800000,0.000000,0,1,23765931,787,21,787,21,0,9,76
11,360,82.800000,0.000000,0,1,23765948,790,21,790,21,0,9,76
11,360,82.800000,0.000000,0,1,23765960,800,21,800,21,0,9,76
11,360,82.800000,0.000000,0,1,23765972,814,24,814,24,0,9,76
11,360,82.800000,0.000000,0,1,23765984,841,29,841,29,0,9,76
11,360,82.800000,0.000000,0,1,23765997,874,32,874,32,0,9,76
11,360,82.800000,0.000000,0,1,23766010,930,36,930,36,0,9,76
11,360,82.800000,0.000000,0,1,23766021,995,37,995,37,0,9,76
11,360,82.800000,0.000000,0,1,23766033,1033,38,1033,38,0,9,76
11,360,82.800000,0.000000,0,1,23766044,1055,38,1055,38,0,9,76
11,360,82.800000,0.000000,0,1,23766057,1069,37,1069,37,0,9,76
11,360,82.800000,0.000000,0,1,23766068,1078,34,1078,34,0,9,76
11,360,82.800000,0.000000,0,1,23766079,1082,32,1082,32,0,9,76
11,360,82.800000,0.000000,0,1,23766092,1086,30,1086,30,0,9,76
11,360,82.800000,0.000000,0,1,23766105,1091,28,1091,28,0,9,76
11,360,82.800000,0.000000,0,1,23766117,1097,26,1097,26,0,9,76
11,360,82.800000,0.000000,0,1,23766128,1104,25,1104,25,0,9,76
11,360,82.800000,0.000000,0,1,23766139,1108,24,1108,24,0,9,76
11,360,82.800000,0.000000,0,1,23766150,1111,24,1111,24,0,9,76
11,360,82.800000,0.000000,0,1,23766162,1113,23,1113,23,0,9,76
11,360,82.800000,0.000000,0,1,23766173,1114,23,1114,23,0,9,76
11,360,82.800000,0.000000,0,1,23766184,1116,22,1116,22,0,9,76
11,360,82.800000,0.000000,0,1,23766195,1118,20,1118,20,0,9,76
11,360,82.800000,0.000000,0,1,23766206,1120,19,1120,19,0,9,76
11,360,82.800000,0.000000,0,1,23766217,1122,18,1122,18,0,9,76
11,360,82.800000,0.000000,0,1,23766228,1123,17,1123,17,0,9,76
11,360,82.800000,0.000000,0,1,23766238,1123,16,1123,16,0,9,76
11,360,82.800000,0.000000,0,1,23766249,1123,16,1123,16,0,9,76
11,360,82.800000,0.000000,0,1,23766260,1124,16,1124,16,0,9,76
11,360,82.800000,0.000000,0,1,23766271,1124,16,1124,16,0,9,76
11,360,82.800000,0.000000,0,1,23766281,1124,16,1124,16,0,9,76
11,360,82.800000,0.000000,0,1,23766292,1124,16,1124,16,0,9,76
11,360,82.800000,0.000000,0,1,23766304,1125,15,1125,15,0,9,76
11,360,82.800000,0.000000,0,1,23766315,1125,14,1125,14,0,9,76
11,360,82.800000,0.000000,0,1,23766327,1126,14,1126,14,0,9,76
11,360,82.800000,0.000000,0,1,23766338,1126,14,1126,14,0,9,76
11,360,82.800000,0.000000,0,1,23766348,1126,14,1126,14,0,9,76
