11,720,82.800000,12.276000,1,1,23779869,600,22,600,22,0,9,88
11,720,82.800000,12.276000,1,1,23779870,600,22,600,22,0,9,88
11,720,82.800000,12.276000,1,1,23779886,606,21,606,21,0,9,88
11,720,82.800000,12.276000,1,1,23779897,619,19,619,19,0,9,88
11,720,82.800000,12.276000,1,1,23779909,631,18,631,18,0,9,88
11,720,82.800000,12.276000,1,1,23779922,646,17,646,17,0,9,88
11,720,82.800000,12.276000,1,1,23779933,672,17,672,17,0,9,88
11,720,82.800000,12.276000,1,1,23779946,704,21,704,21,0,9,88
11,720,82.800000,12.276000,1,1,23779958,741,28,741,28,0,9,88
11,720,82.800000,12.276000,1,1,23779970,798,38,798,38,0,9,88
11,720,82.800000,12.276000,1,1,23779981,865,46,865,46,0,9,88
11,720,82.800000,12.276000,1,1,23779992,949,52,949,52,0,9,88
11,720,82.800000,12.276000,1,1,23780004,1024,52,1024,52,0,9,88
11,720,82.800000,12.276000,1,1,23780015,1099,53,1099,53,0,9,88
11,720,82.800000,12.276000,1,1,23780026,1159,53,1159,53,0,9,88
11,720,82.800000,12.276000,1,1,23780038,1214,50,1214,50,0,9,88
11,720,82.800000,12.276000,1,1,23780051,1249,45,1249,45,0,9,88
11,720,82.800000,12.276000,1,1,23780064,1266,41,1266,41,0,9,88
11,720,82.800000,12.276000,1,1,23780076,1272,37,1272,37,0,9,88
11,720,82.800000,12.276000,1,1,23780087,1274,35,1274,35,0,9,88
11,720,82.800000,12.276000,1,1,23780099,1276,33,1276,33,0,9,88
11,720,82.800000,12.276000,1,1,23780110,1278,31,1278,31,0,9,88
11,720,82.800000,12.276000,1,1,23780121,1280,30,1280,30,0,9,88
11,720,82.800000,12.276000,1,1,23780132,1282,29,1282,29,0,9,88
11,720,82.800000,12.276000,1,1,23780143,1283,28,1283,28,0,9,88
11,720,82.800000,12.276000,1,1,23780154,1284,27,1284,27,0,9,88
11,720,82.800000,12.276000,1,1,23780167,1287,26,1287,26,0,9,88
11,720,82.800000,12.276000,1,1,23780177,1292,23,1292,23,0,9,88
11,720,82.800000,12.276000,1,1,23780189,1298,20,1298,20,0,9,88
11,720,82.800000,12.276000,1,1,23780201,1303,18,1303,18,0,9,88
11,720,82.800000,12.276000,1,1,23780216,1305,16,1305,16,0,9,88
11,720,82.800000,12.276000,1,1,23780233,1305,16,1305,16,0,9,88
11,720,82.800000,12.276000,1,1,23780248,1305,16,1305,16,0,9,88
11,720,82.800000,12.276000,1,1,23780263,1305,16,1305,16,0,9,88
11,720,82.800000,12.276000,1,1,23780274,1305,16,1305,16,0,9,88
11,720,82.800000,12.276000,1,1,23780285,1306,15,1306,15,0,9,88
11,720,82.800000,12.276000,1,1,23780297,1307,14,1307,14,0,9,88
11,720,82.800000,12.276000,1,1,23780307,1307,14,1307,14,0,9,88
11,720,82.800000,12.276000,1,1,23780318,1307,14,1307,14,0,9,88
11,720,82.800000,12.276000,1,1,23780328,1307,14,1307,14,0,9,88
11,720,82.800000,12.276000,1,1,23780339,1307,13,1307,13,0,9,88
11,720,82.800000,12.276000,1,1,23780350,1307,12,1307,12,0,9,88
