11,720,21.600000,0.000000,1,1,23713479,600,22,600,22,0,9,34
11,720,21.600000,0.000000,1,1,23713481,600,22,600,22,0,9,34
11,720,21.600000,0.000000,1,1,23713494,602,21,602,21,0,9,34
11,720,21.600000,0.000000,1,1,23713510,608,18,608,18,0,9,34
11,720,21.600000,0.000000,1,1,23713525,630,12,630,12,0,9,34
11,720,21.600000,0.000000,1,1,23713541,668,7,668,7,0,9,34
11,720,21.600000,0.000000,1,1,23713553,732,5,732,5,0,9,34
11,720,21.600000,0.000000,1,1,23713563,789,6,789,6,0,9,34
11,720,21.600000,0.000000,1,1,23713574,856,11,856,11,0,9,34
11,720,21.600000,0.000000,1,1,23713584,929,16,929,16,0,9,34
11,720,21.600000,0.000000,1,1,23713598,1007,19,1007,19,0,9,34
11,720,21.600000,0.000000,1,1,23713610,1115,20,1115,20,0,9,34
11,720,21.600000,0.000000,1,1,23713627,1191,17,1191,17,0,9,34
11,720,21.600000,0.000000,1,1,23713638,1280,14,1280,14,0,9,34
11,720,21.600000,0.000000,1,1,23713650,1307,13,1307,13,0,9,34
11,720,21.600000,0.000000,1,1,23713661,1317,11,1317,11,0,9,34
11,720,21.600000,0.000000,1,1,23713671,1319,10,1319,10,0,9,34
11,720,21.600000,0.000000,1,1,23713682,1319,10,1319,10,0,9,34
11,720,21.600000,0.000000,1,1,23713693,1320,9,1320,9,0,9,34
11,720,21.600000,0.000000,1,1,23713704,1321,8,1321,8,0,9,34
11,720,21.600000,0.000000,1,1,23713715,1322,7,1322,7,0,9,34
11,720,21.600000,0.000000,1,1,23713730,1324,6,1324,6,0,9,34
11,720,21.600000,0.000000,1,1,23713746,1324,6,1324,6,0,9,34
11,720,21.600000,0.000000,1,1,23713757,1324,6,1324,6,0,9,34
11,720,21.600000,0.000000,1,1,23713768,1324,6,1324,6,0,9,34
11,720,21.600000,0.000000,1,1,23713778,1324,6,1324,6,0,9,34
11,720,21.600000,0.000000,1,1,23713790,1324,6,1324,6,0,9,34
11,720,21.600000,0.000000,1,1,23713800,1324,6,1324,6,0,9,34
11,720,21.600000,0.000000,1,1,23713811,1324,6,1324,6,0,9,34
11,720,21.600000,0.000000,1,1,23713822,1325,6,1325,6,0,9,34
11,720,21.600000,0.000000,1,1,23713833,1327,6,1327,6,0,9,34
11,720,21.600000,0.000000,1,1,23713845,1329,5,1329,5,0,9,34
11,720,21.600000,0.000000,1,1,23713856,1330,4,1330,4,0,9,34
11,720,21.600000,0.000000,1,1,23713871,1330,4,1330,4,0,9,34
11,720,21.600000,0.000000,1,1,23713885,1330,4,1330,4,0,9,34
11,720,21.600000,0.000000,1,1,23713896,1330,4,1330,4,0,9,34
11,720,21.600000,0.000000,1,1,23713906,1330,4,1330,4,0,9,34
11,720,21.600000,0.000000,1,1,23713917,1330,4,1330,4,0,9,34
11,720,21.600000,0.000000,1,1,23713927,1330,4,1330,4,0,9,34
11,720,21.600000,0.000000,1,1,23713937,1330,4,1330,4,0,9,34
11,720,21.600000,0.000000,1,1,23713948,1330,4,1330,4,0,9,34
11,720,21.600000,0.000000,1,1,23713958,1330,4,1330,4,0,9,34
11,720,21.600000,0.000000,1,1,23713969,1330,4,1330,4,0,9,34
11,720,21.600000,0.000000,1,1,23713980,1330,4,1330,4,0,9,34
11,720,21.600000,0.000000,1,1,23713991,1330,4,1330,4,0,9,34
11,720,21.600000,0.000000,1,1,23714001,1330,4,1330,4,0,9,34
11,720,21.600000,0.000000,1,1,23714012,1330,4,1330,4,0,9,34
11,720,21.600000,0.000000,1,1,23714022,1330,4,1330,4,0,9,34
11,720,21.600000,0.000000,1,1,23714033,1330,4,1330,4,0,9,34
11,720,21.600000,0.000000,1,1,23714044,1330,4,1330,4,0,9,34
11,720,21.600000,0.000000,1,1,23714054,1330,4,1330,4,0,9,34
11,720,21.600000,0.000000,1,1,23714065,1330,4,1330,4,0,9,34
11,720,21.600000,0.000000,1,1,23714076,1330,4,1330,4,0,9,34
11,720,21.600000,0.000000,1,1,23714087,1328,4,1328,4,0,9,34
11,720,21.600000,0.000000,1,1,23714098,1326,5,1326,5,0,9,34
11,720,21.600000,0.000000,1,1,23714108,1325,6,1325,6,0,9,34
11,720,21.600000,0.000000,1,1,23714118,1325,6,1325,6,0,9,34
11,720,21.600000,0.000000,1,1,23714129,1325,6,1325,6,0,9,34
11,720,21.600000,0.000000,1,1,23714140,1325,6,1325,6,0,9,34
11,720,21.600000,0.000000,1,1,23714150,1325,6,1325,6,0,9,34
11,720,21.600000,0.000000,1,1,23714161,1325,6,1325,6,0,9,34
11,720,21.600000,0.000000,1,1,23714171,1325,6,1325,6,0,9,34
11,720,21.600000,0.000000,1,1,23714182,1325,6,1325,6,0,9,34
11,720,21.600000,0.000000,1,1,23714192,1325,6,1325,6,0,9,34
11,720,21.600000,0.000000,1,1,23714202,1325,6,1325,6,0,9,34
11,720,21.600000,0.000000,1,1,23714212,1325,6,1325,6,0,9,34
11,720,21.600000,0.000000,1,1,23714223,1325,6,1325,6,0,9,34
11,720,21.600000,0.000000,1,1,23714233,1325,6,1325,6,0,9,34
11,720,21.600000,0.000000,1,1,23714244,1325,6,1325,6,0,9,34
11,720,21.600000,0.000000,1,1,23714254,1325,6,1325,6,0,9,34
11,720,21.600000,0.000000,1,1,23714265,1325,6,1325,6,0,9,34
11,720,21.600000,0.000000,1,1,23714276,1325,6,1325,6,0,9,34
11,720,21.600000,0.000000,1,1,23714287,1325,6,1325,6,0,9,34
11,720,21.600000,0.000000,1,1,23714297,1325,6,1325,6,0,9,34
