11,720,50.400000,0.000000,0,0,23758427,600,0,600,0,0,9,69
11,720,50.400000,0.000000,0,0,23758428,600,0,600,0,0,9,69
11,720,50.400000,0.000000,0,0,23758439,602,0,602,-1,0,9,69
11,720,50.400000,0.000000,0,0,23758450,603,0,603,-1,0,9,69
11,720,50.400000,0.000000,0,0,23758461,605,0,605,-1,0,9,69
11,720,50.400000,0.000000,0,0,23758472,610,0,610,-1,0,9,69
11,720,50.400000,0.000000,0,0,23758483,620,0,620,-1,0,9,69
11,720,50.400000,0.000000,0,0,23758493,640,0,640,-1,0,9,69
11,720,50.400000,0.000000,0,0,23758506,676,3,676,2,0,9,69
11,720,50.400000,0.000000,0,0,23758517,733,10,733,9,0,9,69
11,720,50.400000,0.000000,0,0,23758528,799,18,799,17,0,9,69
11,720,50.400000,0.000000,0,0,23758541,890,27,890,26,0,9,69
11,720,50.400000,0.000000,0,0,23758553,1015,37,1015,36,0,9,69
11,720,50.400000,0.000000,0,0,23758564,1115,39,1115,38,0,9,69
11,720,50.400000,0.000000,0,0,23758575,1198,40,1198,39,0,9,69
11,720,50.400000,0.000000,0,0,23758588,1260,39,1260,38,0,9,69
11,720,50.400000,0.000000,0,0,23758599,1302,35,1302,34,0,9,69
11,720,50.400000,0.000000,0,0,23758612,1323,32,1323,31,0,9,69
11,720,50.400000,0.000000,0,0,23758624,1331,29,1331,28,0,9,69
11,720,50.400000,0.000000,0,0,23758635,1332,28,1332,27,0,9,69
11,720,50.400000,0.000000,0,0,23758646,1333,26,1333,25,0,9,69
11,720,50.400000,0.000000,0,0,23758657,1334,26,1334,25,0,9,69
11,720,50.400000,0.000000,0,0,23758668,1335,25,1335,24,0,9,69
11,720,50.400000,0.000000,0,0,23758679,1336,24,1336,23,0,9,69
11,720,50.400000,0.000000,0,0,23758690,1337,23,1337,22,0,9,69
11,720,50.400000,0.000000,0,0,23758700,1338,22,1338,21,0,9,69
11,720,50.400000,0.000000,0,0,23758711,1338,21,1338,20,0,9,69
11,720,50.400000,0.000000,0,0,23758722,1338,20,1338,19,0,9,69
11,720,50.400000,0.000000,0,0,23758732,1338,19,1338,18,0,9,69
11,720,50.400000,0.000000,0,0,23758743,1339,18,1339,17,0,9,69
11,720,50.400000,0.000000,0,0,23758753,1339,16,1339,15,0,9,69
11,720,50.400000,0.000000,0,0,23758765,1340,14,1340,13,0,9,69
11,720,50.400000,0.000000,0,0,23758775,1341,13,1341,12,0,9,69
11,720,50.400000,0.000000,0,0,23758787,1341,13,1341,12,0,9,69
11,720,50.400000,0.000000,0,0,23758799,1341,12,1341,11,0,9,69
11,720,50.400000,0.000000,0,0,23758810,1341,10,1341,9,0,9,69
11,720,50.400000,0.000000,0,0,23758823,1341,10,1341,9,0,9,69
11,720,50.400000,0.000000,0,0,23758834,1340,10,1340,9,0,9,69
11,720,50.400000,0.000000,0,0,23758852,1340,9,1340,8,0,9,69
11,720,50.400000,0.000000,0,0,23758862,1340,9,1340,8,0,9,69
11,720,50.400000,0.000000,0,0,23758872,1340,9,1340,8,0,9,69
11,720,50.400000,0.000000,0,0,23758884,1340,9,1340,8,0,9,69
11,720,50.400000,0.000000,0,0,23758895,1340,9,1340,8,0,9,69
11,720,50.400000,0.000000,0,0,23758905,1340,9,1340,8,0,9,69
