11,720,50.400000,42.984000,1,0,23749923,600,0,600,0,0,9,62
11,720,50.400000,42.984000,1,0,23749924,600,0,600,0,0,9,62
11,720,50.400000,42.984000,1,0,23749935,600,0,600,0,0,9,62
11,720,50.400000,42.984000,1,0,23749945,601,0,601,0,0,9,62
11,720,50.400000,42.984000,1,0,23749956,602,0,602,0,0,9,62
11,720,50.400000,42.984000,1,0,23749967,603,0,603,0,0,9,62
11,720,50.400000,42.984000,1,0,23749979,606,0,606,0,0,9,62
11,720,50.400000,42.984000,1,0,23749990,613,0,613,0,0,9,62
11,720,50.400000,42.984000,1,0,23750002,625,0,625,0,0,9,62
11,720,50.400000,42.984000,1,0,23750015,651,0,651,0,0,9,62
11,720,50.400000,42.984000,1,0,23750026,693,3,693,3,0,9,62
11,720,50.400000,42.984000,1,0,23750038,754,6,754,6,0,9,62
11,720,50.400000,42.984000,1,0,23750050,831,8,831,8,0,9,62
11,720,50.400000,42.984000,1,0,23750062,934,9,934,9,0,9,62
11,720,50.400000,42.984000,1,0,23750079,1030,9,1030,9,0,9,62
11,720,50.400000,42.984000,1,0,23750095,1161,9,1161,9,0,9,62
11,720,50.400000,42.984000,1,0,23750108,1221,9,1221,9,0,9,62
11,720,50.400000,42.984000,1,0,23750119,1235,9,1235,9,0,9,62
11,720,50.400000,42.984000,1,0,23750130,1239,7,1239,7,0,9,62
11,720,50.400000,42.984000,1,0,23750141,1240,6,1240,6,0,9,62
11,720,50.400000,42.984000,1,0,23750153,1242,5,1242,5,0,9,62
11,720,50.400000,42.984000,1,0,23750163,1243,3,1243,3,0,9,62
11,720,50.400000,42.984000,1,0,23750174,1245,2,1245,2,0,9,62
11,720,50.400000,42.984000,1,0,23750185,1246,1,1246,1,0,9,62
11,720,50.400000,42.984000,1,0,23750195,1246,1,1246,1,0,9,62
11,720,50.400000,42.984000,1,0,23750206,1246,1,1246,1,0,9,62
11,720,50.400000,42.984000,1,0,23750217,1246,1,1246,1,0,9,62
11,720,50.400000,42.984000,1,0,23750228,1246,1,1246,1,0,9,62
11,720,50.400000,42.984000,1,0,23750238,1246,1,1246,1,0,9,62
11,720,50.400000,42.984000,1,0,23750249,1246,1,1246,1,0,9,62
11,720,50.400000,42.984000,1,0,23750259,1246,1,1246,1,0,9,62
11,720,50.400000,42.984000,1,0,23750270,1246,1,1246,1,0,9,62
11,720,50.400000,42.984000,1,0,23750282,1247,1,1247,1,0,9,62
11,720,50.400000,42.984000,1,0,23750293,1248,1,1248,1,0,9,62
11,720,50.400000,42.984000,1,0,23750302,1249,0,1249,0,0,9,62
11,720,50.400000,42.984000,1,0,23750314,1250,0,1250,-1,0,9,62
11,720,50.400000,42.984000,1,0,23750324,1252,0,1252,-2,0,9,62
11,720,50.400000,42.984000,1,0,23750335,1256,0,1256,-3,0,9,62
11,720,50.400000,42.984000,1,0,23750347,1263,0,1263,-5,0,9,62
11,720,50.400000,42.984000,1,0,23750361,1273,0,1273,-6,0,9,62
11,720,50.400000,42.984000,1,0,23750377,1289,0,1289,-7,0,9,62
11,720,50.400000,42.984000,1,0,23750393,1303,0,1303,-8,0,9,62
11,720,50.400000,42.984000,1,0,23750403,1313,0,1313,-8,0,9,62
11,720,50.400000,42.984000,1,0,23750414,1315,0,1315,-8,0,9,62
11,720,50.400000,42.984000,1,0,23750425,1315,0,1315,-9,0,9,62
11,720,50.400000,42.984000,1,0,23750435,1315,0,1315,-9,0,9,62
11,720,50.400000,42.984000,1,0,23750446,1315,0,1315,-9,0,9,62
11,720,50.400000,42.984000,1,0,23750456,1315,0,1315,-9,0,9,62
11,720,50.400000,42.984000,1,0,23750466,1315,0,1315,-9,0,9,62
11,720,50.400000,42.984000,1,0,23750477,1315,0,1315,-9,0,9,62
11,720,50.400000,42.984000,1,0,23750487,1315,0,1315,-9,0,9,62
11,720,50.400000,42.984000,1,0,23750498,1315,0,1315,-9,0,9,62
11,720,50.400000,42.984000,1,0,23750508,1315,0,1315,-9,0,9,62
11,720,50.400000,42.984000,1,0,23750518,1315,0,1315,-9,0,9,62
11,720,50.400000,42.984000,1,0,23750540,1315,0,1315,-9,0,9,62
11,720,50.400000,42.984000,1,0,23750552,1315,0,1315,-9,0,9,62
11,720,50.400000,42.984000,1,0,23750568,1315,0,1315,-9,0,9,62
11,720,50.400000,42.984000,1,0,23750578,1315,0,1315,-9,0,9,62
