7,360,50.400000,42.984000,0,1,4677605,780,22,780,22,0,0,54
7,360,50.400000,42.984000,0,1,4677606,780,22,780,22,0,0,54
7,360,50.400000,42.984000,0,1,4677615,780,22,780,22,0,0,54
7,360,50.400000,42.984000,0,1,4677625,780,22,780,22,0,0,54
7,360,50.400000,42.984000,0,1,4677634,780,22,780,22,0,0,54
7,360,50.400000,42.984000,0,1,4677644,780,22,780,22,0,0,54
7,360,50.400000,42.984000,0,1,4677653,780,22,780,22,0,0,54
7,360,50.400000,42.984000,0,1,4677663,780,22,780,22,0,0,54
7,360,50.400000,42.984000,0,1,4677672,780,22,780,22,0,0,54
7,360,50.400000,42.984000,0,1,4677681,780,22,780,22,0,0,54
7,360,50.400000,42.984000,0,1,4677691,780,22,780,22,0,0,54
7,360,50.400000,42.984000,0,1,4677701,780,22,780,22,0,0,54
7,360,50.400000,42.984000,0,1,4677711,780,22,780,22,0,0,54
7,360,50.400000,42.984000,0,1,4677721,781,22,781,22,0,0,54
7,360,50.400000,42.984000,0,1,4677731,782,22,782,22,0,0,54
7,360,50.400000,42.984000,0,1,4677742,786,21,786,21,0,0,54
7,360,50.400000,42.984000,0,1,4677752,791,20,791,20,0,0,54
7,360,50.400000,42.984000,0,1,4677763,800,20,800,20,0,0,54
7,360,50.400000,42.984000,0,1,4677774,813,20,813,20,0,0,54
7,360,50.400000,42.984000,0,1,4677785,829,18,829,18,0,0,54
7,360,50.400000,42.984000,0,1,4677795,850,17,850,17,0,0,54
7,360,50.400000,42.984000,0,1,4677806,874,16,874,16,0,0,54
7,360,50.400000,42.984000,0,1,4677816,900,14,900,14,0,0,54
7,360,50.400000,42.984000,0,1,4677826,925,14,925,14,0,0,54
7,360,50.400000,42.984000,0,1,4677837,949,13,949,13,0,0,54
7,360,50.400000,42.984000,0,1,4677848,975,11,975,11,0,0,54
7,360,50.400000,42.984000,0,1,4677858,1001,11,1001,11,0,0,54
7,360,50.400000,42.984000,0,1,4677869,1021,10,1021,10,0,0,54
7,360,50.400000,42.984000,0,1,4677879,1037,9,1037,9,0,0,54
7,360,50.400000,42.984000,0,1,4677890,1051,8,1051,8,0,0,54
7,360,50.400000,42.984000,0,1,4677900,1065,7,1065,7,0,0,54
7,360,50.400000,42.984000,0,1,4677911,1074,7,1074,7,0,0,54
7,360,50.400000,42.984000,0,1,4677921,1080,7,1080,7,0,0,54
7,360,50.400000,42.984000,0,1,4677931,1082,7,1082,7,0,0,54
7,360,50.400000,42.984000,0,1,4677941,1083,7,1083,7,0,0,54
7,360,50.400000,42.984000,0,1,4677951,1083,7,1083,7,0,0,54
7,360,50.400000,42.984000,0,1,4677961,1084,7,1084,7,0,0,54
7,360,50.400000,42.984000,0,1,4677971,1085,7,1085,7,0,0,54
7,360,50.400000,42.984000,0,1,4677981,1087,7,1087,7,0,0,54
7,360,50.400000,42.984000,0,1,4677991,1090,6,1090,6,0,0,54
7,360,50.400000,42.984000,0,1,4678002,1094,5,1094,5,0,0,54
7,360,50.400000,42.984000,0,1,4678013,1099,4,1099,4,0,0,54
7,360,50.400000,42.984000,0,1,4678024,1105,4,1105,4,0,0,54
7,360,50.400000,42.984000,0,1,4678033,1108,3,1108,3,0,0,54
7,360,50.400000,42.984000,0,1,4678043,1109,2,1109,2,0,0,54
7,360,50.400000,42.984000,0,1,4678053,1110,1,1110,1,0,0,54
7,360,50.400000,42.984000,0,1,4678063,1111,1,1111,1,0,0,54
7,360,50.400000,42.984000,0,1,4678073,1111,1,1111,1,0,0,54
7,360,50.400000,42.984000,0,1,4678083,1113,1,1113,1,0,0,54
7,360,50.400000,42.984000,0,1,4678094,1115,1,1115,1,0,0,54
7,360,50.400000,42.984000,0,1,4678105,1118,0,1118,0,0,0,54
7,360,50.400000,42.984000,0,1,4678115,1120,0,1120,0,0,0,54
7,360,50.400000,42.984000,0,1,4678125,1121,0,1121,-1,0,0,54
7,360,50.400000,42.984000,0,1,4678134,1122,0,1122,-1,0,0,54
7,360,50.400000,42.984000,0,1,4678144,1123,0,1123,-1,0,0,54
7,360,50.400000,42.984000,0,1,4678155,1125,0,1125,-1,0,0,54
7,360,50.400000,42.984000,0,1,4678165,1126,0,1126,-1,0,0,54
7,360,50.400000,42.984000,0,1,4678175,1128,0,1128,-2,0,0,54
7,360,50.400000,42.984000,0,1,4678185,1131,0,1131,-2,0,0,54
7,360,50.400000,42.984000,0,1,4678195,1134,0,1134,-2,0,0,54
7,360,50.400000,42.984000,0,1,4678205,1136,0,1136,-2,0,0,54
7,360,50.400000,42.984000,0,1,4678214,1137,0,1137,-2,0,0,54
7,360,50.400000,42.984000,0,1,4678224,1138,0,1138,-2,0,0,54
7,360,50.400000,42.984000,0,1,4678234,1138,0,1138,-2,0,0,54
7,360,50.400000,42.984000,0,1,4678244,1139,0,1139,-3,0,0,54
7,360,50.400000,42.984000,0,1,4678254,1140,0,1140,-4,0,0,54
7,360,50.400000,42.984000,0,1,4678263,1141,0,1141,-4,0,0,54
7,360,50.400000,42.984000,0,1,4678273,1141,0,1141,-4,0,0,54
7,360,50.400000,42.984000,0,1,4678283,1142,0,1142,-4,0,0,54
7,360,50.400000,42.984000,0,1,4678293,1143,0,1143,-4,0,0,54
7,360,50.400000,42.984000,0,1,4678303,1143,0,1143,-4,0,0,54
7,360,50.400000,42.984000,0,1,4678312,1143,0,1143,-4,0,0,54
7,360,50.400000,42.984000,0,1,4678322,1143,0,1143,-4,0,0,54
7,360,50.400000,42.984000,0,1,4678332,1143,0,1143,-4,0,0,54
7,360,50.400000,42.984000,0,1,4678342,1143,0,1143,-4,0,0,54
7,360,50.400000,42.984000,0,1,4678351,1143,0,1143,-4,0,0,54
