7,720,21.600000,22.608000,0,1,4785144,600,22,600,22,0,0,113
7,720,21.600000,22.608000,0,1,4785145,600,22,600,22,0,0,113
7,720,21.600000,22.608000,0,1,4785155,600,22,600,22,0,0,113
7,720,21.600000,22.608000,0,1,4785166,600,22,600,22,0,0,113
7,720,21.600000,22.608000,0,1,4785176,600,22,600,22,0,0,113
7,720,21.600000,22.608000,0,1,4785186,600,22,600,22,0,0,113
7,720,21.600000,22.608000,0,1,4785196,600,22,600,22,0,0,113
7,720,21.600000,22.608000,0,1,4785207,601,22,601,22,0,0,113
7,720,21.600000,22.608000,0,1,4785219,604,22,604,22,0,0,113
7,720,21.600000,22.608000,0,1,4785229,610,22,610,22,0,0,113
7,720,21.600000,22.608000,0,1,4785240,619,21,619,21,0,0,113
7,720,21.600000,22.608000,0,1,4785252,633,19,633,19,0,0,113
7,720,21.600000,22.608000,0,1,4785263,655,15,655,15,0,0,113
7,720,21.600000,22.608000,0,1,4785273,683,11,683,11,0,0,113
7,720,21.600000,22.608000,0,1,4785285,722,5,722,5,0,0,113
7,720,21.600000,22.608000,0,1,4785297,775,0,775,-3,0,0,113
7,720,21.600000,22.608000,0,1,4785307,832,0,832,-12,0,0,113
7,720,21.600000,22.608000,0,1,4785319,882,0,882,-18,0,0,113
7,720,21.600000,22.608000,0,1,4785329,940,0,940,-25,0,0,113
7,720,21.600000,22.608000,0,1,4785341,993,0,993,-29,0,0,113
7,720,21.600000,22.608000,0,1,4785353,1046,0,1046,-34,0,0,113
7,720,21.600000,22.608000,0,1,4785364,1095,0,1095,-38,0,0,113
7,720,21.600000,22.608000,0,1,4785374,1127,0,1127,-40,0,0,113
7,720,21.600000,22.608000,0,1,4785386,1156,0,1156,-42,0,0,113
7,720,21.600000,22.608000,0,1,4785396,1180,0,1180,-44,0,0,113
7,720,21.600000,22.608000,0,1,4785407,1205,0,1205,-45,0,0,113
7,720,21.600000,22.608000,0,1,4785418,1223,0,1223,-46,0,0,113
7,720,21.600000,22.608000,0,1,4785429,1238,0,1238,-46,0,0,113
7,720,21.600000,22.608000,0,1,4785439,1247,0,1247,-46,0,0,113
7,720,21.600000,22.608000,0,1,4785450,1252,0,1252,-46,0,0,113
7,720,21.600000,22.608000,0,1,4785460,1254,0,1254,-46,0,0,113
7,720,21.600000,22.608000,0,1,4785471,1254,0,1254,-46,0,0,113
7,720,21.600000,22.608000,0,1,4785481,1254,0,1254,-46,0,0,113
7,720,21.600000,22.608000,0,1,4785491,1255,0,1255,-46,0,0,113
7,720,21.600000,22.608000,0,1,4785501,1257,0,1257,-46,0,0,113
7,720,21.600000,22.608000,0,1,4785511,1259,0,1259,-46,0,0,113
7,720,21.600000,22.608000,0,1,4785522,1261,0,1261,-47,0,0,113
7,720,21.600000,22.608000,0,1,4785533,1264,0,1264,-47,0,0,113
7,720,21.600000,22.608000,0,1,4785543,1269,0,1269,-47,0,0,113
7,720,21.600000,22.608000,0,1,4785553,1274,0,1274,-47,0,0,113
7,720,21.600000,22.608000,0,1,4785563,1277,0,1277,-47,0,0,113
7,720,21.600000,22.608000,0,1,4785574,1278,0,1278,-47,0,0,113
7,720,21.600000,22.608000,0,1,4785585,1279,0,1279,-47,0,0,113
7,720,21.600000,22.608000,0,1,4785595,1279,0,1279,-47,0,0,113
7,720,21.600000,22.608000,0,1,4785606,1279,0,1279,-47,0,0,113
7,720,21.600000,22.608000,0,1,4785616,1279,0,1279,-47,0,0,113
7,720,21.600000,22.608000,0,1,4785627,1282,0,1282,-47,0,0,113
7,720,21.600000,22.608000,0,1,4785638,1285,0,1285,-47,0,0,113
7,720,21.600000,22.608000,0,1,4785648,1289,0,1289,-47,0,0,113
7,720,21.600000,22.608000,0,1,4785659,1294,0,1294,-47,0,0,113
7,720,21.600000,22.608000,0,1,4785670,1300,0,1300,-47,0,0,113
7,720,21.600000,22.608000,0,1,4785680,1307,0,1307,-47,0,0,113
7,720,21.600000,22.608000,0,1,4785690,1314,0,1314,-47,0,0,113
7,720,21.600000,22.608000,0,1,4785702,1322,0,1322,-47,0,0,113
7,720,21.600000,22.608000,0,1,4785715,1330,0,1330,-47,0,0,113
7,720,21.600000,22.608000,0,1,4785727,1336,0,1336,-47,0,0,113
7,720,21.600000,22.608000,0,1,4785738,1342,0,1342,-47,0,0,113
7,720,21.600000,22.608000,0,1,4785749,1346,0,1346,-47,0,0,113
7,720,21.600000,22.608000,0,1,4785760,1347,0,1347,-47,0,0,113
7,720,21.600000,22.608000,0,1,4785771,1347,0,1347,-47,0,0,113
7,720,21.600000,22.608000,0,1,4785781,1347,0,1347,-47,0,0,113
7,720,21.600000,22.608000,0,1,4785790,1347,0,1347,-47,0,0,113
7,720,21.600000,22.608000,0,1,4785800,1347,0,1347,-47,0,0,113
7,720,21.600000,22.608000,0,1,4785810,1347,0,1347,-47,0,0,113
7,720,21.600000,22.608000,0,1,4785820,1347,0,1347,-47,0,0,113
7,720,21.600000,22.608000,0,1,4785831,1347,0,1347,-47,0,0,113
7,720,21.600000,22.608000,0,1,4785841,1347,0,1347,-47,0,0,113
7,720,21.600000,22.608000,0,1,4785852,1347,0,1347,-47,0,0,113
7,720,21.600000,22.608000,0,1,4785862,1347,0,1347,-47,0,0,113
7,720,21.600000,22.608000,0,1,4785873,1346,0,1346,-47,0,0,113
7,720,21.600000,22.608000,0,1,4785884,1345,1,1345,-46,0,0,113
7,720,21.600000,22.608000,0,1,4785894,1343,1,1343,-46,0,0,113
7,720,21.600000,22.608000,0,1,4785904,1342,2,1342,-45,0,0,113
7,720,21.600000,22.608000,0,1,4785914,1340,2,1340,-45,0,0,113
7,720,21.600000,22.608000,0,1,4785924,1337,2,1337,-45,0,0,113
7,720,21.600000,22.608000,0,1,4785935,1334,3,1334,-44,0,0,113
7,720,21.600000,22.608000,0,1,4785945,1332,3,1332,-44,0,0,113
7,720,21.600000,22.608000,0,1,4785955,1330,3,1330,-44,0,0,113
7,720,21.600000,22.608000,0,1,4785966,1328,4,1328,-43,0,0,113
7,720,21.600000,22.608000,0,1,4785976,1327,4,1327,-43,0,0,113
7,720,21.600000,22.608000,0,1,4785986,1326,4,1326,-43,0,0,113
7,720,21.600000,22.608000,0,1,4785996,1326,4,1326,-43,0,0,113
7,720,21.600000,22.608000,0,1,4786006,1326,4,1326,-43,0,0,113
7,720,21.600000,22.608000,0,1,4786016,1326,4,1326,-43,0,0,113
7,720,21.600000,22.608000,0,1,4786026,1326,4,1326,-43,0,0,113
7,720,21.600000,22.608000,0,1,4786037,1326,4,1326,-43,0,0,113
7,720,21.600000,22.608000,0,1,4786047,1326,4,1326,-43,0,0,113
7,720,21.600000,22.608000,0,1,4786057,1326,4,1326,-43,0,0,113
7,720,21.600000,22.608000,0,1,4786067,1326,4,1326,-43,0,0,113
7,720,21.600000,22.608000,0,1,4786078,1326,4,1326,-43,0,0,113
7,720,21.600000,22.608000,0,1,4786088,1326,4,1326,-43,0,0,113
7,720,21.600000,22.608000,0,1,4786099,1326,4,1326,-43,0,0,113
7,720,21.600000,22.608000,0,1,4786109,1326,4,1326,-43,0,0,113
7,720,21.600000,22.608000,0,1,4786119,1326,4,1326,-43,0,0,113
7,720,21.600000,22.608000,0,1,4786129,1326,4,1326,-43,0,0,113
7,720,21.600000,22.608000,0,1,4786140,1326,4,1326,-43,0,0,113
7,720,21.600000,22.608000,0,1,4786150,1326,4,1326,-43,0,0,113
