7,360,21.600000,42.984000,1,1,4790935,780,22,780,22,0,0,116
7,360,21.600000,42.984000,1,1,4790936,780,22,780,22,0,0,116
7,360,21.600000,42.984000,1,1,4790945,780,22,780,22,0,0,116
7,360,21.600000,42.984000,1,1,4790955,780,22,780,22,0,0,116
7,360,21.600000,42.984000,1,1,4790966,780,22,780,22,0,0,116
7,360,21.600000,42.984000,1,1,4790975,780,22,780,22,0,0,116
7,360,21.600000,42.984000,1,1,4790985,780,22,780,22,0,0,116
7,360,21.600000,42.984000,1,1,4790995,780,22,780,22,0,0,116
7,360,21.600000,42.984000,1,1,4791005,780,22,780,22,0,0,116
7,360,21.600000,42.984000,1,1,4791015,783,22,783,22,0,0,116
7,360,21.600000,42.984000,1,1,4791026,789,22,789,22,0,0,116
7,360,21.600000,42.984000,1,1,4791037,796,20,796,20,0,0,116
7,360,21.600000,42.984000,1,1,4791048,806,17,806,17,0,0,116
7,360,21.600000,42.984000,1,1,4791059,824,13,824,13,0,0,116
7,360,21.600000,42.984000,1,1,4791070,842,9,842,9,0,0,116
7,360,21.600000,42.984000,1,1,4791080,865,3,865,3,0,0,116
7,360,21.600000,42.984000,1,1,4791090,886,0,886,-2,0,0,116
7,360,21.600000,42.984000,1,1,4791101,905,0,905,-6,0,0,116
7,360,21.600000,42.984000,1,1,4791112,926,0,926,-9,0,0,116
7,360,21.600000,42.984000,1,1,4791122,942,0,942,-11,0,0,116
7,360,21.600000,42.984000,1,1,4791133,955,0,955,-13,0,0,116
7,360,21.600000,42.984000,1,1,4791144,968,0,968,-14,0,0,116
7,360,21.600000,42.984000,1,1,4791154,981,0,981,-15,0,0,116
7,360,21.600000,42.984000,1,1,4791164,992,0,992,-15,0,0,116
7,360,21.600000,42.984000,1,1,4791175,1002,0,1002,-16,0,0,116
7,360,21.600000,42.984000,1,1,4791185,1010,0,1010,-16,0,0,116
7,360,21.600000,42.984000,1,1,4791195,1020,0,1020,-16,0,0,116
7,360,21.600000,42.984000,1,1,4791206,1027,0,1027,-16,0,0,116
7,360,21.600000,42.984000,1,1,4791216,1032,0,1032,-16,0,0,116
7,360,21.600000,42.984000,1,1,4791226,1036,0,1036,-16,0,0,116
7,360,21.600000,42.984000,1,1,4791237,1040,0,1040,-16,0,0,116
7,360,21.600000,42.984000,1,1,4791247,1044,0,1044,-16,0,0,116
7,360,21.600000,42.984000,1,1,4791258,1048,1,1048,-15,0,0,116
7,360,21.600000,42.984000,1,1,4791269,1052,1,1052,-15,0,0,116
7,360,21.600000,42.984000,1,1,4791279,1056,1,1056,-15,0,0,116
7,360,21.600000,42.984000,1,1,4791289,1058,1,1058,-15,0,0,116
7,360,21.600000,42.984000,1,1,4791299,1058,1,1058,-15,0,0,116
7,360,21.600000,42.984000,1,1,4791309,1058,1,1058,-15,0,0,116
7,360,21.600000,42.984000,1,1,4791319,1059,1,1059,-15,0,0,116
7,360,21.600000,42.984000,1,1,4791329,1059,1,1059,-15,0,0,116
7,360,21.600000,42.984000,1,1,4791340,1060,1,1060,-15,0,0,116
7,360,21.600000,42.984000,1,1,4791351,1062,1,1062,-15,0,0,116
7,360,21.600000,42.984000,1,1,4791362,1065,1,1065,-15,0,0,116
7,360,21.600000,42.984000,1,1,4791372,1070,1,1070,-15,0,0,116
7,360,21.600000,42.984000,1,1,4791383,1076,1,1076,-15,0,0,116
7,360,21.600000,42.984000,1,1,4791393,1081,1,1081,-15,0,0,116
7,360,21.600000,42.984000,1,1,4791403,1086,1,1086,-15,0,0,116
7,360,21.600000,42.984000,1,1,4791413,1093,1,1093,-15,0,0,116
7,360,21.600000,42.984000,1,1,4791429,1100,1,1100,-15,0,0,116
7,360,21.600000,42.984000,1,1,4791445,1111,1,1111,-15,0,0,116
7,360,21.600000,42.984000,1,1,4791455,1122,1,1122,-15,0,0,116
7,360,21.600000,42.984000,1,1,4791465,1129,1,1129,-15,0,0,116
7,360,21.600000,42.984000,1,1,4791476,1137,1,1137,-15,0,0,116
7,360,21.600000,42.984000,1,1,4791487,1144,1,1144,-15,0,0,116
7,360,21.600000,42.984000,1,1,4791497,1150,1,1150,-15,0,0,116
7,360,21.600000,42.984000,1,1,4791506,1152,1,1152,-15,0,0,116
7,360,21.600000,42.984000,1,1,4791516,1152,1,1152,-15,0,0,116
7,360,21.600000,42.984000,1,1,4791527,1152,1,1152,-15,0,0,116
7,360,21.600000,42.984000,1,1,4791537,1152,1,1152,-15,0,0,116
7,360,21.600000,42.984000,1,1,4791547,1152,1,1152,-15,0,0,116
7,360,21.600000,42.984000,1,1,4791557,1152,1,1152,-15,0,0,116
7,360,21.600000,42.984000,1,1,4791567,1152,1,1152,-15,0,0,116
7,360,21.600000,42.984000,1,1,4791577,1152,1,1152,-15,0,0,116
7,360,21.600000,42.984000,1,1,4791587,1152,1,1152,-15,0,0,116
7,360,21.600000,42.984000,1,1,4791597,1152,1,1152,-15,0,0,116
7,360,21.600000,42.984000,1,1,4791607,1152,1,1152,-15,0,0,116
7,360,21.600000,42.984000,1,1,4791618,1152,1,1152,-15,0,0,116
7,360,21.600000,42.984000,1,1,4791627,1152,1,1152,-15,0,0,116
7,360,21.600000,42.984000,1,1,4791638,1152,1,1152,-15,0,0,116
7,360,21.600000,42.984000,1,1,4791652,1152,1,1152,-15,0,0,116
7,360,21.600000,42.984000,1,1,4791662,1152,1,1152,-15,0,0,116
7,360,21.600000,42.984000,1,1,4791672,1152,1,1152,-15,0,0,116
7,360,21.600000,42.984000,1,1,4791682,1152,1,1152,-15,0,0,116
7,360,21.600000,42.984000,1,1,4791692,1152,2,1152,-14,0,0,116
7,360,21.600000,42.984000,1,1,4791702,1151,2,1151,-14,0,0,116
7,360,21.600000,42.984000,1,1,4791712,1151,2,1151,-14,0,0,116
7,360,21.600000,42.984000,1,1,4791722,1149,2,1149,-14,0,0,116
7,360,21.600000,42.984000,1,1,4791733,1147,3,1147,-13,0,0,116
7,360,21.600000,42.984000,1,1,4791747,1145,3,1145,-13,0,0,116
7,360,21.600000,42.984000,1,1,4791757,1142,4,1142,-12,0,0,116
7,360,21.600000,42.984000,1,1,4791767,1140,4,1140,-12,0,0,116
7,360,21.600000,42.984000,1,1,4791776,1138,5,1138,-11,0,0,116
7,360,21.600000,42.984000,1,1,4791786,1137,5,1137,-11,0,0,116
7,360,21.600000,42.984000,1,1,4791796,1136,5,1136,-11,0,0,116
7,360,21.600000,42.984000,1,1,4791806,1136,5,1136,-11,0,0,116
7,360,21.600000,42.984000,1,1,4791816,1136,5,1136,-11,0,0,116
7,360,21.600000,42.984000,1,1,4791825,1136,5,1136,-11,0,0,116
7,360,21.600000,42.984000,1,1,4791835,1136,5,1136,-11,0,0,116
7,360,21.600000,42.984000,1,1,4791845,1136,5,1136,-11,0,0,116
7,360,21.600000,42.984000,1,1,4791856,1136,5,1136,-11,0,0,116
7,360,21.600000,42.984000,1,1,4791866,1136,5,1136,-11,0,0,116
7,360,21.600000,42.984000,1,1,4791875,1136,5,1136,-11,0,0,116
