7,360,82.800000,0.000000,1,1,4617612,780,22,780,22,0,0,26
7,360,82.800000,0.000000,1,1,4617612,780,22,780,22,0,0,26
7,360,82.800000,0.000000,1,1,4617622,780,22,780,22,0,0,26
7,360,82.800000,0.000000,1,1,4617632,780,22,780,22,0,0,26
7,360,82.800000,0.000000,1,1,4617641,780,22,780,22,0,0,26
7,360,82.800000,0.000000,1,1,4617651,780,22,780,22,0,0,26
7,360,82.800000,0.000000,1,1,4617660,780,22,780,22,0,0,26
7,360,82.800000,0.000000,1,1,4617670,780,22,780,22,0,0,26
7,360,82.800000,0.000000,1,1,4617679,780,22,780,22,0,0,26
7,360,82.800000,0.000000,1,1,4617689,780,22,780,22,0,0,26
7,360,82.800000,0.000000,1,1,4617698,780,22,780,22,0,0,26
7,360,82.800000,0.000000,1,1,4617709,780,22,780,22,0,0,26
7,360,82.800000,0.000000,1,1,4617719,780,22,780,22,0,0,26
7,360,82.800000,0.000000,1,1,4617731,782,21,782,21,0,0,26
7,360,82.800000,0.000000,1,1,4617746,786,19,786,19,0,0,26
7,360,82.800000,0.000000,1,1,4617757,795,15,795,15,0,0,26
7,360,82.800000,0.000000,1,1,4617768,804,11,804,11,0,0,26
7,360,82.800000,0.000000,1,1,4617779,818,5,818,5,0,0,26
7,360,82.800000,0.000000,1,1,4617790,836,0,836,-1,0,0,26
7,360,82.800000,0.000000,1,1,4617802,857,0,857,-8,0,0,26
7,360,82.800000,0.000000,1,1,4617813,882,0,882,-16,0,0,26
7,360,82.800000,0.000000,1,1,4617823,905,0,905,-22,0,0,26
7,360,82.800000,0.000000,1,1,4617835,925,0,925,-27,0,0,26
7,360,82.800000,0.000000,1,1,4617846,945,0,945,-31,0,0,26
7,360,82.800000,0.000000,1,1,4617856,962,0,962,-34,0,0,26
7,360,82.800000,0.000000,1,1,4617872,977,0,977,-37,0,0,26
7,360,82.800000,0.000000,1,1,4617883,998,0,998,-40,0,0,26
7,360,82.800000,0.000000,1,1,4617893,1012,0,1012,-42,0,0,26
7,360,82.800000,0.000000,1,1,4617904,1024,0,1024,-44,0,0,26
7,360,82.800000,0.000000,1,1,4617914,1036,0,1036,-45,0,0,26
7,360,82.800000,0.000000,1,1,4617925,1045,0,1045,-46,0,0,26
7,360,82.800000,0.000000,1,1,4617939,1059,0,1059,-46,0,0,26
7,360,82.800000,0.000000,1,1,4617950,1074,0,1074,-47,0,0,26
7,360,82.800000,0.000000,1,1,4617965,1088,0,1088,-47,0,0,26
7,360,82.800000,0.000000,1,1,4617980,1109,0,1109,-49,0,0,26
7,360,82.800000,0.000000,1,1,4617991,1131,0,1131,-50,0,0,26
7,360,82.800000,0.000000,1,1,4618001,1145,0,1145,-51,0,0,26
7,360,82.800000,0.000000,1,1,4618012,1155,0,1155,-52,0,0,26
7,360,82.800000,0.000000,1,1,4618027,1165,0,1165,-53,0,0,26
7,360,82.800000,0.000000,1,1,4618042,1175,0,1175,-53,0,0,26
7,360,82.800000,0.000000,1,1,4618052,1181,0,1181,-54,0,0,26
7,360,82.800000,0.000000,1,1,4618062,1185,0,1185,-54,0,0,26
7,360,82.800000,0.000000,1,1,4618072,1188,0,1188,-54,0,0,26
7,360,82.800000,0.000000,1,1,4618082,1191,0,1191,-54,0,0,26
7,360,82.800000,0.000000,1,1,4618092,1192,0,1192,-54,0,0,26
7,360,82.800000,0.000000,1,1,4618102,1192,0,1192,-54,0,0,26
7,360,82.800000,0.000000,1,1,4618111,1192,0,1192,-54,0,0,26
7,360,82.800000,0.000000,1,1,4618121,1192,0,1192,-54,0,0,26
7,360,82.800000,0.000000,1,1,4618131,1192,0,1192,-54,0,0,26
7,360,82.800000,0.000000,1,1,4618140,1192,0,1192,-54,0,0,26
7,360,82.800000,0.000000,1,1,4618150,1192,0,1192,-54,0,0,26
7,360,82.800000,0.000000,1,1,4618160,1192,0,1192,-54,0,0,26
7,360,82.800000,0.000000,1,1,4618170,1192,0,1192,-54,0,0,26
7,360,82.800000,0.000000,1,1,4618180,1192,0,1192,-54,0,0,26
7,360,82.800000,0.000000,1,1,4618189,1192,0,1192,-54,0,0,26
7,360,82.800000,0.000000,1,1,4618199,1192,0,1192,-54,0,0,26
7,360,82.800000,0.000000,1,1,4618209,1192,0,1192,-54,0,0,26
7,360,82.800000,0.000000,1,1,4618218,1191,0,1191,-54,0,0,26
7,360,82.800000,0.000000,1,1,4618229,1190,0,1190,-54,0,0,26
7,360,82.800000,0.000000,1,1,4618239,1189,0,1189,-54,0,0,26
7,360,82.800000,0.000000,1,1,4618249,1188,0,1188,-54,0,0,26
7,360,82.800000,0.000000,1,1,4618259,1187,0,1187,-54,0,0,26
7,360,82.800000,0.000000,1,1,4618269,1187,0,1187,-54,0,0,26
7,360,82.800000,0.000000,1,1,4618279,1186,0,1186,-54,0,0,26
7,360,82.800000,0.000000,1,1,4618288,1186,0,1186,-54,0,0,26
7,360,82.800000,0.000000,1,1,4618298,1185,0,1185,-54,0,0,26
7,360,82.800000,0.000000,1,1,4618308,1182,0,1182,-54,0,0,26
7,360,82.800000,0.000000,1,1,4618318,1177,0,1177,-54,0,0,26
7,360,82.800000,0.000000,1,1,4618327,1173,0,1173,-54,0,0,26
7,360,82.800000,0.000000,1,1,4618337,1170,1,1170,-53,0,0,26
7,360,82.800000,0.000000,1,1,4618347,1168,1,1168,-53,0,0,26
7,360,82.800000,0.000000,1,1,4618357,1167,1,1167,-53,0,0,26
7,360,82.800000,0.000000,1,1,4618366,1167,1,1167,-53,0,0,26
7,360,82.800000,0.000000,1,1,4618375,1167,1,1167,-53,0,0,26
7,360,82.800000,0.000000,1,1,4618385,1167,1,1167,-53,0,0,26
7,360,82.800000,0.000000,1,1,4618394,1167,1,1167,-53,0,0,26
7,360,82.800000,0.000000,1,1,4618403,1167,1,1167,-53,0,0,26
7,360,82.800000,0.000000,1,1,4618413,1167,1,1167,-53,0,0,26
7,360,82.800000,0.000000,1,1,4618423,1167,1,1167,-53,0,0,26
7,360,82.800000,0.000000,1,1,4618432,1167,1,1167,-53,0,0,26
7,360,82.800000,0.000000,1,1,4618442,1167,1,1167,-53,0,0,26
7,360,82.800000,0.000000,1,1,4618456,1167,1,1167,-53,0,0,26
7,360,82.800000,0.000000,1,1,4618466,1167,1,1167,-53,0,0,26
7,360,82.800000,0.000000,1,1,4618475,1167,1,1167,-53,0,0,26
