7,360,21.600000,12.276000,0,1,4560900,780,22,780,22,0,0,2
7,360,21.600000,12.276000,0,1,4560900,780,22,780,22,0,0,2
7,360,21.600000,12.276000,0,1,4560910,780,22,780,22,0,0,2
7,360,21.600000,12.276000,0,1,4560920,780,22,780,22,0,0,2
7,360,21.600000,12.276000,0,1,4560930,780,22,780,22,0,0,2
7,360,21.600000,12.276000,0,1,4560939,780,22,780,22,0,0,2
7,360,21.600000,12.276000,0,1,4560949,780,22,780,22,0,0,2
7,360,21.600000,12.276000,0,1,4560958,780,22,780,22,0,0,2
7,360,21.600000,12.276000,0,1,4560968,780,22,780,22,0,0,2
7,360,21.600000,12.276000,0,1,4560979,780,22,780,22,0,0,2
7,360,21.600000,12.276000,0,1,4560989,780,22,780,22,0,0,2
7,360,21.600000,12.276000,0,1,4560999,780,22,780,22,0,0,2
7,360,21.600000,12.276000,0,1,4561009,780,22,780,22,0,0,2
7,360,21.600000,12.276000,0,1,4561019,782,22,782,22,0,0,2
7,360,21.600000,12.276000,0,1,4561031,788,22,788,22,0,0,2
7,360,21.600000,12.276000,0,1,4561041,799,22,799,22,0,0,2
7,360,21.600000,12.276000,0,1,4561052,814,22,814,22,0,0,2
7,360,21.600000,12.276000,0,1,4561062,840,22,840,22,0,0,2
7,360,21.600000,12.276000,0,1,4561073,866,22,866,22,0,0,2
7,360,21.600000,12.276000,0,1,4561084,897,20,897,20,0,0,2
7,360,21.600000,12.276000,0,1,4561094,928,16,928,16,0,0,2
7,360,21.600000,12.276000,0,1,4561107,954,12,954,12,0,0,2
7,360,21.600000,12.276000,0,1,4561117,982,7,982,7,0,0,2
7,360,21.600000,12.276000,0,1,4561128,1004,2,1004,2,0,0,2
7,360,21.600000,12.276000,0,1,4561140,1024,0,1024,-3,0,0,2
7,360,21.600000,12.276000,0,1,4561151,1040,0,1040,-9,0,0,2
7,360,21.600000,12.276000,0,1,4561162,1052,0,1052,-12,0,0,2
7,360,21.600000,12.276000,0,1,4561172,1059,0,1059,-14,0,0,2
7,360,21.600000,12.276000,0,1,4561182,1065,0,1065,-16,0,0,2
7,360,21.600000,12.276000,0,1,4561193,1071,0,1071,-17,0,0,2
7,360,21.600000,12.276000,0,1,4561204,1076,0,1076,-18,0,0,2
7,360,21.600000,12.276000,0,1,4561216,1082,0,1082,-20,0,0,2
7,360,21.600000,12.276000,0,1,4561226,1087,0,1087,-22,0,0,2
7,360,21.600000,12.276000,0,1,4561237,1093,0,1093,-23,0,0,2
7,360,21.600000,12.276000,0,1,4561248,1104,0,1104,-26,0,0,2
7,360,21.600000,12.276000,0,1,4561258,1113,0,1113,-28,0,0,2
7,360,21.600000,12.276000,0,1,4561269,1122,0,1122,-30,0,0,2
7,360,21.600000,12.276000,0,1,4561280,1129,0,1129,-31,0,0,2
7,360,21.600000,12.276000,0,1,4561291,1132,0,1132,-32,0,0,2
7,360,21.600000,12.276000,0,1,4561300,1132,0,1132,-32,0,0,2
7,360,21.600000,12.276000,0,1,4561310,1132,0,1132,-32,0,0,2
7,360,21.600000,12.276000,0,1,4561321,1133,0,1133,-32,0,0,2
7,360,21.600000,12.276000,0,1,4561331,1134,0,1134,-33,0,0,2
7,360,21.600000,12.276000,0,1,4561341,1136,0,1136,-34,0,0,2
7,360,21.600000,12.276000,0,1,4561351,1137,0,1137,-34,0,0,2
7,360,21.600000,12.276000,0,1,4561361,1139,0,1139,-35,0,0,2
7,360,21.600000,12.276000,0,1,4561370,1141,0,1141,-36,0,0,2
7,360,21.600000,12.276000,0,1,4561380,1141,0,1141,-36,0,0,2
7,360,21.600000,12.276000,0,1,4561390,1141,0,1141,-36,0,0,2
7,360,21.600000,12.276000,0,1,4561399,1141,0,1141,-36,0,0,2
7,360,21.600000,12.276000,0,1,4561408,1141,0,1141,-36,0,0,2
7,360,21.600000,12.276000,0,1,4561418,1141,0,1141,-36,0,0,2
7,360,21.600000,12.276000,0,1,4561427,1141,0,1141,-36,0,0,2
7,360,21.600000,12.276000,0,1,4561437,1141,0,1141,-36,0,0,2
7,360,21.600000,12.276000,0,1,4561447,1142,0,1142,-37,0,0,2
7,360,21.600000,12.276000,0,1,4561457,1143,0,1143,-37,0,0,2
7,360,21.600000,12.276000,0,1,4561466,1143,0,1143,-37,0,0,2
7,360,21.600000,12.276000,0,1,4561477,1143,0,1143,-37,0,0,2
7,360,21.600000,12.276000,0,1,4561487,1144,0,1144,-37,0,0,2
7,360,21.600000,12.276000,0,1,4561497,1144,0,1144,-37,0,0,2
7,360,21.600000,12.276000,0,1,4561506,1144,0,1144,-37,0,0,2
7,360,21.600000,12.276000,0,1,4561516,1144,0,1144,-37,0,0,2
7,360,21.600000,12.276000,0,1,4561526,1144,0,1144,-37,0,0,2
7,360,21.600000,12.276000,0,1,4561535,1144,0,1144,-37,0,0,2
7,360,21.600000,12.276000,0,1,4561545,1144,0,1144,-37,0,0,2
7,360,21.600000,12.276000,0,1,4561554,1144,0,1144,-37,0,0,2
7,360,21.600000,12.276000,0,1,4561564,1144,0,1144,-37,0,0,2
7,360,21.600000,12.276000,0,1,4561573,1144,0,1144,-37,0,0,2
