7,720,21.600000,22.608000,0,0,4706330,600,0,600,0,0,0,69
7,720,21.600000,22.608000,0,0,4706331,600,0,600,0,0,0,69
7,720,21.600000,22.608000,0,0,4706340,600,0,600,0,0,0,69
7,720,21.600000,22.608000,0,0,4706350,600,0,600,0,0,0,69
7,720,21.600000,22.608000,0,0,4706360,600,0,600,0,0,0,69
7,720,21.600000,22.608000,0,0,4706371,600,0,600,0,0,0,69
7,720,21.600000,22.608000,0,0,4706381,600,0,600,0,0,0,69
7,720,21.600000,22.608000,0,0,4706391,600,0,600,0,0,0,69
7,720,21.600000,22.608000,0,0,4706400,600,0,600,0,0,0,69
7,720,21.600000,22.608000,0,0,4706410,600,0,600,0,0,0,69
7,720,21.600000,22.608000,0,0,4706420,600,0,600,0,0,0,69
7,720,21.600000,22.608000,0,0,4706430,600,0,600,0,0,0,69
7,720,21.600000,22.608000,0,0,4706440,600,0,600,0,0,0,69
7,720,21.600000,22.608000,0,0,4706451,601,0,601,0,0,0,69
7,720,21.600000,22.608000,0,0,4706463,607,0,607,0,0,0,69
7,720,21.600000,22.608000,0,0,4706474,620,0,620,-1,0,0,69
7,720,21.600000,22.608000,0,0,4706485,639,0,639,-2,0,0,69
7,720,21.600000,22.608000,0,0,4706495,664,0,664,-4,0,0,69
7,720,21.600000,22.608000,0,0,4706506,696,0,696,-6,0,0,69
7,720,21.600000,22.608000,0,0,4706517,737,0,737,-8,0,0,69
7,720,21.600000,22.608000,0,0,4706528,790,0,790,-11,0,0,69
7,720,21.600000,22.608000,0,0,4706540,842,0,842,-14,0,0,69
7,720,21.600000,22.608000,0,0,4706552,886,0,886,-17,0,0,69
7,720,21.600000,22.608000,0,0,4706563,940,0,940,-21,0,0,69
7,720,21.600000,22.608000,0,0,4706573,979,0,979,-24,0,0,69
7,720,21.600000,22.608000,0,0,4706584,1017,0,1017,-27,0,0,69
7,720,21.600000,22.608000,0,0,4706595,1046,0,1046,-29,0,0,69
7,720,21.600000,22.608000,0,0,4706606,1073,0,1073,-31,0,0,69
7,720,21.600000,22.608000,0,0,4706617,1099,0,1099,-34,0,0,69
7,720,21.600000,22.608000,0,0,4706627,1116,0,1116,-36,0,0,69
7,720,21.600000,22.608000,0,0,4706640,1130,0,1130,-37,0,0,69
7,720,21.600000,22.608000,0,0,4706650,1145,0,1145,-39,0,0,69
7,720,21.600000,22.608000,0,0,4706661,1157,0,1157,-40,0,0,69
7,720,21.600000,22.608000,0,0,4706672,1169,0,1169,-40,0,0,69
7,720,21.600000,22.608000,0,0,4706682,1181,0,1181,-41,0,0,69
7,720,21.600000,22.608000,0,0,4706693,1189,0,1189,-42,0,0,69
7,720,21.600000,22.608000,0,0,4706703,1197,0,1197,-43,0,0,69
7,720,21.600000,22.608000,0,0,4706714,1203,0,1203,-44,0,0,69
7,720,21.600000,22.608000,0,0,4706724,1208,0,1208,-44,0,0,69
7,720,21.600000,22.608000,0,0,4706735,1211,0,1211,-45,0,0,69
7,720,21.600000,22.608000,0,0,4706745,1213,0,1213,-45,0,0,69
7,720,21.600000,22.608000,0,0,4706755,1215,0,1215,-45,0,0,69
7,720,21.600000,22.608000,0,0,4706765,1216,0,1216,-45,0,0,69
7,720,21.600000,22.608000,0,0,4706775,1217,0,1217,-45,0,0,69
7,720,21.600000,22.608000,0,0,4706785,1219,0,1219,-46,0,0,69
7,720,21.600000,22.608000,0,0,4706796,1224,0,1224,-47,0,0,69
7,720,21.600000,22.608000,0,0,4706808,1231,0,1231,-48,0,0,69
7,720,21.600000,22.608000,0,0,4706818,1243,0,1243,-50,0,0,69
7,720,21.600000,22.608000,0,0,4706829,1255,0,1255,-51,0,0,69
7,720,21.600000,22.608000,0,0,4706840,1268,0,1268,-53,0,0,69
7,720,21.600000,22.608000,0,0,4706851,1279,0,1279,-55,0,0,69
7,720,21.600000,22.608000,0,0,4706862,1286,0,1286,-56,0,0,69
7,720,21.600000,22.608000,0,0,4706871,1291,0,1291,-56,0,0,69
7,720,21.600000,22.608000,0,0,4706881,1293,0,1293,-56,0,0,69
7,720,21.600000,22.608000,0,0,4706891,1294,0,1294,-56,0,0,69
7,720,21.600000,22.608000,0,0,4706901,1295,0,1295,-56,0,0,69
7,720,21.600000,22.608000,0,0,4706911,1295,0,1295,-56,0,0,69
7,720,21.600000,22.608000,0,0,4706921,1296,0,1296,-57,0,0,69
7,720,21.600000,22.608000,0,0,4706932,1298,0,1298,-57,0,0,69
7,720,21.600000,22.608000,0,0,4706941,1299,0,1299,-57,0,0,69
7,720,21.600000,22.608000,0,0,4706951,1300,0,1300,-57,0,0,69
7,720,21.600000,22.608000,0,0,4706960,1302,0,1302,-57,0,0,69
7,720,21.600000,22.608000,0,0,4706970,1304,0,1304,-57,0,0,69
7,720,21.600000,22.608000,0,0,4706981,1304,0,1304,-57,0,0,69
7,720,21.600000,22.608000,0,0,4706990,1304,0,1304,-57,0,0,69
7,720,21.600000,22.608000,0,0,4707000,1304,0,1304,-57,0,0,69
7,720,21.600000,22.608000,0,0,4707009,1304,0,1304,-57,0,0,69
7,720,21.600000,22.608000,0,0,4707019,1304,0,1304,-57,0,0,69
7,720,21.600000,22.608000,0,0,4707029,1305,0,1305,-57,0,0,69
7,720,21.600000,22.608000,0,0,4707039,1306,0,1306,-57,0,0,69
7,720,21.600000,22.608000,0,0,4707049,1307,0,1307,-57,0,0,69
7,720,21.600000,22.608000,0,0,4707059,1309,0,1309,-58,0,0,69
7,720,21.600000,22.608000,0,0,4707068,1310,0,1310,-58,0,0,69
7,720,21.600000,22.608000,0,0,4707078,1311,0,1311,-58,0,0,69
7,720,21.600000,22.608000,0,0,4707087,1312,0,1312,-58,0,0,69
7,720,21.600000,22.608000,0,0,4707097,1313,0,1313,-58,0,0,69
7,720,21.600000,22.608000,0,0,4707107,1314,0,1314,-58,0,0,69
7,720,21.600000,22.608000,0,0,4707117,1315,0,1315,-58,0,0,69
7,720,21.600000,22.608000,0,0,4707127,1316,0,1316,-58,0,0,69
7,720,21.600000,22.608000,0,0,4707137,1318,0,1318,-58,0,0,69
7,720,21.600000,22.608000,0,0,4707147,1318,0,1318,-58,0,0,69
7,720,21.600000,22.608000,0,0,4707157,1318,0,1318,-58,0,0,69
7,720,21.600000,22.608000,0,0,4707167,1318,0,1318,-58,0,0,69
7,720,21.600000,22.608000,0,0,4707176,1318,0,1318,-58,0,0,69
7,720,21.600000,22.608000,0,0,4707187,1318,0,1318,-58,0,0,69
7,720,21.600000,22.608000,0,0,4707198,1318,0,1318,-58,0,0,69
7,720,21.600000,22.608000,0,0,4707208,1318,0,1318,-58,0,0,69
7,720,21.600000,22.608000,0,0,4707218,1318,0,1318,-58,0,0,69
7,720,21.600000,22.608000,0,0,4707228,1318,0,1318,-58,0,0,69
7,720,21.600000,22.608000,0,0,4707238,1318,0,1318,-58,0,0,69
7,720,21.600000,22.608000,0,0,4707247,1318,0,1318,-59,0,0,69
7,720,21.600000,22.608000,0,0,4707257,1318,0,1318,-59,0,0,69
7,720,21.600000,22.608000,0,0,4707265,1318,0,1318,-59,0,0,69
