7,360,21.600000,10000.000000,0,0,4759820,780,0,780,0,0,0,99
7,360,21.600000,10000.000000,0,0,4759821,780,0,780,0,0,0,99
7,360,21.600000,10000.000000,0,0,4759831,780,0,780,0,0,0,99
7,360,21.600000,10000.000000,0,0,4759840,780,0,780,0,0,0,99
7,360,21.600000,10000.000000,0,0,4759851,780,0,780,0,0,0,99
7,360,21.600000,10000.000000,0,0,4759861,780,0,780,0,0,0,99
7,360,21.600000,10000.000000,0,0,4759871,780,0,780,0,0,0,99
7,360,21.600000,10000.000000,0,0,4759881,780,0,780,0,0,0,99
7,360,21.600000,10000.000000,0,0,4759892,780,0,780,0,0,0,99
7,360,21.600000,10000.000000,0,0,4759903,780,0,780,0,0,0,99
7,360,21.600000,10000.000000,0,0,4759913,782,0,782,0,0,0,99
7,360,21.600000,10000.000000,0,0,4759924,788,0,788,0,0,0,99
7,360,21.600000,10000.000000,0,0,4759934,796,0,796,0,0,0,99
7,360,21.600000,10000.000000,0,0,4759945,811,0,811,0,0,0,99
7,360,21.600000,10000.000000,0,0,4759956,831,0,831,0,0,0,99
7,360,21.600000,10000.000000,0,0,4759967,858,0,858,-3,0,0,99
7,360,21.600000,10000.000000,0,0,4759977,883,0,883,-4,0,0,99
7,360,21.600000,10000.000000,0,0,4759987,917,0,917,-5,0,0,99
7,360,21.600000,10000.000000,0,0,4759997,952,0,952,-6,0,0,99
7,360,21.600000,10000.000000,0,0,4760008,984,0,984,-7,0,0,99
7,360,21.600000,10000.000000,0,0,4760018,1013,0,1013,-8,0,0,99
7,360,21.600000,10000.000000,0,0,4760029,1035,0,1035,-10,0,0,99
7,360,21.600000,10000.000000,0,0,4760039,1049,0,1049,-12,0,0,99
7,360,21.600000,10000.000000,0,0,4760050,1059,0,1059,-13,0,0,99
7,360,21.600000,10000.000000,0,0,4760060,1075,0,1075,-15,0,0,99
7,360,21.600000,10000.000000,0,0,4760071,1078,0,1078,-16,0,0,99
7,360,21.600000,10000.000000,0,0,4760082,1080,0,1080,-16,0,0,99
7,360,21.600000,10000.000000,0,0,4760092,1081,0,1081,-16,0,0,99
7,360,21.600000,10000.000000,0,0,4760103,1083,0,1083,-17,0,0,99
7,360,21.600000,10000.000000,0,0,4760114,1086,0,1086,-18,0,0,99
7,360,21.600000,10000.000000,0,0,4760124,1091,0,1091,-18,0,0,99
7,360,21.600000,10000.000000,0,0,4760136,1097,0,1097,-18,0,0,99
7,360,21.600000,10000.000000,0,0,4760147,1104,0,1104,-19,0,0,99
7,360,21.600000,10000.000000,0,0,4760158,1112,0,1112,-19,0,0,99
7,360,21.600000,10000.000000,0,0,4760168,1118,0,1118,-20,0,0,99
7,360,21.600000,10000.000000,0,0,4760178,1120,0,1120,-20,0,0,99
7,360,21.600000,10000.000000,0,0,4760188,1121,0,1121,-20,0,0,99
7,360,21.600000,10000.000000,0,0,4760197,1121,0,1121,-20,0,0,99
7,360,21.600000,10000.000000,0,0,4760208,1121,0,1121,-20,0,0,99
7,360,21.600000,10000.000000,0,0,4760219,1121,0,1121,-20,0,0,99
7,360,21.600000,10000.000000,0,0,4760229,1121,0,1121,-20,0,0,99
7,360,21.600000,10000.000000,0,0,4760239,1121,0,1121,-20,0,0,99
7,360,21.600000,10000.000000,0,0,4760249,1121,0,1121,-20,0,0,99
7,360,21.600000,10000.000000,0,0,4760259,1122,0,1122,-20,0,0,99
7,360,21.600000,10000.000000,0,0,4760269,1123,0,1123,-20,0,0,99
7,360,21.600000,10000.000000,0,0,4760279,1123,0,1123,-21,0,0,99
7,360,21.600000,10000.000000,0,0,4760289,1124,0,1124,-21,0,0,99
7,360,21.600000,10000.000000,0,0,4760300,1125,0,1125,-22,0,0,99
7,360,21.600000,10000.000000,0,0,4760311,1127,0,1127,-22,0,0,99
7,360,21.600000,10000.000000,0,0,4760321,1128,0,1128,-22,0,0,99
7,360,21.600000,10000.000000,0,0,4760332,1129,0,1129,-22,0,0,99
7,360,21.600000,10000.000000,0,0,4760342,1129,0,1129,-23,0,0,99
7,360,21.600000,10000.000000,0,0,4760353,1130,0,1130,-23,0,0,99
7,360,21.600000,10000.000000,0,0,4760363,1131,0,1131,-23,0,0,99
7,360,21.600000,10000.000000,0,0,4760374,1131,0,1131,-23,0,0,99
7,360,21.600000,10000.000000,0,0,4760388,1131,0,1131,-23,0,0,99
7,360,21.600000,10000.000000,0,0,4760398,1131,0,1131,-23,0,0,99
7,360,21.600000,10000.000000,0,0,4760408,1132,0,1132,-23,0,0,99
7,360,21.600000,10000.000000,0,0,4760418,1133,0,1133,-23,0,0,99
7,360,21.600000,10000.000000,0,0,4760428,1134,0,1134,-23,0,0,99
7,360,21.600000,10000.000000,0,0,4760438,1135,0,1135,-23,0,0,99
7,360,21.600000,10000.000000,0,0,4760449,1135,0,1135,-23,0,0,99
7,360,21.600000,10000.000000,0,0,4760459,1136,0,1136,-23,0,0,99
7,360,21.600000,10000.000000,0,0,4760470,1136,0,1136,-24,0,0,99
7,360,21.600000,10000.000000,0,0,4760480,1136,0,1136,-24,0,0,99
7,360,21.600000,10000.000000,0,0,4760490,1137,0,1137,-24,0,0,99
7,360,21.600000,10000.000000,0,0,4760501,1138,0,1138,-24,0,0,99
7,360,21.600000,10000.000000,0,0,4760511,1139,0,1139,-24,0,0,99
7,360,21.600000,10000.000000,0,0,4760520,1140,0,1140,-24,0,0,99
7,360,21.600000,10000.000000,0,0,4760531,1140,0,1140,-24,0,0,99
7,360,21.600000,10000.000000,0,0,4760541,1140,0,1140,-24,0,0,99
7,360,21.600000,10000.000000,0,0,4760551,1140,0,1140,-24,0,0,99
7,360,21.600000,10000.000000,0,0,4760561,1140,0,1140,-24,0,0,99
7,360,21.600000,10000.000000,0,0,4760571,1140,0,1140,-24,0,0,99
7,360,21.600000,10000.000000,0,0,4760582,1140,0,1140,-24,0,0,99
7,360,21.600000,10000.000000,0,0,4760591,1140,0,1140,-24,0,0,99
7,360,21.600000,10000.000000,0,0,4760601,1140,0,1140,-24,0,0,99
7,360,21.600000,10000.000000,0,0,4760611,1140,0,1140,-24,0,0,99
7,360,21.600000,10000.000000,0,0,4760620,1140,0,1140,-24,0,0,99
