7,720,50.400000,22.608000,1,0,4718980,600,0,600,0,0,0,76
7,720,50.400000,22.608000,1,0,4718981,600,0,600,0,0,0,76
7,720,50.400000,22.608000,1,0,4718991,600,0,600,0,0,0,76
7,720,50.400000,22.608000,1,0,4719001,600,0,600,0,0,0,76
7,720,50.400000,22.608000,1,0,4719010,600,0,600,0,0,0,76
7,720,50.400000,22.608000,1,0,4719020,600,0,600,0,0,0,76
7,720,50.400000,22.608000,1,0,4719029,600,0,600,0,0,0,76
7,720,50.400000,22.608000,1,0,4719039,600,0,600,0,0,0,76
7,720,50.400000,22.608000,1,0,4719048,600,0,600,0,0,0,76
7,720,50.400000,22.608000,1,0,4719059,600,0,600,0,0,0,76
7,720,50.400000,22.608000,1,0,4719071,601,0,601,0,0,0,76
7,720,50.400000,22.608000,1,0,4719082,605,0,605,0,0,0,76
7,720,50.400000,22.608000,1,0,4719093,614,0,614,0,0,0,76
7,720,50.400000,22.608000,1,0,4719104,629,0,629,0,0,0,76
7,720,50.400000,22.608000,1,0,4719119,651,0,651,0,0,0,76
7,720,50.400000,22.608000,1,0,4719130,697,0,697,-2,0,0,76
7,720,50.400000,22.608000,1,0,4719141,738,0,738,-3,0,0,76
7,720,50.400000,22.608000,1,0,4719151,787,0,787,-4,0,0,76
7,720,50.400000,22.608000,1,0,4719162,835,0,835,-6,0,0,76
7,720,50.400000,22.608000,1,0,4719172,884,0,884,-7,0,0,76
7,720,50.400000,22.608000,1,0,4719183,943,0,943,-8,0,0,76
7,720,50.400000,22.608000,1,0,4719193,1004,0,1004,-9,0,0,76
7,720,50.400000,22.608000,1,0,4719204,1061,0,1061,-11,0,0,76
7,720,50.400000,22.608000,1,0,4719215,1118,0,1118,-12,0,0,76
7,720,50.400000,22.608000,1,0,4719225,1155,0,1155,-13,0,0,76
7,720,50.400000,22.608000,1,0,4719236,1198,0,1198,-14,0,0,76
7,720,50.400000,22.608000,1,0,4719247,1234,0,1234,-15,0,0,76
7,720,50.400000,22.608000,1,0,4719258,1261,0,1261,-16,0,0,76
7,720,50.400000,22.608000,1,0,4719270,1276,0,1276,-16,0,0,76
7,720,50.400000,22.608000,1,0,4719279,1283,0,1283,-16,0,0,76
7,720,50.400000,22.608000,1,0,4719291,1285,0,1285,-16,0,0,76
7,720,50.400000,22.608000,1,0,4719300,1286,0,1286,-16,0,0,76
7,720,50.400000,22.608000,1,0,4719311,1286,0,1286,-16,0,0,76
7,720,50.400000,22.608000,1,0,4719320,1286,0,1286,-16,0,0,76
7,720,50.400000,22.608000,1,0,4719331,1286,0,1286,-16,0,0,76
7,720,50.400000,22.608000,1,0,4719341,1289,0,1289,-16,0,0,76
7,720,50.400000,22.608000,1,0,4719353,1294,0,1294,-17,0,0,76
7,720,50.400000,22.608000,1,0,4719363,1298,0,1298,-18,0,0,76
7,720,50.400000,22.608000,1,0,4719372,1300,0,1300,-18,0,0,76
7,720,50.400000,22.608000,1,0,4719382,1300,0,1300,-18,0,0,76
7,720,50.400000,22.608000,1,0,4719393,1300,0,1300,-18,0,0,76
7,720,50.400000,22.608000,1,0,4719403,1300,0,1300,-18,0,0,76
7,720,50.400000,22.608000,1,0,4719413,1300,0,1300,-18,0,0,76
7,720,50.400000,22.608000,1,0,4719423,1302,0,1302,-18,0,0,76
7,720,50.400000,22.608000,1,0,4719433,1304,0,1304,-18,0,0,76
7,720,50.400000,22.608000,1,0,4719444,1308,0,1308,-19,0,0,76
7,720,50.400000,22.608000,1,0,4719453,1312,0,1312,-20,0,0,76
7,720,50.400000,22.608000,1,0,4719469,1313,0,1313,-20,0,0,76
7,720,50.400000,22.608000,1,0,4719478,1313,0,1313,-20,0,0,76
7,720,50.400000,22.608000,1,0,4719488,1313,0,1313,-20,0,0,76
7,720,50.400000,22.608000,1,0,4719498,1313,0,1313,-20,0,0,76
7,720,50.400000,22.608000,1,0,4719508,1313,0,1313,-20,0,0,76
7,720,50.400000,22.608000,1,0,4719517,1313,0,1313,-20,0,0,76
7,720,50.400000,22.608000,1,0,4719526,1313,0,1313,-20,0,0,76
7,720,50.400000,22.608000,1,0,4719537,1313,0,1313,-20,0,0,76
7,720,50.400000,22.608000,1,0,4719547,1313,0,1313,-20,0,0,76
7,720,50.400000,22.608000,1,0,4719555,1313,0,1313,-20,0,0,76
7,720,50.400000,22.608000,1,0,4719565,1313,0,1313,-20,0,0,76
7,720,50.400000,22.608000,1,0,4719575,1313,0,1313,-20,0,0,76
7,720,50.400000,22.608000,1,0,4719584,1313,0,1313,-20,0,0,76
7,720,50.400000,22.608000,1,0,4719595,1313,0,1313,-20,0,0,76
7,720,50.400000,22.608000,1,0,4719605,1313,0,1313,-20,0,0,76
7,720,50.400000,22.608000,1,0,4719615,1313,0,1313,-20,0,0,76
7,720,50.400000,22.608000,1,0,4719625,1313,0,1313,-20,0,0,76
7,720,50.400000,22.608000,1,0,4719634,1313,0,1313,-20,0,0,76
7,720,50.400000,22.608000,1,0,4719644,1313,0,1313,-20,0,0,76
7,720,50.400000,22.608000,1,0,4719653,1313,0,1313,-20,0,0,76
7,720,50.400000,22.608000,1,0,4719662,1313,0,1313,-20,0,0,76
