7,720,21.600000,10000.000000,1,1,4752014,600,22,600,22,0,0,95
7,720,21.600000,10000.000000,1,1,4752015,600,22,600,22,0,0,95
7,720,21.600000,10000.000000,1,1,4752025,600,22,600,22,0,0,95
7,720,21.600000,10000.000000,1,1,4752035,600,22,600,22,0,0,95
7,720,21.600000,10000.000000,1,1,4752046,600,22,600,22,0,0,95
7,720,21.600000,10000.000000,1,1,4752057,600,22,600,22,0,0,95
7,720,21.600000,10000.000000,1,1,4752068,600,22,600,22,0,0,95
7,720,21.600000,10000.000000,1,1,4752079,602,22,602,22,0,0,95
7,720,21.600000,10000.000000,1,1,4752090,606,21,606,21,0,0,95
7,720,21.600000,10000.000000,1,1,4752101,616,20,616,20,0,0,95
7,720,21.600000,10000.000000,1,1,4752113,634,18,634,18,0,0,95
7,720,21.600000,10000.000000,1,1,4752123,659,14,659,14,0,0,95
7,720,21.600000,10000.000000,1,1,4752134,682,11,682,11,0,0,95
7,720,21.600000,10000.000000,1,1,4752145,712,7,712,7,0,0,95
7,720,21.600000,10000.000000,1,1,4752156,747,4,747,4,0,0,95
7,720,21.600000,10000.000000,1,1,4752167,777,0,777,0,0,0,95
7,720,21.600000,10000.000000,1,1,4752178,812,0,812,-4,0,0,95
7,720,21.600000,10000.000000,1,1,4752189,853,0,853,-10,0,0,95
7,720,21.600000,10000.000000,1,1,4752199,893,0,893,-15,0,0,95
7,720,21.600000,10000.000000,1,1,4752213,935,0,935,-19,0,0,95
7,720,21.600000,10000.000000,1,1,4752225,999,0,999,-25,0,0,95
7,720,21.600000,10000.000000,1,1,4752236,1043,0,1043,-27,0,0,95
7,720,21.600000,10000.000000,1,1,4752247,1084,0,1084,-29,0,0,95
7,720,21.600000,10000.000000,1,1,4752257,1129,0,1129,-31,0,0,95
7,720,21.600000,10000.000000,1,1,4752268,1169,0,1169,-33,0,0,95
7,720,21.600000,10000.000000,1,1,4752279,1194,0,1194,-34,0,0,95
7,720,21.600000,10000.000000,1,1,4752291,1212,0,1212,-34,0,0,95
7,720,21.600000,10000.000000,1,1,4752301,1222,0,1222,-35,0,0,95
7,720,21.600000,10000.000000,1,1,4752311,1226,0,1226,-35,0,0,95
7,720,21.600000,10000.000000,1,1,4752323,1227,0,1227,-35,0,0,95
7,720,21.600000,10000.000000,1,1,4752334,1228,0,1228,-35,0,0,95
7,720,21.600000,10000.000000,1,1,4752344,1228,0,1228,-35,0,0,95
7,720,21.600000,10000.000000,1,1,4752356,1230,0,1230,-36,0,0,95
7,720,21.600000,10000.000000,1,1,4752367,1232,0,1232,-36,0,0,95
7,720,21.600000,10000.000000,1,1,4752377,1234,0,1234,-36,0,0,95
7,720,21.600000,10000.000000,1,1,4752388,1235,0,1235,-36,0,0,95
7,720,21.600000,10000.000000,1,1,4752398,1235,0,1235,-36,0,0,95
7,720,21.600000,10000.000000,1,1,4752409,1235,0,1235,-36,0,0,95
7,720,21.600000,10000.000000,1,1,4752419,1235,0,1235,-36,0,0,95
7,720,21.600000,10000.000000,1,1,4752429,1235,0,1235,-36,0,0,95
7,720,21.600000,10000.000000,1,1,4752440,1236,0,1236,-36,0,0,95
7,720,21.600000,10000.000000,1,1,4752450,1238,0,1238,-37,0,0,95
7,720,21.600000,10000.000000,1,1,4752466,1242,0,1242,-37,0,0,95
7,720,21.600000,10000.000000,1,1,4752481,1249,0,1249,-38,0,0,95
7,720,21.600000,10000.000000,1,1,4752491,1255,0,1255,-38,0,0,95
7,720,21.600000,10000.000000,1,1,4752502,1259,0,1259,-40,0,0,95
7,720,21.600000,10000.000000,1,1,4752512,1264,0,1264,-41,0,0,95
7,720,21.600000,10000.000000,1,1,4752523,1268,0,1268,-41,0,0,95
7,720,21.600000,10000.000000,1,1,4752534,1274,0,1274,-42,0,0,95
7,720,21.600000,10000.000000,1,1,4752546,1282,0,1282,-43,0,0,95
7,720,21.600000,10000.000000,1,1,4752560,1289,0,1289,-43,0,0,95
7,720,21.600000,10000.000000,1,1,4752571,1298,0,1298,-44,0,0,95
7,720,21.600000,10000.000000,1,1,4752582,1302,0,1302,-45,0,0,95
7,720,21.600000,10000.000000,1,1,4752592,1305,0,1305,-46,0,0,95
7,720,21.600000,10000.000000,1,1,4752601,1308,0,1308,-47,0,0,95
7,720,21.600000,10000.000000,1,1,4752611,1309,0,1309,-47,0,0,95
7,720,21.600000,10000.000000,1,1,4752622,1309,0,1309,-47,0,0,95
7,720,21.600000,10000.000000,1,1,4752632,1309,0,1309,-47,0,0,95
7,720,21.600000,10000.000000,1,1,4752642,1309,0,1309,-47,0,0,95
7,720,21.600000,10000.000000,1,1,4752652,1309,0,1309,-47,0,0,95
7,720,21.600000,10000.000000,1,1,4752662,1309,0,1309,-47,0,0,95
7,720,21.600000,10000.000000,1,1,4752673,1309,0,1309,-47,0,0,95
7,720,21.600000,10000.000000,1,1,4752684,1309,0,1309,-47,0,0,95
7,720,21.600000,10000.000000,1,1,4752694,1309,0,1309,-47,0,0,95
7,720,21.600000,10000.000000,1,1,4752705,1309,0,1309,-47,0,0,95
7,720,21.600000,10000.000000,1,1,4752719,1309,0,1309,-47,0,0,95
7,720,21.600000,10000.000000,1,1,4752729,1309,0,1309,-47,0,0,95
7,720,21.600000,10000.000000,1,1,4752741,1309,0,1309,-47,0,0,95
7,720,21.600000,10000.000000,1,1,4752752,1309,0,1309,-47,0,0,95
7,720,21.600000,10000.000000,1,1,4752762,1309,0,1309,-47,0,0,95
7,720,21.600000,10000.000000,1,1,4752772,1309,0,1309,-47,0,0,95
7,720,21.600000,10000.000000,1,1,4752782,1309,0,1309,-47,0,0,95
7,720,21.600000,10000.000000,1,1,4752793,1309,0,1309,-47,0,0,95
7,720,21.600000,10000.000000,1,1,4752804,1309,0,1309,-47,0,0,95
7,720,21.600000,10000.000000,1,1,4752814,1309,0,1309,-47,0,0,95
7,720,21.600000,10000.000000,1,1,4752824,1309,0,1309,-47,0,0,95
7,720,21.600000,10000.000000,1,1,4752834,1309,0,1309,-47,0,0,95
7,720,21.600000,10000.000000,1,1,4752844,1309,0,1309,-47,1,0,95
