7,720,21.600000,42.984000,0,0,4774365,600,0,600,0,0,0,107
7,720,21.600000,42.984000,0,0,4774365,600,0,600,0,0,0,107
7,720,21.600000,42.984000,0,0,4774376,600,0,600,0,0,0,107
7,720,21.600000,42.984000,0,0,4774386,600,0,600,0,0,0,107
7,720,21.600000,42.984000,0,0,4774397,600,0,600,0,0,0,107
7,720,21.600000,42.984000,0,0,4774407,600,0,600,0,0,0,107
7,720,21.600000,42.984000,0,0,4774417,600,0,600,0,0,0,107
7,720,21.600000,42.984000,0,0,4774427,600,0,600,0,0,0,107
7,720,21.600000,42.984000,0,0,4774438,600,0,600,0,0,0,107
7,720,21.600000,42.984000,0,0,4774450,601,0,601,0,0,0,107
7,720,21.600000,42.984000,0,0,4774461,608,0,608,0,0,0,107
7,720,21.600000,42.984000,0,0,4774472,620,0,620,-2,0,0,107
7,720,21.600000,42.984000,0,0,4774484,639,0,639,-4,0,0,107
7,720,21.600000,42.984000,0,0,4774494,671,0,671,-7,0,0,107
7,720,21.600000,42.984000,0,0,4774505,714,0,714,-12,0,0,107
7,720,21.600000,42.984000,0,0,4774515,765,0,765,-16,0,0,107
7,720,21.600000,42.984000,0,0,4774526,816,0,816,-18,0,0,107
7,720,21.600000,42.984000,0,0,4774536,875,0,875,-21,0,0,107
7,720,21.600000,42.984000,0,0,4774547,936,0,936,-24,0,0,107
7,720,21.600000,42.984000,0,0,4774558,996,0,996,-27,0,0,107
7,720,21.600000,42.984000,0,0,4774568,1053,0,1053,-28,0,0,107
7,720,21.600000,42.984000,0,0,4774578,1099,0,1099,-29,0,0,107
7,720,21.600000,42.984000,0,0,4774589,1142,0,1142,-31,0,0,107
7,720,21.600000,42.984000,0,0,4774602,1163,0,1163,-31,0,0,107
7,720,21.600000,42.984000,0,0,4774612,1178,0,1178,-31,0,0,107
7,720,21.600000,42.984000,0,0,4774623,1184,0,1184,-31,0,0,107
7,720,21.600000,42.984000,0,0,4774633,1187,0,1187,-31,0,0,107
7,720,21.600000,42.984000,0,0,4774643,1190,0,1190,-32,0,0,107
7,720,21.600000,42.984000,0,0,4774653,1192,0,1192,-32,0,0,107
7,720,21.600000,42.984000,0,0,4774663,1195,0,1195,-32,0,0,107
7,720,21.600000,42.984000,0,0,4774673,1198,0,1198,-32,0,0,107
7,720,21.600000,42.984000,0,0,4774684,1202,0,1202,-32,0,0,107
7,720,21.600000,42.984000,0,0,4774694,1207,0,1207,-32,0,0,107
7,720,21.600000,42.984000,0,0,4774704,1212,0,1212,-32,0,0,107
7,720,21.600000,42.984000,0,0,4774717,1218,0,1218,-33,0,0,107
7,720,21.600000,42.984000,0,0,4774732,1226,0,1226,-33,0,0,107
7,720,21.600000,42.984000,0,0,4774747,1231,0,1231,-33,0,0,107
7,720,21.600000,42.984000,0,0,4774757,1232,0,1232,-33,0,0,107
7,720,21.600000,42.984000,0,0,4774767,1233,0,1233,-33,0,0,107
7,720,21.600000,42.984000,0,0,4774777,1233,0,1233,-33,0,0,107
7,720,21.600000,42.984000,0,0,4774788,1233,0,1233,-33,0,0,107
7,720,21.600000,42.984000,0,0,4774798,1234,0,1234,-33,0,0,107
7,720,21.600000,42.984000,0,0,4774809,1236,0,1236,-33,0,0,107
7,720,21.600000,42.984000,0,0,4774819,1240,0,1240,-33,0,0,107
7,720,21.600000,42.984000,0,0,4774830,1245,0,1245,-33,0,0,107
7,720,21.600000,42.984000,0,0,4774841,1249,0,1249,-34,0,0,107
7,720,21.600000,42.984000,0,0,4774851,1253,0,1253,-34,0,0,107
7,720,21.600000,42.984000,0,0,4774862,1258,0,1258,-34,0,0,107
7,720,21.600000,42.984000,0,0,4774873,1262,0,1262,-35,0,0,107
7,720,21.600000,42.984000,0,0,4774883,1266,0,1266,-35,0,0,107
7,720,21.600000,42.984000,0,0,4774894,1269,0,1269,-35,0,0,107
7,720,21.600000,42.984000,0,0,4774904,1271,0,1271,-35,0,0,107
7,720,21.600000,42.984000,0,0,4774914,1273,0,1273,-35,0,0,107
7,720,21.600000,42.984000,0,0,4774924,1275,0,1275,-35,0,0,107
7,720,21.600000,42.984000,0,0,4774936,1277,0,1277,-35,0,0,107
7,720,21.600000,42.984000,0,0,4774945,1278,0,1278,-36,0,0,107
7,720,21.600000,42.984000,0,0,4774955,1279,0,1279,-37,0,0,107
7,720,21.600000,42.984000,0,0,4774965,1279,0,1279,-37,0,0,107
7,720,21.600000,42.984000,0,0,4774974,1279,0,1279,-37,0,0,107
7,720,21.600000,42.984000,0,0,4774984,1279,0,1279,-37,0,0,107
7,720,21.600000,42.984000,0,0,4774995,1279,0,1279,-37,0,0,107
7,720,21.600000,42.984000,0,0,4775005,1279,0,1279,-37,0,0,107
7,720,21.600000,42.984000,0,0,4775015,1279,0,1279,-37,0,0,107
7,720,21.600000,42.984000,0,0,4775026,1279,0,1279,-37,0,0,107
7,720,21.600000,42.984000,0,0,4775036,1280,0,1280,-37,0,0,107
7,720,21.600000,42.984000,0,0,4775046,1280,0,1280,-37,0,0,107
7,720,21.600000,42.984000,0,0,4775056,1281,0,1281,-37,0,0,107
7,720,21.600000,42.984000,0,0,4775067,1282,0,1282,-37,0,0,107
7,720,21.600000,42.984000,0,0,4775077,1284,1,1284,-36,0,0,107
7,720,21.600000,42.984000,0,0,4775087,1286,1,1286,-36,0,0,107
7,720,21.600000,42.984000,0,0,4775097,1289,1,1289,-36,0,0,107
7,720,21.600000,42.984000,0,0,4775108,1293,1,1293,-36,0,0,107
7,720,21.600000,42.984000,0,0,4775119,1300,1,1300,-36,0,0,107
7,720,21.600000,42.984000,0,0,4775129,1305,1,1305,-36,0,0,107
7,720,21.600000,42.984000,0,0,4775139,1310,1,1310,-36,0,0,107
7,720,21.600000,42.984000,0,0,4775151,1316,1,1316,-36,0,0,107
7,720,21.600000,42.984000,0,0,4775162,1322,1,1322,-36,0,0,107
7,720,21.600000,42.984000,0,0,4775173,1325,1,1325,-36,0,0,107
7,720,21.600000,42.984000,0,0,4775182,1326,1,1326,-36,0,0,107
7,720,21.600000,42.984000,0,0,4775192,1326,1,1326,-36,0,0,107
7,720,21.600000,42.984000,0,0,4775202,1326,1,1326,-36,0,0,107
7,720,21.600000,42.984000,0,0,4775212,1326,1,1326,-36,0,0,107
7,720,21.600000,42.984000,0,0,4775222,1326,1,1326,-36,0,0,107
7,720,21.600000,42.984000,0,0,4775232,1326,1,1326,-36,0,0,107
7,720,21.600000,42.984000,0,0,4775242,1326,1,1326,-36,0,0,107
7,720,21.600000,42.984000,0,0,4775252,1326,1,1326,-36,0,0,107
7,720,21.600000,42.984000,0,0,4775262,1326,1,1326,-36,0,0,107
7,720,21.600000,42.984000,0,0,4775272,1326,1,1326,-36,0,0,107
7,720,21.600000,42.984000,0,0,4775282,1326,1,1326,-36,0,0,107
7,720,21.600000,42.984000,0,0,4775292,1326,1,1326,-36,0,0,107
7,720,21.600000,42.984000,0,0,4775305,1326,1,1326,-36,0,0,107
7,720,21.600000,42.984000,0,0,4775315,1325,1,1325,-36,0,0,107
7,720,21.600000,42.984000,0,0,4775327,1325,1,1325,-36,0,0,107
7,720,21.600000,42.984000,0,0,4775338,1325,1,1325,-36,0,0,107
7,720,21.600000,42.984000,0,0,4775349,1325,1,1325,-36,0,0,107
7,720,21.600000,42.984000,0,0,4775359,1325,1,1325,-36,0,0,107
7,720,21.600000,42.984000,0,0,4775369,1324,1,1324,-36,0,0,107
7,720,21.600000,42.984000,0,0,4775379,1324,1,1324,-36,0,0,107
7,720,21.600000,42.984000,0,0,4775389,1324,1,1324,-36,0,0,107
7,720,21.600000,42.984000,0,0,4775400,1324,1,1324,-36,0,0,107
7,720,21.600000,42.984000,0,0,4775410,1324,1,1324,-36,0,0,107
