7,720,50.400000,22.608000,1,1,4625172,600,22,600,22,0,0,29
7,720,50.400000,22.608000,1,1,4625173,600,22,600,22,0,0,29
7,720,50.400000,22.608000,1,1,4625182,600,22,600,22,0,0,29
7,720,50.400000,22.608000,1,1,4625192,600,22,600,22,0,0,29
7,720,50.400000,22.608000,1,1,4625202,600,22,600,22,0,0,29
7,720,50.400000,22.608000,1,1,4625211,600,22,600,22,0,0,29
7,720,50.400000,22.608000,1,1,4625221,600,22,600,22,0,0,29
7,720,50.400000,22.608000,1,1,4625231,600,22,600,22,0,0,29
7,720,50.400000,22.608000,1,1,4625240,600,22,600,22,0,0,29
7,720,50.400000,22.608000,1,1,4625250,600,22,600,22,0,0,29
7,720,50.400000,22.608000,1,1,4625260,600,22,600,22,0,0,29
7,720,50.400000,22.608000,1,1,4625270,601,20,601,20,0,0,29
7,720,50.400000,22.608000,1,1,4625281,605,19,605,19,0,0,29
7,720,50.400000,22.608000,1,1,4625293,613,16,613,16,0,0,29
7,720,50.400000,22.608000,1,1,4625305,626,11,626,11,0,0,29
7,720,50.400000,22.608000,1,1,4625315,644,5,644,5,0,0,29
7,720,50.400000,22.608000,1,1,4625326,666,0,666,-2,0,0,29
7,720,50.400000,22.608000,1,1,4625338,701,0,701,-13,0,0,29
7,720,50.400000,22.608000,1,1,4625348,737,0,737,-25,0,0,29
7,720,50.400000,22.608000,1,1,4625363,778,0,778,-37,0,0,29
7,720,50.400000,22.608000,1,1,4625373,832,0,832,-52,0,0,29
7,720,50.400000,22.608000,1,1,4625384,880,0,880,-63,0,0,29
7,720,50.400000,22.608000,1,1,4625394,916,0,916,-71,0,0,29
7,720,50.400000,22.608000,1,1,4625405,962,0,962,-81,0,0,29
7,720,50.400000,22.608000,1,1,4625415,1000,0,1000,-90,0,0,29
7,720,50.400000,22.608000,1,1,4625426,1037,0,1037,-99,0,0,29
7,720,50.400000,22.608000,1,1,4625437,1071,0,1071,-107,0,0,29
7,720,50.400000,22.608000,1,1,4625448,1103,0,1103,-114,0,0,29
7,720,50.400000,22.608000,1,1,4625459,1136,0,1136,-121,0,0,29
7,720,50.400000,22.608000,1,1,4625474,1170,0,1170,-128,0,0,29
7,720,50.400000,22.608000,1,1,4625485,1212,0,1212,-137,0,0,29
7,720,50.400000,22.608000,1,1,4625496,1236,0,1236,-140,0,0,29
7,720,50.400000,22.608000,1,1,4625506,1261,0,1261,-144,0,0,29
7,720,50.400000,22.608000,1,1,4625517,1283,0,1283,-148,0,0,29
7,720,50.400000,22.608000,1,1,4625528,1307,0,1307,-152,0,0,29
7,720,50.400000,22.608000,1,1,4625538,1328,0,1328,-156,0,0,29
7,720,50.400000,22.608000,1,1,4625549,1343,0,1343,-158,0,0,29
7,720,50.400000,22.608000,1,1,4625560,1351,0,1351,-160,0,0,29
7,720,50.400000,22.608000,1,1,4625571,1358,0,1358,-161,0,0,29
7,720,50.400000,22.608000,1,1,4625586,1362,0,1362,-162,0,0,29
7,720,50.400000,22.608000,1,1,4625596,1366,0,1366,-162,0,0,29
7,720,50.400000,22.608000,1,1,4625606,1367,0,1367,-162,0,0,29
7,720,50.400000,22.608000,1,1,4625616,1367,0,1367,-162,0,0,29
7,720,50.400000,22.608000,1,1,4625626,1367,0,1367,-162,0,0,29
7,720,50.400000,22.608000,1,1,4625636,1367,0,1367,-162,0,0,29
7,720,50.400000,22.608000,1,1,4625646,1367,0,1367,-162,0,0,29
7,720,50.400000,22.608000,1,1,4625657,1367,0,1367,-162,0,0,29
7,720,50.400000,22.608000,1,1,4625667,1367,0,1367,-162,0,0,29
7,720,50.400000,22.608000,1,1,4625676,1367,0,1367,-162,0,0,29
7,720,50.400000,22.608000,1,1,4625686,1367,0,1367,-162,0,0,29
7,720,50.400000,22.608000,1,1,4625697,1367,0,1367,-162,0,0,29
7,720,50.400000,22.608000,1,1,4625707,1367,0,1367,-162,0,0,29
7,720,50.400000,22.608000,1,1,4625716,1367,0,1367,-162,0,0,29
7,720,50.400000,22.608000,1,1,4625727,1367,0,1367,-162,0,0,29
7,720,50.400000,22.608000,1,1,4625738,1367,0,1367,-162,0,0,29
7,720,50.400000,22.608000,1,1,4625748,1366,0,1366,-162,0,0,29
7,720,50.400000,22.608000,1,1,4625759,1364,0,1364,-162,0,0,29
7,720,50.400000,22.608000,1,1,4625769,1362,0,1362,-162,0,0,29
7,720,50.400000,22.608000,1,1,4625779,1361,0,1361,-162,0,0,29
7,720,50.400000,22.608000,1,1,4625789,1360,0,1360,-162,0,0,29
7,720,50.400000,22.608000,1,1,4625799,1359,0,1359,-162,0,0,29
7,720,50.400000,22.608000,1,1,4625809,1357,0,1357,-162,0,0,29
7,720,50.400000,22.608000,1,1,4625820,1354,0,1354,-162,0,0,29
7,720,50.400000,22.608000,1,1,4625831,1350,0,1350,-162,0,0,29
7,720,50.400000,22.608000,1,1,4625842,1345,0,1345,-162,0,0,29
7,720,50.400000,22.608000,1,1,4625852,1340,0,1340,-162,0,0,29
7,720,50.400000,22.608000,1,1,4625862,1338,0,1338,-162,0,0,29
7,720,50.400000,22.608000,1,1,4625871,1336,0,1336,-162,0,0,29
7,720,50.400000,22.608000,1,1,4625882,1335,0,1335,-162,0,0,29
7,720,50.400000,22.608000,1,1,4625894,1335,0,1335,-162,0,0,29
7,720,50.400000,22.608000,1,1,4625902,1335,0,1335,-162,0,0,29
7,720,50.400000,22.608000,1,1,4625913,1335,0,1335,-162,0,0,29
7,720,50.400000,22.608000,1,1,4625923,1335,0,1335,-162,0,0,29
7,720,50.400000,22.608000,1,1,4625933,1334,0,1334,-162,0,0,29
7,720,50.400000,22.608000,1,1,4625942,1332,0,1332,-162,0,0,29
7,720,50.400000,22.608000,1,1,4625952,1331,0,1331,-162,0,0,29
7,720,50.400000,22.608000,1,1,4625961,1331,0,1331,-162,0,0,29
7,720,50.400000,22.608000,1,1,4625971,1331,0,1331,-162,0,0,29
7,720,50.400000,22.608000,1,1,4625981,1331,0,1331,-162,0,0,29
7,720,50.400000,22.608000,1,1,4625990,1331,0,1331,-162,0,0,29
7,720,50.400000,22.608000,1,1,4626001,1331,0,1331,-162,0,0,29
7,720,50.400000,22.608000,1,1,4626011,1331,0,1331,-162,0,0,29
7,720,50.400000,22.608000,1,1,4626020,1331,0,1331,-162,0,0,29
7,720,50.400000,22.608000,1,1,4626030,1331,0,1331,-162,0,0,29
