7,360,82.800000,42.984000,0,0,4831310,780,0,780,0,0,1,18
7,360,82.800000,42.984000,0,0,4831310,780,0,780,0,0,1,18
7,360,82.800000,42.984000,0,0,4831321,780,0,780,0,0,1,18
7,360,82.800000,42.984000,0,0,4831331,780,0,780,0,0,1,18
7,360,82.800000,42.984000,0,0,4831341,780,0,780,0,0,1,18
7,360,82.800000,42.984000,0,0,4831351,780,0,780,0,0,1,18
7,360,82.800000,42.984000,0,0,4831362,780,0,780,0,0,1,18
7,360,82.800000,42.984000,0,0,4831376,780,0,780,0,0,1,18
7,360,82.800000,42.984000,0,0,4831394,783,0,783,0,0,1,18
7,360,82.800000,42.984000,0,0,4831407,790,0,790,-1,0,1,18
7,360,82.800000,42.984000,0,0,4831418,800,0,800,-4,0,1,18
7,360,82.800000,42.984000,0,0,4831428,813,0,813,-6,0,1,18
7,360,82.800000,42.984000,0,0,4831439,834,0,834,-11,0,1,18
7,360,82.800000,42.984000,0,0,4831454,856,0,856,-15,0,1,18
7,360,82.800000,42.984000,0,0,4831468,891,0,891,-21,0,1,18
7,360,82.800000,42.984000,0,0,4831479,925,0,925,-27,0,1,18
7,360,82.800000,42.984000,0,0,4831490,949,0,949,-31,0,1,18
7,360,82.800000,42.984000,0,0,4831501,971,0,971,-33,0,1,18
7,360,82.800000,42.984000,0,0,4831511,991,0,991,-35,0,1,18
7,360,82.800000,42.984000,0,0,4831522,1011,0,1011,-36,0,1,18
7,360,82.800000,42.984000,0,0,4831533,1030,0,1030,-37,0,1,18
7,360,82.800000,42.984000,0,0,4831549,1047,0,1047,-38,0,1,18
7,360,82.800000,42.984000,0,0,4831560,1072,0,1072,-40,0,1,18
7,360,82.800000,42.984000,0,0,4831572,1086,0,1086,-41,0,1,18
7,360,82.800000,42.984000,0,0,4831582,1097,0,1097,-42,0,1,18
7,360,82.800000,42.984000,0,0,4831593,1105,0,1105,-42,0,1,18
7,360,82.800000,42.984000,0,0,4831603,1110,0,1110,-43,0,1,18
7,360,82.800000,42.984000,0,0,4831614,1115,0,1115,-43,0,1,18
7,360,82.800000,42.984000,0,0,4831629,1119,0,1119,-43,0,1,18
7,360,82.800000,42.984000,0,0,4831643,1128,0,1128,-44,0,1,18
7,360,82.800000,42.984000,0,0,4831653,1136,0,1136,-44,0,1,18
7,360,82.800000,42.984000,0,0,4831663,1142,0,1142,-45,0,1,18
7,360,82.800000,42.984000,0,0,4831675,1148,0,1148,-45,0,1,18
7,360,82.800000,42.984000,0,0,4831685,1156,0,1156,-45,0,1,18
7,360,82.800000,42.984000,0,0,4831695,1162,0,1162,-45,0,1,18
7,360,82.800000,42.984000,0,0,4831705,1166,0,1166,-45,0,1,18
7,360,82.800000,42.984000,0,0,4831715,1167,0,1167,-45,0,1,18
7,360,82.800000,42.984000,0,0,4831726,1167,0,1167,-45,0,1,18
7,360,82.800000,42.984000,0,0,4831736,1167,0,1167,-45,0,1,18
7,360,82.800000,42.984000,0,0,4831746,1167,0,1167,-45,0,1,18
7,360,82.800000,42.984000,0,0,4831756,1167,0,1167,-45,0,1,18
7,360,82.800000,42.984000,0,0,4831767,1167,0,1167,-45,0,1,18
7,360,82.800000,42.984000,0,0,4831776,1167,0,1167,-45,0,1,18
7,360,82.800000,42.984000,0,0,4831786,1167,0,1167,-45,0,1,18
7,360,82.800000,42.984000,0,0,4831801,1167,0,1167,-45,0,1,18
7,360,82.800000,42.984000,0,0,4831811,1167,0,1167,-45,0,1,18
7,360,82.800000,42.984000,0,0,4831819,1167,0,1167,-45,0,1,18
7,360,82.800000,42.984000,0,0,4831830,1167,0,1167,-45,0,1,18
7,360,82.800000,42.984000,0,0,4831840,1167,0,1167,-45,0,1,18
7,360,82.800000,42.984000,0,0,4831849,1167,0,1167,-45,0,1,18
7,360,82.800000,42.984000,0,0,4831859,1167,0,1167,-45,0,1,18
7,360,82.800000,42.984000,0,0,4831869,1167,0,1167,-45,0,1,18
7,360,82.800000,42.984000,0,0,4831878,1167,0,1167,-45,0,1,18
7,360,82.800000,42.984000,0,0,4831888,1167,0,1167,-45,0,1,18
7,360,82.800000,42.984000,0,0,4831898,1165,0,1165,-45,0,1,18
7,360,82.800000,42.984000,0,0,4831907,1164,0,1164,-45,0,1,18
7,360,82.800000,42.984000,0,0,4831917,1163,0,1163,-45,0,1,18
7,360,82.800000,42.984000,0,0,4831927,1162,0,1162,-45,0,1,18
7,360,82.800000,42.984000,0,0,4831938,1161,0,1161,-45,0,1,18
7,360,82.800000,42.984000,0,0,4831948,1161,0,1161,-45,0,1,18
7,360,82.800000,42.984000,0,0,4831957,1160,0,1160,-45,0,1,18
7,360,82.800000,42.984000,0,0,4831967,1160,0,1160,-45,0,1,18
7,360,82.800000,42.984000,0,0,4831977,1160,0,1160,-45,0,1,18
7,360,82.800000,42.984000,0,0,4831987,1160,0,1160,-45,0,1,18
7,360,82.800000,42.984000,0,0,4831997,1160,0,1160,-45,0,1,18
7,360,82.800000,42.984000,0,0,4832007,1160,0,1160,-45,0,1,18
7,360,82.800000,42.984000,0,0,4832018,1160,0,1160,-45,0,1,18
7,360,82.800000,42.984000,0,0,4832028,1160,0,1160,-45,0,1,18
7,360,82.800000,42.984000,0,0,4832038,1160,0,1160,-45,0,1,18
7,360,82.800000,42.984000,0,0,4832048,1160,0,1160,-45,0,1,18
7,360,82.800000,42.984000,0,0,4832058,1160,0,1160,-45,0,1,18
7,360,82.800000,42.984000,0,0,4832068,1160,0,1160,-45,0,1,18
7,360,82.800000,42.984000,0,0,4832078,1160,0,1160,-45,0,1,18
7,360,82.800000,42.984000,0,0,4832088,1160,0,1160,-45,0,1,18
7,360,82.800000,42.984000,0,0,4832097,1160,0,1160,-45,0,1,18
