7,360,21.600000,12.276000,0,0,4836675,780,0,780,0,0,1,21
7,360,21.600000,12.276000,0,0,4836676,780,0,780,0,0,1,21
7,360,21.600000,12.276000,0,0,4836687,780,0,780,0,0,1,21
7,360,21.600000,12.276000,0,0,4836697,780,0,780,0,0,1,21
7,360,21.600000,12.276000,0,0,4836707,780,0,780,0,0,1,21
7,360,21.600000,12.276000,0,0,4836718,780,0,780,0,0,1,21
7,360,21.600000,12.276000,0,0,4836728,780,0,780,0,0,1,21
7,360,21.600000,12.276000,0,0,4836738,780,0,780,0,0,1,21
7,360,21.600000,12.276000,0,0,4836748,780,0,780,0,0,1,21
7,360,21.600000,12.276000,0,0,4836759,781,0,781,0,0,1,21
7,360,21.600000,12.276000,0,0,4836770,785,0,785,-2,0,1,21
7,360,21.600000,12.276000,0,0,4836781,791,0,791,-3,0,1,21
7,360,21.600000,12.276000,0,0,4836793,802,0,802,-6,0,1,21
7,360,21.600000,12.276000,0,0,4836804,816,0,816,-9,0,1,21
7,360,21.600000,12.276000,0,0,4836814,836,0,836,-11,0,1,21
7,360,21.600000,12.276000,0,0,4836826,857,0,857,-13,0,1,21
7,360,21.600000,12.276000,0,0,4836836,880,0,880,-15,0,1,21
7,360,21.600000,12.276000,0,0,4836847,902,0,902,-16,0,1,21
7,360,21.600000,12.276000,0,0,4836857,919,0,919,-17,0,1,21
7,360,21.600000,12.276000,0,0,4836867,940,0,940,-17,0,1,21
7,360,21.600000,12.276000,0,0,4836877,959,0,959,-17,0,1,21
7,360,21.600000,12.276000,0,0,4836889,977,0,977,-17,0,1,21
7,360,21.600000,12.276000,0,0,4836900,997,0,997,-17,0,1,21
7,360,21.600000,12.276000,0,0,4836910,1014,0,1014,-18,0,1,21
7,360,21.600000,12.276000,0,0,4836920,1026,0,1026,-18,0,1,21
7,360,21.600000,12.276000,0,0,4836931,1037,0,1037,-18,0,1,21
7,360,21.600000,12.276000,0,0,4836942,1055,0,1055,-18,0,1,21
7,360,21.600000,12.276000,0,0,4836953,1058,0,1058,-18,0,1,21
7,360,21.600000,12.276000,0,0,4836963,1059,0,1059,-18,0,1,21
7,360,21.600000,12.276000,0,0,4836973,1060,0,1060,-18,0,1,21
7,360,21.600000,12.276000,0,0,4836983,1060,0,1060,-18,0,1,21
7,360,21.600000,12.276000,0,0,4836994,1061,0,1061,-18,0,1,21
7,360,21.600000,12.276000,0,0,4837005,1063,0,1063,-18,0,1,21
7,360,21.600000,12.276000,0,0,4837016,1066,0,1066,-18,0,1,21
7,360,21.600000,12.276000,0,0,4837026,1071,0,1071,-18,0,1,21
7,360,21.600000,12.276000,0,0,4837038,1078,0,1078,-18,0,1,21
7,360,21.600000,12.276000,0,0,4837048,1084,0,1084,-18,0,1,21
7,360,21.600000,12.276000,0,0,4837058,1088,0,1088,-18,0,1,21
7,360,21.600000,12.276000,0,0,4837068,1089,0,1089,-18,0,1,21
7,360,21.600000,12.276000,0,0,4837078,1089,0,1089,-18,0,1,21
7,360,21.600000,12.276000,0,0,4837089,1089,0,1089,-18,0,1,21
7,360,21.600000,12.276000,0,0,4837099,1089,0,1089,-18,0,1,21
7,360,21.600000,12.276000,0,0,4837109,1089,0,1089,-18,0,1,21
7,360,21.600000,12.276000,0,0,4837124,1090,0,1090,-18,0,1,21
7,360,21.600000,12.276000,0,0,4837139,1092,0,1092,-18,0,1,21
7,360,21.600000,12.276000,0,0,4837155,1095,0,1095,-18,0,1,21
7,360,21.600000,12.276000,0,0,4837171,1097,0,1097,-19,0,1,21
7,360,21.600000,12.276000,0,0,4837184,1098,0,1098,-19,0,1,21
7,360,21.600000,12.276000,0,0,4837194,1099,0,1099,-19,0,1,21
7,360,21.600000,12.276000,0,0,4837205,1102,0,1102,-19,0,1,21
7,360,21.600000,12.276000,0,0,4837216,1106,0,1106,-19,0,1,21
7,360,21.600000,12.276000,0,0,4837227,1111,0,1111,-19,0,1,21
7,360,21.600000,12.276000,0,0,4837238,1116,0,1116,-19,0,1,21
7,360,21.600000,12.276000,0,0,4837248,1122,0,1122,-19,0,1,21
7,360,21.600000,12.276000,0,0,4837258,1126,0,1126,-19,0,1,21
7,360,21.600000,12.276000,0,0,4837268,1129,0,1129,-19,0,1,21
7,360,21.600000,12.276000,0,0,4837282,1131,0,1131,-19,0,1,21
7,360,21.600000,12.276000,0,0,4837292,1132,0,1132,-19,0,1,21
7,360,21.600000,12.276000,0,0,4837302,1132,0,1132,-19,0,1,21
7,360,21.600000,12.276000,0,0,4837312,1132,0,1132,-19,0,1,21
7,360,21.600000,12.276000,0,0,4837322,1133,0,1133,-19,0,1,21
7,360,21.600000,12.276000,0,0,4837333,1134,0,1134,-19,0,1,21
7,360,21.600000,12.276000,0,0,4837344,1135,0,1135,-19,0,1,21
7,360,21.600000,12.276000,0,0,4837354,1138,0,1138,-19,0,1,21
7,360,21.600000,12.276000,0,0,4837364,1141,0,1141,-19,0,1,21
7,360,21.600000,12.276000,0,0,4837374,1143,0,1143,-19,0,1,21
7,360,21.600000,12.276000,0,0,4837384,1143,0,1143,-19,0,1,21
7,360,21.600000,12.276000,0,0,4837395,1144,0,1144,-19,0,1,21
7,360,21.600000,12.276000,0,0,4837405,1145,0,1145,-19,0,1,21
7,360,21.600000,12.276000,0,0,4837415,1145,0,1145,-19,0,1,21
7,360,21.600000,12.276000,0,0,4837425,1145,0,1145,-19,0,1,21
7,360,21.600000,12.276000,0,0,4837434,1145,0,1145,-19,0,1,21
7,360,21.600000,12.276000,0,0,4837444,1145,0,1145,-19,0,1,21
7,360,21.600000,12.276000,0,0,4837454,1145,0,1145,-19,0,1,21
7,360,21.600000,12.276000,0,0,4837465,1145,0,1145,-19,0,1,21
7,360,21.600000,12.276000,0,0,4837475,1145,0,1145,-19,0,1,21
7,360,21.600000,12.276000,0,0,4837485,1145,0,1145,-19,0,1,21
7,360,21.600000,12.276000,0,0,4837495,1145,0,1145,-19,0,1,21
7,360,21.600000,12.276000,0,0,4837505,1145,0,1145,-19,0,1,21
7,360,21.600000,12.276000,0,0,4837515,1145,0,1145,-19,0,1,21
7,360,21.600000,12.276000,0,0,4837525,1145,0,1145,-19,0,1,21
7,360,21.600000,12.276000,0,0,4837535,1145,0,1145,-19,0,1,21
7,360,21.600000,12.276000,0,0,4837544,1145,0,1145,-19,0,1,21
7,360,21.600000,12.276000,0,0,4837555,1145,0,1145,-19,0,1,21
7,360,21.600000,12.276000,0,0,4837565,1145,0,1145,-19,0,1,21
7,360,21.600000,12.276000,0,0,4837575,1145,0,1145,-19,0,1,21
7,360,21.600000,12.276000,0,0,4837585,1145,0,1145,-19,0,1,21
7,360,21.600000,12.276000,0,0,4837595,1145,0,1145,-19,0,1,21
7,360,21.600000,12.276000,0,0,4837606,1145,0,1145,-19,0,1,21
7,360,21.600000,12.276000,0,0,4837615,1145,0,1145,-19,0,1,21
7,360,21.600000,12.276000,0,0,4837625,1145,0,1145,-19,0,1,21
7,360,21.600000,12.276000,0,0,4837635,1145,0,1145,-19,0,1,21
7,360,21.600000,12.276000,0,0,4837645,1145,0,1145,-19,0,1,21
7,360,21.600000,12.276000,0,0,4837655,1145,0,1145,-19,0,1,21
7,360,21.600000,12.276000,0,0,4837665,1145,0,1145,-19,0,1,21
7,360,21.600000,12.276000,0,0,4837676,1145,0,1145,-19,0,1,21
7,360,21.600000,12.276000,0,0,4837687,1145,0,1145,-19,0,1,21
7,360,21.600000,12.276000,0,0,4837696,1145,0,1145,-19,0,1,21
