7,720,82.800000,12.276000,0,1,4859081,600,22,600,22,0,1,33
7,720,82.800000,12.276000,0,1,4859081,600,22,600,22,0,1,33
7,720,82.800000,12.276000,0,1,4859092,600,22,600,22,0,1,33
7,720,82.800000,12.276000,0,1,4859102,600,22,600,22,0,1,33
7,720,82.800000,12.276000,0,1,4859112,600,22,600,22,0,1,33
7,720,82.800000,12.276000,0,1,4859122,600,22,600,22,0,1,33
7,720,82.800000,12.276000,0,1,4859132,600,22,600,22,0,1,33
7,720,82.800000,12.276000,0,1,4859142,600,22,600,22,0,1,33
7,720,82.800000,12.276000,0,1,4859152,600,22,600,22,0,1,33
7,720,82.800000,12.276000,0,1,4859162,602,22,602,22,0,1,33
7,720,82.800000,12.276000,0,1,4859174,608,20,608,20,0,1,33
7,720,82.800000,12.276000,0,1,4859185,619,18,619,18,0,1,33
7,720,82.800000,12.276000,0,1,4859196,633,15,633,15,0,1,33
7,720,82.800000,12.276000,0,1,4859207,656,12,656,12,0,1,33
7,720,82.800000,12.276000,0,1,4859217,682,10,682,10,0,1,33
7,720,82.800000,12.276000,0,1,4859228,706,8,706,8,0,1,33
7,720,82.800000,12.276000,0,1,4859239,742,6,742,6,0,1,33
7,720,82.800000,12.276000,0,1,4859250,776,5,776,5,0,1,33
7,720,82.800000,12.276000,0,1,4859261,813,4,813,4,0,1,33
7,720,82.800000,12.276000,0,1,4859273,855,3,855,3,0,1,33
7,720,82.800000,12.276000,0,1,4859284,897,3,897,3,0,1,33
7,720,82.800000,12.276000,0,1,4859295,931,2,931,2,0,1,33
7,720,82.800000,12.276000,0,1,4859306,965,1,965,1,0,1,33
7,720,82.800000,12.276000,0,1,4859318,992,1,992,1,0,1,33
7,720,82.800000,12.276000,0,1,4859328,1019,0,1019,0,0,1,33
7,720,82.800000,12.276000,0,1,4859340,1042,0,1042,0,0,1,33
7,720,82.800000,12.276000,0,1,4859350,1065,0,1065,0,0,1,33
7,720,82.800000,12.276000,0,1,4859362,1085,0,1085,-1,0,1,33
7,720,82.800000,12.276000,0,1,4859373,1105,0,1105,-1,0,1,33
7,720,82.800000,12.276000,0,1,4859383,1122,0,1122,-1,0,1,33
7,720,82.800000,12.276000,0,1,4859395,1136,0,1136,-1,0,1,33
7,720,82.800000,12.276000,0,1,4859405,1155,0,1155,-1,0,1,33
7,720,82.800000,12.276000,0,1,4859416,1170,0,1170,-1,0,1,33
7,720,82.800000,12.276000,0,1,4859427,1190,1,1190,0,0,1,33
7,720,82.800000,12.276000,0,1,4859438,1207,1,1207,0,0,1,33
7,720,82.800000,12.276000,0,1,4859449,1224,3,1224,2,0,1,33
7,720,82.800000,12.276000,0,1,4859459,1235,3,1235,2,0,1,33
7,720,82.800000,12.276000,0,1,4859471,1244,4,1244,3,0,1,33
7,720,82.800000,12.276000,0,1,4859482,1252,5,1252,4,0,1,33
7,720,82.800000,12.276000,0,1,4859492,1259,5,1259,4,0,1,33
7,720,82.800000,12.276000,0,1,4859508,1267,6,1267,5,0,1,33
7,720,82.800000,12.276000,0,1,4859518,1282,7,1282,6,0,1,33
7,720,82.800000,12.276000,0,1,4859530,1293,7,1293,6,0,1,33
7,720,82.800000,12.276000,0,1,4859540,1307,7,1307,6,0,1,33
7,720,82.800000,12.276000,0,1,4859552,1316,7,1316,6,0,1,33
7,720,82.800000,12.276000,0,1,4859562,1324,8,1324,7,0,1,33
7,720,82.800000,12.276000,0,1,4859573,1328,8,1328,7,0,1,33
7,720,82.800000,12.276000,0,1,4859584,1331,8,1331,7,0,1,33
7,720,82.800000,12.276000,0,1,4859594,1333,9,1333,8,0,1,33
7,720,82.800000,12.276000,0,1,4859604,1335,9,1335,8,0,1,33
7,720,82.800000,12.276000,0,1,4859615,1338,9,1338,8,0,1,33
7,720,82.800000,12.276000,0,1,4859626,1342,10,1342,9,0,1,33
7,720,82.800000,12.276000,0,1,4859636,1347,10,1347,9,0,1,33
7,720,82.800000,12.276000,0,1,4859646,1350,10,1350,9,0,1,33
7,720,82.800000,12.276000,0,1,4859656,1351,10,1351,9,0,1,33
7,720,82.800000,12.276000,0,1,4859666,1352,10,1352,9,0,1,33
7,720,82.800000,12.276000,0,1,4859677,1352,10,1352,9,0,1,33
7,720,82.800000,12.276000,0,1,4859687,1352,10,1352,9,0,1,33
7,720,82.800000,12.276000,0,1,4859698,1352,10,1352,9,0,1,33
7,720,82.800000,12.276000,0,1,4859708,1352,10,1352,9,0,1,33
7,720,82.800000,12.276000,0,1,4859718,1352,10,1352,9,0,1,33
7,720,82.800000,12.276000,0,1,4859729,1352,10,1352,9,0,1,33
7,720,82.800000,12.276000,0,1,4859739,1352,10,1352,9,0,1,33
7,720,82.800000,12.276000,0,1,4859750,1352,10,1352,9,0,1,33
7,720,82.800000,12.276000,0,1,4859760,1352,10,1352,9,0,1,33
7,720,82.800000,12.276000,0,1,4859770,1352,10,1352,9,0,1,33
7,720,82.800000,12.276000,0,1,4859781,1352,10,1352,9,0,1,33
7,720,82.800000,12.276000,0,1,4859791,1352,10,1352,9,0,1,33
7,720,82.800000,12.276000,0,1,4859801,1352,10,1352,9,0,1,33
7,720,82.800000,12.276000,0,1,4859810,1352,10,1352,9,0,1,33
7,720,82.800000,12.276000,0,1,4859820,1352,10,1352,9,0,1,33
7,720,82.800000,12.276000,0,1,4859830,1352,10,1352,9,0,1,33
7,720,82.800000,12.276000,0,1,4859840,1352,10,1352,9,0,1,33
7,720,82.800000,12.276000,0,1,4859849,1352,10,1352,9,0,1,33
7,720,82.800000,12.276000,0,1,4859860,1352,10,1352,9,0,1,33
7,720,82.800000,12.276000,0,1,4859869,1352,10,1352,9,0,1,33
7,720,82.800000,12.276000,0,1,4859879,1352,10,1352,9,0,1,33
7,720,82.800000,12.276000,0,1,4859888,1352,10,1352,9,0,1,33
7,720,82.800000,12.276000,0,1,4859900,1351,10,1351,9,0,1,33
7,720,82.800000,12.276000,0,1,4859910,1350,10,1350,9,0,1,33
7,720,82.800000,12.276000,0,1,4859920,1349,10,1349,9,0,1,33
7,720,82.800000,12.276000,0,1,4859930,1349,10,1349,9,0,1,33
7,720,82.800000,12.276000,0,1,4859941,1348,10,1348,9,0,1,33
7,720,82.800000,12.276000,0,1,4859950,1347,10,1347,9,0,1,33
7,720,82.800000,12.276000,0,1,4859960,1346,10,1346,9,0,1,33
7,720,82.800000,12.276000,0,1,4859970,1346,10,1346,9,0,1,33
7,720,82.800000,12.276000,0,1,4859984,1346,10,1346,9,0,1,33
7,720,82.800000,12.276000,0,1,4859993,1346,10,1346,9,0,1,33
