7,720,21.600000,12.276000,1,1,4948005,600,22,600,22,0,1,84
7,720,21.600000,12.276000,1,1,4948006,600,22,600,22,0,1,84
7,720,21.600000,12.276000,1,1,4948016,600,22,600,22,0,1,84
7,720,21.600000,12.276000,1,1,4948026,600,22,600,22,0,1,84
7,720,21.600000,12.276000,1,1,4948041,600,22,600,22,0,1,84
7,720,21.600000,12.276000,1,1,4948051,600,22,600,22,0,1,84
7,720,21.600000,12.276000,1,1,4948061,600,22,600,22,0,1,84
7,720,21.600000,12.276000,1,1,4948071,600,22,600,22,0,1,84
7,720,21.600000,12.276000,1,1,4948080,600,22,600,22,0,1,84
7,720,21.600000,12.276000,1,1,4948091,600,22,600,22,0,1,84
7,720,21.600000,12.276000,1,1,4948105,603,22,603,22,0,1,84
7,720,21.600000,12.276000,1,1,4948116,616,20,616,20,0,1,84
7,720,21.600000,12.276000,1,1,4948127,640,15,640,15,0,1,84
7,720,21.600000,12.276000,1,1,4948137,671,10,671,10,0,1,84
7,720,21.600000,12.276000,1,1,4948148,717,5,717,5,0,1,84
7,720,21.600000,12.276000,1,1,4948159,775,1,775,1,0,1,84
7,720,21.600000,12.276000,1,1,4948170,839,0,839,-3,0,1,84
7,720,21.600000,12.276000,1,1,4948180,901,0,901,-5,0,1,84
7,720,21.600000,12.276000,1,1,4948191,970,0,970,-8,0,1,84
7,720,21.600000,12.276000,1,1,4948201,1019,0,1019,-9,0,1,84
7,720,21.600000,12.276000,1,1,4948211,1062,0,1062,-10,0,1,84
7,720,21.600000,12.276000,1,1,4948222,1102,0,1102,-11,0,1,84
7,720,21.600000,12.276000,1,1,4948232,1133,0,1133,-11,0,1,84
7,720,21.600000,12.276000,1,1,4948242,1164,0,1164,-11,0,1,84
7,720,21.600000,12.276000,1,1,4948253,1184,0,1184,-11,0,1,84
7,720,21.600000,12.276000,1,1,4948263,1200,0,1200,-11,0,1,84
7,720,21.600000,12.276000,1,1,4948273,1213,0,1213,-11,0,1,84
7,720,21.600000,12.276000,1,1,4948284,1221,0,1221,-11,0,1,84
7,720,21.600000,12.276000,1,1,4948294,1226,0,1226,-11,0,1,84
7,720,21.600000,12.276000,1,1,4948305,1229,0,1229,-11,0,1,84
7,720,21.600000,12.276000,1,1,4948315,1230,0,1230,-12,0,1,84
7,720,21.600000,12.276000,1,1,4948325,1231,0,1231,-13,0,1,84
7,720,21.600000,12.276000,1,1,4948335,1231,0,1231,-13,0,1,84
7,720,21.600000,12.276000,1,1,4948346,1231,0,1231,-13,0,1,84
7,720,21.600000,12.276000,1,1,4948355,1231,0,1231,-13,0,1,84
7,720,21.600000,12.276000,1,1,4948366,1233,0,1233,-13,0,1,84
7,720,21.600000,12.276000,1,1,4948375,1235,0,1235,-13,0,1,84
7,720,21.600000,12.276000,1,1,4948386,1237,0,1237,-13,0,1,84
7,720,21.600000,12.276000,1,1,4948396,1239,0,1239,-13,0,1,84
7,720,21.600000,12.276000,1,1,4948406,1240,0,1240,-13,0,1,84
7,720,21.600000,12.276000,1,1,4948416,1240,0,1240,-13,0,1,84
7,720,21.600000,12.276000,1,1,4948426,1240,0,1240,-13,0,1,84
7,720,21.600000,12.276000,1,1,4948437,1240,0,1240,-13,0,1,84
7,720,21.600000,12.276000,1,1,4948447,1241,0,1241,-13,0,1,84
7,720,21.600000,12.276000,1,1,4948458,1244,0,1244,-13,0,1,84
7,720,21.600000,12.276000,1,1,4948469,1249,0,1249,-13,0,1,84
7,720,21.600000,12.276000,1,1,4948480,1256,0,1256,-13,0,1,84
7,720,21.600000,12.276000,1,1,4948491,1264,0,1264,-13,0,1,84
7,720,21.600000,12.276000,1,1,4948502,1273,0,1273,-13,0,1,84
7,720,21.600000,12.276000,1,1,4948512,1282,0,1282,-13,0,1,84
7,720,21.600000,12.276000,1,1,4948523,1289,0,1289,-13,0,1,84
7,720,21.600000,12.276000,1,1,4948533,1293,0,1293,-13,0,1,84
7,720,21.600000,12.276000,1,1,4948544,1294,0,1294,-14,0,1,84
7,720,21.600000,12.276000,1,1,4948554,1295,0,1295,-15,0,1,84
7,720,21.600000,12.276000,1,1,4948564,1295,0,1295,-15,0,1,84
7,720,21.600000,12.276000,1,1,4948574,1295,0,1295,-15,0,1,84
7,720,21.600000,12.276000,1,1,4948585,1295,0,1295,-15,0,1,84
7,720,21.600000,12.276000,1,1,4948596,1295,0,1295,-15,0,1,84
7,720,21.600000,12.276000,1,1,4948606,1295,0,1295,-15,0,1,84
7,720,21.600000,12.276000,1,1,4948616,1295,0,1295,-15,0,1,84
7,720,21.600000,12.276000,1,1,4948629,1295,0,1295,-15,0,1,84
7,720,21.600000,12.276000,1,1,4948639,1296,0,1296,-15,0,1,84
7,720,21.600000,12.276000,1,1,4948648,1296,0,1296,-15,0,1,84
7,720,21.600000,12.276000,1,1,4948658,1296,0,1296,-15,0,1,84
7,720,21.600000,12.276000,1,1,4948669,1296,0,1296,-15,0,1,84
7,720,21.600000,12.276000,1,1,4948679,1297,0,1297,-15,0,1,84
7,720,21.600000,12.276000,1,1,4948694,1298,0,1298,-15,0,1,84
7,720,21.600000,12.276000,1,1,4948710,1299,0,1299,-15,0,1,84
7,720,21.600000,12.276000,1,1,4948720,1302,0,1302,-15,0,1,84
7,720,21.600000,12.276000,1,1,4948729,1304,0,1304,-15,0,1,84
7,720,21.600000,12.276000,1,1,4948738,1307,0,1307,-16,0,1,84
7,720,21.600000,12.276000,1,1,4948750,1308,0,1308,-17,0,1,84
7,720,21.600000,12.276000,1,1,4948760,1310,0,1310,-17,0,1,84
7,720,21.600000,12.276000,1,1,4948771,1311,0,1311,-17,0,1,84
7,720,21.600000,12.276000,1,1,4948781,1312,0,1312,-17,0,1,84
7,720,21.600000,12.276000,1,1,4948791,1312,0,1312,-17,0,1,84
7,720,21.600000,12.276000,1,1,4948804,1313,0,1313,-17,0,1,84
7,720,21.600000,12.276000,1,1,4948814,1315,0,1315,-17,0,1,84
7,720,21.600000,12.276000,1,1,4948824,1316,0,1316,-17,0,1,84
7,720,21.600000,12.276000,1,1,4948834,1317,0,1317,-17,0,1,84
7,720,21.600000,12.276000,1,1,4948844,1317,0,1317,-17,0,1,84
7,720,21.600000,12.276000,1,1,4948854,1317,0,1317,-17,0,1,84
7,720,21.600000,12.276000,1,1,4948864,1318,0,1318,-17,0,1,84
7,720,21.600000,12.276000,1,1,4948875,1319,0,1319,-17,0,1,84
7,720,21.600000,12.276000,1,1,4948885,1319,0,1319,-17,0,1,84
7,720,21.600000,12.276000,1,1,4948895,1320,0,1320,-17,0,1,84
7,720,21.600000,12.276000,1,1,4948905,1320,0,1320,-17,0,1,84
7,720,21.600000,12.276000,1,1,4948916,1320,0,1320,-17,0,1,84
7,720,21.600000,12.276000,1,1,4948925,1320,0,1320,-17,0,1,84
7,720,21.600000,12.276000,1,1,4948936,1320,0,1320,-17,0,1,84
7,720,21.600000,12.276000,1,1,4948946,1320,0,1320,-17,0,1,84
7,720,21.600000,12.276000,1,1,4948956,1320,0,1320,-17,0,1,84
7,720,21.600000,12.276000,1,1,4948966,1320,0,1320,-17,0,1,84
7,720,21.600000,12.276000,1,1,4948975,1320,0,1320,-17,0,1,84
