7,720,21.600000,42.984000,1,0,5033659,600,0,600,0,0,2,13
7,720,21.600000,42.984000,1,0,5033660,600,0,600,0,0,2,13
7,720,21.600000,42.984000,1,0,5033671,600,0,600,0,0,2,13
7,720,21.600000,42.984000,1,0,5033681,600,0,600,0,0,2,13
7,720,21.600000,42.984000,1,0,5033692,600,0,600,0,0,2,13
7,720,21.600000,42.984000,1,0,5033702,600,0,600,0,0,2,13
7,720,21.600000,42.984000,1,0,5033712,600,0,600,0,0,2,13
7,720,21.600000,42.984000,1,0,5033721,600,0,600,0,0,2,13
7,720,21.600000,42.984000,1,0,5033732,600,0,600,0,0,2,13
7,720,21.600000,42.984000,1,0,5033742,607,0,607,0,0,2,13
7,720,21.600000,42.984000,1,0,5033753,618,0,618,-1,0,2,13
7,720,21.600000,42.984000,1,0,5033765,639,0,639,-2,0,2,13
7,720,21.600000,42.984000,1,0,5033775,665,0,665,-3,0,2,13
7,720,21.600000,42.984000,1,0,5033786,693,0,693,-5,0,2,13
7,720,21.600000,42.984000,1,0,5033797,732,0,732,-7,0,2,13
7,720,21.600000,42.984000,1,0,5033808,779,0,779,-7,0,2,13
7,720,21.600000,42.984000,1,0,5033819,829,0,829,-8,0,2,13
7,720,21.600000,42.984000,1,0,5033830,880,0,880,-9,0,2,13
7,720,21.600000,42.984000,1,0,5033841,931,0,931,-10,0,2,13
7,720,21.600000,42.984000,1,0,5033852,987,0,987,-10,0,2,13
7,720,21.600000,42.984000,1,0,5033862,1037,0,1037,-10,0,2,13
7,720,21.600000,42.984000,1,0,5033873,1092,0,1092,-10,0,2,13
7,720,21.600000,42.984000,1,0,5033884,1133,0,1133,-11,0,2,13
7,720,21.600000,42.984000,1,0,5033895,1166,0,1166,-12,0,2,13
7,720,21.600000,42.984000,1,0,5033906,1193,0,1193,-12,0,2,13
7,720,21.600000,42.984000,1,0,5033917,1210,0,1210,-13,0,2,13
7,720,21.600000,42.984000,1,0,5033928,1223,0,1223,-13,0,2,13
7,720,21.600000,42.984000,1,0,5033938,1230,0,1230,-13,0,2,13
7,720,21.600000,42.984000,1,0,5033949,1233,0,1233,-13,0,2,13
7,720,21.600000,42.984000,1,0,5033960,1235,0,1235,-13,0,2,13
7,720,21.600000,42.984000,1,0,5033969,1236,0,1236,-13,0,2,13
7,720,21.600000,42.984000,1,0,5033980,1238,0,1238,-13,0,2,13
7,720,21.600000,42.984000,1,0,5033991,1241,0,1241,-13,0,2,13
7,720,21.600000,42.984000,1,0,5034003,1246,0,1246,-13,0,2,13
7,720,21.600000,42.984000,1,0,5034013,1252,0,1252,-13,0,2,13
7,720,21.600000,42.984000,1,0,5034024,1260,0,1260,-13,0,2,13
7,720,21.600000,42.984000,1,0,5034036,1268,0,1268,-13,0,2,13
7,720,21.600000,42.984000,1,0,5034046,1273,0,1273,-13,0,2,13
7,720,21.600000,42.984000,1,0,5034057,1277,0,1277,-13,0,2,13
7,720,21.600000,42.984000,1,0,5034068,1280,0,1280,-13,0,2,13
7,720,21.600000,42.984000,1,0,5034080,1281,0,1281,-13,0,2,13
7,720,21.600000,42.984000,1,0,5034091,1285,0,1285,-13,0,2,13
7,720,21.600000,42.984000,1,0,5034102,1290,0,1290,-13,0,2,13
7,720,21.600000,42.984000,1,0,5034112,1294,0,1294,-13,0,2,13
7,720,21.600000,42.984000,1,0,5034123,1296,0,1296,-13,0,2,13
7,720,21.600000,42.984000,1,0,5034134,1297,0,1297,-13,0,2,13
7,720,21.600000,42.984000,1,0,5034144,1298,0,1298,-13,0,2,13
7,720,21.600000,42.984000,1,0,5034154,1298,0,1298,-13,0,2,13
7,720,21.600000,42.984000,1,0,5034164,1298,0,1298,-13,0,2,13
7,720,21.600000,42.984000,1,0,5034174,1298,0,1298,-13,0,2,13
7,720,21.600000,42.984000,1,0,5034184,1299,0,1299,-13,0,2,13
7,720,21.600000,42.984000,1,0,5034195,1300,0,1300,-13,0,2,13
7,720,21.600000,42.984000,1,0,5034205,1303,0,1303,-13,0,2,13
7,720,21.600000,42.984000,1,0,5034215,1307,0,1307,-13,0,2,13
7,720,21.600000,42.984000,1,0,5034226,1310,0,1310,-13,0,2,13
7,720,21.600000,42.984000,1,0,5034236,1311,0,1311,-13,0,2,13
7,720,21.600000,42.984000,1,0,5034246,1311,0,1311,-13,0,2,13
7,720,21.600000,42.984000,1,0,5034257,1311,0,1311,-13,0,2,13
7,720,21.600000,42.984000,1,0,5034268,1311,0,1311,-13,0,2,13
7,720,21.600000,42.984000,1,0,5034278,1311,0,1311,-13,0,2,13
7,720,21.600000,42.984000,1,0,5034288,1311,0,1311,-13,0,2,13
7,720,21.600000,42.984000,1,0,5034298,1311,0,1311,-13,0,2,13
7,720,21.600000,42.984000,1,0,5034308,1311,0,1311,-13,0,2,13
7,720,21.600000,42.984000,1,0,5034318,1311,0,1311,-13,0,2,13
7,720,21.600000,42.984000,1,0,5034328,1311,0,1311,-13,0,2,13
7,720,21.600000,42.984000,1,0,5034338,1312,0,1312,-13,0,2,13
7,720,21.600000,42.984000,1,0,5034347,1312,0,1312,-13,0,2,13
7,720,21.600000,42.984000,1,0,5034357,1312,0,1312,-13,0,2,13
7,720,21.600000,42.984000,1,0,5034368,1313,0,1313,-13,0,2,13
7,720,21.600000,42.984000,1,0,5034377,1314,0,1314,-13,0,2,13
7,720,21.600000,42.984000,1,0,5034387,1315,0,1315,-13,0,2,13
7,720,21.600000,42.984000,1,0,5034397,1316,0,1316,-13,0,2,13
7,720,21.600000,42.984000,1,0,5034413,1316,0,1316,-13,0,2,13
7,720,21.600000,42.984000,1,0,5034429,1316,0,1316,-13,0,2,13
7,720,21.600000,42.984000,1,0,5034443,1316,0,1316,-13,0,2,13
