7,360,82.800000,22.608000,1,0,5042234,780,0,780,0,0,2,18
7,360,82.800000,22.608000,1,0,5042235,780,0,780,0,0,2,18
7,360,82.800000,22.608000,1,0,5042245,780,0,780,0,0,2,18
7,360,82.800000,22.608000,1,0,5042255,780,0,780,0,0,2,18
7,360,82.800000,22.608000,1,0,5042265,780,0,780,0,0,2,18
7,360,82.800000,22.608000,1,0,5042275,780,0,780,0,0,2,18
7,360,82.800000,22.608000,1,0,5042286,780,0,780,0,0,2,18
7,360,82.800000,22.608000,1,0,5042297,780,0,780,0,0,2,18
7,360,82.800000,22.608000,1,0,5042309,780,0,780,0,0,2,18
7,360,82.800000,22.608000,1,0,5042319,780,0,780,0,0,2,18
7,360,82.800000,22.608000,1,0,5042330,782,0,782,0,0,2,18
7,360,82.800000,22.608000,1,0,5042341,789,0,789,0,0,2,18
7,360,82.800000,22.608000,1,0,5042351,799,0,799,0,0,2,18
7,360,82.800000,22.608000,1,0,5042362,816,0,816,-2,0,2,18
7,360,82.800000,22.608000,1,0,5042373,841,0,841,-3,0,2,18
7,360,82.800000,22.608000,1,0,5042384,870,0,870,-5,0,2,18
7,360,82.800000,22.608000,1,0,5042399,900,0,900,-6,0,2,18
7,360,82.800000,22.608000,1,0,5042410,951,0,951,-8,0,2,18
7,360,82.800000,22.608000,1,0,5042421,988,0,988,-10,0,2,18
7,360,82.800000,22.608000,1,0,5042431,1023,0,1023,-12,0,2,18
7,360,82.800000,22.608000,1,0,5042442,1054,0,1054,-13,0,2,18
7,360,82.800000,22.608000,1,0,5042453,1081,0,1081,-14,0,2,18
7,360,82.800000,22.608000,1,0,5042464,1105,0,1105,-16,0,2,18
7,360,82.800000,22.608000,1,0,5042475,1123,0,1123,-16,0,2,18
7,360,82.800000,22.608000,1,0,5042486,1136,0,1136,-16,0,2,18
7,360,82.800000,22.608000,1,0,5042497,1143,0,1143,-16,0,2,18
7,360,82.800000,22.608000,1,0,5042508,1148,0,1148,-17,0,2,18
7,360,82.800000,22.608000,1,0,5042518,1151,0,1151,-17,0,2,18
7,360,82.800000,22.608000,1,0,5042528,1151,0,1151,-17,0,2,18
7,360,82.800000,22.608000,1,0,5042539,1151,0,1151,-17,0,2,18
7,360,82.800000,22.608000,1,0,5042549,1151,0,1151,-17,0,2,18
7,360,82.800000,22.608000,1,0,5042560,1151,0,1151,-17,0,2,18
7,360,82.800000,22.608000,1,0,5042570,1151,0,1151,-17,0,2,18
7,360,82.800000,22.608000,1,0,5042580,1151,0,1151,-17,0,2,18
7,360,82.800000,22.608000,1,0,5042590,1151,0,1151,-17,0,2,18
7,360,82.800000,22.608000,1,0,5042600,1151,0,1151,-17,0,2,18
7,360,82.800000,22.608000,1,0,5042611,1151,0,1151,-17,0,2,18
7,360,82.800000,22.608000,1,0,5042621,1151,0,1151,-17,0,2,18
7,360,82.800000,22.608000,1,0,5042632,1151,0,1151,-17,0,2,18
7,360,82.800000,22.608000,1,0,5042642,1151,0,1151,-17,0,2,18
7,360,82.800000,22.608000,1,0,5042652,1151,0,1151,-17,0,2,18
7,360,82.800000,22.608000,1,0,5042667,1151,0,1151,-17,0,2,18
7,360,82.800000,22.608000,1,0,5042677,1151,0,1151,-17,0,2,18
7,360,82.800000,22.608000,1,0,5042687,1151,0,1151,-17,0,2,18
7,360,82.800000,22.608000,1,0,5042698,1151,0,1151,-17,0,2,18
7,360,82.800000,22.608000,1,0,5042708,1151,0,1151,-17,0,2,18
7,360,82.800000,22.608000,1,0,5042717,1151,0,1151,-17,0,2,18
