7,720,50.400000,22.608000,1,0,5168042,600,0,600,0,0,2,92
7,720,50.400000,22.608000,1,0,5168043,600,0,600,0,0,2,92
7,720,50.400000,22.608000,1,0,5168054,600,0,600,0,0,2,92
7,720,50.400000,22.608000,1,0,5168064,600,0,600,0,0,2,92
7,720,50.400000,22.608000,1,0,5168075,600,0,600,0,0,2,92
7,720,50.400000,22.608000,1,0,5168085,600,0,600,0,0,2,92
7,720,50.400000,22.608000,1,0,5168096,600,0,600,0,0,2,92
7,720,50.400000,22.608000,1,0,5168106,600,0,600,0,0,2,92
7,720,50.400000,22.608000,1,0,5168117,600,0,600,0,0,2,92
7,720,50.400000,22.608000,1,0,5168127,600,0,600,0,0,2,92
7,720,50.400000,22.608000,1,0,5168137,600,0,600,0,0,2,92
7,720,50.400000,22.608000,1,0,5168148,602,0,602,0,0,2,92
7,720,50.400000,22.608000,1,0,5168158,608,0,608,-1,0,2,92
7,720,50.400000,22.608000,1,0,5168169,621,0,621,-2,0,2,92
7,720,50.400000,22.608000,1,0,5168179,641,0,641,-2,0,2,92
7,720,50.400000,22.608000,1,0,5168190,669,0,669,-3,0,2,92
7,720,50.400000,22.608000,1,0,5168200,709,0,709,-3,0,2,92
7,720,50.400000,22.608000,1,0,5168211,745,0,745,-3,0,2,92
7,720,50.400000,22.608000,1,0,5168222,797,0,797,-3,0,2,92
7,720,50.400000,22.608000,1,0,5168234,855,0,855,-3,0,2,92
7,720,50.400000,22.608000,1,0,5168244,916,0,916,-3,0,2,92
7,720,50.400000,22.608000,1,0,5168255,967,0,967,-3,0,2,92
7,720,50.400000,22.608000,1,0,5168266,1016,0,1016,-3,0,2,92
7,720,50.400000,22.608000,1,0,5168277,1064,0,1064,-3,0,2,92
7,720,50.400000,22.608000,1,0,5168288,1110,0,1110,-4,0,2,92
7,720,50.400000,22.608000,1,0,5168299,1142,0,1142,-5,0,2,92
7,720,50.400000,22.608000,1,0,5168311,1173,0,1173,-6,0,2,92
7,720,50.400000,22.608000,1,0,5168323,1196,0,1196,-6,0,2,92
7,720,50.400000,22.608000,1,0,5168333,1218,0,1218,-7,0,2,92
7,720,50.400000,22.608000,1,0,5168344,1230,0,1230,-7,0,2,92
7,720,50.400000,22.608000,1,0,5168355,1235,0,1235,-7,0,2,92
7,720,50.400000,22.608000,1,0,5168366,1237,0,1237,-8,0,2,92
7,720,50.400000,22.608000,1,0,5168376,1238,0,1238,-8,0,2,92
7,720,50.400000,22.608000,1,0,5168387,1238,0,1238,-8,0,2,92
7,720,50.400000,22.608000,1,0,5168398,1238,0,1238,-8,0,2,92
7,720,50.400000,22.608000,1,0,5168408,1238,0,1238,-8,0,2,92
7,720,50.400000,22.608000,1,0,5168419,1238,0,1238,-8,0,2,92
7,720,50.400000,22.608000,1,0,5168429,1238,0,1238,-8,0,2,92
7,720,50.400000,22.608000,1,0,5168439,1238,0,1238,-8,0,2,92
7,720,50.400000,22.608000,1,0,5168450,1238,0,1238,-8,0,2,92
7,720,50.400000,22.608000,1,0,5168460,1238,0,1238,-8,0,2,92
7,720,50.400000,22.608000,1,0,5168471,1238,0,1238,-8,0,2,92
7,720,50.400000,22.608000,1,0,5168481,1238,0,1238,-8,0,2,92
7,720,50.400000,22.608000,1,0,5168491,1238,0,1238,-8,0,2,92
7,720,50.400000,22.608000,1,0,5168502,1238,0,1238,-8,0,2,92
7,720,50.400000,22.608000,1,0,5168512,1238,0,1238,-8,0,2,92
7,720,50.400000,22.608000,1,0,5168523,1239,0,1239,-8,0,2,92
7,720,50.400000,22.608000,1,0,5168533,1242,0,1242,-8,0,2,92
7,720,50.400000,22.608000,1,0,5168544,1246,0,1246,-8,0,2,92
7,720,50.400000,22.608000,1,0,5168555,1251,0,1251,-8,0,2,92
7,720,50.400000,22.608000,1,0,5168565,1259,0,1259,-9,0,2,92
7,720,50.400000,22.608000,1,0,5168576,1266,0,1266,-9,0,2,92
7,720,50.400000,22.608000,1,0,5168587,1272,0,1272,-9,0,2,92
7,720,50.400000,22.608000,1,0,5168599,1277,0,1277,-9,0,2,92
7,720,50.400000,22.608000,1,0,5168610,1282,0,1282,-9,0,2,92
7,720,50.400000,22.608000,1,0,5168620,1285,0,1285,-9,0,2,92
7,720,50.400000,22.608000,1,0,5168631,1285,0,1285,-10,0,2,92
7,720,50.400000,22.608000,1,0,5168642,1285,0,1285,-10,0,2,92
7,720,50.400000,22.608000,1,0,5168653,1285,0,1285,-10,0,2,92
7,720,50.400000,22.608000,1,0,5168664,1285,0,1285,-10,0,2,92
7,720,50.400000,22.608000,1,0,5168674,1285,0,1285,-10,0,2,92
7,720,50.400000,22.608000,1,0,5168685,1286,0,1286,-10,0,2,92
7,720,50.400000,22.608000,1,0,5168696,1289,0,1289,-10,0,2,92
7,720,50.400000,22.608000,1,0,5168708,1293,0,1293,-10,0,2,92
7,720,50.400000,22.608000,1,0,5168718,1297,0,1297,-10,0,2,92
7,720,50.400000,22.608000,1,0,5168728,1300,0,1300,-10,0,2,92
7,720,50.400000,22.608000,1,0,5168738,1303,0,1303,-10,0,2,92
7,720,50.400000,22.608000,1,0,5168749,1304,0,1304,-10,0,2,92
7,720,50.400000,22.608000,1,0,5168759,1304,0,1304,-10,0,2,92
7,720,50.400000,22.608000,1,0,5168769,1306,0,1306,-10,0,2,92
7,720,50.400000,22.608000,1,0,5168780,1307,0,1307,-10,0,2,92
7,720,50.400000,22.608000,1,0,5168790,1310,0,1310,-10,0,2,92
7,720,50.400000,22.608000,1,0,5168800,1311,0,1311,-10,0,2,92
7,720,50.400000,22.608000,1,0,5168810,1311,0,1311,-10,0,2,92
7,720,50.400000,22.608000,1,0,5168821,1311,0,1311,-10,0,2,92
7,720,50.400000,22.608000,1,0,5168831,1311,0,1311,-10,0,2,92
7,720,50.400000,22.608000,1,0,5168841,1311,0,1311,-10,0,2,92
7,720,50.400000,22.608000,1,0,5168851,1311,0,1311,-10,0,2,92
