7,360,50.400000,42.984000,0,1,5153364,780,22,780,22,0,2,83
7,360,50.400000,42.984000,0,1,5153365,780,22,780,22,0,2,83
7,360,50.400000,42.984000,0,1,5153375,780,22,780,22,0,2,83
7,360,50.400000,42.984000,0,1,5153385,780,22,780,22,0,2,83
7,360,50.400000,42.984000,0,1,5153395,780,22,780,22,0,2,83
7,360,50.400000,42.984000,0,1,5153405,780,22,780,22,0,2,83
7,360,50.400000,42.984000,0,1,5153415,780,22,780,22,0,2,83
7,360,50.400000,42.984000,0,1,5153430,780,22,780,22,0,2,83
7,360,50.400000,42.984000,0,1,5153446,780,22,780,22,0,2,83
7,360,50.400000,42.984000,0,1,5153463,780,22,780,22,0,2,83
7,360,50.400000,42.984000,0,1,5153473,780,22,780,22,0,2,83
7,360,50.400000,42.984000,0,1,5153482,780,22,780,22,0,2,83
7,360,50.400000,42.984000,0,1,5153492,780,22,780,22,0,2,83
7,360,50.400000,42.984000,0,1,5153502,780,22,780,22,0,2,83
7,360,50.400000,42.984000,0,1,5153512,780,22,780,22,0,2,83
7,360,50.400000,42.984000,0,1,5153522,781,22,781,22,0,2,83
7,360,50.400000,42.984000,0,1,5153532,783,22,783,22,0,2,83
7,360,50.400000,42.984000,0,1,5153544,785,22,785,22,0,2,83
7,360,50.400000,42.984000,0,1,5153555,790,22,790,22,0,2,83
7,360,50.400000,42.984000,0,1,5153565,795,22,795,22,0,2,83
7,360,50.400000,42.984000,0,1,5153576,803,22,803,22,0,2,83
7,360,50.400000,42.984000,0,1,5153586,814,22,814,22,0,2,83
7,360,50.400000,42.984000,0,1,5153602,826,22,826,22,0,2,83
7,360,50.400000,42.984000,0,1,5153618,853,21,853,21,0,2,83
7,360,50.400000,42.984000,0,1,5153629,885,19,885,19,0,2,83
7,360,50.400000,42.984000,0,1,5153640,908,18,908,18,0,2,83
7,360,50.400000,42.984000,0,1,5153651,933,16,933,16,0,2,83
7,360,50.400000,42.984000,0,1,5153666,957,16,957,16,0,2,83
7,360,50.400000,42.984000,0,1,5153677,991,14,991,14,0,2,83
7,360,50.400000,42.984000,0,1,5153688,1015,12,1015,12,0,2,83
7,360,50.400000,42.984000,0,1,5153698,1037,11,1037,11,0,2,83
7,360,50.400000,42.984000,0,1,5153710,1055,11,1055,11,0,2,83
7,360,50.400000,42.984000,0,1,5153721,1073,10,1073,10,0,2,83
7,360,50.400000,42.984000,0,1,5153731,1090,10,1090,10,0,2,83
7,360,50.400000,42.984000,0,1,5153742,1103,10,1103,10,0,2,83
7,360,50.400000,42.984000,0,1,5153752,1115,10,1115,10,0,2,83
7,360,50.400000,42.984000,0,1,5153763,1125,10,1125,10,0,2,83
7,360,50.400000,42.984000,0,1,5153773,1132,10,1132,10,0,2,83
7,360,50.400000,42.984000,0,1,5153784,1139,10,1139,10,0,2,83
7,360,50.400000,42.984000,0,1,5153796,1145,10,1145,10,0,2,83
7,360,50.400000,42.984000,0,1,5153806,1150,10,1150,10,0,2,83
7,360,50.400000,42.984000,0,1,5153816,1151,10,1151,10,0,2,83
7,360,50.400000,42.984000,0,1,5153826,1151,10,1151,10,0,2,83
7,360,50.400000,42.984000,0,1,5153840,1151,10,1151,10,0,2,83
7,360,50.400000,42.984000,0,1,5153856,1151,10,1151,10,0,2,83
7,360,50.400000,42.984000,0,1,5153872,1151,10,1151,10,0,2,83
7,360,50.400000,42.984000,0,1,5153887,1153,10,1153,10,0,2,83
7,360,50.400000,42.984000,0,1,5153902,1156,10,1156,10,0,2,83
7,360,50.400000,42.984000,0,1,5153911,1158,9,1158,9,0,2,83
7,360,50.400000,42.984000,0,1,5153921,1159,9,1159,9,0,2,83
7,360,50.400000,42.984000,0,1,5153931,1159,9,1159,9,0,2,83
7,360,50.400000,42.984000,0,1,5153941,1159,9,1159,9,0,2,83
7,360,50.400000,42.984000,0,1,5153951,1159,9,1159,9,0,2,83
7,360,50.400000,42.984000,0,1,5153960,1159,9,1159,9,0,2,83
7,360,50.400000,42.984000,0,1,5153970,1159,9,1159,9,0,2,83
7,360,50.400000,42.984000,0,1,5153981,1159,9,1159,9,0,2,83
7,360,50.400000,42.984000,0,1,5153990,1159,9,1159,9,0,2,83
7,360,50.400000,42.984000,0,1,5154000,1159,9,1159,9,0,2,83
7,360,50.400000,42.984000,0,1,5154009,1159,9,1159,9,0,2,83
