7,360,82.800000,10000.000000,0,1,5185002,780,22,780,22,0,2,103
7,360,82.800000,10000.000000,0,1,5185003,780,22,780,22,0,2,103
7,360,82.800000,10000.000000,0,1,5185013,780,22,780,22,0,2,103
7,360,82.800000,10000.000000,0,1,5185023,780,22,780,22,0,2,103
7,360,82.800000,10000.000000,0,1,5185033,780,22,780,22,0,2,103
7,360,82.800000,10000.000000,0,1,5185043,780,22,780,22,0,2,103
7,360,82.800000,10000.000000,0,1,5185054,780,22,780,22,0,2,103
7,360,82.800000,10000.000000,0,1,5185064,780,22,780,22,0,2,103
7,360,82.800000,10000.000000,0,1,5185075,780,22,780,22,0,2,103
7,360,82.800000,10000.000000,0,1,5185086,784,22,784,22,0,2,103
7,360,82.800000,10000.000000,0,1,5185097,791,22,791,22,0,2,103
7,360,82.800000,10000.000000,0,1,5185108,804,21,804,21,0,2,103
7,360,82.800000,10000.000000,0,1,5185120,829,19,829,19,0,2,103
7,360,82.800000,10000.000000,0,1,5185130,859,17,859,17,0,2,103
7,360,82.800000,10000.000000,0,1,5185141,889,15,889,15,0,2,103
7,360,82.800000,10000.000000,0,1,5185152,921,13,921,13,0,2,103
7,360,82.800000,10000.000000,0,1,5185162,960,13,960,13,0,2,103
7,360,82.800000,10000.000000,0,1,5185174,992,12,992,12,0,2,103
7,360,82.800000,10000.000000,0,1,5185185,1023,12,1023,12,0,2,103
7,360,82.800000,10000.000000,0,1,5185195,1049,12,1049,12,0,2,103
7,360,82.800000,10000.000000,0,1,5185206,1075,12,1075,12,0,2,103
7,360,82.800000,10000.000000,0,1,5185216,1096,12,1096,12,0,2,103
7,360,82.800000,10000.000000,0,1,5185226,1115,12,1115,12,0,2,103
7,360,82.800000,10000.000000,0,1,5185242,1133,12,1133,12,0,2,103
7,360,82.800000,10000.000000,0,1,5185257,1160,12,1160,12,0,2,103
7,360,82.800000,10000.000000,0,1,5185267,1178,12,1178,12,0,2,103
7,360,82.800000,10000.000000,0,1,5185278,1185,12,1185,12,0,2,103
7,360,82.800000,10000.000000,0,1,5185288,1188,12,1188,12,0,2,103
7,360,82.800000,10000.000000,0,1,5185298,1188,12,1188,12,0,2,103
7,360,82.800000,10000.000000,0,1,5185309,1188,12,1188,12,0,2,103
7,360,82.800000,10000.000000,0,1,5185318,1188,12,1188,12,0,2,103
7,360,82.800000,10000.000000,0,1,5185328,1188,12,1188,12,0,2,103
7,360,82.800000,10000.000000,0,1,5185338,1188,12,1188,12,0,2,103
7,360,82.800000,10000.000000,0,1,5185349,1188,12,1188,12,0,2,103
7,360,82.800000,10000.000000,0,1,5185359,1188,12,1188,12,0,2,103
7,360,82.800000,10000.000000,0,1,5185370,1188,12,1188,12,0,2,103
7,360,82.800000,10000.000000,0,1,5185384,1188,12,1188,12,0,2,103
7,360,82.800000,10000.000000,0,1,5185394,1187,12,1187,12,0,2,103
7,360,82.800000,10000.000000,0,1,5185404,1187,12,1187,12,0,2,103
7,360,82.800000,10000.000000,0,1,5185414,1187,12,1187,12,0,2,103
7,360,82.800000,10000.000000,0,1,5185425,1187,12,1187,12,0,2,103
7,360,82.800000,10000.000000,0,1,5185435,1187,12,1187,12,0,2,103
7,360,82.800000,10000.000000,0,1,5185446,1187,12,1187,12,0,2,103
7,360,82.800000,10000.000000,0,1,5185457,1187,12,1187,12,0,2,103
7,360,82.800000,10000.000000,0,1,5185468,1187,12,1187,12,0,2,103
7,360,82.800000,10000.000000,0,1,5185478,1187,12,1187,12,0,2,103
7,360,82.800000,10000.000000,0,1,5185489,1186,12,1186,12,0,2,103
7,360,82.800000,10000.000000,0,1,5185499,1185,12,1185,12,0,2,103
7,360,82.800000,10000.000000,0,1,5185509,1182,12,1182,12,0,2,103
7,360,82.800000,10000.000000,0,1,5185519,1175,12,1175,12,0,2,103
7,360,82.800000,10000.000000,0,1,5185531,1166,12,1166,12,0,2,103
7,360,82.800000,10000.000000,0,1,5185542,1158,12,1158,12,0,2,103
7,360,82.800000,10000.000000,0,1,5185553,1151,12,1151,12,0,2,103
7,360,82.800000,10000.000000,0,1,5185564,1145,12,1145,12,0,2,103
7,360,82.800000,10000.000000,0,1,5185574,1142,12,1142,12,0,2,103
7,360,82.800000,10000.000000,0,1,5185584,1141,12,1141,12,0,2,103
7,360,82.800000,10000.000000,0,1,5185594,1141,12,1141,12,0,2,103
7,360,82.800000,10000.000000,0,1,5185604,1141,12,1141,12,0,2,103
7,360,82.800000,10000.000000,0,1,5185615,1141,12,1141,12,0,2,103
7,360,82.800000,10000.000000,0,1,5185625,1141,12,1141,12,0,2,103
7,360,82.800000,10000.000000,0,1,5185638,1141,12,1141,12,0,2,103
