7,360,50.400000,22.608000,1,0,5016473,780,0,780,0,0,2,3
7,360,50.400000,22.608000,1,0,5016474,780,0,780,0,0,2,3
7,360,50.400000,22.608000,1,0,5016484,780,0,780,0,0,2,3
7,360,50.400000,22.608000,1,0,5016494,780,0,780,0,0,2,3
7,360,50.400000,22.608000,1,0,5016503,780,0,780,0,0,2,3
7,360,50.400000,22.608000,1,0,5016514,780,0,780,0,0,2,3
7,360,50.400000,22.608000,1,0,5016525,780,0,780,0,0,2,3
7,360,50.400000,22.608000,1,0,5016535,780,0,780,0,0,2,3
7,360,50.400000,22.608000,1,0,5016545,780,0,780,0,0,2,3
7,360,50.400000,22.608000,1,0,5016559,780,0,780,0,0,2,3
7,360,50.400000,22.608000,1,0,5016571,782,0,782,0,0,2,3
7,360,50.400000,22.608000,1,0,5016581,790,0,790,0,0,2,3
7,360,50.400000,22.608000,1,0,5016592,802,0,802,-2,0,2,3
7,360,50.400000,22.608000,1,0,5016603,821,0,821,-5,0,2,3
7,360,50.400000,22.608000,1,0,5016614,842,0,842,-8,0,2,3
7,360,50.400000,22.608000,1,0,5016624,874,0,874,-13,0,2,3
7,360,50.400000,22.608000,1,0,5016634,907,0,907,-17,0,2,3
7,360,50.400000,22.608000,1,0,5016644,938,0,938,-21,0,2,3
7,360,50.400000,22.608000,1,0,5016656,971,0,971,-23,0,2,3
7,360,50.400000,22.608000,1,0,5016671,1001,0,1001,-24,0,2,3
7,360,50.400000,22.608000,1,0,5016687,1023,0,1023,-25,0,2,3
7,360,50.400000,22.608000,1,0,5016702,1038,0,1038,-26,0,2,3
7,360,50.400000,22.608000,1,0,5016712,1045,0,1045,-26,0,2,3
7,360,50.400000,22.608000,1,0,5016721,1048,0,1048,-26,0,2,3
7,360,50.400000,22.608000,1,0,5016731,1050,0,1050,-26,0,2,3
7,360,50.400000,22.608000,1,0,5016741,1052,0,1052,-26,0,2,3
7,360,50.400000,22.608000,1,0,5016751,1055,0,1055,-27,0,2,3
7,360,50.400000,22.608000,1,0,5016765,1058,0,1058,-27,0,2,3
7,360,50.400000,22.608000,1,0,5016781,1064,0,1064,-27,0,2,3
7,360,50.400000,22.608000,1,0,5016796,1072,0,1072,-28,0,2,3
7,360,50.400000,22.608000,1,0,5016806,1082,0,1082,-28,0,2,3
7,360,50.400000,22.608000,1,0,5016817,1090,0,1090,-28,0,2,3
7,360,50.400000,22.608000,1,0,5016828,1098,0,1098,-28,0,2,3
7,360,50.400000,22.608000,1,0,5016838,1106,0,1106,-28,0,2,3
7,360,50.400000,22.608000,1,0,5016848,1112,0,1112,-28,0,2,3
7,360,50.400000,22.608000,1,0,5016859,1115,0,1115,-28,0,2,3
7,360,50.400000,22.608000,1,0,5016869,1116,0,1116,-28,0,2,3
7,360,50.400000,22.608000,1,0,5016880,1117,0,1117,-28,0,2,3
7,360,50.400000,22.608000,1,0,5016891,1119,0,1119,-28,0,2,3
7,360,50.400000,22.608000,1,0,5016901,1121,0,1121,-28,0,2,3
7,360,50.400000,22.608000,1,0,5016912,1123,0,1123,-28,0,2,3
7,360,50.400000,22.608000,1,0,5016923,1125,0,1125,-28,0,2,3
7,360,50.400000,22.608000,1,0,5016934,1129,0,1129,-28,0,2,3
7,360,50.400000,22.608000,1,0,5016945,1132,0,1132,-28,0,2,3
7,360,50.400000,22.608000,1,0,5016955,1135,0,1135,-28,0,2,3
7,360,50.400000,22.608000,1,0,5016965,1137,0,1137,-28,0,2,3
7,360,50.400000,22.608000,1,0,5016976,1138,0,1138,-28,0,2,3
7,360,50.400000,22.608000,1,0,5016986,1139,0,1139,-28,0,2,3
7,360,50.400000,22.608000,1,0,5016997,1140,0,1140,-28,0,2,3
7,360,50.400000,22.608000,1,0,5017007,1141,0,1141,-28,0,2,3
7,360,50.400000,22.608000,1,0,5017017,1142,0,1142,-28,0,2,3
7,360,50.400000,22.608000,1,0,5017027,1142,0,1142,-28,0,2,3
7,360,50.400000,22.608000,1,0,5017038,1142,0,1142,-28,0,2,3
7,360,50.400000,22.608000,1,0,5017048,1142,0,1142,-28,0,2,3
7,360,50.400000,22.608000,1,0,5017057,1142,0,1142,-28,0,2,3
