7,360,50.400000,12.276000,1,1,5191159,780,22,780,22,0,2,107
7,360,50.400000,12.276000,1,1,5191160,780,22,780,22,0,2,107
7,360,50.400000,12.276000,1,1,5191171,780,22,780,22,0,2,107
7,360,50.400000,12.276000,1,1,5191181,780,22,780,22,0,2,107
7,360,50.400000,12.276000,1,1,5191191,780,22,780,22,0,2,107
7,360,50.400000,12.276000,1,1,5191201,780,22,780,22,0,2,107
7,360,50.400000,12.276000,1,1,5191211,780,22,780,22,0,2,107
7,360,50.400000,12.276000,1,1,5191223,780,22,780,22,0,2,107
7,360,50.400000,12.276000,1,1,5191235,784,22,784,22,0,2,107
7,360,50.400000,12.276000,1,1,5191246,793,21,793,21,0,2,107
7,360,50.400000,12.276000,1,1,5191257,807,19,807,19,0,2,107
7,360,50.400000,12.276000,1,1,5191269,826,18,826,18,0,2,107
7,360,50.400000,12.276000,1,1,5191279,855,17,855,17,0,2,107
7,360,50.400000,12.276000,1,1,5191290,884,16,884,16,0,2,107
7,360,50.400000,12.276000,1,1,5191301,916,16,916,16,0,2,107
7,360,50.400000,12.276000,1,1,5191312,941,14,941,14,0,2,107
7,360,50.400000,12.276000,1,1,5191322,964,13,964,13,0,2,107
7,360,50.400000,12.276000,1,1,5191333,984,12,984,12,0,2,107
7,360,50.400000,12.276000,1,1,5191344,1001,12,1001,12,0,2,107
7,360,50.400000,12.276000,1,1,5191356,1016,12,1016,12,0,2,107
7,360,50.400000,12.276000,1,1,5191367,1031,12,1031,12,0,2,107
7,360,50.400000,12.276000,1,1,5191378,1044,12,1044,12,0,2,107
7,360,50.400000,12.276000,1,1,5191388,1059,12,1059,12,0,2,107
7,360,50.400000,12.276000,1,1,5191399,1072,11,1072,11,0,2,107
7,360,50.400000,12.276000,1,1,5191413,1083,11,1083,11,0,2,107
7,360,50.400000,12.276000,1,1,5191423,1094,10,1094,10,0,2,107
7,360,50.400000,12.276000,1,1,5191434,1098,10,1098,10,0,2,107
7,360,50.400000,12.276000,1,1,5191444,1101,10,1101,10,0,2,107
7,360,50.400000,12.276000,1,1,5191454,1103,10,1103,10,0,2,107
7,360,50.400000,12.276000,1,1,5191464,1106,10,1106,10,0,2,107
7,360,50.400000,12.276000,1,1,5191475,1110,10,1110,10,0,2,107
7,360,50.400000,12.276000,1,1,5191485,1115,10,1115,10,0,2,107
7,360,50.400000,12.276000,1,1,5191496,1119,10,1119,10,0,2,107
7,360,50.400000,12.276000,1,1,5191506,1122,10,1122,10,0,2,107
7,360,50.400000,12.276000,1,1,5191517,1122,10,1122,10,0,2,107
7,360,50.400000,12.276000,1,1,5191527,1122,10,1122,10,0,2,107
7,360,50.400000,12.276000,1,1,5191537,1122,10,1122,10,0,2,107
7,360,50.400000,12.276000,1,1,5191547,1122,10,1122,10,0,2,107
7,360,50.400000,12.276000,1,1,5191557,1122,10,1122,10,0,2,107
7,360,50.400000,12.276000,1,1,5191571,1122,10,1122,10,0,2,107
7,360,50.400000,12.276000,1,1,5191582,1123,10,1123,10,0,2,107
7,360,50.400000,12.276000,1,1,5191592,1124,10,1124,10,0,2,107
7,360,50.400000,12.276000,1,1,5191603,1125,10,1125,10,0,2,107
7,360,50.400000,12.276000,1,1,5191613,1126,10,1126,10,0,2,107
7,360,50.400000,12.276000,1,1,5191623,1126,10,1126,10,0,2,107
7,360,50.400000,12.276000,1,1,5191632,1126,10,1126,10,0,2,107
7,360,50.400000,12.276000,1,1,5191643,1126,10,1126,10,0,2,107
7,360,50.400000,12.276000,1,1,5191653,1126,10,1126,10,0,2,107
7,360,50.400000,12.276000,1,1,5191663,1126,10,1126,10,0,2,107
7,360,50.400000,12.276000,1,1,5191673,1126,10,1126,10,0,2,107
7,360,50.400000,12.276000,1,1,5191683,1126,10,1126,10,0,2,107
7,360,50.400000,12.276000,1,1,5191692,1126,10,1126,10,0,2,107
