7,360,21.600000,0.000000,0,1,5079417,780,22,780,22,0,2,41
7,360,21.600000,0.000000,0,1,5079418,780,22,780,22,0,2,41
7,360,21.600000,0.000000,0,1,5079428,780,22,780,22,0,2,41
7,360,21.600000,0.000000,0,1,5079438,780,22,780,22,0,2,41
7,360,21.600000,0.000000,0,1,5079448,780,22,780,22,0,2,41
7,360,21.600000,0.000000,0,1,5079458,780,22,780,22,0,2,41
7,360,21.600000,0.000000,0,1,5079469,780,22,780,22,0,2,41
7,360,21.600000,0.000000,0,1,5079479,780,22,780,22,0,2,41
7,360,21.600000,0.000000,0,1,5079489,780,22,780,22,0,2,41
7,360,21.600000,0.000000,0,1,5079500,780,22,780,22,0,2,41
7,360,21.600000,0.000000,0,1,5079511,780,22,780,22,0,2,41
7,360,21.600000,0.000000,0,1,5079521,781,22,781,22,0,2,41
7,360,21.600000,0.000000,0,1,5079532,783,22,783,22,0,2,41
7,360,21.600000,0.000000,0,1,5079543,787,22,787,22,0,2,41
7,360,21.600000,0.000000,0,1,5079554,796,22,796,22,0,2,41
7,360,21.600000,0.000000,0,1,5079564,812,20,812,20,0,2,41
7,360,21.600000,0.000000,0,1,5079575,835,18,835,18,0,2,41
7,360,21.600000,0.000000,0,1,5079585,859,16,859,16,0,2,41
7,360,21.600000,0.000000,0,1,5079597,894,14,894,14,0,2,41
7,360,21.600000,0.000000,0,1,5079608,935,12,935,12,0,2,41
7,360,21.600000,0.000000,0,1,5079619,965,12,965,12,0,2,41
7,360,21.600000,0.000000,0,1,5079629,988,12,988,12,0,2,41
7,360,21.600000,0.000000,0,1,5079640,1006,12,1006,12,0,2,41
7,360,21.600000,0.000000,0,1,5079651,1023,12,1023,12,0,2,41
7,360,21.600000,0.000000,0,1,5079662,1035,12,1035,12,0,2,41
7,360,21.600000,0.000000,0,1,5079672,1046,12,1046,12,0,2,41
7,360,21.600000,0.000000,0,1,5079683,1056,12,1056,12,0,2,41
7,360,21.600000,0.000000,0,1,5079694,1066,12,1066,12,0,2,41
7,360,21.600000,0.000000,0,1,5079709,1073,12,1073,12,0,2,41
7,360,21.600000,0.000000,0,1,5079720,1081,12,1081,12,0,2,41
7,360,21.600000,0.000000,0,1,5079730,1087,12,1087,12,0,2,41
7,360,21.600000,0.000000,0,1,5079742,1093,12,1093,12,0,2,41
7,360,21.600000,0.000000,0,1,5079753,1100,12,1100,12,0,2,41
7,360,21.600000,0.000000,0,1,5079764,1105,12,1105,12,0,2,41
7,360,21.600000,0.000000,0,1,5079775,1108,12,1108,12,0,2,41
7,360,21.600000,0.000000,0,1,5079788,1111,12,1111,12,0,2,41
7,360,21.600000,0.000000,0,1,5079798,1114,11,1114,11,0,2,41
7,360,21.600000,0.000000,0,1,5079808,1114,11,1114,11,0,2,41
7,360,21.600000,0.000000,0,1,5079818,1114,11,1114,11,0,2,41
7,360,21.600000,0.000000,0,1,5079828,1114,11,1114,11,0,2,41
7,360,21.600000,0.000000,0,1,5079838,1114,11,1114,11,0,2,41
7,360,21.600000,0.000000,0,1,5079852,1114,11,1114,11,0,2,41
7,360,21.600000,0.000000,0,1,5079862,1115,11,1115,11,0,2,41
7,360,21.600000,0.000000,0,1,5079872,1117,11,1117,11,0,2,41
7,360,21.600000,0.000000,0,1,5079882,1118,11,1118,11,0,2,41
7,360,21.600000,0.000000,0,1,5079892,1120,10,1120,10,0,2,41
7,360,21.600000,0.000000,0,1,5079903,1123,10,1123,10,0,2,41
7,360,21.600000,0.000000,0,1,5079912,1126,10,1126,10,0,2,41
7,360,21.600000,0.000000,0,1,5079923,1128,9,1128,9,0,2,41
7,360,21.600000,0.000000,0,1,5079933,1129,9,1129,9,0,2,41
7,360,21.600000,0.000000,0,1,5079947,1129,9,1129,9,0,2,41
7,360,21.600000,0.000000,0,1,5079957,1129,9,1129,9,0,2,41
7,360,21.600000,0.000000,0,1,5079967,1130,9,1130,9,0,2,41
7,360,21.600000,0.000000,0,1,5079976,1131,9,1131,9,0,2,41
7,360,21.600000,0.000000,0,1,5079986,1132,9,1132,9,0,2,41
7,360,21.600000,0.000000,0,1,5079997,1133,9,1133,9,0,2,41
7,360,21.600000,0.000000,0,1,5080011,1135,9,1135,9,0,2,41
7,360,21.600000,0.000000,0,1,5080021,1136,9,1136,9,0,2,41
7,360,21.600000,0.000000,0,1,5080031,1137,9,1137,9,0,2,41
7,360,21.600000,0.000000,0,1,5080041,1137,8,1137,8,0,2,41
7,360,21.600000,0.000000,0,1,5080052,1137,8,1137,8,0,2,41
7,360,21.600000,0.000000,0,1,5080063,1138,8,1138,8,0,2,41
7,360,21.600000,0.000000,0,1,5080073,1139,8,1139,8,0,2,41
7,360,21.600000,0.000000,0,1,5080084,1140,8,1140,8,0,2,41
7,360,21.600000,0.000000,0,1,5080094,1141,8,1141,8,0,2,41
7,360,21.600000,0.000000,0,1,5080104,1141,8,1141,8,0,2,41
7,360,21.600000,0.000000,0,1,5080114,1141,8,1141,8,0,2,41
7,360,21.600000,0.000000,0,1,5080124,1141,8,1141,8,0,2,41
7,360,21.600000,0.000000,0,1,5080134,1141,8,1141,8,0,2,41
7,360,21.600000,0.000000,0,1,5080143,1141,8,1141,8,0,2,41
7,360,21.600000,0.000000,0,1,5080154,1141,8,1141,8,0,2,41
7,360,21.600000,0.000000,0,1,5080164,1142,8,1142,8,0,2,41
7,360,21.600000,0.000000,0,1,5080174,1143,8,1143,8,0,2,41
7,360,21.600000,0.000000,0,1,5080187,1143,8,1143,8,0,2,41
7,360,21.600000,0.000000,0,1,5080202,1143,8,1143,8,0,2,41
7,360,21.600000,0.000000,0,1,5080219,1143,8,1143,8,0,2,41
7,360,21.600000,0.000000,0,1,5080234,1143,8,1143,8,0,2,41
