7,720,50.400000,10000.000000,0,0,5206077,600,0,600,0,0,2,116
7,720,50.400000,10000.000000,0,0,5206077,600,0,600,0,0,2,116
7,720,50.400000,10000.000000,0,0,5206087,600,0,600,0,0,2,116
7,720,50.400000,10000.000000,0,0,5206097,600,0,600,0,0,2,116
7,720,50.400000,10000.000000,0,0,5206107,600,0,600,0,0,2,116
7,720,50.400000,10000.000000,0,0,5206117,600,0,600,0,0,2,116
7,720,50.400000,10000.000000,0,0,5206128,600,0,600,0,0,2,116
7,720,50.400000,10000.000000,0,0,5206138,600,0,600,0,0,2,116
7,720,50.400000,10000.000000,0,0,5206150,600,0,600,0,0,2,116
7,720,50.400000,10000.000000,0,0,5206161,603,0,603,0,0,2,116
7,720,50.400000,10000.000000,0,0,5206172,609,0,609,0,0,2,116
7,720,50.400000,10000.000000,0,0,5206184,623,0,623,0,0,2,116
7,720,50.400000,10000.000000,0,0,5206194,643,0,643,0,0,2,116
7,720,50.400000,10000.000000,0,0,5206205,676,0,676,0,0,2,116
7,720,50.400000,10000.000000,0,0,5206215,711,1,711,1,0,2,116
7,720,50.400000,10000.000000,0,0,5206226,757,1,757,1,0,2,116
7,720,50.400000,10000.000000,0,0,5206237,809,2,809,2,0,2,116
7,720,50.400000,10000.000000,0,0,5206247,867,2,867,2,0,2,116
7,720,50.400000,10000.000000,0,0,5206258,926,2,926,2,0,2,116
7,720,50.400000,10000.000000,0,0,5206268,991,2,991,2,0,2,116
7,720,50.400000,10000.000000,0,0,5206279,1050,2,1050,2,0,2,116
7,720,50.400000,10000.000000,0,0,5206290,1100,2,1100,2,0,2,116
7,720,50.400000,10000.000000,0,0,5206300,1149,2,1149,2,0,2,116
7,720,50.400000,10000.000000,0,0,5206310,1198,2,1198,2,0,2,116
7,720,50.400000,10000.000000,0,0,5206321,1234,2,1234,2,0,2,116
7,720,50.400000,10000.000000,0,0,5206331,1266,2,1266,2,0,2,116
7,720,50.400000,10000.000000,0,0,5206342,1286,1,1286,1,0,2,116
7,720,50.400000,10000.000000,0,0,5206352,1301,1,1301,1,0,2,116
7,720,50.400000,10000.000000,0,0,5206363,1307,1,1307,1,0,2,116
7,720,50.400000,10000.000000,0,0,5206373,1309,1,1309,1,0,2,116
7,720,50.400000,10000.000000,0,0,5206384,1311,1,1311,1,0,2,116
7,720,50.400000,10000.000000,0,0,5206394,1311,1,1311,1,0,2,116
7,720,50.400000,10000.000000,0,0,5206404,1311,1,1311,1,0,2,116
7,720,50.400000,10000.000000,0,0,5206415,1312,1,1312,1,0,2,116
7,720,50.400000,10000.000000,0,0,5206425,1312,1,1312,1,0,2,116
7,720,50.400000,10000.000000,0,0,5206436,1312,1,1312,1,0,2,116
7,720,50.400000,10000.000000,0,0,5206446,1313,1,1313,1,0,2,116
7,720,50.400000,10000.000000,0,0,5206456,1314,1,1314,1,0,2,116
7,720,50.400000,10000.000000,0,0,5206467,1317,1,1317,1,0,2,116
7,720,50.400000,10000.000000,0,0,5206478,1321,1,1321,1,0,2,116
7,720,50.400000,10000.000000,0,0,5206488,1326,1,1326,1,0,2,116
7,720,50.400000,10000.000000,0,0,5206499,1331,1,1331,1,0,2,116
7,720,50.400000,10000.000000,0,0,5206509,1333,1,1333,1,0,2,116
7,720,50.400000,10000.000000,0,0,5206519,1334,1,1334,1,0,2,116
7,720,50.400000,10000.000000,0,0,5206530,1335,1,1335,1,0,2,116
7,720,50.400000,10000.000000,0,0,5206540,1335,1,1335,1,0,2,116
7,720,50.400000,10000.000000,0,0,5206550,1335,1,1335,1,0,2,116
7,720,50.400000,10000.000000,0,0,5206560,1335,1,1335,1,0,2,116
7,720,50.400000,10000.000000,0,0,5206570,1335,1,1335,1,0,2,116
7,720,50.400000,10000.000000,0,0,5206580,1335,1,1335,1,0,2,116
7,720,50.400000,10000.000000,0,0,5206590,1335,1,1335,1,0,2,116
7,720,50.400000,10000.000000,0,0,5206601,1335,1,1335,1,0,2,116
7,720,50.400000,10000.000000,0,0,5206611,1335,1,1335,1,0,2,116
7,720,50.400000,10000.000000,0,0,5206621,1335,1,1335,1,0,2,116
7,720,50.400000,10000.000000,0,0,5206631,1335,1,1335,1,0,2,116
7,720,50.400000,10000.000000,0,0,5206641,1335,1,1335,1,0,2,116
7,720,50.400000,10000.000000,0,0,5206651,1335,1,1335,1,0,2,116
7,720,50.400000,10000.000000,0,0,5206661,1335,1,1335,1,0,2,116
