7,360,21.600000,22.608000,0,0,5163343,780,0,780,0,0,2,89
7,360,21.600000,22.608000,0,0,5163344,780,0,780,0,0,2,89
7,360,21.600000,22.608000,0,0,5163355,780,0,780,0,0,2,89
7,360,21.600000,22.608000,0,0,5163365,780,0,780,0,0,2,89
7,360,21.600000,22.608000,0,0,5163375,780,0,780,0,0,2,89
7,360,21.600000,22.608000,0,0,5163386,780,0,780,0,0,2,89
7,360,21.600000,22.608000,0,0,5163395,780,0,780,0,0,2,89
7,360,21.600000,22.608000,0,0,5163406,780,0,780,0,0,2,89
7,360,21.600000,22.608000,0,0,5163416,780,0,780,0,0,2,89
7,360,21.600000,22.608000,0,0,5163426,780,0,780,0,0,2,89
7,360,21.600000,22.608000,0,0,5163437,780,0,780,0,0,2,89
7,360,21.600000,22.608000,0,0,5163447,780,0,780,0,0,2,89
7,360,21.600000,22.608000,0,0,5163458,782,0,782,0,0,2,89
7,360,21.600000,22.608000,0,0,5163470,789,0,789,0,0,2,89
7,360,21.600000,22.608000,0,0,5163481,803,0,803,0,0,2,89
7,360,21.600000,22.608000,0,0,5163491,823,0,823,-2,0,2,89
7,360,21.600000,22.608000,0,0,5163502,846,0,846,-3,0,2,89
7,360,21.600000,22.608000,0,0,5163512,873,0,873,-4,0,2,89
7,360,21.600000,22.608000,0,0,5163523,904,0,904,-5,0,2,89
7,360,21.600000,22.608000,0,0,5163535,935,0,935,-6,0,2,89
7,360,21.600000,22.608000,0,0,5163546,974,0,974,-6,0,2,89
7,360,21.600000,22.608000,0,0,5163556,1006,0,1006,-7,0,2,89
7,360,21.600000,22.608000,0,0,5163567,1034,0,1034,-7,0,2,89
7,360,21.600000,22.608000,0,0,5163578,1064,0,1064,-8,0,2,89
7,360,21.600000,22.608000,0,0,5163588,1087,0,1087,-8,0,2,89
7,360,21.600000,22.608000,0,0,5163599,1104,0,1104,-8,0,2,89
7,360,21.600000,22.608000,0,0,5163609,1116,0,1116,-9,0,2,89
7,360,21.600000,22.608000,0,0,5163620,1125,0,1125,-9,0,2,89
7,360,21.600000,22.608000,0,0,5163631,1131,0,1131,-9,0,2,89
7,360,21.600000,22.608000,0,0,5163641,1134,0,1134,-9,0,2,89
7,360,21.600000,22.608000,0,0,5163651,1135,0,1135,-9,0,2,89
7,360,21.600000,22.608000,0,0,5163662,1136,0,1136,-9,0,2,89
7,360,21.600000,22.608000,0,0,5163672,1136,0,1136,-9,0,2,89
7,360,21.600000,22.608000,0,0,5163682,1136,0,1136,-9,0,2,89
7,360,21.600000,22.608000,0,0,5163692,1136,0,1136,-9,0,2,89
7,360,21.600000,22.608000,0,0,5163703,1136,0,1136,-9,0,2,89
7,360,21.600000,22.608000,0,0,5163714,1136,0,1136,-9,0,2,89
7,360,21.600000,22.608000,0,0,5163724,1136,0,1136,-9,0,2,89
7,360,21.600000,22.608000,0,0,5163734,1136,0,1136,-9,0,2,89
7,360,21.600000,22.608000,0,0,5163745,1136,0,1136,-9,0,2,89
7,360,21.600000,22.608000,0,0,5163755,1136,0,1136,-9,0,2,89
7,360,21.600000,22.608000,0,0,5163764,1136,0,1136,-9,0,2,89
7,360,21.600000,22.608000,0,0,5163774,1136,0,1136,-9,0,2,89
7,360,21.600000,22.608000,0,0,5163785,1136,0,1136,-9,0,2,89
7,360,21.600000,22.608000,0,0,5163795,1136,0,1136,-9,0,2,89
7,360,21.600000,22.608000,0,0,5163805,1136,0,1136,-9,0,2,89
7,360,21.600000,22.608000,0,0,5163815,1136,0,1136,-9,0,2,89
7,360,21.600000,22.608000,0,0,5163825,1136,0,1136,-9,0,2,89
7,360,21.600000,22.608000,0,0,5163835,1136,0,1136,-9,0,2,89
7,360,21.600000,22.608000,0,0,5163845,1136,0,1136,-9,0,2,89
7,360,21.600000,22.608000,0,0,5163855,1136,0,1136,-9,0,2,89
7,360,21.600000,22.608000,0,0,5163865,1136,0,1136,-9,0,2,89
7,360,21.600000,22.608000,0,0,5163875,1136,0,1136,-9,0,2,89
7,360,21.600000,22.608000,0,0,5163885,1136,0,1136,-9,0,2,89
7,360,21.600000,22.608000,0,0,5163895,1136,0,1136,-9,0,2,89
7,360,21.600000,22.608000,0,0,5163906,1137,0,1137,-9,0,2,89
7,360,21.600000,22.608000,0,0,5163915,1138,0,1138,-9,0,2,89
7,360,21.600000,22.608000,0,0,5163926,1139,0,1139,-9,0,2,89
7,360,21.600000,22.608000,0,0,5163936,1140,0,1140,-9,0,2,89
7,360,21.600000,22.608000,0,0,5163946,1140,0,1140,-9,0,2,89
7,360,21.600000,22.608000,0,0,5163956,1140,0,1140,-9,0,2,89
7,360,21.600000,22.608000,0,0,5163965,1140,0,1140,-9,0,2,89
