7,360,82.800000,0.000000,1,1,5385071,780,22,780,22,0,3,102
7,360,82.800000,0.000000,1,1,5385072,780,22,780,22,0,3,102
7,360,82.800000,0.000000,1,1,5385082,780,22,780,22,0,3,102
7,360,82.800000,0.000000,1,1,5385092,780,22,780,22,0,3,102
7,360,82.800000,0.000000,1,1,5385103,780,22,780,22,0,3,102
7,360,82.800000,0.000000,1,1,5385113,780,22,780,22,0,3,102
7,360,82.800000,0.000000,1,1,5385123,780,22,780,22,0,3,102
7,360,82.800000,0.000000,1,1,5385134,780,22,780,22,0,3,102
7,360,82.800000,0.000000,1,1,5385144,780,22,780,22,0,3,102
7,360,82.800000,0.000000,1,1,5385155,783,22,783,22,0,3,102
7,360,82.800000,0.000000,1,1,5385166,792,22,792,22,0,3,102
7,360,82.800000,0.000000,1,1,5385176,805,23,805,23,0,3,102
7,360,82.800000,0.000000,1,1,5385187,823,23,823,23,0,3,102
7,360,82.800000,0.000000,1,1,5385197,843,23,843,23,0,3,102
7,360,82.800000,0.000000,1,1,5385208,867,22,867,22,0,3,102
7,360,82.800000,0.000000,1,1,5385219,896,21,896,21,0,3,102
7,360,82.800000,0.000000,1,1,5385229,927,21,927,21,0,3,102
7,360,82.800000,0.000000,1,1,5385240,959,20,959,20,0,3,102
7,360,82.800000,0.000000,1,1,5385250,989,19,989,19,0,3,102
7,360,82.800000,0.000000,1,1,5385261,1013,19,1013,19,0,3,102
7,360,82.800000,0.000000,1,1,5385271,1038,18,1038,18,0,3,102
7,360,82.800000,0.000000,1,1,5385282,1055,17,1055,17,0,3,102
7,360,82.800000,0.000000,1,1,5385293,1068,17,1068,17,0,3,102
7,360,82.800000,0.000000,1,1,5385304,1075,17,1075,17,0,3,102
7,360,82.800000,0.000000,1,1,5385314,1078,17,1078,17,0,3,102
7,360,82.800000,0.000000,1,1,5385325,1078,17,1078,17,0,3,102
7,360,82.800000,0.000000,1,1,5385335,1078,17,1078,17,0,3,102
7,360,82.800000,0.000000,1,1,5385347,1078,16,1078,16,0,3,102
7,360,82.800000,0.000000,1,1,5385357,1078,15,1078,15,0,3,102
7,360,82.800000,0.000000,1,1,5385367,1079,15,1079,15,0,3,102
7,360,82.800000,0.000000,1,1,5385378,1079,15,1079,15,0,3,102
7,360,82.800000,0.000000,1,1,5385388,1080,15,1080,15,0,3,102
7,360,82.800000,0.000000,1,1,5385400,1083,15,1083,15,0,3,102
7,360,82.800000,0.000000,1,1,5385410,1087,15,1087,15,0,3,102
7,360,82.800000,0.000000,1,1,5385421,1090,15,1090,15,0,3,102
7,360,82.800000,0.000000,1,1,5385431,1091,15,1091,15,0,3,102
7,360,82.800000,0.000000,1,1,5385441,1092,15,1092,15,0,3,102
7,360,82.800000,0.000000,1,1,5385452,1092,15,1092,15,0,3,102
7,360,82.800000,0.000000,1,1,5385463,1092,15,1092,15,0,3,102
7,360,82.800000,0.000000,1,1,5385473,1092,15,1092,15,0,3,102
7,360,82.800000,0.000000,1,1,5385483,1092,14,1092,14,0,3,102
7,360,82.800000,0.000000,1,1,5385494,1094,14,1094,14,0,3,102
7,360,82.800000,0.000000,1,1,5385504,1098,14,1098,14,0,3,102
7,360,82.800000,0.000000,1,1,5385515,1103,14,1103,14,0,3,102
7,360,82.800000,0.000000,1,1,5385525,1108,14,1108,14,0,3,102
7,360,82.800000,0.000000,1,1,5385537,1112,13,1112,13,0,3,102
7,360,82.800000,0.000000,1,1,5385547,1118,13,1118,13,0,3,102
7,360,82.800000,0.000000,1,1,5385558,1122,13,1122,13,0,3,102
7,360,82.800000,0.000000,1,1,5385569,1125,13,1125,13,0,3,102
7,360,82.800000,0.000000,1,1,5385579,1128,12,1128,12,0,3,102
7,360,82.800000,0.000000,1,1,5385589,1129,12,1129,12,0,3,102
7,360,82.800000,0.000000,1,1,5385601,1129,12,1129,12,0,3,102
7,360,82.800000,0.000000,1,1,5385611,1129,12,1129,12,0,3,102
7,360,82.800000,0.000000,1,1,5385620,1129,12,1129,12,0,3,102
