7,360,82.800000,10000.000000,1,1,5264546,780,22,780,22,0,3,30
7,360,82.800000,10000.000000,1,1,5264546,780,22,780,22,0,3,30
7,360,82.800000,10000.000000,1,1,5264557,780,22,780,22,0,3,30
7,360,82.800000,10000.000000,1,1,5264567,780,22,780,22,0,3,30
7,360,82.800000,10000.000000,1,1,5264577,780,22,780,22,0,3,30
7,360,82.800000,10000.000000,1,1,5264587,780,22,780,22,0,3,30
7,360,82.800000,10000.000000,1,1,5264598,780,22,780,22,0,3,30
7,360,82.800000,10000.000000,1,1,5264608,780,22,780,22,0,3,30
7,360,82.800000,10000.000000,1,1,5264618,782,22,782,22,0,3,30
7,360,82.800000,10000.000000,1,1,5264628,789,22,789,22,0,3,30
7,360,82.800000,10000.000000,1,1,5264639,802,21,802,21,0,3,30
7,360,82.800000,10000.000000,1,1,5264651,827,19,827,19,0,3,30
7,360,82.800000,10000.000000,1,1,5264661,860,16,860,16,0,3,30
7,360,82.800000,10000.000000,1,1,5264672,891,12,891,12,0,3,30
7,360,82.800000,10000.000000,1,1,5264682,922,7,922,7,0,3,30
7,360,82.800000,10000.000000,1,1,5264692,956,1,956,1,0,3,30
7,360,82.800000,10000.000000,1,1,5264703,980,0,980,-3,0,3,30
7,360,82.800000,10000.000000,1,1,5264713,999,0,999,-7,0,3,30
7,360,82.800000,10000.000000,1,1,5264723,1016,0,1016,-9,0,3,30
7,360,82.800000,10000.000000,1,1,5264734,1026,0,1026,-11,0,3,30
7,360,82.800000,10000.000000,1,1,5264744,1033,0,1033,-12,0,3,30
7,360,82.800000,10000.000000,1,1,5264759,1038,0,1038,-12,0,3,30
7,360,82.800000,10000.000000,1,1,5264770,1042,0,1042,-13,0,3,30
7,360,82.800000,10000.000000,1,1,5264779,1045,0,1045,-14,0,3,30
7,360,82.800000,10000.000000,1,1,5264791,1047,0,1047,-15,0,3,30
7,360,82.800000,10000.000000,1,1,5264801,1051,0,1051,-16,0,3,30
7,360,82.800000,10000.000000,1,1,5264812,1055,0,1055,-17,0,3,30
7,360,82.800000,10000.000000,1,1,5264822,1059,0,1059,-18,0,3,30
7,360,82.800000,10000.000000,1,1,5264837,1062,0,1062,-18,0,3,30
7,360,82.800000,10000.000000,1,1,5264847,1068,0,1068,-19,0,3,30
7,360,82.800000,10000.000000,1,1,5264860,1072,0,1072,-19,0,3,30
7,360,82.800000,10000.000000,1,1,5264872,1081,0,1081,-20,0,3,30
7,360,82.800000,10000.000000,1,1,5264882,1092,0,1092,-22,0,3,30
7,360,82.800000,10000.000000,1,1,5264893,1102,0,1102,-23,0,3,30
7,360,82.800000,10000.000000,1,1,5264904,1108,0,1108,-23,0,3,30
7,360,82.800000,10000.000000,1,1,5264914,1111,0,1111,-23,0,3,30
7,360,82.800000,10000.000000,1,1,5264924,1114,0,1114,-23,0,3,30
7,360,82.800000,10000.000000,1,1,5264934,1114,0,1114,-23,0,3,30
7,360,82.800000,10000.000000,1,1,5264947,1114,0,1114,-23,0,3,30
7,360,82.800000,10000.000000,1,1,5264958,1114,0,1114,-23,0,3,30
7,360,82.800000,10000.000000,1,1,5264968,1114,0,1114,-23,0,3,30
7,360,82.800000,10000.000000,1,1,5264979,1114,0,1114,-23,0,3,30
7,360,82.800000,10000.000000,1,1,5264989,1114,0,1114,-23,0,3,30
7,360,82.800000,10000.000000,1,1,5264999,1114,0,1114,-23,0,3,30
7,360,82.800000,10000.000000,1,1,5265010,1114,0,1114,-23,0,3,30
7,360,82.800000,10000.000000,1,1,5265020,1114,0,1114,-23,0,3,30
7,360,82.800000,10000.000000,1,1,5265030,1114,0,1114,-23,0,3,30
7,360,82.800000,10000.000000,1,1,5265040,1115,0,1115,-23,0,3,30
7,360,82.800000,10000.000000,1,1,5265050,1115,0,1115,-23,0,3,30
