7,360,82.800000,22.608000,0,0,5421262,780,0,780,0,0,4,6
7,360,82.800000,22.608000,0,0,5421262,780,0,780,0,0,4,6
7,360,82.800000,22.608000,0,0,5421272,780,0,780,0,0,4,6
7,360,82.800000,22.608000,0,0,5421282,780,0,780,0,0,4,6
7,360,82.800000,22.608000,0,0,5421293,780,0,780,0,0,4,6
7,360,82.800000,22.608000,0,0,5421303,780,0,780,0,0,4,6
7,360,82.800000,22.608000,0,0,5421313,780,0,780,0,0,4,6
7,360,82.800000,22.608000,0,0,5421323,780,0,780,0,0,4,6
7,360,82.800000,22.608000,0,0,5421333,780,0,780,0,0,4,6
7,360,82.800000,22.608000,0,0,5421345,783,0,783,0,0,4,6
7,360,82.800000,22.608000,0,0,5421355,792,0,792,0,0,4,6
7,360,82.800000,22.608000,0,0,5421366,808,0,808,0,0,4,6
7,360,82.800000,22.608000,0,0,5421377,826,0,826,0,0,4,6
7,360,82.800000,22.608000,0,0,5421387,851,0,851,-1,0,4,6
7,360,82.800000,22.608000,0,0,5421398,880,0,880,-4,0,4,6
7,360,82.800000,22.608000,0,0,5421408,910,0,910,-6,0,4,6
7,360,82.800000,22.608000,0,0,5421419,934,0,934,-8,0,4,6
7,360,82.800000,22.608000,0,0,5421430,962,0,962,-10,0,4,6
7,360,82.800000,22.608000,0,0,5421440,984,0,984,-10,0,4,6
7,360,82.800000,22.608000,0,0,5421450,1002,0,1002,-10,0,4,6
7,360,82.800000,22.608000,0,0,5421461,1014,0,1014,-10,0,4,6
7,360,82.800000,22.608000,0,0,5421471,1024,0,1024,-11,0,4,6
7,360,82.800000,22.608000,0,0,5421482,1029,0,1029,-11,0,4,6
7,360,82.800000,22.608000,0,0,5421492,1033,0,1033,-11,0,4,6
7,360,82.800000,22.608000,0,0,5421502,1035,0,1035,-11,0,4,6
7,360,82.800000,22.608000,0,0,5421512,1035,0,1035,-11,0,4,6
7,360,82.800000,22.608000,0,0,5421522,1035,0,1035,-11,0,4,6
7,360,82.800000,22.608000,0,0,5421532,1035,0,1035,-11,0,4,6
7,360,82.800000,22.608000,0,0,5421542,1035,0,1035,-11,0,4,6
7,360,82.800000,22.608000,0,0,5421552,1035,0,1035,-11,0,4,6
7,360,82.800000,22.608000,0,0,5421562,1036,0,1036,-11,0,4,6
7,360,82.800000,22.608000,0,0,5421573,1036,0,1036,-11,0,4,6
7,360,82.800000,22.608000,0,0,5421582,1036,0,1036,-11,0,4,6
7,360,82.800000,22.608000,0,0,5421593,1038,0,1038,-11,0,4,6
7,360,82.800000,22.608000,0,0,5421603,1040,0,1040,-11,0,4,6
7,360,82.800000,22.608000,0,0,5421614,1046,0,1046,-11,0,4,6
7,360,82.800000,22.608000,0,0,5421624,1053,0,1053,-12,0,4,6
7,360,82.800000,22.608000,0,0,5421634,1059,0,1059,-12,0,4,6
7,360,82.800000,22.608000,0,0,5421645,1063,0,1063,-12,0,4,6
7,360,82.800000,22.608000,0,0,5421655,1067,0,1067,-12,0,4,6
7,360,82.800000,22.608000,0,0,5421665,1071,0,1071,-12,0,4,6
7,360,82.800000,22.608000,0,0,5421675,1075,0,1075,-12,0,4,6
7,360,82.800000,22.608000,0,0,5421686,1079,0,1079,-12,0,4,6
7,360,82.800000,22.608000,0,0,5421696,1083,0,1083,-12,0,4,6
7,360,82.800000,22.608000,0,0,5421707,1088,0,1088,-12,0,4,6
7,360,82.800000,22.608000,0,0,5421718,1092,0,1092,-12,0,4,6
7,360,82.800000,22.608000,0,0,5421729,1094,0,1094,-12,0,4,6
7,360,82.800000,22.608000,0,0,5421739,1095,0,1095,-12,0,4,6
7,360,82.800000,22.608000,0,0,5421749,1095,0,1095,-12,0,4,6
7,360,82.800000,22.608000,0,0,5421759,1095,0,1095,-12,0,4,6
7,360,82.800000,22.608000,0,0,5421771,1095,0,1095,-12,0,4,6
7,360,82.800000,22.608000,0,0,5421781,1095,0,1095,-12,0,4,6
7,360,82.800000,22.608000,0,0,5421791,1095,0,1095,-12,0,4,6
7,360,82.800000,22.608000,0,0,5421801,1095,0,1095,-12,0,4,6
7,360,82.800000,22.608000,0,0,5421812,1095,0,1095,-12,0,4,6
7,360,82.800000,22.608000,0,0,5421822,1095,0,1095,-12,0,4,6
7,360,82.800000,22.608000,0,0,5421832,1095,0,1095,-12,0,4,6
7,360,82.800000,22.608000,0,0,5421842,1095,0,1095,-12,0,4,6
7,360,82.800000,22.608000,0,0,5421852,1095,0,1095,-12,0,4,6
7,360,82.800000,22.608000,0,0,5421862,1095,0,1095,-12,0,4,6
7,360,82.800000,22.608000,0,0,5421872,1095,0,1095,-12,0,4,6
7,360,82.800000,22.608000,0,0,5421882,1095,0,1095,-12,0,4,6
7,360,82.800000,22.608000,0,0,5421893,1095,0,1095,-12,0,4,6
7,360,82.800000,22.608000,0,0,5421903,1095,0,1095,-12,0,4,6
7,360,82.800000,22.608000,0,0,5421913,1095,0,1095,-12,0,4,6
7,360,82.800000,22.608000,0,0,5421923,1095,0,1095,-12,0,4,6
7,360,82.800000,22.608000,0,0,5421934,1095,0,1095,-12,0,4,6
7,360,82.800000,22.608000,0,0,5421945,1095,0,1095,-12,0,4,6
7,360,82.800000,22.608000,0,0,5421955,1096,0,1096,-12,0,4,6
7,360,82.800000,22.608000,0,0,5421965,1098,0,1098,-12,0,4,6
7,360,82.800000,22.608000,0,0,5421975,1100,0,1100,-12,0,4,6
7,360,82.800000,22.608000,0,0,5421986,1104,0,1104,-12,0,4,6
7,360,82.800000,22.608000,0,0,5421997,1108,0,1108,-12,0,4,6
7,360,82.800000,22.608000,0,0,5422007,1111,0,1111,-12,0,4,6
7,360,82.800000,22.608000,0,0,5422017,1113,0,1113,-12,0,4,6
7,360,82.800000,22.608000,0,0,5422027,1116,1,1116,-11,0,4,6
7,360,82.800000,22.608000,0,0,5422038,1118,1,1118,-11,0,4,6
7,360,82.800000,22.608000,0,0,5422048,1120,1,1120,-11,0,4,6
7,360,82.800000,22.608000,0,0,5422059,1123,1,1123,-11,0,4,6
7,360,82.800000,22.608000,0,0,5422069,1126,1,1126,-11,0,4,6
7,360,82.800000,22.608000,0,0,5422079,1128,2,1128,-10,0,4,6
7,360,82.800000,22.608000,0,0,5422090,1131,2,1131,-10,0,4,6
7,360,82.800000,22.608000,0,0,5422100,1132,2,1132,-10,0,4,6
7,360,82.800000,22.608000,0,0,5422112,1133,2,1133,-10,0,4,6
7,360,82.800000,22.608000,0,0,5422122,1133,2,1133,-10,0,4,6
