7,360,82.800000,22.608000,1,0,5550403,780,0,780,0,0,4,86
7,360,82.800000,22.608000,1,0,5550404,780,0,780,0,0,4,86
7,360,82.800000,22.608000,1,0,5550414,780,0,780,0,0,4,86
7,360,82.800000,22.608000,1,0,5550425,780,0,780,0,0,4,86
7,360,82.800000,22.608000,1,0,5550435,780,0,780,0,0,4,86
7,360,82.800000,22.608000,1,0,5550446,779,0,779,0,0,4,86
7,360,82.800000,22.608000,1,0,5550456,778,0,778,0,0,4,86
7,360,82.800000,22.608000,1,0,5550466,778,0,778,0,0,4,86
7,360,82.800000,22.608000,1,0,5550476,778,0,778,0,0,4,86
7,360,82.800000,22.608000,1,0,5550487,778,0,778,0,0,4,86
7,360,82.800000,22.608000,1,0,5550497,782,0,782,0,0,4,86
7,360,82.800000,22.608000,1,0,5550507,791,0,791,0,0,4,86
7,360,82.800000,22.608000,1,0,5550518,808,0,808,0,0,4,86
7,360,82.800000,22.608000,1,0,5550531,828,0,828,-1,0,4,86
7,360,82.800000,22.608000,1,0,5550542,866,0,866,-5,0,4,86
7,360,82.800000,22.608000,1,0,5550554,895,0,895,-9,0,4,86
7,360,82.800000,22.608000,1,0,5550565,933,0,933,-13,0,4,86
7,360,82.800000,22.608000,1,0,5550575,963,0,963,-16,0,4,86
7,360,82.800000,22.608000,1,0,5550586,993,0,993,-19,0,4,86
7,360,82.800000,22.608000,1,0,5550597,1014,0,1014,-19,0,4,86
7,360,82.800000,22.608000,1,0,5550612,1031,0,1031,-19,0,4,86
7,360,82.800000,22.608000,1,0,5550622,1044,0,1044,-19,0,4,86
7,360,82.800000,22.608000,1,0,5550633,1048,0,1048,-19,0,4,86
7,360,82.800000,22.608000,1,0,5550643,1049,0,1049,-19,0,4,86
7,360,82.800000,22.608000,1,0,5550653,1050,0,1050,-19,0,4,86
7,360,82.800000,22.608000,1,0,5550663,1051,0,1051,-19,0,4,86
7,360,82.800000,22.608000,1,0,5550672,1053,0,1053,-19,0,4,86
7,360,82.800000,22.608000,1,0,5550682,1055,0,1055,-20,0,4,86
7,360,82.800000,22.608000,1,0,5550692,1056,0,1056,-20,0,4,86
7,360,82.800000,22.608000,1,0,5550706,1057,0,1057,-21,0,4,86
7,360,82.800000,22.608000,1,0,5550716,1058,0,1058,-21,0,4,86
7,360,82.800000,22.608000,1,0,5550727,1059,0,1059,-21,0,4,86
7,360,82.800000,22.608000,1,0,5550737,1061,0,1061,-21,0,4,86
7,360,82.800000,22.608000,1,0,5550748,1065,0,1065,-21,0,4,86
7,360,82.800000,22.608000,1,0,5550759,1071,0,1071,-21,0,4,86
7,360,82.800000,22.608000,1,0,5550769,1076,0,1076,-22,0,4,86
7,360,82.800000,22.608000,1,0,5550779,1081,0,1081,-22,0,4,86
7,360,82.800000,22.608000,1,0,5550789,1085,0,1085,-23,0,4,86
7,360,82.800000,22.608000,1,0,5550799,1086,0,1086,-23,0,4,86
7,360,82.800000,22.608000,1,0,5550809,1086,0,1086,-23,0,4,86
7,360,82.800000,22.608000,1,0,5550819,1086,0,1086,-23,0,4,86
7,360,82.800000,22.608000,1,0,5550830,1086,0,1086,-23,0,4,86
7,360,82.800000,22.608000,1,0,5550840,1086,0,1086,-23,0,4,86
7,360,82.800000,22.608000,1,0,5550850,1086,0,1086,-23,0,4,86
7,360,82.800000,22.608000,1,0,5550862,1087,0,1087,-23,0,4,86
7,360,82.800000,22.608000,1,0,5550872,1088,0,1088,-23,0,4,86
7,360,82.800000,22.608000,1,0,5550883,1090,0,1090,-23,0,4,86
7,360,82.800000,22.608000,1,0,5550892,1091,0,1091,-23,0,4,86
7,360,82.800000,22.608000,1,0,5550903,1093,0,1093,-23,0,4,86
7,360,82.800000,22.608000,1,0,5550914,1095,0,1095,-23,0,4,86
7,360,82.800000,22.608000,1,0,5550923,1098,0,1098,-23,0,4,86
7,360,82.800000,22.608000,1,0,5550934,1100,0,1100,-23,0,4,86
7,360,82.800000,22.608000,1,0,5550944,1101,0,1101,-23,0,4,86
7,360,82.800000,22.608000,1,0,5550955,1101,0,1101,-23,0,4,86
7,360,82.800000,22.608000,1,0,5550964,1101,0,1101,-23,0,4,86
