7,360,21.600000,0.000000,1,1,5600813,780,22,780,22,0,4,116
7,360,21.600000,0.000000,1,1,5600814,780,22,780,22,0,4,116
7,360,21.600000,0.000000,1,1,5600824,780,22,780,22,0,4,116
7,360,21.600000,0.000000,1,1,5600834,779,22,779,22,0,4,116
7,360,21.600000,0.000000,1,1,5600845,778,22,778,22,0,4,116
7,360,21.600000,0.000000,1,1,5600855,778,23,778,23,0,4,116
7,360,21.600000,0.000000,1,1,5600866,778,23,778,23,0,4,116
7,360,21.600000,0.000000,1,1,5600876,778,23,778,23,0,4,116
7,360,21.600000,0.000000,1,1,5600887,778,23,778,23,0,4,116
7,360,21.600000,0.000000,1,1,5600897,778,23,778,23,0,4,116
7,360,21.600000,0.000000,1,1,5600909,778,23,778,23,0,4,116
7,360,21.600000,0.000000,1,1,5600920,779,23,779,23,0,4,116
7,360,21.600000,0.000000,1,1,5600931,786,23,786,23,0,4,116
7,360,21.600000,0.000000,1,1,5600942,796,23,796,23,0,4,116
7,360,21.600000,0.000000,1,1,5600952,813,23,813,23,0,4,116
7,360,21.600000,0.000000,1,1,5600964,834,22,834,22,0,4,116
7,360,21.600000,0.000000,1,1,5600975,858,19,858,19,0,4,116
7,360,21.600000,0.000000,1,1,5600986,884,16,884,16,0,4,116
7,360,21.600000,0.000000,1,1,5600996,915,13,915,13,0,4,116
7,360,21.600000,0.000000,1,1,5601007,945,11,945,11,0,4,116
7,360,21.600000,0.000000,1,1,5601018,973,10,973,10,0,4,116
7,360,21.600000,0.000000,1,1,5601030,997,8,997,8,0,4,116
7,360,21.600000,0.000000,1,1,5601041,1016,8,1016,8,0,4,116
7,360,21.600000,0.000000,1,1,5601051,1032,8,1032,8,0,4,116
7,360,21.600000,0.000000,1,1,5601063,1047,8,1047,8,0,4,116
7,360,21.600000,0.000000,1,1,5601073,1064,8,1064,8,0,4,116
7,360,21.600000,0.000000,1,1,5601084,1079,8,1079,8,0,4,116
7,360,21.600000,0.000000,1,1,5601096,1093,7,1093,7,0,4,116
7,360,21.600000,0.000000,1,1,5601106,1105,6,1105,6,0,4,116
7,360,21.600000,0.000000,1,1,5601117,1112,6,1112,6,0,4,116
7,360,21.600000,0.000000,1,1,5601128,1117,5,1117,5,0,4,116
7,360,21.600000,0.000000,1,1,5601138,1121,5,1121,5,0,4,116
7,360,21.600000,0.000000,1,1,5601149,1122,5,1122,5,0,4,116
7,360,21.600000,0.000000,1,1,5601159,1122,5,1122,5,0,4,116
7,360,21.600000,0.000000,1,1,5601169,1123,5,1123,5,0,4,116
7,360,21.600000,0.000000,1,1,5601180,1125,5,1125,5,0,4,116
7,360,21.600000,0.000000,1,1,5601191,1127,5,1127,5,0,4,116
7,360,21.600000,0.000000,1,1,5601202,1130,5,1130,5,0,4,116
7,360,21.600000,0.000000,1,1,5601212,1131,5,1131,5,0,4,116
7,360,21.600000,0.000000,1,1,5601222,1132,5,1132,5,0,4,116
7,360,21.600000,0.000000,1,1,5601232,1132,5,1132,5,0,4,116
7,360,21.600000,0.000000,1,1,5601243,1132,5,1132,5,0,4,116
7,360,21.600000,0.000000,1,1,5601253,1133,5,1133,5,0,4,116
7,360,21.600000,0.000000,1,1,5601263,1134,5,1134,5,0,4,116
7,360,21.600000,0.000000,1,1,5601273,1135,5,1135,5,0,4,116
7,360,21.600000,0.000000,1,1,5601283,1136,5,1136,5,0,4,116
7,360,21.600000,0.000000,1,1,5601293,1138,5,1138,5,0,4,116
7,360,21.600000,0.000000,1,1,5601303,1139,5,1139,5,0,4,116
7,360,21.600000,0.000000,1,1,5601313,1139,5,1139,5,0,4,116
7,360,21.600000,0.000000,1,1,5601324,1139,5,1139,5,0,4,116
7,360,21.600000,0.000000,1,1,5601334,1139,5,1139,5,0,4,116
7,360,21.600000,0.000000,1,1,5601344,1139,5,1139,5,0,4,116
7,360,21.600000,0.000000,1,1,5601355,1139,5,1139,5,0,4,116
7,360,21.600000,0.000000,1,1,5601365,1139,5,1139,5,0,4,116
7,360,21.600000,0.000000,1,1,5601375,1139,5,1139,5,0,4,116
7,360,21.600000,0.000000,1,1,5601385,1139,5,1139,5,0,4,116
7,360,21.600000,0.000000,1,1,5601396,1139,5,1139,5,0,4,116
7,360,21.600000,0.000000,1,1,5601406,1139,5,1139,5,0,4,116
7,360,21.600000,0.000000,1,1,5601416,1139,5,1139,5,0,4,116
7,360,21.600000,0.000000,1,1,5601426,1139,5,1139,5,0,4,116
7,360,21.600000,0.000000,1,1,5601436,1139,5,1139,5,0,4,116
7,360,21.600000,0.000000,1,1,5601446,1139,5,1139,5,0,4,116
