7,720,50.400000,0.000000,0,1,5871098,600,22,600,22,0,5,29
7,720,50.400000,0.000000,0,1,5871098,600,22,600,22,0,5,29
7,720,50.400000,0.000000,0,1,5871108,600,22,600,22,0,5,29
7,720,50.400000,0.000000,0,1,5871118,600,22,600,22,0,5,29
7,720,50.400000,0.000000,0,1,5871128,600,22,600,22,0,5,29
7,720,50.400000,0.000000,0,1,5871137,600,22,600,22,0,5,29
7,720,50.400000,0.000000,0,1,5871147,600,22,600,22,0,5,29
7,720,50.400000,0.000000,0,1,5871157,600,22,600,22,0,5,29
7,720,50.400000,0.000000,0,1,5871167,600,22,600,22,0,5,29
7,720,50.400000,0.000000,0,1,5871177,603,22,603,22,0,5,29
7,720,50.400000,0.000000,0,1,5871188,607,22,607,22,0,5,29
7,720,50.400000,0.000000,0,1,5871198,613,22,613,22,0,5,29
7,720,50.400000,0.000000,0,1,5871209,621,22,621,22,0,5,29
7,720,50.400000,0.000000,0,1,5871220,634,22,634,22,0,5,29
7,720,50.400000,0.000000,0,1,5871230,645,22,645,22,0,5,29
7,720,50.400000,0.000000,0,1,5871241,661,22,661,22,0,5,29
7,720,50.400000,0.000000,0,1,5871253,681,22,681,22,0,5,29
7,720,50.400000,0.000000,0,1,5871264,710,22,710,22,0,5,29
7,720,50.400000,0.000000,0,1,5871274,738,22,738,22,0,5,29
7,720,50.400000,0.000000,0,1,5871284,768,21,768,21,0,5,29
7,720,50.400000,0.000000,0,1,5871297,803,21,803,21,0,5,29
7,720,50.400000,0.000000,0,1,5871307,844,21,844,21,0,5,29
7,720,50.400000,0.000000,0,1,5871318,887,20,887,20,0,5,29
7,720,50.400000,0.000000,0,1,5871328,931,19,931,19,0,5,29
7,720,50.400000,0.000000,0,1,5871338,968,18,968,18,0,5,29
7,720,50.400000,0.000000,0,1,5871348,1018,17,1018,17,0,5,29
7,720,50.400000,0.000000,0,1,5871358,1057,17,1057,17,0,5,29
7,720,50.400000,0.000000,0,1,5871368,1089,16,1089,16,0,5,29
7,720,50.400000,0.000000,0,1,5871379,1118,15,1118,15,0,5,29
7,720,50.400000,0.000000,0,1,5871391,1144,14,1144,14,0,5,29
7,720,50.400000,0.000000,0,1,5871402,1163,14,1163,14,0,5,29
7,720,50.400000,0.000000,0,1,5871412,1177,14,1177,14,0,5,29
7,720,50.400000,0.000000,0,1,5871427,1184,14,1184,14,0,5,29
7,720,50.400000,0.000000,0,1,5871437,1188,14,1188,14,0,5,29
7,720,50.400000,0.000000,0,1,5871446,1189,14,1189,14,0,5,29
7,720,50.400000,0.000000,0,1,5871456,1190,14,1190,14,0,5,29
7,720,50.400000,0.000000,0,1,5871466,1190,14,1190,14,0,5,29
7,720,50.400000,0.000000,0,1,5871476,1191,14,1191,14,0,5,29
7,720,50.400000,0.000000,0,1,5871490,1192,14,1192,14,0,5,29
7,720,50.400000,0.000000,0,1,5871500,1192,14,1192,14,0,5,29
7,720,50.400000,0.000000,0,1,5871510,1193,14,1193,14,0,5,29
7,720,50.400000,0.000000,0,1,5871521,1194,14,1194,14,0,5,29
7,720,50.400000,0.000000,0,1,5871533,1197,14,1197,14,0,5,29
7,720,50.400000,0.000000,0,1,5871544,1202,14,1202,14,0,5,29
7,720,50.400000,0.000000,0,1,5871555,1210,13,1210,13,0,5,29
7,720,50.400000,0.000000,0,1,5871569,1222,13,1222,13,0,5,29
7,720,50.400000,0.000000,0,1,5871580,1238,12,1238,12,0,5,29
7,720,50.400000,0.000000,0,1,5871592,1246,11,1246,11,0,5,29
7,720,50.400000,0.000000,0,1,5871602,1253,11,1253,11,0,5,29
7,720,50.400000,0.000000,0,1,5871612,1259,10,1259,10,0,5,29
7,720,50.400000,0.000000,0,1,5871630,1262,9,1262,9,0,5,29
7,720,50.400000,0.000000,0,1,5871644,1266,9,1266,9,0,5,29
7,720,50.400000,0.000000,0,1,5871655,1270,8,1270,8,0,5,29
7,720,50.400000,0.000000,0,1,5871666,1274,8,1274,8,0,5,29
7,720,50.400000,0.000000,0,1,5871681,1279,7,1279,7,0,5,29
7,720,50.400000,0.000000,0,1,5871697,1288,6,1288,6,0,5,29
7,720,50.400000,0.000000,0,1,5871707,1298,4,1298,4,0,5,29
7,720,50.400000,0.000000,0,1,5871717,1304,4,1304,4,0,5,29
7,720,50.400000,0.000000,0,1,5871728,1307,3,1307,3,0,5,29
7,720,50.400000,0.000000,0,1,5871737,1309,3,1309,3,0,5,29
7,720,50.400000,0.000000,0,1,5871747,1310,3,1310,3,0,5,29
7,720,50.400000,0.000000,0,1,5871757,1310,3,1310,3,0,5,29
7,720,50.400000,0.000000,0,1,5871766,1310,3,1310,3,0,5,29
7,720,50.400000,0.000000,0,1,5871776,1310,3,1310,3,0,5,29
7,720,50.400000,0.000000,0,1,5871785,1310,3,1310,3,0,5,29
7,720,50.400000,0.000000,0,1,5871795,1310,3,1310,3,0,5,29
7,720,50.400000,0.000000,0,1,5871804,1310,3,1310,3,0,5,29
7,720,50.400000,0.000000,0,1,5871814,1310,3,1310,3,0,5,29
7,720,50.400000,0.000000,0,1,5871823,1310,3,1310,3,0,5,29
7,720,50.400000,0.000000,0,1,5871833,1310,3,1310,3,0,5,29
7,720,50.400000,0.000000,0,1,5871842,1310,3,1310,3,0,5,29
7,720,50.400000,0.000000,0,1,5871852,1310,3,1310,3,0,5,29
7,720,50.400000,0.000000,0,1,5871861,1310,3,1310,3,0,5,29
7,720,50.400000,0.000000,0,1,5871871,1310,3,1310,3,0,5,29
7,720,50.400000,0.000000,0,1,5871881,1310,3,1310,3,0,5,29
7,720,50.400000,0.000000,0,1,5871890,1310,3,1310,3,0,5,29
7,720,50.400000,0.000000,0,1,5871900,1310,3,1310,3,0,5,29
7,720,50.400000,0.000000,0,1,5871909,1310,3,1310,3,0,5,29
7,720,50.400000,0.000000,0,1,5871919,1310,3,1310,3,0,5,29
7,720,50.400000,0.000000,0,1,5871928,1310,3,1310,3,0,5,29
