7,360,21.600000,22.608000,1,0,5877035,780,0,780,0,0,5,33
7,360,21.600000,22.608000,1,0,5877035,780,0,780,0,0,5,33
7,360,21.600000,22.608000,1,0,5877045,780,0,780,0,0,5,33
7,360,21.600000,22.608000,1,0,5877054,780,0,780,0,0,5,33
7,360,21.600000,22.608000,1,0,5877064,780,0,780,0,0,5,33
7,360,21.600000,22.608000,1,0,5877079,780,0,780,0,0,5,33
7,360,21.600000,22.608000,1,0,5877089,780,0,780,0,0,5,33
7,360,21.600000,22.608000,1,0,5877098,780,0,780,0,0,5,33
7,360,21.600000,22.608000,1,0,5877108,781,0,781,0,0,5,33
7,360,21.600000,22.608000,1,0,5877120,784,0,784,0,0,5,33
7,360,21.600000,22.608000,1,0,5877131,791,0,791,0,0,5,33
7,360,21.600000,22.608000,1,0,5877142,801,0,801,0,0,5,33
7,360,21.600000,22.608000,1,0,5877153,813,0,813,-1,0,5,33
7,360,21.600000,22.608000,1,0,5877164,833,0,833,-3,0,5,33
7,360,21.600000,22.608000,1,0,5877176,861,0,861,-6,0,5,33
7,360,21.600000,22.608000,1,0,5877186,904,0,904,-10,0,5,33
7,360,21.600000,22.608000,1,0,5877198,949,0,949,-15,0,5,33
7,360,21.600000,22.608000,1,0,5877209,998,0,998,-18,0,5,33
7,360,21.600000,22.608000,1,0,5877219,1036,0,1036,-21,0,5,33
7,360,21.600000,22.608000,1,0,5877230,1062,0,1062,-22,0,5,33
7,360,21.600000,22.608000,1,0,5877241,1083,0,1083,-23,0,5,33
7,360,21.600000,22.608000,1,0,5877251,1097,0,1097,-23,0,5,33
7,360,21.600000,22.608000,1,0,5877261,1103,0,1103,-23,0,5,33
7,360,21.600000,22.608000,1,0,5877271,1105,0,1105,-23,0,5,33
7,360,21.600000,22.608000,1,0,5877281,1105,0,1105,-23,0,5,33
7,360,21.600000,22.608000,1,0,5877291,1105,0,1105,-23,0,5,33
7,360,21.600000,22.608000,1,0,5877302,1106,0,1106,-23,0,5,33
7,360,21.600000,22.608000,1,0,5877312,1107,0,1107,-23,0,5,33
7,360,21.600000,22.608000,1,0,5877324,1109,0,1109,-23,0,5,33
7,360,21.600000,22.608000,1,0,5877334,1110,0,1110,-24,0,5,33
7,360,21.600000,22.608000,1,0,5877344,1111,0,1111,-24,0,5,33
7,360,21.600000,22.608000,1,0,5877354,1112,0,1112,-24,0,5,33
7,360,21.600000,22.608000,1,0,5877364,1113,0,1113,-24,0,5,33
7,360,21.600000,22.608000,1,0,5877374,1116,0,1116,-24,0,5,33
7,360,21.600000,22.608000,1,0,5877384,1120,0,1120,-24,0,5,33
7,360,21.600000,22.608000,1,0,5877395,1126,0,1126,-25,0,5,33
7,360,21.600000,22.608000,1,0,5877405,1130,0,1130,-25,0,5,33
7,360,21.600000,22.608000,1,0,5877414,1132,0,1132,-26,0,5,33
7,360,21.600000,22.608000,1,0,5877424,1132,0,1132,-26,0,5,33
7,360,21.600000,22.608000,1,0,5877434,1132,0,1132,-26,0,5,33
7,360,21.600000,22.608000,1,0,5877443,1132,0,1132,-26,0,5,33
7,360,21.600000,22.608000,1,0,5877453,1132,0,1132,-26,0,5,33
7,360,21.600000,22.608000,1,0,5877462,1132,0,1132,-26,0,5,33
7,360,21.600000,22.608000,1,0,5877472,1132,0,1132,-26,0,5,33
7,360,21.600000,22.608000,1,0,5877481,1132,0,1132,-26,0,5,33
7,360,21.600000,22.608000,1,0,5877492,1132,0,1132,-26,0,5,33
7,360,21.600000,22.608000,1,0,5877501,1132,0,1132,-26,0,5,33
7,360,21.600000,22.608000,1,0,5877511,1132,0,1132,-26,0,5,33
7,360,21.600000,22.608000,1,0,5877521,1132,0,1132,-26,0,5,33
7,360,21.600000,22.608000,1,0,5877531,1132,0,1132,-26,0,5,33
7,360,21.600000,22.608000,1,0,5877541,1132,0,1132,-26,0,5,33
7,360,21.600000,22.608000,1,0,5877551,1133,0,1133,-26,0,5,33
7,360,21.600000,22.608000,1,0,5877561,1133,0,1133,-26,0,5,33
7,360,21.600000,22.608000,1,0,5877571,1134,0,1134,-26,0,5,33
7,360,21.600000,22.608000,1,0,5877582,1134,0,1134,-26,0,5,33
7,360,21.600000,22.608000,1,0,5877592,1134,0,1134,-26,0,5,33
7,360,21.600000,22.608000,1,0,5877602,1134,0,1134,-27,0,5,33
7,360,21.600000,22.608000,1,0,5877612,1134,0,1134,-27,0,5,33
7,360,21.600000,22.608000,1,0,5877621,1134,0,1134,-27,0,5,33
