7,360,82.800000,42.984000,0,1,5986846,780,22,780,22,0,5,108
7,360,82.800000,42.984000,0,1,5986847,780,22,780,22,0,5,108
7,360,82.800000,42.984000,0,1,5986857,780,22,780,22,0,5,108
7,360,82.800000,42.984000,0,1,5986867,780,22,780,22,0,5,108
7,360,82.800000,42.984000,0,1,5986877,780,22,780,22,0,5,108
7,360,82.800000,42.984000,0,1,5986888,780,22,780,22,0,5,108
7,360,82.800000,42.984000,0,1,5986898,780,22,780,22,0,5,108
7,360,82.800000,42.984000,0,1,5986911,781,22,781,22,0,5,108
7,360,82.800000,42.984000,0,1,5986922,785,22,785,22,0,5,108
7,360,82.800000,42.984000,0,1,5986933,792,21,792,21,0,5,108
7,360,82.800000,42.984000,0,1,5986945,807,19,807,19,0,5,108
7,360,82.800000,42.984000,0,1,5986956,835,16,835,16,0,5,108
7,360,82.800000,42.984000,0,1,5986968,863,14,863,14,0,5,108
7,360,82.800000,42.984000,0,1,5986979,904,13,904,13,0,5,108
7,360,82.800000,42.984000,0,1,5986989,941,11,941,11,0,5,108
7,360,82.800000,42.984000,0,1,5987000,974,9,974,9,0,5,108
7,360,82.800000,42.984000,0,1,5987011,996,8,996,8,0,5,108
7,360,82.800000,42.984000,0,1,5987022,1018,7,1018,7,0,5,108
7,360,82.800000,42.984000,0,1,5987033,1036,6,1036,6,0,5,108
7,360,82.800000,42.984000,0,1,5987043,1049,5,1049,5,0,5,108
7,360,82.800000,42.984000,0,1,5987053,1059,5,1059,5,0,5,108
7,360,82.800000,42.984000,0,1,5987065,1066,5,1066,5,0,5,108
7,360,82.800000,42.984000,0,1,5987075,1073,4,1073,4,0,5,108
7,360,82.800000,42.984000,0,1,5987085,1078,4,1078,4,0,5,108
7,360,82.800000,42.984000,0,1,5987098,1084,4,1084,4,0,5,108
7,360,82.800000,42.984000,0,1,5987109,1090,4,1090,4,0,5,108
7,360,82.800000,42.984000,0,1,5987120,1097,4,1097,4,0,5,108
7,360,82.800000,42.984000,0,1,5987130,1103,4,1103,4,0,5,108
7,360,82.800000,42.984000,0,1,5987141,1108,4,1108,4,0,5,108
7,360,82.800000,42.984000,0,1,5987151,1116,4,1116,4,0,5,108
7,360,82.800000,42.984000,0,1,5987162,1123,4,1123,4,0,5,108
7,360,82.800000,42.984000,0,1,5987173,1130,4,1130,4,0,5,108
7,360,82.800000,42.984000,0,1,5987182,1133,4,1133,4,0,5,108
7,360,82.800000,42.984000,0,1,5987193,1134,4,1134,4,0,5,108
7,360,82.800000,42.984000,0,1,5987203,1135,4,1135,4,0,5,108
7,360,82.800000,42.984000,0,1,5987213,1135,4,1135,4,0,5,108
7,360,82.800000,42.984000,0,1,5987224,1135,4,1135,4,0,5,108
7,360,82.800000,42.984000,0,1,5987233,1135,4,1135,4,0,5,108
7,360,82.800000,42.984000,0,1,5987243,1135,4,1135,4,0,5,108
7,360,82.800000,42.984000,0,1,5987253,1135,4,1135,4,0,5,108
7,360,82.800000,42.984000,0,1,5987263,1135,4,1135,4,0,5,108
7,360,82.800000,42.984000,0,1,5987273,1135,4,1135,4,0,5,108
7,360,82.800000,42.984000,0,1,5987283,1135,4,1135,4,0,5,108
7,360,82.800000,42.984000,0,1,5987293,1135,4,1135,4,0,5,108
7,360,82.800000,42.984000,0,1,5987303,1135,4,1135,4,0,5,108
7,360,82.800000,42.984000,0,1,5987313,1135,4,1135,4,0,5,108
7,360,82.800000,42.984000,0,1,5987323,1135,4,1135,4,0,5,108
