7,720,82.800000,42.984000,0,0,5862528,600,0,600,0,0,5,23
7,720,82.800000,42.984000,0,0,5862529,600,0,600,0,0,5,23
7,720,82.800000,42.984000,0,0,5862539,600,0,600,0,0,5,23
7,720,82.800000,42.984000,0,0,5862550,600,0,600,0,0,5,23
7,720,82.800000,42.984000,0,0,5862560,600,0,600,0,0,5,23
7,720,82.800000,42.984000,0,0,5862570,600,0,600,0,0,5,23
7,720,82.800000,42.984000,0,0,5862580,600,0,600,0,0,5,23
7,720,82.800000,42.984000,0,0,5862590,600,0,600,0,0,5,23
7,720,82.800000,42.984000,0,0,5862599,600,0,600,0,0,5,23
7,720,82.800000,42.984000,0,0,5862609,601,0,601,0,0,5,23
7,720,82.800000,42.984000,0,0,5862620,603,0,603,0,0,5,23
7,720,82.800000,42.984000,0,0,5862631,609,0,609,0,0,5,23
7,720,82.800000,42.984000,0,0,5862642,625,0,625,0,0,5,23
7,720,82.800000,42.984000,0,0,5862652,651,0,651,0,0,5,23
7,720,82.800000,42.984000,0,0,5862664,683,0,683,0,0,5,23
7,720,82.800000,42.984000,0,0,5862676,734,0,734,-2,0,5,23
7,720,82.800000,42.984000,0,0,5862687,795,0,795,-7,0,5,23
7,720,82.800000,42.984000,0,0,5862698,871,0,871,-14,0,5,23
7,720,82.800000,42.984000,0,0,5862708,946,0,946,-19,0,5,23
7,720,82.800000,42.984000,0,0,5862719,1020,0,1020,-24,0,5,23
7,720,82.800000,42.984000,0,0,5862730,1079,0,1079,-25,0,5,23
7,720,82.800000,42.984000,0,0,5862740,1137,0,1137,-27,0,5,23
7,720,82.800000,42.984000,0,0,5862752,1194,0,1194,-28,0,5,23
7,720,82.800000,42.984000,0,0,5862762,1242,0,1242,-29,0,5,23
7,720,82.800000,42.984000,0,0,5862772,1286,0,1286,-29,0,5,23
7,720,82.800000,42.984000,0,0,5862784,1318,0,1318,-30,0,5,23
7,720,82.800000,42.984000,0,0,5862794,1375,0,1375,-31,0,5,23
7,720,82.800000,42.984000,0,0,5862806,1384,0,1384,-31,0,5,23
7,720,82.800000,42.984000,0,0,5862816,1386,0,1386,-31,0,5,23
7,720,82.800000,42.984000,0,0,5862826,1389,0,1389,-31,0,5,23
7,720,82.800000,42.984000,0,0,5862839,1389,0,1389,-31,0,5,23
7,720,82.800000,42.984000,0,0,5862850,1389,0,1389,-31,0,5,23
7,720,82.800000,42.984000,0,0,5862860,1389,0,1389,-31,0,5,23
7,720,82.800000,42.984000,0,0,5862869,1389,0,1389,-31,0,5,23
7,720,82.800000,42.984000,0,0,5862878,1389,0,1389,-31,0,5,23
7,720,82.800000,42.984000,0,0,5862888,1389,0,1389,-31,0,5,23
7,720,82.800000,42.984000,0,0,5862902,1389,0,1389,-31,0,5,23
7,720,82.800000,42.984000,0,0,5862912,1389,0,1389,-31,0,5,23
7,720,82.800000,42.984000,0,0,5862921,1389,0,1389,-31,0,5,23
7,720,82.800000,42.984000,0,0,5862932,1389,0,1389,-31,0,5,23
7,720,82.800000,42.984000,0,0,5862942,1389,0,1389,-31,0,5,23
7,720,82.800000,42.984000,0,0,5862952,1389,0,1389,-31,0,5,23
7,720,82.800000,42.984000,0,0,5862962,1389,0,1389,-31,0,5,23
7,720,82.800000,42.984000,0,0,5862972,1389,0,1389,-31,0,5,23
7,720,82.800000,42.984000,0,0,5862982,1388,0,1388,-31,0,5,23
7,720,82.800000,42.984000,0,0,5862998,1387,0,1387,-31,0,5,23
7,720,82.800000,42.984000,0,0,5863008,1383,0,1383,-31,0,5,23
7,720,82.800000,42.984000,0,0,5863019,1378,0,1378,-31,0,5,23
7,720,82.800000,42.984000,0,0,5863029,1372,0,1372,-31,0,5,23
7,720,82.800000,42.984000,0,0,5863041,1366,0,1366,-31,0,5,23
7,720,82.800000,42.984000,0,0,5863052,1361,0,1361,-31,0,5,23
7,720,82.800000,42.984000,0,0,5863062,1356,0,1356,-31,0,5,23
7,720,82.800000,42.984000,0,0,5863074,1352,0,1352,-31,0,5,23
7,720,82.800000,42.984000,0,0,5863085,1349,0,1349,-31,0,5,23
7,720,82.800000,42.984000,0,0,5863094,1348,0,1348,-31,0,5,23
7,720,82.800000,42.984000,0,0,5863104,1347,0,1347,-31,0,5,23
7,720,82.800000,42.984000,0,0,5863115,1347,0,1347,-31,0,5,23
7,720,82.800000,42.984000,0,0,5863125,1346,0,1346,-32,0,5,23
7,720,82.800000,42.984000,0,0,5863134,1344,0,1344,-32,0,5,23
7,720,82.800000,42.984000,0,0,5863144,1343,0,1343,-32,0,5,23
7,720,82.800000,42.984000,0,0,5863154,1343,0,1343,-32,0,5,23
7,720,82.800000,42.984000,0,0,5863163,1343,0,1343,-32,0,5,23
7,720,82.800000,42.984000,0,0,5863173,1343,0,1343,-32,0,5,23
