7,360,50.400000,0.000000,1,1,5931192,780,22,780,22,0,5,71
7,360,50.400000,0.000000,1,1,5931193,780,22,780,22,0,5,71
7,360,50.400000,0.000000,1,1,5931203,780,22,780,22,0,5,71
7,360,50.400000,0.000000,1,1,5931213,780,22,780,22,0,5,71
7,360,50.400000,0.000000,1,1,5931224,780,22,780,22,0,5,71
7,360,50.400000,0.000000,1,1,5931239,780,22,780,22,0,5,71
7,360,50.400000,0.000000,1,1,5931249,780,22,780,22,0,5,71
7,360,50.400000,0.000000,1,1,5931259,780,22,780,22,0,5,71
7,360,50.400000,0.000000,1,1,5931270,782,22,782,22,0,5,71
7,360,50.400000,0.000000,1,1,5931281,786,22,786,22,0,5,71
7,360,50.400000,0.000000,1,1,5931292,793,22,793,22,0,5,71
7,360,50.400000,0.000000,1,1,5931303,806,20,806,20,0,5,71
7,360,50.400000,0.000000,1,1,5931314,827,18,827,18,0,5,71
7,360,50.400000,0.000000,1,1,5931325,861,15,861,15,0,5,71
7,360,50.400000,0.000000,1,1,5931336,905,12,905,12,0,5,71
7,360,50.400000,0.000000,1,1,5931347,946,11,946,11,0,5,71
7,360,50.400000,0.000000,1,1,5931358,981,9,981,9,0,5,71
7,360,50.400000,0.000000,1,1,5931369,1013,8,1013,8,0,5,71
7,360,50.400000,0.000000,1,1,5931380,1031,8,1031,8,0,5,71
7,360,50.400000,0.000000,1,1,5931390,1042,8,1042,8,0,5,71
7,360,50.400000,0.000000,1,1,5931402,1050,8,1050,8,0,5,71
7,360,50.400000,0.000000,1,1,5931411,1052,7,1052,7,0,5,71
7,360,50.400000,0.000000,1,1,5931421,1053,7,1053,7,0,5,71
7,360,50.400000,0.000000,1,1,5931431,1053,7,1053,7,0,5,71
7,360,50.400000,0.000000,1,1,5931440,1054,6,1054,6,0,5,71
7,360,50.400000,0.000000,1,1,5931451,1056,6,1056,6,0,5,71
7,360,50.400000,0.000000,1,1,5931462,1061,6,1061,6,0,5,71
7,360,50.400000,0.000000,1,1,5931473,1070,5,1070,5,0,5,71
7,360,50.400000,0.000000,1,1,5931484,1081,4,1081,4,0,5,71
7,360,50.400000,0.000000,1,1,5931494,1091,3,1091,3,0,5,71
7,360,50.400000,0.000000,1,1,5931505,1100,3,1100,3,0,5,71
7,360,50.400000,0.000000,1,1,5931516,1107,3,1107,3,0,5,71
7,360,50.400000,0.000000,1,1,5931528,1111,2,1111,2,0,5,71
7,360,50.400000,0.000000,1,1,5931539,1115,1,1115,1,0,5,71
7,360,50.400000,0.000000,1,1,5931550,1119,0,1119,0,0,5,71
7,360,50.400000,0.000000,1,1,5931560,1123,0,1123,0,0,5,71
7,360,50.400000,0.000000,1,1,5931572,1127,0,1127,0,0,5,71
7,360,50.400000,0.000000,1,1,5931581,1128,0,1128,-1,0,5,71
7,360,50.400000,0.000000,1,1,5931592,1128,0,1128,-1,0,5,71
7,360,50.400000,0.000000,1,1,5931602,1128,0,1128,-1,0,5,71
7,360,50.400000,0.000000,1,1,5931611,1128,0,1128,-1,0,5,71
7,360,50.400000,0.000000,1,1,5931622,1128,0,1128,-1,0,5,71
7,360,50.400000,0.000000,1,1,5931631,1128,0,1128,-1,0,5,71
7,360,50.400000,0.000000,1,1,5931642,1128,0,1128,-1,0,5,71
7,360,50.400000,0.000000,1,1,5931652,1128,0,1128,-1,0,5,71
7,360,50.400000,0.000000,1,1,5931663,1129,0,1129,-1,0,5,71
7,360,50.400000,0.000000,1,1,5931678,1130,0,1130,-1,0,5,71
7,360,50.400000,0.000000,1,1,5931688,1131,0,1131,-1,0,5,71
7,360,50.400000,0.000000,1,1,5931698,1131,0,1131,-1,0,5,71
7,360,50.400000,0.000000,1,1,5931709,1131,0,1131,-1,0,5,71
7,360,50.400000,0.000000,1,1,5931719,1131,0,1131,-1,0,5,71
7,360,50.400000,0.000000,1,1,5931730,1131,0,1131,-1,0,5,71
7,360,50.400000,0.000000,1,1,5931739,1131,0,1131,-1,0,5,71
