7,360,50.400000,22.608000,0,0,5971914,780,0,780,0,0,5,98
7,360,50.400000,22.608000,0,0,5971914,780,0,780,0,0,5,98
7,360,50.400000,22.608000,0,0,5971925,780,0,780,0,0,5,98
7,360,50.400000,22.608000,0,0,5971935,780,0,780,0,0,5,98
7,360,50.400000,22.608000,0,0,5971945,780,0,780,0,0,5,98
7,360,50.400000,22.608000,0,0,5971955,780,0,780,0,0,5,98
7,360,50.400000,22.608000,0,0,5971970,780,0,780,0,0,5,98
7,360,50.400000,22.608000,0,0,5971987,781,0,781,0,0,5,98
7,360,50.400000,22.608000,0,0,5972002,791,0,791,0,0,5,98
7,360,50.400000,22.608000,0,0,5972017,812,0,812,-1,0,5,98
7,360,50.400000,22.608000,0,0,5972033,844,0,844,-3,0,5,98
7,360,50.400000,22.608000,0,0,5972044,897,0,897,-8,0,5,98
7,360,50.400000,22.608000,0,0,5972057,939,0,939,-10,0,5,98
7,360,50.400000,22.608000,0,0,5972068,997,0,997,-13,0,5,98
7,360,50.400000,22.608000,0,0,5972079,1036,0,1036,-15,0,5,98
7,360,50.400000,22.608000,0,0,5972091,1062,0,1062,-16,0,5,98
7,360,50.400000,22.608000,0,0,5972103,1088,0,1088,-16,0,5,98
7,360,50.400000,22.608000,0,0,5972114,1105,0,1105,-16,0,5,98
7,360,50.400000,22.608000,0,0,5972125,1113,0,1113,-16,0,5,98
7,360,50.400000,22.608000,0,0,5972135,1117,0,1117,-17,0,5,98
7,360,50.400000,22.608000,0,0,5972145,1121,0,1121,-18,0,5,98
7,360,50.400000,22.608000,0,0,5972155,1121,0,1121,-18,0,5,98
7,360,50.400000,22.608000,0,0,5972165,1121,0,1121,-18,0,5,98
7,360,50.400000,22.608000,0,0,5972176,1121,0,1121,-18,0,5,98
7,360,50.400000,22.608000,0,0,5972186,1121,0,1121,-18,0,5,98
7,360,50.400000,22.608000,0,0,5972196,1121,0,1121,-18,0,5,98
7,360,50.400000,22.608000,0,0,5972206,1121,0,1121,-18,0,5,98
7,360,50.400000,22.608000,0,0,5972217,1122,0,1122,-18,0,5,98
7,360,50.400000,22.608000,0,0,5972227,1123,0,1123,-18,0,5,98
7,360,50.400000,22.608000,0,0,5972238,1124,0,1124,-18,0,5,98
7,360,50.400000,22.608000,0,0,5972248,1127,0,1127,-19,0,5,98
7,360,50.400000,22.608000,0,0,5972260,1133,0,1133,-20,0,5,98
7,360,50.400000,22.608000,0,0,5972270,1139,0,1139,-20,0,5,98
7,360,50.400000,22.608000,0,0,5972281,1142,0,1142,-20,0,5,98
7,360,50.400000,22.608000,0,0,5972291,1142,0,1142,-20,0,5,98
7,360,50.400000,22.608000,0,0,5972301,1142,0,1142,-20,0,5,98
7,360,50.400000,22.608000,0,0,5972312,1142,0,1142,-20,0,5,98
7,360,50.400000,22.608000,0,0,5972322,1142,0,1142,-20,0,5,98
7,360,50.400000,22.608000,0,0,5972332,1142,0,1142,-20,0,5,98
7,360,50.400000,22.608000,0,0,5972342,1142,0,1142,-20,0,5,98
7,360,50.400000,22.608000,0,0,5972352,1142,0,1142,-20,0,5,98
7,360,50.400000,22.608000,0,0,5972363,1142,0,1142,-20,0,5,98
7,360,50.400000,22.608000,0,0,5972373,1142,0,1142,-20,0,5,98
7,360,50.400000,22.608000,0,0,5972383,1142,0,1142,-20,0,5,98
7,360,50.400000,22.608000,0,0,5972397,1142,0,1142,-21,0,5,98
