7,360,50.400000,42.984000,0,0,5866817,780,0,780,0,0,5,26
7,360,50.400000,42.984000,0,0,5866818,780,0,780,0,0,5,26
7,360,50.400000,42.984000,0,0,5866828,780,0,780,0,0,5,26
7,360,50.400000,42.984000,0,0,5866838,780,0,780,0,0,5,26
7,360,50.400000,42.984000,0,0,5866848,780,0,780,0,0,5,26
7,360,50.400000,42.984000,0,0,5866857,780,0,780,0,0,5,26
7,360,50.400000,42.984000,0,0,5866867,780,0,780,0,0,5,26
7,360,50.400000,42.984000,0,0,5866877,780,0,780,0,0,5,26
7,360,50.400000,42.984000,0,0,5866887,780,0,780,0,0,5,26
7,360,50.400000,42.984000,0,0,5866897,780,0,780,0,0,5,26
7,360,50.400000,42.984000,0,0,5866907,780,0,780,0,0,5,26
7,360,50.400000,42.984000,0,0,5866918,781,0,781,0,0,5,26
7,360,50.400000,42.984000,0,0,5866930,785,0,785,0,0,5,26
7,360,50.400000,42.984000,0,0,5866941,796,0,796,0,0,5,26
7,360,50.400000,42.984000,0,0,5866951,811,0,811,-1,0,5,26
7,360,50.400000,42.984000,0,0,5866962,837,0,837,-3,0,5,26
7,360,50.400000,42.984000,0,0,5866977,861,0,861,-4,0,5,26
7,360,50.400000,42.984000,0,0,5866988,901,0,901,-6,0,5,26
7,360,50.400000,42.984000,0,0,5866999,941,0,941,-7,0,5,26
7,360,50.400000,42.984000,0,0,5867009,978,0,978,-8,0,5,26
7,360,50.400000,42.984000,0,0,5867019,1007,0,1007,-9,0,5,26
7,360,50.400000,42.984000,0,0,5867030,1033,0,1033,-10,0,5,26
7,360,50.400000,42.984000,0,0,5867042,1058,0,1058,-11,0,5,26
7,360,50.400000,42.984000,0,0,5867052,1080,0,1080,-11,0,5,26
7,360,50.400000,42.984000,0,0,5867064,1095,0,1095,-11,0,5,26
7,360,50.400000,42.984000,0,0,5867076,1105,0,1105,-11,0,5,26
7,360,50.400000,42.984000,0,0,5867087,1110,0,1110,-11,0,5,26
7,360,50.400000,42.984000,0,0,5867097,1111,0,1111,-11,0,5,26
7,360,50.400000,42.984000,0,0,5867107,1112,0,1112,-11,0,5,26
7,360,50.400000,42.984000,0,0,5867117,1112,0,1112,-11,0,5,26
7,360,50.400000,42.984000,0,0,5867127,1112,0,1112,-11,0,5,26
7,360,50.400000,42.984000,0,0,5867138,1112,0,1112,-11,0,5,26
7,360,50.400000,42.984000,0,0,5867148,1112,0,1112,-11,0,5,26
7,360,50.400000,42.984000,0,0,5867158,1113,0,1113,-11,0,5,26
7,360,50.400000,42.984000,0,0,5867167,1113,0,1113,-11,0,5,26
7,360,50.400000,42.984000,0,0,5867178,1113,0,1113,-11,0,5,26
7,360,50.400000,42.984000,0,0,5867188,1113,0,1113,-12,0,5,26
7,360,50.400000,42.984000,0,0,5867198,1113,0,1113,-13,0,5,26
7,360,50.400000,42.984000,0,0,5867208,1113,0,1113,-13,0,5,26
7,360,50.400000,42.984000,0,0,5867218,1113,0,1113,-13,0,5,26
7,360,50.400000,42.984000,0,0,5867227,1113,0,1113,-13,0,5,26
7,360,50.400000,42.984000,0,0,5867237,1113,0,1113,-13,0,5,26
7,360,50.400000,42.984000,0,0,5867251,1113,0,1113,-13,0,5,26
7,360,50.400000,42.984000,0,0,5867262,1113,0,1113,-13,0,5,26
7,360,50.400000,42.984000,0,0,5867271,1113,0,1113,-13,0,5,26
7,360,50.400000,42.984000,0,0,5867281,1113,0,1113,-13,0,5,26
7,360,50.400000,42.984000,0,0,5867292,1114,0,1114,-13,0,5,26
7,360,50.400000,42.984000,0,0,5867302,1116,0,1116,-13,0,5,26
7,360,50.400000,42.984000,0,0,5867312,1118,0,1118,-13,0,5,26
7,360,50.400000,42.984000,0,0,5867322,1121,0,1121,-13,0,5,26
7,360,50.400000,42.984000,0,0,5867332,1124,0,1124,-14,0,5,26
7,360,50.400000,42.984000,0,0,5867348,1128,0,1128,-15,0,5,26
7,360,50.400000,42.984000,0,0,5867358,1133,0,1133,-15,0,5,26
7,360,50.400000,42.984000,0,0,5867368,1136,0,1136,-16,0,5,26
7,360,50.400000,42.984000,0,0,5867378,1137,0,1137,-16,0,5,26
7,360,50.400000,42.984000,0,0,5867388,1138,0,1138,-16,0,5,26
7,360,50.400000,42.984000,0,0,5867398,1138,0,1138,-16,0,5,26
7,360,50.400000,42.984000,0,0,5867407,1138,0,1138,-16,0,5,26
