7,720,82.800000,0.000000,1,0,5914219,600,0,600,0,0,5,59
7,720,82.800000,0.000000,1,0,5914220,600,0,600,0,0,5,59
7,720,82.800000,0.000000,1,0,5914231,600,0,600,0,0,5,59
7,720,82.800000,0.000000,1,0,5914241,600,0,600,0,0,5,59
7,720,82.800000,0.000000,1,0,5914252,600,0,600,0,0,5,59
7,720,82.800000,0.000000,1,0,5914262,600,0,600,0,0,5,59
7,720,82.800000,0.000000,1,0,5914273,600,0,600,0,0,5,59
7,720,82.800000,0.000000,1,0,5914284,600,0,600,0,0,5,59
7,720,82.800000,0.000000,1,0,5914300,601,0,601,0,0,5,59
7,720,82.800000,0.000000,1,0,5914311,607,0,607,0,0,5,59
7,720,82.800000,0.000000,1,0,5914322,616,0,616,0,0,5,59
7,720,82.800000,0.000000,1,0,5914333,634,0,634,-2,0,5,59
7,720,82.800000,0.000000,1,0,5914343,662,0,662,-5,0,5,59
7,720,82.800000,0.000000,1,0,5914354,705,0,705,-7,0,5,59
7,720,82.800000,0.000000,1,0,5914364,766,0,766,-9,0,5,59
7,720,82.800000,0.000000,1,0,5914374,839,0,839,-11,0,5,59
7,720,82.800000,0.000000,1,0,5914385,914,0,914,-12,0,5,59
7,720,82.800000,0.000000,1,0,5914395,997,0,997,-14,0,5,59
7,720,82.800000,0.000000,1,0,5914406,1069,0,1069,-16,0,5,59
7,720,82.800000,0.000000,1,0,5914417,1147,0,1147,-18,0,5,59
7,720,82.800000,0.000000,1,0,5914430,1220,0,1220,-20,0,5,59
7,720,82.800000,0.000000,1,0,5914440,1273,0,1273,-21,0,5,59
7,720,82.800000,0.000000,1,0,5914451,1306,0,1306,-21,0,5,59
7,720,82.800000,0.000000,1,0,5914462,1324,0,1324,-21,0,5,59
7,720,82.800000,0.000000,1,0,5914473,1331,0,1331,-21,0,5,59
7,720,82.800000,0.000000,1,0,5914483,1332,0,1332,-21,0,5,59
7,720,82.800000,0.000000,1,0,5914494,1332,0,1332,-21,0,5,59
7,720,82.800000,0.000000,1,0,5914504,1332,0,1332,-21,0,5,59
7,720,82.800000,0.000000,1,0,5914515,1332,0,1332,-21,0,5,59
7,720,82.800000,0.000000,1,0,5914526,1332,0,1332,-21,0,5,59
7,720,82.800000,0.000000,1,0,5914537,1332,0,1332,-21,0,5,59
7,720,82.800000,0.000000,1,0,5914548,1332,0,1332,-21,0,5,59
7,720,82.800000,0.000000,1,0,5914558,1332,0,1332,-21,0,5,59
7,720,82.800000,0.000000,1,0,5914569,1332,0,1332,-21,0,5,59
7,720,82.800000,0.000000,1,0,5914580,1332,0,1332,-21,0,5,59
7,720,82.800000,0.000000,1,0,5914590,1332,0,1332,-21,0,5,59
7,720,82.800000,0.000000,1,0,5914599,1332,0,1332,-21,0,5,59
7,720,82.800000,0.000000,1,0,5914610,1332,0,1332,-21,0,5,59
7,720,82.800000,0.000000,1,0,5914621,1332,0,1332,-21,0,5,59
7,720,82.800000,0.000000,1,0,5914631,1332,0,1332,-21,0,5,59
7,720,82.800000,0.000000,1,0,5914641,1332,0,1332,-21,0,5,59
7,720,82.800000,0.000000,1,0,5914651,1332,0,1332,-21,0,5,59
7,720,82.800000,0.000000,1,0,5914661,1332,0,1332,-21,0,5,59
7,720,82.800000,0.000000,1,0,5914671,1332,0,1332,-21,0,5,59
7,720,82.800000,0.000000,1,0,5914681,1332,0,1332,-21,0,5,59
7,720,82.800000,0.000000,1,0,5914691,1332,0,1332,-21,0,5,59
7,720,82.800000,0.000000,1,0,5914701,1332,0,1332,-21,0,5,59
