7,720,50.400000,0.000000,0,0,6016171,600,0,600,0,0,6,5
7,720,50.400000,0.000000,0,0,6016172,600,0,600,0,0,6,5
7,720,50.400000,0.000000,0,0,6016183,600,0,600,0,0,6,5
7,720,50.400000,0.000000,0,0,6016194,600,0,600,0,0,6,5
7,720,50.400000,0.000000,0,0,6016204,600,0,600,0,0,6,5
7,720,50.400000,0.000000,0,0,6016214,600,0,600,0,0,6,5
7,720,50.400000,0.000000,0,0,6016230,600,0,600,0,0,6,5
7,720,50.400000,0.000000,0,0,6016244,600,0,600,0,0,6,5
7,720,50.400000,0.000000,0,0,6016260,606,0,606,0,0,6,5
7,720,50.400000,0.000000,0,0,6016275,634,0,634,-1,0,6,5
7,720,50.400000,0.000000,0,0,6016291,693,0,693,-3,0,6,5
7,720,50.400000,0.000000,0,0,6016306,791,0,791,-3,0,6,5
7,720,50.400000,0.000000,0,0,6016317,911,0,911,-4,0,6,5
7,720,50.400000,0.000000,0,0,6016330,994,0,994,-4,0,6,5
7,720,50.400000,0.000000,0,0,6016341,1092,0,1092,-4,0,6,5
7,720,50.400000,0.000000,0,0,6016352,1159,0,1159,-4,0,6,5
7,720,50.400000,0.000000,0,0,6016363,1206,0,1206,-4,0,6,5
7,720,50.400000,0.000000,0,0,6016373,1243,1,1243,-3,0,6,5
7,720,50.400000,0.000000,0,0,6016384,1262,2,1262,-2,0,6,5
7,720,50.400000,0.000000,0,0,6016394,1272,2,1272,-2,0,6,5
7,720,50.400000,0.000000,0,0,6016404,1275,2,1275,-2,0,6,5
7,720,50.400000,0.000000,0,0,6016414,1278,2,1278,-2,0,6,5
7,720,50.400000,0.000000,0,0,6016425,1279,2,1279,-2,0,6,5
7,720,50.400000,0.000000,0,0,6016436,1282,2,1282,-2,0,6,5
7,720,50.400000,0.000000,0,0,6016447,1287,2,1287,-2,0,6,5
7,720,50.400000,0.000000,0,0,6016457,1294,2,1294,-2,0,6,5
7,720,50.400000,0.000000,0,0,6016468,1304,2,1304,-2,0,6,5
7,720,50.400000,0.000000,0,0,6016479,1314,2,1314,-2,0,6,5
7,720,50.400000,0.000000,0,0,6016489,1320,2,1320,-2,0,6,5
7,720,50.400000,0.000000,0,0,6016501,1324,2,1324,-2,0,6,5
7,720,50.400000,0.000000,0,0,6016511,1327,2,1327,-2,0,6,5
7,720,50.400000,0.000000,0,0,6016521,1328,2,1328,-2,0,6,5
7,720,50.400000,0.000000,0,0,6016531,1330,2,1330,-2,0,6,5
7,720,50.400000,0.000000,0,0,6016545,1330,2,1330,-2,0,6,5
7,720,50.400000,0.000000,0,0,6016556,1330,2,1330,-2,0,6,5
7,720,50.400000,0.000000,0,0,6016566,1330,2,1330,-2,0,6,5
7,720,50.400000,0.000000,0,0,6016576,1330,2,1330,-2,0,6,5
7,720,50.400000,0.000000,0,0,6016587,1330,2,1330,-2,0,6,5
7,720,50.400000,0.000000,0,0,6016597,1330,2,1330,-2,0,6,5
7,720,50.400000,0.000000,0,0,6016608,1330,2,1330,-2,0,6,5
7,720,50.400000,0.000000,0,0,6016618,1330,2,1330,-2,0,6,5
7,720,50.400000,0.000000,0,0,6016628,1330,2,1330,-2,0,6,5
7,720,50.400000,0.000000,0,0,6016638,1330,2,1330,-2,0,6,5
7,720,50.400000,0.000000,0,0,6016649,1330,2,1330,-2,0,6,5
7,720,50.400000,0.000000,0,0,6016659,1330,2,1330,-2,0,6,5
7,720,50.400000,0.000000,0,0,6016669,1330,2,1330,-2,0,6,5
7,720,50.400000,0.000000,0,0,6016680,1330,2,1330,-2,0,6,5
7,720,50.400000,0.000000,0,0,6016690,1330,2,1330,-2,0,6,5
7,720,50.400000,0.000000,0,0,6016701,1330,2,1330,-2,0,6,5
7,720,50.400000,0.000000,0,0,6016710,1330,2,1330,-2,0,6,5
