7,720,50.400000,42.984000,1,0,6152447,600,0,600,0,0,6,94
7,720,50.400000,42.984000,1,0,6152448,600,0,600,0,0,6,94
7,720,50.400000,42.984000,1,0,6152458,600,0,600,0,0,6,94
7,720,50.400000,42.984000,1,0,6152469,600,0,600,0,0,6,94
7,720,50.400000,42.984000,1,0,6152479,600,0,600,0,0,6,94
7,720,50.400000,42.984000,1,0,6152490,600,0,600,0,0,6,94
7,720,50.400000,42.984000,1,0,6152500,600,0,600,0,0,6,94
7,720,50.400000,42.984000,1,0,6152511,600,0,600,0,0,6,94
7,720,50.400000,42.984000,1,0,6152521,603,0,603,0,0,6,94
7,720,50.400000,42.984000,1,0,6152533,607,0,607,-1,0,6,94
7,720,50.400000,42.984000,1,0,6152546,617,0,617,-2,0,6,94
7,720,50.400000,42.984000,1,0,6152557,636,0,636,-2,0,6,94
7,720,50.400000,42.984000,1,0,6152567,662,0,662,-2,0,6,94
7,720,50.400000,42.984000,1,0,6152577,696,0,696,-2,0,6,94
7,720,50.400000,42.984000,1,0,6152588,742,0,742,-2,0,6,94
7,720,50.400000,42.984000,1,0,6152598,792,0,792,-3,0,6,94
7,720,50.400000,42.984000,1,0,6152608,849,0,849,-3,0,6,94
7,720,50.400000,42.984000,1,0,6152619,916,0,916,-4,0,6,94
7,720,50.400000,42.984000,1,0,6152629,976,0,976,-4,0,6,94
7,720,50.400000,42.984000,1,0,6152640,1043,0,1043,-4,0,6,94
7,720,50.400000,42.984000,1,0,6152651,1107,0,1107,-4,0,6,94
7,720,50.400000,42.984000,1,0,6152662,1164,0,1164,-4,0,6,94
7,720,50.400000,42.984000,1,0,6152673,1213,0,1213,-4,0,6,94
7,720,50.400000,42.984000,1,0,6152685,1256,0,1256,-4,0,6,94
7,720,50.400000,42.984000,1,0,6152696,1291,0,1291,-4,0,6,94
7,720,50.400000,42.984000,1,0,6152706,1312,0,1312,-4,0,6,94
7,720,50.400000,42.984000,1,0,6152718,1326,0,1326,-4,0,6,94
7,720,50.400000,42.984000,1,0,6152728,1332,0,1332,-4,0,6,94
7,720,50.400000,42.984000,1,0,6152738,1334,0,1334,-4,0,6,94
7,720,50.400000,42.984000,1,0,6152749,1336,0,1336,-4,0,6,94
7,720,50.400000,42.984000,1,0,6152759,1336,0,1336,-4,0,6,94
7,720,50.400000,42.984000,1,0,6152775,1335,0,1335,-4,0,6,94
7,720,50.400000,42.984000,1,0,6152791,1335,0,1335,-4,0,6,94
7,720,50.400000,42.984000,1,0,6152802,1335,0,1335,-4,0,6,94
7,720,50.400000,42.984000,1,0,6152813,1335,0,1335,-4,0,6,94
7,720,50.400000,42.984000,1,0,6152823,1334,0,1334,-4,0,6,94
7,720,50.400000,42.984000,1,0,6152833,1333,0,1333,-4,0,6,94
7,720,50.400000,42.984000,1,0,6152844,1331,0,1331,-4,0,6,94
7,720,50.400000,42.984000,1,0,6152855,1330,0,1330,-4,0,6,94
7,720,50.400000,42.984000,1,0,6152865,1328,0,1328,-4,0,6,94
7,720,50.400000,42.984000,1,0,6152875,1328,0,1328,-4,0,6,94
7,720,50.400000,42.984000,1,0,6152886,1328,0,1328,-4,0,6,94
7,720,50.400000,42.984000,1,0,6152896,1328,0,1328,-4,0,6,94
7,720,50.400000,42.984000,1,0,6152906,1328,0,1328,-4,0,6,94
7,720,50.400000,42.984000,1,0,6152916,1328,0,1328,-4,0,6,94
7,720,50.400000,42.984000,1,0,6152926,1328,0,1328,-4,0,6,94
7,720,50.400000,42.984000,1,0,6152936,1328,0,1328,-4,0,6,94
7,720,50.400000,42.984000,1,0,6152947,1328,0,1328,-5,0,6,94
7,720,50.400000,42.984000,1,0,6152957,1328,0,1328,-5,0,6,94
7,720,50.400000,42.984000,1,0,6152968,1328,0,1328,-5,0,6,94
7,720,50.400000,42.984000,1,0,6152979,1328,0,1328,-5,0,6,94
7,720,50.400000,42.984000,1,0,6152989,1328,0,1328,-5,0,6,94
7,720,50.400000,42.984000,1,0,6152999,1328,0,1328,-5,0,6,94
7,720,50.400000,42.984000,1,0,6153014,1328,0,1328,-5,0,6,94
7,720,50.400000,42.984000,1,0,6153024,1328,0,1328,-5,0,6,94
7,720,50.400000,42.984000,1,0,6153034,1328,0,1328,-5,0,6,94
7,720,50.400000,42.984000,1,0,6153044,1328,0,1328,-5,0,6,94
