7,720,21.600000,12.276000,1,0,6122371,600,0,600,0,0,6,72
7,720,21.600000,12.276000,1,0,6122371,600,0,600,0,0,6,72
7,720,21.600000,12.276000,1,0,6122382,600,0,600,0,0,6,72
7,720,21.600000,12.276000,1,0,6122392,600,0,600,0,0,6,72
7,720,21.600000,12.276000,1,0,6122403,600,0,600,0,0,6,72
7,720,21.600000,12.276000,1,0,6122414,600,0,600,0,0,6,72
7,720,21.600000,12.276000,1,0,6122424,600,0,600,0,0,6,72
7,720,21.600000,12.276000,1,0,6122434,600,0,600,0,0,6,72
7,720,21.600000,12.276000,1,0,6122446,600,0,600,0,0,6,72
7,720,21.600000,12.276000,1,0,6122456,601,0,601,0,0,6,72
7,720,21.600000,12.276000,1,0,6122467,606,0,606,0,0,6,72
7,720,21.600000,12.276000,1,0,6122478,618,0,618,0,0,6,72
7,720,21.600000,12.276000,1,0,6122490,638,0,638,0,0,6,72
7,720,21.600000,12.276000,1,0,6122500,665,0,665,0,0,6,72
7,720,21.600000,12.276000,1,0,6122511,706,0,706,-1,0,6,72
7,720,21.600000,12.276000,1,0,6122521,755,0,755,-4,0,6,72
7,720,21.600000,12.276000,1,0,6122532,803,0,803,-6,0,6,72
7,720,21.600000,12.276000,1,0,6122542,864,0,864,-8,0,6,72
7,720,21.600000,12.276000,1,0,6122553,929,0,929,-11,0,6,72
7,720,21.600000,12.276000,1,0,6122565,987,0,987,-12,0,6,72
7,720,21.600000,12.276000,1,0,6122576,1059,0,1059,-14,0,6,72
7,720,21.600000,12.276000,1,0,6122586,1116,0,1116,-15,0,6,72
7,720,21.600000,12.276000,1,0,6122597,1161,0,1161,-16,0,6,72
7,720,21.600000,12.276000,1,0,6122607,1209,0,1209,-16,0,6,72
7,720,21.600000,12.276000,1,0,6122617,1239,0,1239,-16,0,6,72
7,720,21.600000,12.276000,1,0,6122627,1261,0,1261,-16,0,6,72
7,720,21.600000,12.276000,1,0,6122638,1274,0,1274,-17,0,6,72
7,720,21.600000,12.276000,1,0,6122648,1281,0,1281,-17,0,6,72
7,720,21.600000,12.276000,1,0,6122659,1283,0,1283,-17,0,6,72
7,720,21.600000,12.276000,1,0,6122670,1285,0,1285,-17,0,6,72
7,720,21.600000,12.276000,1,0,6122681,1285,0,1285,-17,0,6,72
7,720,21.600000,12.276000,1,0,6122691,1285,0,1285,-17,0,6,72
7,720,21.600000,12.276000,1,0,6122702,1285,0,1285,-17,0,6,72
7,720,21.600000,12.276000,1,0,6122712,1285,0,1285,-17,0,6,72
7,720,21.600000,12.276000,1,0,6122722,1285,0,1285,-17,0,6,72
7,720,21.600000,12.276000,1,0,6122732,1285,0,1285,-17,0,6,72
7,720,21.600000,12.276000,1,0,6122743,1285,0,1285,-17,0,6,72
7,720,21.600000,12.276000,1,0,6122753,1285,0,1285,-17,0,6,72
7,720,21.600000,12.276000,1,0,6122764,1285,0,1285,-17,0,6,72
7,720,21.600000,12.276000,1,0,6122775,1285,0,1285,-17,0,6,72
7,720,21.600000,12.276000,1,0,6122785,1285,0,1285,-17,0,6,72
7,720,21.600000,12.276000,1,0,6122795,1285,0,1285,-17,0,6,72
7,720,21.600000,12.276000,1,0,6122805,1285,0,1285,-17,0,6,72
7,720,21.600000,12.276000,1,0,6122815,1285,0,1285,-17,0,6,72
7,720,21.600000,12.276000,1,0,6122826,1285,0,1285,-17,0,6,72
7,720,21.600000,12.276000,1,0,6122836,1285,0,1285,-17,0,6,72
7,720,21.600000,12.276000,1,0,6122847,1286,0,1286,-17,0,6,72
7,720,21.600000,12.276000,1,0,6122857,1287,0,1287,-17,0,6,72
7,720,21.600000,12.276000,1,0,6122867,1288,0,1288,-17,0,6,72
7,720,21.600000,12.276000,1,0,6122876,1289,0,1289,-17,0,6,72
7,720,21.600000,12.276000,1,0,6122887,1292,0,1292,-18,0,6,72
7,720,21.600000,12.276000,1,0,6122897,1296,0,1296,-18,0,6,72
7,720,21.600000,12.276000,1,0,6122907,1300,0,1300,-18,0,6,72
7,720,21.600000,12.276000,1,0,6122918,1304,0,1304,-19,0,6,72
7,720,21.600000,12.276000,1,0,6122928,1309,0,1309,-19,0,6,72
7,720,21.600000,12.276000,1,0,6122939,1312,0,1312,-20,0,6,72
7,720,21.600000,12.276000,1,0,6122949,1314,0,1314,-20,0,6,72
7,720,21.600000,12.276000,1,0,6122959,1314,0,1314,-21,0,6,72
7,720,21.600000,12.276000,1,0,6122970,1314,0,1314,-21,0,6,72
7,720,21.600000,12.276000,1,0,6122980,1314,0,1314,-21,0,6,72
7,720,21.600000,12.276000,1,0,6122990,1314,0,1314,-21,0,6,72
7,720,21.600000,12.276000,1,0,6123000,1314,0,1314,-21,0,6,72
7,720,21.600000,12.276000,1,0,6123010,1314,0,1314,-21,0,6,72
7,720,21.600000,12.276000,1,0,6123021,1314,0,1314,-21,0,6,72
7,720,21.600000,12.276000,1,0,6123031,1314,0,1314,-21,0,6,72
7,720,21.600000,12.276000,1,0,6123041,1314,0,1314,-21,0,6,72
7,720,21.600000,12.276000,1,0,6123051,1314,0,1314,-21,0,6,72
7,720,21.600000,12.276000,1,0,6123062,1314,0,1314,-21,0,6,72
7,720,21.600000,12.276000,1,0,6123072,1314,0,1314,-21,0,6,72
7,720,21.600000,12.276000,1,0,6123082,1314,0,1314,-21,0,6,72
7,720,21.600000,12.276000,1,0,6123092,1314,0,1314,-21,0,6,72
7,720,21.600000,12.276000,1,0,6123103,1314,0,1314,-21,0,6,72
7,720,21.600000,12.276000,1,0,6123116,1314,0,1314,-21,0,6,72
7,720,21.600000,12.276000,1,0,6123126,1314,0,1314,-21,0,6,72
7,720,21.600000,12.276000,1,0,6123136,1314,0,1314,-21,0,6,72
7,720,21.600000,12.276000,1,0,6123146,1314,0,1314,-21,0,6,72
7,720,21.600000,12.276000,1,0,6123156,1315,0,1315,-21,0,6,72
7,720,21.600000,12.276000,1,0,6123166,1315,0,1315,-21,0,6,72
7,720,21.600000,12.276000,1,0,6123175,1316,0,1316,-21,0,6,72
7,720,21.600000,12.276000,1,0,6123185,1316,0,1316,-21,0,6,72
7,720,21.600000,12.276000,1,0,6123195,1317,0,1317,-21,0,6,72
