7,720,50.400000,10000.000000,1,0,6176069,600,0,600,0,0,6,111
7,720,50.400000,10000.000000,1,0,6176069,600,0,600,0,0,6,111
7,720,50.400000,10000.000000,1,0,6176080,600,0,600,0,0,6,111
7,720,50.400000,10000.000000,1,0,6176090,600,0,600,0,0,6,111
7,720,50.400000,10000.000000,1,0,6176100,600,0,600,0,0,6,111
7,720,50.400000,10000.000000,1,0,6176110,600,0,600,0,0,6,111
7,720,50.400000,10000.000000,1,0,6176121,600,0,600,0,0,6,111
7,720,50.400000,10000.000000,1,0,6176131,600,0,600,0,0,6,111
7,720,50.400000,10000.000000,1,0,6176143,600,0,600,0,0,6,111
7,720,50.400000,10000.000000,1,0,6176154,602,0,602,0,0,6,111
7,720,50.400000,10000.000000,1,0,6176165,613,0,613,0,0,6,111
7,720,50.400000,10000.000000,1,0,6176176,633,0,633,0,0,6,111
7,720,50.400000,10000.000000,1,0,6176187,661,1,661,1,0,6,111
7,720,50.400000,10000.000000,1,0,6176198,708,1,708,1,0,6,111
7,720,50.400000,10000.000000,1,0,6176209,772,1,772,1,0,6,111
7,720,50.400000,10000.000000,1,0,6176220,834,1,834,1,0,6,111
7,720,50.400000,10000.000000,1,0,6176231,904,1,904,1,0,6,111
7,720,50.400000,10000.000000,1,0,6176242,985,1,985,1,0,6,111
7,720,50.400000,10000.000000,1,0,6176252,1041,0,1041,0,0,6,111
7,720,50.400000,10000.000000,1,0,6176262,1096,0,1096,-1,0,6,111
7,720,50.400000,10000.000000,1,0,6176273,1133,0,1133,-1,0,6,111
7,720,50.400000,10000.000000,1,0,6176283,1167,0,1167,-1,0,6,111
7,720,50.400000,10000.000000,1,0,6176294,1191,0,1191,-1,0,6,111
7,720,50.400000,10000.000000,1,0,6176304,1205,0,1205,-1,0,6,111
7,720,50.400000,10000.000000,1,0,6176315,1211,0,1211,-1,0,6,111
7,720,50.400000,10000.000000,1,0,6176326,1213,0,1213,-1,0,6,111
7,720,50.400000,10000.000000,1,0,6176336,1213,0,1213,-1,0,6,111
7,720,50.400000,10000.000000,1,0,6176347,1214,0,1214,-1,0,6,111
7,720,50.400000,10000.000000,1,0,6176357,1215,0,1215,-1,0,6,111
7,720,50.400000,10000.000000,1,0,6176368,1217,0,1217,-1,0,6,111
7,720,50.400000,10000.000000,1,0,6176382,1220,0,1220,-1,0,6,111
7,720,50.400000,10000.000000,1,0,6176398,1226,0,1226,-1,0,6,111
7,720,50.400000,10000.000000,1,0,6176409,1238,0,1238,-1,0,6,111
7,720,50.400000,10000.000000,1,0,6176419,1249,0,1249,-1,0,6,111
7,720,50.400000,10000.000000,1,0,6176430,1264,0,1264,-1,0,6,111
7,720,50.400000,10000.000000,1,0,6176443,1273,0,1273,-1,0,6,111
7,720,50.400000,10000.000000,1,0,6176453,1277,0,1277,-1,0,6,111
7,720,50.400000,10000.000000,1,0,6176464,1281,0,1281,-1,0,6,111
7,720,50.400000,10000.000000,1,0,6176474,1281,0,1281,-1,0,6,111
7,720,50.400000,10000.000000,1,0,6176484,1281,0,1281,-1,0,6,111
7,720,50.400000,10000.000000,1,0,6176495,1280,0,1280,-1,0,6,111
7,720,50.400000,10000.000000,1,0,6176506,1280,0,1280,-1,0,6,111
7,720,50.400000,10000.000000,1,0,6176516,1280,0,1280,-1,0,6,111
7,720,50.400000,10000.000000,1,0,6176526,1280,0,1280,-1,0,6,111
7,720,50.400000,10000.000000,1,0,6176536,1280,0,1280,-1,0,6,111
7,720,50.400000,10000.000000,1,0,6176547,1280,0,1280,-1,0,6,111
7,720,50.400000,10000.000000,1,0,6176558,1280,0,1280,-1,0,6,111
7,720,50.400000,10000.000000,1,0,6176569,1282,0,1282,-1,0,6,111
7,720,50.400000,10000.000000,1,0,6176578,1285,0,1285,-1,0,6,111
7,720,50.400000,10000.000000,1,0,6176588,1288,0,1288,-1,0,6,111
7,720,50.400000,10000.000000,1,0,6176600,1289,0,1289,-1,0,6,111
7,720,50.400000,10000.000000,1,0,6176610,1291,0,1291,-1,0,6,111
7,720,50.400000,10000.000000,1,0,6176620,1292,0,1292,-1,0,6,111
7,720,50.400000,10000.000000,1,0,6176630,1294,0,1294,-1,0,6,111
7,720,50.400000,10000.000000,1,0,6176641,1295,0,1295,-1,0,6,111
7,720,50.400000,10000.000000,1,0,6176651,1295,0,1295,-1,0,6,111
7,720,50.400000,10000.000000,1,0,6176663,1295,0,1295,-1,0,6,111
7,720,50.400000,10000.000000,1,0,6176673,1296,0,1296,-1,0,6,111
7,720,50.400000,10000.000000,1,0,6176682,1296,0,1296,-1,0,6,111
7,720,50.400000,10000.000000,1,0,6176692,1297,0,1297,-1,0,6,111
7,720,50.400000,10000.000000,1,0,6176704,1298,0,1298,-1,0,6,111
7,720,50.400000,10000.000000,1,0,6176714,1299,0,1299,-1,0,6,111
7,720,50.400000,10000.000000,1,0,6176724,1302,0,1302,-1,0,6,111
7,720,50.400000,10000.000000,1,0,6176734,1306,0,1306,-1,0,6,111
7,720,50.400000,10000.000000,1,0,6176744,1309,0,1309,-1,0,6,111
7,720,50.400000,10000.000000,1,0,6176754,1312,0,1312,-1,0,6,111
7,720,50.400000,10000.000000,1,0,6176764,1312,0,1312,-1,0,6,111
7,720,50.400000,10000.000000,1,0,6176774,1312,0,1312,-1,0,6,111
7,720,50.400000,10000.000000,1,0,6176784,1312,0,1312,-1,0,6,111
7,720,50.400000,10000.000000,1,0,6176795,1312,0,1312,-1,0,6,111
7,720,50.400000,10000.000000,1,0,6176808,1312,0,1312,-1,0,6,111
