7,720,50.400000,22.608000,0,1,6180691,600,22,600,22,0,6,114
7,720,50.400000,22.608000,0,1,6180692,600,22,600,22,0,6,114
7,720,50.400000,22.608000,0,1,6180702,600,22,600,22,0,6,114
7,720,50.400000,22.608000,0,1,6180712,600,22,600,22,0,6,114
7,720,50.400000,22.608000,0,1,6180722,600,22,600,22,0,6,114
7,720,50.400000,22.608000,0,1,6180732,600,22,600,22,0,6,114
7,720,50.400000,22.608000,0,1,6180743,600,22,600,22,0,6,114
7,720,50.400000,22.608000,0,1,6180754,606,22,606,22,0,6,114
7,720,50.400000,22.608000,0,1,6180765,617,22,617,22,0,6,114
7,720,50.400000,22.608000,0,1,6180776,635,22,635,22,0,6,114
7,720,50.400000,22.608000,0,1,6180786,661,21,661,21,0,6,114
7,720,50.400000,22.608000,0,1,6180796,690,21,690,21,0,6,114
7,720,50.400000,22.608000,0,1,6180807,736,21,736,21,0,6,114
7,720,50.400000,22.608000,0,1,6180817,789,21,789,21,0,6,114
7,720,50.400000,22.608000,0,1,6180827,848,21,848,21,0,6,114
7,720,50.400000,22.608000,0,1,6180838,908,20,908,20,0,6,114
7,720,50.400000,22.608000,0,1,6180848,968,20,968,20,0,6,114
7,720,50.400000,22.608000,0,1,6180858,1019,20,1019,20,0,6,114
7,720,50.400000,22.608000,0,1,6180869,1068,20,1068,20,0,6,114
7,720,50.400000,22.608000,0,1,6180879,1109,20,1109,20,0,6,114
7,720,50.400000,22.608000,0,1,6180889,1146,20,1146,20,0,6,114
7,720,50.400000,22.608000,0,1,6180905,1180,20,1180,20,0,6,114
7,720,50.400000,22.608000,0,1,6180916,1226,20,1226,20,0,6,114
7,720,50.400000,22.608000,0,1,6180927,1253,20,1253,20,0,6,114
7,720,50.400000,22.608000,0,1,6180937,1274,20,1274,20,0,6,114
7,720,50.400000,22.608000,0,1,6180947,1291,20,1291,20,0,6,114
7,720,50.400000,22.608000,0,1,6180958,1305,20,1305,20,0,6,114
7,720,50.400000,22.608000,0,1,6180968,1319,20,1319,20,0,6,114
7,720,50.400000,22.608000,0,1,6180978,1329,20,1329,20,0,6,114
7,720,50.400000,22.608000,0,1,6180989,1336,20,1336,20,0,6,114
7,720,50.400000,22.608000,0,1,6180999,1342,20,1342,20,0,6,114
7,720,50.400000,22.608000,0,1,6181010,1346,19,1346,19,0,6,114
7,720,50.400000,22.608000,0,1,6181021,1348,19,1348,19,0,6,114
7,720,50.400000,22.608000,0,1,6181032,1348,19,1348,19,0,6,114
7,720,50.400000,22.608000,0,1,6181042,1349,19,1349,19,0,6,114
7,720,50.400000,22.608000,0,1,6181053,1350,19,1350,19,0,6,114
7,720,50.400000,22.608000,0,1,6181063,1352,19,1352,19,0,6,114
7,720,50.400000,22.608000,0,1,6181074,1355,19,1355,19,0,6,114
7,720,50.400000,22.608000,0,1,6181084,1357,18,1357,18,0,6,114
7,720,50.400000,22.608000,0,1,6181095,1359,18,1359,18,0,6,114
7,720,50.400000,22.608000,0,1,6181105,1361,18,1361,18,0,6,114
7,720,50.400000,22.608000,0,1,6181115,1361,18,1361,18,0,6,114
7,720,50.400000,22.608000,0,1,6181125,1361,18,1361,18,0,6,114
7,720,50.400000,22.608000,0,1,6181135,1361,18,1361,18,0,6,114
7,720,50.400000,22.608000,0,1,6181146,1361,18,1361,18,0,6,114
7,720,50.400000,22.608000,0,1,6181156,1361,18,1361,18,0,6,114
7,720,50.400000,22.608000,0,1,6181166,1360,18,1360,18,0,6,114
7,720,50.400000,22.608000,0,1,6181177,1360,18,1360,18,0,6,114
7,720,50.400000,22.608000,0,1,6181188,1358,18,1358,18,0,6,114
7,720,50.400000,22.608000,0,1,6181198,1356,18,1356,18,0,6,114
7,720,50.400000,22.608000,0,1,6181208,1354,17,1354,17,0,6,114
7,720,50.400000,22.608000,0,1,6181219,1351,17,1351,17,0,6,114
7,720,50.400000,22.608000,0,1,6181229,1347,17,1347,17,0,6,114
7,720,50.400000,22.608000,0,1,6181239,1345,17,1345,17,0,6,114
7,720,50.400000,22.608000,0,1,6181250,1344,17,1344,17,0,6,114
7,720,50.400000,22.608000,0,1,6181260,1344,16,1344,16,0,6,114
7,720,50.400000,22.608000,0,1,6181270,1343,16,1343,16,0,6,114
7,720,50.400000,22.608000,0,1,6181280,1343,16,1343,16,0,6,114
7,720,50.400000,22.608000,0,1,6181290,1342,16,1342,16,0,6,114
7,720,50.400000,22.608000,0,1,6181301,1342,16,1342,16,0,6,114
7,720,50.400000,22.608000,0,1,6181311,1341,16,1341,16,0,6,114
7,720,50.400000,22.608000,0,1,6181321,1340,16,1340,16,0,6,114
7,720,50.400000,22.608000,0,1,6181331,1339,16,1339,16,0,6,114
7,720,50.400000,22.608000,0,1,6181341,1338,16,1338,16,0,6,114
7,720,50.400000,22.608000,0,1,6181352,1337,16,1337,16,0,6,114
7,720,50.400000,22.608000,0,1,6181362,1336,15,1336,15,0,6,114
7,720,50.400000,22.608000,0,1,6181372,1335,14,1335,14,0,6,114
7,720,50.400000,22.608000,0,1,6181383,1335,14,1335,14,0,6,114
7,720,50.400000,22.608000,0,1,6181392,1335,14,1335,14,0,6,114
