7,360,50.400000,10000.000000,0,1,6128153,780,22,780,22,0,6,76
7,360,50.400000,10000.000000,0,1,6128154,780,22,780,22,0,6,76
7,360,50.400000,10000.000000,0,1,6128164,780,22,780,22,0,6,76
7,360,50.400000,10000.000000,0,1,6128175,780,22,780,22,0,6,76
7,360,50.400000,10000.000000,0,1,6128185,780,22,780,22,0,6,76
7,360,50.400000,10000.000000,0,1,6128196,780,22,780,22,0,6,76
7,360,50.400000,10000.000000,0,1,6128206,780,22,780,22,0,6,76
7,360,50.400000,10000.000000,0,1,6128216,780,22,780,22,0,6,76
7,360,50.400000,10000.000000,0,1,6128227,780,22,780,22,0,6,76
7,360,50.400000,10000.000000,0,1,6128237,780,22,780,22,0,6,76
7,360,50.400000,10000.000000,0,1,6128248,780,22,780,22,0,6,76
7,360,50.400000,10000.000000,0,1,6128258,784,22,784,22,0,6,76
7,360,50.400000,10000.000000,0,1,6128269,793,22,793,22,0,6,76
7,360,50.400000,10000.000000,0,1,6128280,807,22,807,22,0,6,76
7,360,50.400000,10000.000000,0,1,6128290,827,21,827,21,0,6,76
7,360,50.400000,10000.000000,0,1,6128301,859,17,859,17,0,6,76
7,360,50.400000,10000.000000,0,1,6128311,890,14,890,14,0,6,76
7,360,50.400000,10000.000000,0,1,6128322,927,11,927,11,0,6,76
7,360,50.400000,10000.000000,0,1,6128333,962,8,962,8,0,6,76
7,360,50.400000,10000.000000,0,1,6128344,994,6,994,6,0,6,76
7,360,50.400000,10000.000000,0,1,6128355,1021,3,1021,3,0,6,76
7,360,50.400000,10000.000000,0,1,6128365,1040,2,1040,2,0,6,76
7,360,50.400000,10000.000000,0,1,6128375,1053,1,1053,1,0,6,76
7,360,50.400000,10000.000000,0,1,6128386,1067,0,1067,0,0,6,76
7,360,50.400000,10000.000000,0,1,6128397,1077,0,1077,-1,0,6,76
7,360,50.400000,10000.000000,0,1,6128408,1084,0,1084,-1,0,6,76
7,360,50.400000,10000.000000,0,1,6128419,1088,0,1088,-1,0,6,76
7,360,50.400000,10000.000000,0,1,6128429,1089,0,1089,-1,0,6,76
7,360,50.400000,10000.000000,0,1,6128439,1089,0,1089,-1,0,6,76
7,360,50.400000,10000.000000,0,1,6128449,1089,0,1089,-1,0,6,76
7,360,50.400000,10000.000000,0,1,6128460,1089,0,1089,-1,0,6,76
7,360,50.400000,10000.000000,0,1,6128470,1089,0,1089,-1,0,6,76
7,360,50.400000,10000.000000,0,1,6128480,1089,0,1089,-1,0,6,76
7,360,50.400000,10000.000000,0,1,6128491,1089,0,1089,-1,0,6,76
7,360,50.400000,10000.000000,0,1,6128501,1089,0,1089,-1,0,6,76
7,360,50.400000,10000.000000,0,1,6128511,1090,0,1090,-1,0,6,76
7,360,50.400000,10000.000000,0,1,6128521,1090,0,1090,-2,0,6,76
7,360,50.400000,10000.000000,0,1,6128531,1091,0,1091,-2,0,6,76
7,360,50.400000,10000.000000,0,1,6128542,1091,0,1091,-2,0,6,76
7,360,50.400000,10000.000000,0,1,6128552,1091,0,1091,-2,0,6,76
7,360,50.400000,10000.000000,0,1,6128562,1092,0,1092,-2,0,6,76
7,360,50.400000,10000.000000,0,1,6128577,1093,0,1093,-2,0,6,76
7,360,50.400000,10000.000000,0,1,6128588,1098,0,1098,-3,0,6,76
7,360,50.400000,10000.000000,0,1,6128599,1103,0,1103,-5,0,6,76
7,360,50.400000,10000.000000,0,1,6128610,1109,0,1109,-6,0,6,76
7,360,50.400000,10000.000000,0,1,6128620,1117,0,1117,-7,0,6,76
7,360,50.400000,10000.000000,0,1,6128631,1126,0,1126,-8,0,6,76
7,360,50.400000,10000.000000,0,1,6128642,1132,0,1132,-9,0,6,76
7,360,50.400000,10000.000000,0,1,6128652,1137,0,1137,-9,0,6,76
7,360,50.400000,10000.000000,0,1,6128663,1137,0,1137,-9,0,6,76
7,360,50.400000,10000.000000,0,1,6128672,1137,0,1137,-9,0,6,76
7,360,50.400000,10000.000000,0,1,6128682,1137,0,1137,-9,0,6,76
7,360,50.400000,10000.000000,0,1,6128692,1137,0,1137,-9,0,6,76
7,360,50.400000,10000.000000,0,1,6128702,1137,0,1137,-9,0,6,76
7,360,50.400000,10000.000000,0,1,6128712,1137,0,1137,-9,0,6,76
7,360,50.400000,10000.000000,0,1,6128722,1137,0,1137,-9,0,6,76
7,360,50.400000,10000.000000,0,1,6128732,1137,0,1137,-9,0,6,76
