7,360,21.600000,10000.000000,1,1,6294422,780,22,780,22,0,7,71
7,360,21.600000,10000.000000,1,1,6294423,780,22,780,22,0,7,71
7,360,21.600000,10000.000000,1,1,6294438,780,22,780,22,0,7,71
7,360,21.600000,10000.000000,1,1,6294448,780,22,780,22,0,7,71
7,360,21.600000,10000.000000,1,1,6294459,780,22,780,22,0,7,71
7,360,21.600000,10000.000000,1,1,6294469,780,22,780,22,0,7,71
7,360,21.600000,10000.000000,1,1,6294480,780,22,780,22,0,7,71
7,360,21.600000,10000.000000,1,1,6294491,782,22,782,22,0,7,71
7,360,21.600000,10000.000000,1,1,6294504,788,22,788,22,0,7,71
7,360,21.600000,10000.000000,1,1,6294518,803,22,803,22,0,7,71
7,360,21.600000,10000.000000,1,1,6294529,828,22,828,22,0,7,71
7,360,21.600000,10000.000000,1,1,6294540,858,20,858,20,0,7,71
7,360,21.600000,10000.000000,1,1,6294553,897,18,897,18,0,7,71
7,360,21.600000,10000.000000,1,1,6294563,940,14,940,14,0,7,71
7,360,21.600000,10000.000000,1,1,6294574,985,9,985,9,0,7,71
7,360,21.600000,10000.000000,1,1,6294586,1030,4,1030,4,0,7,71
7,360,21.600000,10000.000000,1,1,6294597,1062,0,1062,0,0,7,71
7,360,21.600000,10000.000000,1,1,6294611,1088,0,1088,-3,0,7,71
7,360,21.600000,10000.000000,1,1,6294621,1105,0,1105,-5,0,7,71
7,360,21.600000,10000.000000,1,1,6294633,1109,0,1109,-5,0,7,71
7,360,21.600000,10000.000000,1,1,6294643,1109,0,1109,-5,0,7,71
7,360,21.600000,10000.000000,1,1,6294652,1109,0,1109,-5,0,7,71
7,360,21.600000,10000.000000,1,1,6294662,1109,0,1109,-5,0,7,71
7,360,21.600000,10000.000000,1,1,6294673,1109,0,1109,-5,0,7,71
7,360,21.600000,10000.000000,1,1,6294683,1109,0,1109,-5,0,7,71
7,360,21.600000,10000.000000,1,1,6294695,1109,0,1109,-5,0,7,71
7,360,21.600000,10000.000000,1,1,6294705,1109,0,1109,-5,0,7,71
7,360,21.600000,10000.000000,1,1,6294715,1109,0,1109,-5,0,7,71
7,360,21.600000,10000.000000,1,1,6294724,1109,0,1109,-5,0,7,71
7,360,21.600000,10000.000000,1,1,6294736,1109,0,1109,-5,0,7,71
7,360,21.600000,10000.000000,1,1,6294746,1109,0,1109,-5,0,7,71
7,360,21.600000,10000.000000,1,1,6294755,1109,0,1109,-5,0,7,71
7,360,21.600000,10000.000000,1,1,6294771,1109,0,1109,-5,0,7,71
7,360,21.600000,10000.000000,1,1,6294781,1109,0,1109,-5,0,7,71
7,360,21.600000,10000.000000,1,1,6294790,1109,0,1109,-5,0,7,71
7,360,21.600000,10000.000000,1,1,6294801,1109,0,1109,-5,0,7,71
7,360,21.600000,10000.000000,1,1,6294811,1109,0,1109,-5,0,7,71
7,360,21.600000,10000.000000,1,1,6294821,1109,0,1109,-5,0,7,71
7,360,21.600000,10000.000000,1,1,6294832,1110,0,1110,-5,0,7,71
7,360,21.600000,10000.000000,1,1,6294842,1112,0,1112,-5,0,7,71
7,360,21.600000,10000.000000,1,1,6294851,1114,0,1114,-5,0,7,71
7,360,21.600000,10000.000000,1,1,6294866,1118,0,1118,-6,0,7,71
7,360,21.600000,10000.000000,1,1,6294876,1128,0,1128,-7,0,7,71
7,360,21.600000,10000.000000,1,1,6294887,1136,0,1136,-8,0,7,71
7,360,21.600000,10000.000000,1,1,6294898,1142,0,1142,-8,0,7,71
7,360,21.600000,10000.000000,1,1,6294908,1146,0,1146,-8,0,7,71
7,360,21.600000,10000.000000,1,1,6294919,1148,0,1148,-8,0,7,71
7,360,21.600000,10000.000000,1,1,6294929,1149,0,1149,-8,0,7,71
7,360,21.600000,10000.000000,1,1,6294940,1149,0,1149,-8,0,7,71
7,360,21.600000,10000.000000,1,1,6294950,1149,0,1149,-8,0,7,71
7,360,21.600000,10000.000000,1,1,6294961,1149,0,1149,-8,0,7,71
7,360,21.600000,10000.000000,1,1,6294971,1149,0,1149,-8,0,7,71
7,360,21.600000,10000.000000,1,1,6294981,1149,0,1149,-8,0,7,71
7,360,21.600000,10000.000000,1,1,6294990,1149,0,1149,-8,0,7,71
7,360,21.600000,10000.000000,1,1,6295001,1149,0,1149,-9,0,7,71
7,360,21.600000,10000.000000,1,1,6295011,1149,0,1149,-10,0,7,71
7,360,21.600000,10000.000000,1,1,6295021,1149,0,1149,-10,0,7,71
7,360,21.600000,10000.000000,1,1,6295030,1149,0,1149,-10,0,7,71
7,360,21.600000,10000.000000,1,1,6295042,1149,0,1149,-10,0,7,71
7,360,21.600000,10000.000000,1,1,6295052,1149,0,1149,-10,0,7,71
