7,720,21.600000,10000.000000,0,1,6279590,600,22,600,22,0,7,61
7,720,21.600000,10000.000000,0,1,6279591,600,22,600,22,0,7,61
7,720,21.600000,10000.000000,0,1,6279602,600,22,600,22,0,7,61
7,720,21.600000,10000.000000,0,1,6279612,600,22,600,22,0,7,61
7,720,21.600000,10000.000000,0,1,6279623,600,22,600,22,0,7,61
7,720,21.600000,10000.000000,0,1,6279634,600,22,600,22,0,7,61
7,720,21.600000,10000.000000,0,1,6279645,600,22,600,22,0,7,61
7,720,21.600000,10000.000000,0,1,6279655,600,22,600,22,0,7,61
7,720,21.600000,10000.000000,0,1,6279666,600,22,600,22,0,7,61
7,720,21.600000,10000.000000,0,1,6279676,600,22,600,22,0,7,61
7,720,21.600000,10000.000000,0,1,6279687,602,22,602,22,0,7,61
7,720,21.600000,10000.000000,0,1,6279698,610,22,610,22,0,7,61
7,720,21.600000,10000.000000,0,1,6279709,627,22,627,22,0,7,61
7,720,21.600000,10000.000000,0,1,6279720,655,23,655,23,0,7,61
7,720,21.600000,10000.000000,0,1,6279730,698,24,698,24,0,7,61
7,720,21.600000,10000.000000,0,1,6279740,736,24,736,24,0,7,61
7,720,21.600000,10000.000000,0,1,6279751,782,24,782,24,0,7,61
7,720,21.600000,10000.000000,0,1,6279761,847,23,847,23,0,7,61
7,720,21.600000,10000.000000,0,1,6279772,911,21,911,21,0,7,61
7,720,21.600000,10000.000000,0,1,6279783,976,19,976,19,0,7,61
7,720,21.600000,10000.000000,0,1,6279794,1047,18,1047,18,0,7,61
7,720,21.600000,10000.000000,0,1,6279805,1112,17,1112,17,0,7,61
7,720,21.600000,10000.000000,0,1,6279816,1160,16,1160,16,0,7,61
7,720,21.600000,10000.000000,0,1,6279828,1210,16,1210,16,0,7,61
7,720,21.600000,10000.000000,0,1,6279838,1250,15,1250,15,0,7,61
7,720,21.600000,10000.000000,0,1,6279849,1283,15,1283,15,0,7,61
7,720,21.600000,10000.000000,0,1,6279859,1306,14,1306,14,0,7,61
7,720,21.600000,10000.000000,0,1,6279870,1324,14,1324,14,0,7,61
7,720,21.600000,10000.000000,0,1,6279881,1335,14,1335,14,0,7,61
7,720,21.600000,10000.000000,0,1,6279892,1341,13,1341,13,0,7,61
7,720,21.600000,10000.000000,0,1,6279902,1343,13,1343,13,0,7,61
7,720,21.600000,10000.000000,0,1,6279913,1346,13,1346,13,0,7,61
7,720,21.600000,10000.000000,0,1,6279923,1346,13,1346,13,0,7,61
7,720,21.600000,10000.000000,0,1,6279933,1346,13,1346,13,0,7,61
7,720,21.600000,10000.000000,0,1,6279944,1346,13,1346,13,0,7,61
7,720,21.600000,10000.000000,0,1,6279954,1346,13,1346,13,0,7,61
7,720,21.600000,10000.000000,0,1,6279965,1346,13,1346,13,0,7,61
7,720,21.600000,10000.000000,0,1,6279975,1346,13,1346,13,0,7,61
7,720,21.600000,10000.000000,0,1,6279986,1346,13,1346,13,0,7,61
7,720,21.600000,10000.000000,0,1,6279996,1346,13,1346,13,0,7,61
7,720,21.600000,10000.000000,0,1,6280007,1346,13,1346,13,0,7,61
7,720,21.600000,10000.000000,0,1,6280017,1347,13,1347,13,0,7,61
7,720,21.600000,10000.000000,0,1,6280028,1347,13,1347,13,0,7,61
7,720,21.600000,10000.000000,0,1,6280038,1347,13,1347,13,0,7,61
7,720,21.600000,10000.000000,0,1,6280049,1347,13,1347,13,0,7,61
7,720,21.600000,10000.000000,0,1,6280059,1347,13,1347,13,0,7,61
7,720,21.600000,10000.000000,0,1,6280069,1347,13,1347,13,0,7,61
7,720,21.600000,10000.000000,0,1,6280080,1347,13,1347,13,0,7,61
7,720,21.600000,10000.000000,0,1,6280090,1347,13,1347,13,0,7,61
7,720,21.600000,10000.000000,0,1,6280100,1347,13,1347,13,0,7,61
7,720,21.600000,10000.000000,0,1,6280110,1347,13,1347,13,0,7,61
7,720,21.600000,10000.000000,0,1,6280121,1345,13,1345,13,0,7,61
7,720,21.600000,10000.000000,0,1,6280131,1343,13,1343,13,0,7,61
7,720,21.600000,10000.000000,0,1,6280142,1339,13,1339,13,0,7,61
7,720,21.600000,10000.000000,0,1,6280153,1335,13,1335,13,0,7,61
7,720,21.600000,10000.000000,0,1,6280163,1331,13,1331,13,0,7,61
7,720,21.600000,10000.000000,0,1,6280173,1328,13,1328,13,0,7,61
7,720,21.600000,10000.000000,0,1,6280184,1326,13,1326,13,0,7,61
7,720,21.600000,10000.000000,0,1,6280195,1325,13,1325,13,0,7,61
7,720,21.600000,10000.000000,0,1,6280205,1324,13,1324,13,0,7,61
7,720,21.600000,10000.000000,0,1,6280216,1324,13,1324,13,0,7,61
7,720,21.600000,10000.000000,0,1,6280227,1324,13,1324,13,0,7,61
7,720,21.600000,10000.000000,0,1,6280238,1324,13,1324,13,0,7,61
7,720,21.600000,10000.000000,0,1,6280248,1324,13,1324,13,0,7,61
7,720,21.600000,10000.000000,0,1,6280258,1324,13,1324,13,0,7,61
7,720,21.600000,10000.000000,0,1,6280268,1324,13,1324,13,0,7,61
7,720,21.600000,10000.000000,0,1,6280279,1324,13,1324,13,0,7,61
7,720,21.600000,10000.000000,0,1,6280290,1324,13,1324,13,0,7,61
7,720,21.600000,10000.000000,0,1,6280300,1324,13,1324,13,0,7,61
7,720,21.600000,10000.000000,0,1,6280310,1324,13,1324,13,0,7,61
7,720,21.600000,10000.000000,0,1,6280319,1324,13,1324,13,0,7,61
