7,720,50.400000,42.984000,0,0,6323208,600,0,600,0,0,7,90
7,720,50.400000,42.984000,0,0,6323209,600,0,600,0,0,7,90
7,720,50.400000,42.984000,0,0,6323219,600,0,600,0,0,7,90
7,720,50.400000,42.984000,0,0,6323230,600,0,600,0,0,7,90
7,720,50.400000,42.984000,0,0,6323241,600,0,600,0,0,7,90
7,720,50.400000,42.984000,0,0,6323251,600,0,600,0,0,7,90
7,720,50.400000,42.984000,0,0,6323261,600,0,600,0,0,7,90
7,720,50.400000,42.984000,0,0,6323271,600,0,600,0,0,7,90
7,720,50.400000,42.984000,0,0,6323281,600,0,600,0,0,7,90
7,720,50.400000,42.984000,0,0,6323291,600,0,600,0,0,7,90
7,720,50.400000,42.984000,0,0,6323302,600,0,600,0,0,7,90
7,720,50.400000,42.984000,0,0,6323316,600,0,600,0,0,7,90
7,720,50.400000,42.984000,0,0,6323326,600,0,600,0,0,7,90
7,720,50.400000,42.984000,0,0,6323336,603,0,603,0,0,7,90
7,720,50.400000,42.984000,0,0,6323347,613,0,613,-2,0,7,90
7,720,50.400000,42.984000,0,0,6323356,636,0,636,-3,0,7,90
7,720,50.400000,42.984000,0,0,6323367,677,0,677,-6,0,7,90
7,720,50.400000,42.984000,0,0,6323378,733,0,733,-9,0,7,90
7,720,50.400000,42.984000,0,0,6323390,809,0,809,-13,0,7,90
7,720,50.400000,42.984000,0,0,6323400,894,0,894,-17,0,7,90
7,720,50.400000,42.984000,0,0,6323411,970,0,970,-18,0,7,90
7,720,50.400000,42.984000,0,0,6323422,1048,0,1048,-19,0,7,90
7,720,50.400000,42.984000,0,0,6323434,1108,0,1108,-20,0,7,90
7,720,50.400000,42.984000,0,0,6323443,1165,0,1165,-22,0,7,90
7,720,50.400000,42.984000,0,0,6323454,1197,0,1197,-23,0,7,90
7,720,50.400000,42.984000,0,0,6323465,1218,0,1218,-24,0,7,90
7,720,50.400000,42.984000,0,0,6323475,1237,0,1237,-26,0,7,90
7,720,50.400000,42.984000,0,0,6323486,1249,0,1249,-27,0,7,90
7,720,50.400000,42.984000,0,0,6323496,1254,0,1254,-28,0,7,90
7,720,50.400000,42.984000,0,0,6323507,1254,0,1254,-28,0,7,90
7,720,50.400000,42.984000,0,0,6323518,1254,0,1254,-28,0,7,90
7,720,50.400000,42.984000,0,0,6323528,1254,0,1254,-28,0,7,90
7,720,50.400000,42.984000,0,0,6323538,1254,0,1254,-28,0,7,90
7,720,50.400000,42.984000,0,0,6323548,1255,0,1255,-28,0,7,90
7,720,50.400000,42.984000,0,0,6323558,1257,0,1257,-28,0,7,90
7,720,50.400000,42.984000,0,0,6323569,1261,0,1261,-29,0,7,90
7,720,50.400000,42.984000,0,0,6323579,1266,0,1266,-29,0,7,90
7,720,50.400000,42.984000,0,0,6323590,1271,0,1271,-30,0,7,90
7,720,50.400000,42.984000,0,0,6323600,1278,0,1278,-31,0,7,90
7,720,50.400000,42.984000,0,0,6323610,1283,0,1283,-31,0,7,90
7,720,50.400000,42.984000,0,0,6323622,1287,0,1287,-32,0,7,90
7,720,50.400000,42.984000,0,0,6323632,1291,0,1291,-32,0,7,90
7,720,50.400000,42.984000,0,0,6323642,1294,0,1294,-33,0,7,90
7,720,50.400000,42.984000,0,0,6323652,1298,0,1298,-33,0,7,90
7,720,50.400000,42.984000,0,0,6323663,1303,0,1303,-34,0,7,90
7,720,50.400000,42.984000,0,0,6323673,1305,0,1305,-34,0,7,90
7,720,50.400000,42.984000,0,0,6323684,1306,0,1306,-34,0,7,90
7,720,50.400000,42.984000,0,0,6323694,1306,0,1306,-34,0,7,90
7,720,50.400000,42.984000,0,0,6323705,1306,0,1306,-34,0,7,90
7,720,50.400000,42.984000,0,0,6323715,1306,0,1306,-34,0,7,90
7,720,50.400000,42.984000,0,0,6323724,1306,0,1306,-34,0,7,90
7,720,50.400000,42.984000,0,0,6323735,1306,0,1306,-34,0,7,90
7,720,50.400000,42.984000,0,0,6323745,1306,0,1306,-34,0,7,90
7,720,50.400000,42.984000,0,0,6323755,1306,0,1306,-34,0,7,90
7,720,50.400000,42.984000,0,0,6323765,1306,0,1306,-34,0,7,90
7,720,50.400000,42.984000,0,0,6323776,1306,0,1306,-34,0,7,90
7,720,50.400000,42.984000,0,0,6323787,1306,0,1306,-35,0,7,90
7,720,50.400000,42.984000,0,0,6323798,1306,0,1306,-36,0,7,90
7,720,50.400000,42.984000,0,0,6323807,1306,0,1306,-36,0,7,90
