7,720,82.800000,12.276000,0,0,6346320,600,0,600,0,0,7,105
7,720,82.800000,12.276000,0,0,6346321,600,0,600,0,0,7,105
7,720,82.800000,12.276000,0,0,6346332,600,0,600,0,0,7,105
7,720,82.800000,12.276000,0,0,6346343,600,0,600,0,0,7,105
7,720,82.800000,12.276000,0,0,6346353,600,0,600,0,0,7,105
7,720,82.800000,12.276000,0,0,6346363,600,0,600,0,0,7,105
7,720,82.800000,12.276000,0,0,6346374,600,0,600,0,0,7,105
7,720,82.800000,12.276000,0,0,6346384,600,0,600,0,0,7,105
7,720,82.800000,12.276000,0,0,6346395,600,0,600,0,0,7,105
7,720,82.800000,12.276000,0,0,6346405,600,0,600,0,0,7,105
7,720,82.800000,12.276000,0,0,6346417,602,0,602,0,0,7,105
7,720,82.800000,12.276000,0,0,6346428,608,0,608,-1,0,7,105
7,720,82.800000,12.276000,0,0,6346439,620,0,620,-2,0,7,105
7,720,82.800000,12.276000,0,0,6346450,640,0,640,-4,0,7,105
7,720,82.800000,12.276000,0,0,6346460,677,0,677,-8,0,7,105
7,720,82.800000,12.276000,0,0,6346471,723,0,723,-12,0,7,105
7,720,82.800000,12.276000,0,0,6346481,785,0,785,-17,0,7,105
7,720,82.800000,12.276000,0,0,6346491,859,0,859,-21,0,7,105
7,720,82.800000,12.276000,0,0,6346502,927,0,927,-24,0,7,105
7,720,82.800000,12.276000,0,0,6346512,1005,0,1005,-26,0,7,105
7,720,82.800000,12.276000,0,0,6346522,1077,0,1077,-29,0,7,105
7,720,82.800000,12.276000,0,0,6346533,1141,0,1141,-30,0,7,105
7,720,82.800000,12.276000,0,0,6346544,1190,0,1190,-31,0,7,105
7,720,82.800000,12.276000,0,0,6346555,1226,0,1226,-32,0,7,105
7,720,82.800000,12.276000,0,0,6346565,1249,0,1249,-33,0,7,105
7,720,82.800000,12.276000,0,0,6346575,1262,0,1262,-35,0,7,105
7,720,82.800000,12.276000,0,0,6346586,1268,0,1268,-36,0,7,105
7,720,82.800000,12.276000,0,0,6346597,1271,0,1271,-37,0,7,105
7,720,82.800000,12.276000,0,0,6346607,1272,0,1272,-37,0,7,105
7,720,82.800000,12.276000,0,0,6346617,1273,0,1273,-38,0,7,105
7,720,82.800000,12.276000,0,0,6346628,1274,0,1274,-39,0,7,105
7,720,82.800000,12.276000,0,0,6346638,1275,0,1275,-39,0,7,105
7,720,82.800000,12.276000,0,0,6346649,1276,0,1276,-39,0,7,105
7,720,82.800000,12.276000,0,0,6346659,1277,0,1277,-39,0,7,105
7,720,82.800000,12.276000,0,0,6346669,1279,0,1279,-40,0,7,105
7,720,82.800000,12.276000,0,0,6346680,1280,0,1280,-40,0,7,105
7,720,82.800000,12.276000,0,0,6346691,1282,0,1282,-40,0,7,105
7,720,82.800000,12.276000,0,0,6346703,1283,0,1283,-40,0,7,105
7,720,82.800000,12.276000,0,0,6346713,1284,0,1284,-40,0,7,105
7,720,82.800000,12.276000,0,0,6346724,1285,0,1285,-40,0,7,105
7,720,82.800000,12.276000,0,0,6346735,1287,0,1287,-41,0,7,105
7,720,82.800000,12.276000,0,0,6346746,1290,0,1290,-42,0,7,105
7,720,82.800000,12.276000,0,0,6346757,1294,0,1294,-43,0,7,105
7,720,82.800000,12.276000,0,0,6346768,1298,0,1298,-44,0,7,105
7,720,82.800000,12.276000,0,0,6346779,1303,0,1303,-45,0,7,105
7,720,82.800000,12.276000,0,0,6346790,1312,0,1312,-47,0,7,105
7,720,82.800000,12.276000,0,0,6346800,1321,0,1321,-48,0,7,105
7,720,82.800000,12.276000,0,0,6346811,1327,0,1327,-48,0,7,105
7,720,82.800000,12.276000,0,0,6346822,1328,0,1328,-48,0,7,105
7,720,82.800000,12.276000,0,0,6346833,1329,0,1329,-48,0,7,105
7,720,82.800000,12.276000,0,0,6346843,1329,0,1329,-49,0,7,105
7,720,82.800000,12.276000,0,0,6346854,1329,0,1329,-49,0,7,105
