7,360,82.800000,22.608000,0,0,6252221,780,0,780,0,0,7,41
7,360,82.800000,22.608000,0,0,6252222,780,0,780,0,0,7,41
7,360,82.800000,22.608000,0,0,6252232,780,0,780,0,0,7,41
7,360,82.800000,22.608000,0,0,6252243,780,0,780,0,0,7,41
7,360,82.800000,22.608000,0,0,6252253,780,0,780,0,0,7,41
7,360,82.800000,22.608000,0,0,6252263,780,0,780,0,0,7,41
7,360,82.800000,22.608000,0,0,6252274,780,0,780,0,0,7,41
7,360,82.800000,22.608000,0,0,6252284,780,0,780,0,0,7,41
7,360,82.800000,22.608000,0,0,6252296,785,0,785,0,0,7,41
7,360,82.800000,22.608000,0,0,6252307,795,0,795,0,0,7,41
7,360,82.800000,22.608000,0,0,6252317,815,0,815,0,0,7,41
7,360,82.800000,22.608000,0,0,6252328,836,0,836,0,0,7,41
7,360,82.800000,22.608000,0,0,6252339,867,0,867,-1,0,7,41
7,360,82.800000,22.608000,0,0,6252350,909,0,909,-4,0,7,41
7,360,82.800000,22.608000,0,0,6252361,949,0,949,-6,0,7,41
7,360,82.800000,22.608000,0,0,6252371,987,0,987,-7,0,7,41
7,360,82.800000,22.608000,0,0,6252381,1015,0,1015,-9,0,7,41
7,360,82.800000,22.608000,0,0,6252392,1038,0,1038,-10,0,7,41
7,360,82.800000,22.608000,0,0,6252403,1057,0,1057,-10,0,7,41
7,360,82.800000,22.608000,0,0,6252417,1071,0,1071,-10,0,7,41
7,360,82.800000,22.608000,0,0,6252427,1081,0,1081,-11,0,7,41
7,360,82.800000,22.608000,0,0,6252438,1086,0,1086,-11,0,7,41
7,360,82.800000,22.608000,0,0,6252448,1089,0,1089,-11,0,7,41
7,360,82.800000,22.608000,0,0,6252462,1092,0,1092,-11,0,7,41
7,360,82.800000,22.608000,0,0,6252473,1095,0,1095,-11,0,7,41
7,360,82.800000,22.608000,0,0,6252484,1098,0,1098,-11,0,7,41
7,360,82.800000,22.608000,0,0,6252495,1104,0,1104,-11,0,7,41
7,360,82.800000,22.608000,0,0,6252505,1109,0,1109,-11,0,7,41
7,360,82.800000,22.608000,0,0,6252516,1114,0,1114,-11,0,7,41
7,360,82.800000,22.608000,0,0,6252526,1117,0,1117,-11,0,7,41
7,360,82.800000,22.608000,0,0,6252536,1117,0,1117,-11,0,7,41
7,360,82.800000,22.608000,0,0,6252547,1117,0,1117,-11,0,7,41
7,360,82.800000,22.608000,0,0,6252558,1117,0,1117,-11,0,7,41
7,360,82.800000,22.608000,0,0,6252568,1117,0,1117,-11,0,7,41
7,360,82.800000,22.608000,0,0,6252583,1117,0,1117,-11,0,7,41
7,360,82.800000,22.608000,0,0,6252592,1119,0,1119,-11,0,7,41
7,360,82.800000,22.608000,0,0,6252602,1119,0,1119,-11,0,7,41
7,360,82.800000,22.608000,0,0,6252613,1119,0,1119,-11,0,7,41
7,360,82.800000,22.608000,0,0,6252623,1119,0,1119,-11,0,7,41
7,360,82.800000,22.608000,0,0,6252633,1119,0,1119,-11,0,7,41
7,360,82.800000,22.608000,0,0,6252643,1119,0,1119,-11,0,7,41
7,360,82.800000,22.608000,0,0,6252653,1120,0,1120,-11,0,7,41
7,360,82.800000,22.608000,0,0,6252663,1121,0,1121,-11,0,7,41
7,360,82.800000,22.608000,0,0,6252673,1121,0,1121,-11,0,7,41
7,360,82.800000,22.608000,0,0,6252683,1123,0,1123,-11,0,7,41
7,360,82.800000,22.608000,0,0,6252693,1124,0,1124,-11,0,7,41
7,360,82.800000,22.608000,0,0,6252703,1125,0,1125,-11,0,7,41
7,360,82.800000,22.608000,0,0,6252713,1125,0,1125,-11,0,7,41
7,360,82.800000,22.608000,0,0,6252722,1125,0,1125,-11,0,7,41
