7,360,50.400000,0.000000,1,0,6272863,780,0,780,0,0,7,56
7,360,50.400000,0.000000,1,0,6272864,780,0,780,0,0,7,56
7,360,50.400000,0.000000,1,0,6272875,780,0,780,0,0,7,56
7,360,50.400000,0.000000,1,0,6272886,780,0,780,0,0,7,56
7,360,50.400000,0.000000,1,0,6272896,780,0,780,0,0,7,56
7,360,50.400000,0.000000,1,0,6272906,780,0,780,0,0,7,56
7,360,50.400000,0.000000,1,0,6272917,780,0,780,0,0,7,56
7,360,50.400000,0.000000,1,0,6272928,780,0,780,0,0,7,56
7,360,50.400000,0.000000,1,0,6272938,780,0,780,0,0,7,56
7,360,50.400000,0.000000,1,0,6272948,780,0,780,0,0,7,56
7,360,50.400000,0.000000,1,0,6272960,780,0,780,0,0,7,56
7,360,50.400000,0.000000,1,0,6272972,782,0,782,0,0,7,56
7,360,50.400000,0.000000,1,0,6272983,791,0,791,0,0,7,56
7,360,50.400000,0.000000,1,0,6272993,810,0,810,0,0,7,56
7,360,50.400000,0.000000,1,0,6273005,836,0,836,-1,0,7,56
7,360,50.400000,0.000000,1,0,6273016,872,0,872,-3,0,7,56
7,360,50.400000,0.000000,1,0,6273027,918,0,918,-5,0,7,56
7,360,50.400000,0.000000,1,0,6273037,958,0,958,-5,0,7,56
7,360,50.400000,0.000000,1,0,6273047,1006,0,1006,-7,0,7,56
7,360,50.400000,0.000000,1,0,6273058,1042,0,1042,-8,0,7,56
7,360,50.400000,0.000000,1,0,6273069,1074,0,1074,-9,0,7,56
7,360,50.400000,0.000000,1,0,6273079,1093,0,1093,-9,0,7,56
7,360,50.400000,0.000000,1,0,6273090,1106,0,1106,-9,0,7,56
7,360,50.400000,0.000000,1,0,6273100,1112,0,1112,-10,0,7,56
7,360,50.400000,0.000000,1,0,6273111,1114,0,1114,-10,0,7,56
7,360,50.400000,0.000000,1,0,6273122,1115,0,1115,-10,0,7,56
7,360,50.400000,0.000000,1,0,6273133,1115,0,1115,-10,0,7,56
7,360,50.400000,0.000000,1,0,6273143,1115,0,1115,-10,0,7,56
7,360,50.400000,0.000000,1,0,6273154,1115,0,1115,-10,0,7,56
7,360,50.400000,0.000000,1,0,6273164,1115,0,1115,-10,0,7,56
7,360,50.400000,0.000000,1,0,6273174,1115,0,1115,-10,0,7,56
7,360,50.400000,0.000000,1,0,6273185,1115,0,1115,-10,0,7,56
7,360,50.400000,0.000000,1,0,6273196,1115,0,1115,-10,0,7,56
7,360,50.400000,0.000000,1,0,6273206,1115,0,1115,-10,0,7,56
7,360,50.400000,0.000000,1,0,6273216,1115,0,1115,-10,0,7,56
7,360,50.400000,0.000000,1,0,6273226,1115,0,1115,-10,0,7,56
7,360,50.400000,0.000000,1,0,6273238,1115,0,1115,-10,0,7,56
7,360,50.400000,0.000000,1,0,6273249,1115,0,1115,-10,0,7,56
7,360,50.400000,0.000000,1,0,6273259,1116,0,1116,-10,0,7,56
7,360,50.400000,0.000000,1,0,6273269,1117,0,1117,-10,0,7,56
7,360,50.400000,0.000000,1,0,6273279,1117,0,1117,-10,0,7,56
7,360,50.400000,0.000000,1,0,6273289,1117,0,1117,-10,0,7,56
7,360,50.400000,0.000000,1,0,6273299,1117,0,1117,-10,0,7,56
7,360,50.400000,0.000000,1,0,6273309,1117,0,1117,-10,0,7,56
7,360,50.400000,0.000000,1,0,6273319,1117,0,1117,-10,0,7,56
7,360,50.400000,0.000000,1,0,6273329,1118,0,1118,-10,0,7,56
7,360,50.400000,0.000000,1,0,6273340,1119,0,1119,-10,0,7,56
7,360,50.400000,0.000000,1,0,6273350,1120,0,1120,-10,0,7,56
7,360,50.400000,0.000000,1,0,6273360,1121,0,1121,-11,0,7,56
7,360,50.400000,0.000000,1,0,6273371,1122,0,1122,-11,0,7,56
7,360,50.400000,0.000000,1,0,6273381,1124,0,1124,-11,0,7,56
7,360,50.400000,0.000000,1,0,6273392,1127,0,1127,-12,0,7,56
7,360,50.400000,0.000000,1,0,6273402,1131,0,1131,-12,0,7,56
7,360,50.400000,0.000000,1,0,6273413,1137,0,1137,-12,0,7,56
7,360,50.400000,0.000000,1,0,6273423,1142,0,1142,-12,0,7,56
7,360,50.400000,0.000000,1,0,6273433,1146,0,1146,-12,0,7,56
7,360,50.400000,0.000000,1,0,6273443,1148,0,1148,-13,0,7,56
7,360,50.400000,0.000000,1,0,6273453,1148,0,1148,-13,0,7,56
7,360,50.400000,0.000000,1,0,6273463,1148,0,1148,-13,0,7,56
