7,360,50.400000,12.276000,1,0,6440515,780,0,780,0,0,8,43
7,360,50.400000,12.276000,1,0,6440516,780,0,780,0,0,8,43
7,360,50.400000,12.276000,1,0,6440526,780,0,780,0,0,8,43
7,360,50.400000,12.276000,1,0,6440536,780,0,780,0,0,8,43
7,360,50.400000,12.276000,1,0,6440546,780,0,780,0,0,8,43
7,360,50.400000,12.276000,1,0,6440557,780,0,780,0,0,8,43
7,360,50.400000,12.276000,1,0,6440567,780,0,780,0,0,8,43
7,360,50.400000,12.276000,1,0,6440577,780,0,780,0,0,8,43
7,360,50.400000,12.276000,1,0,6440587,780,0,780,0,0,8,43
7,360,50.400000,12.276000,1,0,6440597,780,0,780,0,0,8,43
7,360,50.400000,12.276000,1,0,6440608,780,0,780,0,0,8,43
7,360,50.400000,12.276000,1,0,6440619,784,0,784,0,0,8,43
7,360,50.400000,12.276000,1,0,6440632,795,0,795,0,0,8,43
7,360,50.400000,12.276000,1,0,6440642,815,0,815,-1,0,8,43
7,360,50.400000,12.276000,1,0,6440653,841,0,841,-1,0,8,43
7,360,50.400000,12.276000,1,0,6440664,873,0,873,-2,0,8,43
7,360,50.400000,12.276000,1,0,6440675,910,0,910,-3,0,8,43
7,360,50.400000,12.276000,1,0,6440685,947,0,947,-4,0,8,43
7,360,50.400000,12.276000,1,0,6440696,976,0,976,-5,0,8,43
7,360,50.400000,12.276000,1,0,6440707,1004,0,1004,-5,0,8,43
7,360,50.400000,12.276000,1,0,6440718,1021,0,1021,-5,0,8,43
7,360,50.400000,12.276000,1,0,6440729,1035,0,1035,-5,0,8,43
7,360,50.400000,12.276000,1,0,6440740,1043,0,1043,-5,0,8,43
7,360,50.400000,12.276000,1,0,6440755,1050,0,1050,-5,0,8,43
7,360,50.400000,12.276000,1,0,6440770,1058,0,1058,-6,0,8,43
7,360,50.400000,12.276000,1,0,6440783,1069,0,1069,-7,0,8,43
7,360,50.400000,12.276000,1,0,6440793,1081,0,1081,-7,0,8,43
7,360,50.400000,12.276000,1,0,6440804,1093,0,1093,-7,0,8,43
7,360,50.400000,12.276000,1,0,6440814,1103,0,1103,-7,0,8,43
7,360,50.400000,12.276000,1,0,6440825,1112,0,1112,-7,0,8,43
7,360,50.400000,12.276000,1,0,6440835,1116,0,1116,-7,0,8,43
7,360,50.400000,12.276000,1,0,6440850,1120,0,1120,-7,0,8,43
7,360,50.400000,12.276000,1,0,6440860,1123,0,1123,-7,0,8,43
7,360,50.400000,12.276000,1,0,6440870,1124,0,1124,-7,0,8,43
7,360,50.400000,12.276000,1,0,6440880,1125,0,1125,-7,0,8,43
7,360,50.400000,12.276000,1,0,6440891,1127,0,1127,-7,0,8,43
7,360,50.400000,12.276000,1,0,6440902,1130,0,1130,-8,0,8,43
7,360,50.400000,12.276000,1,0,6440913,1133,0,1133,-8,0,8,43
7,360,50.400000,12.276000,1,0,6440923,1135,0,1135,-8,0,8,43
7,360,50.400000,12.276000,1,0,6440933,1137,0,1137,-8,0,8,43
7,360,50.400000,12.276000,1,0,6440944,1140,0,1140,-8,0,8,43
7,360,50.400000,12.276000,1,0,6440958,1143,0,1143,-8,0,8,43
7,360,50.400000,12.276000,1,0,6440969,1148,0,1148,-8,0,8,43
7,360,50.400000,12.276000,1,0,6440980,1154,0,1154,-8,0,8,43
7,360,50.400000,12.276000,1,0,6440990,1160,0,1160,-8,0,8,43
7,360,50.400000,12.276000,1,0,6441000,1164,0,1164,-8,0,8,43
7,360,50.400000,12.276000,1,0,6441010,1165,0,1165,-8,0,8,43
7,360,50.400000,12.276000,1,0,6441020,1165,0,1165,-8,0,8,43
7,360,50.400000,12.276000,1,0,6441030,1165,0,1165,-8,0,8,43
7,360,50.400000,12.276000,1,0,6441040,1165,0,1165,-8,0,8,43
7,360,50.400000,12.276000,1,0,6441050,1165,0,1165,-8,0,8,43
7,360,50.400000,12.276000,1,0,6441060,1165,0,1165,-8,0,8,43
7,360,50.400000,12.276000,1,0,6441071,1165,0,1165,-8,0,8,43
7,360,50.400000,12.276000,1,0,6441082,1165,0,1165,-8,0,8,43
7,360,50.400000,12.276000,1,0,6441091,1165,0,1165,-8,0,8,43
7,360,50.400000,12.276000,1,0,6441101,1165,0,1165,-8,0,8,43
7,360,50.400000,12.276000,1,0,6441116,1164,0,1164,-8,0,8,43
7,360,50.400000,12.276000,1,0,6441132,1161,0,1161,-8,0,8,43
7,360,50.400000,12.276000,1,0,6441142,1156,0,1156,-8,0,8,43
7,360,50.400000,12.276000,1,0,6441153,1153,0,1153,-8,0,8,43
7,360,50.400000,12.276000,1,0,6441163,1151,0,1151,-8,0,8,43
7,360,50.400000,12.276000,1,0,6441173,1149,0,1149,-8,0,8,43
7,360,50.400000,12.276000,1,0,6441183,1149,0,1149,-8,0,8,43
7,360,50.400000,12.276000,1,0,6441193,1149,0,1149,-8,0,8,43
7,360,50.400000,12.276000,1,0,6441203,1149,0,1149,-8,0,8,43
7,360,50.400000,12.276000,1,0,6441213,1149,0,1149,-8,0,8,43
7,360,50.400000,12.276000,1,0,6441223,1149,0,1149,-8,0,8,43
7,360,50.400000,12.276000,1,0,6441233,1149,0,1149,-8,0,8,43
7,360,50.400000,12.276000,1,0,6441243,1149,0,1149,-8,0,8,43
