7,720,50.400000,0.000000,1,0,6497504,600,0,600,0,1,8,81
7,720,50.400000,0.000000,1,0,6497505,600,0,600,0,1,8,81
7,720,50.400000,0.000000,1,0,6497515,600,0,600,0,1,8,81
7,720,50.400000,0.000000,1,0,6497525,600,0,600,0,1,8,81
7,720,50.400000,0.000000,1,0,6497535,600,0,600,0,1,8,81
7,720,50.400000,0.000000,1,0,6497545,600,0,600,0,1,8,81
7,720,50.400000,0.000000,1,0,6497556,600,0,600,0,1,8,81
7,720,50.400000,0.000000,1,0,6497566,600,0,600,0,1,8,81
7,720,50.400000,0.000000,1,0,6497577,603,0,603,0,1,8,81
7,720,50.400000,0.000000,1,0,6497587,609,0,609,0,1,8,81
7,720,50.400000,0.000000,1,0,6497597,625,0,625,0,1,8,81
7,720,50.400000,0.000000,1,0,6497609,645,0,645,-1,1,8,81
7,720,50.400000,0.000000,1,0,6497621,682,0,682,-4,1,8,81
7,720,50.400000,0.000000,1,0,6497631,735,0,735,-7,1,8,81
7,720,50.400000,0.000000,1,0,6497643,797,0,797,-10,1,8,81
7,720,50.400000,0.000000,1,0,6497653,872,0,872,-15,1,8,81
7,720,50.400000,0.000000,1,0,6497664,945,0,945,-19,1,8,81
7,720,50.400000,0.000000,1,0,6497674,1008,0,1008,-22,1,8,81
7,720,50.400000,0.000000,1,0,6497685,1066,0,1066,-23,1,8,81
7,720,50.400000,0.000000,1,0,6497695,1119,0,1119,-25,1,8,81
7,720,50.400000,0.000000,1,0,6497705,1159,0,1159,-27,1,8,81
7,720,50.400000,0.000000,1,0,6497716,1188,0,1188,-28,1,8,81
7,720,50.400000,0.000000,1,0,6497726,1209,0,1209,-28,1,8,81
7,720,50.400000,0.000000,1,0,6497736,1219,0,1219,-28,1,8,81
7,720,50.400000,0.000000,1,0,6497747,1225,0,1225,-29,1,8,81
7,720,50.400000,0.000000,1,0,6497757,1228,0,1228,-29,1,8,81
7,720,50.400000,0.000000,1,0,6497767,1229,0,1229,-29,1,8,81
7,720,50.400000,0.000000,1,0,6497778,1231,0,1231,-29,1,8,81
7,720,50.400000,0.000000,1,0,6497789,1233,0,1233,-29,1,8,81
7,720,50.400000,0.000000,1,0,6497800,1237,0,1237,-30,1,8,81
7,720,50.400000,0.000000,1,0,6497811,1245,0,1245,-30,1,8,81
7,720,50.400000,0.000000,1,0,6497821,1256,0,1256,-30,1,8,81
7,720,50.400000,0.000000,1,0,6497832,1267,0,1267,-30,1,8,81
7,720,50.400000,0.000000,1,0,6497843,1277,0,1277,-30,1,8,81
7,720,50.400000,0.000000,1,0,6497853,1284,0,1284,-31,1,8,81
7,720,50.400000,0.000000,1,0,6497864,1287,0,1287,-31,1,8,81
7,720,50.400000,0.000000,1,0,6497874,1290,0,1290,-31,1,8,81
7,720,50.400000,0.000000,1,0,6497884,1290,0,1290,-31,1,8,81
7,720,50.400000,0.000000,1,0,6497894,1290,0,1290,-31,1,8,81
7,720,50.400000,0.000000,1,0,6497904,1290,0,1290,-31,1,8,81
7,720,50.400000,0.000000,1,0,6497914,1290,0,1290,-31,1,8,81
7,720,50.400000,0.000000,1,0,6497924,1290,0,1290,-31,1,8,81
7,720,50.400000,0.000000,1,0,6497935,1290,0,1290,-31,1,8,81
7,720,50.400000,0.000000,1,0,6497945,1290,0,1290,-31,1,8,81
7,720,50.400000,0.000000,1,0,6497955,1291,0,1291,-31,1,8,81
7,720,50.400000,0.000000,1,0,6497966,1292,0,1292,-31,1,8,81
7,720,50.400000,0.000000,1,0,6497976,1294,0,1294,-31,1,8,81
7,720,50.400000,0.000000,1,0,6497987,1295,0,1295,-31,1,8,81
7,720,50.400000,0.000000,1,0,6497997,1298,0,1298,-31,1,8,81
7,720,50.400000,0.000000,1,0,6498007,1301,0,1301,-31,1,8,81
7,720,50.400000,0.000000,1,0,6498017,1303,0,1303,-31,1,8,81
7,720,50.400000,0.000000,1,0,6498028,1303,0,1303,-31,1,8,81
7,720,50.400000,0.000000,1,0,6498038,1303,0,1303,-31,1,8,81
7,720,50.400000,0.000000,1,0,6498048,1303,0,1303,-31,1,8,81
7,720,50.400000,0.000000,1,0,6498058,1303,0,1303,-31,1,8,81
7,720,50.400000,0.000000,1,0,6498069,1303,0,1303,-31,1,8,81
7,720,50.400000,0.000000,1,0,6498079,1304,0,1304,-32,1,8,81
7,720,50.400000,0.000000,1,0,6498090,1305,0,1305,-33,1,8,81
7,720,50.400000,0.000000,1,0,6498100,1305,0,1305,-33,1,8,81
7,720,50.400000,0.000000,1,0,6498110,1305,0,1305,-33,1,8,81
7,720,50.400000,0.000000,1,0,6498119,1305,0,1305,-33,0,8,81
