7,360,50.400000,42.984000,0,1,6560362,780,22,780,22,0,8,119
7,360,50.400000,42.984000,0,1,6560362,780,22,780,22,0,8,119
7,360,50.400000,42.984000,0,1,6560374,779,22,779,22,0,8,119
7,360,50.400000,42.984000,0,1,6560384,779,22,779,22,0,8,119
7,360,50.400000,42.984000,0,1,6560395,779,22,779,22,0,8,119
7,360,50.400000,42.984000,0,1,6560406,779,22,779,22,0,8,119
7,360,50.400000,42.984000,0,1,6560416,779,22,779,22,0,8,119
7,360,50.400000,42.984000,0,1,6560426,779,22,779,22,0,8,119
7,360,50.400000,42.984000,0,1,6560437,779,22,779,22,0,8,119
7,360,50.400000,42.984000,0,1,6560447,779,22,779,22,0,8,119
7,360,50.400000,42.984000,0,1,6560458,781,22,781,22,0,8,119
7,360,50.400000,42.984000,0,1,6560469,788,22,788,22,0,8,119
7,360,50.400000,42.984000,0,1,6560479,803,22,803,22,0,8,119
7,360,50.400000,42.984000,0,1,6560490,827,22,827,22,0,8,119
7,360,50.400000,42.984000,0,1,6560501,852,22,852,22,0,8,119
7,360,50.400000,42.984000,0,1,6560512,889,20,889,20,0,8,119
7,360,50.400000,42.984000,0,1,6560523,931,19,931,19,0,8,119
7,360,50.400000,42.984000,0,1,6560533,967,18,967,18,0,8,119
7,360,50.400000,42.984000,0,1,6560544,1000,17,1000,17,0,8,119
7,360,50.400000,42.984000,0,1,6560555,1032,15,1032,15,0,8,119
7,360,50.400000,42.984000,0,1,6560566,1059,15,1059,15,0,8,119
7,360,50.400000,42.984000,0,1,6560577,1081,15,1081,15,0,8,119
7,360,50.400000,42.984000,0,1,6560588,1101,14,1101,14,0,8,119
7,360,50.400000,42.984000,0,1,6560599,1117,13,1117,13,0,8,119
7,360,50.400000,42.984000,0,1,6560611,1130,13,1130,13,0,8,119
7,360,50.400000,42.984000,0,1,6560622,1141,12,1141,12,0,8,119
7,360,50.400000,42.984000,0,1,6560633,1149,11,1149,11,0,8,119
7,360,50.400000,42.984000,0,1,6560643,1154,11,1154,11,0,8,119
7,360,50.400000,42.984000,0,1,6560654,1155,11,1155,11,0,8,119
7,360,50.400000,42.984000,0,1,6560665,1156,11,1156,11,0,8,119
7,360,50.400000,42.984000,0,1,6560675,1156,11,1156,11,0,8,119
7,360,50.400000,42.984000,0,1,6560686,1156,11,1156,11,0,8,119
7,360,50.400000,42.984000,0,1,6560696,1156,11,1156,11,0,8,119
7,360,50.400000,42.984000,0,1,6560706,1156,11,1156,11,0,8,119
7,360,50.400000,42.984000,0,1,6560717,1156,11,1156,11,0,8,119
7,360,50.400000,42.984000,0,1,6560728,1156,11,1156,11,0,8,119
7,360,50.400000,42.984000,0,1,6560738,1156,11,1156,11,0,8,119
7,360,50.400000,42.984000,0,1,6560748,1156,11,1156,11,0,8,119
7,360,50.400000,42.984000,0,1,6560758,1156,11,1156,11,0,8,119
7,360,50.400000,42.984000,0,1,6560769,1156,11,1156,11,0,8,119
7,360,50.400000,42.984000,0,1,6560779,1156,11,1156,11,0,8,119
7,360,50.400000,42.984000,0,1,6560789,1156,11,1156,11,0,8,119
7,360,50.400000,42.984000,0,1,6560799,1156,11,1156,11,0,8,119
7,360,50.400000,42.984000,0,1,6560809,1156,11,1156,11,0,8,119
7,360,50.400000,42.984000,0,1,6560819,1156,11,1156,11,0,8,119
7,360,50.400000,42.984000,0,1,6560829,1156,11,1156,11,0,8,119
7,360,50.400000,42.984000,0,1,6560840,1156,11,1156,11,0,8,119
7,360,50.400000,42.984000,0,1,6560850,1155,11,1155,11,0,8,119
7,360,50.400000,42.984000,0,1,6560860,1154,11,1154,11,0,8,119
7,360,50.400000,42.984000,0,1,6560870,1153,11,1153,11,0,8,119
7,360,50.400000,42.984000,0,1,6560880,1153,11,1153,11,0,8,119
7,360,50.400000,42.984000,0,1,6560890,1153,11,1153,11,0,8,119
7,360,50.400000,42.984000,0,1,6560900,1153,11,1153,11,0,8,119
7,360,50.400000,42.984000,0,1,6560910,1153,11,1153,11,0,8,119
7,360,50.400000,42.984000,0,1,6560920,1153,11,1153,11,0,8,119
