7,720,21.600000,0.000000,1,0,6529850,600,0,600,0,0,8,100
7,720,21.600000,0.000000,1,0,6529851,600,0,600,0,0,8,100
7,720,21.600000,0.000000,1,0,6529862,600,0,600,0,0,8,100
7,720,21.600000,0.000000,1,0,6529873,600,0,600,0,0,8,100
7,720,21.600000,0.000000,1,0,6529883,600,0,600,0,0,8,100
7,720,21.600000,0.000000,1,0,6529894,600,0,600,0,0,8,100
7,720,21.600000,0.000000,1,0,6529904,600,0,600,0,0,8,100
7,720,21.600000,0.000000,1,0,6529916,602,0,602,0,0,8,100
7,720,21.600000,0.000000,1,0,6529928,613,0,613,0,0,8,100
7,720,21.600000,0.000000,1,0,6529939,630,0,630,-1,0,8,100
7,720,21.600000,0.000000,1,0,6529950,663,0,663,-3,0,8,100
7,720,21.600000,0.000000,1,0,6529961,709,0,709,-6,0,8,100
7,720,21.600000,0.000000,1,0,6529972,765,0,765,-10,0,8,100
7,720,21.600000,0.000000,1,0,6529984,824,0,824,-14,0,8,100
7,720,21.600000,0.000000,1,0,6529995,890,0,890,-17,0,8,100
7,720,21.600000,0.000000,1,0,6530005,955,0,955,-19,0,8,100
7,720,21.600000,0.000000,1,0,6530015,1004,0,1004,-21,0,8,100
7,720,21.600000,0.000000,1,0,6530026,1043,0,1043,-23,0,8,100
7,720,21.600000,0.000000,1,0,6530036,1076,0,1076,-24,0,8,100
7,720,21.600000,0.000000,1,0,6530047,1102,0,1102,-25,0,8,100
7,720,21.600000,0.000000,1,0,6530058,1122,0,1122,-25,0,8,100
7,720,21.600000,0.000000,1,0,6530069,1138,0,1138,-26,0,8,100
7,720,21.600000,0.000000,1,0,6530079,1150,0,1150,-26,0,8,100
7,720,21.600000,0.000000,1,0,6530090,1156,0,1156,-26,0,8,100
7,720,21.600000,0.000000,1,0,6530100,1159,0,1159,-26,0,8,100
7,720,21.600000,0.000000,1,0,6530111,1162,0,1162,-26,0,8,100
7,720,21.600000,0.000000,1,0,6530122,1162,0,1162,-26,0,8,100
7,720,21.600000,0.000000,1,0,6530132,1162,0,1162,-26,0,8,100
7,720,21.600000,0.000000,1,0,6530143,1162,0,1162,-26,0,8,100
7,720,21.600000,0.000000,1,0,6530154,1162,0,1162,-26,0,8,100
7,720,21.600000,0.000000,1,0,6530165,1164,0,1164,-26,0,8,100
7,720,21.600000,0.000000,1,0,6530176,1167,0,1167,-26,0,8,100
7,720,21.600000,0.000000,1,0,6530186,1171,0,1171,-27,0,8,100
7,720,21.600000,0.000000,1,0,6530196,1175,0,1175,-27,0,8,100
7,720,21.600000,0.000000,1,0,6530207,1179,0,1179,-27,0,8,100
7,720,21.600000,0.000000,1,0,6530217,1180,0,1180,-27,0,8,100
7,720,21.600000,0.000000,1,0,6530227,1180,0,1180,-27,0,8,100
7,720,21.600000,0.000000,1,0,6530237,1180,0,1180,-27,0,8,100
7,720,21.600000,0.000000,1,0,6530248,1180,0,1180,-27,0,8,100
7,720,21.600000,0.000000,1,0,6530260,1182,0,1182,-28,0,8,100
7,720,21.600000,0.000000,1,0,6530271,1187,0,1187,-28,0,8,100
7,720,21.600000,0.000000,1,0,6530282,1196,0,1196,-28,0,8,100
7,720,21.600000,0.000000,1,0,6530293,1206,0,1206,-28,0,8,100
7,720,21.600000,0.000000,1,0,6530304,1220,0,1220,-28,0,8,100
7,720,21.600000,0.000000,1,0,6530315,1241,0,1241,-28,0,8,100
7,720,21.600000,0.000000,1,0,6530327,1265,0,1265,-28,0,8,100
7,720,21.600000,0.000000,1,0,6530337,1286,0,1286,-28,0,8,100
7,720,21.600000,0.000000,1,0,6530348,1302,0,1302,-28,0,8,100
7,720,21.600000,0.000000,1,0,6530358,1308,0,1308,-29,0,8,100
7,720,21.600000,0.000000,1,0,6530369,1309,0,1309,-29,0,8,100
7,720,21.600000,0.000000,1,0,6530379,1310,0,1310,-29,0,8,100
7,720,21.600000,0.000000,1,0,6530390,1310,0,1310,-29,0,8,100
7,720,21.600000,0.000000,1,0,6530400,1310,0,1310,-29,0,8,100
7,720,21.600000,0.000000,1,0,6530411,1310,0,1310,-29,0,8,100
7,720,21.600000,0.000000,1,0,6530422,1309,0,1309,-29,0,8,100
7,720,21.600000,0.000000,1,0,6530432,1308,0,1308,-29,0,8,100
7,720,21.600000,0.000000,1,0,6530442,1308,0,1308,-29,0,8,100
7,720,21.600000,0.000000,1,0,6530453,1308,0,1308,-29,0,8,100
7,720,21.600000,0.000000,1,0,6530464,1308,0,1308,-29,0,8,100
7,720,21.600000,0.000000,1,0,6530474,1308,0,1308,-29,0,8,100
7,720,21.600000,0.000000,1,0,6530485,1308,0,1308,-29,0,8,100
7,720,21.600000,0.000000,1,0,6530495,1308,0,1308,-29,0,8,100
7,720,21.600000,0.000000,1,0,6530505,1308,0,1308,-29,0,8,100
7,720,21.600000,0.000000,1,0,6530515,1308,0,1308,-29,0,8,100
7,720,21.600000,0.000000,1,0,6530525,1308,0,1308,-29,0,8,100
7,720,21.600000,0.000000,1,0,6530535,1308,0,1308,-29,0,8,100
7,720,21.600000,0.000000,1,0,6530546,1308,0,1308,-29,0,8,100
7,720,21.600000,0.000000,1,0,6530556,1308,0,1308,-29,0,8,100
7,720,21.600000,0.000000,1,0,6530566,1308,0,1308,-29,0,8,100
7,720,21.600000,0.000000,1,0,6530576,1308,0,1308,-29,0,8,100
7,720,21.600000,0.000000,1,0,6530586,1308,0,1308,-29,0,8,100
7,720,21.600000,0.000000,1,0,6530596,1308,0,1308,-29,0,8,100
7,720,21.600000,0.000000,1,0,6530606,1308,0,1308,-29,0,8,100
7,720,21.600000,0.000000,1,0,6530617,1308,0,1308,-29,0,8,100
7,720,21.600000,0.000000,1,0,6530627,1308,0,1308,-29,0,8,100
7,720,21.600000,0.000000,1,0,6530637,1308,0,1308,-29,0,8,100
7,720,21.600000,0.000000,1,0,6530647,1308,0,1308,-29,0,8,100
7,720,21.600000,0.000000,1,0,6530657,1308,0,1308,-29,0,8,100
7,720,21.600000,0.000000,1,0,6530668,1310,0,1310,-29,0,8,100
7,720,21.600000,0.000000,1,0,6530678,1311,0,1311,-29,0,8,100
7,720,21.600000,0.000000,1,0,6530688,1314,0,1314,-30,0,8,100
7,720,21.600000,0.000000,1,0,6530699,1318,0,1318,-30,0,8,100
7,720,21.600000,0.000000,1,0,6530714,1322,0,1322,-30,0,8,100
7,720,21.600000,0.000000,1,0,6530725,1329,0,1329,-30,0,8,100
7,720,21.600000,0.000000,1,0,6530734,1330,0,1330,-31,0,8,100
7,720,21.600000,0.000000,1,0,6530745,1330,0,1330,-31,0,8,100
7,720,21.600000,0.000000,1,0,6530754,1330,0,1330,-31,0,8,100
7,720,21.600000,0.000000,1,0,6530765,1330,0,1330,-31,0,8,100
7,720,21.600000,0.000000,1,0,6530775,1330,0,1330,-31,0,8,100
7,720,21.600000,0.000000,1,0,6530784,1330,0,1330,-31,0,8,100
