7,720,82.800000,10000.000000,0,0,6550348,600,0,600,0,1,8,113
7,720,82.800000,10000.000000,0,0,6550349,600,0,600,0,1,8,113
7,720,82.800000,10000.000000,0,0,6550361,599,0,599,0,1,8,113
7,720,82.800000,10000.000000,0,0,6550371,598,0,598,0,1,8,113
7,720,82.800000,10000.000000,0,0,6550382,598,0,598,0,1,8,113
7,720,82.800000,10000.000000,0,0,6550392,598,0,598,0,1,8,113
7,720,82.800000,10000.000000,0,0,6550402,598,0,598,0,1,8,113
7,720,82.800000,10000.000000,0,0,6550412,598,0,598,0,1,8,113
7,720,82.800000,10000.000000,0,0,6550423,598,0,598,0,1,8,113
7,720,82.800000,10000.000000,0,0,6550435,605,0,605,0,1,8,113
7,720,82.800000,10000.000000,0,0,6550446,625,0,625,0,1,8,113
7,720,82.800000,10000.000000,0,0,6550457,659,0,659,0,1,8,113
7,720,82.800000,10000.000000,0,0,6550467,704,0,704,-1,1,8,113
7,720,82.800000,10000.000000,0,0,6550478,758,0,758,-2,1,8,113
7,720,82.800000,10000.000000,0,0,6550489,828,0,828,-3,1,8,113
7,720,82.800000,10000.000000,0,0,6550500,895,0,895,-4,1,8,113
7,720,82.800000,10000.000000,0,0,6550510,964,0,964,-4,1,8,113
7,720,82.800000,10000.000000,0,0,6550520,1019,0,1019,-4,1,8,113
7,720,82.800000,10000.000000,0,0,6550532,1077,0,1077,-4,1,8,113
7,720,82.800000,10000.000000,0,0,6550543,1119,0,1119,-4,1,8,113
7,720,82.800000,10000.000000,0,0,6550554,1147,0,1147,-4,1,8,113
7,720,82.800000,10000.000000,0,0,6550565,1165,0,1165,-4,1,8,113
7,720,82.800000,10000.000000,0,0,6550575,1178,0,1178,-4,1,8,113
7,720,82.800000,10000.000000,0,0,6550587,1184,0,1184,-4,1,8,113
7,720,82.800000,10000.000000,0,0,6550597,1189,0,1189,-4,1,8,113
7,720,82.800000,10000.000000,0,0,6550608,1192,0,1192,-4,1,8,113
7,720,82.800000,10000.000000,0,0,6550623,1195,0,1195,-4,1,8,113
7,720,82.800000,10000.000000,0,0,6550638,1199,0,1199,-4,1,8,113
7,720,82.800000,10000.000000,0,0,6550648,1203,0,1203,-4,1,8,113
7,720,82.800000,10000.000000,0,0,6550660,1206,0,1206,-4,1,8,113
7,720,82.800000,10000.000000,0,0,6550670,1210,0,1210,-4,1,8,113
7,720,82.800000,10000.000000,0,0,6550681,1213,0,1213,-4,1,8,113
7,720,82.800000,10000.000000,0,0,6550691,1217,0,1217,-4,1,8,113
7,720,82.800000,10000.000000,0,0,6550701,1222,0,1222,-4,1,8,113
7,720,82.800000,10000.000000,0,0,6550711,1226,0,1226,-4,1,8,113
7,720,82.800000,10000.000000,0,0,6550721,1227,0,1227,-4,1,8,113
7,720,82.800000,10000.000000,0,0,6550731,1227,0,1227,-4,1,8,113
7,720,82.800000,10000.000000,0,0,6550742,1227,0,1227,-4,1,8,113
7,720,82.800000,10000.000000,0,0,6550752,1227,0,1227,-4,1,8,113
7,720,82.800000,10000.000000,0,0,6550763,1227,0,1227,-4,1,8,113
7,720,82.800000,10000.000000,0,0,6550774,1227,0,1227,-4,1,8,113
7,720,82.800000,10000.000000,0,0,6550783,1229,0,1229,-4,1,8,113
7,720,82.800000,10000.000000,0,0,6550794,1233,0,1233,-4,1,8,113
7,720,82.800000,10000.000000,0,0,6550805,1237,0,1237,-4,1,8,113
7,720,82.800000,10000.000000,0,0,6550816,1244,0,1244,-4,1,8,113
7,720,82.800000,10000.000000,0,0,6550827,1252,0,1252,-4,1,8,113
7,720,82.800000,10000.000000,0,0,6550838,1263,0,1263,-4,1,8,113
7,720,82.800000,10000.000000,0,0,6550848,1272,0,1272,-4,1,8,113
7,720,82.800000,10000.000000,0,0,6550861,1281,0,1281,-4,1,8,113
7,720,82.800000,10000.000000,0,0,6550872,1288,0,1288,-4,1,8,113
7,720,82.800000,10000.000000,0,0,6550882,1296,0,1296,-4,1,8,113
7,720,82.800000,10000.000000,0,0,6550892,1301,0,1301,-4,1,8,113
7,720,82.800000,10000.000000,0,0,6550902,1305,0,1305,-4,1,8,113
7,720,82.800000,10000.000000,0,0,6550912,1305,0,1305,-4,1,8,113
7,720,82.800000,10000.000000,0,0,6550922,1305,0,1305,-4,1,8,113
7,720,82.800000,10000.000000,0,0,6550932,1305,0,1305,-4,1,8,113
7,720,82.800000,10000.000000,0,0,6550942,1306,0,1306,-4,1,8,113
7,720,82.800000,10000.000000,0,0,6550953,1306,0,1306,-4,1,8,113
7,720,82.800000,10000.000000,0,0,6550964,1307,0,1307,-4,1,8,113
7,720,82.800000,10000.000000,0,0,6550974,1308,0,1308,-4,1,8,113
7,720,82.800000,10000.000000,0,0,6550984,1308,0,1308,-4,1,8,113
7,720,82.800000,10000.000000,0,0,6550995,1308,0,1308,-4,1,8,113
7,720,82.800000,10000.000000,0,0,6551005,1308,0,1308,-4,1,8,113
7,720,82.800000,10000.000000,0,0,6551015,1308,0,1308,-4,0,8,113
