7,360,50.400000,12.276000,1,1,6429816,780,22,780,22,0,8,36
7,360,50.400000,12.276000,1,1,6429817,780,22,780,22,0,8,36
7,360,50.400000,12.276000,1,1,6429827,780,22,780,22,0,8,36
7,360,50.400000,12.276000,1,1,6429838,780,22,780,22,0,8,36
7,360,50.400000,12.276000,1,1,6429848,780,22,780,22,0,8,36
7,360,50.400000,12.276000,1,1,6429859,780,22,780,22,0,8,36
7,360,50.400000,12.276000,1,1,6429869,780,22,780,22,0,8,36
7,360,50.400000,12.276000,1,1,6429880,780,22,780,22,0,8,36
7,360,50.400000,12.276000,1,1,6429891,781,22,781,22,0,8,36
7,360,50.400000,12.276000,1,1,6429901,785,22,785,22,0,8,36
7,360,50.400000,12.276000,1,1,6429917,795,22,795,22,0,8,36
7,360,50.400000,12.276000,1,1,6429927,819,22,819,22,0,8,36
7,360,50.400000,12.276000,1,1,6429937,849,20,849,20,0,8,36
7,360,50.400000,12.276000,1,1,6429950,879,19,879,19,0,8,36
7,360,50.400000,12.276000,1,1,6429961,916,17,916,17,0,8,36
7,360,50.400000,12.276000,1,1,6429971,951,16,951,16,0,8,36
7,360,50.400000,12.276000,1,1,6429982,978,14,978,14,0,8,36
7,360,50.400000,12.276000,1,1,6429995,1005,13,1005,13,0,8,36
7,360,50.400000,12.276000,1,1,6430006,1022,13,1022,13,0,8,36
7,360,50.400000,12.276000,1,1,6430016,1036,12,1036,12,0,8,36
7,360,50.400000,12.276000,1,1,6430026,1048,12,1048,12,0,8,36
7,360,50.400000,12.276000,1,1,6430037,1056,12,1056,12,0,8,36
7,360,50.400000,12.276000,1,1,6430047,1062,12,1062,12,0,8,36
7,360,50.400000,12.276000,1,1,6430058,1069,12,1069,12,0,8,36
7,360,50.400000,12.276000,1,1,6430068,1075,12,1075,12,0,8,36
7,360,50.400000,12.276000,1,1,6430078,1080,11,1080,11,0,8,36
7,360,50.400000,12.276000,1,1,6430089,1084,11,1084,11,0,8,36
7,360,50.400000,12.276000,1,1,6430099,1086,11,1086,11,0,8,36
7,360,50.400000,12.276000,1,1,6430110,1088,11,1088,11,0,8,36
7,360,50.400000,12.276000,1,1,6430120,1089,11,1089,11,0,8,36
7,360,50.400000,12.276000,1,1,6430130,1090,11,1090,11,0,8,36
7,360,50.400000,12.276000,1,1,6430141,1090,11,1090,11,0,8,36
7,360,50.400000,12.276000,1,1,6430152,1091,11,1091,11,0,8,36
7,360,50.400000,12.276000,1,1,6430163,1093,11,1093,11,0,8,36
7,360,50.400000,12.276000,1,1,6430174,1097,11,1097,11,0,8,36
7,360,50.400000,12.276000,1,1,6430185,1102,11,1102,11,0,8,36
7,360,50.400000,12.276000,1,1,6430196,1107,11,1107,11,0,8,36
7,360,50.400000,12.276000,1,1,6430206,1110,11,1110,11,0,8,36
7,360,50.400000,12.276000,1,1,6430216,1110,11,1110,11,0,8,36
7,360,50.400000,12.276000,1,1,6430226,1110,11,1110,11,0,8,36
7,360,50.400000,12.276000,1,1,6430237,1110,11,1110,11,0,8,36
7,360,50.400000,12.276000,1,1,6430247,1110,11,1110,11,0,8,36
7,360,50.400000,12.276000,1,1,6430257,1110,11,1110,11,0,8,36
7,360,50.400000,12.276000,1,1,6430268,1110,11,1110,11,0,8,36
7,360,50.400000,12.276000,1,1,6430278,1110,11,1110,11,0,8,36
7,360,50.400000,12.276000,1,1,6430289,1111,11,1111,11,0,8,36
7,360,50.400000,12.276000,1,1,6430299,1111,11,1111,11,0,8,36
7,360,50.400000,12.276000,1,1,6430315,1113,11,1113,11,0,8,36
7,360,50.400000,12.276000,1,1,6430330,1119,11,1119,11,0,8,36
7,360,50.400000,12.276000,1,1,6430346,1127,12,1127,12,0,8,36
7,360,50.400000,12.276000,1,1,6430359,1132,12,1132,12,0,8,36
7,360,50.400000,12.276000,1,1,6430370,1134,12,1134,12,0,8,36
7,360,50.400000,12.276000,1,1,6430380,1136,12,1136,12,0,8,36
7,360,50.400000,12.276000,1,1,6430391,1136,12,1136,12,0,8,36
7,360,50.400000,12.276000,1,1,6430402,1136,12,1136,12,0,8,36
