7,720,21.600000,10000.000000,1,1,6618302,600,22,600,22,0,9,33
7,720,21.600000,10000.000000,1,1,6618303,600,22,600,22,0,9,33
7,720,21.600000,10000.000000,1,1,6618313,600,22,600,22,0,9,33
7,720,21.600000,10000.000000,1,1,6618323,599,22,599,22,0,9,33
7,720,21.600000,10000.000000,1,1,6618333,598,22,598,22,0,9,33
7,720,21.600000,10000.000000,1,1,6618343,597,22,597,22,0,9,33
7,720,21.600000,10000.000000,1,1,6618353,596,22,596,22,0,9,33
7,720,21.600000,10000.000000,1,1,6618365,596,22,596,22,0,9,33
7,720,21.600000,10000.000000,1,1,6618374,596,22,596,22,0,9,33
7,720,21.600000,10000.000000,1,1,6618385,596,22,596,22,0,9,33
7,720,21.600000,10000.000000,1,1,6618399,596,22,596,22,0,9,33
7,720,21.600000,10000.000000,1,1,6618414,601,22,601,22,0,9,33
7,720,21.600000,10000.000000,1,1,6618430,632,19,632,19,0,9,33
7,720,21.600000,10000.000000,1,1,6618441,702,15,702,15,0,9,33
7,720,21.600000,10000.000000,1,1,6618452,768,11,768,11,0,9,33
7,720,21.600000,10000.000000,1,1,6618463,838,7,838,7,0,9,33
7,720,21.600000,10000.000000,1,1,6618477,911,2,911,2,0,9,33
7,720,21.600000,10000.000000,1,1,6618492,1001,0,1001,-5,0,9,33
7,720,21.600000,10000.000000,1,1,6618503,1085,0,1085,-12,0,9,33
7,720,21.600000,10000.000000,1,1,6618516,1132,0,1132,-16,0,9,33
7,720,21.600000,10000.000000,1,1,6618527,1176,0,1176,-20,0,9,33
7,720,21.600000,10000.000000,1,1,6618541,1201,0,1201,-22,0,9,33
7,720,21.600000,10000.000000,1,1,6618551,1222,0,1222,-24,0,9,33
7,720,21.600000,10000.000000,1,1,6618563,1231,0,1231,-25,0,9,33
7,720,21.600000,10000.000000,1,1,6618574,1237,0,1237,-25,0,9,33
7,720,21.600000,10000.000000,1,1,6618583,1240,0,1240,-26,0,9,33
7,720,21.600000,10000.000000,1,1,6618593,1241,0,1241,-26,0,9,33
7,720,21.600000,10000.000000,1,1,6618604,1241,0,1241,-26,0,9,33
7,720,21.600000,10000.000000,1,1,6618615,1241,0,1241,-26,0,9,33
7,720,21.600000,10000.000000,1,1,6618625,1241,0,1241,-26,0,9,33
7,720,21.600000,10000.000000,1,1,6618635,1241,0,1241,-26,0,9,33
7,720,21.600000,10000.000000,1,1,6618649,1241,0,1241,-26,0,9,33
7,720,21.600000,10000.000000,1,1,6618660,1241,0,1241,-26,0,9,33
7,720,21.600000,10000.000000,1,1,6618670,1241,0,1241,-26,0,9,33
7,720,21.600000,10000.000000,1,1,6618679,1241,0,1241,-26,0,9,33
7,720,21.600000,10000.000000,1,1,6618689,1241,0,1241,-26,0,9,33
7,720,21.600000,10000.000000,1,1,6618699,1241,0,1241,-26,0,9,33
7,720,21.600000,10000.000000,1,1,6618709,1241,0,1241,-26,0,9,33
7,720,21.600000,10000.000000,1,1,6618719,1241,0,1241,-26,0,9,33
7,720,21.600000,10000.000000,1,1,6618729,1243,0,1243,-27,0,9,33
7,720,21.600000,10000.000000,1,1,6618739,1246,0,1246,-27,0,9,33
7,720,21.600000,10000.000000,1,1,6618751,1252,0,1252,-27,0,9,33
7,720,21.600000,10000.000000,1,1,6618762,1261,0,1261,-27,0,9,33
7,720,21.600000,10000.000000,1,1,6618773,1272,0,1272,-28,0,9,33
7,720,21.600000,10000.000000,1,1,6618784,1282,0,1282,-29,0,9,33
7,720,21.600000,10000.000000,1,1,6618795,1293,0,1293,-29,0,9,33
7,720,21.600000,10000.000000,1,1,6618810,1301,0,1301,-30,0,9,33
7,720,21.600000,10000.000000,1,1,6618820,1309,0,1309,-30,0,9,33
7,720,21.600000,10000.000000,1,1,6618830,1313,0,1313,-30,0,9,33
7,720,21.600000,10000.000000,1,1,6618840,1315,0,1315,-30,0,9,33
7,720,21.600000,10000.000000,1,1,6618850,1317,0,1317,-30,0,9,33
7,720,21.600000,10000.000000,1,1,6618861,1317,0,1317,-30,0,9,33
7,720,21.600000,10000.000000,1,1,6618871,1317,0,1317,-30,0,9,33
7,720,21.600000,10000.000000,1,1,6618880,1317,0,1317,-30,0,9,33
7,720,21.600000,10000.000000,1,1,6618890,1317,0,1317,-30,0,9,33
7,720,21.600000,10000.000000,1,1,6618904,1317,0,1317,-30,0,9,33
7,720,21.600000,10000.000000,1,1,6618920,1317,0,1317,-30,0,9,33
7,720,21.600000,10000.000000,1,1,6618931,1317,0,1317,-30,0,9,33
7,720,21.600000,10000.000000,1,1,6618941,1317,0,1317,-30,0,9,33
7,720,21.600000,10000.000000,1,1,6618952,1317,0,1317,-30,0,9,33
7,720,21.600000,10000.000000,1,1,6618967,1317,0,1317,-30,0,9,33
7,720,21.600000,10000.000000,1,1,6618978,1317,0,1317,-30,0,9,33
7,720,21.600000,10000.000000,1,1,6618987,1317,0,1317,-30,0,9,33
7,720,21.600000,10000.000000,1,1,6618997,1317,0,1317,-30,0,9,33
7,720,21.600000,10000.000000,1,1,6619006,1317,0,1317,-30,0,9,33
7,720,21.600000,10000.000000,1,1,6619016,1317,0,1317,-30,0,9,33
7,720,21.600000,10000.000000,1,1,6619026,1317,0,1317,-30,0,9,33
7,720,21.600000,10000.000000,1,1,6619036,1317,0,1317,-30,0,9,33
7,720,21.600000,10000.000000,1,1,6619046,1317,0,1317,-30,0,9,33
7,720,21.600000,10000.000000,1,1,6619056,1317,0,1317,-30,0,9,33
7,720,21.600000,10000.000000,1,1,6619066,1317,0,1317,-30,0,9,33
7,720,21.600000,10000.000000,1,1,6619075,1317,0,1317,-30,0,9,33
7,720,21.600000,10000.000000,1,1,6619085,1317,0,1317,-30,0,9,33
