7,720,82.800000,0.000000,1,0,6736018,600,0,600,0,0,9,100
7,720,82.800000,0.000000,1,0,6736019,600,0,600,0,0,9,100
7,720,82.800000,0.000000,1,0,6736029,600,0,600,0,0,9,100
7,720,82.800000,0.000000,1,0,6736039,600,0,600,0,0,9,100
7,720,82.800000,0.000000,1,0,6736050,600,0,600,0,0,9,100
7,720,82.800000,0.000000,1,0,6736060,600,0,600,0,0,9,100
7,720,82.800000,0.000000,1,0,6736070,600,0,600,0,0,9,100
7,720,82.800000,0.000000,1,0,6736082,600,0,600,0,0,9,100
7,720,82.800000,0.000000,1,0,6736092,602,0,602,0,0,9,100
7,720,82.800000,0.000000,1,0,6736104,608,0,608,0,0,9,100
7,720,82.800000,0.000000,1,0,6736115,621,0,621,-1,0,9,100
7,720,82.800000,0.000000,1,0,6736126,643,0,643,-2,0,9,100
7,720,82.800000,0.000000,1,0,6736138,673,0,673,-3,0,9,100
7,720,82.800000,0.000000,1,0,6736150,714,0,714,-4,0,9,100
7,720,82.800000,0.000000,1,0,6736161,764,0,764,-6,0,9,100
7,720,82.800000,0.000000,1,0,6736172,805,0,805,-8,0,9,100
7,720,82.800000,0.000000,1,0,6736182,849,0,849,-9,0,9,100
7,720,82.800000,0.000000,1,0,6736192,890,0,890,-10,0,9,100
7,720,82.800000,0.000000,1,0,6736203,920,0,920,-11,0,9,100
7,720,82.800000,0.000000,1,0,6736214,949,0,949,-11,0,9,100
7,720,82.800000,0.000000,1,0,6736224,977,0,977,-11,0,9,100
7,720,82.800000,0.000000,1,0,6736235,1000,0,1000,-12,0,9,100
7,720,82.800000,0.000000,1,0,6736245,1019,0,1019,-12,0,9,100
7,720,82.800000,0.000000,1,0,6736256,1034,0,1034,-12,0,9,100
7,720,82.800000,0.000000,1,0,6736267,1050,0,1050,-12,0,9,100
7,720,82.800000,0.000000,1,0,6736278,1061,0,1061,-12,0,9,100
7,720,82.800000,0.000000,1,0,6736289,1069,0,1069,-12,0,9,100
7,720,82.800000,0.000000,1,0,6736299,1077,0,1077,-12,0,9,100
7,720,82.800000,0.000000,1,0,6736310,1085,0,1085,-12,0,9,100
7,720,82.800000,0.000000,1,0,6736320,1093,0,1093,-12,0,9,100
7,720,82.800000,0.000000,1,0,6736331,1101,0,1101,-12,0,9,100
7,720,82.800000,0.000000,1,0,6736341,1110,0,1110,-12,0,9,100
7,720,82.800000,0.000000,1,0,6736352,1116,0,1116,-12,0,9,100
7,720,82.800000,0.000000,1,0,6736363,1120,0,1120,-12,0,9,100
7,720,82.800000,0.000000,1,0,6736374,1122,0,1122,-12,0,9,100
7,720,82.800000,0.000000,1,0,6736384,1123,0,1123,-12,0,9,100
7,720,82.800000,0.000000,1,0,6736394,1123,0,1123,-12,0,9,100
7,720,82.800000,0.000000,1,0,6736404,1123,0,1123,-12,0,9,100
7,720,82.800000,0.000000,1,0,6736414,1125,0,1125,-12,0,9,100
7,720,82.800000,0.000000,1,0,6736425,1127,0,1127,-12,0,9,100
7,720,82.800000,0.000000,1,0,6736436,1130,0,1130,-12,0,9,100
7,720,82.800000,0.000000,1,0,6736446,1135,0,1135,-12,0,9,100
7,720,82.800000,0.000000,1,0,6736456,1141,0,1141,-12,0,9,100
7,720,82.800000,0.000000,1,0,6736467,1151,0,1151,-12,0,9,100
7,720,82.800000,0.000000,1,0,6736478,1165,0,1165,-12,0,9,100
7,720,82.800000,0.000000,1,0,6736489,1180,0,1180,-12,0,9,100
7,720,82.800000,0.000000,1,0,6736500,1198,0,1198,-12,0,9,100
7,720,82.800000,0.000000,1,0,6736511,1214,0,1214,-12,0,9,100
7,720,82.800000,0.000000,1,0,6736522,1234,0,1234,-12,0,9,100
7,720,82.800000,0.000000,1,0,6736534,1248,0,1248,-12,0,9,100
7,720,82.800000,0.000000,1,0,6736545,1259,0,1259,-12,0,9,100
7,720,82.800000,0.000000,1,0,6736556,1265,0,1265,-12,0,9,100
7,720,82.800000,0.000000,1,0,6736566,1271,0,1271,-12,0,9,100
7,720,82.800000,0.000000,1,0,6736576,1273,0,1273,-12,0,9,100
7,720,82.800000,0.000000,1,0,6736586,1274,0,1274,-12,0,9,100
7,720,82.800000,0.000000,1,0,6736596,1274,0,1274,-12,0,9,100
7,720,82.800000,0.000000,1,0,6736607,1274,0,1274,-12,0,9,100
7,720,82.800000,0.000000,1,0,6736616,1274,0,1274,-12,0,9,100
7,720,82.800000,0.000000,1,0,6736626,1274,0,1274,-12,0,9,100
7,720,82.800000,0.000000,1,0,6736636,1274,0,1274,-12,0,9,100
7,720,82.800000,0.000000,1,0,6736646,1274,0,1274,-12,0,9,100
7,720,82.800000,0.000000,1,0,6736656,1274,0,1274,-12,0,9,100
7,720,82.800000,0.000000,1,0,6736666,1274,0,1274,-12,0,9,100
7,720,82.800000,0.000000,1,0,6736676,1274,0,1274,-12,1,9,100
