7,720,50.400000,42.984000,1,0,6632159,600,0,600,0,0,9,40
7,720,50.400000,42.984000,1,0,6632159,600,0,600,0,0,9,40
7,720,50.400000,42.984000,1,0,6632170,600,0,600,0,0,9,40
7,720,50.400000,42.984000,1,0,6632180,600,0,600,0,0,9,40
7,720,50.400000,42.984000,1,0,6632190,600,0,600,0,0,9,40
7,720,50.400000,42.984000,1,0,6632200,600,0,600,0,0,9,40
7,720,50.400000,42.984000,1,0,6632211,600,0,600,0,0,9,40
7,720,50.400000,42.984000,1,0,6632221,600,0,600,0,0,9,40
7,720,50.400000,42.984000,1,0,6632234,600,0,600,0,0,9,40
7,720,50.400000,42.984000,1,0,6632245,606,0,606,0,0,9,40
7,720,50.400000,42.984000,1,0,6632255,626,2,626,2,0,9,40
7,720,50.400000,42.984000,1,0,6632267,659,2,659,2,0,9,40
7,720,50.400000,42.984000,1,0,6632277,716,2,716,2,0,9,40
7,720,50.400000,42.984000,1,0,6632287,778,3,778,3,0,9,40
7,720,50.400000,42.984000,1,0,6632298,860,3,860,3,0,9,40
7,720,50.400000,42.984000,1,0,6632309,934,1,934,1,0,9,40
7,720,50.400000,42.984000,1,0,6632320,1007,0,1007,-2,0,9,40
7,720,50.400000,42.984000,1,0,6632332,1066,0,1066,-5,0,9,40
7,720,50.400000,42.984000,1,0,6632343,1121,0,1121,-6,0,9,40
7,720,50.400000,42.984000,1,0,6632354,1162,0,1162,-7,0,9,40
7,720,50.400000,42.984000,1,0,6632365,1193,0,1193,-8,0,9,40
7,720,50.400000,42.984000,1,0,6632376,1211,0,1211,-9,0,9,40
7,720,50.400000,42.984000,1,0,6632387,1227,0,1227,-9,0,9,40
7,720,50.400000,42.984000,1,0,6632398,1240,0,1240,-10,0,9,40
7,720,50.400000,42.984000,1,0,6632409,1250,0,1250,-11,0,9,40
7,720,50.400000,42.984000,1,0,6632419,1259,0,1259,-11,0,9,40
7,720,50.400000,42.984000,1,0,6632430,1268,0,1268,-11,0,9,40
7,720,50.400000,42.984000,1,0,6632441,1278,0,1278,-11,0,9,40
7,720,50.400000,42.984000,1,0,6632451,1288,0,1288,-11,0,9,40
7,720,50.400000,42.984000,1,0,6632463,1295,0,1295,-11,0,9,40
7,720,50.400000,42.984000,1,0,6632473,1299,0,1299,-11,0,9,40
7,720,50.400000,42.984000,1,0,6632483,1300,0,1300,-11,0,9,40
7,720,50.400000,42.984000,1,0,6632494,1300,0,1300,-11,0,9,40
7,720,50.400000,42.984000,1,0,6632505,1300,0,1300,-11,0,9,40
7,720,50.400000,42.984000,1,0,6632516,1300,0,1300,-11,0,9,40
7,720,50.400000,42.984000,1,0,6632526,1303,0,1303,-11,0,9,40
7,720,50.400000,42.984000,1,0,6632537,1306,0,1306,-11,0,9,40
7,720,50.400000,42.984000,1,0,6632549,1310,0,1310,-11,0,9,40
7,720,50.400000,42.984000,1,0,6632559,1312,0,1312,-11,0,9,40
7,720,50.400000,42.984000,1,0,6632569,1312,0,1312,-11,0,9,40
7,720,50.400000,42.984000,1,0,6632580,1312,0,1312,-11,0,9,40
7,720,50.400000,42.984000,1,0,6632590,1312,0,1312,-11,0,9,40
7,720,50.400000,42.984000,1,0,6632601,1312,0,1312,-11,0,9,40
7,720,50.400000,42.984000,1,0,6632611,1312,0,1312,-11,0,9,40
7,720,50.400000,42.984000,1,0,6632622,1312,0,1312,-11,0,9,40
7,720,50.400000,42.984000,1,0,6632633,1312,0,1312,-11,0,9,40
7,720,50.400000,42.984000,1,0,6632643,1312,0,1312,-11,0,9,40
7,720,50.400000,42.984000,1,0,6632653,1312,0,1312,-11,0,9,40
7,720,50.400000,42.984000,1,0,6632663,1312,0,1312,-11,0,9,40
7,720,50.400000,42.984000,1,0,6632674,1312,0,1312,-11,0,9,40
7,720,50.400000,42.984000,1,0,6632684,1312,0,1312,-11,0,9,40
