7,720,82.800000,10000.000000,0,1,6576913,600,22,600,22,0,9,7
7,720,82.800000,10000.000000,0,1,6576914,600,22,600,22,0,9,7
7,720,82.800000,10000.000000,0,1,6576924,600,22,600,22,0,9,7
7,720,82.800000,10000.000000,0,1,6576934,600,22,600,22,0,9,7
7,720,82.800000,10000.000000,0,1,6576945,600,22,600,22,0,9,7
7,720,82.800000,10000.000000,0,1,6576955,600,22,600,22,0,9,7
7,720,82.800000,10000.000000,0,1,6576966,600,22,600,22,0,9,7
7,720,82.800000,10000.000000,0,1,6576977,600,22,600,22,0,9,7
7,720,82.800000,10000.000000,0,1,6576987,600,22,600,22,0,9,7
7,720,82.800000,10000.000000,0,1,6576998,600,22,600,22,0,9,7
7,720,82.800000,10000.000000,0,1,6577010,603,22,603,22,0,9,7
7,720,82.800000,10000.000000,0,1,6577020,613,22,613,22,0,9,7
7,720,82.800000,10000.000000,0,1,6577035,632,22,632,22,0,9,7
7,720,82.800000,10000.000000,0,1,6577045,669,22,669,22,0,9,7
7,720,82.800000,10000.000000,0,1,6577056,709,22,709,22,0,9,7
7,720,82.800000,10000.000000,0,1,6577067,753,21,753,21,0,9,7
7,720,82.800000,10000.000000,0,1,6577078,812,19,812,19,0,9,7
7,720,82.800000,10000.000000,0,1,6577089,870,18,870,18,0,9,7
7,720,82.800000,10000.000000,0,1,6577099,934,17,934,17,0,9,7
7,720,82.800000,10000.000000,0,1,6577110,986,16,986,16,0,9,7
7,720,82.800000,10000.000000,0,1,6577120,1051,15,1051,15,0,9,7
7,720,82.800000,10000.000000,0,1,6577131,1102,14,1102,14,0,9,7
7,720,82.800000,10000.000000,0,1,6577141,1143,14,1143,14,0,9,7
7,720,82.800000,10000.000000,0,1,6577153,1181,14,1181,14,0,9,7
7,720,82.800000,10000.000000,0,1,6577164,1210,13,1210,13,0,9,7
7,720,82.800000,10000.000000,0,1,6577175,1229,13,1229,13,0,9,7
7,720,82.800000,10000.000000,0,1,6577186,1246,13,1246,13,0,9,7
7,720,82.800000,10000.000000,0,1,6577196,1256,13,1256,13,0,9,7
7,720,82.800000,10000.000000,0,1,6577207,1262,13,1262,13,0,9,7
7,720,82.800000,10000.000000,0,1,6577217,1265,13,1265,13,0,9,7
7,720,82.800000,10000.000000,0,1,6577227,1266,13,1266,13,0,9,7
7,720,82.800000,10000.000000,0,1,6577237,1267,13,1267,13,0,9,7
7,720,82.800000,10000.000000,0,1,6577247,1267,13,1267,13,0,9,7
7,720,82.800000,10000.000000,0,1,6577257,1267,13,1267,13,0,9,7
7,720,82.800000,10000.000000,0,1,6577268,1267,13,1267,13,0,9,7
7,720,82.800000,10000.000000,0,1,6577278,1267,13,1267,13,0,9,7
7,720,82.800000,10000.000000,0,1,6577290,1269,14,1269,14,0,9,7
7,720,82.800000,10000.000000,0,1,6577304,1272,14,1272,14,0,9,7
7,720,82.800000,10000.000000,0,1,6577314,1277,15,1277,15,0,9,7
7,720,82.800000,10000.000000,0,1,6577325,1280,15,1280,15,0,9,7
7,720,82.800000,10000.000000,0,1,6577336,1283,15,1283,15,0,9,7
7,720,82.800000,10000.000000,0,1,6577346,1285,15,1285,15,0,9,7
7,720,82.800000,10000.000000,0,1,6577356,1287,15,1287,15,0,9,7
7,720,82.800000,10000.000000,0,1,6577367,1287,15,1287,15,0,9,7
7,720,82.800000,10000.000000,0,1,6577382,1287,15,1287,15,0,9,7
7,720,82.800000,10000.000000,0,1,6577392,1287,15,1287,15,0,9,7
7,720,82.800000,10000.000000,0,1,6577401,1288,15,1288,15,0,9,7
7,720,82.800000,10000.000000,0,1,6577412,1289,15,1289,15,0,9,7
7,720,82.800000,10000.000000,0,1,6577422,1291,15,1291,15,0,9,7
7,720,82.800000,10000.000000,0,1,6577432,1294,15,1294,15,0,9,7
7,720,82.800000,10000.000000,0,1,6577444,1298,15,1298,15,0,9,7
7,720,82.800000,10000.000000,0,1,6577455,1304,13,1304,13,0,9,7
7,720,82.800000,10000.000000,0,1,6577467,1310,12,1310,12,0,9,7
7,720,82.800000,10000.000000,0,1,6577478,1315,11,1315,11,0,9,7
7,720,82.800000,10000.000000,0,1,6577488,1319,10,1319,10,0,9,7
7,720,82.800000,10000.000000,0,1,6577499,1320,10,1320,10,0,9,7
7,720,82.800000,10000.000000,0,1,6577510,1320,9,1320,9,0,9,7
7,720,82.800000,10000.000000,0,1,6577522,1320,9,1320,9,0,9,7
7,720,82.800000,10000.000000,0,1,6577532,1320,9,1320,9,0,9,7
