7,360,21.600000,0.000000,1,1,6654059,780,22,780,22,0,9,53
7,360,21.600000,0.000000,1,1,6654060,780,22,780,22,0,9,53
7,360,21.600000,0.000000,1,1,6654071,780,22,780,22,0,9,53
7,360,21.600000,0.000000,1,1,6654081,780,22,780,22,0,9,53
7,360,21.600000,0.000000,1,1,6654091,780,22,780,22,0,9,53
7,360,21.600000,0.000000,1,1,6654101,780,22,780,22,0,9,53
7,360,21.600000,0.000000,1,1,6654111,780,22,780,22,0,9,53
7,360,21.600000,0.000000,1,1,6654121,780,22,780,22,0,9,53
7,360,21.600000,0.000000,1,1,6654131,780,22,780,22,0,9,53
7,360,21.600000,0.000000,1,1,6654143,783,22,783,22,0,9,53
7,360,21.600000,0.000000,1,1,6654153,793,20,793,20,0,9,53
7,360,21.600000,0.000000,1,1,6654164,813,17,813,17,0,9,53
7,360,21.600000,0.000000,1,1,6654174,845,14,845,14,0,9,53
7,360,21.600000,0.000000,1,1,6654185,889,10,889,10,0,9,53
7,360,21.600000,0.000000,1,1,6654197,958,5,958,5,0,9,53
7,360,21.600000,0.000000,1,1,6654211,1029,2,1029,2,0,9,53
7,360,21.600000,0.000000,1,1,6654226,1115,1,1115,1,0,9,53
7,360,21.600000,0.000000,1,1,6654237,1172,0,1172,0,0,9,53
7,360,21.600000,0.000000,1,1,6654247,1196,0,1196,0,0,9,53
7,360,21.600000,0.000000,1,1,6654258,1211,0,1211,0,0,9,53
7,360,21.600000,0.000000,1,1,6654268,1217,0,1217,0,0,9,53
7,360,21.600000,0.000000,1,1,6654279,1217,0,1217,-1,0,9,53
7,360,21.600000,0.000000,1,1,6654289,1217,0,1217,-1,0,9,53
7,360,21.600000,0.000000,1,1,6654304,1217,0,1217,-1,0,9,53
7,360,21.600000,0.000000,1,1,6654314,1215,0,1215,-1,0,9,53
7,360,21.600000,0.000000,1,1,6654325,1215,0,1215,-1,0,9,53
7,360,21.600000,0.000000,1,1,6654335,1215,0,1215,-1,0,9,53
7,360,21.600000,0.000000,1,1,6654345,1215,0,1215,-1,0,9,53
7,360,21.600000,0.000000,1,1,6654355,1215,0,1215,-1,0,9,53
7,360,21.600000,0.000000,1,1,6654368,1215,0,1215,-1,0,9,53
7,360,21.600000,0.000000,1,1,6654378,1215,0,1215,-1,0,9,53
7,360,21.600000,0.000000,1,1,6654388,1215,0,1215,-1,0,9,53
7,360,21.600000,0.000000,1,1,6654398,1215,0,1215,-1,0,9,53
7,360,21.600000,0.000000,1,1,6654407,1215,0,1215,-1,0,9,53
7,360,21.600000,0.000000,1,1,6654418,1215,0,1215,-1,0,9,53
7,360,21.600000,0.000000,1,1,6654428,1215,0,1215,-1,0,9,53
7,360,21.600000,0.000000,1,1,6654438,1215,0,1215,-1,0,9,53
7,360,21.600000,0.000000,1,1,6654447,1215,0,1215,-1,0,9,53
7,360,21.600000,0.000000,1,1,6654458,1216,0,1216,-2,0,9,53
7,360,21.600000,0.000000,1,1,6654467,1217,0,1217,-3,0,9,53
7,360,21.600000,0.000000,1,1,6654478,1220,0,1220,-3,0,9,53
7,360,21.600000,0.000000,1,1,6654488,1223,0,1223,-3,0,9,53
7,360,21.600000,0.000000,1,1,6654500,1225,0,1225,-4,0,9,53
7,360,21.600000,0.000000,1,1,6654510,1228,0,1228,-5,0,9,53
7,360,21.600000,0.000000,1,1,6654520,1230,0,1230,-5,0,9,53
7,360,21.600000,0.000000,1,1,6654530,1230,0,1230,-5,0,9,53
7,360,21.600000,0.000000,1,1,6654540,1230,0,1230,-5,0,9,53
7,360,21.600000,0.000000,1,1,6654550,1230,0,1230,-5,0,9,53
7,360,21.600000,0.000000,1,1,6654560,1229,0,1229,-5,0,9,53
7,360,21.600000,0.000000,1,1,6654570,1226,0,1226,-5,0,9,53
7,360,21.600000,0.000000,1,1,6654580,1223,0,1223,-5,0,9,53
7,360,21.600000,0.000000,1,1,6654591,1218,0,1218,-5,0,9,53
7,360,21.600000,0.000000,1,1,6654602,1212,1,1212,-4,0,9,53
7,360,21.600000,0.000000,1,1,6654613,1206,1,1206,-4,0,9,53
7,360,21.600000,0.000000,1,1,6654623,1201,1,1201,-4,0,9,53
7,360,21.600000,0.000000,1,1,6654637,1196,1,1196,-4,0,9,53
7,360,21.600000,0.000000,1,1,6654647,1191,1,1191,-4,0,9,53
7,360,21.600000,0.000000,1,1,6654658,1189,1,1189,-4,0,9,53
7,360,21.600000,0.000000,1,1,6654668,1187,1,1187,-4,0,9,53
7,360,21.600000,0.000000,1,1,6654679,1185,1,1185,-4,0,9,53
7,360,21.600000,0.000000,1,1,6654689,1182,1,1182,-4,0,9,53
7,360,21.600000,0.000000,1,1,6654700,1178,1,1178,-4,0,9,53
7,360,21.600000,0.000000,1,1,6654710,1175,1,1175,-4,0,9,53
7,360,21.600000,0.000000,1,1,6654721,1171,1,1171,-4,0,9,53
7,360,21.600000,0.000000,1,1,6654731,1168,1,1168,-4,0,9,53
7,360,21.600000,0.000000,1,1,6654741,1166,1,1166,-4,0,9,53
7,360,21.600000,0.000000,1,1,6654752,1165,1,1165,-4,0,9,53
7,360,21.600000,0.000000,1,1,6654763,1165,1,1165,-4,0,9,53
7,360,21.600000,0.000000,1,1,6654773,1165,1,1165,-4,0,9,53
7,360,21.600000,0.000000,1,1,6654784,1164,1,1164,-4,0,9,53
7,360,21.600000,0.000000,1,1,6654793,1162,1,1162,-4,0,9,53
7,360,21.600000,0.000000,1,1,6654803,1161,1,1161,-4,0,9,53
7,360,21.600000,0.000000,1,1,6654813,1159,1,1159,-4,0,9,53
7,360,21.600000,0.000000,1,1,6654822,1158,1,1158,-4,0,9,53
7,360,21.600000,0.000000,1,1,6654833,1158,1,1158,-4,0,9,53
7,360,21.600000,0.000000,1,1,6654843,1158,1,1158,-4,0,9,53
7,360,21.600000,0.000000,1,1,6654853,1158,1,1158,-4,0,9,53
7,360,21.600000,0.000000,1,1,6654863,1158,1,1158,-4,0,9,53
7,360,21.600000,0.000000,1,1,6654873,1158,1,1158,-4,0,9,53
7,360,21.600000,0.000000,1,1,6654882,1158,1,1158,-4,0,9,53
7,360,21.600000,0.000000,1,1,6654892,1158,1,1158,-4,0,9,53
7,360,21.600000,0.000000,1,1,6654902,1158,1,1158,-4,0,9,53
7,360,21.600000,0.000000,1,1,6654912,1157,1,1157,-4,0,9,53
7,360,21.600000,0.000000,1,1,6654921,1156,1,1156,-4,0,9,53
7,360,21.600000,0.000000,1,1,6654931,1155,1,1155,-4,0,9,53
7,360,21.600000,0.000000,1,1,6654941,1152,2,1152,-3,0,9,53
7,360,21.600000,0.000000,1,1,6654956,1149,2,1149,-3,0,9,53
7,360,21.600000,0.000000,1,1,6654966,1144,2,1144,-3,0,9,53
7,360,21.600000,0.000000,1,1,6654975,1141,3,1141,-2,0,9,53
7,360,21.600000,0.000000,1,1,6654985,1140,3,1140,-2,0,9,53
7,360,21.600000,0.000000,1,1,6654995,1139,3,1139,-2,0,9,53
7,360,21.600000,0.000000,1,1,6655005,1139,3,1139,-2,0,9,53
7,360,21.600000,0.000000,1,1,6655015,1139,3,1139,-2,0,9,53
7,360,21.600000,0.000000,1,1,6655026,1139,3,1139,-2,0,9,53
7,360,21.600000,0.000000,1,1,6655036,1139,3,1139,-2,0,9,53
7,360,21.600000,0.000000,1,1,6655046,1139,3,1139,-2,0,9,53
7,360,21.600000,0.000000,1,1,6655056,1139,3,1139,-2,0,9,53
7,360,21.600000,0.000000,1,1,6655066,1139,3,1139,-2,0,9,53
7,360,21.600000,0.000000,1,1,6655078,1138,4,1138,-1,0,9,53
7,360,21.600000,0.000000,1,1,6655088,1137,4,1137,-1,0,9,53
7,360,21.600000,0.000000,1,1,6655098,1136,4,1136,-1,0,9,53
7,360,21.600000,0.000000,1,1,6655108,1135,5,1135,0,0,9,53
7,360,21.600000,0.000000,1,1,6655118,1134,5,1134,0,0,9,53
7,360,21.600000,0.000000,1,1,6655128,1131,5,1131,0,0,9,53
7,360,21.600000,0.000000,1,1,6655139,1128,5,1128,0,0,9,53
7,360,21.600000,0.000000,1,1,6655149,1125,5,1125,0,0,9,53
7,360,21.600000,0.000000,1,1,6655159,1122,6,1122,1,0,9,53
7,360,21.600000,0.000000,1,1,6655169,1119,7,1119,2,0,9,53
7,360,21.600000,0.000000,1,1,6655179,1117,7,1117,2,0,9,53
7,360,21.600000,0.000000,1,1,6655194,1117,7,1117,2,0,9,53
7,360,21.600000,0.000000,1,1,6655204,1117,7,1117,2,0,9,53
7,360,21.600000,0.000000,1,1,6655214,1117,7,1117,2,0,9,53
7,360,21.600000,0.000000,1,1,6655224,1117,7,1117,2,0,9,53
7,360,21.600000,0.000000,1,1,6655234,1117,7,1117,2,0,9,53
7,360,21.600000,0.000000,1,1,6655244,1119,7,1119,2,0,9,53
7,360,21.600000,0.000000,1,1,6655255,1120,7,1120,2,0,9,53
7,360,21.600000,0.000000,1,1,6655265,1121,7,1121,2,0,9,53
7,360,21.600000,0.000000,1,1,6655276,1123,7,1123,2,0,9,53
7,360,21.600000,0.000000,1,1,6655290,1125,7,1125,2,0,9,53
7,360,21.600000,0.000000,1,1,6655305,1128,6,1128,1,0,9,53
7,360,21.600000,0.000000,1,1,6655321,1131,6,1131,1,0,9,53
7,360,21.600000,0.000000,1,1,6655331,1133,6,1133,1,0,9,53
7,360,21.600000,0.000000,1,1,6655341,1134,6,1134,1,0,9,53
7,360,21.600000,0.000000,1,1,6655352,1135,5,1135,0,0,9,53
7,360,21.600000,0.000000,1,1,6655363,1135,5,1135,0,0,9,53
7,360,21.600000,0.000000,1,1,6655373,1136,5,1136,0,0,9,53
7,360,21.600000,0.000000,1,1,6655383,1136,5,1136,0,0,9,53
7,360,21.600000,0.000000,1,1,6655393,1136,5,1136,0,0,9,53
7,360,21.600000,0.000000,1,1,6655404,1136,5,1136,0,0,9,53
7,360,21.600000,0.000000,1,1,6655415,1136,5,1136,0,0,9,53
7,360,21.600000,0.000000,1,1,6655425,1136,5,1136,0,0,9,53
7,360,21.600000,0.000000,1,1,6655435,1136,5,1136,0,0,9,53
7,360,21.600000,0.000000,1,1,6655445,1136,5,1136,0,0,9,53
7,360,21.600000,0.000000,1,1,6655456,1136,5,1136,0,0,9,53
7,360,21.600000,0.000000,1,1,6655465,1136,5,1136,0,0,9,53
