7,720,82.800000,42.984000,1,0,6769732,600,0,600,0,0,9,118
7,720,82.800000,42.984000,1,0,6769733,600,0,600,0,0,9,118
7,720,82.800000,42.984000,1,0,6769743,600,0,600,0,0,9,118
7,720,82.800000,42.984000,1,0,6769753,600,0,600,0,0,9,118
7,720,82.800000,42.984000,1,0,6769764,600,0,600,0,0,9,118
7,720,82.800000,42.984000,1,0,6769775,600,0,600,0,0,9,118
7,720,82.800000,42.984000,1,0,6769785,600,0,600,0,0,9,118
7,720,82.800000,42.984000,1,0,6769796,600,0,600,0,0,9,118
7,720,82.800000,42.984000,1,0,6769806,600,0,600,0,0,9,118
7,720,82.800000,42.984000,1,0,6769817,600,0,600,0,0,9,118
7,720,82.800000,42.984000,1,0,6769827,600,0,600,0,0,9,118
7,720,82.800000,42.984000,1,0,6769838,601,0,601,0,0,9,118
7,720,82.800000,42.984000,1,0,6769849,606,0,606,0,0,9,118
7,720,82.800000,42.984000,1,0,6769860,615,0,615,0,0,9,118
7,720,82.800000,42.984000,1,0,6769870,632,0,632,0,0,9,118
7,720,82.800000,42.984000,1,0,6769880,657,0,657,0,0,9,118
7,720,82.800000,42.984000,1,0,6769892,693,0,693,-1,0,9,118
7,720,82.800000,42.984000,1,0,6769903,746,0,746,-6,0,9,118
7,720,82.800000,42.984000,1,0,6769913,805,0,805,-12,0,9,118
7,720,82.800000,42.984000,1,0,6769924,857,0,857,-18,0,9,118
7,720,82.800000,42.984000,1,0,6769934,909,0,909,-22,0,9,118
7,720,82.800000,42.984000,1,0,6769944,950,0,950,-26,0,9,118
7,720,82.800000,42.984000,1,0,6769955,991,0,991,-28,0,9,118
7,720,82.800000,42.984000,1,0,6769965,1019,0,1019,-30,0,9,118
7,720,82.800000,42.984000,1,0,6769976,1039,0,1039,-31,0,9,118
7,720,82.800000,42.984000,1,0,6769986,1058,0,1058,-32,0,9,118
7,720,82.800000,42.984000,1,0,6770001,1070,0,1070,-33,0,9,118
7,720,82.800000,42.984000,1,0,6770011,1085,0,1085,-34,0,9,118
7,720,82.800000,42.984000,1,0,6770022,1091,0,1091,-34,0,9,118
7,720,82.800000,42.984000,1,0,6770032,1098,0,1098,-34,0,9,118
7,720,82.800000,42.984000,1,0,6770043,1104,0,1104,-35,0,9,118
7,720,82.800000,42.984000,1,0,6770053,1110,0,1110,-35,0,9,118
7,720,82.800000,42.984000,1,0,6770064,1114,0,1114,-35,0,9,118
7,720,82.800000,42.984000,1,0,6770076,1119,0,1119,-36,0,9,118
7,720,82.800000,42.984000,1,0,6770086,1127,0,1127,-36,0,9,118
7,720,82.800000,42.984000,1,0,6770096,1133,0,1133,-37,0,9,118
7,720,82.800000,42.984000,1,0,6770108,1140,0,1140,-38,0,9,118
7,720,82.800000,42.984000,1,0,6770118,1147,0,1147,-38,0,9,118
7,720,82.800000,42.984000,1,0,6770129,1152,0,1152,-39,0,9,118
7,720,82.800000,42.984000,1,0,6770139,1157,0,1157,-39,0,9,118
7,720,82.800000,42.984000,1,0,6770150,1159,0,1159,-40,0,9,118
7,720,82.800000,42.984000,1,0,6770159,1162,0,1162,-40,0,9,118
7,720,82.800000,42.984000,1,0,6770169,1165,0,1165,-40,0,9,118
7,720,82.800000,42.984000,1,0,6770179,1169,0,1169,-41,0,9,118
7,720,82.800000,42.984000,1,0,6770189,1174,0,1174,-41,0,9,118
7,720,82.800000,42.984000,1,0,6770200,1180,0,1180,-42,0,9,118
7,720,82.800000,42.984000,1,0,6770210,1188,0,1188,-42,0,9,118
7,720,82.800000,42.984000,1,0,6770220,1197,0,1197,-42,0,9,118
7,720,82.800000,42.984000,1,0,6770230,1205,0,1205,-43,0,9,118
7,720,82.800000,42.984000,1,0,6770241,1212,0,1212,-43,0,9,118
7,720,82.800000,42.984000,1,0,6770256,1219,0,1219,-43,0,9,118
7,720,82.800000,42.984000,1,0,6770266,1236,0,1236,-44,0,9,118
7,720,82.800000,42.984000,1,0,6770275,1240,0,1240,-44,0,9,118
7,720,82.800000,42.984000,1,0,6770285,1243,0,1243,-44,0,9,118
7,720,82.800000,42.984000,1,0,6770295,1245,0,1245,-45,0,9,118
7,720,82.800000,42.984000,1,0,6770304,1245,0,1245,-45,0,9,118
7,720,82.800000,42.984000,1,0,6770315,1246,0,1246,-45,0,9,118
7,720,82.800000,42.984000,1,0,6770325,1246,0,1246,-45,0,9,118
7,720,82.800000,42.984000,1,0,6770335,1246,0,1246,-45,0,9,118
7,720,82.800000,42.984000,1,0,6770345,1246,0,1246,-45,0,9,118
7,720,82.800000,42.984000,1,0,6770356,1247,0,1247,-45,0,9,118
7,720,82.800000,42.984000,1,0,6770366,1251,0,1251,-45,0,9,118
7,720,82.800000,42.984000,1,0,6770376,1256,0,1256,-45,0,9,118
7,720,82.800000,42.984000,1,0,6770386,1262,0,1262,-45,0,9,118
7,720,82.800000,42.984000,1,0,6770396,1267,0,1267,-45,0,9,118
7,720,82.800000,42.984000,1,0,6770407,1272,0,1272,-45,0,9,118
7,720,82.800000,42.984000,1,0,6770417,1277,0,1277,-45,0,9,118
7,720,82.800000,42.984000,1,0,6770426,1280,0,1280,-45,0,9,118
7,720,82.800000,42.984000,1,0,6770437,1283,0,1283,-45,0,9,118
7,720,82.800000,42.984000,1,0,6770448,1285,0,1285,-45,0,9,118
7,720,82.800000,42.984000,1,0,6770457,1288,0,1288,-45,0,9,118
7,720,82.800000,42.984000,1,0,6770468,1289,0,1289,-45,0,9,118
7,720,82.800000,42.984000,1,0,6770478,1290,0,1290,-45,0,9,118
7,720,82.800000,42.984000,1,0,6770487,1290,0,1290,-45,0,9,118
7,720,82.800000,42.984000,1,0,6770497,1290,0,1290,-45,0,9,118
7,720,82.800000,42.984000,1,0,6770507,1290,0,1290,-45,0,9,118
7,720,82.800000,42.984000,1,0,6770516,1290,0,1290,-45,0,9,118
