3,720,21.600000,0.000000,0,0,90818427,600,0,600,0,0,0,47
3,720,21.600000,0.000000,0,0,90818428,600,0,600,0,0,0,47
3,720,21.600000,0.000000,0,0,90818438,600,0,600,0,0,0,47
3,720,21.600000,0.000000,0,0,90818448,600,0,600,-1,0,0,47
3,720,21.600000,0.000000,0,0,90818458,600,0,600,-1,0,0,47
3,720,21.600000,0.000000,0,0,90818468,600,0,600,-1,0,0,47
3,720,21.600000,0.000000,0,0,90818477,600,0,600,-1,0,0,47
3,720,21.600000,0.000000,0,0,90818487,600,0,600,-1,0,0,47
3,720,21.600000,0.000000,0,0,90818497,601,0,601,-1,0,0,47
3,720,21.600000,0.000000,0,0,90818508,603,0,603,-2,0,0,47
3,720,21.600000,0.000000,0,0,90818519,605,0,605,-3,0,0,47
3,720,21.600000,0.000000,0,0,90818531,609,0,609,-5,0,0,47
3,720,21.600000,0.000000,0,0,90818542,616,0,616,-7,0,0,47
3,720,21.600000,0.000000,0,0,90818558,625,0,625,-10,0,0,47
3,720,21.600000,0.000000,0,0,90818568,647,0,647,-16,0,0,47
3,720,21.600000,0.000000,0,0,90818579,672,0,672,-22,0,0,47
3,720,21.600000,0.000000,0,0,90818589,701,0,701,-27,0,0,47
3,720,21.600000,0.000000,0,0,90818600,741,0,741,-34,0,0,47
3,720,21.600000,0.000000,0,0,90818610,779,0,779,-40,0,0,47
3,720,21.600000,0.000000,0,0,90818621,818,0,818,-47,0,0,47
3,720,21.600000,0.000000,0,0,90818632,863,0,863,-55,0,0,47
3,720,21.600000,0.000000,0,0,90818643,897,0,897,-61,0,0,47
3,720,21.600000,0.000000,0,0,90818654,932,0,932,-67,0,0,47
3,720,21.600000,0.000000,0,0,90818665,956,0,956,-71,0,0,47
3,720,21.600000,0.000000,0,0,90818676,986,0,986,-75,0,0,47
3,720,21.600000,0.000000,0,0,90818688,1009,0,1009,-78,0,0,47
3,720,21.600000,0.000000,0,0,90818698,1034,0,1034,-82,0,0,47
3,720,21.600000,0.000000,0,0,90818709,1051,0,1051,-85,0,0,47
3,720,21.600000,0.000000,0,0,90818720,1069,0,1069,-87,0,0,47
3,720,21.600000,0.000000,0,0,90818731,1079,0,1079,-90,0,0,47
3,720,21.600000,0.000000,0,0,90818742,1089,0,1089,-92,0,0,47
3,720,21.600000,0.000000,0,0,90818753,1096,0,1096,-94,0,0,47
3,720,21.600000,0.000000,0,0,90818764,1104,0,1104,-96,0,0,47
3,720,21.600000,0.000000,0,0,90818779,1112,0,1112,-97,0,0,47
3,720,21.600000,0.000000,0,0,90818790,1123,0,1123,-98,0,0,47
3,720,21.600000,0.000000,0,0,90818802,1132,0,1132,-100,0,0,47
3,720,21.600000,0.000000,0,0,90818813,1142,0,1142,-100,0,0,47
3,720,21.600000,0.000000,0,0,90818824,1152,0,1152,-101,0,0,47
3,720,21.600000,0.000000,0,0,90818835,1160,0,1160,-102,0,0,47
3,720,21.600000,0.000000,0,0,90818846,1168,0,1168,-103,0,0,47
3,720,21.600000,0.000000,0,0,90818857,1174,0,1174,-104,0,0,47
3,720,21.600000,0.000000,0,0,90818868,1178,0,1178,-104,0,0,47
3,720,21.600000,0.000000,0,0,90818878,1181,0,1181,-104,0,0,47
3,720,21.600000,0.000000,0,0,90818890,1185,0,1185,-104,0,0,47
3,720,21.600000,0.000000,0,0,90818900,1192,0,1192,-105,0,0,47
3,720,21.600000,0.000000,0,0,90818911,1206,0,1206,-105,0,0,47
3,720,21.600000,0.000000,0,0,90818924,1229,0,1229,-107,0,0,47
3,720,21.600000,0.000000,0,0,90818935,1254,0,1254,-110,0,0,47
3,720,21.600000,0.000000,0,0,90818946,1272,0,1272,-113,0,0,47
3,720,21.600000,0.000000,0,0,90818956,1284,0,1284,-116,0,0,47
3,720,21.600000,0.000000,0,0,90818967,1288,0,1288,-117,0,0,47
3,720,21.600000,0.000000,0,0,90818977,1288,0,1288,-117,0,0,47
3,720,21.600000,0.000000,0,0,90818988,1288,0,1288,-117,0,0,47
3,720,21.600000,0.000000,0,0,90818998,1288,0,1288,-117,0,0,47
3,720,21.600000,0.000000,0,0,90819009,1288,0,1288,-117,0,0,47
3,720,21.600000,0.000000,0,0,90819020,1288,0,1288,-117,0,0,47
3,720,21.600000,0.000000,0,0,90819030,1288,0,1288,-117,0,0,47
3,720,21.600000,0.000000,0,0,90819040,1288,0,1288,-117,0,0,47
3,720,21.600000,0.000000,0,0,90819052,1289,0,1289,-117,0,0,47
3,720,21.600000,0.000000,0,0,90819062,1292,0,1292,-117,0,0,47
3,720,21.600000,0.000000,0,0,90819072,1295,0,1295,-117,0,0,47
3,720,21.600000,0.000000,0,0,90819083,1298,0,1298,-117,0,0,47
3,720,21.600000,0.000000,0,0,90819093,1301,0,1301,-117,0,0,47
3,720,21.600000,0.000000,0,0,90819103,1303,0,1303,-117,0,0,47
3,720,21.600000,0.000000,0,0,90819113,1304,0,1304,-117,0,0,47
3,720,21.600000,0.000000,0,0,90819123,1304,0,1304,-117,0,0,47
3,720,21.600000,0.000000,0,0,90819134,1304,0,1304,-117,0,0,47
3,720,21.600000,0.000000,0,0,90819144,1304,0,1304,-117,0,0,47
3,720,21.600000,0.000000,0,0,90819154,1304,0,1304,-117,0,0,47
3,720,21.600000,0.000000,0,0,90819164,1304,0,1304,-117,0,0,47
3,720,21.600000,0.000000,0,0,90819175,1305,0,1305,-117,0,0,47
3,720,21.600000,0.000000,0,0,90819185,1308,0,1308,-117,0,0,47
3,720,21.600000,0.000000,0,0,90819196,1312,0,1312,-117,0,0,47
3,720,21.600000,0.000000,0,0,90819206,1316,0,1316,-117,0,0,47
3,720,21.600000,0.000000,0,0,90819217,1321,0,1321,-117,0,0,47
3,720,21.600000,0.000000,0,0,90819226,1324,0,1324,-117,0,0,47
3,720,21.600000,0.000000,0,0,90819236,1327,0,1327,-117,0,0,47
3,720,21.600000,0.000000,0,0,90819246,1328,0,1328,-117,0,0,47
3,720,21.600000,0.000000,0,0,90819256,1328,0,1328,-117,0,0,47
3,720,21.600000,0.000000,0,0,90819265,1328,0,1328,-117,0,0,47
3,720,21.600000,0.000000,0,0,90819275,1328,0,1328,-117,0,0,47
3,720,21.600000,0.000000,0,0,90819284,1328,0,1328,-117,0,0,47
3,720,21.600000,0.000000,0,0,90819294,1328,0,1328,-117,0,0,47
3,720,21.600000,0.000000,0,0,90819304,1328,0,1328,-117,0,0,47
3,720,21.600000,0.000000,0,0,90819314,1328,0,1328,-117,0,0,47
3,720,21.600000,0.000000,0,0,90819324,1328,0,1328,-117,0,0,47
3,720,21.600000,0.000000,0,0,90819334,1328,0,1328,-117,0,0,47
3,720,21.600000,0.000000,0,0,90819345,1330,0,1330,-118,0,0,47
3,720,21.600000,0.000000,0,0,90819357,1331,0,1331,-118,0,0,47
3,720,21.600000,0.000000,0,0,90819369,1331,0,1331,-118,0,0,47
3,720,21.600000,0.000000,0,0,90819384,1331,0,1331,-118,0,0,47
3,720,21.600000,0.000000,0,0,90819394,1331,0,1331,-118,0,0,47
3,720,21.600000,0.000000,0,0,90819404,1331,0,1331,-118,0,0,47
3,720,21.600000,0.000000,0,0,90819413,1331,0,1331,-118,0,0,47
3,720,21.600000,0.000000,0,0,90819424,1331,0,1331,-118,0,0,47
3,720,21.600000,0.000000,0,0,90819433,1331,0,1331,-118,0,0,47
3,720,21.600000,0.000000,0,0,90819443,1331,0,1331,-118,0,0,47
3,720,21.600000,0.000000,0,0,90819453,1331,0,1331,-118,0,0,47
3,720,21.600000,0.000000,0,0,90819463,1331,0,1331,-118,0,0,47
3,720,21.600000,0.000000,0,0,90819472,1331,0,1331,-118,0,0,47
