3,360,21.600000,0.000000,1,1,90872865,780,22,780,22,0,0,75
3,360,21.600000,0.000000,1,1,90872866,780,22,780,22,0,0,75
3,360,21.600000,0.000000,1,1,90872876,780,22,780,22,0,0,75
3,360,21.600000,0.000000,1,1,90872885,780,22,780,22,0,0,75
3,360,21.600000,0.000000,1,1,90872895,780,22,780,22,0,0,75
3,360,21.600000,0.000000,1,1,90872905,780,22,780,22,0,0,75
3,360,21.600000,0.000000,1,1,90872915,780,22,780,22,0,0,75
3,360,21.600000,0.000000,1,1,90872924,781,22,781,22,0,0,75
3,360,21.600000,0.000000,1,1,90872935,782,22,782,22,0,0,75
3,360,21.600000,0.000000,1,1,90872945,783,21,783,21,0,0,75
3,360,21.600000,0.000000,1,1,90872955,784,21,784,21,0,0,75
3,360,21.600000,0.000000,1,1,90872967,787,20,787,20,0,0,75
3,360,21.600000,0.000000,1,1,90872978,792,18,792,18,0,0,75
3,360,21.600000,0.000000,1,1,90872989,799,17,799,17,0,0,75
3,360,21.600000,0.000000,1,1,90872999,807,16,807,16,0,0,75
3,360,21.600000,0.000000,1,1,90873009,818,14,818,14,0,0,75
3,360,21.600000,0.000000,1,1,90873020,831,12,831,12,0,0,75
3,360,21.600000,0.000000,1,1,90873030,848,10,848,10,0,0,75
3,360,21.600000,0.000000,1,1,90873041,866,8,866,8,0,0,75
3,360,21.600000,0.000000,1,1,90873052,885,6,885,6,0,0,75
3,360,21.600000,0.000000,1,1,90873067,905,3,905,3,0,0,75
3,360,21.600000,0.000000,1,1,90873082,926,1,926,1,0,0,75
3,360,21.600000,0.000000,1,1,90873099,948,0,948,-1,0,0,75
3,360,21.600000,0.000000,1,1,90873113,965,0,965,-2,0,0,75
3,360,21.600000,0.000000,1,1,90873129,986,0,986,-3,0,0,75
3,360,21.600000,0.000000,1,1,90873140,1007,0,1007,-3,0,0,75
3,360,21.600000,0.000000,1,1,90873150,1024,0,1024,-4,0,0,75
3,360,21.600000,0.000000,1,1,90873161,1041,0,1041,-4,0,0,75
3,360,21.600000,0.000000,1,1,90873176,1059,0,1059,-4,0,0,75
3,360,21.600000,0.000000,1,1,90873191,1078,0,1078,-5,0,0,75
3,360,21.600000,0.000000,1,1,90873207,1090,0,1090,-5,0,0,75
3,360,21.600000,0.000000,1,1,90873218,1096,0,1096,-5,0,0,75
3,360,21.600000,0.000000,1,1,90873228,1099,0,1099,-5,0,0,75
3,360,21.600000,0.000000,1,1,90873238,1102,0,1102,-5,0,0,75
3,360,21.600000,0.000000,1,1,90873254,1106,0,1106,-5,0,0,75
3,360,21.600000,0.000000,1,1,90873264,1112,0,1112,-5,0,0,75
3,360,21.600000,0.000000,1,1,90873275,1116,0,1116,-5,0,0,75
3,360,21.600000,0.000000,1,1,90873286,1119,0,1119,-5,0,0,75
3,360,21.600000,0.000000,1,1,90873296,1122,0,1122,-5,0,0,75
3,360,21.600000,0.000000,1,1,90873307,1124,0,1124,-5,0,0,75
3,360,21.600000,0.000000,1,1,90873322,1125,0,1125,-5,0,0,75
3,360,21.600000,0.000000,1,1,90873333,1131,0,1131,-5,0,0,75
3,360,21.600000,0.000000,1,1,90873349,1135,1,1135,-4,0,0,75
3,360,21.600000,0.000000,1,1,90873363,1142,2,1142,-3,0,0,75
3,360,21.600000,0.000000,1,1,90873373,1145,2,1145,-3,0,0,75
3,360,21.600000,0.000000,1,1,90873383,1145,2,1145,-3,0,0,75
3,360,21.600000,0.000000,1,1,90873393,1145,2,1145,-3,0,0,75
3,360,21.600000,0.000000,1,1,90873404,1145,2,1145,-3,0,0,75
3,360,21.600000,0.000000,1,1,90873414,1145,2,1145,-3,0,0,75
3,360,21.600000,0.000000,1,1,90873424,1145,2,1145,-3,0,0,75
3,360,21.600000,0.000000,1,1,90873438,1145,2,1145,-3,0,0,75
3,360,21.600000,0.000000,1,1,90873448,1145,2,1145,-3,0,0,75
3,360,21.600000,0.000000,1,1,90873458,1145,2,1145,-3,0,0,75
3,360,21.600000,0.000000,1,1,90873471,1145,2,1145,-3,0,0,75
3,360,21.600000,0.000000,1,1,90873484,1145,2,1145,-3,0,0,75
3,360,21.600000,0.000000,1,1,90873494,1145,2,1145,-3,0,0,75
3,360,21.600000,0.000000,1,1,90873504,1145,2,1145,-3,0,0,75
