3,720,50.400000,22.608000,0,0,90793505,600,0,600,0,0,0,34
3,720,50.400000,22.608000,0,0,90793506,600,0,600,0,0,0,34
3,720,50.400000,22.608000,0,0,90793516,600,0,600,0,0,0,34
3,720,50.400000,22.608000,0,0,90793526,600,0,600,0,0,0,34
3,720,50.400000,22.608000,0,0,90793536,600,0,600,0,0,0,34
3,720,50.400000,22.608000,0,0,90793545,600,0,600,0,0,0,34
3,720,50.400000,22.608000,0,0,90793555,600,0,600,0,0,0,34
3,720,50.400000,22.608000,0,0,90793566,600,0,600,0,0,0,34
3,720,50.400000,22.608000,0,0,90793575,600,0,600,0,0,0,34
3,720,50.400000,22.608000,0,0,90793585,600,0,600,0,0,0,34
3,720,50.400000,22.608000,0,0,90793596,600,0,600,0,0,0,34
3,720,50.400000,22.608000,0,0,90793607,600,0,600,0,0,0,34
3,720,50.400000,22.608000,0,0,90793623,602,0,602,0,0,0,34
3,720,50.400000,22.608000,0,0,90793634,618,0,618,-1,0,0,34
3,720,50.400000,22.608000,0,0,90793644,637,0,637,-2,0,0,34
3,720,50.400000,22.608000,0,0,90793659,661,0,661,-3,0,0,34
3,720,50.400000,22.608000,0,0,90793669,711,0,711,-3,0,0,34
3,720,50.400000,22.608000,0,0,90793680,757,0,757,-3,0,0,34
3,720,50.400000,22.608000,0,0,90793691,812,0,812,-3,0,0,34
3,720,50.400000,22.608000,0,0,90793702,868,0,868,-3,0,0,34
3,720,50.400000,22.608000,0,0,90793713,925,0,925,-3,0,0,34
3,720,50.400000,22.608000,0,0,90793723,973,0,973,-3,0,0,34
3,720,50.400000,22.608000,0,0,90793735,1012,0,1012,-3,0,0,34
3,720,50.400000,22.608000,0,0,90793745,1048,0,1048,-3,0,0,34
3,720,50.400000,22.608000,0,0,90793760,1076,0,1076,-3,0,0,34
3,720,50.400000,22.608000,0,0,90793772,1110,0,1110,-3,0,0,34
3,720,50.400000,22.608000,0,0,90793782,1133,1,1133,-2,0,0,34
3,720,50.400000,22.608000,0,0,90793793,1149,1,1149,-2,0,0,34
3,720,50.400000,22.608000,0,0,90793804,1162,1,1162,-2,0,0,34
3,720,50.400000,22.608000,0,0,90793814,1172,1,1172,-2,0,0,34
3,720,50.400000,22.608000,0,0,90793824,1179,1,1179,-2,0,0,34
3,720,50.400000,22.608000,0,0,90793835,1186,1,1186,-2,0,0,34
3,720,50.400000,22.608000,0,0,90793845,1193,0,1193,-3,0,0,34
3,720,50.400000,22.608000,0,0,90793861,1202,0,1202,-4,0,0,34
3,720,50.400000,22.608000,0,0,90793871,1215,0,1215,-4,0,0,34
3,720,50.400000,22.608000,0,0,90793882,1222,0,1222,-4,0,0,34
3,720,50.400000,22.608000,0,0,90793892,1228,0,1228,-5,0,0,34
3,720,50.400000,22.608000,0,0,90793903,1232,0,1232,-5,0,0,34
3,720,50.400000,22.608000,0,0,90793913,1236,0,1236,-6,0,0,34
3,720,50.400000,22.608000,0,0,90793923,1239,0,1239,-7,0,0,34
3,720,50.400000,22.608000,0,0,90793934,1244,0,1244,-7,0,0,34
3,720,50.400000,22.608000,0,0,90793945,1250,0,1250,-7,0,0,34
3,720,50.400000,22.608000,0,0,90793957,1257,0,1257,-7,0,0,34
3,720,50.400000,22.608000,0,0,90793968,1265,0,1265,-7,0,0,34
3,720,50.400000,22.608000,0,0,90793980,1273,0,1273,-7,0,0,34
3,720,50.400000,22.608000,0,0,90793991,1280,0,1280,-7,0,0,34
3,720,50.400000,22.608000,0,0,90794003,1284,0,1284,-7,0,0,34
3,720,50.400000,22.608000,0,0,90794013,1287,0,1287,-8,0,0,34
3,720,50.400000,22.608000,0,0,90794023,1289,0,1289,-8,0,0,34
3,720,50.400000,22.608000,0,0,90794034,1292,0,1292,-8,0,0,34
3,720,50.400000,22.608000,0,0,90794044,1294,0,1294,-8,0,0,34
3,720,50.400000,22.608000,0,0,90794054,1295,0,1295,-8,0,0,34
3,720,50.400000,22.608000,0,0,90794064,1295,0,1295,-8,0,0,34
3,720,50.400000,22.608000,0,0,90794074,1295,0,1295,-8,0,0,34
3,720,50.400000,22.608000,0,0,90794083,1295,0,1295,-8,0,0,34
3,720,50.400000,22.608000,0,0,90794094,1295,0,1295,-8,0,0,34
3,720,50.400000,22.608000,0,0,90794104,1295,0,1295,-8,0,0,34
3,720,50.400000,22.608000,0,0,90794114,1296,0,1296,-8,0,0,34
3,720,50.400000,22.608000,0,0,90794125,1297,0,1297,-9,0,0,34
3,720,50.400000,22.608000,0,0,90794135,1300,0,1300,-10,0,0,34
3,720,50.400000,22.608000,0,0,90794145,1302,0,1302,-10,0,0,34
3,720,50.400000,22.608000,0,0,90794154,1303,0,1303,-10,0,0,34
3,720,50.400000,22.608000,0,0,90794164,1304,0,1304,-10,0,0,34
3,720,50.400000,22.608000,0,0,90794174,1305,0,1305,-10,0,0,34
3,720,50.400000,22.608000,0,0,90794184,1305,0,1305,-10,0,0,34
3,720,50.400000,22.608000,0,0,90794194,1306,0,1306,-10,0,0,34
3,720,50.400000,22.608000,0,0,90794203,1307,0,1307,-11,0,0,34
3,720,50.400000,22.608000,0,0,90794214,1309,0,1309,-11,0,0,34
3,720,50.400000,22.608000,0,0,90794223,1310,0,1310,-11,0,0,34
3,720,50.400000,22.608000,0,0,90794233,1310,0,1310,-11,0,0,34
3,720,50.400000,22.608000,0,0,90794242,1310,0,1310,-11,0,0,34
3,720,50.400000,22.608000,0,0,90794252,1310,0,1310,-11,0,0,34
3,720,50.400000,22.608000,0,0,90794262,1310,0,1310,-11,0,0,34
3,720,50.400000,22.608000,0,0,90794272,1311,0,1311,-11,0,0,34
3,720,50.400000,22.608000,0,0,90794282,1313,0,1313,-11,0,0,34
3,720,50.400000,22.608000,0,0,90794292,1316,0,1316,-11,0,0,34
3,720,50.400000,22.608000,0,0,90794303,1318,0,1318,-11,0,0,34
3,720,50.400000,22.608000,0,0,90794314,1319,0,1319,-11,0,0,34
3,720,50.400000,22.608000,0,0,90794324,1319,0,1319,-11,0,0,34
3,720,50.400000,22.608000,0,0,90794336,1319,0,1319,-11,0,0,34
3,720,50.400000,22.608000,0,0,90794346,1319,0,1319,-11,0,0,34
3,720,50.400000,22.608000,0,0,90794361,1319,0,1319,-11,0,0,34
3,720,50.400000,22.608000,0,0,90794375,1319,0,1319,-11,0,0,34
3,720,50.400000,22.608000,0,0,90794385,1319,0,1319,-11,0,0,34
