3,360,21.600000,22.608000,0,0,90754951,780,0,780,0,0,0,12
3,360,21.600000,22.608000,0,0,90754952,780,0,780,0,0,0,12
3,360,21.600000,22.608000,0,0,90754962,780,0,780,0,0,0,12
3,360,21.600000,22.608000,0,0,90754972,781,0,781,0,0,0,12
3,360,21.600000,22.608000,0,0,90754989,783,0,783,0,0,0,12
3,360,21.600000,22.608000,0,0,90755003,787,0,787,0,0,0,12
3,360,21.600000,22.608000,0,0,90755014,794,0,794,0,0,0,12
3,360,21.600000,22.608000,0,0,90755026,798,0,798,0,0,0,12
3,360,21.600000,22.608000,0,0,90755037,803,0,803,0,0,0,12
3,360,21.600000,22.608000,0,0,90755047,808,0,808,-1,0,0,12
3,360,21.600000,22.608000,0,0,90755063,814,0,814,-2,0,0,12
3,360,21.600000,22.608000,0,0,90755074,829,0,829,-3,0,0,12
3,360,21.600000,22.608000,0,0,90755084,848,0,848,-5,0,0,12
3,360,21.600000,22.608000,0,0,90755095,872,0,872,-6,0,0,12
3,360,21.600000,22.608000,0,0,90755106,895,0,895,-8,0,0,12
3,360,21.600000,22.608000,0,0,90755118,922,0,922,-9,0,0,12
3,360,21.600000,22.608000,0,0,90755128,945,0,945,-11,0,0,12
3,360,21.600000,22.608000,0,0,90755144,967,0,967,-12,0,0,12
3,360,21.600000,22.608000,0,0,90755155,993,0,993,-14,0,0,12
3,360,21.600000,22.608000,0,0,90755166,1018,0,1018,-16,0,0,12
3,360,21.600000,22.608000,0,0,90755178,1035,0,1035,-17,0,0,12
3,360,21.600000,22.608000,0,0,90755189,1052,0,1052,-19,0,0,12
3,360,21.600000,22.608000,0,0,90755199,1066,0,1066,-22,0,0,12
3,360,21.600000,22.608000,0,0,90755210,1074,0,1074,-24,0,0,12
3,360,21.600000,22.608000,0,0,90755220,1078,0,1078,-25,0,0,12
3,360,21.600000,22.608000,0,0,90755230,1080,0,1080,-26,0,0,12
3,360,21.600000,22.608000,0,0,90755240,1081,0,1081,-26,0,0,12
3,360,21.600000,22.608000,0,0,90755251,1082,0,1082,-26,0,0,12
3,360,21.600000,22.608000,0,0,90755262,1083,0,1083,-26,0,0,12
3,360,21.600000,22.608000,0,0,90755272,1086,0,1086,-27,0,0,12
3,360,21.600000,22.608000,0,0,90755286,1087,0,1087,-27,0,0,12
3,360,21.600000,22.608000,0,0,90755297,1089,0,1089,-27,0,0,12
3,360,21.600000,22.608000,0,0,90755312,1091,0,1091,-27,0,0,12
3,360,21.600000,22.608000,0,0,90755322,1092,0,1092,-27,0,0,12
3,360,21.600000,22.608000,0,0,90755333,1093,0,1093,-27,0,0,12
3,360,21.600000,22.608000,0,0,90755343,1096,0,1096,-27,0,0,12
3,360,21.600000,22.608000,0,0,90755353,1098,0,1098,-27,0,0,12
3,360,21.600000,22.608000,0,0,90755363,1100,0,1100,-27,0,0,12
3,360,21.600000,22.608000,0,0,90755373,1102,1,1102,-26,0,0,12
3,360,21.600000,22.608000,0,0,90755385,1103,2,1103,-25,0,0,12
3,360,21.600000,22.608000,0,0,90755400,1105,2,1105,-25,0,0,12
3,360,21.600000,22.608000,0,0,90755410,1105,2,1105,-25,0,0,12
3,360,21.600000,22.608000,0,0,90755420,1105,2,1105,-25,0,0,12
3,360,21.600000,22.608000,0,0,90755430,1105,2,1105,-25,0,0,12
3,360,21.600000,22.608000,0,0,90755440,1105,2,1105,-25,0,0,12
3,360,21.600000,22.608000,0,0,90755450,1105,2,1105,-25,0,0,12
3,360,21.600000,22.608000,0,0,90755459,1105,2,1105,-25,0,0,12
3,360,21.600000,22.608000,0,0,90755469,1105,2,1105,-25,0,0,12
3,360,21.600000,22.608000,0,0,90755479,1105,2,1105,-25,0,0,12
3,360,21.600000,22.608000,0,0,90755489,1105,2,1105,-25,0,0,12
3,360,21.600000,22.608000,0,0,90755499,1106,2,1106,-25,0,0,12
3,360,21.600000,22.608000,0,0,90755509,1108,3,1108,-24,0,0,12
3,360,21.600000,22.608000,0,0,90755519,1110,3,1110,-24,0,0,12
3,360,21.600000,22.608000,0,0,90755529,1112,3,1112,-24,0,0,12
3,360,21.600000,22.608000,0,0,90755539,1113,3,1113,-24,0,0,12
3,360,21.600000,22.608000,0,0,90755548,1114,3,1114,-24,0,0,12
3,360,21.600000,22.608000,0,0,90755558,1114,3,1114,-24,0,0,12
3,360,21.600000,22.608000,0,0,90755568,1114,3,1114,-24,0,0,12
3,360,21.600000,22.608000,0,0,90755577,1114,3,1114,-24,0,0,12
3,360,21.600000,22.608000,0,0,90755587,1114,3,1114,-24,0,0,12
3,360,21.600000,22.608000,0,0,90755597,1114,3,1114,-24,0,0,12
3,360,21.600000,22.608000,0,0,90755607,1114,3,1114,-24,0,0,12
3,360,21.600000,22.608000,0,0,90755616,1114,3,1114,-24,0,0,12
3,360,21.600000,22.608000,0,0,90755627,1114,3,1114,-24,0,0,12
3,360,21.600000,22.608000,0,0,90755636,1114,3,1114,-24,0,0,12
3,360,21.600000,22.608000,0,0,90755648,1114,3,1114,-24,0,0,12
3,360,21.600000,22.608000,0,0,90755658,1118,4,1118,-23,0,0,12
3,360,21.600000,22.608000,0,0,90755668,1125,5,1125,-22,0,0,12
3,360,21.600000,22.608000,0,0,90755679,1134,5,1134,-22,0,0,12
3,360,21.600000,22.608000,0,0,90755690,1143,5,1143,-22,0,0,12
3,360,21.600000,22.608000,0,0,90755701,1150,5,1150,-22,0,0,12
3,360,21.600000,22.608000,0,0,90755711,1154,5,1154,-22,0,0,12
3,360,21.600000,22.608000,0,0,90755721,1156,5,1156,-22,0,0,12
3,360,21.600000,22.608000,0,0,90755731,1158,5,1158,-22,0,0,12
3,360,21.600000,22.608000,0,0,90755740,1158,5,1158,-22,0,0,12
3,360,21.600000,22.608000,0,0,90755750,1158,5,1158,-22,0,0,12
3,360,21.600000,22.608000,0,0,90755760,1158,5,1158,-22,0,0,12
3,360,21.600000,22.608000,0,0,90755770,1158,5,1158,-22,0,0,12
3,360,21.600000,22.608000,0,0,90755780,1158,5,1158,-22,0,0,12
3,360,21.600000,22.608000,0,0,90755790,1158,5,1158,-22,0,0,12
3,360,21.600000,22.608000,0,0,90755800,1159,4,1159,-23,0,0,12
3,360,21.600000,22.608000,0,0,90755810,1160,4,1160,-23,0,0,12
3,360,21.600000,22.608000,0,0,90755820,1160,4,1160,-23,0,0,12
3,360,21.600000,22.608000,0,0,90755829,1160,4,1160,-23,0,0,12
3,360,21.600000,22.608000,0,0,90755839,1160,4,1160,-23,0,0,12
3,360,21.600000,22.608000,0,0,90755849,1160,4,1160,-23,0,0,12
3,360,21.600000,22.608000,0,0,90755859,1160,4,1160,-23,0,0,12
3,360,21.600000,22.608000,0,0,90755870,1158,4,1158,-23,0,0,12
3,360,21.600000,22.608000,0,0,90755881,1157,4,1157,-23,0,0,12
3,360,21.600000,22.608000,0,0,90755891,1155,4,1155,-23,0,0,12
3,360,21.600000,22.608000,0,0,90755901,1154,4,1154,-23,0,0,12
3,360,21.600000,22.608000,0,0,90755911,1153,4,1153,-23,0,0,12
3,360,21.600000,22.608000,0,0,90755921,1152,4,1152,-23,0,0,12
3,360,21.600000,22.608000,0,0,90755932,1151,4,1151,-23,0,0,12
3,360,21.600000,22.608000,0,0,90755943,1151,4,1151,-23,0,0,12
3,360,21.600000,22.608000,0,0,90755954,1151,4,1151,-23,0,0,12
3,360,21.600000,22.608000,0,0,90755964,1150,4,1150,-23,0,0,12
3,360,21.600000,22.608000,0,0,90755975,1149,4,1149,-23,0,0,12
3,360,21.600000,22.608000,0,0,90755985,1148,4,1148,-23,0,0,12
3,360,21.600000,22.608000,0,0,90755995,1147,4,1147,-23,0,0,12
3,360,21.600000,22.608000,0,0,90756004,1147,4,1147,-23,0,0,12
3,360,21.600000,22.608000,0,0,90756016,1147,4,1147,-23,0,0,12
3,360,21.600000,22.608000,0,0,90756026,1147,4,1147,-23,0,0,12
3,360,21.600000,22.608000,0,0,90756036,1147,4,1147,-23,0,0,12
3,360,21.600000,22.608000,0,0,90756045,1147,4,1147,-23,0,0,12
3,360,21.600000,22.608000,0,0,90756056,1147,4,1147,-23,0,0,12
3,360,21.600000,22.608000,0,0,90756067,1147,4,1147,-23,0,0,12
3,360,21.600000,22.608000,0,0,90756081,1147,4,1147,-23,0,0,12
3,360,21.600000,22.608000,0,0,90756090,1147,4,1147,-23,0,0,12
3,360,21.600000,22.608000,0,0,90756100,1147,4,1147,-23,0,0,12
3,360,21.600000,22.608000,0,0,90756109,1147,4,1147,-23,0,0,12
