3,360,21.600000,42.984000,1,0,90744436,780,0,780,0,0,0,6
3,360,21.600000,42.984000,1,0,90744437,780,0,780,0,0,0,6
3,360,21.600000,42.984000,1,0,90744447,780,0,780,0,0,0,6
3,360,21.600000,42.984000,1,0,90744457,780,0,780,0,0,0,6
3,360,21.600000,42.984000,1,0,90744467,780,0,780,0,0,0,6
3,360,21.600000,42.984000,1,0,90744477,780,0,780,0,0,0,6
3,360,21.600000,42.984000,1,0,90744487,780,0,780,0,0,0,6
3,360,21.600000,42.984000,1,0,90744497,780,0,780,0,0,0,6
3,360,21.600000,42.984000,1,0,90744508,780,0,780,0,0,0,6
3,360,21.600000,42.984000,1,0,90744519,784,0,784,0,0,0,6
3,360,21.600000,42.984000,1,0,90744530,790,0,790,0,0,0,6
3,360,21.600000,42.984000,1,0,90744541,799,0,799,-1,0,0,6
3,360,21.600000,42.984000,1,0,90744552,810,0,810,-1,0,0,6
3,360,21.600000,42.984000,1,0,90744564,825,0,825,-1,0,0,6
3,360,21.600000,42.984000,1,0,90744575,844,0,844,-1,0,0,6
3,360,21.600000,42.984000,1,0,90744585,860,0,860,-1,0,0,6
3,360,21.600000,42.984000,1,0,90744596,882,0,882,-1,0,0,6
3,360,21.600000,42.984000,1,0,90744607,904,0,904,-1,0,0,6
3,360,21.600000,42.984000,1,0,90744619,929,0,929,-1,0,0,6
3,360,21.600000,42.984000,1,0,90744629,950,0,950,-1,0,0,6
3,360,21.600000,42.984000,1,0,90744640,964,0,964,-2,0,0,6
3,360,21.600000,42.984000,1,0,90744651,972,0,972,-3,0,0,6
3,360,21.600000,42.984000,1,0,90744661,978,0,978,-4,0,0,6
3,360,21.600000,42.984000,1,0,90744671,982,0,982,-5,0,0,6
3,360,21.600000,42.984000,1,0,90744682,985,0,985,-5,0,0,6
3,360,21.600000,42.984000,1,0,90744692,988,0,988,-5,0,0,6
3,360,21.600000,42.984000,1,0,90744702,989,0,989,-5,0,0,6
3,360,21.600000,42.984000,1,0,90744712,991,0,991,-5,0,0,6
3,360,21.600000,42.984000,1,0,90744724,994,0,994,-5,0,0,6
3,360,21.600000,42.984000,1,0,90744735,999,0,999,-6,0,0,6
3,360,21.600000,42.984000,1,0,90744745,1009,0,1009,-6,0,0,6
3,360,21.600000,42.984000,1,0,90744756,1022,0,1022,-6,0,0,6
3,360,21.600000,42.984000,1,0,90744773,1034,0,1034,-6,0,0,6
3,360,21.600000,42.984000,1,0,90744788,1050,0,1050,-7,0,0,6
3,360,21.600000,42.984000,1,0,90744798,1055,0,1055,-7,0,0,6
3,360,21.600000,42.984000,1,0,90744807,1057,0,1057,-7,0,0,6
3,360,21.600000,42.984000,1,0,90744817,1057,0,1057,-7,0,0,6
3,360,21.600000,42.984000,1,0,90744827,1057,0,1057,-7,0,0,6
3,360,21.600000,42.984000,1,0,90744837,1057,0,1057,-7,0,0,6
3,360,21.600000,42.984000,1,0,90744848,1060,0,1060,-7,0,0,6
3,360,21.600000,42.984000,1,0,90744858,1068,0,1068,-7,0,0,6
3,360,21.600000,42.984000,1,0,90744869,1080,0,1080,-7,0,0,6
3,360,21.600000,42.984000,1,0,90744880,1096,0,1096,-7,0,0,6
3,360,21.600000,42.984000,1,0,90744890,1108,0,1108,-9,0,0,6
3,360,21.600000,42.984000,1,0,90744900,1116,0,1116,-9,0,0,6
3,360,21.600000,42.984000,1,0,90744911,1120,0,1120,-9,0,0,6
3,360,21.600000,42.984000,1,0,90744921,1122,0,1122,-10,0,0,6
3,360,21.600000,42.984000,1,0,90744930,1124,0,1124,-11,0,0,6
3,360,21.600000,42.984000,1,0,90744941,1125,0,1125,-11,0,0,6
3,360,21.600000,42.984000,1,0,90744951,1125,0,1125,-11,0,0,6
3,360,21.600000,42.984000,1,0,90744960,1125,0,1125,-11,0,0,6
3,360,21.600000,42.984000,1,0,90744970,1125,0,1125,-11,0,0,6
3,360,21.600000,42.984000,1,0,90744979,1125,0,1125,-11,0,0,6
3,360,21.600000,42.984000,1,0,90744989,1125,0,1125,-11,0,0,6
3,360,21.600000,42.984000,1,0,90744999,1125,0,1125,-11,0,0,6
3,360,21.600000,42.984000,1,0,90745017,1126,0,1126,-11,0,0,6
3,360,21.600000,42.984000,1,0,90745028,1132,0,1132,-11,0,0,6
3,360,21.600000,42.984000,1,0,90745037,1135,0,1135,-11,0,0,6
3,360,21.600000,42.984000,1,0,90745048,1138,0,1138,-11,0,0,6
3,360,21.600000,42.984000,1,0,90745058,1139,0,1139,-11,0,0,6
3,360,21.600000,42.984000,1,0,90745068,1139,0,1139,-11,0,0,6
3,360,21.600000,42.984000,1,0,90745077,1139,0,1139,-11,0,0,6
3,360,21.600000,42.984000,1,0,90745087,1139,0,1139,-11,0,0,6
3,360,21.600000,42.984000,1,0,90745097,1139,0,1139,-11,0,0,6
3,360,21.600000,42.984000,1,0,90745106,1139,0,1139,-11,0,0,6
