3,720,21.600000,10000.000000,0,1,90752958,600,22,600,22,0,0,11
3,720,21.600000,10000.000000,0,1,90752959,600,22,600,22,0,0,11
3,720,21.600000,10000.000000,0,1,90752968,600,22,600,22,0,0,11
3,720,21.600000,10000.000000,0,1,90752979,600,22,600,22,0,0,11
3,720,21.600000,10000.000000,0,1,90752989,600,22,600,22,0,0,11
3,720,21.600000,10000.000000,0,1,90752999,600,22,600,22,0,0,11
3,720,21.600000,10000.000000,0,1,90753008,600,22,600,22,0,0,11
3,720,21.600000,10000.000000,0,1,90753018,600,22,600,22,0,0,11
3,720,21.600000,10000.000000,0,1,90753028,600,22,600,22,0,0,11
3,720,21.600000,10000.000000,0,1,90753038,600,22,600,22,0,0,11
3,720,21.600000,10000.000000,0,1,90753048,601,22,601,22,0,0,11
3,720,21.600000,10000.000000,0,1,90753059,602,22,602,22,0,0,11
3,720,21.600000,10000.000000,0,1,90753069,605,21,605,21,0,0,11
3,720,21.600000,10000.000000,0,1,90753080,612,20,612,20,0,0,11
3,720,21.600000,10000.000000,0,1,90753090,624,18,624,18,0,0,11
3,720,21.600000,10000.000000,0,1,90753101,646,17,646,17,0,0,11
3,720,21.600000,10000.000000,0,1,90753112,673,17,673,17,0,0,11
3,720,21.600000,10000.000000,0,1,90753124,704,17,704,17,0,0,11
3,720,21.600000,10000.000000,0,1,90753135,732,17,732,17,0,0,11
3,720,21.600000,10000.000000,0,1,90753146,764,17,764,17,0,0,11
3,720,21.600000,10000.000000,0,1,90753156,802,16,802,16,0,0,11
3,720,21.600000,10000.000000,0,1,90753168,839,14,839,14,0,0,11
3,720,21.600000,10000.000000,0,1,90753179,882,13,882,13,0,0,11
3,720,21.600000,10000.000000,0,1,90753189,924,12,924,12,0,0,11
3,720,21.600000,10000.000000,0,1,90753201,956,11,956,11,0,0,11
3,720,21.600000,10000.000000,0,1,90753214,986,9,986,9,0,0,11
3,720,21.600000,10000.000000,0,1,90753224,1017,7,1017,7,0,0,11
3,720,21.600000,10000.000000,0,1,90753237,1047,5,1047,5,0,0,11
3,720,21.600000,10000.000000,0,1,90753247,1072,5,1072,5,0,0,11
3,720,21.600000,10000.000000,0,1,90753259,1097,3,1097,3,0,0,11
3,720,21.600000,10000.000000,0,1,90753275,1111,2,1111,2,0,0,11
3,720,21.600000,10000.000000,0,1,90753286,1123,2,1123,2,0,0,11
3,720,21.600000,10000.000000,0,1,90753296,1129,2,1129,2,0,0,11
3,720,21.600000,10000.000000,0,1,90753307,1135,2,1135,2,0,0,11
3,720,21.600000,10000.000000,0,1,90753322,1142,3,1142,3,0,0,11
3,720,21.600000,10000.000000,0,1,90753332,1152,4,1152,4,0,0,11
3,720,21.600000,10000.000000,0,1,90753344,1157,5,1157,5,0,0,11
3,720,21.600000,10000.000000,0,1,90753354,1162,5,1162,5,0,0,11
3,720,21.600000,10000.000000,0,1,90753364,1165,5,1165,5,0,0,11
3,720,21.600000,10000.000000,0,1,90753375,1168,5,1168,5,0,0,11
3,720,21.600000,10000.000000,0,1,90753385,1174,5,1174,5,0,0,11
3,720,21.600000,10000.000000,0,1,90753397,1181,5,1181,5,0,0,11
3,720,21.600000,10000.000000,0,1,90753409,1188,5,1188,5,0,0,11
3,720,21.600000,10000.000000,0,1,90753420,1198,5,1198,5,0,0,11
3,720,21.600000,10000.000000,0,1,90753431,1206,5,1206,5,0,0,11
3,720,21.600000,10000.000000,0,1,90753443,1213,5,1213,5,0,0,11
3,720,21.600000,10000.000000,0,1,90753454,1223,5,1223,5,0,0,11
3,720,21.600000,10000.000000,0,1,90753464,1235,7,1235,7,0,0,11
3,720,21.600000,10000.000000,0,1,90753475,1249,9,1249,9,0,0,11
3,720,21.600000,10000.000000,0,1,90753486,1265,9,1265,9,0,0,11
3,720,21.600000,10000.000000,0,1,90753497,1282,9,1282,9,0,0,11
3,720,21.600000,10000.000000,0,1,90753509,1295,8,1295,8,0,0,11
3,720,21.600000,10000.000000,0,1,90753525,1303,7,1303,7,0,0,11
3,720,21.600000,10000.000000,0,1,90753535,1310,5,1310,5,0,0,11
3,720,21.600000,10000.000000,0,1,90753545,1313,5,1313,5,0,0,11
3,720,21.600000,10000.000000,0,1,90753555,1314,4,1314,4,0,0,11
3,720,21.600000,10000.000000,0,1,90753566,1316,4,1316,4,0,0,11
3,720,21.600000,10000.000000,0,1,90753577,1320,4,1320,4,0,0,11
3,720,21.600000,10000.000000,0,1,90753587,1324,4,1324,4,0,0,11
3,720,21.600000,10000.000000,0,1,90753597,1328,3,1328,3,0,0,11
3,720,21.600000,10000.000000,0,1,90753607,1329,3,1329,3,0,0,11
3,720,21.600000,10000.000000,0,1,90753618,1331,3,1331,3,0,0,11
3,720,21.600000,10000.000000,0,1,90753628,1332,3,1332,3,0,0,11
3,720,21.600000,10000.000000,0,1,90753638,1334,3,1334,3,0,0,11
3,720,21.600000,10000.000000,0,1,90753649,1335,3,1335,3,0,0,11
3,720,21.600000,10000.000000,0,1,90753659,1337,3,1337,3,0,0,11
3,720,21.600000,10000.000000,0,1,90753669,1337,3,1337,3,0,0,11
3,720,21.600000,10000.000000,0,1,90753678,1338,3,1338,3,0,0,11
3,720,21.600000,10000.000000,0,1,90753688,1338,3,1338,3,0,0,11
3,720,21.600000,10000.000000,0,1,90753698,1338,3,1338,3,0,0,11
3,720,21.600000,10000.000000,0,1,90753708,1338,3,1338,3,0,0,11
3,720,21.600000,10000.000000,0,1,90753718,1338,3,1338,3,0,0,11
3,720,21.600000,10000.000000,0,1,90753728,1338,3,1338,3,0,0,11
3,720,21.600000,10000.000000,0,1,90753738,1338,3,1338,3,0,0,11
3,720,21.600000,10000.000000,0,1,90753748,1338,3,1338,3,0,0,11
3,720,21.600000,10000.000000,0,1,90753757,1338,3,1338,3,0,0,11
3,720,21.600000,10000.000000,0,1,90753768,1338,3,1338,3,0,0,11
3,720,21.600000,10000.000000,0,1,90753778,1336,3,1336,3,0,0,11
3,720,21.600000,10000.000000,0,1,90753787,1335,3,1335,3,0,0,11
3,720,21.600000,10000.000000,0,1,90753797,1333,3,1333,3,0,0,11
3,720,21.600000,10000.000000,0,1,90753807,1332,3,1332,3,0,0,11
3,720,21.600000,10000.000000,0,1,90753817,1331,3,1331,3,0,0,11
3,720,21.600000,10000.000000,0,1,90753827,1330,4,1330,4,0,0,11
3,720,21.600000,10000.000000,0,1,90753837,1329,4,1329,4,0,0,11
3,720,21.600000,10000.000000,0,1,90753847,1328,4,1328,4,0,0,11
3,720,21.600000,10000.000000,0,1,90753857,1327,4,1327,4,0,0,11
3,720,21.600000,10000.000000,0,1,90753868,1326,5,1326,5,0,0,11
3,720,21.600000,10000.000000,0,1,90753877,1325,6,1325,6,0,0,11
3,720,21.600000,10000.000000,0,1,90753892,1325,6,1325,6,0,0,11
3,720,21.600000,10000.000000,0,1,90753904,1325,6,1325,6,0,0,11
3,720,21.600000,10000.000000,0,1,90753913,1324,6,1324,6,0,0,11
3,720,21.600000,10000.000000,0,1,90753922,1324,6,1324,6,0,0,11
3,720,21.600000,10000.000000,0,1,90753932,1323,6,1323,6,0,0,11
3,720,21.600000,10000.000000,0,1,90753942,1323,6,1323,6,0,0,11
3,720,21.600000,10000.000000,0,1,90753952,1323,6,1323,6,0,0,11
3,720,21.600000,10000.000000,0,1,90753961,1323,6,1323,6,0,0,11
3,720,21.600000,10000.000000,0,1,90753971,1323,6,1323,6,0,0,11
3,720,21.600000,10000.000000,0,1,90753980,1323,6,1323,6,0,0,11
3,720,21.600000,10000.000000,0,1,90753990,1323,6,1323,6,0,0,11
3,720,21.600000,10000.000000,0,1,90754000,1323,6,1323,6,0,0,11
3,720,21.600000,10000.000000,0,1,90754009,1323,6,1323,6,0,0,11
3,720,21.600000,10000.000000,0,1,90754019,1323,6,1323,6,0,0,11
3,720,21.600000,10000.000000,0,1,90754029,1323,6,1323,6,0,0,11
3,720,21.600000,10000.000000,0,1,90754038,1323,6,1323,6,0,0,11
