3,360,50.400000,42.984000,1,1,90904182,780,22,780,22,0,0,93
3,360,50.400000,42.984000,1,1,90904184,780,22,780,22,0,0,93
3,360,50.400000,42.984000,1,1,90904193,782,22,782,22,0,0,93
3,360,50.400000,42.984000,1,1,90904202,784,22,784,22,0,0,93
3,360,50.400000,42.984000,1,1,90904212,784,22,784,22,0,0,93
3,360,50.400000,42.984000,1,1,90904222,784,22,784,22,0,0,93
3,360,50.400000,42.984000,1,1,90904233,784,22,784,22,0,0,93
3,360,50.400000,42.984000,1,1,90904243,784,22,784,22,0,0,93
3,360,50.400000,42.984000,1,1,90904253,784,22,784,22,0,0,93
3,360,50.400000,42.984000,1,1,90904264,784,22,784,22,0,0,93
3,360,50.400000,42.984000,1,1,90904274,784,22,784,22,0,0,93
3,360,50.400000,42.984000,1,1,90904284,784,22,784,22,0,0,93
3,360,50.400000,42.984000,1,1,90904295,784,22,784,22,0,0,93
3,360,50.400000,42.984000,1,1,90904310,784,22,784,22,0,0,93
3,360,50.400000,42.984000,1,1,90904320,784,22,784,22,0,0,93
3,360,50.400000,42.984000,1,1,90904330,784,22,784,22,0,0,93
3,360,50.400000,42.984000,1,1,90904340,784,22,784,22,0,0,93
3,360,50.400000,42.984000,1,1,90904350,785,22,785,22,0,0,93
3,360,50.400000,42.984000,1,1,90904361,788,21,788,21,0,0,93
3,360,50.400000,42.984000,1,1,90904372,794,20,794,20,0,0,93
3,360,50.400000,42.984000,1,1,90904383,800,19,800,19,0,0,93
3,360,50.400000,42.984000,1,1,90904394,808,17,808,17,0,0,93
3,360,50.400000,42.984000,1,1,90904405,817,15,817,15,0,0,93
3,360,50.400000,42.984000,1,1,90904415,827,14,827,14,0,0,93
3,360,50.400000,42.984000,1,1,90904425,843,12,843,12,0,0,93
3,360,50.400000,42.984000,1,1,90904438,861,11,861,11,0,0,93
3,360,50.400000,42.984000,1,1,90904449,886,11,886,11,0,0,93
3,360,50.400000,42.984000,1,1,90904465,907,10,907,10,0,0,93
3,360,50.400000,42.984000,1,1,90904476,929,9,929,9,0,0,93
3,360,50.400000,42.984000,1,1,90904486,940,7,940,7,0,0,93
3,360,50.400000,42.984000,1,1,90904497,949,7,949,7,0,0,93
3,360,50.400000,42.984000,1,1,90904507,960,6,960,6,0,0,93
3,360,50.400000,42.984000,1,1,90904518,972,6,972,6,0,0,93
3,360,50.400000,42.984000,1,1,90904529,986,5,986,5,0,0,93
3,360,50.400000,42.984000,1,1,90904540,996,5,996,5,0,0,93
3,360,50.400000,42.984000,1,1,90904556,1005,5,1005,5,0,0,93
3,360,50.400000,42.984000,1,1,90904566,1013,5,1013,5,0,0,93
3,360,50.400000,42.984000,1,1,90904576,1016,5,1016,5,0,0,93
3,360,50.400000,42.984000,1,1,90904587,1018,5,1018,5,0,0,93
3,360,50.400000,42.984000,1,1,90904597,1022,5,1022,5,0,0,93
3,360,50.400000,42.984000,1,1,90904608,1028,5,1028,5,0,0,93
3,360,50.400000,42.984000,1,1,90904620,1038,6,1038,6,0,0,93
3,360,50.400000,42.984000,1,1,90904631,1050,7,1050,7,0,0,93
3,360,50.400000,42.984000,1,1,90904641,1066,8,1066,8,0,0,93
3,360,50.400000,42.984000,1,1,90904652,1079,9,1079,9,0,0,93
3,360,50.400000,42.984000,1,1,90904662,1094,9,1094,9,0,0,93
3,360,50.400000,42.984000,1,1,90904673,1106,9,1106,9,0,0,93
3,360,50.400000,42.984000,1,1,90904683,1114,9,1114,9,0,0,93
3,360,50.400000,42.984000,1,1,90904692,1115,9,1115,9,0,0,93
3,360,50.400000,42.984000,1,1,90904703,1115,9,1115,9,0,0,93
3,360,50.400000,42.984000,1,1,90904713,1115,9,1115,9,0,0,93
3,360,50.400000,42.984000,1,1,90904723,1115,9,1115,9,0,0,93
3,360,50.400000,42.984000,1,1,90904733,1115,9,1115,9,0,0,93
3,360,50.400000,42.984000,1,1,90904743,1115,9,1115,9,0,0,93
3,360,50.400000,42.984000,1,1,90904752,1115,9,1115,9,0,0,93
3,360,50.400000,42.984000,1,1,90904762,1115,9,1115,9,0,0,93
3,360,50.400000,42.984000,1,1,90904772,1115,9,1115,9,0,0,93
3,360,50.400000,42.984000,1,1,90904782,1115,9,1115,9,0,0,93
3,360,50.400000,42.984000,1,1,90904792,1115,9,1115,9,0,0,93
3,360,50.400000,42.984000,1,1,90904802,1115,9,1115,9,0,0,93
3,360,50.400000,42.984000,1,1,90904813,1115,9,1115,9,0,0,93
3,360,50.400000,42.984000,1,1,90904823,1115,9,1115,9,0,0,93
3,360,50.400000,42.984000,1,1,90904833,1116,9,1116,9,0,0,93
3,360,50.400000,42.984000,1,1,90904843,1117,9,1117,9,0,0,93
3,360,50.400000,42.984000,1,1,90904852,1118,9,1118,9,0,0,93
3,360,50.400000,42.984000,1,1,90904862,1119,9,1119,9,0,0,93
3,360,50.400000,42.984000,1,1,90904872,1119,9,1119,9,0,0,93
3,360,50.400000,42.984000,1,1,90904882,1119,9,1119,9,0,0,93
3,360,50.400000,42.984000,1,1,90904892,1119,9,1119,9,0,0,93
3,360,50.400000,42.984000,1,1,90904901,1119,9,1119,9,0,0,93
