3,360,21.600000,10000.000000,1,0,90791848,780,0,780,0,0,0,33
3,360,21.600000,10000.000000,1,0,90791849,780,0,780,0,0,0,33
3,360,21.600000,10000.000000,1,0,90791859,780,0,780,0,0,0,33
3,360,21.600000,10000.000000,1,0,90791869,780,0,780,0,0,0,33
3,360,21.600000,10000.000000,1,0,90791879,780,0,780,0,0,0,33
3,360,21.600000,10000.000000,1,0,90791894,780,0,780,0,0,0,33
3,360,21.600000,10000.000000,1,0,90791910,780,0,780,0,0,0,33
3,360,21.600000,10000.000000,1,0,90791920,780,0,780,0,0,0,33
3,360,21.600000,10000.000000,1,0,90791929,780,0,780,0,0,0,33
3,360,21.600000,10000.000000,1,0,90791938,780,0,780,0,0,0,33
3,360,21.600000,10000.000000,1,0,90791948,780,0,780,0,0,0,33
3,360,21.600000,10000.000000,1,0,90791958,780,0,780,0,0,0,33
3,360,21.600000,10000.000000,1,0,90791973,780,0,780,0,0,0,33
3,360,21.600000,10000.000000,1,0,90791989,780,0,780,0,0,0,33
3,360,21.600000,10000.000000,1,0,90792000,783,0,783,-1,0,0,33
3,360,21.600000,10000.000000,1,0,90792012,789,0,789,-1,0,0,33
3,360,21.600000,10000.000000,1,0,90792022,800,0,800,-2,0,0,33
3,360,21.600000,10000.000000,1,0,90792033,815,0,815,-3,0,0,33
3,360,21.600000,10000.000000,1,0,90792049,838,0,838,-3,0,0,33
3,360,21.600000,10000.000000,1,0,90792059,875,0,875,-3,0,0,33
3,360,21.600000,10000.000000,1,0,90792071,901,0,901,-3,0,0,33
3,360,21.600000,10000.000000,1,0,90792082,928,0,928,-3,0,0,33
3,360,21.600000,10000.000000,1,0,90792092,964,0,964,-3,0,0,33
3,360,21.600000,10000.000000,1,0,90792103,1002,3,1002,0,0,0,33
3,360,21.600000,10000.000000,1,0,90792116,1037,6,1037,3,0,0,33
3,360,21.600000,10000.000000,1,0,90792126,1067,7,1067,4,0,0,33
3,360,21.600000,10000.000000,1,0,90792136,1089,7,1089,4,0,0,33
3,360,21.600000,10000.000000,1,0,90792148,1106,7,1106,4,0,0,33
3,360,21.600000,10000.000000,1,0,90792159,1123,7,1123,4,0,0,33
3,360,21.600000,10000.000000,1,0,90792169,1134,7,1134,4,0,0,33
3,360,21.600000,10000.000000,1,0,90792180,1143,7,1143,4,0,0,33
3,360,21.600000,10000.000000,1,0,90792190,1148,7,1148,4,0,0,33
3,360,21.600000,10000.000000,1,0,90792201,1151,7,1151,4,0,0,33
3,360,21.600000,10000.000000,1,0,90792211,1151,7,1151,4,0,0,33
3,360,21.600000,10000.000000,1,0,90792221,1151,7,1151,4,0,0,33
3,360,21.600000,10000.000000,1,0,90792231,1151,7,1151,4,0,0,33
3,360,21.600000,10000.000000,1,0,90792241,1151,7,1151,4,0,0,33
3,360,21.600000,10000.000000,1,0,90792250,1151,7,1151,4,0,0,33
3,360,21.600000,10000.000000,1,0,90792261,1151,7,1151,4,0,0,33
3,360,21.600000,10000.000000,1,0,90792271,1151,7,1151,4,0,0,33
3,360,21.600000,10000.000000,1,0,90792281,1151,7,1151,4,0,0,33
3,360,21.600000,10000.000000,1,0,90792296,1151,7,1151,4,0,0,33
3,360,21.600000,10000.000000,1,0,90792308,1151,7,1151,4,0,0,33
3,360,21.600000,10000.000000,1,0,90792319,1151,7,1151,4,0,0,33
3,360,21.600000,10000.000000,1,0,90792333,1151,7,1151,4,0,0,33
3,360,21.600000,10000.000000,1,0,90792350,1151,7,1151,4,0,0,33
3,360,21.600000,10000.000000,1,0,90792366,1151,7,1151,4,0,0,33
3,360,21.600000,10000.000000,1,0,90792375,1151,7,1151,4,0,0,33
3,360,21.600000,10000.000000,1,0,90792385,1151,7,1151,4,0,0,33
3,360,21.600000,10000.000000,1,0,90792395,1151,7,1151,4,0,0,33
3,360,21.600000,10000.000000,1,0,90792404,1151,7,1151,4,0,0,33
3,360,21.600000,10000.000000,1,0,90792415,1151,7,1151,4,0,0,33
3,360,21.600000,10000.000000,1,0,90792424,1149,6,1149,3,0,0,33
3,360,21.600000,10000.000000,1,0,90792434,1149,6,1149,3,0,0,33
3,360,21.600000,10000.000000,1,0,90792443,1148,6,1148,3,0,0,33
3,360,21.600000,10000.000000,1,0,90792453,1147,6,1147,3,0,0,33
3,360,21.600000,10000.000000,1,0,90792463,1147,6,1147,3,0,0,33
3,360,21.600000,10000.000000,1,0,90792473,1147,6,1147,3,0,0,33
3,360,21.600000,10000.000000,1,0,90792482,1147,6,1147,3,0,0,33
3,360,21.600000,10000.000000,1,0,90792492,1147,6,1147,3,0,0,33
3,360,21.600000,10000.000000,1,0,90792501,1147,6,1147,3,0,0,33
3,360,21.600000,10000.000000,1,0,90792512,1147,6,1147,3,0,0,33
3,360,21.600000,10000.000000,1,0,90792521,1147,6,1147,3,0,0,33
3,360,21.600000,10000.000000,1,0,90792531,1147,6,1147,3,0,0,33
3,360,21.600000,10000.000000,1,0,90792541,1147,6,1147,3,0,0,33
3,360,21.600000,10000.000000,1,0,90792551,1147,6,1147,3,0,0,33
3,360,21.600000,10000.000000,1,0,90792560,1147,5,1147,2,0,0,33
