3,360,50.400000,0.000000,0,1,91177829,780,22,780,22,0,1,117
3,360,50.400000,0.000000,0,1,91177830,780,22,780,22,0,1,117
3,360,50.400000,0.000000,0,1,91177840,780,22,780,22,0,1,117
3,360,50.400000,0.000000,0,1,91177850,780,22,780,22,0,1,117
3,360,50.400000,0.000000,0,1,91177860,780,22,780,22,0,1,117
3,360,50.400000,0.000000,0,1,91177869,780,22,780,22,0,1,117
3,360,50.400000,0.000000,0,1,91177879,780,22,780,22,0,1,117
3,360,50.400000,0.000000,0,1,91177889,780,22,780,22,0,1,117
3,360,50.400000,0.000000,0,1,91177899,780,22,780,22,0,1,117
3,360,50.400000,0.000000,0,1,91177908,780,22,780,22,0,1,117
3,360,50.400000,0.000000,0,1,91177918,780,22,780,22,0,1,117
3,360,50.400000,0.000000,0,1,91177928,780,22,780,22,0,1,117
3,360,50.400000,0.000000,0,1,91177938,780,22,780,22,0,1,117
3,360,50.400000,0.000000,0,1,91177948,780,22,780,22,0,1,117
3,360,50.400000,0.000000,0,1,91177958,780,22,780,22,0,1,117
3,360,50.400000,0.000000,0,1,91177967,780,22,780,22,0,1,117
3,360,50.400000,0.000000,0,1,91177981,780,22,780,22,0,1,117
3,360,50.400000,0.000000,0,1,91177991,782,19,782,19,0,1,117
3,360,50.400000,0.000000,0,1,91178002,784,16,784,16,0,1,117
3,360,50.400000,0.000000,0,1,91178014,787,12,787,12,0,1,117
3,360,50.400000,0.000000,0,1,91178026,791,7,791,7,0,1,117
3,360,50.400000,0.000000,0,1,91178042,796,2,796,2,0,1,117
3,360,50.400000,0.000000,0,1,91178052,805,0,805,-5,0,1,117
3,360,50.400000,0.000000,0,1,91178064,812,0,812,-10,0,1,117
3,360,50.400000,0.000000,0,1,91178074,820,0,820,-14,0,1,117
3,360,50.400000,0.000000,0,1,91178085,830,0,830,-19,0,1,117
3,360,50.400000,0.000000,0,1,91178096,840,0,840,-23,0,1,117
3,360,50.400000,0.000000,0,1,91178107,853,0,853,-28,0,1,117
3,360,50.400000,0.000000,0,1,91178119,864,0,864,-32,0,1,117
3,360,50.400000,0.000000,0,1,91178131,879,0,879,-37,0,1,117
3,360,50.400000,0.000000,0,1,91178142,892,0,892,-41,0,1,117
3,360,50.400000,0.000000,0,1,91178153,908,0,908,-45,0,1,117
3,360,50.400000,0.000000,0,1,91178169,923,0,923,-48,0,1,117
3,360,50.400000,0.000000,0,1,91178180,946,0,946,-52,0,1,117
3,360,50.400000,0.000000,0,1,91178191,960,0,960,-55,0,1,117
3,360,50.400000,0.000000,0,1,91178202,977,0,977,-58,0,1,117
3,360,50.400000,0.000000,0,1,91178213,988,0,988,-59,0,1,117
3,360,50.400000,0.000000,0,1,91178224,999,0,999,-60,0,1,117
3,360,50.400000,0.000000,0,1,91178237,1009,0,1009,-61,0,1,117
3,360,50.400000,0.000000,0,1,91178247,1019,0,1019,-62,0,1,117
3,360,50.400000,0.000000,0,1,91178259,1030,0,1030,-63,0,1,117
3,360,50.400000,0.000000,0,1,91178270,1041,0,1041,-63,0,1,117
3,360,50.400000,0.000000,0,1,91178287,1052,0,1052,-65,0,1,117
3,360,50.400000,0.000000,0,1,91178298,1067,0,1067,-67,0,1,117
3,360,50.400000,0.000000,0,1,91178307,1073,0,1073,-68,0,1,117
3,360,50.400000,0.000000,0,1,91178318,1078,0,1078,-69,0,1,117
3,360,50.400000,0.000000,0,1,91178329,1083,0,1083,-70,0,1,117
3,360,50.400000,0.000000,0,1,91178341,1088,0,1088,-70,0,1,117
3,360,50.400000,0.000000,0,1,91178351,1092,0,1092,-71,0,1,117
3,360,50.400000,0.000000,0,1,91178363,1095,0,1095,-71,0,1,117
3,360,50.400000,0.000000,0,1,91178373,1097,0,1097,-71,0,1,117
3,360,50.400000,0.000000,0,1,91178383,1099,0,1099,-72,0,1,117
3,360,50.400000,0.000000,0,1,91178394,1102,0,1102,-72,0,1,117
3,360,50.400000,0.000000,0,1,91178404,1105,0,1105,-73,0,1,117
3,360,50.400000,0.000000,0,1,91178413,1107,0,1107,-74,0,1,117
3,360,50.400000,0.000000,0,1,91178423,1108,0,1108,-74,0,1,117
3,360,50.400000,0.000000,0,1,91178434,1108,0,1108,-74,0,1,117
3,360,50.400000,0.000000,0,1,91178444,1108,0,1108,-74,0,1,117
3,360,50.400000,0.000000,0,1,91178453,1108,0,1108,-74,0,1,117
3,360,50.400000,0.000000,0,1,91178463,1108,0,1108,-74,0,1,117
3,360,50.400000,0.000000,0,1,91178473,1108,0,1108,-74,0,1,117
3,360,50.400000,0.000000,0,1,91178483,1108,0,1108,-74,0,1,117
3,360,50.400000,0.000000,0,1,91178494,1108,0,1108,-74,0,1,117
3,360,50.400000,0.000000,0,1,91178504,1108,0,1108,-74,0,1,117
3,360,50.400000,0.000000,0,1,91178514,1108,0,1108,-74,0,1,117
3,360,50.400000,0.000000,0,1,91178524,1108,0,1108,-74,0,1,117
3,360,50.400000,0.000000,0,1,91178534,1108,0,1108,-74,0,1,117
3,360,50.400000,0.000000,0,1,91178544,1108,0,1108,-74,0,1,117
3,360,50.400000,0.000000,0,1,91178553,1108,0,1108,-74,0,1,117
3,360,50.400000,0.000000,0,1,91178563,1108,0,1108,-74,0,1,117
3,360,50.400000,0.000000,0,1,91178573,1108,0,1108,-74,0,1,117
3,360,50.400000,0.000000,0,1,91178583,1108,0,1108,-74,0,1,117
3,360,50.400000,0.000000,0,1,91178592,1108,0,1108,-74,0,1,117
3,360,50.400000,0.000000,0,1,91178602,1108,0,1108,-74,0,1,117
3,360,50.400000,0.000000,0,1,91178612,1108,0,1108,-74,0,1,117
3,360,50.400000,0.000000,0,1,91178622,1108,0,1108,-74,0,1,117
3,360,50.400000,0.000000,0,1,91178632,1108,0,1108,-74,0,1,117
3,360,50.400000,0.000000,0,1,91178642,1108,0,1108,-74,0,1,117
3,360,50.400000,0.000000,0,1,91178652,1108,0,1108,-74,0,1,117
3,360,50.400000,0.000000,0,1,91178662,1108,0,1108,-74,0,1,117
3,360,50.400000,0.000000,0,1,91178673,1110,0,1110,-75,0,1,117
3,360,50.400000,0.000000,0,1,91178683,1112,0,1112,-75,0,1,117
3,360,50.400000,0.000000,0,1,91178693,1116,0,1116,-75,0,1,117
3,360,50.400000,0.000000,0,1,91178704,1119,0,1119,-77,0,1,117
3,360,50.400000,0.000000,0,1,91178714,1123,0,1123,-77,0,1,117
3,360,50.400000,0.000000,0,1,91178725,1128,0,1128,-77,0,1,117
3,360,50.400000,0.000000,0,1,91178736,1133,0,1133,-78,0,1,117
3,360,50.400000,0.000000,0,1,91178747,1137,0,1137,-79,0,1,117
3,360,50.400000,0.000000,0,1,91178757,1139,0,1139,-79,0,1,117
3,360,50.400000,0.000000,0,1,91178766,1139,0,1139,-79,0,1,117
3,360,50.400000,0.000000,0,1,91178776,1139,0,1139,-79,0,1,117
3,360,50.400000,0.000000,0,1,91178786,1139,0,1139,-79,0,1,117
3,360,50.400000,0.000000,0,1,91178796,1139,0,1139,-79,0,1,117
3,360,50.400000,0.000000,0,1,91178806,1139,0,1139,-79,0,1,117
3,360,50.400000,0.000000,0,1,91178816,1139,0,1139,-79,0,1,117
3,360,50.400000,0.000000,0,1,91178825,1139,0,1139,-79,0,1,117
3,360,50.400000,0.000000,0,1,91178835,1139,0,1139,-79,0,1,117
3,360,50.400000,0.000000,0,1,91178845,1139,0,1139,-79,0,1,117
3,360,50.400000,0.000000,0,1,91178854,1139,0,1139,-79,0,1,117
