3,360,50.400000,10000.000000,1,0,90999245,780,0,780,0,0,1,21
3,360,50.400000,10000.000000,1,0,90999247,780,0,780,0,0,1,21
3,360,50.400000,10000.000000,1,0,90999260,780,0,780,0,0,1,21
3,360,50.400000,10000.000000,1,0,90999271,780,0,780,0,0,1,21
3,360,50.400000,10000.000000,1,0,90999281,780,0,780,0,0,1,21
3,360,50.400000,10000.000000,1,0,90999291,780,0,780,0,0,1,21
3,360,50.400000,10000.000000,1,0,90999301,780,0,780,0,0,1,21
3,360,50.400000,10000.000000,1,0,90999312,780,0,780,0,0,1,21
3,360,50.400000,10000.000000,1,0,90999323,780,0,780,0,0,1,21
3,360,50.400000,10000.000000,1,0,90999335,784,0,784,0,0,1,21
3,360,50.400000,10000.000000,1,0,90999347,793,0,793,-1,0,1,21
3,360,50.400000,10000.000000,1,0,90999357,803,0,803,-3,0,1,21
3,360,50.400000,10000.000000,1,0,90999367,816,0,816,-5,0,1,21
3,360,50.400000,10000.000000,1,0,90999378,832,0,832,-6,0,1,21
3,360,50.400000,10000.000000,1,0,90999389,850,0,850,-7,0,1,21
3,360,50.400000,10000.000000,1,0,90999400,874,0,874,-9,0,1,21
3,360,50.400000,10000.000000,1,0,90999410,905,0,905,-10,0,1,21
3,360,50.400000,10000.000000,1,0,90999421,931,0,931,-10,0,1,21
3,360,50.400000,10000.000000,1,0,90999432,957,0,957,-10,0,1,21
3,360,50.400000,10000.000000,1,0,90999442,975,0,975,-11,0,1,21
3,360,50.400000,10000.000000,1,0,90999453,990,0,990,-11,0,1,21
3,360,50.400000,10000.000000,1,0,90999464,1002,0,1002,-12,0,1,21
3,360,50.400000,10000.000000,1,0,90999476,1010,0,1010,-12,0,1,21
3,360,50.400000,10000.000000,1,0,90999491,1017,0,1017,-12,0,1,21
3,360,50.400000,10000.000000,1,0,90999502,1025,0,1025,-12,0,1,21
3,360,50.400000,10000.000000,1,0,90999512,1031,0,1031,-12,0,1,21
3,360,50.400000,10000.000000,1,0,90999523,1038,0,1038,-12,0,1,21
3,360,50.400000,10000.000000,1,0,90999534,1046,0,1046,-13,0,1,21
3,360,50.400000,10000.000000,1,0,90999544,1054,0,1054,-14,0,1,21
3,360,50.400000,10000.000000,1,0,90999555,1060,0,1060,-15,0,1,21
3,360,50.400000,10000.000000,1,0,90999566,1064,0,1064,-15,0,1,21
3,360,50.400000,10000.000000,1,0,90999577,1067,0,1067,-15,0,1,21
3,360,50.400000,10000.000000,1,0,90999587,1071,0,1071,-16,0,1,21
3,360,50.400000,10000.000000,1,0,90999597,1074,0,1074,-16,0,1,21
3,360,50.400000,10000.000000,1,0,90999608,1080,0,1080,-17,0,1,21
3,360,50.400000,10000.000000,1,0,90999619,1087,0,1087,-17,0,1,21
3,360,50.400000,10000.000000,1,0,90999629,1094,0,1094,-17,0,1,21
3,360,50.400000,10000.000000,1,0,90999640,1102,0,1102,-17,0,1,21
3,360,50.400000,10000.000000,1,0,90999653,1107,0,1107,-18,0,1,21
3,360,50.400000,10000.000000,1,0,90999663,1113,0,1113,-18,0,1,21
3,360,50.400000,10000.000000,1,0,90999678,1115,0,1115,-18,0,1,21
3,360,50.400000,10000.000000,1,0,90999688,1117,0,1117,-18,0,1,21
3,360,50.400000,10000.000000,1,0,90999699,1119,0,1119,-18,0,1,21
3,360,50.400000,10000.000000,1,0,90999709,1121,0,1121,-18,0,1,21
3,360,50.400000,10000.000000,1,0,90999720,1125,0,1125,-18,0,1,21
3,360,50.400000,10000.000000,1,0,90999737,1130,0,1130,-18,0,1,21
3,360,50.400000,10000.000000,1,0,90999747,1137,0,1137,-19,0,1,21
3,360,50.400000,10000.000000,1,0,90999757,1140,0,1140,-19,0,1,21
3,360,50.400000,10000.000000,1,0,90999767,1142,0,1142,-19,0,1,21
3,360,50.400000,10000.000000,1,0,90999777,1143,0,1143,-19,0,1,21
3,360,50.400000,10000.000000,1,0,90999786,1143,0,1143,-19,0,1,21
3,360,50.400000,10000.000000,1,0,90999796,1143,0,1143,-19,0,1,21
3,360,50.400000,10000.000000,1,0,90999807,1143,0,1143,-19,0,1,21
3,360,50.400000,10000.000000,1,0,90999817,1143,0,1143,-19,0,1,21
3,360,50.400000,10000.000000,1,0,90999827,1143,0,1143,-19,0,1,21
3,360,50.400000,10000.000000,1,0,90999836,1143,0,1143,-19,0,1,21
