3,720,21.600000,10000.000000,1,0,90995517,600,0,600,0,0,1,19
3,720,21.600000,10000.000000,1,0,90995518,600,0,600,0,0,1,19
3,720,21.600000,10000.000000,1,0,90995529,600,0,600,0,0,1,19
3,720,21.600000,10000.000000,1,0,90995539,600,0,600,0,0,1,19
3,720,21.600000,10000.000000,1,0,90995549,600,0,600,0,0,1,19
3,720,21.600000,10000.000000,1,0,90995559,600,0,600,0,0,1,19
3,720,21.600000,10000.000000,1,0,90995570,600,0,600,0,0,1,19
3,720,21.600000,10000.000000,1,0,90995579,600,0,600,0,0,1,19
3,720,21.600000,10000.000000,1,0,90995593,600,0,600,0,0,1,19
3,720,21.600000,10000.000000,1,0,90995609,602,0,602,0,0,1,19
3,720,21.600000,10000.000000,1,0,90995620,609,0,609,-2,0,1,19
3,720,21.600000,10000.000000,1,0,90995631,617,0,617,-4,0,1,19
3,720,21.600000,10000.000000,1,0,90995642,630,0,630,-6,0,1,19
3,720,21.600000,10000.000000,1,0,90995655,650,0,650,-8,0,1,19
3,720,21.600000,10000.000000,1,0,90995665,679,0,679,-9,0,1,19
3,720,21.600000,10000.000000,1,0,90995682,708,0,708,-10,0,1,19
3,720,21.600000,10000.000000,1,0,90995692,763,0,763,-13,0,1,19
3,720,21.600000,10000.000000,1,0,90995703,796,0,796,-14,0,1,19
3,720,21.600000,10000.000000,1,0,90995714,835,0,835,-15,0,1,19
3,720,21.600000,10000.000000,1,0,90995725,877,0,877,-16,0,1,19
3,720,21.600000,10000.000000,1,0,90995736,906,0,906,-16,0,1,19
3,720,21.600000,10000.000000,1,0,90995747,939,0,939,-16,0,1,19
3,720,21.600000,10000.000000,1,0,90995757,969,0,969,-16,0,1,19
3,720,21.600000,10000.000000,1,0,90995769,1007,0,1007,-16,0,1,19
3,720,21.600000,10000.000000,1,0,90995780,1039,0,1039,-16,0,1,19
3,720,21.600000,10000.000000,1,0,90995791,1070,1,1070,-15,0,1,19
3,720,21.600000,10000.000000,1,0,90995802,1095,1,1095,-15,0,1,19
3,720,21.600000,10000.000000,1,0,90995813,1114,2,1114,-14,0,1,19
3,720,21.600000,10000.000000,1,0,90995824,1133,2,1133,-14,0,1,19
3,720,21.600000,10000.000000,1,0,90995836,1147,2,1147,-14,0,1,19
3,720,21.600000,10000.000000,1,0,90995852,1162,2,1162,-14,0,1,19
3,720,21.600000,10000.000000,1,0,90995862,1179,2,1179,-14,0,1,19
3,720,21.600000,10000.000000,1,0,90995874,1185,2,1185,-14,0,1,19
3,720,21.600000,10000.000000,1,0,90995886,1192,2,1192,-14,0,1,19
3,720,21.600000,10000.000000,1,0,90995897,1198,2,1198,-14,0,1,19
3,720,21.600000,10000.000000,1,0,90995907,1202,2,1202,-14,0,1,19
3,720,21.600000,10000.000000,1,0,90995917,1205,2,1205,-14,0,1,19
3,720,21.600000,10000.000000,1,0,90995927,1207,2,1207,-14,0,1,19
3,720,21.600000,10000.000000,1,0,90995937,1208,2,1208,-14,0,1,19
3,720,21.600000,10000.000000,1,0,90995947,1208,2,1208,-14,0,1,19
3,720,21.600000,10000.000000,1,0,90995958,1208,2,1208,-14,0,1,19
3,720,21.600000,10000.000000,1,0,90995969,1210,2,1210,-14,0,1,19
3,720,21.600000,10000.000000,1,0,90995981,1215,2,1215,-14,0,1,19
3,720,21.600000,10000.000000,1,0,90995993,1223,2,1223,-14,0,1,19
3,720,21.600000,10000.000000,1,0,90996004,1232,3,1232,-13,0,1,19
3,720,21.600000,10000.000000,1,0,90996015,1239,3,1239,-13,0,1,19
3,720,21.600000,10000.000000,1,0,90996026,1247,3,1247,-13,0,1,19
3,720,21.600000,10000.000000,1,0,90996037,1255,4,1255,-12,0,1,19
3,720,21.600000,10000.000000,1,0,90996048,1263,4,1263,-12,0,1,19
3,720,21.600000,10000.000000,1,0,90996059,1270,4,1270,-12,0,1,19
3,720,21.600000,10000.000000,1,0,90996069,1277,4,1277,-12,0,1,19
3,720,21.600000,10000.000000,1,0,90996081,1283,5,1283,-11,0,1,19
3,720,21.600000,10000.000000,1,0,90996092,1295,6,1295,-10,0,1,19
3,720,21.600000,10000.000000,1,0,90996101,1299,7,1299,-9,0,1,19
3,720,21.600000,10000.000000,1,0,90996113,1302,7,1302,-9,0,1,19
3,720,21.600000,10000.000000,1,0,90996123,1304,8,1304,-8,0,1,19
3,720,21.600000,10000.000000,1,0,90996134,1305,8,1305,-8,0,1,19
3,720,21.600000,10000.000000,1,0,90996146,1307,8,1307,-8,0,1,19
3,720,21.600000,10000.000000,1,0,90996157,1308,9,1308,-7,0,1,19
3,720,21.600000,10000.000000,1,0,90996167,1311,9,1311,-7,0,1,19
3,720,21.600000,10000.000000,1,0,90996177,1314,9,1314,-7,0,1,19
3,720,21.600000,10000.000000,1,0,90996189,1320,9,1320,-7,0,1,19
3,720,21.600000,10000.000000,1,0,90996199,1325,10,1325,-6,0,1,19
3,720,21.600000,10000.000000,1,0,90996211,1329,10,1329,-6,0,1,19
3,720,21.600000,10000.000000,1,0,90996221,1331,10,1331,-6,0,1,19
3,720,21.600000,10000.000000,1,0,90996231,1333,10,1333,-6,0,1,19
3,720,21.600000,10000.000000,1,0,90996241,1334,10,1334,-6,0,1,19
3,720,21.600000,10000.000000,1,0,90996250,1335,10,1335,-6,0,1,19
3,720,21.600000,10000.000000,1,0,90996260,1335,10,1335,-6,0,1,19
3,720,21.600000,10000.000000,1,0,90996270,1335,10,1335,-6,0,1,19
3,720,21.600000,10000.000000,1,0,90996279,1335,10,1335,-6,0,1,19
3,720,21.600000,10000.000000,1,0,90996289,1335,10,1335,-6,0,1,19
3,720,21.600000,10000.000000,1,0,90996299,1335,10,1335,-6,0,1,19
3,720,21.600000,10000.000000,1,0,90996309,1335,10,1335,-6,0,1,19
3,720,21.600000,10000.000000,1,0,90996318,1335,10,1335,-6,0,1,19
3,720,21.600000,10000.000000,1,0,90996328,1335,10,1335,-6,0,1,19
3,720,21.600000,10000.000000,1,0,90996338,1335,10,1335,-6,0,1,19
3,720,21.600000,10000.000000,1,0,90996348,1335,10,1335,-6,0,1,19
3,720,21.600000,10000.000000,1,0,90996357,1335,10,1335,-6,0,1,19
3,720,21.600000,10000.000000,1,0,90996367,1335,10,1335,-6,0,1,19
3,720,21.600000,10000.000000,1,0,90996376,1335,10,1335,-6,1,1,19
