3,720,21.600000,42.984000,1,1,91180370,600,22,600,22,0,1,118
3,720,21.600000,42.984000,1,1,91180370,600,22,600,22,0,1,118
3,720,21.600000,42.984000,1,1,91180380,600,22,600,22,0,1,118
3,720,21.600000,42.984000,1,1,91180391,600,22,600,22,0,1,118
3,720,21.600000,42.984000,1,1,91180401,600,22,600,22,0,1,118
3,720,21.600000,42.984000,1,1,91180411,600,22,600,22,0,1,118
3,720,21.600000,42.984000,1,1,91180421,600,22,600,22,0,1,118
3,720,21.600000,42.984000,1,1,91180431,600,22,600,22,0,1,118
3,720,21.600000,42.984000,1,1,91180441,600,22,600,22,0,1,118
3,720,21.600000,42.984000,1,1,91180451,600,22,600,22,0,1,118
3,720,21.600000,42.984000,1,1,91180461,600,22,600,22,0,1,118
3,720,21.600000,42.984000,1,1,91180471,600,22,600,22,0,1,118
3,720,21.600000,42.984000,1,1,91180481,600,22,600,22,0,1,118
3,720,21.600000,42.984000,1,1,91180491,600,22,600,22,0,1,118
3,720,21.600000,42.984000,1,1,91180501,600,21,600,21,0,1,118
3,720,21.600000,42.984000,1,1,91180512,601,20,601,20,0,1,118
3,720,21.600000,42.984000,1,1,91180523,602,19,602,19,0,1,118
3,720,21.600000,42.984000,1,1,91180533,603,19,603,19,0,1,118
3,720,21.600000,42.984000,1,1,91180544,605,18,605,18,0,1,118
3,720,21.600000,42.984000,1,1,91180556,608,16,608,16,0,1,118
3,720,21.600000,42.984000,1,1,91180572,613,13,613,13,0,1,118
3,720,21.600000,42.984000,1,1,91180588,625,9,625,9,0,1,118
3,720,21.600000,42.984000,1,1,91180599,642,5,642,5,0,1,118
3,720,21.600000,42.984000,1,1,91180610,656,2,656,2,0,1,118
3,720,21.600000,42.984000,1,1,91180621,676,0,676,-2,0,1,118
3,720,21.600000,42.984000,1,1,91180632,696,0,696,-7,0,1,118
3,720,21.600000,42.984000,1,1,91180643,721,0,721,-13,0,1,118
3,720,21.600000,42.984000,1,1,91180654,750,0,750,-20,0,1,118
3,720,21.600000,42.984000,1,1,91180665,779,0,779,-27,0,1,118
3,720,21.600000,42.984000,1,1,91180677,807,0,807,-34,0,1,118
3,720,21.600000,42.984000,1,1,91180687,838,0,838,-43,0,1,118
3,720,21.600000,42.984000,1,1,91180698,870,0,870,-53,0,1,118
3,720,21.600000,42.984000,1,1,91180708,900,0,900,-60,0,1,118
3,720,21.600000,42.984000,1,1,91180718,927,0,927,-67,0,1,118
3,720,21.600000,42.984000,1,1,91180729,957,0,957,-73,0,1,118
3,720,21.600000,42.984000,1,1,91180739,985,0,985,-78,0,1,118
3,720,21.600000,42.984000,1,1,91180750,1011,0,1011,-82,0,1,118
3,720,21.600000,42.984000,1,1,91180760,1035,0,1035,-86,0,1,118
3,720,21.600000,42.984000,1,1,91180771,1059,0,1059,-90,0,1,118
3,720,21.600000,42.984000,1,1,91180782,1083,0,1083,-94,0,1,118
3,720,21.600000,42.984000,1,1,91180793,1106,0,1106,-98,0,1,118
3,720,21.600000,42.984000,1,1,91180804,1129,0,1129,-102,0,1,118
3,720,21.600000,42.984000,1,1,91180815,1151,0,1151,-107,0,1,118
3,720,21.600000,42.984000,1,1,91180826,1168,0,1168,-112,0,1,118
3,720,21.600000,42.984000,1,1,91180836,1182,0,1182,-115,0,1,118
3,720,21.600000,42.984000,1,1,91180847,1193,0,1193,-118,0,1,118
3,720,21.600000,42.984000,1,1,91180858,1200,0,1200,-120,0,1,118
3,720,21.600000,42.984000,1,1,91180868,1208,0,1208,-122,0,1,118
3,720,21.600000,42.984000,1,1,91180878,1215,0,1215,-123,0,1,118
3,720,21.600000,42.984000,1,1,91180889,1223,0,1223,-126,0,1,118
3,720,21.600000,42.984000,1,1,91180899,1230,0,1230,-127,0,1,118
3,720,21.600000,42.984000,1,1,91180910,1237,0,1237,-128,0,1,118
3,720,21.600000,42.984000,1,1,91180920,1243,0,1243,-129,0,1,118
3,720,21.600000,42.984000,1,1,91180931,1248,0,1248,-129,0,1,118
3,720,21.600000,42.984000,1,1,91180943,1254,0,1254,-129,0,1,118
3,720,21.600000,42.984000,1,1,91180954,1261,0,1261,-129,0,1,118
3,720,21.600000,42.984000,1,1,91180964,1268,0,1268,-129,0,1,118
3,720,21.600000,42.984000,1,1,91180975,1273,0,1273,-129,0,1,118
3,720,21.600000,42.984000,1,1,91180986,1277,0,1277,-129,0,1,118
3,720,21.600000,42.984000,1,1,91180997,1280,0,1280,-129,0,1,118
3,720,21.600000,42.984000,1,1,91181007,1282,0,1282,-130,0,1,118
3,720,21.600000,42.984000,1,1,91181018,1283,0,1283,-130,0,1,118
3,720,21.600000,42.984000,1,1,91181027,1284,0,1284,-131,0,1,118
3,720,21.600000,42.984000,1,1,91181037,1285,0,1285,-132,0,1,118
3,720,21.600000,42.984000,1,1,91181048,1286,0,1286,-132,0,1,118
3,720,21.600000,42.984000,1,1,91181059,1287,0,1287,-132,0,1,118
3,720,21.600000,42.984000,1,1,91181070,1290,0,1290,-133,0,1,118
3,720,21.600000,42.984000,1,1,91181081,1293,0,1293,-133,0,1,118
3,720,21.600000,42.984000,1,1,91181091,1296,0,1296,-133,0,1,118
3,720,21.600000,42.984000,1,1,91181101,1298,0,1298,-133,0,1,118
3,720,21.600000,42.984000,1,1,91181112,1300,0,1300,-133,0,1,118
3,720,21.600000,42.984000,1,1,91181122,1301,0,1301,-133,0,1,118
3,720,21.600000,42.984000,1,1,91181132,1302,0,1302,-133,0,1,118
3,720,21.600000,42.984000,1,1,91181141,1302,0,1302,-134,0,1,118
3,720,21.600000,42.984000,1,1,91181154,1302,0,1302,-134,0,1,118
3,720,21.600000,42.984000,1,1,91181165,1302,0,1302,-134,0,1,118
3,720,21.600000,42.984000,1,1,91181181,1303,0,1303,-134,0,1,118
3,720,21.600000,42.984000,1,1,91181192,1307,0,1307,-136,0,1,118
3,720,21.600000,42.984000,1,1,91181201,1310,0,1310,-137,0,1,118
3,720,21.600000,42.984000,1,1,91181215,1311,0,1311,-137,0,1,118
3,720,21.600000,42.984000,1,1,91181225,1312,0,1312,-137,0,1,118
3,720,21.600000,42.984000,1,1,91181236,1313,0,1313,-138,0,1,118
3,720,21.600000,42.984000,1,1,91181246,1314,0,1314,-138,0,1,118
3,720,21.600000,42.984000,1,1,91181256,1315,0,1315,-138,0,1,118
3,720,21.600000,42.984000,1,1,91181266,1316,0,1316,-139,0,1,118
3,720,21.600000,42.984000,1,1,91181276,1318,0,1318,-139,0,1,118
3,720,21.600000,42.984000,1,1,91181287,1318,0,1318,-140,0,1,118
3,720,21.600000,42.984000,1,1,91181297,1318,0,1318,-140,0,1,118
3,720,21.600000,42.984000,1,1,91181307,1318,0,1318,-140,0,1,118
3,720,21.600000,42.984000,1,1,91181316,1318,0,1318,-140,0,1,118
3,720,21.600000,42.984000,1,1,91181327,1318,0,1318,-140,0,1,118
3,720,21.600000,42.984000,1,1,91181337,1318,0,1318,-140,0,1,118
3,720,21.600000,42.984000,1,1,91181346,1318,0,1318,-140,0,1,118
3,720,21.600000,42.984000,1,1,91181356,1318,0,1318,-140,0,1,118
3,720,21.600000,42.984000,1,1,91181366,1318,0,1318,-140,0,1,118
3,720,21.600000,42.984000,1,1,91181376,1318,0,1318,-140,0,1,118
3,720,21.600000,42.984000,1,1,91181385,1318,0,1318,-140,0,1,118
3,720,21.600000,42.984000,1,1,91181395,1318,0,1318,-140,0,1,118
3,720,21.600000,42.984000,1,1,91181405,1318,0,1318,-140,0,1,118
