3,360,82.800000,12.276000,0,1,90992099,780,22,780,22,0,1,17
3,360,82.800000,12.276000,0,1,90992100,780,22,780,22,0,1,17
3,360,82.800000,12.276000,0,1,90992110,780,22,780,22,0,1,17
3,360,82.800000,12.276000,0,1,90992120,780,22,780,22,0,1,17
3,360,82.800000,12.276000,0,1,90992130,780,22,780,22,0,1,17
3,360,82.800000,12.276000,0,1,90992140,780,22,780,22,0,1,17
3,360,82.800000,12.276000,0,1,90992150,780,22,780,22,0,1,17
3,360,82.800000,12.276000,0,1,90992160,780,22,780,22,0,1,17
3,360,82.800000,12.276000,0,1,90992169,780,22,780,22,0,1,17
3,360,82.800000,12.276000,0,1,90992180,782,22,782,22,0,1,17
3,360,82.800000,12.276000,0,1,90992191,786,22,786,22,0,1,17
3,360,82.800000,12.276000,0,1,90992202,792,20,792,20,0,1,17
3,360,82.800000,12.276000,0,1,90992213,797,19,797,19,0,1,17
3,360,82.800000,12.276000,0,1,90992223,803,17,803,17,0,1,17
3,360,82.800000,12.276000,0,1,90992234,811,16,811,16,0,1,17
3,360,82.800000,12.276000,0,1,90992244,819,15,819,15,0,1,17
3,360,82.800000,12.276000,0,1,90992255,833,14,833,14,0,1,17
3,360,82.800000,12.276000,0,1,90992265,849,13,849,13,0,1,17
3,360,82.800000,12.276000,0,1,90992276,866,13,866,13,0,1,17
3,360,82.800000,12.276000,0,1,90992286,886,12,886,12,0,1,17
3,360,82.800000,12.276000,0,1,90992297,905,12,905,12,0,1,17
3,360,82.800000,12.276000,0,1,90992307,928,12,928,12,0,1,17
3,360,82.800000,12.276000,0,1,90992319,950,12,950,12,0,1,17
3,360,82.800000,12.276000,0,1,90992328,971,12,971,12,0,1,17
3,360,82.800000,12.276000,0,1,90992340,983,12,983,12,0,1,17
3,360,82.800000,12.276000,0,1,90992350,994,12,994,12,0,1,17
3,360,82.800000,12.276000,0,1,90992361,1001,11,1001,11,0,1,17
3,360,82.800000,12.276000,0,1,90992371,1007,11,1007,11,0,1,17
3,360,82.800000,12.276000,0,1,90992381,1013,11,1013,11,0,1,17
3,360,82.800000,12.276000,0,1,90992392,1019,11,1019,11,0,1,17
3,360,82.800000,12.276000,0,1,90992403,1029,10,1029,10,0,1,17
3,360,82.800000,12.276000,0,1,90992414,1039,10,1039,10,0,1,17
3,360,82.800000,12.276000,0,1,90992426,1050,10,1050,10,0,1,17
3,360,82.800000,12.276000,0,1,90992437,1059,9,1059,9,0,1,17
3,360,82.800000,12.276000,0,1,90992447,1065,9,1065,9,0,1,17
3,360,82.800000,12.276000,0,1,90992458,1070,9,1070,9,0,1,17
3,360,82.800000,12.276000,0,1,90992469,1074,9,1074,9,0,1,17
3,360,82.800000,12.276000,0,1,90992479,1079,8,1079,8,0,1,17
3,360,82.800000,12.276000,0,1,90992489,1082,7,1082,7,0,1,17
3,360,82.800000,12.276000,0,1,90992500,1085,7,1085,7,0,1,17
3,360,82.800000,12.276000,0,1,90992511,1088,7,1088,7,0,1,17
3,360,82.800000,12.276000,0,1,90992521,1091,7,1091,7,0,1,17
3,360,82.800000,12.276000,0,1,90992531,1094,6,1094,6,0,1,17
3,360,82.800000,12.276000,0,1,90992542,1096,6,1096,6,0,1,17
3,360,82.800000,12.276000,0,1,90992552,1096,6,1096,6,0,1,17
3,360,82.800000,12.276000,0,1,90992562,1096,6,1096,6,0,1,17
3,360,82.800000,12.276000,0,1,90992572,1096,6,1096,6,0,1,17
3,360,82.800000,12.276000,0,1,90992582,1096,6,1096,6,0,1,17
3,360,82.800000,12.276000,0,1,90992592,1096,6,1096,6,0,1,17
3,360,82.800000,12.276000,0,1,90992603,1098,6,1098,6,0,1,17
3,360,82.800000,12.276000,0,1,90992614,1100,6,1100,6,0,1,17
3,360,82.800000,12.276000,0,1,90992624,1105,6,1105,6,0,1,17
3,360,82.800000,12.276000,0,1,90992635,1111,6,1111,6,0,1,17
3,360,82.800000,12.276000,0,1,90992648,1115,6,1115,6,0,1,17
3,360,82.800000,12.276000,0,1,90992661,1119,5,1119,5,0,1,17
3,360,82.800000,12.276000,0,1,90992672,1121,5,1121,5,0,1,17
3,360,82.800000,12.276000,0,1,90992686,1122,5,1122,5,0,1,17
3,360,82.800000,12.276000,0,1,90992695,1124,5,1124,5,0,1,17
3,360,82.800000,12.276000,0,1,90992706,1124,5,1124,5,0,1,17
3,360,82.800000,12.276000,0,1,90992716,1125,5,1125,5,0,1,17
3,360,82.800000,12.276000,0,1,90992726,1126,5,1126,5,0,1,17
3,360,82.800000,12.276000,0,1,90992737,1128,5,1128,5,0,1,17
3,360,82.800000,12.276000,0,1,90992746,1130,5,1130,5,0,1,17
3,360,82.800000,12.276000,0,1,90992756,1130,5,1130,5,0,1,17
3,360,82.800000,12.276000,0,1,90992766,1130,5,1130,5,0,1,17
