3,720,21.600000,42.984000,1,0,91017722,600,0,600,0,0,1,30
3,720,21.600000,42.984000,1,0,91017723,600,0,600,0,0,1,30
3,720,21.600000,42.984000,1,0,91017733,600,0,600,0,0,1,30
3,720,21.600000,42.984000,1,0,91017743,600,0,600,0,0,1,30
3,720,21.600000,42.984000,1,0,91017752,600,0,600,0,0,1,30
3,720,21.600000,42.984000,1,0,91017762,600,0,600,0,0,1,30
3,720,21.600000,42.984000,1,0,91017772,600,0,600,0,0,1,30
3,720,21.600000,42.984000,1,0,91017786,600,0,600,0,0,1,30
3,720,21.600000,42.984000,1,0,91017797,600,0,600,0,0,1,30
3,720,21.600000,42.984000,1,0,91017807,600,0,600,0,0,1,30
3,720,21.600000,42.984000,1,0,91017818,600,0,600,0,0,1,30
3,720,21.600000,42.984000,1,0,91017828,600,0,600,0,0,1,30
3,720,21.600000,42.984000,1,0,91017839,600,0,600,0,0,1,30
3,720,21.600000,42.984000,1,0,91017850,600,0,600,0,0,1,30
3,720,21.600000,42.984000,1,0,91017865,600,0,600,0,0,1,30
3,720,21.600000,42.984000,1,0,91017876,603,0,603,0,0,1,30
3,720,21.600000,42.984000,1,0,91017887,612,0,612,-1,0,1,30
3,720,21.600000,42.984000,1,0,91017897,628,0,628,-2,0,1,30
3,720,21.600000,42.984000,1,0,91017909,647,0,647,-3,0,1,30
3,720,21.600000,42.984000,1,0,91017920,673,0,673,-4,0,1,30
3,720,21.600000,42.984000,1,0,91017931,703,0,703,-4,0,1,30
3,720,21.600000,42.984000,1,0,91017941,735,0,735,-4,0,1,30
3,720,21.600000,42.984000,1,0,91017952,773,0,773,-4,0,1,30
3,720,21.600000,42.984000,1,0,91017962,808,0,808,-4,0,1,30
3,720,21.600000,42.984000,1,0,91017977,854,0,854,-4,0,1,30
3,720,21.600000,42.984000,1,0,91017992,924,2,924,-2,0,1,30
3,720,21.600000,42.984000,1,0,91018003,1004,4,1004,0,0,1,30
3,720,21.600000,42.984000,1,0,91018013,1056,6,1056,2,0,1,30
3,720,21.600000,42.984000,1,0,91018024,1099,7,1099,3,0,1,30
3,720,21.600000,42.984000,1,0,91018035,1133,7,1133,3,0,1,30
3,720,21.600000,42.984000,1,0,91018045,1160,7,1160,3,0,1,30
3,720,21.600000,42.984000,1,0,91018057,1182,8,1182,4,0,1,30
3,720,21.600000,42.984000,1,0,91018067,1197,8,1197,4,0,1,30
3,720,21.600000,42.984000,1,0,91018078,1208,8,1208,4,0,1,30
3,720,21.600000,42.984000,1,0,91018088,1218,8,1218,4,0,1,30
3,720,21.600000,42.984000,1,0,91018100,1227,8,1227,4,0,1,30
3,720,21.600000,42.984000,1,0,91018116,1235,9,1235,5,0,1,30
3,720,21.600000,42.984000,1,0,91018126,1244,9,1244,5,0,1,30
3,720,21.600000,42.984000,1,0,91018136,1247,9,1247,5,0,1,30
3,720,21.600000,42.984000,1,0,91018152,1249,9,1249,5,0,1,30
3,720,21.600000,42.984000,1,0,91018162,1252,9,1252,5,0,1,30
3,720,21.600000,42.984000,1,0,91018173,1257,9,1257,5,0,1,30
3,720,21.600000,42.984000,1,0,91018184,1262,9,1262,5,0,1,30
3,720,21.600000,42.984000,1,0,91018195,1267,9,1267,5,0,1,30
3,720,21.600000,42.984000,1,0,91018206,1272,9,1272,5,0,1,30
3,720,21.600000,42.984000,1,0,91018217,1276,9,1276,5,0,1,30
3,720,21.600000,42.984000,1,0,91018228,1279,9,1279,5,0,1,30
3,720,21.600000,42.984000,1,0,91018238,1282,9,1282,5,0,1,30
3,720,21.600000,42.984000,1,0,91018249,1284,9,1284,5,0,1,30
3,720,21.600000,42.984000,1,0,91018259,1285,9,1285,5,0,1,30
3,720,21.600000,42.984000,1,0,91018269,1286,9,1286,5,0,1,30
3,720,21.600000,42.984000,1,0,91018279,1287,9,1287,5,0,1,30
3,720,21.600000,42.984000,1,0,91018294,1288,9,1288,5,0,1,30
3,720,21.600000,42.984000,1,0,91018305,1292,9,1292,5,0,1,30
3,720,21.600000,42.984000,1,0,91018316,1296,9,1296,5,0,1,30
3,720,21.600000,42.984000,1,0,91018326,1299,9,1299,5,0,1,30
3,720,21.600000,42.984000,1,0,91018337,1302,9,1302,5,0,1,30
3,720,21.600000,42.984000,1,0,91018348,1305,10,1305,6,0,1,30
3,720,21.600000,42.984000,1,0,91018360,1307,10,1307,6,0,1,30
3,720,21.600000,42.984000,1,0,91018371,1308,10,1308,6,0,1,30
3,720,21.600000,42.984000,1,0,91018380,1308,10,1308,6,0,1,30
3,720,21.600000,42.984000,1,0,91018390,1308,10,1308,6,0,1,30
3,720,21.600000,42.984000,1,0,91018400,1308,10,1308,6,0,1,30
3,720,21.600000,42.984000,1,0,91018410,1308,10,1308,6,0,1,30
3,720,21.600000,42.984000,1,0,91018420,1309,10,1309,6,0,1,30
3,720,21.600000,42.984000,1,0,91018430,1311,11,1311,7,0,1,30
3,720,21.600000,42.984000,1,0,91018441,1313,11,1313,7,0,1,30
3,720,21.600000,42.984000,1,0,91018451,1314,11,1314,7,0,1,30
3,720,21.600000,42.984000,1,0,91018460,1315,11,1315,7,0,1,30
3,720,21.600000,42.984000,1,0,91018470,1316,11,1316,7,0,1,30
3,720,21.600000,42.984000,1,0,91018480,1316,11,1316,7,0,1,30
3,720,21.600000,42.984000,1,0,91018491,1316,11,1316,7,0,1,30
3,720,21.600000,42.984000,1,0,91018503,1316,11,1316,7,0,1,30
3,720,21.600000,42.984000,1,0,91018512,1316,11,1316,7,0,1,30
3,720,21.600000,42.984000,1,0,91018522,1316,11,1316,7,0,1,30
3,720,21.600000,42.984000,1,0,91018532,1316,11,1316,7,0,1,30
3,720,21.600000,42.984000,1,0,91018541,1316,11,1316,7,0,1,30
3,720,21.600000,42.984000,1,0,91018551,1316,11,1316,7,0,1,30
3,720,21.600000,42.984000,1,0,91018561,1316,11,1316,7,0,1,30
3,720,21.600000,42.984000,1,0,91018570,1316,11,1316,7,0,1,30
3,720,21.600000,42.984000,1,0,91018580,1316,11,1316,7,0,1,30
3,720,21.600000,42.984000,1,0,91018589,1316,11,1316,7,0,1,30
