3,720,82.800000,0.000000,0,1,91142861,600,22,600,22,0,1,98
3,720,82.800000,0.000000,0,1,91142862,600,22,600,22,0,1,98
3,720,82.800000,0.000000,0,1,91142873,600,22,600,22,0,1,98
3,720,82.800000,0.000000,0,1,91142882,600,22,600,22,0,1,98
3,720,82.800000,0.000000,0,1,91142891,600,22,600,22,0,1,98
3,720,82.800000,0.000000,0,1,91142902,600,22,600,22,0,1,98
3,720,82.800000,0.000000,0,1,91142912,600,22,600,22,0,1,98
3,720,82.800000,0.000000,0,1,91142921,600,22,600,22,0,1,98
3,720,82.800000,0.000000,0,1,91142930,600,22,600,22,0,1,98
3,720,82.800000,0.000000,0,1,91142941,600,22,600,22,0,1,98
3,720,82.800000,0.000000,0,1,91142951,600,22,600,22,0,1,98
3,720,82.800000,0.000000,0,1,91142961,601,22,601,22,0,1,98
3,720,82.800000,0.000000,0,1,91142970,602,22,602,22,0,1,98
3,720,82.800000,0.000000,0,1,91142980,602,22,602,22,0,1,98
3,720,82.800000,0.000000,0,1,91142991,602,21,602,21,0,1,98
3,720,82.800000,0.000000,0,1,91143002,604,18,604,18,0,1,98
3,720,82.800000,0.000000,0,1,91143012,607,14,607,14,0,1,98
3,720,82.800000,0.000000,0,1,91143024,611,10,611,10,0,1,98
3,720,82.800000,0.000000,0,1,91143034,615,7,615,7,0,1,98
3,720,82.800000,0.000000,0,1,91143049,620,4,620,4,0,1,98
3,720,82.800000,0.000000,0,1,91143059,628,0,628,-1,0,1,98
3,720,82.800000,0.000000,0,1,91143071,635,0,635,-5,0,1,98
3,720,82.800000,0.000000,0,1,91143086,643,0,643,-9,0,1,98
3,720,82.800000,0.000000,0,1,91143096,662,0,662,-16,0,1,98
3,720,82.800000,0.000000,0,1,91143107,681,0,681,-22,0,1,98
3,720,82.800000,0.000000,0,1,91143117,705,0,705,-29,0,1,98
3,720,82.800000,0.000000,0,1,91143128,734,0,734,-35,0,1,98
3,720,82.800000,0.000000,0,1,91143138,762,0,762,-39,0,1,98
3,720,82.800000,0.000000,0,1,91143149,795,0,795,-45,0,1,98
3,720,82.800000,0.000000,0,1,91143160,828,0,828,-51,0,1,98
3,720,82.800000,0.000000,0,1,91143170,868,0,868,-56,0,1,98
3,720,82.800000,0.000000,0,1,91143181,900,0,900,-60,0,1,98
3,720,82.800000,0.000000,0,1,91143192,934,0,934,-64,0,1,98
3,720,82.800000,0.000000,0,1,91143204,970,0,970,-67,0,1,98
3,720,82.800000,0.000000,0,1,91143215,1002,0,1002,-70,0,1,98
3,720,82.800000,0.000000,0,1,91143226,1035,0,1035,-73,0,1,98
3,720,82.800000,0.000000,0,1,91143236,1067,0,1067,-74,0,1,98
3,720,82.800000,0.000000,0,1,91143247,1097,0,1097,-76,0,1,98
3,720,82.800000,0.000000,0,1,91143257,1119,0,1119,-77,0,1,98
3,720,82.800000,0.000000,0,1,91143268,1138,0,1138,-79,0,1,98
3,720,82.800000,0.000000,0,1,91143278,1150,0,1150,-79,0,1,98
3,720,82.800000,0.000000,0,1,91143288,1159,0,1159,-80,0,1,98
3,720,82.800000,0.000000,0,1,91143299,1164,0,1164,-81,0,1,98
3,720,82.800000,0.000000,0,1,91143309,1169,0,1169,-81,0,1,98
3,720,82.800000,0.000000,0,1,91143320,1175,0,1175,-82,0,1,98
3,720,82.800000,0.000000,0,1,91143330,1180,0,1180,-83,0,1,98
3,720,82.800000,0.000000,0,1,91143341,1185,0,1185,-83,0,1,98
3,720,82.800000,0.000000,0,1,91143351,1189,0,1189,-83,0,1,98
3,720,82.800000,0.000000,0,1,91143362,1192,0,1192,-83,0,1,98
3,720,82.800000,0.000000,0,1,91143372,1195,0,1195,-84,0,1,98
3,720,82.800000,0.000000,0,1,91143383,1197,0,1197,-84,0,1,98
3,720,82.800000,0.000000,0,1,91143394,1200,0,1200,-84,0,1,98
3,720,82.800000,0.000000,0,1,91143406,1204,0,1204,-84,0,1,98
3,720,82.800000,0.000000,0,1,91143417,1208,0,1208,-84,0,1,98
3,720,82.800000,0.000000,0,1,91143428,1215,0,1215,-84,0,1,98
3,720,82.800000,0.000000,0,1,91143438,1226,0,1226,-84,0,1,98
3,720,82.800000,0.000000,0,1,91143448,1239,0,1239,-84,0,1,98
3,720,82.800000,0.000000,0,1,91143458,1250,0,1250,-84,0,1,98
3,720,82.800000,0.000000,0,1,91143469,1260,0,1260,-84,0,1,98
3,720,82.800000,0.000000,0,1,91143479,1267,0,1267,-84,0,1,98
3,720,82.800000,0.000000,0,1,91143490,1273,0,1273,-84,0,1,98
3,720,82.800000,0.000000,0,1,91143501,1279,0,1279,-84,0,1,98
3,720,82.800000,0.000000,0,1,91143513,1286,0,1286,-84,0,1,98
3,720,82.800000,0.000000,0,1,91143523,1291,0,1291,-84,0,1,98
3,720,82.800000,0.000000,0,1,91143533,1294,0,1294,-85,0,1,98
3,720,82.800000,0.000000,0,1,91143547,1295,0,1295,-85,0,1,98
3,720,82.800000,0.000000,0,1,91143557,1295,0,1295,-85,0,1,98
3,720,82.800000,0.000000,0,1,91143568,1295,0,1295,-85,0,1,98
3,720,82.800000,0.000000,0,1,91143577,1295,0,1295,-85,0,1,98
3,720,82.800000,0.000000,0,1,91143587,1295,0,1295,-85,0,1,98
3,720,82.800000,0.000000,0,1,91143597,1295,0,1295,-85,0,1,98
3,720,82.800000,0.000000,0,1,91143607,1295,0,1295,-85,0,1,98
3,720,82.800000,0.000000,0,1,91143617,1295,0,1295,-85,0,1,98
3,720,82.800000,0.000000,0,1,91143628,1296,0,1296,-85,0,1,98
3,720,82.800000,0.000000,0,1,91143639,1298,0,1298,-85,0,1,98
3,720,82.800000,0.000000,0,1,91143648,1300,0,1300,-85,0,1,98
3,720,82.800000,0.000000,0,1,91143658,1300,0,1300,-85,0,1,98
3,720,82.800000,0.000000,0,1,91143668,1300,0,1300,-85,0,1,98
3,720,82.800000,0.000000,0,1,91143678,1300,0,1300,-85,0,1,98
3,720,82.800000,0.000000,0,1,91143688,1300,0,1300,-85,0,1,98
3,720,82.800000,0.000000,0,1,91143698,1300,0,1300,-85,0,1,98
3,720,82.800000,0.000000,0,1,91143708,1300,0,1300,-85,0,1,98
3,720,82.800000,0.000000,0,1,91143718,1300,0,1300,-85,0,1,98
3,720,82.800000,0.000000,0,1,91143728,1300,0,1300,-85,0,1,98
3,720,82.800000,0.000000,0,1,91143738,1300,0,1300,-85,0,1,98
3,720,82.800000,0.000000,0,1,91143747,1300,0,1300,-85,0,1,98
3,720,82.800000,0.000000,0,1,91143757,1300,0,1300,-85,0,1,98
