3,720,50.400000,12.276000,0,0,91081465,600,0,600,0,0,1,66
3,720,50.400000,12.276000,0,0,91081466,600,0,600,0,0,1,66
3,720,50.400000,12.276000,0,0,91081476,600,0,600,0,0,1,66
3,720,50.400000,12.276000,0,0,91081486,600,0,600,0,0,1,66
3,720,50.400000,12.276000,0,0,91081496,600,0,600,0,0,1,66
3,720,50.400000,12.276000,0,0,91081506,600,0,600,0,0,1,66
3,720,50.400000,12.276000,0,0,91081522,600,0,600,0,0,1,66
3,720,50.400000,12.276000,0,0,91081539,600,0,600,-1,0,1,66
3,720,50.400000,12.276000,0,0,91081554,601,0,601,-1,0,1,66
3,720,50.400000,12.276000,0,0,91081566,602,0,602,-1,0,1,66
3,720,50.400000,12.276000,0,0,91081576,603,0,603,-1,0,1,66
3,720,50.400000,12.276000,0,0,91081586,604,0,604,-2,0,1,66
3,720,50.400000,12.276000,0,0,91081602,607,0,607,-3,0,1,66
3,720,50.400000,12.276000,0,0,91081618,617,0,617,-7,0,1,66
3,720,50.400000,12.276000,0,0,91081635,636,0,636,-12,0,1,66
3,720,50.400000,12.276000,0,0,91081647,668,0,668,-16,0,1,66
3,720,50.400000,12.276000,0,0,91081657,692,0,692,-18,0,1,66
3,720,50.400000,12.276000,0,0,91081668,721,0,721,-19,0,1,66
3,720,50.400000,12.276000,0,0,91081679,750,0,750,-21,0,1,66
3,720,50.400000,12.276000,0,0,91081691,782,0,782,-23,0,1,66
3,720,50.400000,12.276000,0,0,91081706,831,0,831,-27,0,1,66
3,720,50.400000,12.276000,0,0,91081718,962,0,962,-38,0,1,66
3,720,50.400000,12.276000,0,0,91081730,1019,0,1019,-42,0,1,66
3,720,50.400000,12.276000,0,0,91081739,1073,0,1073,-46,0,1,66
3,720,50.400000,12.276000,0,0,91081751,1112,0,1112,-49,0,1,66
3,720,50.400000,12.276000,0,0,91081761,1147,0,1147,-52,0,1,66
3,720,50.400000,12.276000,0,0,91081773,1176,0,1176,-54,0,1,66
3,720,50.400000,12.276000,0,0,91081786,1202,0,1202,-55,0,1,66
3,720,50.400000,12.276000,0,0,91081796,1230,0,1230,-58,0,1,66
3,720,50.400000,12.276000,0,0,91081813,1252,0,1252,-60,0,1,66
3,720,50.400000,12.276000,0,0,91081824,1277,0,1277,-64,0,1,66
3,720,50.400000,12.276000,0,0,91081836,1289,0,1289,-66,0,1,66
3,720,50.400000,12.276000,0,0,91081847,1299,0,1299,-67,0,1,66
3,720,50.400000,12.276000,0,0,91081858,1306,0,1306,-68,0,1,66
3,720,50.400000,12.276000,0,0,91081868,1312,0,1312,-70,0,1,66
3,720,50.400000,12.276000,0,0,91081878,1317,0,1317,-70,0,1,66
3,720,50.400000,12.276000,0,0,91081888,1319,0,1319,-71,0,1,66
3,720,50.400000,12.276000,0,0,91081898,1320,0,1320,-71,0,1,66
3,720,50.400000,12.276000,0,0,91081908,1321,0,1321,-71,0,1,66
3,720,50.400000,12.276000,0,0,91081918,1321,0,1321,-71,0,1,66
3,720,50.400000,12.276000,0,0,91081931,1321,0,1321,-71,0,1,66
3,720,50.400000,12.276000,0,0,91081943,1322,0,1322,-71,0,1,66
3,720,50.400000,12.276000,0,0,91081954,1324,0,1324,-71,0,1,66
3,720,50.400000,12.276000,0,0,91081964,1328,0,1328,-72,0,1,66
3,720,50.400000,12.276000,0,0,91081974,1330,0,1330,-72,0,1,66
3,720,50.400000,12.276000,0,0,91081984,1330,0,1330,-72,0,1,66
3,720,50.400000,12.276000,0,0,91081994,1330,0,1330,-72,0,1,66
3,720,50.400000,12.276000,0,0,91082004,1330,0,1330,-72,0,1,66
3,720,50.400000,12.276000,0,0,91082014,1330,0,1330,-72,0,1,66
3,720,50.400000,12.276000,0,0,91082029,1330,0,1330,-72,0,1,66
3,720,50.400000,12.276000,0,0,91082045,1330,0,1330,-72,0,1,66
3,720,50.400000,12.276000,0,0,91082055,1330,0,1330,-72,0,1,66
3,720,50.400000,12.276000,0,0,91082066,1331,0,1331,-72,0,1,66
3,720,50.400000,12.276000,0,0,91082076,1331,0,1331,-72,0,1,66
3,720,50.400000,12.276000,0,0,91082086,1331,0,1331,-72,0,1,66
3,720,50.400000,12.276000,0,0,91082096,1331,0,1331,-72,0,1,66
3,720,50.400000,12.276000,0,0,91082106,1331,0,1331,-72,0,1,66
3,720,50.400000,12.276000,0,0,91082117,1331,0,1331,-72,0,1,66
3,720,50.400000,12.276000,0,0,91082127,1331,0,1331,-72,0,1,66
3,720,50.400000,12.276000,0,0,91082136,1331,0,1331,-72,0,1,66
