3,720,21.600000,22.608000,0,1,91315108,600,22,600,22,0,2,64
3,720,21.600000,22.608000,0,1,91315109,600,22,600,22,0,2,64
3,720,21.600000,22.608000,0,1,91315120,600,22,600,22,0,2,64
3,720,21.600000,22.608000,0,1,91315129,601,22,601,22,0,2,64
3,720,21.600000,22.608000,0,1,91315140,602,22,602,22,0,2,64
3,720,21.600000,22.608000,0,1,91315150,603,22,603,22,0,2,64
3,720,21.600000,22.608000,0,1,91315160,604,22,604,22,0,2,64
3,720,21.600000,22.608000,0,1,91315170,604,22,604,22,0,2,64
3,720,21.600000,22.608000,0,1,91315180,604,22,604,22,0,2,64
3,720,21.600000,22.608000,0,1,91315190,605,22,605,22,0,2,64
3,720,21.600000,22.608000,0,1,91315202,607,21,607,21,0,2,64
3,720,21.600000,22.608000,0,1,91315214,611,21,611,21,0,2,64
3,720,21.600000,22.608000,0,1,91315225,616,19,616,19,0,2,64
3,720,21.600000,22.608000,0,1,91315241,623,18,623,18,0,2,64
3,720,21.600000,22.608000,0,1,91315251,639,16,639,16,0,2,64
3,720,21.600000,22.608000,0,1,91315261,651,15,651,15,0,2,64
3,720,21.600000,22.608000,0,1,91315272,666,13,666,13,0,2,64
3,720,21.600000,22.608000,0,1,91315283,684,11,684,11,0,2,64
3,720,21.600000,22.608000,0,1,91315294,713,8,713,8,0,2,64
3,720,21.600000,22.608000,0,1,91315305,736,7,736,7,0,2,64
3,720,21.600000,22.608000,0,1,91315315,772,4,772,4,0,2,64
3,720,21.600000,22.608000,0,1,91315326,799,3,799,3,0,2,64
3,720,21.600000,22.608000,0,1,91315336,831,1,831,1,0,2,64
3,720,21.600000,22.608000,0,1,91315347,861,0,861,0,0,2,64
3,720,21.600000,22.608000,0,1,91315357,894,0,894,-1,0,2,64
3,720,21.600000,22.608000,0,1,91315368,931,0,931,-2,0,2,64
3,720,21.600000,22.608000,0,1,91315378,971,0,971,-3,0,2,64
3,720,21.600000,22.608000,0,1,91315389,1006,0,1006,-4,0,2,64
3,720,21.600000,22.608000,0,1,91315401,1043,0,1043,-5,0,2,64
3,720,21.600000,22.608000,0,1,91315412,1081,0,1081,-5,0,2,64
3,720,21.600000,22.608000,0,1,91315428,1112,0,1112,-6,0,2,64
3,720,21.600000,22.608000,0,1,91315439,1149,0,1149,-7,0,2,64
3,720,21.600000,22.608000,0,1,91315450,1168,0,1168,-7,0,2,64
3,720,21.600000,22.608000,0,1,91315461,1182,0,1182,-7,0,2,64
3,720,21.600000,22.608000,0,1,91315471,1194,0,1194,-7,0,2,64
3,720,21.600000,22.608000,0,1,91315483,1203,0,1203,-7,0,2,64
3,720,21.600000,22.608000,0,1,91315494,1210,0,1210,-7,0,2,64
3,720,21.600000,22.608000,0,1,91315506,1213,0,1213,-7,0,2,64
3,720,21.600000,22.608000,0,1,91315516,1214,0,1214,-7,0,2,64
3,720,21.600000,22.608000,0,1,91315526,1214,0,1214,-7,0,2,64
3,720,21.600000,22.608000,0,1,91315536,1214,0,1214,-7,0,2,64
3,720,21.600000,22.608000,0,1,91315545,1214,0,1214,-7,0,2,64
3,720,21.600000,22.608000,0,1,91315555,1214,0,1214,-7,0,2,64
3,720,21.600000,22.608000,0,1,91315565,1214,0,1214,-7,0,2,64
3,720,21.600000,22.608000,0,1,91315577,1215,0,1215,-7,0,2,64
3,720,21.600000,22.608000,0,1,91315587,1217,0,1217,-7,0,2,64
3,720,21.600000,22.608000,0,1,91315598,1219,0,1219,-7,0,2,64
3,720,21.600000,22.608000,0,1,91315608,1223,0,1223,-7,0,2,64
3,720,21.600000,22.608000,0,1,91315619,1226,1,1226,-6,0,2,64
3,720,21.600000,22.608000,0,1,91315630,1231,1,1231,-6,0,2,64
3,720,21.600000,22.608000,0,1,91315642,1235,2,1235,-5,0,2,64
3,720,21.600000,22.608000,0,1,91315652,1239,3,1239,-4,0,2,64
3,720,21.600000,22.608000,0,1,91315663,1241,3,1241,-4,0,2,64
3,720,21.600000,22.608000,0,1,91315673,1243,3,1243,-4,0,2,64
3,720,21.600000,22.608000,0,1,91315683,1246,4,1246,-3,0,2,64
3,720,21.600000,22.608000,0,1,91315694,1248,4,1248,-3,0,2,64
3,720,21.600000,22.608000,0,1,91315704,1250,4,1250,-3,0,2,64
3,720,21.600000,22.608000,0,1,91315714,1251,4,1251,-3,0,2,64
3,720,21.600000,22.608000,0,1,91315725,1252,4,1252,-3,0,2,64
3,720,21.600000,22.608000,0,1,91315734,1254,4,1254,-3,0,2,64
3,720,21.600000,22.608000,0,1,91315744,1256,4,1256,-3,0,2,64
3,720,21.600000,22.608000,0,1,91315754,1257,4,1257,-3,0,2,64
3,720,21.600000,22.608000,0,1,91315764,1258,4,1258,-3,0,2,64
3,720,21.600000,22.608000,0,1,91315774,1258,4,1258,-3,0,2,64
3,720,21.600000,22.608000,0,1,91315784,1259,4,1259,-3,0,2,64
3,720,21.600000,22.608000,0,1,91315793,1260,4,1260,-3,0,2,64
3,720,21.600000,22.608000,0,1,91315803,1260,4,1260,-3,0,2,64
3,720,21.600000,22.608000,0,1,91315813,1260,4,1260,-3,0,2,64
3,720,21.600000,22.608000,0,1,91315824,1260,4,1260,-3,0,2,64
3,720,21.600000,22.608000,0,1,91315834,1261,5,1261,-2,0,2,64
3,720,21.600000,22.608000,0,1,91315845,1261,5,1261,-2,0,2,64
3,720,21.600000,22.608000,0,1,91315855,1261,5,1261,-2,0,2,64
3,720,21.600000,22.608000,0,1,91315866,1261,5,1261,-2,0,2,64
3,720,21.600000,22.608000,0,1,91315876,1261,6,1261,-1,0,2,64
3,720,21.600000,22.608000,0,1,91315888,1261,7,1261,0,0,2,64
3,720,21.600000,22.608000,0,1,91315898,1261,8,1261,1,0,2,64
3,720,21.600000,22.608000,0,1,91315907,1261,8,1261,1,0,2,64
3,720,21.600000,22.608000,0,1,91315918,1261,8,1261,1,0,2,64
3,720,21.600000,22.608000,0,1,91315928,1262,9,1262,2,0,2,64
3,720,21.600000,22.608000,0,1,91315939,1262,11,1262,4,0,2,64
3,720,21.600000,22.608000,0,1,91315948,1264,12,1264,5,0,2,64
3,720,21.600000,22.608000,0,1,91315959,1264,12,1264,5,0,2,64
3,720,21.600000,22.608000,0,1,91315969,1265,13,1265,6,0,2,64
3,720,21.600000,22.608000,0,1,91315980,1265,13,1265,6,0,2,64
3,720,21.600000,22.608000,0,1,91315990,1266,13,1266,6,0,2,64
3,720,21.600000,22.608000,0,1,91316000,1267,13,1267,6,0,2,64
3,720,21.600000,22.608000,0,1,91316010,1268,13,1268,6,0,2,64
3,720,21.600000,22.608000,0,1,91316020,1269,13,1269,6,0,2,64
3,720,21.600000,22.608000,0,1,91316030,1272,13,1272,6,0,2,64
3,720,21.600000,22.608000,0,1,91316042,1275,13,1275,6,0,2,64
3,720,21.600000,22.608000,0,1,91316052,1279,13,1279,6,0,2,64
3,720,21.600000,22.608000,0,1,91316062,1283,13,1283,6,0,2,64
3,720,21.600000,22.608000,0,1,91316074,1288,13,1288,6,0,2,64
3,720,21.600000,22.608000,0,1,91316085,1294,14,1294,7,0,2,64
3,720,21.600000,22.608000,0,1,91316096,1299,14,1299,7,0,2,64
3,720,21.600000,22.608000,0,1,91316107,1304,14,1304,7,0,2,64
3,720,21.600000,22.608000,0,1,91316118,1309,15,1309,8,0,2,64
3,720,21.600000,22.608000,0,1,91316128,1314,15,1314,8,0,2,64
3,720,21.600000,22.608000,0,1,91316139,1318,15,1318,8,0,2,64
3,720,21.600000,22.608000,0,1,91316150,1322,15,1322,8,0,2,64
3,720,21.600000,22.608000,0,1,91316160,1323,15,1323,8,0,2,64
3,720,21.600000,22.608000,0,1,91316169,1324,15,1324,8,0,2,64
3,720,21.600000,22.608000,0,1,91316179,1325,15,1325,8,0,2,64
3,720,21.600000,22.608000,0,1,91316190,1325,15,1325,8,0,2,64
3,720,21.600000,22.608000,0,1,91316206,1325,15,1325,8,0,2,64
3,720,21.600000,22.608000,0,1,91316216,1325,15,1325,8,0,2,64
3,720,21.600000,22.608000,0,1,91316226,1325,15,1325,8,0,2,64
3,720,21.600000,22.608000,0,1,91316238,1325,15,1325,8,0,2,64
3,720,21.600000,22.608000,0,1,91316249,1325,15,1325,8,0,2,64
3,720,21.600000,22.608000,0,1,91316259,1325,15,1325,8,0,2,64
3,720,21.600000,22.608000,0,1,91316269,1325,15,1325,8,0,2,64
3,720,21.600000,22.608000,0,1,91316278,1325,15,1325,8,0,2,64
3,720,21.600000,22.608000,0,1,91316287,1325,15,1325,8,0,2,64
3,720,21.600000,22.608000,0,1,91316297,1325,15,1325,8,0,2,64
3,720,21.600000,22.608000,0,1,91316308,1325,15,1325,8,0,2,64
3,720,21.600000,22.608000,0,1,91316317,1325,15,1325,8,0,2,64
3,720,21.600000,22.608000,0,1,91316327,1325,15,1325,8,0,2,64
3,720,21.600000,22.608000,0,1,91316337,1325,15,1325,8,0,2,64
3,720,21.600000,22.608000,0,1,91316346,1325,15,1325,8,0,2,64
3,720,21.600000,22.608000,0,1,91316356,1325,15,1325,8,0,2,64
3,720,21.600000,22.608000,0,1,91316365,1325,15,1325,8,0,2,64
3,720,21.600000,22.608000,0,1,91316375,1325,15,1325,8,0,2,64
3,720,21.600000,22.608000,0,1,91316384,1325,15,1325,8,0,2,64
