3,720,50.400000,22.608000,0,0,91323987,600,0,600,0,0,2,69
3,720,50.400000,22.608000,0,0,91323988,600,0,600,0,0,2,69
3,720,50.400000,22.608000,0,0,91323998,600,0,600,0,0,2,69
3,720,50.400000,22.608000,0,0,91324009,600,0,600,0,0,2,69
3,720,50.400000,22.608000,0,0,91324019,600,0,600,0,0,2,69
3,720,50.400000,22.608000,0,0,91324030,601,0,601,-1,0,2,69
3,720,50.400000,22.608000,0,0,91324041,604,0,604,-1,0,2,69
3,720,50.400000,22.608000,0,0,91324051,608,0,608,-2,0,2,69
3,720,50.400000,22.608000,0,0,91324062,614,0,614,-2,0,2,69
3,720,50.400000,22.608000,0,0,91324073,622,0,622,-3,0,2,69
3,720,50.400000,22.608000,0,0,91324086,634,0,634,-3,0,2,69
3,720,50.400000,22.608000,0,0,91324096,654,0,654,-4,0,2,69
3,720,50.400000,22.608000,0,0,91324107,675,0,675,-4,0,2,69
3,720,50.400000,22.608000,0,0,91324117,699,0,699,-4,0,2,69
3,720,50.400000,22.608000,0,0,91324127,727,0,727,-4,0,2,69
3,720,50.400000,22.608000,0,0,91324138,752,0,752,-4,0,2,69
3,720,50.400000,22.608000,0,0,91324149,783,0,783,-5,0,2,69
3,720,50.400000,22.608000,0,0,91324159,810,0,810,-6,0,2,69
3,720,50.400000,22.608000,0,0,91324169,838,0,838,-6,0,2,69
3,720,50.400000,22.608000,0,0,91324180,864,0,864,-7,0,2,69
3,720,50.400000,22.608000,0,0,91324191,890,0,890,-8,0,2,69
3,720,50.400000,22.608000,0,0,91324202,916,0,916,-8,0,2,69
3,720,50.400000,22.608000,0,0,91324213,943,0,943,-8,0,2,69
3,720,50.400000,22.608000,0,0,91324224,967,0,967,-8,0,2,69
3,720,50.400000,22.608000,0,0,91324235,995,0,995,-8,0,2,69
3,720,50.400000,22.608000,0,0,91324246,1017,0,1017,-8,0,2,69
3,720,50.400000,22.608000,0,0,91324257,1034,0,1034,-8,0,2,69
3,720,50.400000,22.608000,0,0,91324268,1048,0,1048,-8,0,2,69
3,720,50.400000,22.608000,0,0,91324279,1060,0,1060,-9,0,2,69
3,720,50.400000,22.608000,0,0,91324290,1073,0,1073,-10,0,2,69
3,720,50.400000,22.608000,0,0,91324301,1087,0,1087,-10,0,2,69
3,720,50.400000,22.608000,0,0,91324312,1099,0,1099,-10,0,2,69
3,720,50.400000,22.608000,0,0,91324323,1113,0,1113,-11,0,2,69
3,720,50.400000,22.608000,0,0,91324333,1124,0,1124,-11,0,2,69
3,720,50.400000,22.608000,0,0,91324344,1135,0,1135,-12,0,2,69
3,720,50.400000,22.608000,0,0,91324354,1143,0,1143,-12,0,2,69
3,720,50.400000,22.608000,0,0,91324365,1149,0,1149,-12,0,2,69
3,720,50.400000,22.608000,0,0,91324376,1156,0,1156,-12,0,2,69
3,720,50.400000,22.608000,0,0,91324386,1161,0,1161,-12,0,2,69
3,720,50.400000,22.608000,0,0,91324396,1168,0,1168,-12,0,2,69
3,720,50.400000,22.608000,0,0,91324407,1175,0,1175,-12,0,2,69
3,720,50.400000,22.608000,0,0,91324419,1182,0,1182,-12,0,2,69
3,720,50.400000,22.608000,0,0,91324431,1191,0,1191,-12,0,2,69
3,720,50.400000,22.608000,0,0,91324446,1199,0,1199,-12,0,2,69
3,720,50.400000,22.608000,0,0,91324458,1209,1,1209,-11,0,2,69
3,720,50.400000,22.608000,0,0,91324469,1216,2,1216,-10,0,2,69
3,720,50.400000,22.608000,0,0,91324479,1223,3,1223,-9,0,2,69
3,720,50.400000,22.608000,0,0,91324490,1227,3,1227,-9,0,2,69
3,720,50.400000,22.608000,0,0,91324500,1230,4,1230,-8,0,2,69
3,720,50.400000,22.608000,0,0,91324512,1234,4,1234,-8,0,2,69
3,720,50.400000,22.608000,0,0,91324524,1238,5,1238,-7,0,2,69
3,720,50.400000,22.608000,0,0,91324535,1243,7,1243,-5,0,2,69
3,720,50.400000,22.608000,0,0,91324546,1249,8,1249,-4,0,2,69
3,720,50.400000,22.608000,0,0,91324557,1255,9,1255,-3,0,2,69
3,720,50.400000,22.608000,0,0,91324568,1261,10,1261,-2,0,2,69
3,720,50.400000,22.608000,0,0,91324578,1267,11,1267,-1,0,2,69
3,720,50.400000,22.608000,0,0,91324589,1273,13,1273,1,0,2,69
3,720,50.400000,22.608000,0,0,91324599,1277,14,1277,2,0,2,69
3,720,50.400000,22.608000,0,0,91324611,1281,15,1281,3,0,2,69
3,720,50.400000,22.608000,0,0,91324623,1286,15,1286,3,0,2,69
3,720,50.400000,22.608000,0,0,91324635,1292,17,1292,5,0,2,69
3,720,50.400000,22.608000,0,0,91324646,1297,18,1297,6,0,2,69
3,720,50.400000,22.608000,0,0,91324657,1302,18,1302,6,0,2,69
3,720,50.400000,22.608000,0,0,91324667,1306,18,1306,6,0,2,69
3,720,50.400000,22.608000,0,0,91324677,1310,19,1310,7,0,2,69
3,720,50.400000,22.608000,0,0,91324692,1312,19,1312,7,0,2,69
3,720,50.400000,22.608000,0,0,91324702,1316,19,1316,7,0,2,69
3,720,50.400000,22.608000,0,0,91324713,1319,20,1319,8,0,2,69
3,720,50.400000,22.608000,0,0,91324723,1322,21,1322,9,0,2,69
3,720,50.400000,22.608000,0,0,91324733,1325,21,1325,9,0,2,69
3,720,50.400000,22.608000,0,0,91324744,1326,21,1326,9,0,2,69
3,720,50.400000,22.608000,0,0,91324754,1326,21,1326,9,0,2,69
3,720,50.400000,22.608000,0,0,91324764,1327,21,1327,9,0,2,69
3,720,50.400000,22.608000,0,0,91324774,1327,21,1327,9,0,2,69
3,720,50.400000,22.608000,0,0,91324783,1328,21,1328,9,0,2,69
3,720,50.400000,22.608000,0,0,91324793,1328,21,1328,9,0,2,69
3,720,50.400000,22.608000,0,0,91324803,1328,21,1328,9,0,2,69
3,720,50.400000,22.608000,0,0,91324813,1328,21,1328,9,0,2,69
3,720,50.400000,22.608000,0,0,91324823,1328,21,1328,9,0,2,69
3,720,50.400000,22.608000,0,0,91324833,1328,21,1328,9,0,2,69
3,720,50.400000,22.608000,0,0,91324843,1328,21,1328,9,0,2,69
3,720,50.400000,22.608000,0,0,91324853,1328,21,1328,9,0,2,69
3,720,50.400000,22.608000,0,0,91324863,1328,21,1328,9,0,2,69
3,720,50.400000,22.608000,0,0,91324873,1328,21,1328,9,0,2,69
3,720,50.400000,22.608000,0,0,91324882,1328,21,1328,9,0,2,69
3,720,50.400000,22.608000,0,0,91324892,1328,21,1328,9,0,2,69
3,720,50.400000,22.608000,0,0,91324901,1328,21,1328,9,0,2,69
