3,360,82.800000,42.984000,1,1,91333466,780,22,780,22,0,2,74
3,360,82.800000,42.984000,1,1,91333467,780,22,780,22,0,2,74
3,360,82.800000,42.984000,1,1,91333476,780,22,780,22,0,2,74
3,360,82.800000,42.984000,1,1,91333486,780,22,780,22,0,2,74
3,360,82.800000,42.984000,1,1,91333495,780,22,780,22,0,2,74
3,360,82.800000,42.984000,1,1,91333505,780,22,780,22,0,2,74
3,360,82.800000,42.984000,1,1,91333515,781,21,781,21,0,2,74
3,360,82.800000,42.984000,1,1,91333525,781,20,781,20,0,2,74
3,360,82.800000,42.984000,1,1,91333537,782,19,782,19,0,2,74
3,360,82.800000,42.984000,1,1,91333548,783,18,783,18,0,2,74
3,360,82.800000,42.984000,1,1,91333558,785,16,785,16,0,2,74
3,360,82.800000,42.984000,1,1,91333569,786,15,786,15,0,2,74
3,360,82.800000,42.984000,1,1,91333580,788,13,788,13,0,2,74
3,360,82.800000,42.984000,1,1,91333593,789,11,789,11,0,2,74
3,360,82.800000,42.984000,1,1,91333608,791,10,791,10,0,2,74
3,360,82.800000,42.984000,1,1,91333620,792,8,792,8,0,2,74
3,360,82.800000,42.984000,1,1,91333630,795,5,795,5,0,2,74
3,360,82.800000,42.984000,1,1,91333641,798,3,798,3,0,2,74
3,360,82.800000,42.984000,1,1,91333652,803,0,803,0,0,2,74
3,360,82.800000,42.984000,1,1,91333663,807,0,807,-3,0,2,74
3,360,82.800000,42.984000,1,1,91333674,812,0,812,-8,0,2,74
3,360,82.800000,42.984000,1,1,91333685,817,0,817,-13,0,2,74
3,360,82.800000,42.984000,1,1,91333696,821,0,821,-17,0,2,74
3,360,82.800000,42.984000,1,1,91333707,828,0,828,-22,0,2,74
3,360,82.800000,42.984000,1,1,91333717,837,0,837,-27,0,2,74
3,360,82.800000,42.984000,1,1,91333728,848,0,848,-32,0,2,74
3,360,82.800000,42.984000,1,1,91333739,861,0,861,-36,0,2,74
3,360,82.800000,42.984000,1,1,91333750,875,0,875,-39,0,2,74
3,360,82.800000,42.984000,1,1,91333760,888,0,888,-42,0,2,74
3,360,82.800000,42.984000,1,1,91333771,899,0,899,-45,0,2,74
3,360,82.800000,42.984000,1,1,91333781,910,0,910,-48,0,2,74
3,360,82.800000,42.984000,1,1,91333792,922,0,922,-51,0,2,74
3,360,82.800000,42.984000,1,1,91333804,935,0,935,-53,0,2,74
3,360,82.800000,42.984000,1,1,91333815,950,0,950,-55,0,2,74
3,360,82.800000,42.984000,1,1,91333827,964,0,964,-57,0,2,74
3,360,82.800000,42.984000,1,1,91333837,980,0,980,-58,0,2,74
3,360,82.800000,42.984000,1,1,91333848,997,0,997,-59,0,2,74
3,360,82.800000,42.984000,1,1,91333859,1009,0,1009,-59,0,2,74
3,360,82.800000,42.984000,1,1,91333875,1023,0,1023,-60,0,2,74
3,360,82.800000,42.984000,1,1,91333885,1038,0,1038,-60,0,2,74
3,360,82.800000,42.984000,1,1,91333896,1047,0,1047,-60,0,2,74
3,360,82.800000,42.984000,1,1,91333906,1055,0,1055,-60,0,2,74
3,360,82.800000,42.984000,1,1,91333918,1063,0,1063,-60,0,2,74
3,360,82.800000,42.984000,1,1,91333929,1070,0,1070,-60,0,2,74
3,360,82.800000,42.984000,1,1,91333940,1074,0,1074,-60,0,2,74
3,360,82.800000,42.984000,1,1,91333949,1076,0,1076,-60,0,2,74
3,360,82.800000,42.984000,1,1,91333959,1077,0,1077,-60,0,2,74
3,360,82.800000,42.984000,1,1,91333974,1077,0,1077,-60,0,2,74
3,360,82.800000,42.984000,1,1,91333984,1078,0,1078,-61,0,2,74
3,360,82.800000,42.984000,1,1,91333994,1078,0,1078,-61,0,2,74
3,360,82.800000,42.984000,1,1,91334004,1079,0,1079,-61,0,2,74
3,360,82.800000,42.984000,1,1,91334015,1080,0,1080,-61,0,2,74
3,360,82.800000,42.984000,1,1,91334026,1083,0,1083,-61,0,2,74
3,360,82.800000,42.984000,1,1,91334037,1088,0,1088,-61,0,2,74
3,360,82.800000,42.984000,1,1,91334047,1094,0,1094,-61,0,2,74
3,360,82.800000,42.984000,1,1,91334058,1098,0,1098,-61,0,2,74
3,360,82.800000,42.984000,1,1,91334068,1099,0,1099,-61,0,2,74
3,360,82.800000,42.984000,1,1,91334078,1099,0,1099,-61,0,2,74
3,360,82.800000,42.984000,1,1,91334088,1099,0,1099,-61,0,2,74
3,360,82.800000,42.984000,1,1,91334098,1099,0,1099,-61,0,2,74
3,360,82.800000,42.984000,1,1,91334109,1100,0,1100,-61,0,2,74
3,360,82.800000,42.984000,1,1,91334119,1103,0,1103,-61,0,2,74
3,360,82.800000,42.984000,1,1,91334133,1107,0,1107,-61,0,2,74
3,360,82.800000,42.984000,1,1,91334144,1114,0,1114,-62,0,2,74
3,360,82.800000,42.984000,1,1,91334155,1119,0,1119,-62,0,2,74
3,360,82.800000,42.984000,1,1,91334166,1124,0,1124,-62,0,2,74
3,360,82.800000,42.984000,1,1,91334177,1127,0,1127,-62,0,2,74
3,360,82.800000,42.984000,1,1,91334187,1130,0,1130,-62,0,2,74
3,360,82.800000,42.984000,1,1,91334197,1132,0,1132,-62,0,2,74
3,360,82.800000,42.984000,1,1,91334207,1133,0,1133,-62,0,2,74
3,360,82.800000,42.984000,1,1,91334216,1134,0,1134,-62,0,2,74
3,360,82.800000,42.984000,1,1,91334227,1135,0,1135,-62,0,2,74
