3,720,50.400000,12.276000,0,0,91394966,600,0,600,0,0,2,106
3,720,50.400000,12.276000,0,0,91394967,600,0,600,0,0,2,106
3,720,50.400000,12.276000,0,0,91394978,601,0,601,-1,0,2,106
3,720,50.400000,12.276000,0,0,91394988,603,0,603,-2,0,2,106
3,720,50.400000,12.276000,0,0,91395000,606,0,606,-4,0,2,106
3,720,50.400000,12.276000,0,0,91395011,610,0,610,-6,0,2,106
3,720,50.400000,12.276000,0,0,91395022,614,0,614,-8,0,2,106
3,720,50.400000,12.276000,0,0,91395034,618,0,618,-10,0,2,106
3,720,50.400000,12.276000,0,0,91395045,622,0,622,-12,0,2,106
3,720,50.400000,12.276000,0,0,91395055,625,0,625,-14,0,2,106
3,720,50.400000,12.276000,0,0,91395066,627,0,627,-15,0,2,106
3,720,50.400000,12.276000,0,0,91395076,629,0,629,-15,0,2,106
3,720,50.400000,12.276000,0,0,91395086,631,0,631,-16,0,2,106
3,720,50.400000,12.276000,0,0,91395096,632,0,632,-16,0,2,106
3,720,50.400000,12.276000,0,0,91395106,634,0,634,-17,0,2,106
3,720,50.400000,12.276000,0,0,91395116,636,0,636,-18,0,2,106
3,720,50.400000,12.276000,0,0,91395128,639,0,639,-18,0,2,106
3,720,50.400000,12.276000,0,0,91395138,644,0,644,-19,0,2,106
3,720,50.400000,12.276000,0,0,91395149,650,0,650,-20,0,2,106
3,720,50.400000,12.276000,0,0,91395159,660,0,660,-21,0,2,106
3,720,50.400000,12.276000,0,0,91395169,671,0,671,-23,0,2,106
3,720,50.400000,12.276000,0,0,91395180,683,0,683,-24,0,2,106
3,720,50.400000,12.276000,0,0,91395192,703,0,703,-26,0,2,106
3,720,50.400000,12.276000,0,0,91395203,725,0,725,-27,0,2,106
3,720,50.400000,12.276000,0,0,91395214,748,0,748,-29,0,2,106
3,720,50.400000,12.276000,0,0,91395224,778,0,778,-31,0,2,106
3,720,50.400000,12.276000,0,0,91395241,811,0,811,-34,0,2,106
3,720,50.400000,12.276000,0,0,91395252,867,0,867,-41,0,2,106
3,720,50.400000,12.276000,0,0,91395263,907,0,907,-47,0,2,106
3,720,50.400000,12.276000,0,0,91395273,950,0,950,-55,0,2,106
3,720,50.400000,12.276000,0,0,91395284,986,0,986,-62,0,2,106
3,720,50.400000,12.276000,0,0,91395295,1022,0,1022,-69,0,2,106
3,720,50.400000,12.276000,0,0,91395306,1052,0,1052,-74,0,2,106
3,720,50.400000,12.276000,0,0,91395317,1081,0,1081,-79,0,2,106
3,720,50.400000,12.276000,0,0,91395328,1113,0,1113,-86,0,2,106
3,720,50.400000,12.276000,0,0,91395339,1139,0,1139,-92,0,2,106
3,720,50.400000,12.276000,0,0,91395350,1161,0,1161,-96,0,2,106
3,720,50.400000,12.276000,0,0,91395360,1176,0,1176,-99,0,2,106
3,720,50.400000,12.276000,0,0,91395371,1187,0,1187,-102,0,2,106
3,720,50.400000,12.276000,0,0,91395382,1194,0,1194,-104,0,2,106
3,720,50.400000,12.276000,0,0,91395394,1202,0,1202,-105,0,2,106
3,720,50.400000,12.276000,0,0,91395404,1209,0,1209,-107,0,2,106
3,720,50.400000,12.276000,0,0,91395415,1215,0,1215,-108,0,2,106
3,720,50.400000,12.276000,0,0,91395425,1222,0,1222,-109,0,2,106
3,720,50.400000,12.276000,0,0,91395436,1228,0,1228,-110,0,2,106
3,720,50.400000,12.276000,0,0,91395449,1234,0,1234,-110,0,2,106
3,720,50.400000,12.276000,0,0,91395460,1241,0,1241,-110,0,2,106
3,720,50.400000,12.276000,0,0,91395476,1249,0,1249,-112,0,2,106
3,720,50.400000,12.276000,0,0,91395487,1261,0,1261,-113,0,2,106
3,720,50.400000,12.276000,0,0,91395498,1269,0,1269,-113,0,2,106
3,720,50.400000,12.276000,0,0,91395509,1277,0,1277,-114,0,2,106
3,720,50.400000,12.276000,0,0,91395520,1286,0,1286,-115,0,2,106
3,720,50.400000,12.276000,0,0,91395530,1297,0,1297,-116,0,2,106
3,720,50.400000,12.276000,0,0,91395545,1306,0,1306,-116,0,2,106
3,720,50.400000,12.276000,0,0,91395557,1317,0,1317,-117,0,2,106
3,720,50.400000,12.276000,0,0,91395567,1322,0,1322,-118,0,2,106
3,720,50.400000,12.276000,0,0,91395577,1323,0,1323,-118,0,2,106
3,720,50.400000,12.276000,0,0,91395587,1323,0,1323,-118,0,2,106
3,720,50.400000,12.276000,0,0,91395597,1323,0,1323,-118,0,2,106
3,720,50.400000,12.276000,0,0,91395607,1323,0,1323,-118,0,2,106
3,720,50.400000,12.276000,0,0,91395617,1323,0,1323,-118,0,2,106
3,720,50.400000,12.276000,0,0,91395627,1323,0,1323,-118,0,2,106
3,720,50.400000,12.276000,0,0,91395637,1323,0,1323,-118,0,2,106
3,720,50.400000,12.276000,0,0,91395647,1323,0,1323,-118,0,2,106
3,720,50.400000,12.276000,0,0,91395657,1322,0,1322,-118,0,2,106
3,720,50.400000,12.276000,0,0,91395667,1322,0,1322,-118,0,2,106
3,720,50.400000,12.276000,0,0,91395677,1321,0,1321,-118,0,2,106
3,720,50.400000,12.276000,0,0,91395687,1319,0,1319,-118,0,2,106
3,720,50.400000,12.276000,0,0,91395697,1319,0,1319,-118,0,2,106
3,720,50.400000,12.276000,0,0,91395707,1318,0,1318,-118,0,2,106
3,720,50.400000,12.276000,0,0,91395717,1317,0,1317,-118,0,2,106
3,720,50.400000,12.276000,0,0,91395728,1317,0,1317,-118,0,2,106
3,720,50.400000,12.276000,0,0,91395738,1317,0,1317,-118,0,2,106
3,720,50.400000,12.276000,0,0,91395748,1317,0,1317,-118,0,2,106
3,720,50.400000,12.276000,0,0,91395758,1317,0,1317,-118,0,2,106
3,720,50.400000,12.276000,0,0,91395768,1317,0,1317,-118,0,2,106
3,720,50.400000,12.276000,0,0,91395777,1317,0,1317,-118,0,2,106
3,720,50.400000,12.276000,0,0,91395787,1317,0,1317,-118,0,2,106
3,720,50.400000,12.276000,0,0,91395797,1317,0,1317,-118,0,2,106
3,720,50.400000,12.276000,0,0,91395808,1317,0,1317,-118,0,2,106
3,720,50.400000,12.276000,0,0,91395818,1317,0,1317,-118,0,2,106
