3,360,82.800000,0.000000,0,1,91236900,780,22,780,22,0,2,24
3,360,82.800000,0.000000,0,1,91236900,780,22,780,22,0,2,24
3,360,82.800000,0.000000,0,1,91236910,780,22,780,22,0,2,24
3,360,82.800000,0.000000,0,1,91236920,780,22,780,22,0,2,24
3,360,82.800000,0.000000,0,1,91236935,780,22,780,22,0,2,24
3,360,82.800000,0.000000,0,1,91236945,780,22,780,22,0,2,24
3,360,82.800000,0.000000,0,1,91236955,780,22,780,22,0,2,24
3,360,82.800000,0.000000,0,1,91236965,780,22,780,22,0,2,24
3,360,82.800000,0.000000,0,1,91236976,780,22,780,22,0,2,24
3,360,82.800000,0.000000,0,1,91236985,780,22,780,22,0,2,24
3,360,82.800000,0.000000,0,1,91236998,781,21,781,21,0,2,24
3,360,82.800000,0.000000,0,1,91237007,782,20,782,20,0,2,24
3,360,82.800000,0.000000,0,1,91237018,783,19,783,19,0,2,24
3,360,82.800000,0.000000,0,1,91237031,784,17,784,17,0,2,24
3,360,82.800000,0.000000,0,1,91237047,787,14,787,14,0,2,24
3,360,82.800000,0.000000,0,1,91237063,793,11,793,11,0,2,24
3,360,82.800000,0.000000,0,1,91237079,802,8,802,8,0,2,24
3,360,82.800000,0.000000,0,1,91237095,813,4,813,4,0,2,24
3,360,82.800000,0.000000,0,1,91237110,827,1,827,1,0,2,24
3,360,82.800000,0.000000,0,1,91237126,843,0,843,-2,0,2,24
3,360,82.800000,0.000000,0,1,91237137,863,0,863,-5,0,2,24
3,360,82.800000,0.000000,0,1,91237148,878,0,878,-6,0,2,24
3,360,82.800000,0.000000,0,1,91237163,895,0,895,-8,0,2,24
3,360,82.800000,0.000000,0,1,91237175,917,0,917,-11,0,2,24
3,360,82.800000,0.000000,0,1,91237187,939,0,939,-15,0,2,24
3,360,82.800000,0.000000,0,1,91237197,958,0,958,-20,0,2,24
3,360,82.800000,0.000000,0,1,91237207,975,0,975,-23,0,2,24
3,360,82.800000,0.000000,0,1,91237219,988,0,988,-25,0,2,24
3,360,82.800000,0.000000,0,1,91237232,999,0,999,-27,0,2,24
3,360,82.800000,0.000000,0,1,91237242,1010,0,1010,-28,0,2,24
3,360,82.800000,0.000000,0,1,91237259,1017,0,1017,-29,0,2,24
3,360,82.800000,0.000000,0,1,91237269,1027,0,1027,-30,0,2,24
3,360,82.800000,0.000000,0,1,91237280,1031,0,1031,-30,0,2,24
3,360,82.800000,0.000000,0,1,91237292,1036,0,1036,-31,0,2,24
3,360,82.800000,0.000000,0,1,91237302,1041,0,1041,-33,0,2,24
3,360,82.800000,0.000000,0,1,91237313,1047,0,1047,-34,0,2,24
3,360,82.800000,0.000000,0,1,91237324,1054,0,1054,-35,0,2,24
3,360,82.800000,0.000000,0,1,91237334,1061,0,1061,-36,0,2,24
3,360,82.800000,0.000000,0,1,91237346,1067,0,1067,-37,0,2,24
3,360,82.800000,0.000000,0,1,91237360,1072,0,1072,-37,0,2,24
3,360,82.800000,0.000000,0,1,91237375,1076,0,1076,-37,0,2,24
3,360,82.800000,0.000000,0,1,91237385,1076,0,1076,-37,0,2,24
3,360,82.800000,0.000000,0,1,91237395,1076,0,1076,-37,0,2,24
3,360,82.800000,0.000000,0,1,91237405,1076,0,1076,-37,0,2,24
3,360,82.800000,0.000000,0,1,91237415,1077,0,1077,-38,0,2,24
3,360,82.800000,0.000000,0,1,91237425,1078,0,1078,-38,0,2,24
3,360,82.800000,0.000000,0,1,91237440,1079,0,1079,-38,0,2,24
3,360,82.800000,0.000000,0,1,91237450,1080,0,1080,-38,0,2,24
3,360,82.800000,0.000000,0,1,91237459,1081,0,1081,-38,0,2,24
3,360,82.800000,0.000000,0,1,91237470,1081,0,1081,-38,0,2,24
3,360,82.800000,0.000000,0,1,91237480,1081,0,1081,-38,0,2,24
3,360,82.800000,0.000000,0,1,91237490,1081,0,1081,-38,0,2,24
3,360,82.800000,0.000000,0,1,91237500,1081,0,1081,-38,0,2,24
3,360,82.800000,0.000000,0,1,91237510,1081,0,1081,-38,0,2,24
3,360,82.800000,0.000000,0,1,91237520,1081,0,1081,-38,0,2,24
3,360,82.800000,0.000000,0,1,91237530,1081,0,1081,-38,0,2,24
3,360,82.800000,0.000000,0,1,91237540,1081,0,1081,-38,0,2,24
3,360,82.800000,0.000000,0,1,91237550,1081,0,1081,-38,0,2,24
3,360,82.800000,0.000000,0,1,91237559,1081,0,1081,-38,0,2,24
3,360,82.800000,0.000000,0,1,91237569,1081,0,1081,-38,0,2,24
3,360,82.800000,0.000000,0,1,91237578,1082,0,1082,-38,0,2,24
3,360,82.800000,0.000000,0,1,91237588,1082,0,1082,-38,0,2,24
3,360,82.800000,0.000000,0,1,91237598,1082,0,1082,-38,0,2,24
3,360,82.800000,0.000000,0,1,91237607,1082,0,1082,-38,0,2,24
3,360,82.800000,0.000000,0,1,91237617,1082,0,1082,-38,0,2,24
3,360,82.800000,0.000000,0,1,91237632,1082,0,1082,-38,0,2,24
3,360,82.800000,0.000000,0,1,91237641,1082,0,1082,-38,0,2,24
3,360,82.800000,0.000000,0,1,91237651,1082,0,1082,-38,0,2,24
3,360,82.800000,0.000000,0,1,91237662,1082,0,1082,-38,0,2,24
3,360,82.800000,0.000000,0,1,91237672,1084,1,1084,-37,0,2,24
3,360,82.800000,0.000000,0,1,91237682,1084,2,1084,-36,0,2,24
3,360,82.800000,0.000000,0,1,91237692,1085,3,1085,-35,0,2,24
3,360,82.800000,0.000000,0,1,91237701,1085,3,1085,-35,0,2,24
3,360,82.800000,0.000000,0,1,91237711,1085,3,1085,-35,0,2,24
3,360,82.800000,0.000000,0,1,91237721,1085,3,1085,-35,0,2,24
3,360,82.800000,0.000000,0,1,91237731,1085,3,1085,-35,0,2,24
3,360,82.800000,0.000000,0,1,91237741,1086,3,1086,-35,0,2,24
3,360,82.800000,0.000000,0,1,91237751,1087,3,1087,-35,0,2,24
3,360,82.800000,0.000000,0,1,91237761,1087,3,1087,-35,0,2,24
3,360,82.800000,0.000000,0,1,91237771,1087,3,1087,-35,0,2,24
3,360,82.800000,0.000000,0,1,91237780,1087,3,1087,-35,0,2,24
3,360,82.800000,0.000000,0,1,91237790,1087,4,1087,-34,0,2,24
3,360,82.800000,0.000000,0,1,91237801,1087,4,1087,-34,0,2,24
3,360,82.800000,0.000000,0,1,91237810,1087,4,1087,-34,0,2,24
3,360,82.800000,0.000000,0,1,91237821,1088,4,1088,-34,0,2,24
3,360,82.800000,0.000000,0,1,91237832,1089,4,1089,-34,0,2,24
3,360,82.800000,0.000000,0,1,91237842,1090,5,1090,-33,0,2,24
3,360,82.800000,0.000000,0,1,91237852,1091,6,1091,-32,0,2,24
3,360,82.800000,0.000000,0,1,91237861,1092,6,1092,-32,0,2,24
3,360,82.800000,0.000000,0,1,91237871,1093,6,1093,-32,0,2,24
3,360,82.800000,0.000000,0,1,91237881,1094,7,1094,-31,0,2,24
3,360,82.800000,0.000000,0,1,91237890,1094,7,1094,-31,0,2,24
3,360,82.800000,0.000000,0,1,91237900,1094,7,1094,-31,0,2,24
3,360,82.800000,0.000000,0,1,91237910,1095,8,1095,-30,0,2,24
3,360,82.800000,0.000000,0,1,91237920,1095,8,1095,-30,0,2,24
3,360,82.800000,0.000000,0,1,91237929,1095,8,1095,-30,0,2,24
3,360,82.800000,0.000000,0,1,91237939,1095,8,1095,-30,0,2,24
3,360,82.800000,0.000000,0,1,91237949,1095,8,1095,-30,0,2,24
3,360,82.800000,0.000000,0,1,91237958,1095,8,1095,-30,0,2,24
3,360,82.800000,0.000000,0,1,91237968,1095,8,1095,-30,0,2,24
3,360,82.800000,0.000000,0,1,91237978,1095,8,1095,-30,0,2,24
3,360,82.800000,0.000000,0,1,91237988,1095,8,1095,-30,0,2,24
3,360,82.800000,0.000000,0,1,91237998,1095,8,1095,-30,0,2,24
3,360,82.800000,0.000000,0,1,91238012,1095,8,1095,-30,0,2,24
3,360,82.800000,0.000000,0,1,91238022,1095,8,1095,-30,0,2,24
3,360,82.800000,0.000000,0,1,91238032,1095,8,1095,-30,0,2,24
3,360,82.800000,0.000000,0,1,91238041,1095,8,1095,-30,0,2,24
3,360,82.800000,0.000000,0,1,91238051,1095,8,1095,-30,0,2,24
3,360,82.800000,0.000000,0,1,91238061,1095,8,1095,-30,0,2,24
3,360,82.800000,0.000000,0,1,91238071,1095,8,1095,-30,0,2,24
3,360,82.800000,0.000000,0,1,91238081,1096,8,1096,-30,0,2,24
3,360,82.800000,0.000000,0,1,91238091,1096,8,1096,-30,0,2,24
3,360,82.800000,0.000000,0,1,91238106,1098,8,1098,-30,0,2,24
3,360,82.800000,0.000000,0,1,91238116,1100,8,1100,-30,0,2,24
3,360,82.800000,0.000000,0,1,91238126,1102,8,1102,-30,0,2,24
3,360,82.800000,0.000000,0,1,91238136,1103,8,1103,-30,0,2,24
3,360,82.800000,0.000000,0,1,91238147,1104,8,1104,-30,0,2,24
3,360,82.800000,0.000000,0,1,91238157,1105,8,1105,-30,0,2,24
3,360,82.800000,0.000000,0,1,91238168,1106,8,1106,-30,0,2,24
3,360,82.800000,0.000000,0,1,91238179,1108,7,1108,-31,0,2,24
3,360,82.800000,0.000000,0,1,91238189,1110,6,1110,-32,0,2,24
3,360,82.800000,0.000000,0,1,91238199,1112,5,1112,-33,0,2,24
3,360,82.800000,0.000000,0,1,91238209,1114,5,1114,-33,0,2,24
3,360,82.800000,0.000000,0,1,91238219,1115,4,1115,-34,0,2,24
3,360,82.800000,0.000000,0,1,91238231,1115,4,1115,-34,0,2,24
3,360,82.800000,0.000000,0,1,91238243,1115,4,1115,-34,0,2,24
3,360,82.800000,0.000000,0,1,91238256,1115,4,1115,-34,0,2,24
