3,720,50.400000,12.276000,1,0,91269735,600,0,600,0,0,2,41
3,720,50.400000,12.276000,1,0,91269736,600,0,600,0,0,2,41
3,720,50.400000,12.276000,1,0,91269746,600,0,600,0,0,2,41
3,720,50.400000,12.276000,1,0,91269756,600,0,600,0,0,2,41
3,720,50.400000,12.276000,1,0,91269766,600,0,600,-1,0,2,41
3,720,50.400000,12.276000,1,0,91269776,602,0,602,-1,0,2,41
3,720,50.400000,12.276000,1,0,91269786,603,0,603,-2,0,2,41
3,720,50.400000,12.276000,1,0,91269796,605,0,605,-3,0,2,41
3,720,50.400000,12.276000,1,0,91269808,608,0,608,-4,0,2,41
3,720,50.400000,12.276000,1,0,91269818,611,0,611,-6,0,2,41
3,720,50.400000,12.276000,1,0,91269829,615,0,615,-8,0,2,41
3,720,50.400000,12.276000,1,0,91269842,620,0,620,-10,0,2,41
3,720,50.400000,12.276000,1,0,91269858,627,0,627,-14,0,2,41
3,720,50.400000,12.276000,1,0,91269873,641,0,641,-19,0,2,41
3,720,50.400000,12.276000,1,0,91269889,665,0,665,-25,0,2,41
3,720,50.400000,12.276000,1,0,91269900,702,0,702,-31,0,2,41
3,720,50.400000,12.276000,1,0,91269917,742,0,742,-34,0,2,41
3,720,50.400000,12.276000,1,0,91269927,809,0,809,-41,0,2,41
3,720,50.400000,12.276000,1,0,91269938,849,0,849,-45,0,2,41
3,720,50.400000,12.276000,1,0,91269950,890,0,890,-50,0,2,41
3,720,50.400000,12.276000,1,0,91269961,930,0,930,-54,0,2,41
3,720,50.400000,12.276000,1,0,91269972,960,0,960,-57,0,2,41
3,720,50.400000,12.276000,1,0,91269982,996,0,996,-59,0,2,41
3,720,50.400000,12.276000,1,0,91269993,1024,0,1024,-60,0,2,41
3,720,50.400000,12.276000,1,0,91270004,1045,0,1045,-61,0,2,41
3,720,50.400000,12.276000,1,0,91270015,1070,0,1070,-61,0,2,41
3,720,50.400000,12.276000,1,0,91270026,1088,0,1088,-61,0,2,41
3,720,50.400000,12.276000,1,0,91270036,1103,0,1103,-61,0,2,41
3,720,50.400000,12.276000,1,0,91270047,1115,0,1115,-61,0,2,41
3,720,50.400000,12.276000,1,0,91270058,1124,0,1124,-61,0,2,41
3,720,50.400000,12.276000,1,0,91270069,1131,0,1131,-61,0,2,41
3,720,50.400000,12.276000,1,0,91270079,1137,0,1137,-61,0,2,41
3,720,50.400000,12.276000,1,0,91270090,1143,0,1143,-61,0,2,41
3,720,50.400000,12.276000,1,0,91270101,1148,0,1148,-61,0,2,41
3,720,50.400000,12.276000,1,0,91270111,1154,0,1154,-61,0,2,41
3,720,50.400000,12.276000,1,0,91270122,1160,0,1160,-61,0,2,41
3,720,50.400000,12.276000,1,0,91270132,1165,0,1165,-62,0,2,41
3,720,50.400000,12.276000,1,0,91270143,1170,0,1170,-62,0,2,41
3,720,50.400000,12.276000,1,0,91270153,1173,0,1173,-62,0,2,41
3,720,50.400000,12.276000,1,0,91270164,1174,0,1174,-62,0,2,41
3,720,50.400000,12.276000,1,0,91270175,1175,0,1175,-62,0,2,41
3,720,50.400000,12.276000,1,0,91270189,1176,0,1176,-62,0,2,41
3,720,50.400000,12.276000,1,0,91270199,1180,0,1180,-62,0,2,41
3,720,50.400000,12.276000,1,0,91270210,1185,0,1185,-63,0,2,41
3,720,50.400000,12.276000,1,0,91270220,1190,0,1190,-63,0,2,41
3,720,50.400000,12.276000,1,0,91270232,1197,0,1197,-63,0,2,41
3,720,50.400000,12.276000,1,0,91270242,1202,0,1202,-63,0,2,41
3,720,50.400000,12.276000,1,0,91270252,1207,0,1207,-64,0,2,41
3,720,50.400000,12.276000,1,0,91270268,1213,0,1213,-64,0,2,41
3,720,50.400000,12.276000,1,0,91270278,1223,0,1223,-64,0,2,41
3,720,50.400000,12.276000,1,0,91270289,1229,0,1229,-64,0,2,41
3,720,50.400000,12.276000,1,0,91270300,1235,0,1235,-64,0,2,41
3,720,50.400000,12.276000,1,0,91270312,1239,0,1239,-64,0,2,41
3,720,50.400000,12.276000,1,0,91270323,1243,0,1243,-64,0,2,41
3,720,50.400000,12.276000,1,0,91270340,1247,0,1247,-65,0,2,41
3,720,50.400000,12.276000,1,0,91270353,1253,0,1253,-65,0,2,41
3,720,50.400000,12.276000,1,0,91270365,1257,0,1257,-65,0,2,41
3,720,50.400000,12.276000,1,0,91270375,1261,0,1261,-65,0,2,41
3,720,50.400000,12.276000,1,0,91270387,1265,0,1265,-66,0,2,41
3,720,50.400000,12.276000,1,0,91270397,1267,0,1267,-66,0,2,41
3,720,50.400000,12.276000,1,0,91270407,1269,0,1269,-67,0,2,41
3,720,50.400000,12.276000,1,0,91270418,1270,0,1270,-67,0,2,41
3,720,50.400000,12.276000,1,0,91270428,1272,0,1272,-68,0,2,41
3,720,50.400000,12.276000,1,0,91270443,1274,0,1274,-68,0,2,41
3,720,50.400000,12.276000,1,0,91270453,1278,0,1278,-69,0,2,41
3,720,50.400000,12.276000,1,0,91270464,1282,0,1282,-69,0,2,41
3,720,50.400000,12.276000,1,0,91270474,1286,0,1286,-69,0,2,41
3,720,50.400000,12.276000,1,0,91270485,1289,0,1289,-69,0,2,41
3,720,50.400000,12.276000,1,0,91270497,1294,0,1294,-70,0,2,41
3,720,50.400000,12.276000,1,0,91270508,1298,0,1298,-70,0,2,41
3,720,50.400000,12.276000,1,0,91270520,1302,0,1302,-70,0,2,41
3,720,50.400000,12.276000,1,0,91270531,1309,0,1309,-71,0,2,41
3,720,50.400000,12.276000,1,0,91270541,1314,0,1314,-71,0,2,41
3,720,50.400000,12.276000,1,0,91270551,1316,0,1316,-71,0,2,41
3,720,50.400000,12.276000,1,0,91270561,1317,0,1317,-71,0,2,41
3,720,50.400000,12.276000,1,0,91270570,1317,0,1317,-71,0,2,41
3,720,50.400000,12.276000,1,0,91270580,1318,0,1318,-71,0,2,41
3,720,50.400000,12.276000,1,0,91270590,1319,0,1319,-72,0,2,41
3,720,50.400000,12.276000,1,0,91270600,1320,0,1320,-72,0,2,41
3,720,50.400000,12.276000,1,0,91270615,1320,0,1320,-72,0,2,41
3,720,50.400000,12.276000,1,0,91270625,1320,0,1320,-72,0,2,41
3,720,50.400000,12.276000,1,0,91270635,1320,0,1320,-72,0,2,41
3,720,50.400000,12.276000,1,0,91270645,1321,0,1321,-72,0,2,41
3,720,50.400000,12.276000,1,0,91270655,1322,0,1322,-72,0,2,41
3,720,50.400000,12.276000,1,0,91270665,1322,0,1322,-72,0,2,41
3,720,50.400000,12.276000,1,0,91270680,1322,0,1322,-72,0,2,41
3,720,50.400000,12.276000,1,0,91270690,1322,0,1322,-72,0,2,41
3,720,50.400000,12.276000,1,0,91270699,1322,0,1322,-72,0,2,41
3,720,50.400000,12.276000,1,0,91270709,1322,0,1322,-72,0,2,41
3,720,50.400000,12.276000,1,0,91270720,1322,0,1322,-72,0,2,41
3,720,50.400000,12.276000,1,0,91270730,1322,0,1322,-72,0,2,41
3,720,50.400000,12.276000,1,0,91270739,1322,0,1322,-72,0,2,41
3,720,50.400000,12.276000,1,0,91270750,1322,0,1322,-72,0,2,41
3,720,50.400000,12.276000,1,0,91270759,1322,0,1322,-72,0,2,41
3,720,50.400000,12.276000,1,0,91270774,1322,0,1322,-72,0,2,41
3,720,50.400000,12.276000,1,0,91270784,1322,0,1322,-72,0,2,41
3,720,50.400000,12.276000,1,0,91270794,1322,0,1322,-72,0,2,41
3,720,50.400000,12.276000,1,0,91270804,1322,0,1322,-72,0,2,41
3,720,50.400000,12.276000,1,0,91270814,1322,0,1322,-72,0,2,41
3,720,50.400000,12.276000,1,0,91270824,1322,0,1322,-72,0,2,41
3,720,50.400000,12.276000,1,0,91270838,1322,0,1322,-72,0,2,41
3,720,50.400000,12.276000,1,0,91270853,1322,0,1322,-72,0,2,41
3,720,50.400000,12.276000,1,0,91270863,1322,0,1322,-72,0,2,41
3,720,50.400000,12.276000,1,0,91270872,1322,0,1322,-72,0,2,41
