3,720,82.800000,42.984000,1,1,91404803,600,22,600,22,0,2,111
3,720,82.800000,42.984000,1,1,91404804,600,22,600,22,0,2,111
3,720,82.800000,42.984000,1,1,91404815,600,21,600,21,0,2,111
3,720,82.800000,42.984000,1,1,91404825,600,21,600,21,0,2,111
3,720,82.800000,42.984000,1,1,91404835,600,21,600,21,0,2,111
3,720,82.800000,42.984000,1,1,91404845,600,21,600,21,0,2,111
3,720,82.800000,42.984000,1,1,91404856,600,20,600,20,0,2,111
3,720,82.800000,42.984000,1,1,91404865,600,19,600,19,0,2,111
3,720,82.800000,42.984000,1,1,91404877,600,18,600,18,0,2,111
3,720,82.800000,42.984000,1,1,91404889,601,16,601,16,0,2,111
3,720,82.800000,42.984000,1,1,91404899,605,14,605,14,0,2,111
3,720,82.800000,42.984000,1,1,91404911,609,12,609,12,0,2,111
3,720,82.800000,42.984000,1,1,91404926,614,8,614,8,0,2,111
3,720,82.800000,42.984000,1,1,91404942,624,2,624,2,0,2,111
3,720,82.800000,42.984000,1,1,91404953,637,0,637,-6,0,2,111
3,720,82.800000,42.984000,1,1,91404964,647,0,647,-11,0,2,111
3,720,82.800000,42.984000,1,1,91404975,657,0,657,-16,0,2,111
3,720,82.800000,42.984000,1,1,91404986,668,0,668,-21,0,2,111
3,720,82.800000,42.984000,1,1,91404997,678,0,678,-25,0,2,111
3,720,82.800000,42.984000,1,1,91405008,689,0,689,-29,0,2,111
3,720,82.800000,42.984000,1,1,91405019,697,0,697,-31,0,2,111
3,720,82.800000,42.984000,1,1,91405029,709,0,709,-34,0,2,111
3,720,82.800000,42.984000,1,1,91405040,722,0,722,-36,0,2,111
3,720,82.800000,42.984000,1,1,91405050,739,0,739,-37,0,2,111
3,720,82.800000,42.984000,1,1,91405061,759,0,759,-39,0,2,111
3,720,82.800000,42.984000,1,1,91405072,775,0,775,-39,0,2,111
3,720,82.800000,42.984000,1,1,91405083,798,0,798,-40,0,2,111
3,720,82.800000,42.984000,1,1,91405093,818,0,818,-40,0,2,111
3,720,82.800000,42.984000,1,1,91405105,837,0,837,-41,0,2,111
3,720,82.800000,42.984000,1,1,91405116,857,0,857,-42,0,2,111
3,720,82.800000,42.984000,1,1,91405127,877,0,877,-44,0,2,111
3,720,82.800000,42.984000,1,1,91405138,896,0,896,-45,0,2,111
3,720,82.800000,42.984000,1,1,91405150,918,0,918,-46,0,2,111
3,720,82.800000,42.984000,1,1,91405160,937,0,937,-47,0,2,111
3,720,82.800000,42.984000,1,1,91405176,960,0,960,-48,0,2,111
3,720,82.800000,42.984000,1,1,91405187,988,0,988,-50,0,2,111
3,720,82.800000,42.984000,1,1,91405198,1003,0,1003,-52,0,2,111
3,720,82.800000,42.984000,1,1,91405209,1017,0,1017,-53,0,2,111
3,720,82.800000,42.984000,1,1,91405220,1031,0,1031,-54,0,2,111
3,720,82.800000,42.984000,1,1,91405231,1044,0,1044,-56,0,2,111
3,720,82.800000,42.984000,1,1,91405242,1057,0,1057,-56,0,2,111
3,720,82.800000,42.984000,1,1,91405252,1069,0,1069,-58,0,2,111
3,720,82.800000,42.984000,1,1,91405263,1080,0,1080,-58,0,2,111
3,720,82.800000,42.984000,1,1,91405273,1087,0,1087,-60,0,2,111
3,720,82.800000,42.984000,1,1,91405284,1093,0,1093,-60,0,2,111
3,720,82.800000,42.984000,1,1,91405294,1098,0,1098,-61,0,2,111
3,720,82.800000,42.984000,1,1,91405304,1102,0,1102,-61,0,2,111
3,720,82.800000,42.984000,1,1,91405316,1106,0,1106,-62,0,2,111
3,720,82.800000,42.984000,1,1,91405328,1111,0,1111,-63,0,2,111
3,720,82.800000,42.984000,1,1,91405338,1117,0,1117,-63,0,2,111
3,720,82.800000,42.984000,1,1,91405349,1122,0,1122,-64,0,2,111
3,720,82.800000,42.984000,1,1,91405359,1127,0,1127,-64,0,2,111
3,720,82.800000,42.984000,1,1,91405373,1131,0,1131,-64,0,2,111
3,720,82.800000,42.984000,1,1,91405384,1138,0,1138,-65,0,2,111
3,720,82.800000,42.984000,1,1,91405395,1146,0,1146,-65,0,2,111
3,720,82.800000,42.984000,1,1,91405406,1156,0,1156,-65,0,2,111
3,720,82.800000,42.984000,1,1,91405417,1165,0,1165,-65,0,2,111
3,720,82.800000,42.984000,1,1,91405427,1175,0,1175,-66,0,2,111
3,720,82.800000,42.984000,1,1,91405438,1182,0,1182,-67,0,2,111
3,720,82.800000,42.984000,1,1,91405448,1187,0,1187,-68,0,2,111
3,720,82.800000,42.984000,1,1,91405460,1191,0,1191,-69,0,2,111
3,720,82.800000,42.984000,1,1,91405471,1197,0,1197,-69,0,2,111
3,720,82.800000,42.984000,1,1,91405491,1203,0,1203,-70,0,2,111
3,720,82.800000,42.984000,1,1,91405502,1215,0,1215,-72,0,2,111
3,720,82.800000,42.984000,1,1,91405513,1222,0,1222,-73,0,2,111
3,720,82.800000,42.984000,1,1,91405528,1229,0,1229,-74,0,2,111
3,720,82.800000,42.984000,1,1,91405539,1238,0,1238,-75,0,2,111
3,720,82.800000,42.984000,1,1,91405550,1242,0,1242,-75,0,2,111
3,720,82.800000,42.984000,1,1,91405561,1247,0,1247,-76,0,2,111
3,720,82.800000,42.984000,1,1,91405572,1253,0,1253,-76,0,2,111
3,720,82.800000,42.984000,1,1,91405583,1260,0,1260,-76,0,2,111
3,720,82.800000,42.984000,1,1,91405593,1266,0,1266,-76,0,2,111
3,720,82.800000,42.984000,1,1,91405603,1272,0,1272,-76,0,2,111
3,720,82.800000,42.984000,1,1,91405614,1276,0,1276,-76,0,2,111
3,720,82.800000,42.984000,1,1,91405624,1279,0,1279,-77,0,2,111
3,720,82.800000,42.984000,1,1,91405636,1280,0,1280,-77,0,2,111
3,720,82.800000,42.984000,1,1,91405646,1281,0,1281,-77,0,2,111
3,720,82.800000,42.984000,1,1,91405656,1282,0,1282,-77,0,2,111
3,720,82.800000,42.984000,1,1,91405666,1284,0,1284,-78,0,2,111
3,720,82.800000,42.984000,1,1,91405677,1285,0,1285,-78,0,2,111
3,720,82.800000,42.984000,1,1,91405687,1286,0,1286,-78,0,2,111
3,720,82.800000,42.984000,1,1,91405697,1287,0,1287,-78,0,2,111
3,720,82.800000,42.984000,1,1,91405707,1288,0,1288,-78,0,2,111
3,720,82.800000,42.984000,1,1,91405723,1289,0,1289,-78,0,2,111
3,720,82.800000,42.984000,1,1,91405739,1289,0,1289,-78,0,2,111
3,720,82.800000,42.984000,1,1,91405753,1289,0,1289,-78,0,2,111
