3,720,50.400000,10000.000000,0,1,91217399,600,22,600,22,0,2,16
3,720,50.400000,10000.000000,0,1,91217400,600,22,600,22,0,2,16
3,720,50.400000,10000.000000,0,1,91217411,600,22,600,22,0,2,16
3,720,50.400000,10000.000000,0,1,91217421,600,22,600,22,0,2,16
3,720,50.400000,10000.000000,0,1,91217431,600,22,600,22,0,2,16
3,720,50.400000,10000.000000,0,1,91217440,600,22,600,22,0,2,16
3,720,50.400000,10000.000000,0,1,91217450,600,22,600,22,0,2,16
3,720,50.400000,10000.000000,0,1,91217460,600,22,600,22,0,2,16
3,720,50.400000,10000.000000,0,1,91217470,600,22,600,22,0,2,16
3,720,50.400000,10000.000000,0,1,91217480,600,22,600,22,0,2,16
3,720,50.400000,10000.000000,0,1,91217489,600,22,600,22,0,2,16
3,720,50.400000,10000.000000,0,1,91217499,600,22,600,22,0,2,16
3,720,50.400000,10000.000000,0,1,91217509,600,22,600,22,0,2,16
3,720,50.400000,10000.000000,0,1,91217521,601,22,601,22,0,2,16
3,720,50.400000,10000.000000,0,1,91217532,603,20,603,20,0,2,16
3,720,50.400000,10000.000000,0,1,91217542,608,18,608,18,0,2,16
3,720,50.400000,10000.000000,0,1,91217555,614,15,614,15,0,2,16
3,720,50.400000,10000.000000,0,1,91217566,623,10,623,10,0,2,16
3,720,50.400000,10000.000000,0,1,91217577,634,3,634,3,0,2,16
3,720,50.400000,10000.000000,0,1,91217587,643,0,643,-3,0,2,16
3,720,50.400000,10000.000000,0,1,91217598,652,0,652,-8,0,2,16
3,720,50.400000,10000.000000,0,1,91217609,660,0,660,-13,0,2,16
3,720,50.400000,10000.000000,0,1,91217621,669,0,669,-18,0,2,16
3,720,50.400000,10000.000000,0,1,91217631,682,0,682,-23,0,2,16
3,720,50.400000,10000.000000,0,1,91217643,696,0,696,-28,0,2,16
3,720,50.400000,10000.000000,0,1,91217653,713,0,713,-33,0,2,16
3,720,50.400000,10000.000000,0,1,91217664,729,0,729,-38,0,2,16
3,720,50.400000,10000.000000,0,1,91217675,745,0,745,-40,0,2,16
3,720,50.400000,10000.000000,0,1,91217686,767,0,767,-44,0,2,16
3,720,50.400000,10000.000000,0,1,91217697,790,0,790,-47,0,2,16
3,720,50.400000,10000.000000,0,1,91217707,811,0,811,-50,0,2,16
3,720,50.400000,10000.000000,0,1,91217718,837,0,837,-56,0,2,16
3,720,50.400000,10000.000000,0,1,91217729,862,0,862,-62,0,2,16
3,720,50.400000,10000.000000,0,1,91217739,888,0,888,-68,0,2,16
3,720,50.400000,10000.000000,0,1,91217750,914,0,914,-74,0,2,16
3,720,50.400000,10000.000000,0,1,91217762,937,0,937,-78,0,2,16
3,720,50.400000,10000.000000,0,1,91217773,960,0,960,-82,0,2,16
3,720,50.400000,10000.000000,0,1,91217784,989,0,989,-87,0,2,16
3,720,50.400000,10000.000000,0,1,91217795,1013,0,1013,-90,0,2,16
3,720,50.400000,10000.000000,0,1,91217806,1043,0,1043,-93,0,2,16
3,720,50.400000,10000.000000,0,1,91217817,1065,0,1065,-95,0,2,16
3,720,50.400000,10000.000000,0,1,91217827,1088,0,1088,-96,0,2,16
3,720,50.400000,10000.000000,0,1,91217838,1106,0,1106,-98,0,2,16
3,720,50.400000,10000.000000,0,1,91217849,1126,0,1126,-99,0,2,16
3,720,50.400000,10000.000000,0,1,91217860,1146,0,1146,-100,0,2,16
3,720,50.400000,10000.000000,0,1,91217875,1164,0,1164,-102,0,2,16
3,720,50.400000,10000.000000,0,1,91217887,1183,0,1183,-103,0,2,16
3,720,50.400000,10000.000000,0,1,91217898,1191,0,1191,-105,0,2,16
3,720,50.400000,10000.000000,0,1,91217907,1196,0,1196,-105,0,2,16
3,720,50.400000,10000.000000,0,1,91217919,1200,0,1200,-106,0,2,16
3,720,50.400000,10000.000000,0,1,91217930,1204,0,1204,-106,0,2,16
3,720,50.400000,10000.000000,0,1,91217941,1207,0,1207,-106,0,2,16
3,720,50.400000,10000.000000,0,1,91217951,1210,0,1210,-106,0,2,16
3,720,50.400000,10000.000000,0,1,91217961,1213,0,1213,-106,0,2,16
3,720,50.400000,10000.000000,0,1,91217971,1215,0,1215,-106,0,2,16
3,720,50.400000,10000.000000,0,1,91217981,1216,0,1216,-106,0,2,16
3,720,50.400000,10000.000000,0,1,91217990,1217,0,1217,-106,0,2,16
3,720,50.400000,10000.000000,0,1,91218000,1217,0,1217,-106,0,2,16
3,720,50.400000,10000.000000,0,1,91218012,1217,0,1217,-106,0,2,16
3,720,50.400000,10000.000000,0,1,91218023,1218,0,1218,-106,0,2,16
3,720,50.400000,10000.000000,0,1,91218033,1221,0,1221,-106,0,2,16
3,720,50.400000,10000.000000,0,1,91218043,1225,0,1225,-106,0,2,16
3,720,50.400000,10000.000000,0,1,91218054,1229,0,1229,-106,0,2,16
3,720,50.400000,10000.000000,0,1,91218064,1234,0,1234,-106,0,2,16
3,720,50.400000,10000.000000,0,1,91218075,1239,0,1239,-107,0,2,16
3,720,50.400000,10000.000000,0,1,91218085,1243,0,1243,-108,0,2,16
3,720,50.400000,10000.000000,0,1,91218097,1248,0,1248,-109,0,2,16
3,720,50.400000,10000.000000,0,1,91218107,1254,0,1254,-110,0,2,16
3,720,50.400000,10000.000000,0,1,91218118,1261,0,1261,-111,0,2,16
3,720,50.400000,10000.000000,0,1,91218129,1270,0,1270,-113,0,2,16
3,720,50.400000,10000.000000,0,1,91218140,1278,0,1278,-113,0,2,16
3,720,50.400000,10000.000000,0,1,91218151,1285,0,1285,-114,0,2,16
3,720,50.400000,10000.000000,0,1,91218162,1292,0,1292,-114,0,2,16
3,720,50.400000,10000.000000,0,1,91218173,1300,0,1300,-116,0,2,16
3,720,50.400000,10000.000000,0,1,91218185,1307,0,1307,-117,0,2,16
3,720,50.400000,10000.000000,0,1,91218196,1318,0,1318,-119,0,2,16
3,720,50.400000,10000.000000,0,1,91218212,1326,0,1326,-119,0,2,16
3,720,50.400000,10000.000000,0,1,91218223,1336,0,1336,-120,0,2,16
3,720,50.400000,10000.000000,0,1,91218232,1339,0,1339,-121,0,2,16
3,720,50.400000,10000.000000,0,1,91218242,1341,0,1341,-122,0,2,16
3,720,50.400000,10000.000000,0,1,91218251,1343,0,1343,-123,0,2,16
3,720,50.400000,10000.000000,0,1,91218261,1343,0,1343,-123,0,2,16
3,720,50.400000,10000.000000,0,1,91218271,1343,0,1343,-123,0,2,16
3,720,50.400000,10000.000000,0,1,91218281,1343,0,1343,-123,0,2,16
3,720,50.400000,10000.000000,0,1,91218291,1343,0,1343,-123,0,2,16
3,720,50.400000,10000.000000,0,1,91218300,1343,0,1343,-123,0,2,16
3,720,50.400000,10000.000000,0,1,91218310,1343,0,1343,-123,0,2,16
3,720,50.400000,10000.000000,0,1,91218320,1343,0,1343,-123,0,2,16
3,720,50.400000,10000.000000,0,1,91218330,1343,0,1343,-123,0,2,16
3,720,50.400000,10000.000000,0,1,91218340,1343,0,1343,-123,0,2,16
3,720,50.400000,10000.000000,0,1,91218350,1343,0,1343,-123,0,2,16
3,720,50.400000,10000.000000,0,1,91218359,1343,0,1343,-123,0,2,16
