3,360,82.800000,22.608000,0,1,91390783,780,22,780,22,0,2,104
3,360,82.800000,22.608000,0,1,91390784,780,22,780,22,0,2,104
3,360,82.800000,22.608000,0,1,91390794,783,22,783,22,0,2,104
3,360,82.800000,22.608000,0,1,91390804,783,22,783,22,0,2,104
3,360,82.800000,22.608000,0,1,91390814,783,22,783,22,0,2,104
3,360,82.800000,22.608000,0,1,91390826,783,22,783,22,0,2,104
3,360,82.800000,22.608000,0,1,91390836,783,22,783,22,0,2,104
3,360,82.800000,22.608000,0,1,91390846,783,22,783,22,0,2,104
3,360,82.800000,22.608000,0,1,91390857,783,22,783,22,0,2,104
3,360,82.800000,22.608000,0,1,91390867,783,22,783,22,0,2,104
3,360,82.800000,22.608000,0,1,91390877,783,22,783,22,0,2,104
3,360,82.800000,22.608000,0,1,91390888,783,22,783,22,0,2,104
3,360,82.800000,22.608000,0,1,91390899,783,22,783,22,0,2,104
3,360,82.800000,22.608000,0,1,91390909,783,22,783,22,0,2,104
3,360,82.800000,22.608000,0,1,91390920,783,22,783,22,0,2,104
3,360,82.800000,22.608000,0,1,91390931,783,22,783,22,0,2,104
3,360,82.800000,22.608000,0,1,91390941,783,22,783,22,0,2,104
3,360,82.800000,22.608000,0,1,91390951,783,22,783,22,0,2,104
3,360,82.800000,22.608000,0,1,91390962,783,22,783,22,0,2,104
3,360,82.800000,22.608000,0,1,91390972,784,22,784,22,0,2,104
3,360,82.800000,22.608000,0,1,91390983,786,21,786,21,0,2,104
3,360,82.800000,22.608000,0,1,91390993,790,19,790,19,0,2,104
3,360,82.800000,22.608000,0,1,91391004,796,17,796,17,0,2,104
3,360,82.800000,22.608000,0,1,91391015,802,15,802,15,0,2,104
3,360,82.800000,22.608000,0,1,91391029,810,13,810,13,0,2,104
3,360,82.800000,22.608000,0,1,91391040,823,9,823,9,0,2,104
3,360,82.800000,22.608000,0,1,91391051,840,6,840,6,0,2,104
3,360,82.800000,22.608000,0,1,91391062,859,3,859,3,0,2,104
3,360,82.800000,22.608000,0,1,91391073,880,0,880,0,0,2,104
3,360,82.800000,22.608000,0,1,91391083,898,0,898,-2,0,2,104
3,360,82.800000,22.608000,0,1,91391094,914,0,914,-5,0,2,104
3,360,82.800000,22.608000,0,1,91391104,933,0,933,-6,0,2,104
3,360,82.800000,22.608000,0,1,91391115,950,0,950,-7,0,2,104
3,360,82.800000,22.608000,0,1,91391125,976,0,976,-9,0,2,104
3,360,82.800000,22.608000,0,1,91391136,998,0,998,-10,0,2,104
3,360,82.800000,22.608000,0,1,91391147,1019,0,1019,-13,0,2,104
3,360,82.800000,22.608000,0,1,91391159,1033,0,1033,-15,0,2,104
3,360,82.800000,22.608000,0,1,91391170,1041,0,1041,-17,0,2,104
3,360,82.800000,22.608000,0,1,91391181,1046,0,1046,-18,0,2,104
3,360,82.800000,22.608000,0,1,91391192,1051,0,1051,-20,0,2,104
3,360,82.800000,22.608000,0,1,91391203,1055,0,1055,-21,0,2,104
3,360,82.800000,22.608000,0,1,91391213,1058,0,1058,-22,0,2,104
3,360,82.800000,22.608000,0,1,91391224,1059,0,1059,-22,0,2,104
3,360,82.800000,22.608000,0,1,91391234,1061,0,1061,-23,0,2,104
3,360,82.800000,22.608000,0,1,91391245,1065,0,1065,-23,0,2,104
3,360,82.800000,22.608000,0,1,91391255,1069,0,1069,-23,0,2,104
3,360,82.800000,22.608000,0,1,91391267,1074,0,1074,-23,0,2,104
3,360,82.800000,22.608000,0,1,91391278,1081,0,1081,-23,0,2,104
3,360,82.800000,22.608000,0,1,91391289,1086,0,1086,-23,0,2,104
3,360,82.800000,22.608000,0,1,91391299,1091,0,1091,-23,0,2,104
3,360,82.800000,22.608000,0,1,91391311,1096,0,1096,-23,0,2,104
3,360,82.800000,22.608000,0,1,91391321,1102,0,1102,-24,0,2,104
3,360,82.800000,22.608000,0,1,91391332,1107,0,1107,-24,0,2,104
3,360,82.800000,22.608000,0,1,91391343,1113,0,1113,-24,0,2,104
3,360,82.800000,22.608000,0,1,91391354,1120,0,1120,-24,0,2,104
3,360,82.800000,22.608000,0,1,91391366,1127,0,1127,-24,0,2,104
3,360,82.800000,22.608000,0,1,91391377,1132,0,1132,-25,0,2,104
3,360,82.800000,22.608000,0,1,91391387,1135,0,1135,-25,0,2,104
3,360,82.800000,22.608000,0,1,91391399,1136,0,1136,-25,0,2,104
3,360,82.800000,22.608000,0,1,91391409,1136,0,1136,-26,0,2,104
3,360,82.800000,22.608000,0,1,91391419,1136,0,1136,-26,0,2,104
3,360,82.800000,22.608000,0,1,91391431,1136,0,1136,-26,0,2,104
3,360,82.800000,22.608000,0,1,91391442,1136,0,1136,-26,0,2,104
3,360,82.800000,22.608000,0,1,91391452,1136,0,1136,-26,0,2,104
3,360,82.800000,22.608000,0,1,91391469,1137,0,1137,-26,0,2,104
3,360,82.800000,22.608000,0,1,91391480,1138,0,1138,-26,0,2,104
3,360,82.800000,22.608000,0,1,91391489,1139,0,1139,-26,0,2,104
3,360,82.800000,22.608000,0,1,91391499,1139,0,1139,-26,0,2,104
3,360,82.800000,22.608000,0,1,91391510,1139,0,1139,-26,0,2,104
3,360,82.800000,22.608000,0,1,91391519,1139,0,1139,-26,0,2,104
