3,360,21.600000,10000.000000,1,0,91204019,780,0,780,0,0,2,10
3,360,21.600000,10000.000000,1,0,91204020,780,0,780,0,0,2,10
3,360,21.600000,10000.000000,1,0,91204030,780,0,780,0,0,2,10
3,360,21.600000,10000.000000,1,0,91204040,780,0,780,0,0,2,10
3,360,21.600000,10000.000000,1,0,91204049,780,0,780,0,0,2,10
3,360,21.600000,10000.000000,1,0,91204059,780,0,780,0,0,2,10
3,360,21.600000,10000.000000,1,0,91204070,780,0,780,0,0,2,10
3,360,21.600000,10000.000000,1,0,91204081,781,0,781,0,0,2,10
3,360,21.600000,10000.000000,1,0,91204093,785,0,785,-1,0,2,10
3,360,21.600000,10000.000000,1,0,91204104,792,0,792,-4,0,2,10
3,360,21.600000,10000.000000,1,0,91204115,801,0,801,-7,0,2,10
3,360,21.600000,10000.000000,1,0,91204125,808,0,808,-9,0,2,10
3,360,21.600000,10000.000000,1,0,91204135,814,0,814,-10,0,2,10
3,360,21.600000,10000.000000,1,0,91204147,819,0,819,-12,0,2,10
3,360,21.600000,10000.000000,1,0,91204158,825,0,825,-13,0,2,10
3,360,21.600000,10000.000000,1,0,91204173,829,0,829,-14,0,2,10
3,360,21.600000,10000.000000,1,0,91204189,838,0,838,-16,0,2,10
3,360,21.600000,10000.000000,1,0,91204205,853,0,853,-17,0,2,10
3,360,21.600000,10000.000000,1,0,91204220,871,0,871,-18,0,2,10
3,360,21.600000,10000.000000,1,0,91204235,892,0,892,-20,0,2,10
3,360,21.600000,10000.000000,1,0,91204246,916,0,916,-22,0,2,10
3,360,21.600000,10000.000000,1,0,91204257,931,0,931,-24,0,2,10
3,360,21.600000,10000.000000,1,0,91204268,945,0,945,-25,0,2,10
3,360,21.600000,10000.000000,1,0,91204283,960,0,960,-26,0,2,10
3,360,21.600000,10000.000000,1,0,91204299,979,0,979,-27,0,2,10
3,360,21.600000,10000.000000,1,0,91204315,999,0,999,-27,0,2,10
3,360,21.600000,10000.000000,1,0,91204330,1016,0,1016,-27,0,2,10
3,360,21.600000,10000.000000,1,0,91204341,1032,0,1032,-27,0,2,10
3,360,21.600000,10000.000000,1,0,91204353,1042,0,1042,-27,0,2,10
3,360,21.600000,10000.000000,1,0,91204364,1051,0,1051,-27,0,2,10
3,360,21.600000,10000.000000,1,0,91204379,1061,0,1061,-27,0,2,10
3,360,21.600000,10000.000000,1,0,91204390,1075,0,1075,-27,0,2,10
3,360,21.600000,10000.000000,1,0,91204401,1082,0,1082,-27,0,2,10
3,360,21.600000,10000.000000,1,0,91204412,1090,0,1090,-27,0,2,10
3,360,21.600000,10000.000000,1,0,91204424,1096,0,1096,-27,0,2,10
3,360,21.600000,10000.000000,1,0,91204435,1103,0,1103,-27,0,2,10
3,360,21.600000,10000.000000,1,0,91204447,1108,0,1108,-27,0,2,10
3,360,21.600000,10000.000000,1,0,91204457,1111,0,1111,-27,0,2,10
3,360,21.600000,10000.000000,1,0,91204471,1112,0,1112,-27,0,2,10
3,360,21.600000,10000.000000,1,0,91204486,1115,0,1115,-27,0,2,10
3,360,21.600000,10000.000000,1,0,91204496,1117,0,1117,-27,0,2,10
3,360,21.600000,10000.000000,1,0,91204506,1118,0,1118,-27,0,2,10
3,360,21.600000,10000.000000,1,0,91204516,1119,0,1119,-27,0,2,10
3,360,21.600000,10000.000000,1,0,91204526,1120,0,1120,-27,0,2,10
3,360,21.600000,10000.000000,1,0,91204536,1121,0,1121,-27,0,2,10
3,360,21.600000,10000.000000,1,0,91204547,1121,0,1121,-27,0,2,10
3,360,21.600000,10000.000000,1,0,91204557,1123,0,1123,-27,0,2,10
3,360,21.600000,10000.000000,1,0,91204568,1125,0,1125,-27,0,2,10
3,360,21.600000,10000.000000,1,0,91204578,1127,0,1127,-27,0,2,10
3,360,21.600000,10000.000000,1,0,91204588,1128,0,1128,-27,0,2,10
3,360,21.600000,10000.000000,1,0,91204599,1130,0,1130,-27,0,2,10
3,360,21.600000,10000.000000,1,0,91204614,1131,0,1131,-27,0,2,10
3,360,21.600000,10000.000000,1,0,91204629,1134,0,1134,-27,0,2,10
3,360,21.600000,10000.000000,1,0,91204644,1138,0,1138,-27,0,2,10
3,360,21.600000,10000.000000,1,0,91204659,1139,0,1139,-27,0,2,10
3,360,21.600000,10000.000000,1,0,91204668,1139,0,1139,-27,0,2,10
3,360,21.600000,10000.000000,1,0,91204678,1139,0,1139,-27,0,2,10
3,360,21.600000,10000.000000,1,0,91204688,1139,0,1139,-27,0,2,10
3,360,21.600000,10000.000000,1,0,91204698,1139,0,1139,-27,0,2,10
3,360,21.600000,10000.000000,1,0,91204708,1139,0,1139,-27,0,2,10
3,360,21.600000,10000.000000,1,0,91204718,1139,0,1139,-27,0,2,10
3,360,21.600000,10000.000000,1,0,91204733,1140,0,1140,-27,0,2,10
3,360,21.600000,10000.000000,1,0,91204743,1141,0,1141,-27,0,2,10
3,360,21.600000,10000.000000,1,0,91204753,1142,0,1142,-27,0,2,10
3,360,21.600000,10000.000000,1,0,91204763,1142,0,1142,-27,0,2,10
3,360,21.600000,10000.000000,1,0,91204772,1142,0,1142,-27,0,2,10
3,360,21.600000,10000.000000,1,0,91204782,1142,0,1142,-27,0,2,10
3,360,21.600000,10000.000000,1,0,91204793,1142,0,1142,-27,0,2,10
3,360,21.600000,10000.000000,1,0,91204803,1142,0,1142,-27,0,2,10
3,360,21.600000,10000.000000,1,0,91204817,1142,0,1142,-27,0,2,10
