3,720,82.800000,12.276000,1,1,91186089,600,22,600,22,0,2,1
3,720,82.800000,12.276000,1,1,91186090,600,22,600,22,0,2,1
3,720,82.800000,12.276000,1,1,91186100,600,22,600,22,0,2,1
3,720,82.800000,12.276000,1,1,91186111,600,22,600,22,0,2,1
3,720,82.800000,12.276000,1,1,91186121,600,22,600,22,0,2,1
3,720,82.800000,12.276000,1,1,91186131,600,22,600,22,0,2,1
3,720,82.800000,12.276000,1,1,91186144,600,22,600,22,0,2,1
3,720,82.800000,12.276000,1,1,91186154,600,22,600,22,0,2,1
3,720,82.800000,12.276000,1,1,91186167,600,21,600,21,0,2,1
3,720,82.800000,12.276000,1,1,91186178,600,20,600,20,0,2,1
3,720,82.800000,12.276000,1,1,91186193,600,19,600,19,0,2,1
3,720,82.800000,12.276000,1,1,91186204,601,16,601,16,0,2,1
3,720,82.800000,12.276000,1,1,91186215,603,13,603,13,0,2,1
3,720,82.800000,12.276000,1,1,91186227,605,11,605,11,0,2,1
3,720,82.800000,12.276000,1,1,91186239,608,8,608,8,0,2,1
3,720,82.800000,12.276000,1,1,91186250,612,4,612,4,0,2,1
3,720,82.800000,12.276000,1,1,91186261,619,1,619,1,0,2,1
3,720,82.800000,12.276000,1,1,91186272,628,0,628,-3,0,2,1
3,720,82.800000,12.276000,1,1,91186284,638,0,638,-7,0,2,1
3,720,82.800000,12.276000,1,1,91186295,664,0,664,-18,0,2,1
3,720,82.800000,12.276000,1,1,91186308,677,0,677,-24,0,2,1
3,720,82.800000,12.276000,1,1,91186325,694,0,694,-31,0,2,1
3,720,82.800000,12.276000,1,1,91186340,721,0,721,-38,0,2,1
3,720,82.800000,12.276000,1,1,91186356,751,0,751,-44,0,2,1
3,720,82.800000,12.276000,1,1,91186367,790,0,790,-49,0,2,1
3,720,82.800000,12.276000,1,1,91186378,828,0,828,-52,0,2,1
3,720,82.800000,12.276000,1,1,91186389,860,0,860,-54,0,2,1
3,720,82.800000,12.276000,1,1,91186399,894,0,894,-56,0,2,1
3,720,82.800000,12.276000,1,1,91186411,930,0,930,-58,0,2,1
3,720,82.800000,12.276000,1,1,91186424,963,0,963,-59,0,2,1
3,720,82.800000,12.276000,1,1,91186435,998,0,998,-61,0,2,1
3,720,82.800000,12.276000,1,1,91186445,1029,0,1029,-63,0,2,1
3,720,82.800000,12.276000,1,1,91186457,1054,0,1054,-63,0,2,1
3,720,82.800000,12.276000,1,1,91186467,1078,0,1078,-64,0,2,1
3,720,82.800000,12.276000,1,1,91186477,1098,0,1098,-66,0,2,1
3,720,82.800000,12.276000,1,1,91186488,1114,0,1114,-66,0,2,1
3,720,82.800000,12.276000,1,1,91186499,1126,0,1126,-67,0,2,1
3,720,82.800000,12.276000,1,1,91186509,1139,0,1139,-67,0,2,1
3,720,82.800000,12.276000,1,1,91186520,1151,0,1151,-67,0,2,1
3,720,82.800000,12.276000,1,1,91186531,1163,0,1163,-67,0,2,1
3,720,82.800000,12.276000,1,1,91186542,1175,0,1175,-67,0,2,1
3,720,82.800000,12.276000,1,1,91186553,1186,0,1186,-68,0,2,1
3,720,82.800000,12.276000,1,1,91186564,1195,0,1195,-68,0,2,1
3,720,82.800000,12.276000,1,1,91186574,1201,0,1201,-68,0,2,1
3,720,82.800000,12.276000,1,1,91186587,1205,0,1205,-68,0,2,1
3,720,82.800000,12.276000,1,1,91186601,1210,0,1210,-69,0,2,1
3,720,82.800000,12.276000,1,1,91186613,1216,0,1216,-69,0,2,1
3,720,82.800000,12.276000,1,1,91186623,1221,0,1221,-69,0,2,1
3,720,82.800000,12.276000,1,1,91186634,1227,0,1227,-69,0,2,1
3,720,82.800000,12.276000,1,1,91186645,1231,0,1231,-69,0,2,1
3,720,82.800000,12.276000,1,1,91186655,1235,0,1235,-69,0,2,1
3,720,82.800000,12.276000,1,1,91186665,1237,0,1237,-69,0,2,1
3,720,82.800000,12.276000,1,1,91186674,1237,0,1237,-69,0,2,1
3,720,82.800000,12.276000,1,1,91186684,1237,0,1237,-69,0,2,1
3,720,82.800000,12.276000,1,1,91186694,1237,0,1237,-69,0,2,1
3,720,82.800000,12.276000,1,1,91186704,1237,0,1237,-69,0,2,1
3,720,82.800000,12.276000,1,1,91186715,1237,0,1237,-69,0,2,1
3,720,82.800000,12.276000,1,1,91186727,1238,0,1238,-69,0,2,1
3,720,82.800000,12.276000,1,1,91186738,1241,0,1241,-69,0,2,1
3,720,82.800000,12.276000,1,1,91186748,1244,0,1244,-69,0,2,1
3,720,82.800000,12.276000,1,1,91186760,1248,0,1248,-69,0,2,1
3,720,82.800000,12.276000,1,1,91186772,1252,0,1252,-69,0,2,1
3,720,82.800000,12.276000,1,1,91186783,1257,0,1257,-69,0,2,1
3,720,82.800000,12.276000,1,1,91186793,1263,0,1263,-69,0,2,1
3,720,82.800000,12.276000,1,1,91186803,1268,0,1268,-69,0,2,1
3,720,82.800000,12.276000,1,1,91186814,1273,0,1273,-70,0,2,1
3,720,82.800000,12.276000,1,1,91186825,1277,0,1277,-70,0,2,1
3,720,82.800000,12.276000,1,1,91186835,1283,0,1283,-71,0,2,1
3,720,82.800000,12.276000,1,1,91186846,1288,0,1288,-71,0,2,1
3,720,82.800000,12.276000,1,1,91186857,1292,0,1292,-71,0,2,1
3,720,82.800000,12.276000,1,1,91186867,1296,0,1296,-72,0,2,1
3,720,82.800000,12.276000,1,1,91186877,1298,0,1298,-72,0,2,1
3,720,82.800000,12.276000,1,1,91186887,1300,0,1300,-73,0,2,1
3,720,82.800000,12.276000,1,1,91186897,1301,0,1301,-73,0,2,1
3,720,82.800000,12.276000,1,1,91186907,1302,0,1302,-73,0,2,1
3,720,82.800000,12.276000,1,1,91186917,1302,0,1302,-73,0,2,1
3,720,82.800000,12.276000,1,1,91186927,1302,0,1302,-73,0,2,1
3,720,82.800000,12.276000,1,1,91186936,1302,0,1302,-73,0,2,1
3,720,82.800000,12.276000,1,1,91186946,1302,0,1302,-73,0,2,1
3,720,82.800000,12.276000,1,1,91186955,1302,0,1302,-73,0,2,1
3,720,82.800000,12.276000,1,1,91186964,1302,0,1302,-73,0,2,1
3,720,82.800000,12.276000,1,1,91186974,1302,0,1302,-73,0,2,1
3,720,82.800000,12.276000,1,1,91186984,1302,0,1302,-73,0,2,1
