3,720,82.800000,22.608000,1,1,91226970,600,22,600,22,0,2,20
3,720,82.800000,22.608000,1,1,91226971,600,22,600,22,0,2,20
3,720,82.800000,22.608000,1,1,91226981,600,22,600,22,0,2,20
3,720,82.800000,22.608000,1,1,91226991,600,22,600,22,0,2,20
3,720,82.800000,22.608000,1,1,91227001,600,22,600,22,0,2,20
3,720,82.800000,22.608000,1,1,91227011,600,22,600,22,0,2,20
3,720,82.800000,22.608000,1,1,91227021,600,22,600,22,0,2,20
3,720,82.800000,22.608000,1,1,91227030,600,22,600,22,0,2,20
3,720,82.800000,22.608000,1,1,91227040,600,22,600,22,0,2,20
3,720,82.800000,22.608000,1,1,91227051,600,22,600,22,0,2,20
3,720,82.800000,22.608000,1,1,91227061,600,22,600,22,0,2,20
3,720,82.800000,22.608000,1,1,91227072,600,22,600,22,0,2,20
3,720,82.800000,22.608000,1,1,91227082,600,22,600,22,0,2,20
3,720,82.800000,22.608000,1,1,91227093,603,21,603,21,0,2,20
3,720,82.800000,22.608000,1,1,91227107,607,19,607,19,0,2,20
3,720,82.800000,22.608000,1,1,91227124,617,16,617,16,0,2,20
3,720,82.800000,22.608000,1,1,91227141,634,13,634,13,0,2,20
3,720,82.800000,22.608000,1,1,91227154,661,9,661,9,0,2,20
3,720,82.800000,22.608000,1,1,91227165,680,6,680,6,0,2,20
3,720,82.800000,22.608000,1,1,91227176,699,3,699,3,0,2,20
3,720,82.800000,22.608000,1,1,91227187,719,0,719,0,0,2,20
3,720,82.800000,22.608000,1,1,91227197,738,0,738,-2,0,2,20
3,720,82.800000,22.608000,1,1,91227208,759,0,759,-5,0,2,20
3,720,82.800000,22.608000,1,1,91227222,782,0,782,-8,0,2,20
3,720,82.800000,22.608000,1,1,91227242,805,0,805,-11,0,2,20
3,720,82.800000,22.608000,1,1,91227254,844,0,844,-16,0,2,20
3,720,82.800000,22.608000,1,1,91227270,866,0,866,-19,0,2,20
3,720,82.800000,22.608000,1,1,91227281,894,0,894,-24,0,2,20
3,720,82.800000,22.608000,1,1,91227292,914,0,914,-28,0,2,20
3,720,82.800000,22.608000,1,1,91227302,930,0,930,-31,0,2,20
3,720,82.800000,22.608000,1,1,91227313,947,0,947,-34,0,2,20
3,720,82.800000,22.608000,1,1,91227323,965,0,965,-37,0,2,20
3,720,82.800000,22.608000,1,1,91227334,981,0,981,-40,0,2,20
3,720,82.800000,22.608000,1,1,91227344,995,0,995,-42,0,2,20
3,720,82.800000,22.608000,1,1,91227355,1011,0,1011,-44,0,2,20
3,720,82.800000,22.608000,1,1,91227366,1022,0,1022,-45,0,2,20
3,720,82.800000,22.608000,1,1,91227377,1033,0,1033,-47,0,2,20
3,720,82.800000,22.608000,1,1,91227388,1042,0,1042,-48,0,2,20
3,720,82.800000,22.608000,1,1,91227404,1049,0,1049,-49,0,2,20
3,720,82.800000,22.608000,1,1,91227415,1060,0,1060,-49,0,2,20
3,720,82.800000,22.608000,1,1,91227426,1067,0,1067,-49,0,2,20
3,720,82.800000,22.608000,1,1,91227437,1074,0,1074,-50,0,2,20
3,720,82.800000,22.608000,1,1,91227448,1081,0,1081,-50,0,2,20
3,720,82.800000,22.608000,1,1,91227458,1086,0,1086,-50,0,2,20
3,720,82.800000,22.608000,1,1,91227469,1092,0,1092,-51,0,2,20
3,720,82.800000,22.608000,1,1,91227479,1099,0,1099,-51,0,2,20
3,720,82.800000,22.608000,1,1,91227490,1107,0,1107,-52,0,2,20
3,720,82.800000,22.608000,1,1,91227500,1116,0,1116,-52,0,2,20
3,720,82.800000,22.608000,1,1,91227511,1123,0,1123,-52,0,2,20
3,720,82.800000,22.608000,1,1,91227521,1129,0,1129,-52,0,2,20
3,720,82.800000,22.608000,1,1,91227533,1134,0,1134,-53,0,2,20
3,720,82.800000,22.608000,1,1,91227543,1139,0,1139,-54,0,2,20
3,720,82.800000,22.608000,1,1,91227554,1143,0,1143,-54,0,2,20
3,720,82.800000,22.608000,1,1,91227564,1149,0,1149,-54,0,2,20
3,720,82.800000,22.608000,1,1,91227574,1154,0,1154,-54,0,2,20
3,720,82.800000,22.608000,1,1,91227585,1160,0,1160,-55,0,2,20
3,720,82.800000,22.608000,1,1,91227595,1167,0,1167,-55,0,2,20
3,720,82.800000,22.608000,1,1,91227605,1176,0,1176,-55,0,2,20
3,720,82.800000,22.608000,1,1,91227616,1187,0,1187,-55,0,2,20
3,720,82.800000,22.608000,1,1,91227627,1200,0,1200,-55,0,2,20
3,720,82.800000,22.608000,1,1,91227641,1212,0,1212,-55,0,2,20
3,720,82.800000,22.608000,1,1,91227657,1227,0,1227,-56,0,2,20
3,720,82.800000,22.608000,1,1,91227667,1239,0,1239,-58,0,2,20
3,720,82.800000,22.608000,1,1,91227677,1247,0,1247,-60,0,2,20
3,720,82.800000,22.608000,1,1,91227688,1256,0,1256,-62,0,2,20
3,720,82.800000,22.608000,1,1,91227698,1265,0,1265,-64,0,2,20
3,720,82.800000,22.608000,1,1,91227709,1275,0,1275,-65,0,2,20
3,720,82.800000,22.608000,1,1,91227722,1285,0,1285,-66,0,2,20
3,720,82.800000,22.608000,1,1,91227733,1296,0,1296,-67,0,2,20
3,720,82.800000,22.608000,1,1,91227743,1303,0,1303,-67,0,2,20
3,720,82.800000,22.608000,1,1,91227754,1309,0,1309,-67,0,2,20
3,720,82.800000,22.608000,1,1,91227763,1311,0,1311,-67,0,2,20
3,720,82.800000,22.608000,1,1,91227773,1312,0,1312,-67,0,2,20
3,720,82.800000,22.608000,1,1,91227783,1312,0,1312,-67,0,2,20
3,720,82.800000,22.608000,1,1,91227792,1312,0,1312,-67,0,2,20
3,720,82.800000,22.608000,1,1,91227802,1312,0,1312,-67,0,2,20
3,720,82.800000,22.608000,1,1,91227812,1312,0,1312,-67,0,2,20
3,720,82.800000,22.608000,1,1,91227822,1312,0,1312,-67,0,2,20
3,720,82.800000,22.608000,1,1,91227831,1312,0,1312,-67,0,2,20
3,720,82.800000,22.608000,1,1,91227841,1312,0,1312,-67,0,2,20
3,720,82.800000,22.608000,1,1,91227850,1312,0,1312,-67,0,2,20
3,720,82.800000,22.608000,1,1,91227861,1312,0,1312,-67,0,2,20
3,720,82.800000,22.608000,1,1,91227870,1312,0,1312,-67,0,2,20
3,720,82.800000,22.608000,1,1,91227880,1312,0,1312,-67,0,2,20
3,720,82.800000,22.608000,1,1,91227890,1312,0,1312,-67,0,2,20
3,720,82.800000,22.608000,1,1,91227900,1312,0,1312,-67,0,2,20
3,720,82.800000,22.608000,1,1,91227909,1312,0,1312,-67,0,2,20
3,720,82.800000,22.608000,1,1,91227920,1312,0,1312,-67,0,2,20
3,720,82.800000,22.608000,1,1,91227930,1312,0,1312,-67,0,2,20
3,720,82.800000,22.608000,1,1,91227939,1312,0,1312,-67,0,2,20
