3,720,50.400000,0.000000,0,1,91351243,600,22,600,22,0,2,83
3,720,50.400000,0.000000,0,1,91351244,600,22,600,22,0,2,83
3,720,50.400000,0.000000,0,1,91351254,600,22,600,22,0,2,83
3,720,50.400000,0.000000,0,1,91351264,600,22,600,22,0,2,83
3,720,50.400000,0.000000,0,1,91351275,600,22,600,22,0,2,83
3,720,50.400000,0.000000,0,1,91351285,600,22,600,22,0,2,83
3,720,50.400000,0.000000,0,1,91351296,600,22,600,22,0,2,83
3,720,50.400000,0.000000,0,1,91351307,600,22,600,22,0,2,83
3,720,50.400000,0.000000,0,1,91351318,601,21,601,21,0,2,83
3,720,50.400000,0.000000,0,1,91351329,606,18,606,18,0,2,83
3,720,50.400000,0.000000,0,1,91351339,613,15,613,15,0,2,83
3,720,50.400000,0.000000,0,1,91351352,622,13,622,13,0,2,83
3,720,50.400000,0.000000,0,1,91351363,636,9,636,9,0,2,83
3,720,50.400000,0.000000,0,1,91351374,651,5,651,5,0,2,83
3,720,50.400000,0.000000,0,1,91351385,668,2,668,2,0,2,83
3,720,50.400000,0.000000,0,1,91351396,687,0,687,-2,0,2,83
3,720,50.400000,0.000000,0,1,91351407,710,0,710,-7,0,2,83
3,720,50.400000,0.000000,0,1,91351418,736,0,736,-12,0,2,83
3,720,50.400000,0.000000,0,1,91351430,763,0,763,-15,0,2,83
3,720,50.400000,0.000000,0,1,91351441,793,0,793,-19,0,2,83
3,720,50.400000,0.000000,0,1,91351457,824,0,824,-21,0,2,83
3,720,50.400000,0.000000,0,1,91351468,867,0,867,-23,0,2,83
3,720,50.400000,0.000000,0,1,91351478,897,0,897,-25,0,2,83
3,720,50.400000,0.000000,0,1,91351490,917,0,917,-27,0,2,83
3,720,50.400000,0.000000,0,1,91351501,939,0,939,-28,0,2,83
3,720,50.400000,0.000000,0,1,91351512,959,0,959,-29,0,2,83
3,720,50.400000,0.000000,0,1,91351528,981,0,981,-29,0,2,83
3,720,50.400000,0.000000,0,1,91351540,1013,0,1013,-29,0,2,83
3,720,50.400000,0.000000,0,1,91351551,1036,0,1036,-30,0,2,83
3,720,50.400000,0.000000,0,1,91351562,1055,0,1055,-31,0,2,83
3,720,50.400000,0.000000,0,1,91351573,1072,0,1072,-31,0,2,83
3,720,50.400000,0.000000,0,1,91351584,1085,0,1085,-33,0,2,83
3,720,50.400000,0.000000,0,1,91351595,1100,0,1100,-33,0,2,83
3,720,50.400000,0.000000,0,1,91351606,1113,0,1113,-34,0,2,83
3,720,50.400000,0.000000,0,1,91351618,1124,0,1124,-34,0,2,83
3,720,50.400000,0.000000,0,1,91351628,1136,0,1136,-34,0,2,83
3,720,50.400000,0.000000,0,1,91351641,1147,0,1147,-34,0,2,83
3,720,50.400000,0.000000,0,1,91351651,1157,0,1157,-34,0,2,83
3,720,50.400000,0.000000,0,1,91351662,1164,0,1164,-35,0,2,83
3,720,50.400000,0.000000,0,1,91351673,1169,0,1169,-36,0,2,83
3,720,50.400000,0.000000,0,1,91351684,1175,0,1175,-36,0,2,83
3,720,50.400000,0.000000,0,1,91351694,1181,0,1181,-37,0,2,83
3,720,50.400000,0.000000,0,1,91351706,1186,0,1186,-38,0,2,83
3,720,50.400000,0.000000,0,1,91351715,1192,0,1192,-38,0,2,83
3,720,50.400000,0.000000,0,1,91351726,1198,0,1198,-39,0,2,83
3,720,50.400000,0.000000,0,1,91351737,1203,0,1203,-40,0,2,83
3,720,50.400000,0.000000,0,1,91351748,1209,0,1209,-40,0,2,83
3,720,50.400000,0.000000,0,1,91351759,1215,0,1215,-40,0,2,83
3,720,50.400000,0.000000,0,1,91351775,1221,0,1221,-40,0,2,83
3,720,50.400000,0.000000,0,1,91351786,1231,0,1231,-40,0,2,83
3,720,50.400000,0.000000,0,1,91351797,1236,0,1236,-40,0,2,83
3,720,50.400000,0.000000,0,1,91351807,1239,0,1239,-40,0,2,83
3,720,50.400000,0.000000,0,1,91351819,1241,0,1241,-40,0,2,83
3,720,50.400000,0.000000,0,1,91351829,1243,1,1243,-39,0,2,83
3,720,50.400000,0.000000,0,1,91351840,1246,1,1246,-39,0,2,83
3,720,50.400000,0.000000,0,1,91351851,1250,1,1250,-39,0,2,83
3,720,50.400000,0.000000,0,1,91351863,1254,2,1254,-38,0,2,83
3,720,50.400000,0.000000,0,1,91351874,1259,2,1259,-38,0,2,83
3,720,50.400000,0.000000,0,1,91351885,1263,2,1263,-38,0,2,83
3,720,50.400000,0.000000,0,1,91351897,1266,3,1266,-37,0,2,83
3,720,50.400000,0.000000,0,1,91351907,1268,3,1268,-37,0,2,83
3,720,50.400000,0.000000,0,1,91351918,1269,3,1269,-37,0,2,83
3,720,50.400000,0.000000,0,1,91351928,1270,3,1270,-37,0,2,83
3,720,50.400000,0.000000,0,1,91351938,1270,3,1270,-37,0,2,83
3,720,50.400000,0.000000,0,1,91351948,1270,3,1270,-37,0,2,83
3,720,50.400000,0.000000,0,1,91351960,1271,3,1271,-37,0,2,83
3,720,50.400000,0.000000,0,1,91351970,1274,3,1274,-37,0,2,83
3,720,50.400000,0.000000,0,1,91351981,1279,3,1279,-37,0,2,83
3,720,50.400000,0.000000,0,1,91351991,1284,3,1284,-37,0,2,83
3,720,50.400000,0.000000,0,1,91352002,1289,3,1289,-37,0,2,83
3,720,50.400000,0.000000,0,1,91352013,1292,3,1292,-37,0,2,83
3,720,50.400000,0.000000,0,1,91352023,1294,3,1294,-37,0,2,83
3,720,50.400000,0.000000,0,1,91352034,1295,3,1295,-37,0,2,83
3,720,50.400000,0.000000,0,1,91352043,1296,3,1296,-37,0,2,83
3,720,50.400000,0.000000,0,1,91352054,1297,3,1297,-37,0,2,83
3,720,50.400000,0.000000,0,1,91352064,1298,3,1298,-37,0,2,83
3,720,50.400000,0.000000,0,1,91352075,1298,3,1298,-37,0,2,83
3,720,50.400000,0.000000,0,1,91352086,1298,3,1298,-37,0,2,83
3,720,50.400000,0.000000,0,1,91352097,1298,3,1298,-37,0,2,83
3,720,50.400000,0.000000,0,1,91352107,1299,3,1299,-37,0,2,83
3,720,50.400000,0.000000,0,1,91352117,1301,3,1301,-37,0,2,83
3,720,50.400000,0.000000,0,1,91352128,1303,3,1303,-37,0,2,83
3,720,50.400000,0.000000,0,1,91352138,1305,3,1305,-37,0,2,83
3,720,50.400000,0.000000,0,1,91352148,1306,3,1306,-37,0,2,83
3,720,50.400000,0.000000,0,1,91352157,1307,3,1307,-37,0,2,83
3,720,50.400000,0.000000,0,1,91352167,1308,3,1308,-37,0,2,83
3,720,50.400000,0.000000,0,1,91352178,1308,3,1308,-37,0,2,83
3,720,50.400000,0.000000,0,1,91352188,1309,3,1309,-37,0,2,83
3,720,50.400000,0.000000,0,1,91352198,1309,3,1309,-37,0,2,83
3,720,50.400000,0.000000,0,1,91352208,1309,3,1309,-37,0,2,83
3,720,50.400000,0.000000,0,1,91352219,1310,3,1310,-37,0,2,83
3,720,50.400000,0.000000,0,1,91352229,1313,3,1313,-37,0,2,83
3,720,50.400000,0.000000,0,1,91352238,1315,3,1315,-37,0,2,83
3,720,50.400000,0.000000,0,1,91352248,1317,3,1317,-37,0,2,83
3,720,50.400000,0.000000,0,1,91352258,1317,3,1317,-37,0,2,83
3,720,50.400000,0.000000,0,1,91352268,1317,3,1317,-37,0,2,83
3,720,50.400000,0.000000,0,1,91352277,1317,3,1317,-37,0,2,83
3,720,50.400000,0.000000,0,1,91352287,1317,3,1317,-37,0,2,83
3,720,50.400000,0.000000,0,1,91352296,1317,3,1317,-37,0,2,83
3,720,50.400000,0.000000,0,1,91352306,1317,3,1317,-37,0,2,83
3,720,50.400000,0.000000,0,1,91352316,1317,3,1317,-37,0,2,83
3,720,50.400000,0.000000,0,1,91352325,1317,3,1317,-37,0,2,83
