3,360,50.400000,42.984000,0,1,91420427,780,22,780,22,0,2,119
3,360,50.400000,42.984000,0,1,91420428,780,22,780,22,0,2,119
3,360,50.400000,42.984000,0,1,91420439,781,22,781,22,0,2,119
3,360,50.400000,42.984000,0,1,91420449,782,22,782,22,0,2,119
3,360,50.400000,42.984000,0,1,91420459,783,21,783,21,0,2,119
3,360,50.400000,42.984000,0,1,91420469,784,20,784,20,0,2,119
3,360,50.400000,42.984000,0,1,91420484,785,18,785,18,0,2,119
3,360,50.400000,42.984000,0,1,91420495,787,16,787,16,0,2,119
3,360,50.400000,42.984000,0,1,91420506,789,14,789,14,0,2,119
3,360,50.400000,42.984000,0,1,91420523,792,12,792,12,0,2,119
3,360,50.400000,42.984000,0,1,91420535,799,8,799,8,0,2,119
3,360,50.400000,42.984000,0,1,91420546,804,4,804,4,0,2,119
3,360,50.400000,42.984000,0,1,91420562,809,0,809,-1,0,2,119
3,360,50.400000,42.984000,0,1,91420573,817,0,817,-8,0,2,119
3,360,50.400000,42.984000,0,1,91420584,822,0,822,-13,0,2,119
3,360,50.400000,42.984000,0,1,91420594,827,0,827,-17,0,2,119
3,360,50.400000,42.984000,0,1,91420605,831,0,831,-20,0,2,119
3,360,50.400000,42.984000,0,1,91420616,836,0,836,-23,0,2,119
3,360,50.400000,42.984000,0,1,91420626,842,0,842,-26,0,2,119
3,360,50.400000,42.984000,0,1,91420637,849,0,849,-29,0,2,119
3,360,50.400000,42.984000,0,1,91420648,858,0,858,-32,0,2,119
3,360,50.400000,42.984000,0,1,91420660,869,0,869,-34,0,2,119
3,360,50.400000,42.984000,0,1,91420675,887,0,887,-37,0,2,119
3,360,50.400000,42.984000,0,1,91420688,918,0,918,-42,0,2,119
3,360,50.400000,42.984000,0,1,91420698,942,0,942,-45,0,2,119
3,360,50.400000,42.984000,0,1,91420709,965,0,965,-48,0,2,119
3,360,50.400000,42.984000,0,1,91420719,985,0,985,-51,0,2,119
3,360,50.400000,42.984000,0,1,91420730,1008,0,1008,-54,0,2,119
3,360,50.400000,42.984000,0,1,91420740,1028,0,1028,-56,0,2,119
3,360,50.400000,42.984000,0,1,91420751,1044,0,1044,-58,0,2,119
3,360,50.400000,42.984000,0,1,91420761,1060,0,1060,-60,0,2,119
3,360,50.400000,42.984000,0,1,91420772,1072,0,1072,-61,0,2,119
3,360,50.400000,42.984000,0,1,91420782,1080,0,1080,-62,0,2,119
3,360,50.400000,42.984000,0,1,91420793,1087,0,1087,-62,0,2,119
3,360,50.400000,42.984000,0,1,91420804,1093,0,1093,-62,0,2,119
3,360,50.400000,42.984000,0,1,91420814,1096,0,1096,-62,0,2,119
3,360,50.400000,42.984000,0,1,91420826,1098,0,1098,-62,0,2,119
3,360,50.400000,42.984000,0,1,91420835,1100,0,1100,-62,0,2,119
3,360,50.400000,42.984000,0,1,91420845,1101,0,1101,-62,0,2,119
3,360,50.400000,42.984000,0,1,91420855,1102,0,1102,-62,0,2,119
3,360,50.400000,42.984000,0,1,91420865,1103,0,1103,-62,0,2,119
3,360,50.400000,42.984000,0,1,91420875,1105,0,1105,-62,0,2,119
3,360,50.400000,42.984000,0,1,91420886,1108,0,1108,-62,0,2,119
3,360,50.400000,42.984000,0,1,91420903,1110,0,1110,-62,0,2,119
3,360,50.400000,42.984000,0,1,91420913,1115,0,1115,-62,0,2,119
3,360,50.400000,42.984000,0,1,91420923,1118,0,1118,-62,0,2,119
3,360,50.400000,42.984000,0,1,91420934,1122,0,1122,-62,0,2,119
3,360,50.400000,42.984000,0,1,91420944,1125,0,1125,-62,0,2,119
3,360,50.400000,42.984000,0,1,91420954,1128,0,1128,-62,0,2,119
3,360,50.400000,42.984000,0,1,91420964,1130,0,1130,-62,0,2,119
3,360,50.400000,42.984000,0,1,91420973,1131,0,1131,-62,0,2,119
3,360,50.400000,42.984000,0,1,91420983,1132,0,1132,-62,0,2,119
3,360,50.400000,42.984000,0,1,91420993,1133,0,1133,-62,0,2,119
3,360,50.400000,42.984000,0,1,91421003,1134,0,1134,-62,0,2,119
3,360,50.400000,42.984000,0,1,91421013,1135,0,1135,-62,0,2,119
3,360,50.400000,42.984000,0,1,91421023,1136,0,1136,-62,0,2,119
3,360,50.400000,42.984000,0,1,91421035,1138,0,1138,-62,0,2,119
3,360,50.400000,42.984000,0,1,91421045,1140,0,1140,-62,0,2,119
3,360,50.400000,42.984000,0,1,91421055,1143,0,1143,-62,0,2,119
3,360,50.400000,42.984000,0,1,91421066,1145,0,1145,-62,0,2,119
3,360,50.400000,42.984000,0,1,91421075,1147,0,1147,-62,0,2,119
3,360,50.400000,42.984000,0,1,91421085,1148,0,1148,-62,0,2,119
3,360,50.400000,42.984000,0,1,91421094,1148,0,1148,-62,0,2,119
3,360,50.400000,42.984000,0,1,91421105,1148,0,1148,-62,0,2,119
3,360,50.400000,42.984000,0,1,91421115,1148,0,1148,-62,0,2,119
3,360,50.400000,42.984000,0,1,91421124,1148,0,1148,-62,0,2,119
