3,720,82.800000,0.000000,0,1,91318917,600,22,600,22,0,2,66
3,720,82.800000,0.000000,0,1,91318918,600,22,600,22,0,2,66
3,720,82.800000,0.000000,0,1,91318928,600,22,600,22,0,2,66
3,720,82.800000,0.000000,0,1,91318938,600,22,600,22,0,2,66
3,720,82.800000,0.000000,0,1,91318949,600,22,600,22,0,2,66
3,720,82.800000,0.000000,0,1,91318959,600,22,600,22,0,2,66
3,720,82.800000,0.000000,0,1,91318969,600,22,600,22,0,2,66
3,720,82.800000,0.000000,0,1,91318979,600,22,600,22,0,2,66
3,720,82.800000,0.000000,0,1,91318989,600,22,600,22,0,2,66
3,720,82.800000,0.000000,0,1,91318999,600,22,600,22,0,2,66
3,720,82.800000,0.000000,0,1,91319010,600,22,600,22,0,2,66
3,720,82.800000,0.000000,0,1,91319019,600,22,600,22,0,2,66
3,720,82.800000,0.000000,0,1,91319031,601,22,601,22,0,2,66
3,720,82.800000,0.000000,0,1,91319043,608,21,608,21,0,2,66
3,720,82.800000,0.000000,0,1,91319053,619,21,619,21,0,2,66
3,720,82.800000,0.000000,0,1,91319065,633,21,633,21,0,2,66
3,720,82.800000,0.000000,0,1,91319076,651,21,651,21,0,2,66
3,720,82.800000,0.000000,0,1,91319088,680,21,680,21,0,2,66
3,720,82.800000,0.000000,0,1,91319098,715,21,715,21,0,2,66
3,720,82.800000,0.000000,0,1,91319109,745,21,745,21,0,2,66
3,720,82.800000,0.000000,0,1,91319119,789,20,789,20,0,2,66
3,720,82.800000,0.000000,0,1,91319129,828,20,828,20,0,2,66
3,720,82.800000,0.000000,0,1,91319140,860,19,860,19,0,2,66
3,720,82.800000,0.000000,0,1,91319150,892,19,892,19,0,2,66
3,720,82.800000,0.000000,0,1,91319161,924,19,924,19,0,2,66
3,720,82.800000,0.000000,0,1,91319171,957,19,957,19,0,2,66
3,720,82.800000,0.000000,0,1,91319182,995,19,995,19,0,2,66
3,720,82.800000,0.000000,0,1,91319192,1024,19,1024,19,0,2,66
3,720,82.800000,0.000000,0,1,91319203,1054,18,1054,18,0,2,66
3,720,82.800000,0.000000,0,1,91319214,1076,17,1076,17,0,2,66
3,720,82.800000,0.000000,0,1,91319224,1097,16,1097,16,0,2,66
3,720,82.800000,0.000000,0,1,91319234,1112,15,1112,15,0,2,66
3,720,82.800000,0.000000,0,1,91319244,1124,14,1124,14,0,2,66
3,720,82.800000,0.000000,0,1,91319256,1136,12,1136,12,0,2,66
3,720,82.800000,0.000000,0,1,91319267,1144,11,1144,11,0,2,66
3,720,82.800000,0.000000,0,1,91319277,1152,10,1152,10,0,2,66
3,720,82.800000,0.000000,0,1,91319289,1158,9,1158,9,0,2,66
3,720,82.800000,0.000000,0,1,91319299,1173,7,1173,7,0,2,66
3,720,82.800000,0.000000,0,1,91319310,1181,7,1181,7,0,2,66
3,720,82.800000,0.000000,0,1,91319321,1189,7,1189,7,0,2,66
3,720,82.800000,0.000000,0,1,91319332,1196,6,1196,6,0,2,66
3,720,82.800000,0.000000,0,1,91319343,1205,6,1205,6,0,2,66
3,720,82.800000,0.000000,0,1,91319354,1213,6,1213,6,0,2,66
3,720,82.800000,0.000000,0,1,91319366,1220,6,1220,6,0,2,66
3,720,82.800000,0.000000,0,1,91319376,1225,5,1225,5,0,2,66
3,720,82.800000,0.000000,0,1,91319388,1228,5,1228,5,0,2,66
3,720,82.800000,0.000000,0,1,91319399,1231,5,1231,5,0,2,66
3,720,82.800000,0.000000,0,1,91319412,1235,5,1235,5,0,2,66
3,720,82.800000,0.000000,0,1,91319425,1241,4,1241,4,0,2,66
3,720,82.800000,0.000000,0,1,91319441,1250,3,1250,3,0,2,66
3,720,82.800000,0.000000,0,1,91319452,1260,2,1260,2,0,2,66
3,720,82.800000,0.000000,0,1,91319463,1267,1,1267,1,0,2,66
3,720,82.800000,0.000000,0,1,91319474,1273,1,1273,1,0,2,66
3,720,82.800000,0.000000,0,1,91319486,1281,1,1281,1,0,2,66
3,720,82.800000,0.000000,0,1,91319497,1288,1,1288,1,0,2,66
3,720,82.800000,0.000000,0,1,91319509,1293,1,1293,1,0,2,66
3,720,82.800000,0.000000,0,1,91319520,1297,0,1297,0,0,2,66
3,720,82.800000,0.000000,0,1,91319531,1301,0,1301,0,0,2,66
3,720,82.800000,0.000000,0,1,91319541,1304,0,1304,0,0,2,66
3,720,82.800000,0.000000,0,1,91319551,1307,0,1307,-1,0,2,66
3,720,82.800000,0.000000,0,1,91319561,1309,0,1309,-1,0,2,66
3,720,82.800000,0.000000,0,1,91319571,1311,0,1311,-1,0,2,66
3,720,82.800000,0.000000,0,1,91319581,1312,0,1312,-2,0,2,66
3,720,82.800000,0.000000,0,1,91319591,1312,0,1312,-2,0,2,66
3,720,82.800000,0.000000,0,1,91319601,1312,0,1312,-2,0,2,66
3,720,82.800000,0.000000,0,1,91319610,1312,0,1312,-2,0,2,66
3,720,82.800000,0.000000,0,1,91319621,1313,0,1313,-2,0,2,66
3,720,82.800000,0.000000,0,1,91319631,1313,0,1313,-2,0,2,66
3,720,82.800000,0.000000,0,1,91319641,1314,0,1314,-2,0,2,66
3,720,82.800000,0.000000,0,1,91319651,1316,0,1316,-3,0,2,66
3,720,82.800000,0.000000,0,1,91319660,1317,0,1317,-3,0,2,66
3,720,82.800000,0.000000,0,1,91319670,1317,0,1317,-3,0,2,66
3,720,82.800000,0.000000,0,1,91319679,1317,0,1317,-3,0,2,66
3,720,82.800000,0.000000,0,1,91319689,1317,0,1317,-3,0,2,66
3,720,82.800000,0.000000,0,1,91319699,1317,0,1317,-3,0,2,66
3,720,82.800000,0.000000,0,1,91319708,1317,0,1317,-3,0,2,66
