3,720,50.400000,22.608000,0,1,91249156,600,22,600,22,0,2,31
3,720,50.400000,22.608000,0,1,91249157,600,22,600,22,0,2,31
3,720,50.400000,22.608000,0,1,91249167,600,22,600,22,0,2,31
3,720,50.400000,22.608000,0,1,91249177,600,22,600,22,0,2,31
3,720,50.400000,22.608000,0,1,91249186,600,22,600,22,0,2,31
3,720,50.400000,22.608000,0,1,91249196,600,22,600,22,0,2,31
3,720,50.400000,22.608000,0,1,91249207,600,22,600,22,0,2,31
3,720,50.400000,22.608000,0,1,91249217,601,21,601,21,0,2,31
3,720,50.400000,22.608000,0,1,91249227,602,20,602,20,0,2,31
3,720,50.400000,22.608000,0,1,91249237,604,18,604,18,0,2,31
3,720,50.400000,22.608000,0,1,91249250,607,16,607,16,0,2,31
3,720,50.400000,22.608000,0,1,91249261,612,13,612,13,0,2,31
3,720,50.400000,22.608000,0,1,91249273,619,10,619,10,0,2,31
3,720,50.400000,22.608000,0,1,91249285,626,6,626,6,0,2,31
3,720,50.400000,22.608000,0,1,91249296,639,0,639,-1,0,2,31
3,720,50.400000,22.608000,0,1,91249311,652,0,652,-9,0,2,31
3,720,50.400000,22.608000,0,1,91249323,673,0,673,-19,0,2,31
3,720,50.400000,22.608000,0,1,91249337,687,0,687,-25,0,2,31
3,720,50.400000,22.608000,0,1,91249353,714,0,714,-35,0,2,31
3,720,50.400000,22.608000,0,1,91249364,747,0,747,-45,0,2,31
3,720,50.400000,22.608000,0,1,91249375,775,0,775,-51,0,2,31
3,720,50.400000,22.608000,0,1,91249386,804,0,804,-56,0,2,31
3,720,50.400000,22.608000,0,1,91249396,829,0,829,-60,0,2,31
3,720,50.400000,22.608000,0,1,91249407,863,0,863,-65,0,2,31
3,720,50.400000,22.608000,0,1,91249419,893,0,893,-68,0,2,31
3,720,50.400000,22.608000,0,1,91249430,929,0,929,-71,0,2,31
3,720,50.400000,22.608000,0,1,91249441,968,0,968,-73,0,2,31
3,720,50.400000,22.608000,0,1,91249451,1008,0,1008,-74,0,2,31
3,720,50.400000,22.608000,0,1,91249462,1048,0,1048,-75,0,2,31
3,720,50.400000,22.608000,0,1,91249474,1074,0,1074,-77,0,2,31
3,720,50.400000,22.608000,0,1,91249485,1100,0,1100,-80,0,2,31
3,720,50.400000,22.608000,0,1,91249496,1122,0,1122,-82,0,2,31
3,720,50.400000,22.608000,0,1,91249505,1140,0,1140,-84,0,2,31
3,720,50.400000,22.608000,0,1,91249517,1159,0,1159,-86,0,2,31
3,720,50.400000,22.608000,0,1,91249528,1176,0,1176,-87,0,2,31
3,720,50.400000,22.608000,0,1,91249539,1192,0,1192,-89,0,2,31
3,720,50.400000,22.608000,0,1,91249550,1204,0,1204,-89,0,2,31
3,720,50.400000,22.608000,0,1,91249561,1213,0,1213,-90,0,2,31
3,720,50.400000,22.608000,0,1,91249572,1220,0,1220,-90,0,2,31
3,720,50.400000,22.608000,0,1,91249588,1226,0,1226,-90,0,2,31
3,720,50.400000,22.608000,0,1,91249599,1232,0,1232,-90,0,2,31
3,720,50.400000,22.608000,0,1,91249609,1236,0,1236,-91,0,2,31
3,720,50.400000,22.608000,0,1,91249620,1239,0,1239,-91,0,2,31
3,720,50.400000,22.608000,0,1,91249630,1243,0,1243,-91,0,2,31
3,720,50.400000,22.608000,0,1,91249642,1248,0,1248,-91,0,2,31
3,720,50.400000,22.608000,0,1,91249652,1254,0,1254,-91,0,2,31
3,720,50.400000,22.608000,0,1,91249663,1260,0,1260,-91,0,2,31
3,720,50.400000,22.608000,0,1,91249674,1267,0,1267,-91,0,2,31
3,720,50.400000,22.608000,0,1,91249684,1272,0,1272,-91,0,2,31
3,720,50.400000,22.608000,0,1,91249695,1276,0,1276,-91,0,2,31
3,720,50.400000,22.608000,0,1,91249707,1278,0,1278,-91,0,2,31
3,720,50.400000,22.608000,0,1,91249717,1283,0,1283,-91,0,2,31
3,720,50.400000,22.608000,0,1,91249729,1286,0,1286,-91,0,2,31
3,720,50.400000,22.608000,0,1,91249739,1289,0,1289,-91,0,2,31
3,720,50.400000,22.608000,0,1,91249749,1292,0,1292,-91,0,2,31
3,720,50.400000,22.608000,0,1,91249759,1294,0,1294,-91,0,2,31
3,720,50.400000,22.608000,0,1,91249769,1298,0,1298,-91,0,2,31
3,720,50.400000,22.608000,0,1,91249780,1300,0,1300,-91,0,2,31
3,720,50.400000,22.608000,0,1,91249790,1301,0,1301,-91,0,2,31
3,720,50.400000,22.608000,0,1,91249801,1304,0,1304,-91,0,2,31
3,720,50.400000,22.608000,0,1,91249812,1307,0,1307,-91,0,2,31
3,720,50.400000,22.608000,0,1,91249823,1311,0,1311,-91,0,2,31
3,720,50.400000,22.608000,0,1,91249836,1317,0,1317,-91,0,2,31
3,720,50.400000,22.608000,0,1,91249846,1322,0,1322,-91,0,2,31
3,720,50.400000,22.608000,0,1,91249857,1325,0,1325,-91,0,2,31
3,720,50.400000,22.608000,0,1,91249867,1325,0,1325,-91,0,2,31
3,720,50.400000,22.608000,0,1,91249877,1325,0,1325,-91,0,2,31
3,720,50.400000,22.608000,0,1,91249887,1325,0,1325,-91,0,2,31
3,720,50.400000,22.608000,0,1,91249897,1326,0,1326,-91,0,2,31
3,720,50.400000,22.608000,0,1,91249907,1327,0,1327,-91,0,2,31
3,720,50.400000,22.608000,0,1,91249918,1328,0,1328,-91,0,2,31
3,720,50.400000,22.608000,0,1,91249929,1328,0,1328,-91,0,2,31
3,720,50.400000,22.608000,0,1,91249939,1329,0,1329,-91,0,2,31
3,720,50.400000,22.608000,0,1,91249949,1329,0,1329,-91,0,2,31
3,720,50.400000,22.608000,0,1,91249959,1329,0,1329,-91,0,2,31
3,720,50.400000,22.608000,0,1,91249969,1329,0,1329,-91,0,2,31
3,720,50.400000,22.608000,0,1,91249978,1329,0,1329,-91,0,2,31
3,720,50.400000,22.608000,0,1,91249988,1329,0,1329,-91,0,2,31
