3,360,82.800000,22.608000,0,0,91339979,780,0,780,0,0,2,77
3,360,82.800000,22.608000,0,0,91339980,780,0,780,0,0,2,77
3,360,82.800000,22.608000,0,0,91339990,780,0,780,0,0,2,77
3,360,82.800000,22.608000,0,0,91340000,781,0,781,0,0,2,77
3,360,82.800000,22.608000,0,0,91340010,781,0,781,0,0,2,77
3,360,82.800000,22.608000,0,0,91340020,782,0,782,-1,0,2,77
3,360,82.800000,22.608000,0,0,91340030,782,0,782,-2,0,2,77
3,360,82.800000,22.608000,0,0,91340040,783,0,783,-2,0,2,77
3,360,82.800000,22.608000,0,0,91340055,783,0,783,-3,0,2,77
3,360,82.800000,22.608000,0,0,91340070,784,0,784,-3,0,2,77
3,360,82.800000,22.608000,0,0,91340082,785,0,785,-4,0,2,77
3,360,82.800000,22.608000,0,0,91340093,786,0,786,-5,0,2,77
3,360,82.800000,22.608000,0,0,91340104,789,0,789,-7,0,2,77
3,360,82.800000,22.608000,0,0,91340119,794,0,794,-11,0,2,77
3,360,82.800000,22.608000,0,0,91340130,803,0,803,-16,0,2,77
3,360,82.800000,22.608000,0,0,91340140,814,0,814,-21,0,2,77
3,360,82.800000,22.608000,0,0,91340150,826,0,826,-25,0,2,77
3,360,82.800000,22.608000,0,0,91340161,841,0,841,-28,0,2,77
3,360,82.800000,22.608000,0,0,91340172,857,0,857,-32,0,2,77
3,360,82.800000,22.608000,0,0,91340184,879,0,879,-36,0,2,77
3,360,82.800000,22.608000,0,0,91340195,896,0,896,-38,0,2,77
3,360,82.800000,22.608000,0,0,91340205,916,0,916,-39,0,2,77
3,360,82.800000,22.608000,0,0,91340217,937,0,937,-39,0,2,77
3,360,82.800000,22.608000,0,0,91340228,987,0,987,-39,0,2,77
3,360,82.800000,22.608000,0,0,91340239,1013,0,1013,-39,0,2,77
3,360,82.800000,22.608000,0,0,91340250,1034,0,1034,-40,0,2,77
3,360,82.800000,22.608000,0,0,91340260,1053,0,1053,-41,0,2,77
3,360,82.800000,22.608000,0,0,91340271,1071,0,1071,-44,0,2,77
3,360,82.800000,22.608000,0,0,91340282,1085,0,1085,-46,0,2,77
3,360,82.800000,22.608000,0,0,91340293,1096,0,1096,-48,0,2,77
3,360,82.800000,22.608000,0,0,91340308,1103,0,1103,-49,0,2,77
3,360,82.800000,22.608000,0,0,91340323,1110,0,1110,-51,0,2,77
3,360,82.800000,22.608000,0,0,91340333,1113,0,1113,-52,0,2,77
3,360,82.800000,22.608000,0,0,91340343,1114,0,1114,-52,0,2,77
3,360,82.800000,22.608000,0,0,91340353,1114,0,1114,-53,0,2,77
3,360,82.800000,22.608000,0,0,91340363,1114,0,1114,-54,0,2,77
3,360,82.800000,22.608000,0,0,91340373,1114,0,1114,-54,0,2,77
3,360,82.800000,22.608000,0,0,91340382,1114,0,1114,-54,0,2,77
3,360,82.800000,22.608000,0,0,91340392,1114,0,1114,-54,0,2,77
3,360,82.800000,22.608000,0,0,91340402,1114,0,1114,-54,0,2,77
3,360,82.800000,22.608000,0,0,91340412,1114,0,1114,-54,0,2,77
3,360,82.800000,22.608000,0,0,91340423,1115,0,1115,-54,0,2,77
3,360,82.800000,22.608000,0,0,91340433,1116,0,1116,-54,0,2,77
3,360,82.800000,22.608000,0,0,91340444,1116,0,1116,-54,0,2,77
3,360,82.800000,22.608000,0,0,91340456,1116,0,1116,-54,0,2,77
3,360,82.800000,22.608000,0,0,91340469,1116,0,1116,-54,0,2,77
3,360,82.800000,22.608000,0,0,91340479,1116,0,1116,-54,0,2,77
3,360,82.800000,22.608000,0,0,91340489,1116,0,1116,-54,0,2,77
3,360,82.800000,22.608000,0,0,91340499,1116,0,1116,-54,0,2,77
3,360,82.800000,22.608000,0,0,91340509,1117,0,1117,-54,0,2,77
3,360,82.800000,22.608000,0,0,91340519,1118,0,1118,-54,0,2,77
3,360,82.800000,22.608000,0,0,91340529,1118,0,1118,-54,0,2,77
3,360,82.800000,22.608000,0,0,91340539,1118,0,1118,-54,0,2,77
3,360,82.800000,22.608000,0,0,91340549,1118,0,1118,-54,0,2,77
3,360,82.800000,22.608000,0,0,91340559,1118,0,1118,-54,0,2,77
3,360,82.800000,22.608000,0,0,91340569,1118,0,1118,-54,0,2,77
3,360,82.800000,22.608000,0,0,91340578,1118,0,1118,-54,0,2,77
3,360,82.800000,22.608000,0,0,91340588,1118,0,1118,-54,0,2,77
3,360,82.800000,22.608000,0,0,91340599,1118,0,1118,-54,0,2,77
3,360,82.800000,22.608000,0,0,91340608,1118,0,1118,-54,0,2,77
