3,720,82.800000,42.984000,0,0,91480660,600,0,600,0,0,3,27
3,720,82.800000,42.984000,0,0,91480661,600,0,600,0,0,3,27
3,720,82.800000,42.984000,0,0,91480671,600,0,600,0,0,3,27
3,720,82.800000,42.984000,0,0,91480681,600,0,600,0,0,3,27
3,720,82.800000,42.984000,0,0,91480691,600,0,600,0,0,3,27
3,720,82.800000,42.984000,0,0,91480702,600,0,600,0,0,3,27
3,720,82.800000,42.984000,0,0,91480711,600,0,600,0,0,3,27
3,720,82.800000,42.984000,0,0,91480722,600,0,600,0,0,3,27
3,720,82.800000,42.984000,0,0,91480732,600,0,600,-1,0,3,27
3,720,82.800000,42.984000,0,0,91480742,600,0,600,-2,0,3,27
3,720,82.800000,42.984000,0,0,91480756,602,0,602,-3,0,3,27
3,720,82.800000,42.984000,0,0,91480769,605,0,605,-5,0,3,27
3,720,82.800000,42.984000,0,0,91480780,611,0,611,-8,0,3,27
3,720,82.800000,42.984000,0,0,91480791,620,0,620,-10,0,3,27
3,720,82.800000,42.984000,0,0,91480800,632,0,632,-12,0,3,27
3,720,82.800000,42.984000,0,0,91480812,651,0,651,-16,0,3,27
3,720,82.800000,42.984000,0,0,91480823,676,0,676,-20,0,3,27
3,720,82.800000,42.984000,0,0,91480834,708,0,708,-24,0,3,27
3,720,82.800000,42.984000,0,0,91480845,739,0,739,-27,0,3,27
3,720,82.800000,42.984000,0,0,91480856,779,0,779,-31,0,3,27
3,720,82.800000,42.984000,0,0,91480866,824,0,824,-33,0,3,27
3,720,82.800000,42.984000,0,0,91480877,867,0,867,-35,0,3,27
3,720,82.800000,42.984000,0,0,91480888,917,0,917,-39,0,3,27
3,720,82.800000,42.984000,0,0,91480899,968,0,968,-42,0,3,27
3,720,82.800000,42.984000,0,0,91480909,1009,0,1009,-46,0,3,27
3,720,82.800000,42.984000,0,0,91480920,1048,0,1048,-50,0,3,27
3,720,82.800000,42.984000,0,0,91480931,1079,0,1079,-53,0,3,27
3,720,82.800000,42.984000,0,0,91480948,1115,0,1115,-55,0,3,27
3,720,82.800000,42.984000,0,0,91480962,1157,0,1157,-57,0,3,27
3,720,82.800000,42.984000,0,0,91480972,1188,0,1188,-59,0,3,27
3,720,82.800000,42.984000,0,0,91480983,1206,0,1206,-59,0,3,27
3,720,82.800000,42.984000,0,0,91480993,1220,0,1220,-60,0,3,27
3,720,82.800000,42.984000,0,0,91481003,1235,0,1235,-61,0,3,27
3,720,82.800000,42.984000,0,0,91481019,1247,0,1247,-63,0,3,27
3,720,82.800000,42.984000,0,0,91481030,1265,0,1265,-66,0,3,27
3,720,82.800000,42.984000,0,0,91481040,1272,0,1272,-68,0,3,27
3,720,82.800000,42.984000,0,0,91481055,1278,0,1278,-69,0,3,27
3,720,82.800000,42.984000,0,0,91481065,1285,0,1285,-71,0,3,27
3,720,82.800000,42.984000,0,0,91481077,1289,0,1289,-71,0,3,27
3,720,82.800000,42.984000,0,0,91481088,1293,0,1293,-72,0,3,27
3,720,82.800000,42.984000,0,0,91481099,1298,0,1298,-72,0,3,27
3,720,82.800000,42.984000,0,0,91481109,1303,0,1303,-72,0,3,27
3,720,82.800000,42.984000,0,0,91481119,1308,0,1308,-73,0,3,27
3,720,82.800000,42.984000,0,0,91481134,1313,0,1313,-74,0,3,27
3,720,82.800000,42.984000,0,0,91481144,1317,0,1317,-75,0,3,27
3,720,82.800000,42.984000,0,0,91481154,1318,0,1318,-75,0,3,27
3,720,82.800000,42.984000,0,0,91481163,1319,0,1319,-75,0,3,27
3,720,82.800000,42.984000,0,0,91481174,1320,0,1320,-75,0,3,27
3,720,82.800000,42.984000,0,0,91481184,1321,0,1321,-75,0,3,27
3,720,82.800000,42.984000,0,0,91481194,1323,0,1323,-76,0,3,27
3,720,82.800000,42.984000,0,0,91481204,1324,0,1324,-76,0,3,27
3,720,82.800000,42.984000,0,0,91481215,1326,0,1326,-77,0,3,27
3,720,82.800000,42.984000,0,0,91481230,1327,0,1327,-77,0,3,27
3,720,82.800000,42.984000,0,0,91481239,1328,0,1328,-77,0,3,27
3,720,82.800000,42.984000,0,0,91481250,1328,0,1328,-77,0,3,27
3,720,82.800000,42.984000,0,0,91481260,1328,0,1328,-77,0,3,27
3,720,82.800000,42.984000,0,0,91481277,1328,0,1328,-77,0,3,27
3,720,82.800000,42.984000,0,0,91481292,1328,0,1328,-77,0,3,27
3,720,82.800000,42.984000,0,0,91481302,1328,0,1328,-77,0,3,27
3,720,82.800000,42.984000,0,0,91481313,1328,0,1328,-77,0,3,27
3,720,82.800000,42.984000,0,0,91481323,1328,0,1328,-78,0,3,27
3,720,82.800000,42.984000,0,0,91481334,1328,0,1328,-78,0,3,27
3,720,82.800000,42.984000,0,0,91481344,1328,0,1328,-78,0,3,27
3,720,82.800000,42.984000,0,0,91481355,1328,0,1328,-78,0,3,27
3,720,82.800000,42.984000,0,0,91481366,1328,0,1328,-78,0,3,27
3,720,82.800000,42.984000,0,0,91481375,1328,0,1328,-78,0,3,27
3,720,82.800000,42.984000,0,0,91481385,1328,0,1328,-78,0,3,27
3,720,82.800000,42.984000,0,0,91481395,1328,0,1328,-78,0,3,27
3,720,82.800000,42.984000,0,0,91481405,1328,0,1328,-78,0,3,27
3,720,82.800000,42.984000,0,0,91481415,1328,0,1328,-78,0,3,27
3,720,82.800000,42.984000,0,0,91481425,1328,0,1328,-78,0,3,27
3,720,82.800000,42.984000,0,0,91481436,1328,0,1328,-78,0,3,27
3,720,82.800000,42.984000,0,0,91481446,1328,0,1328,-78,0,3,27
3,720,82.800000,42.984000,0,0,91481456,1328,0,1328,-78,0,3,27
3,720,82.800000,42.984000,0,0,91481466,1328,0,1328,-78,0,3,27
3,720,82.800000,42.984000,0,0,91481481,1328,0,1328,-78,0,3,27
3,720,82.800000,42.984000,0,0,91481491,1328,0,1328,-78,0,3,27
3,720,82.800000,42.984000,0,0,91481502,1328,0,1328,-78,0,3,27
3,720,82.800000,42.984000,0,0,91481511,1328,0,1328,-78,0,3,27
3,720,82.800000,42.984000,0,0,91481521,1328,0,1328,-78,0,3,27
3,720,82.800000,42.984000,0,0,91481531,1328,0,1328,-78,0,3,27
3,720,82.800000,42.984000,0,0,91481546,1328,0,1328,-78,0,3,27
3,720,82.800000,42.984000,0,0,91481561,1328,0,1328,-78,0,3,27
3,720,82.800000,42.984000,0,0,91481574,1328,0,1328,-78,0,3,27
