3,720,50.400000,0.000000,1,1,91441693,600,22,600,22,0,3,9
3,720,50.400000,0.000000,1,1,91441694,600,22,600,22,0,3,9
3,720,50.400000,0.000000,1,1,91441705,600,22,600,22,0,3,9
3,720,50.400000,0.000000,1,1,91441716,601,22,601,22,0,3,9
3,720,50.400000,0.000000,1,1,91441727,601,22,601,22,0,3,9
3,720,50.400000,0.000000,1,1,91441736,601,22,601,22,0,3,9
3,720,50.400000,0.000000,1,1,91441746,601,22,601,22,0,3,9
3,720,50.400000,0.000000,1,1,91441757,601,22,601,22,0,3,9
3,720,50.400000,0.000000,1,1,91441768,601,21,601,21,0,3,9
3,720,50.400000,0.000000,1,1,91441779,601,21,601,21,0,3,9
3,720,50.400000,0.000000,1,1,91441789,602,21,602,21,0,3,9
3,720,50.400000,0.000000,1,1,91441800,603,20,603,20,0,3,9
3,720,50.400000,0.000000,1,1,91441810,604,19,604,19,0,3,9
3,720,50.400000,0.000000,1,1,91441820,605,18,605,18,0,3,9
3,720,50.400000,0.000000,1,1,91441830,607,16,607,16,0,3,9
3,720,50.400000,0.000000,1,1,91441842,610,13,610,13,0,3,9
3,720,50.400000,0.000000,1,1,91441853,613,11,613,11,0,3,9
3,720,50.400000,0.000000,1,1,91441863,617,9,617,9,0,3,9
3,720,50.400000,0.000000,1,1,91441874,620,7,620,7,0,3,9
3,720,50.400000,0.000000,1,1,91441885,624,4,624,4,0,3,9
3,720,50.400000,0.000000,1,1,91441896,629,2,629,2,0,3,9
3,720,50.400000,0.000000,1,1,91441907,635,0,635,0,0,3,9
3,720,50.400000,0.000000,1,1,91441919,643,0,643,-3,0,3,9
3,720,50.400000,0.000000,1,1,91441930,652,0,652,-6,0,3,9
3,720,50.400000,0.000000,1,1,91441941,661,0,661,-10,0,3,9
3,720,50.400000,0.000000,1,1,91441952,674,0,674,-14,0,3,9
3,720,50.400000,0.000000,1,1,91441962,687,0,687,-18,0,3,9
3,720,50.400000,0.000000,1,1,91441973,703,0,703,-22,0,3,9
3,720,50.400000,0.000000,1,1,91441983,723,0,723,-26,0,3,9
3,720,50.400000,0.000000,1,1,91441999,744,0,744,-30,0,3,9
3,720,50.400000,0.000000,1,1,91442010,779,0,779,-37,0,3,9
3,720,50.400000,0.000000,1,1,91442021,802,0,802,-41,0,3,9
3,720,50.400000,0.000000,1,1,91442033,826,0,826,-46,0,3,9
3,720,50.400000,0.000000,1,1,91442044,848,0,848,-50,0,3,9
3,720,50.400000,0.000000,1,1,91442054,871,0,871,-55,0,3,9
3,720,50.400000,0.000000,1,1,91442065,894,0,894,-58,0,3,9
3,720,50.400000,0.000000,1,1,91442075,914,0,914,-60,0,3,9
3,720,50.400000,0.000000,1,1,91442096,938,0,938,-62,0,3,9
3,720,50.400000,0.000000,1,1,91442110,992,0,992,-65,0,3,9
3,720,50.400000,0.000000,1,1,91442127,1027,0,1027,-67,0,3,9
3,720,50.400000,0.000000,1,1,91442142,1062,0,1062,-70,0,3,9
3,720,50.400000,0.000000,1,1,91442154,1086,0,1086,-73,0,3,9
3,720,50.400000,0.000000,1,1,91442165,1101,0,1101,-75,0,3,9
3,720,50.400000,0.000000,1,1,91442175,1116,0,1116,-76,0,3,9
3,720,50.400000,0.000000,1,1,91442186,1129,0,1129,-77,0,3,9
3,720,50.400000,0.000000,1,1,91442197,1138,0,1138,-78,0,3,9
3,720,50.400000,0.000000,1,1,91442208,1148,0,1148,-79,0,3,9
3,720,50.400000,0.000000,1,1,91442218,1154,0,1154,-80,0,3,9
3,720,50.400000,0.000000,1,1,91442229,1160,0,1160,-81,0,3,9
3,720,50.400000,0.000000,1,1,91442239,1165,0,1165,-81,0,3,9
3,720,50.400000,0.000000,1,1,91442250,1169,0,1169,-81,0,3,9
3,720,50.400000,0.000000,1,1,91442261,1173,0,1173,-81,0,3,9
3,720,50.400000,0.000000,1,1,91442271,1178,0,1178,-81,0,3,9
3,720,50.400000,0.000000,1,1,91442281,1181,0,1181,-81,0,3,9
3,720,50.400000,0.000000,1,1,91442292,1186,0,1186,-81,0,3,9
3,720,50.400000,0.000000,1,1,91442303,1191,0,1191,-82,0,3,9
3,720,50.400000,0.000000,1,1,91442313,1195,0,1195,-82,0,3,9
3,720,50.400000,0.000000,1,1,91442323,1199,0,1199,-82,0,3,9
3,720,50.400000,0.000000,1,1,91442335,1203,0,1203,-82,0,3,9
3,720,50.400000,0.000000,1,1,91442346,1208,0,1208,-82,0,3,9
3,720,50.400000,0.000000,1,1,91442360,1215,0,1215,-82,0,3,9
3,720,50.400000,0.000000,1,1,91442370,1232,0,1232,-82,0,3,9
3,720,50.400000,0.000000,1,1,91442380,1239,1,1239,-81,0,3,9
3,720,50.400000,0.000000,1,1,91442392,1247,1,1247,-81,0,3,9
3,720,50.400000,0.000000,1,1,91442402,1255,1,1255,-81,0,3,9
3,720,50.400000,0.000000,1,1,91442412,1261,1,1261,-81,0,3,9
3,720,50.400000,0.000000,1,1,91442422,1265,0,1265,-82,0,3,9
3,720,50.400000,0.000000,1,1,91442431,1268,0,1268,-82,0,3,9
3,720,50.400000,0.000000,1,1,91442443,1270,0,1270,-83,0,3,9
3,720,50.400000,0.000000,1,1,91442453,1273,0,1273,-84,0,3,9
3,720,50.400000,0.000000,1,1,91442463,1276,0,1276,-84,0,3,9
3,720,50.400000,0.000000,1,1,91442473,1278,0,1278,-84,0,3,9
3,720,50.400000,0.000000,1,1,91442483,1280,0,1280,-84,0,3,9
3,720,50.400000,0.000000,1,1,91442494,1281,0,1281,-84,0,3,9
3,720,50.400000,0.000000,1,1,91442505,1282,0,1282,-85,0,3,9
3,720,50.400000,0.000000,1,1,91442515,1284,0,1284,-85,0,3,9
3,720,50.400000,0.000000,1,1,91442526,1284,0,1284,-85,0,3,9
3,720,50.400000,0.000000,1,1,91442536,1286,0,1286,-85,0,3,9
3,720,50.400000,0.000000,1,1,91442547,1287,0,1287,-85,0,3,9
3,720,50.400000,0.000000,1,1,91442558,1290,0,1290,-85,0,3,9
3,720,50.400000,0.000000,1,1,91442569,1294,0,1294,-86,0,3,9
3,720,50.400000,0.000000,1,1,91442580,1299,0,1299,-86,0,3,9
3,720,50.400000,0.000000,1,1,91442595,1304,0,1304,-86,0,3,9
3,720,50.400000,0.000000,1,1,91442605,1310,0,1310,-86,0,3,9
3,720,50.400000,0.000000,1,1,91442615,1313,0,1313,-86,0,3,9
3,720,50.400000,0.000000,1,1,91442625,1313,0,1313,-86,0,3,9
3,720,50.400000,0.000000,1,1,91442635,1313,0,1313,-86,0,3,9
3,720,50.400000,0.000000,1,1,91442646,1313,0,1313,-86,0,3,9
3,720,50.400000,0.000000,1,1,91442657,1313,0,1313,-86,0,3,9
3,720,50.400000,0.000000,1,1,91442666,1313,0,1313,-86,0,3,9
3,720,50.400000,0.000000,1,1,91442677,1313,0,1313,-86,0,3,9
3,720,50.400000,0.000000,1,1,91442687,1313,0,1313,-86,0,3,9
3,720,50.400000,0.000000,1,1,91442697,1313,0,1313,-86,0,3,9
3,720,50.400000,0.000000,1,1,91442706,1313,0,1313,-86,0,3,9
3,720,50.400000,0.000000,1,1,91442716,1313,0,1313,-86,0,3,9
3,720,50.400000,0.000000,1,1,91442727,1313,0,1313,-86,0,3,9
3,720,50.400000,0.000000,1,1,91442737,1313,0,1313,-86,0,3,9
3,720,50.400000,0.000000,1,1,91442747,1313,0,1313,-86,0,3,9
3,720,50.400000,0.000000,1,1,91442757,1313,0,1313,-86,0,3,9
3,720,50.400000,0.000000,1,1,91442767,1313,0,1313,-86,0,3,9
3,720,50.400000,0.000000,1,1,91442778,1313,0,1313,-86,0,3,9
3,720,50.400000,0.000000,1,1,91442788,1313,0,1313,-86,0,3,9
3,720,50.400000,0.000000,1,1,91442797,1313,0,1313,-86,0,3,9
3,720,50.400000,0.000000,1,1,91442809,1313,0,1313,-86,0,3,9
3,720,50.400000,0.000000,1,1,91442819,1313,0,1313,-86,0,3,9
3,720,50.400000,0.000000,1,1,91442829,1313,0,1313,-86,0,3,9
3,720,50.400000,0.000000,1,1,91442840,1313,0,1313,-86,0,3,9
3,720,50.400000,0.000000,1,1,91442851,1310,0,1310,-86,0,3,9
3,720,50.400000,0.000000,1,1,91442862,1305,0,1305,-86,0,3,9
3,720,50.400000,0.000000,1,1,91442873,1300,0,1300,-86,0,3,9
3,720,50.400000,0.000000,1,1,91442883,1296,0,1296,-86,0,3,9
3,720,50.400000,0.000000,1,1,91442894,1293,0,1293,-86,0,3,9
3,720,50.400000,0.000000,1,1,91442903,1291,1,1291,-85,1,3,9
