3,720,50.400000,12.276000,0,0,91757406,600,0,600,0,0,4,47
3,720,50.400000,12.276000,0,0,91757407,600,0,600,0,0,4,47
3,720,50.400000,12.276000,0,0,91757417,600,0,600,0,0,4,47
3,720,50.400000,12.276000,0,0,91757427,600,0,600,0,0,4,47
3,720,50.400000,12.276000,0,0,91757438,600,0,600,0,0,4,47
3,720,50.400000,12.276000,0,0,91757449,601,0,601,-1,0,4,47
3,720,50.400000,12.276000,0,0,91757459,603,0,603,-2,0,4,47
3,720,50.400000,12.276000,0,0,91757470,605,0,605,-2,0,4,47
3,720,50.400000,12.276000,0,0,91757481,607,0,607,-3,0,4,47
3,720,50.400000,12.276000,0,0,91757492,610,0,610,-5,0,4,47
3,720,50.400000,12.276000,0,0,91757503,614,0,614,-7,0,4,47
3,720,50.400000,12.276000,0,0,91757519,619,0,619,-9,0,4,47
3,720,50.400000,12.276000,0,0,91757535,632,0,632,-13,0,4,47
3,720,50.400000,12.276000,0,0,91757550,656,0,656,-17,0,4,47
3,720,50.400000,12.276000,0,0,91757561,687,0,687,-21,0,4,47
3,720,50.400000,12.276000,0,0,91757572,716,0,716,-24,0,4,47
3,720,50.400000,12.276000,0,0,91757583,748,0,748,-27,0,4,47
3,720,50.400000,12.276000,0,0,91757593,778,0,778,-30,0,4,47
3,720,50.400000,12.276000,0,0,91757604,812,0,812,-34,0,4,47
3,720,50.400000,12.276000,0,0,91757614,846,0,846,-37,0,4,47
3,720,50.400000,12.276000,0,0,91757625,883,0,883,-41,0,4,47
3,720,50.400000,12.276000,0,0,91757636,921,0,921,-44,0,4,47
3,720,50.400000,12.276000,0,0,91757648,956,0,956,-46,0,4,47
3,720,50.400000,12.276000,0,0,91757658,991,0,991,-49,0,4,47
3,720,50.400000,12.276000,0,0,91757669,1025,0,1025,-53,0,4,47
3,720,50.400000,12.276000,0,0,91757679,1050,0,1050,-55,0,4,47
3,720,50.400000,12.276000,0,0,91757690,1073,0,1073,-57,0,4,47
3,720,50.400000,12.276000,0,0,91757700,1093,0,1093,-58,0,4,47
3,720,50.400000,12.276000,0,0,91757710,1116,0,1116,-59,0,4,47
3,720,50.400000,12.276000,0,0,91757721,1130,0,1130,-61,0,4,47
3,720,50.400000,12.276000,0,0,91757734,1142,0,1142,-61,0,4,47
3,720,50.400000,12.276000,0,0,91757745,1154,0,1154,-62,0,4,47
3,720,50.400000,12.276000,0,0,91757756,1162,0,1162,-63,0,4,47
3,720,50.400000,12.276000,0,0,91757766,1168,0,1168,-63,0,4,47
3,720,50.400000,12.276000,0,0,91757777,1172,0,1172,-64,0,4,47
3,720,50.400000,12.276000,0,0,91757787,1176,0,1176,-65,0,4,47
3,720,50.400000,12.276000,0,0,91757798,1180,0,1180,-65,0,4,47
3,720,50.400000,12.276000,0,0,91757812,1183,0,1183,-65,0,4,47
3,720,50.400000,12.276000,0,0,91757824,1188,0,1188,-65,0,4,47
3,720,50.400000,12.276000,0,0,91757835,1192,0,1192,-65,0,4,47
3,720,50.400000,12.276000,0,0,91757847,1197,0,1197,-65,0,4,47
3,720,50.400000,12.276000,0,0,91757858,1202,0,1202,-66,0,4,47
3,720,50.400000,12.276000,0,0,91757868,1207,0,1207,-66,0,4,47
3,720,50.400000,12.276000,0,0,91757878,1210,0,1210,-66,0,4,47
3,720,50.400000,12.276000,0,0,91757889,1212,0,1212,-66,0,4,47
3,720,50.400000,12.276000,0,0,91757901,1215,0,1215,-67,0,4,47
3,720,50.400000,12.276000,0,0,91757911,1219,0,1219,-67,0,4,47
3,720,50.400000,12.276000,0,0,91757921,1223,0,1223,-67,0,4,47
3,720,50.400000,12.276000,0,0,91757933,1227,0,1227,-67,0,4,47
3,720,50.400000,12.276000,0,0,91757944,1231,0,1231,-67,0,4,47
3,720,50.400000,12.276000,0,0,91757954,1234,0,1234,-67,0,4,47
3,720,50.400000,12.276000,0,0,91757964,1236,0,1236,-67,0,4,47
3,720,50.400000,12.276000,0,0,91757974,1237,0,1237,-67,0,4,47
3,720,50.400000,12.276000,0,0,91757984,1238,0,1238,-67,0,4,47
3,720,50.400000,12.276000,0,0,91757994,1240,0,1240,-67,0,4,47
3,720,50.400000,12.276000,0,0,91758005,1242,0,1242,-67,0,4,47
3,720,50.400000,12.276000,0,0,91758017,1244,0,1244,-67,0,4,47
3,720,50.400000,12.276000,0,0,91758027,1245,0,1245,-67,0,4,47
3,720,50.400000,12.276000,0,0,91758037,1247,0,1247,-67,0,4,47
3,720,50.400000,12.276000,0,0,91758047,1248,0,1248,-67,0,4,47
3,720,50.400000,12.276000,0,0,91758058,1249,0,1249,-67,0,4,47
3,720,50.400000,12.276000,0,0,91758068,1251,0,1251,-67,0,4,47
3,720,50.400000,12.276000,0,0,91758078,1252,0,1252,-67,0,4,47
3,720,50.400000,12.276000,0,0,91758089,1253,0,1253,-67,0,4,47
3,720,50.400000,12.276000,0,0,91758100,1253,0,1253,-67,0,4,47
3,720,50.400000,12.276000,0,0,91758111,1253,0,1253,-67,0,4,47
3,720,50.400000,12.276000,0,0,91758124,1254,0,1254,-67,0,4,47
3,720,50.400000,12.276000,0,0,91758139,1255,0,1255,-67,0,4,47
3,720,50.400000,12.276000,0,0,91758149,1255,0,1255,-67,0,4,47
3,720,50.400000,12.276000,0,0,91758159,1255,0,1255,-67,0,4,47
3,720,50.400000,12.276000,0,0,91758168,1256,0,1256,-67,0,4,47
3,720,50.400000,12.276000,0,0,91758178,1256,0,1256,-67,0,4,47
3,720,50.400000,12.276000,0,0,91758187,1256,0,1256,-67,0,4,47
3,720,50.400000,12.276000,0,0,91758198,1257,0,1257,-67,0,4,47
3,720,50.400000,12.276000,0,0,91758212,1259,0,1259,-67,0,4,47
3,720,50.400000,12.276000,0,0,91758228,1260,0,1260,-67,0,4,47
3,720,50.400000,12.276000,0,0,91758238,1261,1,1261,-66,0,4,47
3,720,50.400000,12.276000,0,0,91758249,1262,1,1262,-66,0,4,47
3,720,50.400000,12.276000,0,0,91758259,1264,1,1264,-66,0,4,47
3,720,50.400000,12.276000,0,0,91758271,1265,1,1265,-66,0,4,47
3,720,50.400000,12.276000,0,0,91758281,1266,2,1266,-65,0,4,47
3,720,50.400000,12.276000,0,0,91758290,1267,3,1267,-64,0,4,47
3,720,50.400000,12.276000,0,0,91758301,1268,3,1268,-64,0,4,47
3,720,50.400000,12.276000,0,0,91758311,1269,3,1269,-64,0,4,47
3,720,50.400000,12.276000,0,0,91758322,1270,3,1270,-64,0,4,47
3,720,50.400000,12.276000,0,0,91758332,1271,4,1271,-63,0,4,47
3,720,50.400000,12.276000,0,0,91758342,1272,4,1272,-63,0,4,47
3,720,50.400000,12.276000,0,0,91758352,1273,4,1273,-63,0,4,47
3,720,50.400000,12.276000,0,0,91758362,1273,4,1273,-63,0,4,47
3,720,50.400000,12.276000,0,0,91758372,1274,4,1274,-63,0,4,47
3,720,50.400000,12.276000,0,0,91758382,1274,4,1274,-63,0,4,47
3,720,50.400000,12.276000,0,0,91758392,1274,4,1274,-63,0,4,47
3,720,50.400000,12.276000,0,0,91758403,1275,4,1275,-63,0,4,47
3,720,50.400000,12.276000,0,0,91758413,1276,4,1276,-63,0,4,47
3,720,50.400000,12.276000,0,0,91758423,1277,4,1277,-63,0,4,47
3,720,50.400000,12.276000,0,0,91758433,1277,5,1277,-62,0,4,47
3,720,50.400000,12.276000,0,0,91758443,1278,5,1278,-62,0,4,47
3,720,50.400000,12.276000,0,0,91758454,1279,5,1279,-62,0,4,47
3,720,50.400000,12.276000,0,0,91758464,1279,5,1279,-62,0,4,47
3,720,50.400000,12.276000,0,0,91758474,1279,5,1279,-62,0,4,47
3,720,50.400000,12.276000,0,0,91758485,1280,5,1280,-62,0,4,47
3,720,50.400000,12.276000,0,0,91758495,1280,5,1280,-62,0,4,47
3,720,50.400000,12.276000,0,0,91758511,1282,6,1282,-61,0,4,47
3,720,50.400000,12.276000,0,0,91758522,1284,6,1284,-61,0,4,47
3,720,50.400000,12.276000,0,0,91758532,1286,6,1286,-61,0,4,47
3,720,50.400000,12.276000,0,0,91758543,1288,6,1288,-61,0,4,47
3,720,50.400000,12.276000,0,0,91758553,1290,6,1290,-61,0,4,47
3,720,50.400000,12.276000,0,0,91758564,1291,6,1291,-61,0,4,47
3,720,50.400000,12.276000,0,0,91758575,1292,6,1292,-61,0,4,47
3,720,50.400000,12.276000,0,0,91758586,1297,4,1297,-63,0,4,47
3,720,50.400000,12.276000,0,0,91758597,1302,3,1302,-64,0,4,47
3,720,50.400000,12.276000,0,0,91758608,1306,2,1306,-65,0,4,47
3,720,50.400000,12.276000,0,0,91758619,1310,1,1310,-66,0,4,47
3,720,50.400000,12.276000,0,0,91758629,1312,0,1312,-67,0,4,47
3,720,50.400000,12.276000,0,0,91758640,1315,0,1315,-67,0,4,47
3,720,50.400000,12.276000,0,0,91758650,1317,0,1317,-68,0,4,47
3,720,50.400000,12.276000,0,0,91758660,1318,0,1318,-69,0,4,47
3,720,50.400000,12.276000,0,0,91758671,1318,0,1318,-69,0,4,47
3,720,50.400000,12.276000,0,0,91758682,1318,0,1318,-69,0,4,47
3,720,50.400000,12.276000,0,0,91758692,1318,0,1318,-69,0,4,47
3,720,50.400000,12.276000,0,0,91758702,1318,0,1318,-69,0,4,47
3,720,50.400000,12.276000,0,0,91758712,1318,0,1318,-69,0,4,47
3,720,50.400000,12.276000,0,0,91758721,1318,0,1318,-69,0,4,47
