3,720,82.800000,42.984000,0,1,91856823,600,22,600,22,0,4,97
3,720,82.800000,42.984000,0,1,91856824,600,22,600,22,0,4,97
3,720,82.800000,42.984000,0,1,91856835,600,22,600,22,0,4,97
3,720,82.800000,42.984000,0,1,91856845,600,22,600,22,0,4,97
3,720,82.800000,42.984000,0,1,91856855,600,22,600,22,0,4,97
3,720,82.800000,42.984000,0,1,91856867,600,22,600,22,0,4,97
3,720,82.800000,42.984000,0,1,91856882,600,22,600,22,0,4,97
3,720,82.800000,42.984000,0,1,91856893,600,22,600,22,0,4,97
3,720,82.800000,42.984000,0,1,91856903,600,22,600,22,0,4,97
3,720,82.800000,42.984000,0,1,91856914,600,22,600,22,0,4,97
3,720,82.800000,42.984000,0,1,91856925,602,21,602,21,0,4,97
3,720,82.800000,42.984000,0,1,91856936,605,21,605,21,0,4,97
3,720,82.800000,42.984000,0,1,91856946,610,20,610,20,0,4,97
3,720,82.800000,42.984000,0,1,91856957,617,19,617,19,0,4,97
3,720,82.800000,42.984000,0,1,91856968,628,17,628,17,0,4,97
3,720,82.800000,42.984000,0,1,91856980,640,15,640,15,0,4,97
3,720,82.800000,42.984000,0,1,91856990,656,12,656,12,0,4,97
3,720,82.800000,42.984000,0,1,91857000,675,8,675,8,0,4,97
3,720,82.800000,42.984000,0,1,91857011,691,4,691,4,0,4,97
3,720,82.800000,42.984000,0,1,91857022,710,0,710,0,0,4,97
3,720,82.800000,42.984000,0,1,91857033,731,0,731,-4,0,4,97
3,720,82.800000,42.984000,0,1,91857043,750,0,750,-6,0,4,97
3,720,82.800000,42.984000,0,1,91857054,770,0,770,-9,0,4,97
3,720,82.800000,42.984000,0,1,91857064,789,0,789,-13,0,4,97
3,720,82.800000,42.984000,0,1,91857075,808,0,808,-16,0,4,97
3,720,82.800000,42.984000,0,1,91857085,828,0,828,-20,0,4,97
3,720,82.800000,42.984000,0,1,91857095,850,0,850,-23,0,4,97
3,720,82.800000,42.984000,0,1,91857106,872,0,872,-26,0,4,97
3,720,82.800000,42.984000,0,1,91857117,900,0,900,-29,0,4,97
3,720,82.800000,42.984000,0,1,91857133,924,0,924,-31,0,4,97
3,720,82.800000,42.984000,0,1,91857143,968,0,968,-35,0,4,97
3,720,82.800000,42.984000,0,1,91857154,995,0,995,-38,0,4,97
3,720,82.800000,42.984000,0,1,91857165,1022,0,1022,-41,0,4,97
3,720,82.800000,42.984000,0,1,91857175,1042,0,1042,-43,0,4,97
3,720,82.800000,42.984000,0,1,91857186,1060,0,1060,-45,0,4,97
3,720,82.800000,42.984000,0,1,91857197,1076,0,1076,-47,0,4,97
3,720,82.800000,42.984000,0,1,91857208,1090,0,1090,-48,0,4,97
3,720,82.800000,42.984000,0,1,91857219,1104,0,1104,-50,0,4,97
3,720,82.800000,42.984000,0,1,91857230,1116,0,1116,-51,0,4,97
3,720,82.800000,42.984000,0,1,91857241,1127,0,1127,-52,0,4,97
3,720,82.800000,42.984000,0,1,91857257,1135,0,1135,-53,0,4,97
3,720,82.800000,42.984000,0,1,91857267,1144,0,1144,-54,0,4,97
3,720,82.800000,42.984000,0,1,91857279,1147,0,1147,-54,0,4,97
3,720,82.800000,42.984000,0,1,91857290,1149,0,1149,-54,0,4,97
3,720,82.800000,42.984000,0,1,91857300,1151,0,1151,-54,0,4,97
3,720,82.800000,42.984000,0,1,91857310,1152,0,1152,-54,0,4,97
3,720,82.800000,42.984000,0,1,91857321,1153,0,1153,-54,0,4,97
3,720,82.800000,42.984000,0,1,91857332,1156,0,1156,-54,0,4,97
3,720,82.800000,42.984000,0,1,91857342,1159,0,1159,-54,0,4,97
3,720,82.800000,42.984000,0,1,91857353,1163,0,1163,-54,0,4,97
3,720,82.800000,42.984000,0,1,91857363,1167,0,1167,-54,0,4,97
3,720,82.800000,42.984000,0,1,91857375,1172,0,1172,-54,0,4,97
3,720,82.800000,42.984000,0,1,91857386,1178,0,1178,-54,0,4,97
3,720,82.800000,42.984000,0,1,91857396,1183,0,1183,-54,0,4,97
3,720,82.800000,42.984000,0,1,91857408,1189,0,1189,-54,0,4,97
3,720,82.800000,42.984000,0,1,91857419,1196,0,1196,-54,0,4,97
3,720,82.800000,42.984000,0,1,91857430,1202,0,1202,-54,0,4,97
3,720,82.800000,42.984000,0,1,91857441,1210,0,1210,-54,0,4,97
3,720,82.800000,42.984000,0,1,91857452,1217,0,1217,-54,0,4,97
3,720,82.800000,42.984000,0,1,91857463,1225,0,1225,-54,0,4,97
3,720,82.800000,42.984000,0,1,91857473,1234,0,1234,-54,0,4,97
3,720,82.800000,42.984000,0,1,91857483,1242,0,1242,-54,0,4,97
3,720,82.800000,42.984000,0,1,91857494,1249,0,1249,-54,0,4,97
3,720,82.800000,42.984000,0,1,91857504,1254,0,1254,-54,0,4,97
3,720,82.800000,42.984000,0,1,91857515,1259,1,1259,-53,0,4,97
3,720,82.800000,42.984000,0,1,91857526,1263,1,1263,-53,0,4,97
3,720,82.800000,42.984000,0,1,91857537,1266,1,1266,-53,0,4,97
3,720,82.800000,42.984000,0,1,91857547,1268,1,1268,-53,0,4,97
3,720,82.800000,42.984000,0,1,91857558,1269,1,1269,-53,0,4,97
3,720,82.800000,42.984000,0,1,91857568,1272,1,1272,-53,0,4,97
3,720,82.800000,42.984000,0,1,91857579,1273,1,1273,-53,0,4,97
3,720,82.800000,42.984000,0,1,91857590,1275,1,1275,-53,0,4,97
3,720,82.800000,42.984000,0,1,91857600,1276,1,1276,-53,0,4,97
3,720,82.800000,42.984000,0,1,91857611,1277,1,1277,-53,0,4,97
3,720,82.800000,42.984000,0,1,91857621,1277,1,1277,-53,0,4,97
3,720,82.800000,42.984000,0,1,91857631,1278,1,1278,-53,0,4,97
3,720,82.800000,42.984000,0,1,91857642,1278,1,1278,-53,0,4,97
3,720,82.800000,42.984000,0,1,91857652,1278,0,1278,-54,0,4,97
3,720,82.800000,42.984000,0,1,91857663,1280,0,1280,-54,0,4,97
3,720,82.800000,42.984000,0,1,91857674,1282,0,1282,-54,0,4,97
3,720,82.800000,42.984000,0,1,91857685,1284,0,1284,-55,0,4,97
3,720,82.800000,42.984000,0,1,91857696,1286,0,1286,-55,0,4,97
3,720,82.800000,42.984000,0,1,91857707,1288,0,1288,-55,0,4,97
3,720,82.800000,42.984000,0,1,91857718,1290,0,1290,-55,0,4,97
3,720,82.800000,42.984000,0,1,91857728,1292,0,1292,-55,0,4,97
3,720,82.800000,42.984000,0,1,91857738,1293,0,1293,-55,0,4,97
3,720,82.800000,42.984000,0,1,91857749,1293,0,1293,-55,0,4,97
3,720,82.800000,42.984000,0,1,91857759,1293,0,1293,-55,0,4,97
3,720,82.800000,42.984000,0,1,91857769,1293,0,1293,-55,0,4,97
3,720,82.800000,42.984000,0,1,91857780,1295,0,1295,-55,0,4,97
3,720,82.800000,42.984000,0,1,91857791,1297,0,1297,-55,0,4,97
3,720,82.800000,42.984000,0,1,91857802,1300,0,1300,-56,0,4,97
3,720,82.800000,42.984000,0,1,91857812,1301,0,1301,-56,0,4,97
3,720,82.800000,42.984000,0,1,91857823,1302,0,1302,-56,0,4,97
3,720,82.800000,42.984000,0,1,91857833,1302,0,1302,-56,0,4,97
3,720,82.800000,42.984000,0,1,91857844,1302,0,1302,-56,0,4,97
3,720,82.800000,42.984000,0,1,91857854,1302,0,1302,-56,0,4,97
3,720,82.800000,42.984000,0,1,91857864,1302,0,1302,-56,0,4,97
3,720,82.800000,42.984000,0,1,91857874,1302,0,1302,-56,0,4,97
3,720,82.800000,42.984000,0,1,91857884,1302,0,1302,-56,0,4,97
3,720,82.800000,42.984000,0,1,91857895,1302,0,1302,-56,0,4,97
3,720,82.800000,42.984000,0,1,91857904,1302,0,1302,-56,0,4,97
3,720,82.800000,42.984000,0,1,91857915,1302,0,1302,-56,0,4,97
3,720,82.800000,42.984000,0,1,91857925,1302,0,1302,-56,0,4,97
3,720,82.800000,42.984000,0,1,91857935,1302,0,1302,-56,0,4,97
3,720,82.800000,42.984000,0,1,91857944,1302,0,1302,-56,0,4,97
3,720,82.800000,42.984000,0,1,91857954,1302,0,1302,-56,0,4,97
3,720,82.800000,42.984000,0,1,91857964,1302,0,1302,-56,0,4,97
3,720,82.800000,42.984000,0,1,91857975,1302,0,1302,-57,0,4,97
3,720,82.800000,42.984000,0,1,91857985,1301,0,1301,-57,0,4,97
3,720,82.800000,42.984000,0,1,91857995,1300,0,1300,-57,0,4,97
3,720,82.800000,42.984000,0,1,91858006,1300,0,1300,-57,0,4,97
3,720,82.800000,42.984000,0,1,91858016,1299,0,1299,-57,0,4,97
3,720,82.800000,42.984000,0,1,91858027,1299,0,1299,-57,0,4,97
3,720,82.800000,42.984000,0,1,91858036,1299,0,1299,-57,0,4,97
