3,360,50.400000,12.276000,1,0,91744031,780,0,780,0,0,4,40
3,360,50.400000,12.276000,1,0,91744031,780,0,780,0,0,4,40
3,360,50.400000,12.276000,1,0,91744042,780,0,780,0,0,4,40
3,360,50.400000,12.276000,1,0,91744052,780,0,780,0,0,4,40
3,360,50.400000,12.276000,1,0,91744063,780,0,780,0,0,4,40
3,360,50.400000,12.276000,1,0,91744074,781,0,781,-1,0,4,40
3,360,50.400000,12.276000,1,0,91744085,783,0,783,-2,0,4,40
3,360,50.400000,12.276000,1,0,91744099,787,0,787,-4,0,4,40
3,360,50.400000,12.276000,1,0,91744110,793,0,793,-6,0,4,40
3,360,50.400000,12.276000,1,0,91744121,800,0,800,-8,0,4,40
3,360,50.400000,12.276000,1,0,91744137,811,0,811,-10,0,4,40
3,360,50.400000,12.276000,1,0,91744149,832,0,832,-12,0,4,40
3,360,50.400000,12.276000,1,0,91744159,853,0,853,-14,0,4,40
3,360,50.400000,12.276000,1,0,91744170,874,0,874,-15,0,4,40
3,360,50.400000,12.276000,1,0,91744180,897,0,897,-18,0,4,40
3,360,50.400000,12.276000,1,0,91744191,919,0,919,-19,0,4,40
3,360,50.400000,12.276000,1,0,91744202,938,0,938,-20,0,4,40
3,360,50.400000,12.276000,1,0,91744214,955,0,955,-22,0,4,40
3,360,50.400000,12.276000,1,0,91744224,973,0,973,-24,0,4,40
3,360,50.400000,12.276000,1,0,91744236,985,0,985,-25,0,4,40
3,360,50.400000,12.276000,1,0,91744247,999,0,999,-26,0,4,40
3,360,50.400000,12.276000,1,0,91744263,1011,0,1011,-27,0,4,40
3,360,50.400000,12.276000,1,0,91744274,1025,0,1025,-28,0,4,40
3,360,50.400000,12.276000,1,0,91744285,1034,0,1034,-28,0,4,40
3,360,50.400000,12.276000,1,0,91744296,1043,0,1043,-29,0,4,40
3,360,50.400000,12.276000,1,0,91744307,1051,0,1051,-30,0,4,40
3,360,50.400000,12.276000,1,0,91744317,1058,0,1058,-30,0,4,40
3,360,50.400000,12.276000,1,0,91744328,1063,0,1063,-30,0,4,40
3,360,50.400000,12.276000,1,0,91744338,1070,0,1070,-31,0,4,40
3,360,50.400000,12.276000,1,0,91744348,1076,0,1076,-31,0,4,40
3,360,50.400000,12.276000,1,0,91744360,1081,0,1081,-32,0,4,40
3,360,50.400000,12.276000,1,0,91744370,1086,0,1086,-32,0,4,40
3,360,50.400000,12.276000,1,0,91744382,1090,0,1090,-33,0,4,40
3,360,50.400000,12.276000,1,0,91744392,1093,0,1093,-33,0,4,40
3,360,50.400000,12.276000,1,0,91744403,1096,0,1096,-33,0,4,40
3,360,50.400000,12.276000,1,0,91744414,1098,0,1098,-33,0,4,40
3,360,50.400000,12.276000,1,0,91744424,1100,0,1100,-33,0,4,40
3,360,50.400000,12.276000,1,0,91744436,1101,0,1101,-34,0,4,40
3,360,50.400000,12.276000,1,0,91744446,1101,0,1101,-34,0,4,40
3,360,50.400000,12.276000,1,0,91744457,1102,0,1102,-34,0,4,40
3,360,50.400000,12.276000,1,0,91744468,1103,0,1103,-34,0,4,40
3,360,50.400000,12.276000,1,0,91744479,1104,0,1104,-34,0,4,40
3,360,50.400000,12.276000,1,0,91744489,1106,0,1106,-35,0,4,40
3,360,50.400000,12.276000,1,0,91744505,1107,0,1107,-35,0,4,40
3,360,50.400000,12.276000,1,0,91744516,1110,0,1110,-36,0,4,40
3,360,50.400000,12.276000,1,0,91744527,1113,0,1113,-36,0,4,40
3,360,50.400000,12.276000,1,0,91744538,1116,0,1116,-37,0,4,40
3,360,50.400000,12.276000,1,0,91744549,1118,0,1118,-37,0,4,40
3,360,50.400000,12.276000,1,0,91744560,1121,0,1121,-37,0,4,40
3,360,50.400000,12.276000,1,0,91744572,1124,0,1124,-38,0,4,40
3,360,50.400000,12.276000,1,0,91744583,1126,0,1126,-38,0,4,40
3,360,50.400000,12.276000,1,0,91744593,1129,0,1129,-38,0,4,40
3,360,50.400000,12.276000,1,0,91744604,1131,0,1131,-38,0,4,40
3,360,50.400000,12.276000,1,0,91744614,1132,0,1132,-38,0,4,40
3,360,50.400000,12.276000,1,0,91744625,1133,0,1133,-38,0,4,40
3,360,50.400000,12.276000,1,0,91744635,1134,0,1134,-38,0,4,40
3,360,50.400000,12.276000,1,0,91744646,1134,0,1134,-38,0,4,40
3,360,50.400000,12.276000,1,0,91744656,1134,0,1134,-38,0,4,40
3,360,50.400000,12.276000,1,0,91744666,1134,0,1134,-39,0,4,40
3,360,50.400000,12.276000,1,0,91744677,1134,0,1134,-39,0,4,40
3,360,50.400000,12.276000,1,0,91744687,1134,0,1134,-39,0,4,40
3,360,50.400000,12.276000,1,0,91744697,1134,0,1134,-39,0,4,40
