3,360,21.600000,10000.000000,0,0,91784906,780,0,780,0,0,4,61
3,360,21.600000,10000.000000,0,0,91784907,780,0,780,0,0,4,61
3,360,21.600000,10000.000000,0,0,91784917,780,0,780,0,0,4,61
3,360,21.600000,10000.000000,0,0,91784928,780,0,780,0,0,4,61
3,360,21.600000,10000.000000,0,0,91784938,780,0,780,0,0,4,61
3,360,21.600000,10000.000000,0,0,91784949,780,0,780,0,0,4,61
3,360,21.600000,10000.000000,0,0,91784960,780,0,780,0,0,4,61
3,360,21.600000,10000.000000,0,0,91784970,780,0,780,0,0,4,61
3,360,21.600000,10000.000000,0,0,91784980,780,0,780,0,0,4,61
3,360,21.600000,10000.000000,0,0,91784990,780,0,780,0,0,4,61
3,360,21.600000,10000.000000,0,0,91785000,780,0,780,0,0,4,61
3,360,21.600000,10000.000000,0,0,91785010,781,0,781,0,0,4,61
3,360,21.600000,10000.000000,0,0,91785021,783,0,783,-1,0,4,61
3,360,21.600000,10000.000000,0,0,91785032,786,0,786,-2,0,4,61
3,360,21.600000,10000.000000,0,0,91785043,791,0,791,-4,0,4,61
3,360,21.600000,10000.000000,0,0,91785055,799,0,799,-7,0,4,61
3,360,21.600000,10000.000000,0,0,91785070,808,0,808,-9,0,4,61
3,360,21.600000,10000.000000,0,0,91785081,830,0,830,-13,0,4,61
3,360,21.600000,10000.000000,0,0,91785093,845,0,845,-15,0,4,61
3,360,21.600000,10000.000000,0,0,91785105,864,0,864,-17,0,4,61
3,360,21.600000,10000.000000,0,0,91785116,883,0,883,-20,0,4,61
3,360,21.600000,10000.000000,0,0,91785126,901,0,901,-22,0,4,61
3,360,21.600000,10000.000000,0,0,91785136,916,0,916,-23,0,4,61
3,360,21.600000,10000.000000,0,0,91785149,930,0,930,-24,0,4,61
3,360,21.600000,10000.000000,0,0,91785159,943,0,943,-26,0,4,61
3,360,21.600000,10000.000000,0,0,91785175,955,0,955,-27,0,4,61
3,360,21.600000,10000.000000,0,0,91785185,972,0,972,-30,0,4,61
3,360,21.600000,10000.000000,0,0,91785196,982,0,982,-31,0,4,61
3,360,21.600000,10000.000000,0,0,91785207,991,0,991,-32,0,4,61
3,360,21.600000,10000.000000,0,0,91785218,998,0,998,-33,0,4,61
3,360,21.600000,10000.000000,0,0,91785228,1004,0,1004,-34,0,4,61
3,360,21.600000,10000.000000,0,0,91785239,1009,0,1009,-36,0,4,61
3,360,21.600000,10000.000000,0,0,91785250,1014,0,1014,-37,0,4,61
3,360,21.600000,10000.000000,0,0,91785261,1018,0,1018,-38,0,4,61
3,360,21.600000,10000.000000,0,0,91785272,1023,0,1023,-38,0,4,61
3,360,21.600000,10000.000000,0,0,91785283,1028,0,1028,-39,0,4,61
3,360,21.600000,10000.000000,0,0,91785295,1034,0,1034,-40,0,4,61
3,360,21.600000,10000.000000,0,0,91785305,1042,0,1042,-41,0,4,61
3,360,21.600000,10000.000000,0,0,91785316,1048,0,1048,-41,0,4,61
3,360,21.600000,10000.000000,0,0,91785326,1054,0,1054,-43,0,4,61
3,360,21.600000,10000.000000,0,0,91785337,1058,0,1058,-43,0,4,61
3,360,21.600000,10000.000000,0,0,91785349,1063,0,1063,-43,0,4,61
3,360,21.600000,10000.000000,0,0,91785359,1067,0,1067,-44,0,4,61
3,360,21.600000,10000.000000,0,0,91785370,1070,0,1070,-45,0,4,61
3,360,21.600000,10000.000000,0,0,91785380,1072,0,1072,-46,0,4,61
3,360,21.600000,10000.000000,0,0,91785391,1075,0,1075,-46,0,4,61
3,360,21.600000,10000.000000,0,0,91785402,1079,0,1079,-47,0,4,61
3,360,21.600000,10000.000000,0,0,91785413,1082,0,1082,-48,0,4,61
3,360,21.600000,10000.000000,0,0,91785424,1084,0,1084,-48,0,4,61
3,360,21.600000,10000.000000,0,0,91785435,1087,0,1087,-50,0,4,61
3,360,21.600000,10000.000000,0,0,91785446,1090,0,1090,-50,0,4,61
3,360,21.600000,10000.000000,0,0,91785456,1092,0,1092,-51,0,4,61
3,360,21.600000,10000.000000,0,0,91785467,1094,0,1094,-51,0,4,61
3,360,21.600000,10000.000000,0,0,91785477,1095,0,1095,-52,0,4,61
3,360,21.600000,10000.000000,0,0,91785489,1097,0,1097,-52,0,4,61
3,360,21.600000,10000.000000,0,0,91785499,1099,0,1099,-53,0,4,61
3,360,21.600000,10000.000000,0,0,91785509,1100,0,1100,-54,0,4,61
3,360,21.600000,10000.000000,0,0,91785521,1102,0,1102,-54,0,4,61
3,360,21.600000,10000.000000,0,0,91785531,1104,0,1104,-55,0,4,61
3,360,21.600000,10000.000000,0,0,91785541,1105,0,1105,-55,0,4,61
3,360,21.600000,10000.000000,0,0,91785551,1106,0,1106,-56,0,4,61
3,360,21.600000,10000.000000,0,0,91785562,1107,0,1107,-56,0,4,61
3,360,21.600000,10000.000000,0,0,91785572,1109,0,1109,-56,0,4,61
3,360,21.600000,10000.000000,0,0,91785583,1111,0,1111,-56,0,4,61
3,360,21.600000,10000.000000,0,0,91785594,1112,0,1112,-57,0,4,61
3,360,21.600000,10000.000000,0,0,91785605,1113,0,1113,-58,0,4,61
3,360,21.600000,10000.000000,0,0,91785615,1114,0,1114,-58,0,4,61
3,360,21.600000,10000.000000,0,0,91785625,1115,0,1115,-58,0,4,61
3,360,21.600000,10000.000000,0,0,91785635,1116,0,1116,-58,0,4,61
3,360,21.600000,10000.000000,0,0,91785645,1117,0,1117,-58,0,4,61
3,360,21.600000,10000.000000,0,0,91785654,1118,0,1118,-59,0,4,61
3,360,21.600000,10000.000000,0,0,91785664,1119,0,1119,-59,0,4,61
3,360,21.600000,10000.000000,0,0,91785674,1120,0,1120,-59,0,4,61
3,360,21.600000,10000.000000,0,0,91785684,1120,0,1120,-59,0,4,61
3,360,21.600000,10000.000000,0,0,91785694,1121,0,1121,-59,0,4,61
3,360,21.600000,10000.000000,0,0,91785704,1121,0,1121,-59,0,4,61
3,360,21.600000,10000.000000,0,0,91785715,1122,0,1122,-59,0,4,61
3,360,21.600000,10000.000000,0,0,91785725,1122,0,1122,-59,0,4,61
3,360,21.600000,10000.000000,0,0,91785736,1123,0,1123,-59,0,4,61
3,360,21.600000,10000.000000,0,0,91785746,1124,0,1124,-59,0,4,61
3,360,21.600000,10000.000000,0,0,91785756,1125,0,1125,-60,0,4,61
3,360,21.600000,10000.000000,0,0,91785766,1125,0,1125,-60,0,4,61
3,360,21.600000,10000.000000,0,0,91785775,1125,0,1125,-60,0,4,61
3,360,21.600000,10000.000000,0,0,91785786,1125,0,1125,-60,0,4,61
3,360,21.600000,10000.000000,0,0,91785797,1125,0,1125,-60,0,4,61
3,360,21.600000,10000.000000,0,0,91785807,1125,0,1125,-60,0,4,61
3,360,21.600000,10000.000000,0,0,91785817,1125,0,1125,-60,0,4,61
3,360,21.600000,10000.000000,0,0,91785827,1125,0,1125,-60,0,4,61
3,360,21.600000,10000.000000,0,0,91785838,1125,0,1125,-60,0,4,61
3,360,21.600000,10000.000000,0,0,91785848,1125,0,1125,-60,0,4,61
3,360,21.600000,10000.000000,0,0,91785857,1125,0,1125,-60,0,4,61
3,360,21.600000,10000.000000,0,0,91785869,1125,0,1125,-60,0,4,61
3,360,21.600000,10000.000000,0,0,91785879,1125,0,1125,-60,0,4,61
3,360,21.600000,10000.000000,0,0,91785889,1125,0,1125,-60,0,4,61
3,360,21.600000,10000.000000,0,0,91785899,1125,0,1125,-60,0,4,61
3,360,21.600000,10000.000000,0,0,91785909,1125,0,1125,-60,0,4,61
3,360,21.600000,10000.000000,0,0,91785919,1125,0,1125,-60,1,4,61
