3,360,50.400000,42.984000,1,1,91727538,780,22,780,22,0,4,31
3,360,50.400000,42.984000,1,1,91727539,780,22,780,22,0,4,31
3,360,50.400000,42.984000,1,1,91727549,780,22,780,22,0,4,31
3,360,50.400000,42.984000,1,1,91727559,780,22,780,22,0,4,31
3,360,50.400000,42.984000,1,1,91727569,780,22,780,22,0,4,31
3,360,50.400000,42.984000,1,1,91727579,780,22,780,22,0,4,31
3,360,50.400000,42.984000,1,1,91727590,780,22,780,22,0,4,31
3,360,50.400000,42.984000,1,1,91727601,780,22,780,22,0,4,31
3,360,50.400000,42.984000,1,1,91727611,780,22,780,22,0,4,31
3,360,50.400000,42.984000,1,1,91727627,780,22,780,22,0,4,31
3,360,50.400000,42.984000,1,1,91727642,781,21,781,21,0,4,31
3,360,50.400000,42.984000,1,1,91727657,785,18,785,18,0,4,31
3,360,50.400000,42.984000,1,1,91727673,792,13,792,13,0,4,31
3,360,50.400000,42.984000,1,1,91727684,801,7,801,7,0,4,31
3,360,50.400000,42.984000,1,1,91727694,809,3,809,3,0,4,31
3,360,50.400000,42.984000,1,1,91727705,820,0,820,-2,0,4,31
3,360,50.400000,42.984000,1,1,91727715,833,0,833,-7,0,4,31
3,360,50.400000,42.984000,1,1,91727726,847,0,847,-12,0,4,31
3,360,50.400000,42.984000,1,1,91727738,861,0,861,-17,0,4,31
3,360,50.400000,42.984000,1,1,91727749,874,0,874,-22,0,4,31
3,360,50.400000,42.984000,1,1,91727759,885,0,885,-26,0,4,31
3,360,50.400000,42.984000,1,1,91727770,897,0,897,-29,0,4,31
3,360,50.400000,42.984000,1,1,91727782,909,0,909,-32,0,4,31
3,360,50.400000,42.984000,1,1,91727793,922,0,922,-35,0,4,31
3,360,50.400000,42.984000,1,1,91727804,937,0,937,-39,0,4,31
3,360,50.400000,42.984000,1,1,91727815,949,0,949,-41,0,4,31
3,360,50.400000,42.984000,1,1,91727826,962,0,962,-44,0,4,31
3,360,50.400000,42.984000,1,1,91727838,974,0,974,-47,0,4,31
3,360,50.400000,42.984000,1,1,91727849,982,0,982,-48,0,4,31
3,360,50.400000,42.984000,1,1,91727865,999,0,999,-52,0,4,31
3,360,50.400000,42.984000,1,1,91727876,1010,0,1010,-55,0,4,31
3,360,50.400000,42.984000,1,1,91727892,1018,0,1018,-57,0,4,31
3,360,50.400000,42.984000,1,1,91727908,1030,0,1030,-58,0,4,31
3,360,50.400000,42.984000,1,1,91727918,1045,0,1045,-60,0,4,31
3,360,50.400000,42.984000,1,1,91727929,1054,0,1054,-62,0,4,31
3,360,50.400000,42.984000,1,1,91727940,1061,0,1061,-64,0,4,31
3,360,50.400000,42.984000,1,1,91727951,1067,0,1067,-66,0,4,31
3,360,50.400000,42.984000,1,1,91727962,1073,0,1073,-67,0,4,31
3,360,50.400000,42.984000,1,1,91727975,1079,0,1079,-69,0,4,31
3,360,50.400000,42.984000,1,1,91727986,1084,0,1084,-70,0,4,31
3,360,50.400000,42.984000,1,1,91727997,1089,0,1089,-71,0,4,31
3,360,50.400000,42.984000,1,1,91728008,1093,0,1093,-71,0,4,31
3,360,50.400000,42.984000,1,1,91728020,1097,0,1097,-72,0,4,31
3,360,50.400000,42.984000,1,1,91728033,1100,0,1100,-73,0,4,31
3,360,50.400000,42.984000,1,1,91728044,1104,0,1104,-74,0,4,31
3,360,50.400000,42.984000,1,1,91728055,1108,0,1108,-75,0,4,31
3,360,50.400000,42.984000,1,1,91728067,1111,0,1111,-75,0,4,31
3,360,50.400000,42.984000,1,1,91728077,1114,0,1114,-76,0,4,31
3,360,50.400000,42.984000,1,1,91728089,1116,0,1116,-76,0,4,31
3,360,50.400000,42.984000,1,1,91728105,1119,0,1119,-77,0,4,31
3,360,50.400000,42.984000,1,1,91728117,1125,0,1125,-78,0,4,31
3,360,50.400000,42.984000,1,1,91728129,1127,0,1127,-78,0,4,31
3,360,50.400000,42.984000,1,1,91728144,1128,0,1128,-78,0,4,31
3,360,50.400000,42.984000,1,1,91728155,1129,0,1129,-78,0,4,31
3,360,50.400000,42.984000,1,1,91728166,1129,0,1129,-78,0,4,31
3,360,50.400000,42.984000,1,1,91728177,1129,0,1129,-78,0,4,31
3,360,50.400000,42.984000,1,1,91728187,1129,0,1129,-78,0,4,31
3,360,50.400000,42.984000,1,1,91728198,1129,0,1129,-78,0,4,31
3,360,50.400000,42.984000,1,1,91728209,1129,0,1129,-79,0,4,31
3,360,50.400000,42.984000,1,1,91728219,1129,0,1129,-79,0,4,31
3,360,50.400000,42.984000,1,1,91728230,1129,0,1129,-79,0,4,31
3,360,50.400000,42.984000,1,1,91728239,1129,0,1129,-79,0,4,31
