3,360,50.400000,42.984000,0,1,91787285,780,22,780,22,1,4,62
3,360,50.400000,42.984000,0,1,91787286,780,22,780,22,1,4,62
3,360,50.400000,42.984000,0,1,91787296,780,22,780,22,1,4,62
3,360,50.400000,42.984000,0,1,91787306,780,22,780,22,1,4,62
3,360,50.400000,42.984000,0,1,91787317,780,22,780,22,1,4,62
3,360,50.400000,42.984000,0,1,91787327,780,22,780,22,1,4,62
3,360,50.400000,42.984000,0,1,91787337,780,22,780,22,1,4,62
3,360,50.400000,42.984000,0,1,91787347,780,22,780,22,1,4,62
3,360,50.400000,42.984000,0,1,91787358,780,22,780,22,1,4,62
3,360,50.400000,42.984000,0,1,91787368,780,22,780,22,1,4,62
3,360,50.400000,42.984000,0,1,91787378,780,22,780,22,1,4,62
3,360,50.400000,42.984000,0,1,91787387,780,22,780,22,1,4,62
3,360,50.400000,42.984000,0,1,91787399,780,22,780,22,1,4,62
3,360,50.400000,42.984000,0,1,91787409,780,22,780,22,1,4,62
3,360,50.400000,42.984000,0,1,91787419,780,22,780,22,1,4,62
3,360,50.400000,42.984000,0,1,91787430,780,22,780,22,1,4,62
3,360,50.400000,42.984000,0,1,91787440,780,22,780,22,1,4,62
3,360,50.400000,42.984000,0,1,91787451,780,22,780,22,1,4,62
3,360,50.400000,42.984000,0,1,91787463,781,21,781,21,1,4,62
3,360,50.400000,42.984000,0,1,91787475,785,19,785,19,1,4,62
3,360,50.400000,42.984000,0,1,91787485,792,16,792,16,1,4,62
3,360,50.400000,42.984000,0,1,91787496,798,14,798,14,1,4,62
3,360,50.400000,42.984000,0,1,91787507,807,11,807,11,1,4,62
3,360,50.400000,42.984000,0,1,91787518,816,8,816,8,1,4,62
3,360,50.400000,42.984000,0,1,91787530,826,4,826,4,1,4,62
3,360,50.400000,42.984000,0,1,91787544,841,0,841,-1,1,4,62
3,360,50.400000,42.984000,0,1,91787555,859,0,859,-7,1,4,62
3,360,50.400000,42.984000,0,1,91787566,874,0,874,-12,1,4,62
3,360,50.400000,42.984000,0,1,91787576,889,0,889,-17,1,4,62
3,360,50.400000,42.984000,0,1,91787587,910,0,910,-22,1,4,62
3,360,50.400000,42.984000,0,1,91787598,929,0,929,-28,1,4,62
3,360,50.400000,42.984000,0,1,91787610,958,0,958,-36,1,4,62
3,360,50.400000,42.984000,0,1,91787624,984,0,984,-42,1,4,62
3,360,50.400000,42.984000,0,1,91787640,1014,0,1014,-49,1,4,62
3,360,50.400000,42.984000,0,1,91787650,1042,0,1042,-57,1,4,62
3,360,50.400000,42.984000,0,1,91787661,1061,0,1061,-62,1,4,62
3,360,50.400000,42.984000,0,1,91787672,1076,0,1076,-66,1,4,62
3,360,50.400000,42.984000,0,1,91787683,1089,0,1089,-69,1,4,62
3,360,50.400000,42.984000,0,1,91787694,1101,0,1101,-72,1,4,62
3,360,50.400000,42.984000,0,1,91787706,1108,0,1108,-73,1,4,62
3,360,50.400000,42.984000,0,1,91787716,1114,0,1114,-74,1,4,62
3,360,50.400000,42.984000,0,1,91787727,1119,0,1119,-75,1,4,62
3,360,50.400000,42.984000,0,1,91787737,1122,0,1122,-76,1,4,62
3,360,50.400000,42.984000,0,1,91787747,1124,0,1124,-76,1,4,62
3,360,50.400000,42.984000,0,1,91787758,1125,0,1125,-77,1,4,62
3,360,50.400000,42.984000,0,1,91787768,1125,0,1125,-77,1,4,62
3,360,50.400000,42.984000,0,1,91787778,1125,0,1125,-77,1,4,62
3,360,50.400000,42.984000,0,1,91787789,1125,0,1125,-77,1,4,62
3,360,50.400000,42.984000,0,1,91787800,1125,0,1125,-77,1,4,62
3,360,50.400000,42.984000,0,1,91787810,1125,0,1125,-77,1,4,62
3,360,50.400000,42.984000,0,1,91787820,1125,0,1125,-77,1,4,62
3,360,50.400000,42.984000,0,1,91787831,1125,0,1125,-77,1,4,62
3,360,50.400000,42.984000,0,1,91787841,1125,0,1125,-77,1,4,62
3,360,50.400000,42.984000,0,1,91787852,1125,0,1125,-77,1,4,62
3,360,50.400000,42.984000,0,1,91787862,1125,0,1125,-77,1,4,62
3,360,50.400000,42.984000,0,1,91787872,1125,0,1125,-77,1,4,62
3,360,50.400000,42.984000,0,1,91787882,1125,0,1125,-77,1,4,62
3,360,50.400000,42.984000,0,1,91787891,1125,0,1125,-77,1,4,62
3,360,50.400000,42.984000,0,1,91787901,1125,0,1125,-77,1,4,62
3,360,50.400000,42.984000,0,1,91787911,1125,0,1125,-77,1,4,62
3,360,50.400000,42.984000,0,1,91787925,1126,0,1126,-77,1,4,62
3,360,50.400000,42.984000,0,1,91787939,1128,0,1128,-77,1,4,62
3,360,50.400000,42.984000,0,1,91787949,1130,0,1130,-78,1,4,62
3,360,50.400000,42.984000,0,1,91787960,1131,0,1131,-78,1,4,62
3,360,50.400000,42.984000,0,1,91787970,1132,0,1132,-79,1,4,62
3,360,50.400000,42.984000,0,1,91787980,1132,0,1132,-79,1,4,62
3,360,50.400000,42.984000,0,1,91787990,1132,0,1132,-79,1,4,62
3,360,50.400000,42.984000,0,1,91788001,1132,0,1132,-79,1,4,62
3,360,50.400000,42.984000,0,1,91788010,1132,0,1132,-79,0,4,62
