3,360,21.600000,0.000000,1,1,91685509,780,22,780,22,0,4,10
3,360,21.600000,0.000000,1,1,91685510,780,22,780,22,0,4,10
3,360,21.600000,0.000000,1,1,91685521,780,22,780,22,0,4,10
3,360,21.600000,0.000000,1,1,91685531,780,22,780,22,0,4,10
3,360,21.600000,0.000000,1,1,91685547,780,21,780,21,0,4,10
3,360,21.600000,0.000000,1,1,91685557,780,21,780,21,0,4,10
3,360,21.600000,0.000000,1,1,91685568,780,21,780,21,0,4,10
3,360,21.600000,0.000000,1,1,91685578,780,21,780,21,0,4,10
3,360,21.600000,0.000000,1,1,91685589,780,20,780,20,0,4,10
3,360,21.600000,0.000000,1,1,91685601,782,18,782,18,0,4,10
3,360,21.600000,0.000000,1,1,91685611,784,16,784,16,0,4,10
3,360,21.600000,0.000000,1,1,91685623,787,13,787,13,0,4,10
3,360,21.600000,0.000000,1,1,91685634,793,10,793,10,0,4,10
3,360,21.600000,0.000000,1,1,91685645,802,7,802,7,0,4,10
3,360,21.600000,0.000000,1,1,91685656,814,4,814,4,0,4,10
3,360,21.600000,0.000000,1,1,91685667,829,0,829,0,0,4,10
3,360,21.600000,0.000000,1,1,91685677,846,0,846,-6,0,4,10
3,360,21.600000,0.000000,1,1,91685693,860,0,860,-12,0,4,10
3,360,21.600000,0.000000,1,1,91685704,886,0,886,-21,0,4,10
3,360,21.600000,0.000000,1,1,91685714,901,0,901,-26,0,4,10
3,360,21.600000,0.000000,1,1,91685725,916,0,916,-31,0,4,10
3,360,21.600000,0.000000,1,1,91685736,935,0,935,-36,0,4,10
3,360,21.600000,0.000000,1,1,91685747,952,0,952,-39,0,4,10
3,360,21.600000,0.000000,1,1,91685758,970,0,970,-42,0,4,10
3,360,21.600000,0.000000,1,1,91685773,990,0,990,-46,0,4,10
3,360,21.600000,0.000000,1,1,91685788,1014,0,1014,-51,0,4,10
3,360,21.600000,0.000000,1,1,91685798,1034,0,1034,-55,0,4,10
3,360,21.600000,0.000000,1,1,91685809,1047,0,1047,-58,0,4,10
3,360,21.600000,0.000000,1,1,91685820,1058,0,1058,-61,0,4,10
3,360,21.600000,0.000000,1,1,91685830,1069,0,1069,-63,0,4,10
3,360,21.600000,0.000000,1,1,91685842,1076,0,1076,-65,0,4,10
3,360,21.600000,0.000000,1,1,91685852,1084,0,1084,-67,0,4,10
3,360,21.600000,0.000000,1,1,91685863,1090,0,1090,-68,0,4,10
3,360,21.600000,0.000000,1,1,91685874,1095,0,1095,-69,0,4,10
3,360,21.600000,0.000000,1,1,91685885,1097,0,1097,-70,0,4,10
3,360,21.600000,0.000000,1,1,91685896,1098,0,1098,-70,0,4,10
3,360,21.600000,0.000000,1,1,91685907,1099,0,1099,-70,0,4,10
3,360,21.600000,0.000000,1,1,91685917,1099,0,1099,-70,0,4,10
3,360,21.600000,0.000000,1,1,91685932,1099,0,1099,-70,0,4,10
3,360,21.600000,0.000000,1,1,91685941,1099,0,1099,-70,0,4,10
3,360,21.600000,0.000000,1,1,91685954,1099,0,1099,-70,0,4,10
3,360,21.600000,0.000000,1,1,91685965,1099,0,1099,-70,0,4,10
3,360,21.600000,0.000000,1,1,91685976,1099,0,1099,-70,0,4,10
3,360,21.600000,0.000000,1,1,91685988,1102,0,1102,-70,0,4,10
3,360,21.600000,0.000000,1,1,91686004,1104,0,1104,-70,0,4,10
3,360,21.600000,0.000000,1,1,91686014,1107,0,1107,-71,0,4,10
3,360,21.600000,0.000000,1,1,91686024,1109,0,1109,-71,0,4,10
3,360,21.600000,0.000000,1,1,91686034,1111,0,1111,-72,0,4,10
3,360,21.600000,0.000000,1,1,91686045,1114,0,1114,-72,0,4,10
3,360,21.600000,0.000000,1,1,91686055,1117,0,1117,-73,0,4,10
3,360,21.600000,0.000000,1,1,91686066,1121,0,1121,-74,0,4,10
3,360,21.600000,0.000000,1,1,91686077,1124,0,1124,-74,0,4,10
3,360,21.600000,0.000000,1,1,91686088,1127,0,1127,-75,0,4,10
3,360,21.600000,0.000000,1,1,91686098,1129,0,1129,-75,0,4,10
3,360,21.600000,0.000000,1,1,91686108,1130,0,1130,-75,0,4,10
3,360,21.600000,0.000000,1,1,91686118,1132,0,1132,-75,0,4,10
3,360,21.600000,0.000000,1,1,91686129,1133,0,1133,-76,0,4,10
3,360,21.600000,0.000000,1,1,91686139,1133,0,1133,-76,0,4,10
3,360,21.600000,0.000000,1,1,91686148,1134,0,1134,-76,0,4,10
3,360,21.600000,0.000000,1,1,91686158,1135,0,1135,-76,0,4,10
3,360,21.600000,0.000000,1,1,91686168,1135,0,1135,-76,0,4,10
3,360,21.600000,0.000000,1,1,91686178,1135,0,1135,-76,0,4,10
3,360,21.600000,0.000000,1,1,91686188,1135,0,1135,-76,0,4,10
3,360,21.600000,0.000000,1,1,91686198,1135,0,1135,-76,0,4,10
3,360,21.600000,0.000000,1,1,91686208,1135,0,1135,-76,0,4,10
3,360,21.600000,0.000000,1,1,91686219,1135,0,1135,-76,0,4,10
3,360,21.600000,0.000000,1,1,91686229,1135,0,1135,-76,0,4,10
3,360,21.600000,0.000000,1,1,91686239,1135,0,1135,-76,0,4,10
3,360,21.600000,0.000000,1,1,91686249,1135,0,1135,-76,0,4,10
3,360,21.600000,0.000000,1,1,91686264,1135,0,1135,-76,0,4,10
3,360,21.600000,0.000000,1,1,91686274,1135,0,1135,-76,0,4,10
3,360,21.600000,0.000000,1,1,91686284,1135,0,1135,-76,0,4,10
3,360,21.600000,0.000000,1,1,91686295,1135,0,1135,-76,0,4,10
3,360,21.600000,0.000000,1,1,91686304,1135,0,1135,-76,0,4,10
3,360,21.600000,0.000000,1,1,91686314,1135,0,1135,-76,0,4,10
3,360,21.600000,0.000000,1,1,91686325,1135,0,1135,-76,0,4,10
3,360,21.600000,0.000000,1,1,91686334,1135,0,1135,-76,0,4,10
