3,720,21.600000,42.984000,1,0,92652360,600,0,600,0,0,5,114
3,720,21.600000,42.984000,1,0,92652360,600,0,600,0,0,5,114
3,720,21.600000,42.984000,1,0,92652371,600,0,600,0,0,5,114
3,720,21.600000,42.984000,1,0,92652381,600,0,600,0,0,5,114
3,720,21.600000,42.984000,1,0,92652391,600,0,600,0,0,5,114
3,720,21.600000,42.984000,1,0,92652402,600,0,600,0,0,5,114
3,720,21.600000,42.984000,1,0,92652412,600,0,600,0,0,5,114
3,720,21.600000,42.984000,1,0,92652422,600,0,600,0,0,5,114
3,720,21.600000,42.984000,1,0,92652432,600,0,600,0,0,5,114
3,720,21.600000,42.984000,1,0,92652443,600,0,600,0,0,5,114
3,720,21.600000,42.984000,1,0,92652453,600,0,600,0,0,5,114
3,720,21.600000,42.984000,1,0,92652465,600,0,600,0,0,5,114
3,720,21.600000,42.984000,1,0,92652481,600,0,600,0,0,5,114
3,720,21.600000,42.984000,1,0,92652492,603,0,603,-1,0,5,114
3,720,21.600000,42.984000,1,0,92652503,609,0,609,-2,0,5,114
3,720,21.600000,42.984000,1,0,92652514,618,0,618,-4,0,5,114
3,720,21.600000,42.984000,1,0,92652524,632,0,632,-6,0,5,114
3,720,21.600000,42.984000,1,0,92652535,648,0,648,-8,0,5,114
3,720,21.600000,42.984000,1,0,92652546,669,0,669,-10,0,5,114
3,720,21.600000,42.984000,1,0,92652557,691,0,691,-11,0,5,114
3,720,21.600000,42.984000,1,0,92652568,722,0,722,-13,0,5,114
3,720,21.600000,42.984000,1,0,92652580,755,0,755,-14,0,5,114
3,720,21.600000,42.984000,1,0,92652591,790,0,790,-15,0,5,114
3,720,21.600000,42.984000,1,0,92652602,818,0,818,-17,0,5,114
3,720,21.600000,42.984000,1,0,92652613,854,0,854,-18,0,5,114
3,720,21.600000,42.984000,1,0,92652624,892,0,892,-20,0,5,114
3,720,21.600000,42.984000,1,0,92652638,929,0,929,-21,0,5,114
3,720,21.600000,42.984000,1,0,92652654,983,0,983,-22,0,5,114
3,720,21.600000,42.984000,1,0,92652670,1027,0,1027,-24,0,5,114
3,720,21.600000,42.984000,1,0,92652681,1064,0,1064,-25,0,5,114
3,720,21.600000,42.984000,1,0,92652692,1082,0,1082,-26,0,5,114
3,720,21.600000,42.984000,1,0,92652704,1098,0,1098,-26,0,5,114
3,720,21.600000,42.984000,1,0,92652721,1113,0,1113,-26,0,5,114
3,720,21.600000,42.984000,1,0,92652732,1132,0,1132,-26,0,5,114
3,720,21.600000,42.984000,1,0,92652744,1142,0,1142,-26,0,5,114
3,720,21.600000,42.984000,1,0,92652755,1151,1,1151,-25,0,5,114
3,720,21.600000,42.984000,1,0,92652766,1160,1,1160,-25,0,5,114
3,720,21.600000,42.984000,1,0,92652776,1170,1,1170,-25,0,5,114
3,720,21.600000,42.984000,1,0,92652787,1178,1,1178,-25,0,5,114
3,720,21.600000,42.984000,1,0,92652798,1185,1,1185,-25,0,5,114
3,720,21.600000,42.984000,1,0,92652813,1190,1,1190,-25,0,5,114
3,720,21.600000,42.984000,1,0,92652823,1195,1,1195,-25,0,5,114
3,720,21.600000,42.984000,1,0,92652834,1197,1,1197,-25,0,5,114
3,720,21.600000,42.984000,1,0,92652844,1198,1,1198,-25,0,5,114
3,720,21.600000,42.984000,1,0,92652854,1200,1,1200,-25,0,5,114
3,720,21.600000,42.984000,1,0,92652865,1201,1,1201,-25,0,5,114
3,720,21.600000,42.984000,1,0,92652876,1204,1,1204,-25,0,5,114
3,720,21.600000,42.984000,1,0,92652888,1208,1,1208,-25,0,5,114
3,720,21.600000,42.984000,1,0,92652899,1214,1,1214,-25,0,5,114
3,720,21.600000,42.984000,1,0,92652909,1218,1,1218,-25,0,5,114
3,720,21.600000,42.984000,1,0,92652919,1223,1,1223,-25,0,5,114
3,720,21.600000,42.984000,1,0,92652930,1227,1,1227,-25,0,5,114
3,720,21.600000,42.984000,1,0,92652940,1231,1,1231,-25,0,5,114
3,720,21.600000,42.984000,1,0,92652951,1236,1,1236,-25,0,5,114
3,720,21.600000,42.984000,1,0,92652961,1241,1,1241,-25,0,5,114
3,720,21.600000,42.984000,1,0,92652973,1246,1,1246,-25,0,5,114
3,720,21.600000,42.984000,1,0,92652984,1251,1,1251,-25,0,5,114
3,720,21.600000,42.984000,1,0,92652996,1256,1,1256,-25,0,5,114
3,720,21.600000,42.984000,1,0,92653008,1261,1,1261,-25,0,5,114
3,720,21.600000,42.984000,1,0,92653023,1269,0,1269,-26,0,5,114
3,720,21.600000,42.984000,1,0,92653033,1278,0,1278,-26,0,5,114
3,720,21.600000,42.984000,1,0,92653043,1282,0,1282,-26,0,5,114
3,720,21.600000,42.984000,1,0,92653055,1284,0,1284,-26,0,5,114
3,720,21.600000,42.984000,1,0,92653065,1286,0,1286,-26,0,5,114
3,720,21.600000,42.984000,1,0,92653075,1288,0,1288,-26,0,5,114
3,720,21.600000,42.984000,1,0,92653086,1289,0,1289,-26,0,5,114
3,720,21.600000,42.984000,1,0,92653096,1290,0,1290,-27,0,5,114
3,720,21.600000,42.984000,1,0,92653107,1291,0,1291,-27,0,5,114
3,720,21.600000,42.984000,1,0,92653117,1292,0,1292,-27,0,5,114
3,720,21.600000,42.984000,1,0,92653128,1292,0,1292,-27,0,5,114
3,720,21.600000,42.984000,1,0,92653138,1292,0,1292,-27,0,5,114
3,720,21.600000,42.984000,1,0,92653149,1293,0,1293,-27,0,5,114
3,720,21.600000,42.984000,1,0,92653159,1295,0,1295,-27,0,5,114
3,720,21.600000,42.984000,1,0,92653170,1298,0,1298,-27,0,5,114
3,720,21.600000,42.984000,1,0,92653180,1300,0,1300,-27,0,5,114
3,720,21.600000,42.984000,1,0,92653190,1302,0,1302,-27,0,5,114
3,720,21.600000,42.984000,1,0,92653201,1304,0,1304,-27,0,5,114
3,720,21.600000,42.984000,1,0,92653211,1304,0,1304,-27,0,5,114
3,720,21.600000,42.984000,1,0,92653221,1304,0,1304,-28,0,5,114
3,720,21.600000,42.984000,1,0,92653231,1304,0,1304,-28,0,5,114
3,720,21.600000,42.984000,1,0,92653241,1304,0,1304,-28,0,5,114
3,720,21.600000,42.984000,1,0,92653252,1305,0,1305,-28,0,5,114
3,720,21.600000,42.984000,1,0,92653263,1305,0,1305,-28,0,5,114
3,720,21.600000,42.984000,1,0,92653274,1305,0,1305,-28,0,5,114
3,720,21.600000,42.984000,1,0,92653287,1306,0,1306,-28,0,5,114
3,720,21.600000,42.984000,1,0,92653304,1307,0,1307,-28,0,5,114
3,720,21.600000,42.984000,1,0,92653320,1309,0,1309,-28,0,5,114
3,720,21.600000,42.984000,1,0,92653335,1316,0,1316,-28,0,5,114
3,720,21.600000,42.984000,1,0,92653345,1323,0,1323,-28,0,5,114
3,720,21.600000,42.984000,1,0,92653356,1326,0,1326,-28,0,5,114
3,720,21.600000,42.984000,1,0,92653366,1328,0,1328,-28,0,5,114
3,720,21.600000,42.984000,1,0,92653376,1328,0,1328,-28,0,5,114
3,720,21.600000,42.984000,1,0,92653386,1328,0,1328,-28,0,5,114
3,720,21.600000,42.984000,1,0,92653396,1328,0,1328,-28,0,5,114
3,720,21.600000,42.984000,1,0,92653407,1328,0,1328,-28,0,5,114
3,720,21.600000,42.984000,1,0,92653417,1328,0,1328,-28,0,5,114
3,720,21.600000,42.984000,1,0,92653427,1328,0,1328,-28,0,5,114
