3,360,50.400000,42.984000,0,1,92627180,780,22,780,22,0,5,100
3,360,50.400000,42.984000,0,1,92627181,780,22,780,22,0,5,100
3,360,50.400000,42.984000,0,1,92627193,780,22,780,22,0,5,100
3,360,50.400000,42.984000,0,1,92627203,780,22,780,22,0,5,100
3,360,50.400000,42.984000,0,1,92627219,780,22,780,22,0,5,100
3,360,50.400000,42.984000,0,1,92627234,780,22,780,22,0,5,100
3,360,50.400000,42.984000,0,1,92627245,780,22,780,22,0,5,100
3,360,50.400000,42.984000,0,1,92627255,780,22,780,22,0,5,100
3,360,50.400000,42.984000,0,1,92627265,781,22,781,22,0,5,100
3,360,50.400000,42.984000,0,1,92627275,786,22,786,22,0,5,100
3,360,50.400000,42.984000,0,1,92627286,793,21,793,21,0,5,100
3,360,50.400000,42.984000,0,1,92627297,804,18,804,18,0,5,100
3,360,50.400000,42.984000,0,1,92627308,819,16,819,16,0,5,100
3,360,50.400000,42.984000,0,1,92627318,834,13,834,13,0,5,100
3,360,50.400000,42.984000,0,1,92627330,850,10,850,10,0,5,100
3,360,50.400000,42.984000,0,1,92627345,869,7,869,7,0,5,100
3,360,50.400000,42.984000,0,1,92627361,896,3,896,3,0,5,100
3,360,50.400000,42.984000,0,1,92627371,920,0,920,0,0,5,100
3,360,50.400000,42.984000,0,1,92627382,932,0,932,-2,0,5,100
3,360,50.400000,42.984000,0,1,92627392,945,0,945,-4,0,5,100
3,360,50.400000,42.984000,0,1,92627404,958,0,958,-6,0,5,100
3,360,50.400000,42.984000,0,1,92627420,968,0,968,-8,0,5,100
3,360,50.400000,42.984000,0,1,92627431,982,0,982,-10,0,5,100
3,360,50.400000,42.984000,0,1,92627443,989,0,989,-11,0,5,100
3,360,50.400000,42.984000,0,1,92627453,995,0,995,-12,0,5,100
3,360,50.400000,42.984000,0,1,92627464,1001,0,1001,-12,0,5,100
3,360,50.400000,42.984000,0,1,92627475,1006,0,1006,-12,0,5,100
3,360,50.400000,42.984000,0,1,92627487,1012,0,1012,-12,0,5,100
3,360,50.400000,42.984000,0,1,92627502,1017,0,1017,-12,0,5,100
3,360,50.400000,42.984000,0,1,92627517,1025,0,1025,-13,0,5,100
3,360,50.400000,42.984000,0,1,92627533,1034,0,1034,-13,0,5,100
3,360,50.400000,42.984000,0,1,92627543,1042,0,1042,-13,0,5,100
3,360,50.400000,42.984000,0,1,92627553,1048,0,1048,-13,0,5,100
3,360,50.400000,42.984000,0,1,92627564,1053,0,1053,-13,0,5,100
3,360,50.400000,42.984000,0,1,92627574,1057,0,1057,-13,0,5,100
3,360,50.400000,42.984000,0,1,92627585,1062,1,1062,-12,0,5,100
3,360,50.400000,42.984000,0,1,92627595,1066,1,1066,-12,0,5,100
3,360,50.400000,42.984000,0,1,92627611,1071,1,1071,-12,0,5,100
3,360,50.400000,42.984000,0,1,92627621,1077,1,1077,-12,0,5,100
3,360,50.400000,42.984000,0,1,92627632,1080,1,1080,-12,0,5,100
3,360,50.400000,42.984000,0,1,92627642,1082,1,1082,-12,0,5,100
3,360,50.400000,42.984000,0,1,92627654,1084,2,1084,-11,0,5,100
3,360,50.400000,42.984000,0,1,92627669,1085,2,1085,-11,0,5,100
3,360,50.400000,42.984000,0,1,92627679,1086,2,1086,-11,0,5,100
3,360,50.400000,42.984000,0,1,92627689,1087,2,1087,-11,0,5,100
3,360,50.400000,42.984000,0,1,92627704,1089,3,1089,-10,0,5,100
3,360,50.400000,42.984000,0,1,92627715,1092,3,1092,-10,0,5,100
3,360,50.400000,42.984000,0,1,92627725,1095,3,1095,-10,0,5,100
3,360,50.400000,42.984000,0,1,92627735,1098,3,1098,-10,0,5,100
3,360,50.400000,42.984000,0,1,92627746,1101,4,1101,-9,0,5,100
3,360,50.400000,42.984000,0,1,92627756,1103,4,1103,-9,0,5,100
3,360,50.400000,42.984000,0,1,92627767,1106,4,1106,-9,0,5,100
3,360,50.400000,42.984000,0,1,92627777,1108,5,1108,-8,0,5,100
3,360,50.400000,42.984000,0,1,92627787,1110,5,1110,-8,0,5,100
3,360,50.400000,42.984000,0,1,92627797,1111,6,1111,-7,0,5,100
3,360,50.400000,42.984000,0,1,92627807,1113,7,1113,-6,0,5,100
3,360,50.400000,42.984000,0,1,92627817,1115,7,1115,-6,0,5,100
3,360,50.400000,42.984000,0,1,92627828,1117,7,1117,-6,0,5,100
3,360,50.400000,42.984000,0,1,92627839,1119,7,1119,-6,0,5,100
3,360,50.400000,42.984000,0,1,92627849,1121,7,1121,-6,0,5,100
3,360,50.400000,42.984000,0,1,92627860,1122,7,1122,-6,0,5,100
3,360,50.400000,42.984000,0,1,92627870,1123,7,1123,-6,0,5,100
3,360,50.400000,42.984000,0,1,92627880,1124,7,1124,-6,0,5,100
3,360,50.400000,42.984000,0,1,92627890,1124,7,1124,-6,0,5,100
3,360,50.400000,42.984000,0,1,92627900,1125,7,1125,-6,0,5,100
3,360,50.400000,42.984000,0,1,92627911,1126,7,1126,-6,0,5,100
3,360,50.400000,42.984000,0,1,92627921,1127,7,1127,-6,0,5,100
3,360,50.400000,42.984000,0,1,92627931,1127,7,1127,-6,0,5,100
3,360,50.400000,42.984000,0,1,92627940,1127,7,1127,-6,0,5,100
