3,720,82.800000,42.984000,0,0,92167113,600,0,600,0,0,5,76
3,720,82.800000,42.984000,0,0,92167114,600,0,600,0,0,5,76
3,720,82.800000,42.984000,0,0,92167124,600,0,600,0,0,5,76
3,720,82.800000,42.984000,0,0,92167134,600,0,600,0,0,5,76
3,720,82.800000,42.984000,0,0,92167145,600,0,600,0,0,5,76
3,720,82.800000,42.984000,0,0,92167155,600,0,600,0,0,5,76
3,720,82.800000,42.984000,0,0,92167166,600,0,600,0,0,5,76
3,720,82.800000,42.984000,0,0,92167176,600,0,600,0,0,5,76
3,720,82.800000,42.984000,0,0,92167187,600,0,600,0,0,5,76
3,720,82.800000,42.984000,0,0,92167197,600,0,600,0,0,5,76
3,720,82.800000,42.984000,0,0,92167208,600,0,600,0,0,5,76
3,720,82.800000,42.984000,0,0,92167220,600,0,600,0,0,5,76
3,720,82.800000,42.984000,0,0,92167231,602,0,602,-2,0,5,76
3,720,82.800000,42.984000,0,0,92167242,608,0,608,-3,0,5,76
3,720,82.800000,42.984000,0,0,92167252,616,0,616,-4,0,5,76
3,720,82.800000,42.984000,0,0,92167263,626,0,626,-6,0,5,76
3,720,82.800000,42.984000,0,0,92167274,639,0,639,-9,0,5,76
3,720,82.800000,42.984000,0,0,92167284,653,0,653,-12,0,5,76
3,720,82.800000,42.984000,0,0,92167295,670,0,670,-15,0,5,76
3,720,82.800000,42.984000,0,0,92167307,690,0,690,-19,0,5,76
3,720,82.800000,42.984000,0,0,92167318,716,0,716,-23,0,5,76
3,720,82.800000,42.984000,0,0,92167332,743,0,743,-25,0,5,76
3,720,82.800000,42.984000,0,0,92167348,779,0,779,-29,0,5,76
3,720,82.800000,42.984000,0,0,92167358,825,0,825,-33,0,5,76
3,720,82.800000,42.984000,0,0,92167369,852,0,852,-35,0,5,76
3,720,82.800000,42.984000,0,0,92167380,878,0,878,-37,0,5,76
3,720,82.800000,42.984000,0,0,92167392,903,0,903,-39,0,5,76
3,720,82.800000,42.984000,0,0,92167402,932,0,932,-39,0,5,76
3,720,82.800000,42.984000,0,0,92167413,955,0,955,-39,0,5,76
3,720,82.800000,42.984000,0,0,92167425,977,0,977,-40,0,5,76
3,720,82.800000,42.984000,0,0,92167435,997,0,997,-40,0,5,76
3,720,82.800000,42.984000,0,0,92167446,1011,0,1011,-41,0,5,76
3,720,82.800000,42.984000,0,0,92167456,1023,0,1023,-41,0,5,76
3,720,82.800000,42.984000,0,0,92167467,1034,0,1034,-41,0,5,76
3,720,82.800000,42.984000,0,0,92167478,1043,0,1043,-41,0,5,76
3,720,82.800000,42.984000,0,0,92167490,1051,0,1051,-42,0,5,76
3,720,82.800000,42.984000,0,0,92167500,1058,0,1058,-43,0,5,76
3,720,82.800000,42.984000,0,0,92167512,1065,0,1065,-43,0,5,76
3,720,82.800000,42.984000,0,0,92167522,1070,0,1070,-44,0,5,76
3,720,82.800000,42.984000,0,0,92167537,1075,0,1075,-44,0,5,76
3,720,82.800000,42.984000,0,0,92167548,1081,0,1081,-45,0,5,76
3,720,82.800000,42.984000,0,0,92167559,1086,0,1086,-46,0,5,76
3,720,82.800000,42.984000,0,0,92167570,1090,0,1090,-46,0,5,76
3,720,82.800000,42.984000,0,0,92167581,1095,0,1095,-46,0,5,76
3,720,82.800000,42.984000,0,0,92167591,1100,0,1100,-47,0,5,76
3,720,82.800000,42.984000,0,0,92167601,1104,0,1104,-47,0,5,76
3,720,82.800000,42.984000,0,0,92167612,1108,0,1108,-47,0,5,76
3,720,82.800000,42.984000,0,0,92167623,1113,0,1113,-48,0,5,76
3,720,82.800000,42.984000,0,0,92167633,1118,0,1118,-48,0,5,76
3,720,82.800000,42.984000,0,0,92167644,1123,0,1123,-49,0,5,76
3,720,82.800000,42.984000,0,0,92167654,1129,0,1129,-50,0,5,76
3,720,82.800000,42.984000,0,0,92167665,1135,0,1135,-50,0,5,76
3,720,82.800000,42.984000,0,0,92167675,1142,0,1142,-50,0,5,76
3,720,82.800000,42.984000,0,0,92167686,1150,0,1150,-50,0,5,76
3,720,82.800000,42.984000,0,0,92167697,1168,0,1168,-51,0,5,76
3,720,82.800000,42.984000,0,0,92167707,1178,0,1178,-51,0,5,76
3,720,82.800000,42.984000,0,0,92167718,1189,0,1189,-51,0,5,76
3,720,82.800000,42.984000,0,0,92167729,1197,0,1197,-51,0,5,76
3,720,82.800000,42.984000,0,0,92167745,1215,0,1215,-51,0,5,76
3,720,82.800000,42.984000,0,0,92167760,1226,0,1226,-51,0,5,76
3,720,82.800000,42.984000,0,0,92167771,1233,0,1233,-51,0,5,76
3,720,82.800000,42.984000,0,0,92167781,1237,0,1237,-51,0,5,76
3,720,82.800000,42.984000,0,0,92167792,1240,0,1240,-51,0,5,76
3,720,82.800000,42.984000,0,0,92167803,1244,0,1244,-51,0,5,76
3,720,82.800000,42.984000,0,0,92167813,1247,1,1247,-50,0,5,76
3,720,82.800000,42.984000,0,0,92167824,1251,1,1251,-50,0,5,76
3,720,82.800000,42.984000,0,0,92167834,1255,2,1255,-49,0,5,76
3,720,82.800000,42.984000,0,0,92167844,1258,2,1258,-49,0,5,76
3,720,82.800000,42.984000,0,0,92167855,1260,2,1260,-49,0,5,76
3,720,82.800000,42.984000,0,0,92167865,1262,2,1262,-49,0,5,76
3,720,82.800000,42.984000,0,0,92167875,1264,2,1264,-49,0,5,76
3,720,82.800000,42.984000,0,0,92167886,1268,2,1268,-49,0,5,76
3,720,82.800000,42.984000,0,0,92167897,1273,2,1273,-49,0,5,76
3,720,82.800000,42.984000,0,0,92167907,1281,2,1281,-49,0,5,76
3,720,82.800000,42.984000,0,0,92167917,1287,2,1287,-49,0,5,76
3,720,82.800000,42.984000,0,0,92167928,1293,2,1293,-49,0,5,76
3,720,82.800000,42.984000,0,0,92167938,1298,2,1298,-49,0,5,76
3,720,82.800000,42.984000,0,0,92167949,1301,2,1301,-49,0,5,76
3,720,82.800000,42.984000,0,0,92167959,1303,2,1303,-49,0,5,76
3,720,82.800000,42.984000,0,0,92167970,1304,2,1304,-49,0,5,76
3,720,82.800000,42.984000,0,0,92167980,1305,2,1305,-49,0,5,76
3,720,82.800000,42.984000,0,0,92167990,1306,2,1306,-49,0,5,76
3,720,82.800000,42.984000,0,0,92168000,1307,2,1307,-49,0,5,76
3,720,82.800000,42.984000,0,0,92168014,1309,2,1309,-49,0,5,76
3,720,82.800000,42.984000,0,0,92168025,1311,2,1311,-49,0,5,76
3,720,82.800000,42.984000,0,0,92168034,1312,2,1312,-49,0,5,76
3,720,82.800000,42.984000,0,0,92168044,1313,2,1313,-49,0,5,76
3,720,82.800000,42.984000,0,0,92168055,1313,2,1313,-49,0,5,76
3,720,82.800000,42.984000,0,0,92168065,1313,2,1313,-49,0,5,76
3,720,82.800000,42.984000,0,0,92168075,1314,2,1314,-49,0,5,76
3,720,82.800000,42.984000,0,0,92168084,1315,2,1315,-49,0,5,76
