3,720,50.400000,42.984000,1,1,92068956,600,22,600,22,0,5,23
3,720,50.400000,42.984000,1,1,92068957,600,22,600,22,0,5,23
3,720,50.400000,42.984000,1,1,92068967,600,22,600,22,0,5,23
3,720,50.400000,42.984000,1,1,92068977,600,22,600,22,0,5,23
3,720,50.400000,42.984000,1,1,92068987,600,22,600,22,0,5,23
3,720,50.400000,42.984000,1,1,92068996,600,22,600,22,0,5,23
3,720,50.400000,42.984000,1,1,92069006,600,22,600,22,0,5,23
3,720,50.400000,42.984000,1,1,92069016,600,22,600,22,0,5,23
3,720,50.400000,42.984000,1,1,92069026,600,22,600,22,0,5,23
3,720,50.400000,42.984000,1,1,92069036,600,22,600,22,0,5,23
3,720,50.400000,42.984000,1,1,92069045,600,22,600,22,0,5,23
3,720,50.400000,42.984000,1,1,92069055,600,22,600,22,0,5,23
3,720,50.400000,42.984000,1,1,92069066,600,22,600,22,0,5,23
3,720,50.400000,42.984000,1,1,92069075,600,22,600,22,0,5,23
3,720,50.400000,42.984000,1,1,92069085,601,22,601,22,0,5,23
3,720,50.400000,42.984000,1,1,92069097,604,20,604,20,0,5,23
3,720,50.400000,42.984000,1,1,92069106,610,17,610,17,0,5,23
3,720,50.400000,42.984000,1,1,92069119,616,13,616,13,0,5,23
3,720,50.400000,42.984000,1,1,92069130,626,9,626,9,0,5,23
3,720,50.400000,42.984000,1,1,92069141,638,5,638,5,0,5,23
3,720,50.400000,42.984000,1,1,92069151,668,0,668,-5,0,5,23
3,720,50.400000,42.984000,1,1,92069162,685,0,685,-9,0,5,23
3,720,50.400000,42.984000,1,1,92069174,704,0,704,-14,0,5,23
3,720,50.400000,42.984000,1,1,92069185,725,0,725,-21,0,5,23
3,720,50.400000,42.984000,1,1,92069196,744,0,744,-27,0,5,23
3,720,50.400000,42.984000,1,1,92069206,761,0,761,-32,0,5,23
3,720,50.400000,42.984000,1,1,92069217,781,0,781,-38,0,5,23
3,720,50.400000,42.984000,1,1,92069228,807,0,807,-44,0,5,23
3,720,50.400000,42.984000,1,1,92069239,835,0,835,-49,0,5,23
3,720,50.400000,42.984000,1,1,92069254,867,0,867,-55,0,5,23
3,720,50.400000,42.984000,1,1,92069265,914,0,914,-63,0,5,23
3,720,50.400000,42.984000,1,1,92069275,941,0,941,-68,0,5,23
3,720,50.400000,42.984000,1,1,92069286,967,0,967,-72,0,5,23
3,720,50.400000,42.984000,1,1,92069297,996,0,996,-77,0,5,23
3,720,50.400000,42.984000,1,1,92069307,1024,0,1024,-81,0,5,23
3,720,50.400000,42.984000,1,1,92069318,1049,0,1049,-85,0,5,23
3,720,50.400000,42.984000,1,1,92069331,1069,0,1069,-88,0,5,23
3,720,50.400000,42.984000,1,1,92069342,1089,0,1089,-91,0,5,23
3,720,50.400000,42.984000,1,1,92069352,1107,0,1107,-94,0,5,23
3,720,50.400000,42.984000,1,1,92069363,1124,0,1124,-97,0,5,23
3,720,50.400000,42.984000,1,1,92069374,1140,0,1140,-99,0,5,23
3,720,50.400000,42.984000,1,1,92069385,1157,0,1157,-100,0,5,23
3,720,50.400000,42.984000,1,1,92069397,1172,0,1172,-102,0,5,23
3,720,50.400000,42.984000,1,1,92069407,1187,0,1187,-104,0,5,23
3,720,50.400000,42.984000,1,1,92069418,1196,0,1196,-105,0,5,23
3,720,50.400000,42.984000,1,1,92069430,1203,0,1203,-105,0,5,23
3,720,50.400000,42.984000,1,1,92069440,1208,0,1208,-106,0,5,23
3,720,50.400000,42.984000,1,1,92069451,1211,0,1211,-106,0,5,23
3,720,50.400000,42.984000,1,1,92069461,1215,0,1215,-107,0,5,23
3,720,50.400000,42.984000,1,1,92069473,1220,0,1220,-107,0,5,23
3,720,50.400000,42.984000,1,1,92069484,1226,0,1226,-107,0,5,23
3,720,50.400000,42.984000,1,1,92069495,1232,0,1232,-107,0,5,23
3,720,50.400000,42.984000,1,1,92069506,1239,0,1239,-108,0,5,23
3,720,50.400000,42.984000,1,1,92069516,1246,0,1246,-109,0,5,23
3,720,50.400000,42.984000,1,1,92069527,1253,0,1253,-110,0,5,23
3,720,50.400000,42.984000,1,1,92069538,1260,0,1260,-111,0,5,23
3,720,50.400000,42.984000,1,1,92069549,1266,0,1266,-112,0,5,23
3,720,50.400000,42.984000,1,1,92069561,1272,0,1272,-114,0,5,23
3,720,50.400000,42.984000,1,1,92069572,1277,0,1277,-115,0,5,23
3,720,50.400000,42.984000,1,1,92069581,1282,0,1282,-116,0,5,23
3,720,50.400000,42.984000,1,1,92069592,1285,0,1285,-117,0,5,23
3,720,50.400000,42.984000,1,1,92069603,1287,0,1287,-117,0,5,23
3,720,50.400000,42.984000,1,1,92069613,1289,0,1289,-118,0,5,23
3,720,50.400000,42.984000,1,1,92069623,1290,0,1290,-118,0,5,23
3,720,50.400000,42.984000,1,1,92069633,1291,0,1291,-119,0,5,23
3,720,50.400000,42.984000,1,1,92069643,1293,0,1293,-119,0,5,23
3,720,50.400000,42.984000,1,1,92069653,1294,0,1294,-120,0,5,23
3,720,50.400000,42.984000,1,1,92069663,1295,0,1295,-120,0,5,23
3,720,50.400000,42.984000,1,1,92069673,1296,0,1296,-121,0,5,23
3,720,50.400000,42.984000,1,1,92069683,1297,0,1297,-121,0,5,23
3,720,50.400000,42.984000,1,1,92069693,1298,0,1298,-121,0,5,23
3,720,50.400000,42.984000,1,1,92069702,1299,0,1299,-121,0,5,23
3,720,50.400000,42.984000,1,1,92069713,1299,0,1299,-122,0,5,23
3,720,50.400000,42.984000,1,1,92069723,1300,0,1300,-122,0,5,23
3,720,50.400000,42.984000,1,1,92069733,1302,0,1302,-122,0,5,23
3,720,50.400000,42.984000,1,1,92069742,1304,0,1304,-122,0,5,23
3,720,50.400000,42.984000,1,1,92069752,1305,0,1305,-122,0,5,23
3,720,50.400000,42.984000,1,1,92069763,1306,0,1306,-123,0,5,23
3,720,50.400000,42.984000,1,1,92069773,1308,0,1308,-124,0,5,23
3,720,50.400000,42.984000,1,1,92069784,1310,0,1310,-124,0,5,23
3,720,50.400000,42.984000,1,1,92069794,1312,0,1312,-124,0,5,23
3,720,50.400000,42.984000,1,1,92069804,1313,0,1313,-124,0,5,23
3,720,50.400000,42.984000,1,1,92069813,1314,0,1314,-124,0,5,23
3,720,50.400000,42.984000,1,1,92069823,1314,0,1314,-124,0,5,23
3,720,50.400000,42.984000,1,1,92069833,1315,0,1315,-125,0,5,23
3,720,50.400000,42.984000,1,1,92069842,1315,0,1315,-125,0,5,23
3,720,50.400000,42.984000,1,1,92069851,1315,0,1315,-125,0,5,23
