3,720,21.600000,0.000000,0,1,92075086,600,22,600,22,0,5,27
3,720,21.600000,0.000000,0,1,92075086,600,22,600,22,0,5,27
3,720,21.600000,0.000000,0,1,92075096,600,22,600,22,0,5,27
3,720,21.600000,0.000000,0,1,92075106,600,22,600,22,0,5,27
3,720,21.600000,0.000000,0,1,92075115,600,22,600,22,0,5,27
3,720,21.600000,0.000000,0,1,92075126,600,22,600,22,0,5,27
3,720,21.600000,0.000000,0,1,92075135,600,22,600,22,0,5,27
3,720,21.600000,0.000000,0,1,92075145,600,22,600,22,0,5,27
3,720,21.600000,0.000000,0,1,92075154,600,22,600,22,0,5,27
3,720,21.600000,0.000000,0,1,92075164,600,22,600,22,0,5,27
3,720,21.600000,0.000000,0,1,92075174,600,22,600,22,0,5,27
3,720,21.600000,0.000000,0,1,92075183,600,22,600,22,0,5,27
3,720,21.600000,0.000000,0,1,92075193,600,22,600,22,0,5,27
3,720,21.600000,0.000000,0,1,92075203,600,22,600,22,0,5,27
3,720,21.600000,0.000000,0,1,92075213,600,22,600,22,0,5,27
3,720,21.600000,0.000000,0,1,92075224,600,21,600,21,0,5,27
3,720,21.600000,0.000000,0,1,92075238,603,20,603,20,0,5,27
3,720,21.600000,0.000000,0,1,92075249,612,17,612,17,0,5,27
3,720,21.600000,0.000000,0,1,92075265,622,15,622,15,0,5,27
3,720,21.600000,0.000000,0,1,92075275,640,12,640,12,0,5,27
3,720,21.600000,0.000000,0,1,92075286,653,10,653,10,0,5,27
3,720,21.600000,0.000000,0,1,92075296,667,8,667,8,0,5,27
3,720,21.600000,0.000000,0,1,92075306,687,6,687,6,0,5,27
3,720,21.600000,0.000000,0,1,92075317,709,4,709,4,0,5,27
3,720,21.600000,0.000000,0,1,92075327,731,3,731,3,0,5,27
3,720,21.600000,0.000000,0,1,92075338,757,2,757,2,0,5,27
3,720,21.600000,0.000000,0,1,92075349,782,1,782,1,0,5,27
3,720,21.600000,0.000000,0,1,92075360,808,0,808,0,0,5,27
3,720,21.600000,0.000000,0,1,92075371,831,0,831,-1,0,5,27
3,720,21.600000,0.000000,0,1,92075382,856,0,856,-2,0,5,27
3,720,21.600000,0.000000,0,1,92075393,879,0,879,-3,0,5,27
3,720,21.600000,0.000000,0,1,92075405,902,0,902,-3,0,5,27
3,720,21.600000,0.000000,0,1,92075416,927,0,927,-3,0,5,27
3,720,21.600000,0.000000,0,1,92075426,953,0,953,-3,0,5,27
3,720,21.600000,0.000000,0,1,92075442,976,0,976,-3,0,5,27
3,720,21.600000,0.000000,0,1,92075452,1010,1,1010,-2,0,5,27
3,720,21.600000,0.000000,0,1,92075463,1033,1,1033,-2,0,5,27
3,720,21.600000,0.000000,0,1,92075478,1053,1,1053,-2,0,5,27
3,720,21.600000,0.000000,0,1,92075492,1080,2,1080,-1,0,5,27
3,720,21.600000,0.000000,0,1,92075503,1101,2,1101,-1,0,5,27
3,720,21.600000,0.000000,0,1,92075513,1115,2,1115,-1,0,5,27
3,720,21.600000,0.000000,0,1,92075525,1127,2,1127,-1,0,5,27
3,720,21.600000,0.000000,0,1,92075536,1140,2,1140,-1,0,5,27
3,720,21.600000,0.000000,0,1,92075547,1153,2,1153,-1,0,5,27
3,720,21.600000,0.000000,0,1,92075558,1165,2,1165,-1,0,5,27
3,720,21.600000,0.000000,0,1,92075569,1175,3,1175,0,0,5,27
3,720,21.600000,0.000000,0,1,92075580,1186,3,1186,0,0,5,27
3,720,21.600000,0.000000,0,1,92075591,1197,3,1197,0,0,5,27
3,720,21.600000,0.000000,0,1,92075601,1205,4,1205,1,0,5,27
3,720,21.600000,0.000000,0,1,92075612,1215,4,1215,1,0,5,27
3,720,21.600000,0.000000,0,1,92075623,1225,4,1225,1,0,5,27
3,720,21.600000,0.000000,0,1,92075633,1237,4,1237,1,0,5,27
3,720,21.600000,0.000000,0,1,92075643,1247,4,1247,1,0,5,27
3,720,21.600000,0.000000,0,1,92075654,1258,4,1258,1,0,5,27
3,720,21.600000,0.000000,0,1,92075664,1268,4,1268,1,0,5,27
3,720,21.600000,0.000000,0,1,92075675,1277,5,1277,2,0,5,27
3,720,21.600000,0.000000,0,1,92075691,1285,5,1285,2,0,5,27
3,720,21.600000,0.000000,0,1,92075702,1293,5,1293,2,0,5,27
3,720,21.600000,0.000000,0,1,92075713,1297,5,1297,2,0,5,27
3,720,21.600000,0.000000,0,1,92075723,1299,5,1299,2,0,5,27
3,720,21.600000,0.000000,0,1,92075733,1300,5,1300,2,0,5,27
3,720,21.600000,0.000000,0,1,92075744,1301,5,1301,2,0,5,27
3,720,21.600000,0.000000,0,1,92075754,1301,5,1301,2,0,5,27
3,720,21.600000,0.000000,0,1,92075764,1302,5,1302,2,0,5,27
3,720,21.600000,0.000000,0,1,92075774,1303,5,1303,2,0,5,27
3,720,21.600000,0.000000,0,1,92075784,1305,5,1305,2,0,5,27
3,720,21.600000,0.000000,0,1,92075794,1306,5,1306,2,0,5,27
3,720,21.600000,0.000000,0,1,92075803,1308,5,1308,2,0,5,27
3,720,21.600000,0.000000,0,1,92075813,1309,5,1309,2,0,5,27
3,720,21.600000,0.000000,0,1,92075823,1310,5,1310,2,0,5,27
3,720,21.600000,0.000000,0,1,92075832,1310,5,1310,2,0,5,27
3,720,21.600000,0.000000,0,1,92075842,1310,5,1310,2,0,5,27
3,720,21.600000,0.000000,0,1,92075851,1310,5,1310,2,0,5,27
3,720,21.600000,0.000000,0,1,92075861,1310,5,1310,2,0,5,27
3,720,21.600000,0.000000,0,1,92075871,1311,5,1311,2,0,5,27
3,720,21.600000,0.000000,0,1,92075881,1312,5,1312,2,0,5,27
3,720,21.600000,0.000000,0,1,92075891,1314,5,1314,2,0,5,27
3,720,21.600000,0.000000,0,1,92075902,1316,5,1316,2,0,5,27
3,720,21.600000,0.000000,0,1,92075913,1318,4,1318,1,0,5,27
3,720,21.600000,0.000000,0,1,92075924,1321,4,1321,1,0,5,27
3,720,21.600000,0.000000,0,1,92075934,1324,3,1324,0,0,5,27
3,720,21.600000,0.000000,0,1,92075944,1327,2,1327,-1,0,5,27
3,720,21.600000,0.000000,0,1,92075954,1329,2,1329,-1,0,5,27
3,720,21.600000,0.000000,0,1,92075963,1330,2,1330,-1,0,5,27
3,720,21.600000,0.000000,0,1,92075973,1331,1,1331,-2,0,5,27
3,720,21.600000,0.000000,0,1,92075983,1332,0,1332,-3,0,5,27
3,720,21.600000,0.000000,0,1,92075993,1332,0,1332,-3,0,5,27
3,720,21.600000,0.000000,0,1,92076002,1332,0,1332,-3,0,5,27
3,720,21.600000,0.000000,0,1,92076012,1332,0,1332,-3,0,5,27
3,720,21.600000,0.000000,0,1,92076023,1332,0,1332,-3,0,5,27
3,720,21.600000,0.000000,0,1,92076032,1332,0,1332,-3,0,5,27
3,720,21.600000,0.000000,0,1,92076042,1332,0,1332,-3,0,5,27
3,720,21.600000,0.000000,0,1,92076052,1332,0,1332,-3,0,5,27
3,720,21.600000,0.000000,0,1,92076063,1332,0,1332,-3,0,5,27
3,720,21.600000,0.000000,0,1,92076073,1332,0,1332,-3,0,5,27
3,720,21.600000,0.000000,0,1,92076083,1332,0,1332,-3,0,5,27
3,720,21.600000,0.000000,0,1,92076092,1332,0,1332,-3,0,5,27
3,720,21.600000,0.000000,0,1,92076102,1332,0,1332,-3,0,5,27
3,720,21.600000,0.000000,0,1,92076112,1332,0,1332,-3,0,5,27
3,720,21.600000,0.000000,0,1,92076121,1332,0,1332,-3,0,5,27
3,720,21.600000,0.000000,0,1,92076131,1332,0,1332,-3,0,5,27
3,720,21.600000,0.000000,0,1,92076141,1332,0,1332,-3,0,5,27
3,720,21.600000,0.000000,0,1,92076151,1332,0,1332,-3,0,5,27
3,720,21.600000,0.000000,0,1,92076162,1329,0,1329,-3,0,5,27
3,720,21.600000,0.000000,0,1,92076172,1327,0,1327,-3,0,5,27
3,720,21.600000,0.000000,0,1,92076182,1325,0,1325,-3,0,5,27
3,720,21.600000,0.000000,0,1,92076192,1324,0,1324,-3,0,5,27
3,720,21.600000,0.000000,0,1,92076203,1323,0,1323,-3,0,5,27
3,720,21.600000,0.000000,0,1,92076212,1322,0,1322,-3,0,5,27
3,720,21.600000,0.000000,0,1,92076223,1321,0,1321,-3,0,5,27
3,720,21.600000,0.000000,0,1,92076237,1320,0,1320,-3,0,5,27
3,720,21.600000,0.000000,0,1,92076248,1320,0,1320,-3,0,5,27
3,720,21.600000,0.000000,0,1,92076258,1320,0,1320,-3,0,5,27
3,720,21.600000,0.000000,0,1,92076273,1320,0,1320,-3,0,5,27
3,720,21.600000,0.000000,0,1,92076283,1319,0,1319,-3,0,5,27
3,720,21.600000,0.000000,0,1,92076293,1319,0,1319,-3,0,5,27
3,720,21.600000,0.000000,0,1,92076303,1319,0,1319,-3,0,5,27
3,720,21.600000,0.000000,0,1,92076313,1319,0,1319,-3,0,5,27
3,720,21.600000,0.000000,0,1,92076323,1319,0,1319,-3,0,5,27
