3,720,21.600000,12.276000,0,1,92028119,600,22,600,22,0,5,0
3,720,21.600000,12.276000,0,1,92028120,600,22,600,22,0,5,0
3,720,21.600000,12.276000,0,1,92028129,600,22,600,22,0,5,0
3,720,21.600000,12.276000,0,1,92028139,600,22,600,22,0,5,0
3,720,21.600000,12.276000,0,1,92028151,600,22,600,22,0,5,0
3,720,21.600000,12.276000,0,1,92028162,600,22,600,22,0,5,0
3,720,21.600000,12.276000,0,1,92028172,600,22,600,22,0,5,0
3,720,21.600000,12.276000,0,1,92028187,600,22,600,22,0,5,0
3,720,21.600000,12.276000,0,1,92028198,600,22,600,22,0,5,0
3,720,21.600000,12.276000,0,1,92028208,603,21,603,21,0,5,0
3,720,21.600000,12.276000,0,1,92028219,608,18,608,18,0,5,0
3,720,21.600000,12.276000,0,1,92028230,615,13,615,13,0,5,0
3,720,21.600000,12.276000,0,1,92028241,625,6,625,6,0,5,0
3,720,21.600000,12.276000,0,1,92028251,635,1,635,1,0,5,0
3,720,21.600000,12.276000,0,1,92028262,648,0,648,-5,0,5,0
3,720,21.600000,12.276000,0,1,92028273,663,0,663,-12,0,5,0
3,720,21.600000,12.276000,0,1,92028284,682,0,682,-20,0,5,0
3,720,21.600000,12.276000,0,1,92028295,703,0,703,-28,0,5,0
3,720,21.600000,12.276000,0,1,92028306,730,0,730,-38,0,5,0
3,720,21.600000,12.276000,0,1,92028317,766,0,766,-49,0,5,0
3,720,21.600000,12.276000,0,1,92028328,809,0,809,-59,0,5,0
3,720,21.600000,12.276000,0,1,92028338,859,0,859,-69,0,5,0
3,720,21.600000,12.276000,0,1,92028348,911,0,911,-79,0,5,0
3,720,21.600000,12.276000,0,1,92028359,960,0,960,-90,0,5,0
3,720,21.600000,12.276000,0,1,92028369,1012,0,1012,-100,0,5,0
3,720,21.600000,12.276000,0,1,92028379,1051,0,1051,-107,0,5,0
3,720,21.600000,12.276000,0,1,92028390,1090,0,1090,-112,0,5,0
3,720,21.600000,12.276000,0,1,92028400,1119,0,1119,-115,0,5,0
3,720,21.600000,12.276000,0,1,92028411,1145,0,1145,-116,0,5,0
3,720,21.600000,12.276000,0,1,92028421,1162,0,1162,-116,0,5,0
3,720,21.600000,12.276000,0,1,92028432,1180,0,1180,-117,0,5,0
3,720,21.600000,12.276000,0,1,92028442,1191,0,1191,-118,0,5,0
3,720,21.600000,12.276000,0,1,92028453,1202,0,1202,-119,0,5,0
3,720,21.600000,12.276000,0,1,92028463,1212,0,1212,-121,0,5,0
3,720,21.600000,12.276000,0,1,92028474,1221,0,1221,-123,0,5,0
3,720,21.600000,12.276000,0,1,92028485,1229,0,1229,-124,0,5,0
3,720,21.600000,12.276000,0,1,92028496,1235,0,1235,-125,0,5,0
3,720,21.600000,12.276000,0,1,92028506,1238,0,1238,-126,0,5,0
3,720,21.600000,12.276000,0,1,92028516,1240,0,1240,-127,0,5,0
3,720,21.600000,12.276000,0,1,92028525,1242,0,1242,-128,0,5,0
3,720,21.600000,12.276000,0,1,92028535,1242,0,1242,-128,0,5,0
3,720,21.600000,12.276000,0,1,92028546,1242,0,1242,-128,0,5,0
3,720,21.600000,12.276000,0,1,92028555,1242,0,1242,-128,0,5,0
3,720,21.600000,12.276000,0,1,92028566,1242,0,1242,-128,0,5,0
3,720,21.600000,12.276000,0,1,92028576,1242,0,1242,-128,0,5,0
3,720,21.600000,12.276000,0,1,92028586,1244,0,1244,-128,0,5,0
3,720,21.600000,12.276000,0,1,92028596,1245,0,1245,-129,0,5,0
3,720,21.600000,12.276000,0,1,92028606,1247,0,1247,-129,0,5,0
3,720,21.600000,12.276000,0,1,92028617,1250,0,1250,-129,0,5,0
3,720,21.600000,12.276000,0,1,92028629,1253,0,1253,-130,0,5,0
3,720,21.600000,12.276000,0,1,92028639,1257,0,1257,-130,0,5,0
3,720,21.600000,12.276000,0,1,92028649,1261,0,1261,-130,0,5,0
3,720,21.600000,12.276000,0,1,92028659,1265,0,1265,-130,0,5,0
3,720,21.600000,12.276000,0,1,92028670,1269,0,1269,-130,0,5,0
3,720,21.600000,12.276000,0,1,92028681,1272,0,1272,-130,0,5,0
3,720,21.600000,12.276000,0,1,92028692,1274,0,1274,-130,0,5,0
3,720,21.600000,12.276000,0,1,92028701,1275,0,1275,-130,0,5,0
3,720,21.600000,12.276000,0,1,92028711,1276,0,1276,-130,0,5,0
3,720,21.600000,12.276000,0,1,92028721,1276,0,1276,-130,0,5,0
3,720,21.600000,12.276000,0,1,92028731,1276,0,1276,-130,0,5,0
3,720,21.600000,12.276000,0,1,92028740,1276,0,1276,-130,0,5,0
3,720,21.600000,12.276000,0,1,92028750,1276,0,1276,-130,0,5,0
3,720,21.600000,12.276000,0,1,92028760,1276,0,1276,-131,0,5,0
3,720,21.600000,12.276000,0,1,92028770,1273,0,1273,-131,0,5,0
3,720,21.600000,12.276000,0,1,92028781,1269,0,1269,-132,0,5,0
3,720,21.600000,12.276000,0,1,92028791,1264,0,1264,-132,0,5,0
3,720,21.600000,12.276000,0,1,92028801,1260,0,1260,-132,0,5,0
3,720,21.600000,12.276000,0,1,92028811,1257,0,1257,-133,0,5,0
3,720,21.600000,12.276000,0,1,92028820,1255,0,1255,-133,0,5,0
3,720,21.600000,12.276000,0,1,92028830,1252,0,1252,-133,0,5,0
3,720,21.600000,12.276000,0,1,92028839,1252,0,1252,-133,0,5,0
3,720,21.600000,12.276000,0,1,92028849,1252,0,1252,-133,0,5,0
3,720,21.600000,12.276000,0,1,92028858,1252,0,1252,-133,0,5,0
3,720,21.600000,12.276000,0,1,92028868,1252,0,1252,-133,0,5,0
3,720,21.600000,12.276000,0,1,92028877,1252,0,1252,-133,0,5,0
3,720,21.600000,12.276000,0,1,92028887,1252,0,1252,-133,0,5,0
3,720,21.600000,12.276000,0,1,92028897,1252,0,1252,-133,0,5,0
3,720,21.600000,12.276000,0,1,92028906,1251,0,1251,-133,0,5,0
3,720,21.600000,12.276000,0,1,92028916,1251,0,1251,-133,0,5,0
3,720,21.600000,12.276000,0,1,92028926,1250,0,1250,-133,0,5,0
3,720,21.600000,12.276000,0,1,92028936,1250,0,1250,-133,0,5,0
3,720,21.600000,12.276000,0,1,92028948,1250,2,1250,-131,0,5,0
3,720,21.600000,12.276000,0,1,92028958,1254,4,1254,-129,0,5,0
3,720,21.600000,12.276000,0,1,92028967,1258,4,1258,-129,0,5,0
3,720,21.600000,12.276000,0,1,92028978,1261,4,1261,-129,0,5,0
3,720,21.600000,12.276000,0,1,92028990,1264,4,1264,-129,0,5,0
3,720,21.600000,12.276000,0,1,92029000,1267,4,1267,-129,0,5,0
3,720,21.600000,12.276000,0,1,92029010,1270,3,1270,-130,0,5,0
3,720,21.600000,12.276000,0,1,92029021,1274,1,1274,-132,0,5,0
3,720,21.600000,12.276000,0,1,92029032,1279,0,1279,-133,0,5,0
3,720,21.600000,12.276000,0,1,92029043,1285,0,1285,-136,0,5,0
3,720,21.600000,12.276000,0,1,92029053,1290,0,1290,-137,0,5,0
3,720,21.600000,12.276000,0,1,92029063,1296,0,1296,-138,0,5,0
3,720,21.600000,12.276000,0,1,92029074,1302,0,1302,-139,0,5,0
3,720,21.600000,12.276000,0,1,92029085,1307,0,1307,-139,0,5,0
3,720,21.600000,12.276000,0,1,92029095,1311,0,1311,-139,0,5,0
3,720,21.600000,12.276000,0,1,92029105,1313,0,1313,-139,0,5,0
3,720,21.600000,12.276000,0,1,92029115,1315,0,1315,-140,0,5,0
3,720,21.600000,12.276000,0,1,92029125,1317,0,1317,-141,0,5,0
3,720,21.600000,12.276000,0,1,92029135,1319,0,1319,-141,0,5,0
3,720,21.600000,12.276000,0,1,92029145,1320,0,1320,-141,0,5,0
3,720,21.600000,12.276000,0,1,92029154,1320,0,1320,-141,0,5,0
3,720,21.600000,12.276000,0,1,92029166,1320,0,1320,-141,0,5,0
3,720,21.600000,12.276000,0,1,92029177,1320,0,1320,-141,0,5,0
3,720,21.600000,12.276000,0,1,92029189,1321,0,1321,-141,0,5,0
3,720,21.600000,12.276000,0,1,92029203,1323,0,1323,-141,0,5,0
3,720,21.600000,12.276000,0,1,92029215,1325,0,1325,-142,0,5,0
3,720,21.600000,12.276000,0,1,92029225,1328,0,1328,-143,0,5,0
3,720,21.600000,12.276000,0,1,92029236,1334,0,1334,-144,0,5,0
3,720,21.600000,12.276000,0,1,92029246,1341,0,1341,-144,0,5,0
3,720,21.600000,12.276000,0,1,92029257,1347,0,1347,-145,0,5,0
3,720,21.600000,12.276000,0,1,92029267,1351,0,1351,-146,0,5,0
3,720,21.600000,12.276000,0,1,92029279,1354,0,1354,-146,0,5,0
3,720,21.600000,12.276000,0,1,92029288,1355,0,1355,-147,0,5,0
3,720,21.600000,12.276000,0,1,92029298,1356,0,1356,-148,0,5,0
3,720,21.600000,12.276000,0,1,92029307,1356,0,1356,-148,0,5,0
3,720,21.600000,12.276000,0,1,92029316,1356,0,1356,-148,0,5,0
3,720,21.600000,12.276000,0,1,92029326,1356,0,1356,-148,0,5,0
3,720,21.600000,12.276000,0,1,92029337,1356,0,1356,-148,0,5,0
3,720,21.600000,12.276000,0,1,92029347,1355,0,1355,-148,0,5,0
3,720,21.600000,12.276000,0,1,92029357,1353,0,1353,-148,0,5,0
3,720,21.600000,12.276000,0,1,92029367,1350,0,1350,-148,0,5,0
3,720,21.600000,12.276000,0,1,92029376,1348,0,1348,-148,0,5,0
3,720,21.600000,12.276000,0,1,92029388,1346,0,1346,-148,0,5,0
3,720,21.600000,12.276000,0,1,92029398,1343,0,1343,-149,0,5,0
3,720,21.600000,12.276000,0,1,92029408,1341,0,1341,-149,0,5,0
3,720,21.600000,12.276000,0,1,92029418,1340,0,1340,-150,0,5,0
3,720,21.600000,12.276000,0,1,92029427,1338,0,1338,-150,0,5,0
3,720,21.600000,12.276000,0,1,92029437,1338,0,1338,-150,0,5,0
3,720,21.600000,12.276000,0,1,92029446,1338,0,1338,-150,0,5,0
3,720,21.600000,12.276000,0,1,92029456,1338,0,1338,-150,0,5,0
3,720,21.600000,12.276000,0,1,92029466,1338,0,1338,-150,0,5,0
3,720,21.600000,12.276000,0,1,92029475,1338,0,1338,-150,0,5,0
3,720,21.600000,12.276000,0,1,92029485,1337,0,1337,-150,0,5,0
3,720,21.600000,12.276000,0,1,92029495,1336,0,1336,-150,0,5,0
3,720,21.600000,12.276000,0,1,92029505,1336,0,1336,-150,0,5,0
3,720,21.600000,12.276000,0,1,92029514,1335,0,1335,-150,0,5,0
3,720,21.600000,12.276000,0,1,92029524,1333,0,1333,-151,0,5,0
3,720,21.600000,12.276000,0,1,92029534,1333,0,1333,-151,0,5,0
3,720,21.600000,12.276000,0,1,92029543,1333,0,1333,-151,0,5,0
3,720,21.600000,12.276000,0,1,92029553,1333,0,1333,-151,0,5,0
3,720,21.600000,12.276000,0,1,92029562,1333,0,1333,-151,0,5,0
3,720,21.600000,12.276000,0,1,92029572,1333,0,1333,-151,0,5,0
3,720,21.600000,12.276000,0,1,92029582,1333,0,1333,-151,0,5,0
3,720,21.600000,12.276000,0,1,92029592,1333,0,1333,-152,0,5,0
3,720,21.600000,12.276000,0,1,92029603,1333,0,1333,-152,0,5,0
3,720,21.600000,12.276000,0,1,92029613,1332,0,1332,-153,0,5,0
3,720,21.600000,12.276000,0,1,92029623,1332,0,1332,-153,0,5,0
3,720,21.600000,12.276000,0,1,92029633,1332,0,1332,-153,0,5,0
3,720,21.600000,12.276000,0,1,92029643,1331,0,1331,-153,0,5,0
3,720,21.600000,12.276000,0,1,92029653,1330,0,1330,-153,0,5,0
3,720,21.600000,12.276000,0,1,92029662,1329,0,1329,-153,0,5,0
3,720,21.600000,12.276000,0,1,92029673,1328,0,1328,-153,0,5,0
3,720,21.600000,12.276000,0,1,92029683,1327,0,1327,-153,0,5,0
3,720,21.600000,12.276000,0,1,92029693,1326,0,1326,-153,0,5,0
3,720,21.600000,12.276000,0,1,92029702,1325,0,1325,-154,0,5,0
3,720,21.600000,12.276000,0,1,92029712,1324,0,1324,-155,0,5,0
3,720,21.600000,12.276000,0,1,92029724,1323,0,1323,-155,0,5,0
3,720,21.600000,12.276000,0,1,92029734,1323,0,1323,-155,0,5,0
3,720,21.600000,12.276000,0,1,92029744,1323,0,1323,-155,0,5,0
3,720,21.600000,12.276000,0,1,92029754,1322,0,1322,-156,0,5,0
3,720,21.600000,12.276000,0,1,92029764,1322,0,1322,-156,0,5,0
3,720,21.600000,12.276000,0,1,92029774,1320,0,1320,-156,0,5,0
3,720,21.600000,12.276000,0,1,92029783,1319,0,1319,-156,0,5,0
3,720,21.600000,12.276000,0,1,92029793,1319,0,1319,-157,0,5,0
3,720,21.600000,12.276000,0,1,92029802,1319,0,1319,-157,0,5,0
