3,720,21.600000,12.276000,1,1,92139556,600,22,600,22,0,5,61
3,720,21.600000,12.276000,1,1,92139557,600,22,600,22,0,5,61
3,720,21.600000,12.276000,1,1,92139567,600,22,600,22,0,5,61
3,720,21.600000,12.276000,1,1,92139577,600,22,600,22,0,5,61
3,720,21.600000,12.276000,1,1,92139587,600,22,600,22,0,5,61
3,720,21.600000,12.276000,1,1,92139598,600,22,600,22,0,5,61
3,720,21.600000,12.276000,1,1,92139608,600,22,600,22,0,5,61
3,720,21.600000,12.276000,1,1,92139624,600,22,600,22,0,5,61
3,720,21.600000,12.276000,1,1,92139634,600,22,600,22,0,5,61
3,720,21.600000,12.276000,1,1,92139644,600,22,600,22,0,5,61
3,720,21.600000,12.276000,1,1,92139654,600,22,600,22,0,5,61
3,720,21.600000,12.276000,1,1,92139664,600,22,600,22,0,5,61
3,720,21.600000,12.276000,1,1,92139674,600,22,600,22,0,5,61
3,720,21.600000,12.276000,1,1,92139684,602,22,602,22,0,5,61
3,720,21.600000,12.276000,1,1,92139695,606,21,606,21,0,5,61
3,720,21.600000,12.276000,1,1,92139706,614,19,614,19,0,5,61
3,720,21.600000,12.276000,1,1,92139716,624,16,624,16,0,5,61
3,720,21.600000,12.276000,1,1,92139729,636,13,636,13,0,5,61
3,720,21.600000,12.276000,1,1,92139740,650,9,650,9,0,5,61
3,720,21.600000,12.276000,1,1,92139750,663,5,663,5,0,5,61
3,720,21.600000,12.276000,1,1,92139761,679,2,679,2,0,5,61
3,720,21.600000,12.276000,1,1,92139772,694,0,694,-1,0,5,61
3,720,21.600000,12.276000,1,1,92139783,710,0,710,-4,0,5,61
3,720,21.600000,12.276000,1,1,92139794,731,0,731,-7,0,5,61
3,720,21.600000,12.276000,1,1,92139805,753,0,753,-10,0,5,61
3,720,21.600000,12.276000,1,1,92139816,779,0,779,-13,0,5,61
3,720,21.600000,12.276000,1,1,92139827,808,0,808,-16,0,5,61
3,720,21.600000,12.276000,1,1,92139836,839,0,839,-19,0,5,61
3,720,21.600000,12.276000,1,1,92139847,873,0,873,-23,0,5,61
3,720,21.600000,12.276000,1,1,92139862,899,0,899,-25,0,5,61
3,720,21.600000,12.276000,1,1,92139877,939,0,939,-29,0,5,61
3,720,21.600000,12.276000,1,1,92139892,969,0,969,-32,0,5,61
3,720,21.600000,12.276000,1,1,92139902,1003,0,1003,-35,0,5,61
3,720,21.600000,12.276000,1,1,92139913,1023,0,1023,-36,0,5,61
3,720,21.600000,12.276000,1,1,92139924,1043,0,1043,-38,0,5,61
3,720,21.600000,12.276000,1,1,92139935,1062,0,1062,-40,0,5,61
3,720,21.600000,12.276000,1,1,92139946,1078,0,1078,-42,0,5,61
3,720,21.600000,12.276000,1,1,92139957,1096,0,1096,-43,0,5,61
3,720,21.600000,12.276000,1,1,92139969,1117,0,1117,-44,0,5,61
3,720,21.600000,12.276000,1,1,92139980,1131,0,1131,-44,0,5,61
3,720,21.600000,12.276000,1,1,92139990,1146,0,1146,-44,0,5,61
3,720,21.600000,12.276000,1,1,92140001,1157,0,1157,-45,0,5,61
3,720,21.600000,12.276000,1,1,92140012,1165,0,1165,-45,0,5,61
3,720,21.600000,12.276000,1,1,92140023,1172,0,1172,-45,0,5,61
3,720,21.600000,12.276000,1,1,92140034,1180,0,1180,-45,0,5,61
3,720,21.600000,12.276000,1,1,92140045,1187,0,1187,-45,0,5,61
3,720,21.600000,12.276000,1,1,92140055,1192,0,1192,-45,0,5,61
3,720,21.600000,12.276000,1,1,92140066,1197,0,1197,-45,0,5,61
3,720,21.600000,12.276000,1,1,92140077,1201,0,1201,-45,0,5,61
3,720,21.600000,12.276000,1,1,92140087,1205,1,1205,-44,0,5,61
3,720,21.600000,12.276000,1,1,92140098,1207,1,1207,-44,0,5,61
3,720,21.600000,12.276000,1,1,92140110,1210,1,1210,-44,0,5,61
3,720,21.600000,12.276000,1,1,92140120,1216,1,1216,-44,0,5,61
3,720,21.600000,12.276000,1,1,92140130,1222,1,1222,-44,0,5,61
3,720,21.600000,12.276000,1,1,92140141,1229,2,1229,-43,0,5,61
3,720,21.600000,12.276000,1,1,92140152,1238,2,1238,-43,0,5,61
3,720,21.600000,12.276000,1,1,92140163,1249,2,1249,-43,0,5,61
3,720,21.600000,12.276000,1,1,92140174,1261,2,1261,-43,0,5,61
3,720,21.600000,12.276000,1,1,92140184,1270,2,1270,-43,0,5,61
3,720,21.600000,12.276000,1,1,92140195,1280,2,1280,-43,0,5,61
3,720,21.600000,12.276000,1,1,92140206,1289,2,1289,-43,0,5,61
3,720,21.600000,12.276000,1,1,92140216,1297,2,1297,-43,0,5,61
3,720,21.600000,12.276000,1,1,92140227,1304,2,1304,-43,0,5,61
3,720,21.600000,12.276000,1,1,92140238,1313,2,1313,-43,0,5,61
3,720,21.600000,12.276000,1,1,92140249,1319,2,1319,-43,0,5,61
3,720,21.600000,12.276000,1,1,92140259,1323,1,1323,-44,0,5,61
3,720,21.600000,12.276000,1,1,92140269,1324,1,1324,-44,0,5,61
3,720,21.600000,12.276000,1,1,92140279,1324,1,1324,-44,0,5,61
3,720,21.600000,12.276000,1,1,92140289,1324,1,1324,-44,0,5,61
3,720,21.600000,12.276000,1,1,92140298,1324,1,1324,-44,0,5,61
3,720,21.600000,12.276000,1,1,92140310,1324,1,1324,-44,0,5,61
3,720,21.600000,12.276000,1,1,92140320,1324,1,1324,-44,0,5,61
3,720,21.600000,12.276000,1,1,92140332,1324,1,1324,-44,0,5,61
3,720,21.600000,12.276000,1,1,92140343,1324,1,1324,-44,0,5,61
3,720,21.600000,12.276000,1,1,92140357,1324,1,1324,-44,0,5,61
3,720,21.600000,12.276000,1,1,92140367,1324,1,1324,-44,0,5,61
3,720,21.600000,12.276000,1,1,92140377,1324,1,1324,-44,0,5,61
3,720,21.600000,12.276000,1,1,92140386,1324,1,1324,-44,0,5,61
3,720,21.600000,12.276000,1,1,92140396,1324,1,1324,-44,0,5,61
3,720,21.600000,12.276000,1,1,92140406,1324,1,1324,-44,0,5,61
3,720,21.600000,12.276000,1,1,92140415,1324,1,1324,-44,0,5,61
3,720,21.600000,12.276000,1,1,92140426,1324,1,1324,-44,0,5,61
3,720,21.600000,12.276000,1,1,92140436,1324,1,1324,-44,0,5,61
3,720,21.600000,12.276000,1,1,92140446,1324,1,1324,-44,0,5,61
3,720,21.600000,12.276000,1,1,92140457,1324,1,1324,-44,0,5,61
3,720,21.600000,12.276000,1,1,92140467,1324,1,1324,-44,0,5,61
3,720,21.600000,12.276000,1,1,92140477,1324,1,1324,-44,0,5,61
3,720,21.600000,12.276000,1,1,92140488,1324,1,1324,-44,0,5,61
3,720,21.600000,12.276000,1,1,92140497,1324,1,1324,-44,0,5,61
