3,360,82.800000,42.984000,1,0,92193284,780,0,780,0,0,5,91
3,360,82.800000,42.984000,1,0,92193285,780,0,780,0,0,5,91
3,360,82.800000,42.984000,1,0,92193296,780,0,780,0,0,5,91
3,360,82.800000,42.984000,1,0,92193307,780,0,780,0,0,5,91
3,360,82.800000,42.984000,1,0,92193317,780,0,780,0,0,5,91
3,360,82.800000,42.984000,1,0,92193326,780,0,780,0,0,5,91
3,360,82.800000,42.984000,1,0,92193339,780,0,780,0,0,5,91
3,360,82.800000,42.984000,1,0,92193350,780,0,780,0,0,5,91
3,360,82.800000,42.984000,1,0,92193361,780,0,780,0,0,5,91
3,360,82.800000,42.984000,1,0,92193379,780,0,780,0,0,5,91
3,360,82.800000,42.984000,1,0,92193389,794,0,794,-2,0,5,91
3,360,82.800000,42.984000,1,0,92193401,804,0,804,-4,0,5,91
3,360,82.800000,42.984000,1,0,92193412,819,0,819,-7,0,5,91
3,360,82.800000,42.984000,1,0,92193427,836,0,836,-10,0,5,91
3,360,82.800000,42.984000,1,0,92193443,864,0,864,-13,0,5,91
3,360,82.800000,42.984000,1,0,92193459,897,0,897,-17,0,5,91
3,360,82.800000,42.984000,1,0,92193469,929,0,929,-22,0,5,91
3,360,82.800000,42.984000,1,0,92193480,954,0,954,-25,0,5,91
3,360,82.800000,42.984000,1,0,92193492,977,0,977,-28,0,5,91
3,360,82.800000,42.984000,1,0,92193508,999,0,999,-31,0,5,91
3,360,82.800000,42.984000,1,0,92193523,1032,0,1032,-35,0,5,91
3,360,82.800000,42.984000,1,0,92193539,1060,0,1060,-37,0,5,91
3,360,82.800000,42.984000,1,0,92193550,1081,0,1081,-39,0,5,91
3,360,82.800000,42.984000,1,0,92193560,1091,0,1091,-40,0,5,91
3,360,82.800000,42.984000,1,0,92193571,1100,0,1100,-41,0,5,91
3,360,82.800000,42.984000,1,0,92193586,1106,0,1106,-41,0,5,91
3,360,82.800000,42.984000,1,0,92193601,1114,0,1114,-42,0,5,91
3,360,82.800000,42.984000,1,0,92193617,1119,0,1119,-42,0,5,91
3,360,82.800000,42.984000,1,0,92193632,1123,0,1123,-42,0,5,91
3,360,82.800000,42.984000,1,0,92193643,1128,0,1128,-43,0,5,91
3,360,82.800000,42.984000,1,0,92193653,1131,0,1131,-43,0,5,91
3,360,82.800000,42.984000,1,0,92193663,1134,0,1134,-44,0,5,91
3,360,82.800000,42.984000,1,0,92193674,1137,0,1137,-45,0,5,91
3,360,82.800000,42.984000,1,0,92193684,1139,0,1139,-45,0,5,91
3,360,82.800000,42.984000,1,0,92193694,1140,0,1140,-45,0,5,91
3,360,82.800000,42.984000,1,0,92193704,1140,0,1140,-45,0,5,91
3,360,82.800000,42.984000,1,0,92193714,1140,0,1140,-46,0,5,91
3,360,82.800000,42.984000,1,0,92193725,1140,0,1140,-46,0,5,91
3,360,82.800000,42.984000,1,0,92193735,1140,0,1140,-46,0,5,91
3,360,82.800000,42.984000,1,0,92193751,1140,0,1140,-46,0,5,91
3,360,82.800000,42.984000,1,0,92193761,1140,0,1140,-46,0,5,91
3,360,82.800000,42.984000,1,0,92193771,1141,0,1141,-46,0,5,91
3,360,82.800000,42.984000,1,0,92193781,1141,0,1141,-46,0,5,91
3,360,82.800000,42.984000,1,0,92193791,1141,0,1141,-46,0,5,91
3,360,82.800000,42.984000,1,0,92193800,1141,0,1141,-46,0,5,91
3,360,82.800000,42.984000,1,0,92193809,1141,0,1141,-46,0,5,91
