3,720,50.400000,42.984000,1,0,92158975,600,0,600,0,0,5,71
3,720,50.400000,42.984000,1,0,92158976,600,0,600,0,0,5,71
3,720,50.400000,42.984000,1,0,92158986,600,0,600,0,0,5,71
3,720,50.400000,42.984000,1,0,92158996,600,0,600,0,0,5,71
3,720,50.400000,42.984000,1,0,92159006,600,0,600,0,0,5,71
3,720,50.400000,42.984000,1,0,92159017,600,0,600,0,0,5,71
3,720,50.400000,42.984000,1,0,92159027,601,0,601,0,0,5,71
3,720,50.400000,42.984000,1,0,92159037,601,0,601,0,0,5,71
3,720,50.400000,42.984000,1,0,92159048,601,0,601,0,0,5,71
3,720,50.400000,42.984000,1,0,92159058,601,0,601,0,0,5,71
3,720,50.400000,42.984000,1,0,92159068,601,0,601,0,0,5,71
3,720,50.400000,42.984000,1,0,92159079,602,0,602,0,0,5,71
3,720,50.400000,42.984000,1,0,92159090,605,0,605,-1,0,5,71
3,720,50.400000,42.984000,1,0,92159101,610,0,610,-2,0,5,71
3,720,50.400000,42.984000,1,0,92159111,619,0,619,-3,0,5,71
3,720,50.400000,42.984000,1,0,92159122,631,0,631,-5,0,5,71
3,720,50.400000,42.984000,1,0,92159133,648,0,648,-7,0,5,71
3,720,50.400000,42.984000,1,0,92159144,673,0,673,-10,0,5,71
3,720,50.400000,42.984000,1,0,92159155,697,0,697,-12,0,5,71
3,720,50.400000,42.984000,1,0,92159165,724,0,724,-15,0,5,71
3,720,50.400000,42.984000,1,0,92159178,760,0,760,-17,0,5,71
3,720,50.400000,42.984000,1,0,92159189,794,0,794,-19,0,5,71
3,720,50.400000,42.984000,1,0,92159200,827,0,827,-21,0,5,71
3,720,50.400000,42.984000,1,0,92159211,864,0,864,-22,0,5,71
3,720,50.400000,42.984000,1,0,92159227,896,0,896,-24,0,5,71
3,720,50.400000,42.984000,1,0,92159239,943,0,943,-26,0,5,71
3,720,50.400000,42.984000,1,0,92159250,971,0,971,-27,0,5,71
3,720,50.400000,42.984000,1,0,92159262,1001,0,1001,-28,0,5,71
3,720,50.400000,42.984000,1,0,92159276,1030,0,1030,-28,0,5,71
3,720,50.400000,42.984000,1,0,92159287,1065,0,1065,-29,0,5,71
3,720,50.400000,42.984000,1,0,92159299,1086,0,1086,-29,0,5,71
3,720,50.400000,42.984000,1,0,92159310,1110,0,1110,-29,0,5,71
3,720,50.400000,42.984000,1,0,92159321,1162,0,1162,-30,0,5,71
3,720,50.400000,42.984000,1,0,92159337,1182,0,1182,-30,0,5,71
3,720,50.400000,42.984000,1,0,92159348,1207,0,1207,-31,0,5,71
3,720,50.400000,42.984000,1,0,92159359,1219,0,1219,-32,0,5,71
3,720,50.400000,42.984000,1,0,92159370,1227,0,1227,-33,0,5,71
3,720,50.400000,42.984000,1,0,92159380,1233,0,1233,-34,0,5,71
3,720,50.400000,42.984000,1,0,92159391,1235,0,1235,-34,0,5,71
3,720,50.400000,42.984000,1,0,92159401,1237,0,1237,-35,0,5,71
3,720,50.400000,42.984000,1,0,92159411,1239,0,1239,-35,0,5,71
3,720,50.400000,42.984000,1,0,92159423,1241,0,1241,-35,0,5,71
3,720,50.400000,42.984000,1,0,92159433,1244,0,1244,-35,0,5,71
3,720,50.400000,42.984000,1,0,92159444,1248,0,1248,-36,0,5,71
3,720,50.400000,42.984000,1,0,92159455,1253,0,1253,-36,0,5,71
3,720,50.400000,42.984000,1,0,92159471,1258,0,1258,-36,0,5,71
3,720,50.400000,42.984000,1,0,92159482,1267,0,1267,-37,0,5,71
3,720,50.400000,42.984000,1,0,92159492,1274,0,1274,-37,0,5,71
3,720,50.400000,42.984000,1,0,92159503,1281,0,1281,-37,0,5,71
3,720,50.400000,42.984000,1,0,92159513,1289,0,1289,-37,0,5,71
3,720,50.400000,42.984000,1,0,92159524,1294,0,1294,-37,0,5,71
3,720,50.400000,42.984000,1,0,92159535,1298,0,1298,-38,0,5,71
3,720,50.400000,42.984000,1,0,92159545,1299,0,1299,-38,0,5,71
3,720,50.400000,42.984000,1,0,92159556,1299,0,1299,-38,0,5,71
3,720,50.400000,42.984000,1,0,92159566,1299,0,1299,-38,0,5,71
3,720,50.400000,42.984000,1,0,92159576,1299,0,1299,-38,0,5,71
3,720,50.400000,42.984000,1,0,92159587,1299,0,1299,-38,0,5,71
3,720,50.400000,42.984000,1,0,92159597,1299,0,1299,-38,0,5,71
3,720,50.400000,42.984000,1,0,92159607,1299,0,1299,-38,0,5,71
3,720,50.400000,42.984000,1,0,92159617,1300,0,1300,-38,0,5,71
3,720,50.400000,42.984000,1,0,92159628,1301,0,1301,-38,0,5,71
3,720,50.400000,42.984000,1,0,92159638,1302,0,1302,-39,0,5,71
3,720,50.400000,42.984000,1,0,92159649,1303,0,1303,-39,0,5,71
3,720,50.400000,42.984000,1,0,92159659,1304,0,1304,-39,0,5,71
3,720,50.400000,42.984000,1,0,92159670,1305,0,1305,-39,0,5,71
3,720,50.400000,42.984000,1,0,92159680,1305,0,1305,-39,0,5,71
3,720,50.400000,42.984000,1,0,92159691,1305,0,1305,-39,0,5,71
3,720,50.400000,42.984000,1,0,92159705,1305,0,1305,-39,0,5,71
3,720,50.400000,42.984000,1,0,92159714,1305,0,1305,-39,0,5,71
