3,360,50.400000,12.276000,0,0,92789848,780,0,780,0,0,6,74
3,360,50.400000,12.276000,0,0,92789849,780,0,780,0,0,6,74
3,360,50.400000,12.276000,0,0,92789859,780,0,780,0,0,6,74
3,360,50.400000,12.276000,0,0,92789869,780,0,780,0,0,6,74
3,360,50.400000,12.276000,0,0,92789880,780,0,780,0,0,6,74
3,360,50.400000,12.276000,0,0,92789891,780,0,780,0,0,6,74
3,360,50.400000,12.276000,0,0,92789901,780,0,780,0,0,6,74
3,360,50.400000,12.276000,0,0,92789912,780,0,780,0,0,6,74
3,360,50.400000,12.276000,0,0,92789922,780,0,780,0,0,6,74
3,360,50.400000,12.276000,0,0,92789933,780,0,780,0,0,6,74
3,360,50.400000,12.276000,0,0,92789944,784,0,784,-1,0,6,74
3,360,50.400000,12.276000,0,0,92789955,790,0,790,-3,0,6,74
3,360,50.400000,12.276000,0,0,92789970,798,0,798,-4,0,6,74
3,360,50.400000,12.276000,0,0,92789984,812,0,812,-7,0,6,74
3,360,50.400000,12.276000,0,0,92790000,830,0,830,-10,0,6,74
3,360,50.400000,12.276000,0,0,92790012,854,0,854,-13,0,6,74
3,360,50.400000,12.276000,0,0,92790023,874,0,874,-16,0,6,74
3,360,50.400000,12.276000,0,0,92790033,894,0,894,-19,0,6,74
3,360,50.400000,12.276000,0,0,92790045,912,0,912,-22,0,6,74
3,360,50.400000,12.276000,0,0,92790056,929,0,929,-24,0,6,74
3,360,50.400000,12.276000,0,0,92790067,942,0,942,-26,0,6,74
3,360,50.400000,12.276000,0,0,92790079,955,0,955,-28,0,6,74
3,360,50.400000,12.276000,0,0,92790089,970,0,970,-31,0,6,74
3,360,50.400000,12.276000,0,0,92790105,981,0,981,-32,0,6,74
3,360,50.400000,12.276000,0,0,92790116,997,0,997,-34,0,6,74
3,360,50.400000,12.276000,0,0,92790127,1009,0,1009,-34,0,6,74
3,360,50.400000,12.276000,0,0,92790142,1019,0,1019,-35,0,6,74
3,360,50.400000,12.276000,0,0,92790157,1033,0,1033,-36,0,6,74
3,360,50.400000,12.276000,0,0,92790168,1046,0,1046,-36,0,6,74
3,360,50.400000,12.276000,0,0,92790180,1054,0,1054,-36,0,6,74
3,360,50.400000,12.276000,0,0,92790190,1062,0,1062,-36,0,6,74
3,360,50.400000,12.276000,0,0,92790200,1067,0,1067,-36,0,6,74
3,360,50.400000,12.276000,0,0,92790211,1071,0,1071,-36,0,6,74
3,360,50.400000,12.276000,0,0,92790221,1075,0,1075,-37,0,6,74
3,360,50.400000,12.276000,0,0,92790236,1078,0,1078,-37,0,6,74
3,360,50.400000,12.276000,0,0,92790246,1082,0,1082,-37,0,6,74
3,360,50.400000,12.276000,0,0,92790258,1085,0,1085,-38,0,6,74
3,360,50.400000,12.276000,0,0,92790269,1087,0,1087,-38,0,6,74
3,360,50.400000,12.276000,0,0,92790279,1089,0,1089,-38,0,6,74
3,360,50.400000,12.276000,0,0,92790290,1090,0,1090,-38,0,6,74
3,360,50.400000,12.276000,0,0,92790302,1092,0,1092,-39,0,6,74
3,360,50.400000,12.276000,0,0,92790313,1094,0,1094,-39,0,6,74
3,360,50.400000,12.276000,0,0,92790323,1097,0,1097,-39,0,6,74
3,360,50.400000,12.276000,0,0,92790333,1099,0,1099,-39,0,6,74
3,360,50.400000,12.276000,0,0,92790349,1101,0,1101,-39,0,6,74
3,360,50.400000,12.276000,0,0,92790359,1101,0,1101,-39,0,6,74
3,360,50.400000,12.276000,0,0,92790370,1101,0,1101,-39,0,6,74
3,360,50.400000,12.276000,0,0,92790381,1101,0,1101,-39,0,6,74
3,360,50.400000,12.276000,0,0,92790392,1102,0,1102,-39,0,6,74
3,360,50.400000,12.276000,0,0,92790403,1103,0,1103,-39,0,6,74
3,360,50.400000,12.276000,0,0,92790413,1105,0,1105,-40,0,6,74
3,360,50.400000,12.276000,0,0,92790424,1108,0,1108,-40,0,6,74
3,360,50.400000,12.276000,0,0,92790436,1111,0,1111,-40,0,6,74
3,360,50.400000,12.276000,0,0,92790447,1114,0,1114,-40,0,6,74
3,360,50.400000,12.276000,0,0,92790463,1116,0,1116,-40,0,6,74
3,360,50.400000,12.276000,0,0,92790474,1117,0,1117,-40,0,6,74
3,360,50.400000,12.276000,0,0,92790484,1118,0,1118,-40,0,6,74
3,360,50.400000,12.276000,0,0,92790495,1119,0,1119,-40,0,6,74
3,360,50.400000,12.276000,0,0,92790505,1120,0,1120,-40,0,6,74
3,360,50.400000,12.276000,0,0,92790516,1121,0,1121,-40,0,6,74
3,360,50.400000,12.276000,0,0,92790526,1122,0,1122,-40,0,6,74
3,360,50.400000,12.276000,0,0,92790537,1123,0,1123,-40,0,6,74
3,360,50.400000,12.276000,0,0,92790547,1124,0,1124,-40,0,6,74
3,360,50.400000,12.276000,0,0,92790558,1125,0,1125,-40,0,6,74
3,360,50.400000,12.276000,0,0,92790569,1126,0,1126,-40,0,6,74
3,360,50.400000,12.276000,0,0,92790579,1128,0,1128,-40,0,6,74
3,360,50.400000,12.276000,0,0,92790590,1129,0,1129,-41,0,6,74
3,360,50.400000,12.276000,0,0,92790600,1129,0,1129,-41,0,6,74
3,360,50.400000,12.276000,0,0,92790611,1130,0,1130,-41,0,6,74
3,360,50.400000,12.276000,0,0,92790622,1131,0,1131,-41,0,6,74
3,360,50.400000,12.276000,0,0,92790632,1131,0,1131,-41,0,6,74
3,360,50.400000,12.276000,0,0,92790647,1131,0,1131,-41,0,6,74
