3,720,50.400000,12.276000,0,0,92787903,600,0,600,0,0,6,73
3,720,50.400000,12.276000,0,0,92787905,600,0,600,0,0,6,73
3,720,50.400000,12.276000,0,0,92787915,600,0,600,0,0,6,73
3,720,50.400000,12.276000,0,0,92787925,600,0,600,0,0,6,73
3,720,50.400000,12.276000,0,0,92787935,600,0,600,0,0,6,73
3,720,50.400000,12.276000,0,0,92787944,600,0,600,-1,0,6,73
3,720,50.400000,12.276000,0,0,92787955,601,0,601,-3,0,6,73
3,720,50.400000,12.276000,0,0,92787965,603,0,603,-4,0,6,73
3,720,50.400000,12.276000,0,0,92787975,605,0,605,-6,0,6,73
3,720,50.400000,12.276000,0,0,92787984,608,0,608,-8,0,6,73
3,720,50.400000,12.276000,0,0,92787994,613,0,613,-10,0,6,73
3,720,50.400000,12.276000,0,0,92788005,618,0,618,-13,0,6,73
3,720,50.400000,12.276000,0,0,92788017,625,0,625,-18,0,6,73
3,720,50.400000,12.276000,0,0,92788028,634,0,634,-22,0,6,73
3,720,50.400000,12.276000,0,0,92788039,642,0,642,-27,0,6,73
3,720,50.400000,12.276000,0,0,92788049,649,0,649,-30,0,6,73
3,720,50.400000,12.276000,0,0,92788060,657,0,657,-33,0,6,73
3,720,50.400000,12.276000,0,0,92788070,667,0,667,-37,0,6,73
3,720,50.400000,12.276000,0,0,92788081,683,0,683,-42,0,6,73
3,720,50.400000,12.276000,0,0,92788092,700,0,700,-46,0,6,73
3,720,50.400000,12.276000,0,0,92788103,724,0,724,-50,0,6,73
3,720,50.400000,12.276000,0,0,92788113,744,0,744,-54,0,6,73
3,720,50.400000,12.276000,0,0,92788124,767,0,767,-58,0,6,73
3,720,50.400000,12.276000,0,0,92788135,793,0,793,-62,0,6,73
3,720,50.400000,12.276000,0,0,92788146,817,0,817,-66,0,6,73
3,720,50.400000,12.276000,0,0,92788157,841,0,841,-70,0,6,73
3,720,50.400000,12.276000,0,0,92788168,874,0,874,-75,0,6,73
3,720,50.400000,12.276000,0,0,92788183,906,0,906,-80,0,6,73
3,720,50.400000,12.276000,0,0,92788194,969,0,969,-89,0,6,73
3,720,50.400000,12.276000,0,0,92788206,1009,0,1009,-95,0,6,73
3,720,50.400000,12.276000,0,0,92788216,1047,0,1047,-101,0,6,73
3,720,50.400000,12.276000,0,0,92788227,1076,0,1076,-106,0,6,73
3,720,50.400000,12.276000,0,0,92788238,1094,0,1094,-109,0,6,73
3,720,50.400000,12.276000,0,0,92788249,1109,0,1109,-112,0,6,73
3,720,50.400000,12.276000,0,0,92788260,1122,0,1122,-115,0,6,73
3,720,50.400000,12.276000,0,0,92788271,1135,0,1135,-118,0,6,73
3,720,50.400000,12.276000,0,0,92788282,1143,0,1143,-121,0,6,73
3,720,50.400000,12.276000,0,0,92788292,1148,0,1148,-123,0,6,73
3,720,50.400000,12.276000,0,0,92788302,1151,0,1151,-124,0,6,73
3,720,50.400000,12.276000,0,0,92788312,1153,0,1153,-125,0,6,73
3,720,50.400000,12.276000,0,0,92788323,1154,0,1154,-126,0,6,73
3,720,50.400000,12.276000,0,0,92788333,1155,0,1155,-126,0,6,73
3,720,50.400000,12.276000,0,0,92788344,1156,0,1156,-126,0,6,73
3,720,50.400000,12.276000,0,0,92788354,1157,0,1157,-127,0,6,73
3,720,50.400000,12.276000,0,0,92788365,1158,0,1158,-127,0,6,73
3,720,50.400000,12.276000,0,0,92788376,1160,0,1160,-127,0,6,73
3,720,50.400000,12.276000,0,0,92788386,1163,0,1163,-127,0,6,73
3,720,50.400000,12.276000,0,0,92788396,1166,0,1166,-128,0,6,73
3,720,50.400000,12.276000,0,0,92788407,1170,0,1170,-128,0,6,73
3,720,50.400000,12.276000,0,0,92788418,1175,0,1175,-129,0,6,73
3,720,50.400000,12.276000,0,0,92788431,1181,0,1181,-130,0,6,73
3,720,50.400000,12.276000,0,0,92788441,1188,0,1188,-132,0,6,73
3,720,50.400000,12.276000,0,0,92788456,1192,0,1192,-133,0,6,73
3,720,50.400000,12.276000,0,0,92788467,1198,0,1198,-135,0,6,73
3,720,50.400000,12.276000,0,0,92788478,1202,0,1202,-137,0,6,73
3,720,50.400000,12.276000,0,0,92788489,1206,0,1206,-139,0,6,73
3,720,50.400000,12.276000,0,0,92788500,1212,0,1212,-140,0,6,73
3,720,50.400000,12.276000,0,0,92788515,1217,0,1217,-142,0,6,73
3,720,50.400000,12.276000,0,0,92788531,1228,0,1228,-144,0,6,73
3,720,50.400000,12.276000,0,0,92788542,1239,0,1239,-146,0,6,73
3,720,50.400000,12.276000,0,0,92788552,1245,0,1245,-147,0,6,73
3,720,50.400000,12.276000,0,0,92788563,1251,0,1251,-149,0,6,73
3,720,50.400000,12.276000,0,0,92788576,1255,0,1255,-150,0,6,73
3,720,50.400000,12.276000,0,0,92788587,1260,0,1260,-150,0,6,73
3,720,50.400000,12.276000,0,0,92788597,1264,0,1264,-151,0,6,73
3,720,50.400000,12.276000,0,0,92788608,1269,0,1269,-151,0,6,73
3,720,50.400000,12.276000,0,0,92788619,1274,0,1274,-153,0,6,73
3,720,50.400000,12.276000,0,0,92788630,1278,0,1278,-154,0,6,73
3,720,50.400000,12.276000,0,0,92788641,1280,0,1280,-154,0,6,73
3,720,50.400000,12.276000,0,0,92788651,1281,0,1281,-154,0,6,73
3,720,50.400000,12.276000,0,0,92788662,1282,0,1282,-155,0,6,73
3,720,50.400000,12.276000,0,0,92788672,1283,0,1283,-155,0,6,73
3,720,50.400000,12.276000,0,0,92788683,1284,0,1284,-155,0,6,73
3,720,50.400000,12.276000,0,0,92788693,1284,0,1284,-155,0,6,73
3,720,50.400000,12.276000,0,0,92788704,1284,0,1284,-155,0,6,73
3,720,50.400000,12.276000,0,0,92788714,1284,0,1284,-155,0,6,73
3,720,50.400000,12.276000,0,0,92788725,1284,0,1284,-155,0,6,73
3,720,50.400000,12.276000,0,0,92788735,1284,0,1284,-155,0,6,73
3,720,50.400000,12.276000,0,0,92788745,1284,0,1284,-155,0,6,73
3,720,50.400000,12.276000,0,0,92788762,1285,0,1285,-155,0,6,73
3,720,50.400000,12.276000,0,0,92788778,1287,0,1287,-155,0,6,73
3,720,50.400000,12.276000,0,0,92788789,1290,0,1290,-156,0,6,73
3,720,50.400000,12.276000,0,0,92788800,1292,0,1292,-156,0,6,73
3,720,50.400000,12.276000,0,0,92788810,1293,0,1293,-156,0,6,73
3,720,50.400000,12.276000,0,0,92788821,1294,0,1294,-156,0,6,73
3,720,50.400000,12.276000,0,0,92788831,1295,0,1295,-157,0,6,73
3,720,50.400000,12.276000,0,0,92788842,1295,0,1295,-157,0,6,73
3,720,50.400000,12.276000,0,0,92788853,1296,0,1296,-157,0,6,73
3,720,50.400000,12.276000,0,0,92788863,1297,0,1297,-157,0,6,73
3,720,50.400000,12.276000,0,0,92788874,1298,0,1298,-157,0,6,73
3,720,50.400000,12.276000,0,0,92788886,1300,0,1300,-157,0,6,73
3,720,50.400000,12.276000,0,0,92788897,1302,0,1302,-157,0,6,73
3,720,50.400000,12.276000,0,0,92788907,1304,0,1304,-157,0,6,73
3,720,50.400000,12.276000,0,0,92788918,1306,0,1306,-157,0,6,73
3,720,50.400000,12.276000,0,0,92788928,1307,0,1307,-158,0,6,73
3,720,50.400000,12.276000,0,0,92788939,1308,0,1308,-158,0,6,73
3,720,50.400000,12.276000,0,0,92788949,1309,0,1309,-158,0,6,73
3,720,50.400000,12.276000,0,0,92788959,1309,0,1309,-158,0,6,73
3,720,50.400000,12.276000,0,0,92788970,1309,0,1309,-158,0,6,73
3,720,50.400000,12.276000,0,0,92788981,1309,0,1309,-158,0,6,73
3,720,50.400000,12.276000,0,0,92788992,1309,0,1309,-158,0,6,73
3,720,50.400000,12.276000,0,0,92789002,1310,0,1310,-158,0,6,73
3,720,50.400000,12.276000,0,0,92789013,1310,0,1310,-158,0,6,73
3,720,50.400000,12.276000,0,0,92789023,1310,0,1310,-158,0,6,73
3,720,50.400000,12.276000,0,0,92789033,1310,0,1310,-158,0,6,73
