3,360,82.800000,10000.000000,0,1,92770247,780,22,780,22,0,6,64
3,360,82.800000,10000.000000,0,1,92770247,780,22,780,22,0,6,64
3,360,82.800000,10000.000000,0,1,92770258,780,22,780,22,0,6,64
3,360,82.800000,10000.000000,0,1,92770269,780,22,780,22,0,6,64
3,360,82.800000,10000.000000,0,1,92770279,780,22,780,22,0,6,64
3,360,82.800000,10000.000000,0,1,92770290,780,22,780,22,0,6,64
3,360,82.800000,10000.000000,0,1,92770300,780,22,780,22,0,6,64
3,360,82.800000,10000.000000,0,1,92770313,782,21,782,21,0,6,64
3,360,82.800000,10000.000000,0,1,92770324,787,20,787,20,0,6,64
3,360,82.800000,10000.000000,0,1,92770336,794,18,794,18,0,6,64
3,360,82.800000,10000.000000,0,1,92770349,806,16,806,16,0,6,64
3,360,82.800000,10000.000000,0,1,92770360,823,14,823,14,0,6,64
3,360,82.800000,10000.000000,0,1,92770374,838,13,838,13,0,6,64
3,360,82.800000,10000.000000,0,1,92770385,864,11,864,11,0,6,64
3,360,82.800000,10000.000000,0,1,92770396,882,9,882,9,0,6,64
3,360,82.800000,10000.000000,0,1,92770407,907,6,907,6,0,6,64
3,360,82.800000,10000.000000,0,1,92770417,930,3,930,3,0,6,64
3,360,82.800000,10000.000000,0,1,92770428,949,0,949,0,0,6,64
3,360,82.800000,10000.000000,0,1,92770440,971,0,971,-3,0,6,64
3,360,82.800000,10000.000000,0,1,92770454,992,0,992,-6,0,6,64
3,360,82.800000,10000.000000,0,1,92770470,1019,0,1019,-8,0,6,64
3,360,82.800000,10000.000000,0,1,92770486,1048,0,1048,-12,0,6,64
3,360,82.800000,10000.000000,0,1,92770497,1069,0,1069,-15,0,6,64
3,360,82.800000,10000.000000,0,1,92770508,1079,0,1079,-18,0,6,64
3,360,82.800000,10000.000000,0,1,92770518,1085,0,1085,-20,0,6,64
3,360,82.800000,10000.000000,0,1,92770533,1089,0,1089,-21,0,6,64
3,360,82.800000,10000.000000,0,1,92770544,1093,0,1093,-24,0,6,64
3,360,82.800000,10000.000000,0,1,92770555,1095,0,1095,-25,0,6,64
3,360,82.800000,10000.000000,0,1,92770567,1098,0,1098,-26,0,6,64
3,360,82.800000,10000.000000,0,1,92770582,1101,0,1101,-26,0,6,64
3,360,82.800000,10000.000000,0,1,92770592,1104,0,1104,-27,0,6,64
3,360,82.800000,10000.000000,0,1,92770603,1105,0,1105,-28,0,6,64
3,360,82.800000,10000.000000,0,1,92770613,1106,0,1106,-28,0,6,64
3,360,82.800000,10000.000000,0,1,92770629,1106,0,1106,-28,0,6,64
3,360,82.800000,10000.000000,0,1,92770639,1107,0,1107,-28,0,6,64
3,360,82.800000,10000.000000,0,1,92770650,1107,0,1107,-28,0,6,64
3,360,82.800000,10000.000000,0,1,92770660,1107,0,1107,-28,0,6,64
3,360,82.800000,10000.000000,0,1,92770671,1108,0,1108,-28,0,6,64
3,360,82.800000,10000.000000,0,1,92770682,1109,0,1109,-28,0,6,64
3,360,82.800000,10000.000000,0,1,92770692,1111,0,1111,-28,0,6,64
3,360,82.800000,10000.000000,0,1,92770704,1112,0,1112,-29,0,6,64
3,360,82.800000,10000.000000,0,1,92770714,1113,0,1113,-29,0,6,64
3,360,82.800000,10000.000000,0,1,92770725,1113,0,1113,-29,0,6,64
3,360,82.800000,10000.000000,0,1,92770735,1113,0,1113,-29,0,6,64
3,360,82.800000,10000.000000,0,1,92770746,1113,0,1113,-29,0,6,64
3,360,82.800000,10000.000000,0,1,92770755,1113,0,1113,-29,0,6,64
