3,720,21.600000,22.608000,1,0,92690403,600,0,600,0,0,6,16
3,720,21.600000,22.608000,1,0,92690404,600,0,600,0,0,6,16
3,720,21.600000,22.608000,1,0,92690415,600,0,600,0,0,6,16
3,720,21.600000,22.608000,1,0,92690426,600,0,600,0,0,6,16
3,720,21.600000,22.608000,1,0,92690436,600,0,600,0,0,6,16
3,720,21.600000,22.608000,1,0,92690447,600,0,600,0,0,6,16
3,720,21.600000,22.608000,1,0,92690457,600,0,600,0,0,6,16
3,720,21.600000,22.608000,1,0,92690468,600,0,600,0,0,6,16
3,720,21.600000,22.608000,1,0,92690479,600,0,600,0,0,6,16
3,720,21.600000,22.608000,1,0,92690489,600,0,600,0,0,6,16
3,720,21.600000,22.608000,1,0,92690500,600,0,600,0,0,6,16
3,720,21.600000,22.608000,1,0,92690511,601,0,601,0,0,6,16
3,720,21.600000,22.608000,1,0,92690522,606,0,606,-2,0,6,16
3,720,21.600000,22.608000,1,0,92690533,616,0,616,-2,0,6,16
3,720,21.600000,22.608000,1,0,92690543,630,0,630,-3,0,6,16
3,720,21.600000,22.608000,1,0,92690553,650,0,650,-3,0,6,16
3,720,21.600000,22.608000,1,0,92690564,674,0,674,-3,0,6,16
3,720,21.600000,22.608000,1,0,92690575,706,0,706,-3,0,6,16
3,720,21.600000,22.608000,1,0,92690586,743,0,743,-4,0,6,16
3,720,21.600000,22.608000,1,0,92690597,775,0,775,-4,0,6,16
3,720,21.600000,22.608000,1,0,92690607,805,0,805,-6,0,6,16
3,720,21.600000,22.608000,1,0,92690623,829,0,829,-8,0,6,16
3,720,21.600000,22.608000,1,0,92690633,865,0,865,-11,0,6,16
3,720,21.600000,22.608000,1,0,92690644,891,0,891,-13,0,6,16
3,720,21.600000,22.608000,1,0,92690655,918,0,918,-15,0,6,16
3,720,21.600000,22.608000,1,0,92690665,942,0,942,-17,0,6,16
3,720,21.600000,22.608000,1,0,92690676,968,0,968,-18,0,6,16
3,720,21.600000,22.608000,1,0,92690687,991,0,991,-19,0,6,16
3,720,21.600000,22.608000,1,0,92690699,1015,0,1015,-19,0,6,16
3,720,21.600000,22.608000,1,0,92690710,1034,0,1034,-19,0,6,16
3,720,21.600000,22.608000,1,0,92690721,1052,0,1052,-19,0,6,16
3,720,21.600000,22.608000,1,0,92690732,1064,0,1064,-19,0,6,16
3,720,21.600000,22.608000,1,0,92690743,1076,0,1076,-20,0,6,16
3,720,21.600000,22.608000,1,0,92690758,1084,0,1084,-20,0,6,16
3,720,21.600000,22.608000,1,0,92690770,1096,0,1096,-20,0,6,16
3,720,21.600000,22.608000,1,0,92690781,1104,0,1104,-21,0,6,16
3,720,21.600000,22.608000,1,0,92690792,1113,0,1113,-21,0,6,16
3,720,21.600000,22.608000,1,0,92690803,1123,0,1123,-21,0,6,16
3,720,21.600000,22.608000,1,0,92690814,1133,0,1133,-21,0,6,16
3,720,21.600000,22.608000,1,0,92690824,1142,0,1142,-21,0,6,16
3,720,21.600000,22.608000,1,0,92690835,1149,0,1149,-21,0,6,16
3,720,21.600000,22.608000,1,0,92690845,1155,0,1155,-21,0,6,16
3,720,21.600000,22.608000,1,0,92690856,1161,0,1161,-21,0,6,16
3,720,21.600000,22.608000,1,0,92690866,1167,0,1167,-21,0,6,16
3,720,21.600000,22.608000,1,0,92690876,1172,0,1172,-21,0,6,16
3,720,21.600000,22.608000,1,0,92690887,1177,0,1177,-21,0,6,16
3,720,21.600000,22.608000,1,0,92690898,1182,0,1182,-21,0,6,16
3,720,21.600000,22.608000,1,0,92690908,1187,0,1187,-21,0,6,16
3,720,21.600000,22.608000,1,0,92690921,1190,0,1190,-21,0,6,16
3,720,21.600000,22.608000,1,0,92690931,1193,0,1193,-21,0,6,16
3,720,21.600000,22.608000,1,0,92690942,1197,0,1197,-21,0,6,16
3,720,21.600000,22.608000,1,0,92690953,1201,0,1201,-21,0,6,16
3,720,21.600000,22.608000,1,0,92690964,1205,0,1205,-21,0,6,16
3,720,21.600000,22.608000,1,0,92690976,1210,0,1210,-21,0,6,16
3,720,21.600000,22.608000,1,0,92690987,1218,0,1218,-21,0,6,16
3,720,21.600000,22.608000,1,0,92691003,1227,0,1227,-21,0,6,16
3,720,21.600000,22.608000,1,0,92691014,1238,0,1238,-21,0,6,16
3,720,21.600000,22.608000,1,0,92691025,1244,0,1244,-21,0,6,16
3,720,21.600000,22.608000,1,0,92691035,1247,0,1247,-21,0,6,16
3,720,21.600000,22.608000,1,0,92691046,1249,0,1249,-21,0,6,16
3,720,21.600000,22.608000,1,0,92691062,1251,0,1251,-21,0,6,16
3,720,21.600000,22.608000,1,0,92691077,1255,0,1255,-22,0,6,16
3,720,21.600000,22.608000,1,0,92691093,1260,0,1260,-22,0,6,16
3,720,21.600000,22.608000,1,0,92691103,1265,0,1265,-23,0,6,16
3,720,21.600000,22.608000,1,0,92691115,1268,0,1268,-23,0,6,16
3,720,21.600000,22.608000,1,0,92691127,1271,0,1271,-23,0,6,16
3,720,21.600000,22.608000,1,0,92691137,1274,0,1274,-24,0,6,16
3,720,21.600000,22.608000,1,0,92691148,1276,0,1276,-24,0,6,16
3,720,21.600000,22.608000,1,0,92691158,1277,0,1277,-24,0,6,16
3,720,21.600000,22.608000,1,0,92691169,1278,0,1278,-24,0,6,16
3,720,21.600000,22.608000,1,0,92691179,1279,0,1279,-24,0,6,16
3,720,21.600000,22.608000,1,0,92691190,1281,0,1281,-24,0,6,16
3,720,21.600000,22.608000,1,0,92691200,1282,0,1282,-24,0,6,16
3,720,21.600000,22.608000,1,0,92691211,1283,1,1283,-23,0,6,16
3,720,21.600000,22.608000,1,0,92691221,1283,1,1283,-23,0,6,16
3,720,21.600000,22.608000,1,0,92691232,1283,1,1283,-23,0,6,16
3,720,21.600000,22.608000,1,0,92691242,1283,1,1283,-23,0,6,16
3,720,21.600000,22.608000,1,0,92691252,1283,1,1283,-23,0,6,16
3,720,21.600000,22.608000,1,0,92691262,1283,1,1283,-23,0,6,16
3,720,21.600000,22.608000,1,0,92691273,1283,1,1283,-23,0,6,16
3,720,21.600000,22.608000,1,0,92691283,1284,1,1284,-23,0,6,16
3,720,21.600000,22.608000,1,0,92691293,1285,1,1285,-23,0,6,16
3,720,21.600000,22.608000,1,0,92691308,1285,1,1285,-23,0,6,16
3,720,21.600000,22.608000,1,0,92691318,1287,1,1287,-23,0,6,16
3,720,21.600000,22.608000,1,0,92691329,1288,1,1288,-23,0,6,16
3,720,21.600000,22.608000,1,0,92691341,1288,1,1288,-23,0,6,16
3,720,21.600000,22.608000,1,0,92691357,1289,1,1289,-23,0,6,16
3,720,21.600000,22.608000,1,0,92691367,1291,1,1291,-23,0,6,16
3,720,21.600000,22.608000,1,0,92691377,1292,1,1292,-23,0,6,16
3,720,21.600000,22.608000,1,0,92691388,1293,1,1293,-23,0,6,16
3,720,21.600000,22.608000,1,0,92691399,1294,1,1294,-23,0,6,16
3,720,21.600000,22.608000,1,0,92691410,1295,1,1295,-23,0,6,16
3,720,21.600000,22.608000,1,0,92691420,1296,1,1296,-23,0,6,16
3,720,21.600000,22.608000,1,0,92691431,1298,1,1298,-23,0,6,16
3,720,21.600000,22.608000,1,0,92691442,1299,1,1299,-23,0,6,16
3,720,21.600000,22.608000,1,0,92691452,1301,1,1301,-23,0,6,16
3,720,21.600000,22.608000,1,0,92691463,1302,1,1302,-23,0,6,16
3,720,21.600000,22.608000,1,0,92691473,1304,1,1304,-23,0,6,16
3,720,21.600000,22.608000,1,0,92691483,1304,1,1304,-23,0,6,16
3,720,21.600000,22.608000,1,0,92691493,1305,1,1305,-23,0,6,16
3,720,21.600000,22.608000,1,0,92691504,1305,1,1305,-23,0,6,16
3,720,21.600000,22.608000,1,0,92691514,1305,1,1305,-23,0,6,16
3,720,21.600000,22.608000,1,0,92691524,1305,0,1305,-24,0,6,16
3,720,21.600000,22.608000,1,0,92691534,1305,0,1305,-24,0,6,16
3,720,21.600000,22.608000,1,0,92691545,1305,0,1305,-24,0,6,16
3,720,21.600000,22.608000,1,0,92691555,1306,0,1306,-24,0,6,16
3,720,21.600000,22.608000,1,0,92691565,1306,0,1306,-24,0,6,16
3,720,21.600000,22.608000,1,0,92691575,1308,0,1308,-24,0,6,16
3,720,21.600000,22.608000,1,0,92691586,1310,0,1310,-24,0,6,16
3,720,21.600000,22.608000,1,0,92691596,1312,0,1312,-24,0,6,16
3,720,21.600000,22.608000,1,0,92691606,1312,0,1312,-24,0,6,16
3,720,21.600000,22.608000,1,0,92691616,1312,0,1312,-24,0,6,16
3,720,21.600000,22.608000,1,0,92691626,1312,0,1312,-24,0,6,16
3,720,21.600000,22.608000,1,0,92691636,1312,0,1312,-24,0,6,16
3,720,21.600000,22.608000,1,0,92691647,1312,0,1312,-24,0,6,16
3,720,21.600000,22.608000,1,0,92691657,1312,0,1312,-24,0,6,16
3,720,21.600000,22.608000,1,0,92691667,1312,0,1312,-24,0,6,16
3,720,21.600000,22.608000,1,0,92691677,1313,0,1313,-24,0,6,16
3,720,21.600000,22.608000,1,0,92691687,1313,0,1313,-24,0,6,16
3,720,21.600000,22.608000,1,0,92691697,1313,0,1313,-24,0,6,16
3,720,21.600000,22.608000,1,0,92691708,1314,0,1314,-25,0,6,16
3,720,21.600000,22.608000,1,0,92691718,1315,0,1315,-26,0,6,16
3,720,21.600000,22.608000,1,0,92691729,1316,0,1316,-26,0,6,16
3,720,21.600000,22.608000,1,0,92691742,1316,0,1316,-26,0,6,16
3,720,21.600000,22.608000,1,0,92691752,1317,0,1317,-26,0,6,16
3,720,21.600000,22.608000,1,0,92691762,1318,0,1318,-26,0,6,16
3,720,21.600000,22.608000,1,0,92691772,1319,0,1319,-26,0,6,16
3,720,21.600000,22.608000,1,0,92691782,1319,0,1319,-26,0,6,16
3,720,21.600000,22.608000,1,0,92691792,1319,0,1319,-26,0,6,16
3,720,21.600000,22.608000,1,0,92691802,1319,0,1319,-26,0,6,16
3,720,21.600000,22.608000,1,0,92691811,1319,0,1319,-26,0,6,16
3,720,21.600000,22.608000,1,0,92691821,1319,0,1319,-26,0,6,16
3,720,21.600000,22.608000,1,0,92691832,1319,0,1319,-27,0,6,16
3,720,21.600000,22.608000,1,0,92691841,1320,0,1320,-27,0,6,16
3,720,21.600000,22.608000,1,0,92691851,1321,0,1321,-28,0,6,16
3,720,21.600000,22.608000,1,0,92691861,1321,0,1321,-28,0,6,16
3,720,21.600000,22.608000,1,0,92691871,1321,0,1321,-28,0,6,16
3,720,21.600000,22.608000,1,0,92691882,1321,0,1321,-29,0,6,16
3,720,21.600000,22.608000,1,0,92691891,1321,0,1321,-30,0,6,16
