3,720,50.400000,12.276000,1,0,92870281,600,0,600,0,0,6,117
3,720,50.400000,12.276000,1,0,92870282,600,0,600,0,0,6,117
3,720,50.400000,12.276000,1,0,92870294,600,0,600,0,0,6,117
3,720,50.400000,12.276000,1,0,92870304,600,0,600,0,0,6,117
3,720,50.400000,12.276000,1,0,92870315,600,0,600,0,0,6,117
3,720,50.400000,12.276000,1,0,92870326,600,0,600,0,0,6,117
3,720,50.400000,12.276000,1,0,92870341,600,0,600,0,0,6,117
3,720,50.400000,12.276000,1,0,92870351,600,0,600,0,0,6,117
3,720,50.400000,12.276000,1,0,92870362,600,0,600,0,0,6,117
3,720,50.400000,12.276000,1,0,92870372,600,0,600,0,0,6,117
3,720,50.400000,12.276000,1,0,92870384,602,0,602,0,0,6,117
3,720,50.400000,12.276000,1,0,92870394,607,0,607,-2,0,6,117
3,720,50.400000,12.276000,1,0,92870405,615,0,615,-5,0,6,117
3,720,50.400000,12.276000,1,0,92870416,627,0,627,-7,0,6,117
3,720,50.400000,12.276000,1,0,92870427,639,0,639,-9,0,6,117
3,720,50.400000,12.276000,1,0,92870438,659,0,659,-12,0,6,117
3,720,50.400000,12.276000,1,0,92870449,685,0,685,-15,0,6,117
3,720,50.400000,12.276000,1,0,92870460,713,0,713,-17,0,6,117
3,720,50.400000,12.276000,1,0,92870471,743,0,743,-20,0,6,117
3,720,50.400000,12.276000,1,0,92870483,771,0,771,-24,0,6,117
3,720,50.400000,12.276000,1,0,92870496,803,0,803,-28,0,6,117
3,720,50.400000,12.276000,1,0,92870507,834,0,834,-34,0,6,117
3,720,50.400000,12.276000,1,0,92870520,864,0,864,-40,0,6,117
3,720,50.400000,12.276000,1,0,92870531,886,0,886,-45,0,6,117
3,720,50.400000,12.276000,1,0,92870546,909,0,909,-50,0,6,117
3,720,50.400000,12.276000,1,0,92870563,939,0,939,-57,0,6,117
3,720,50.400000,12.276000,1,0,92870581,968,0,968,-63,0,6,117
3,720,50.400000,12.276000,1,0,92870592,1001,0,1001,-68,0,6,117
3,720,50.400000,12.276000,1,0,92870604,1020,0,1020,-71,0,6,117
3,720,50.400000,12.276000,1,0,92870614,1041,0,1041,-73,0,6,117
3,720,50.400000,12.276000,1,0,92870625,1062,0,1062,-76,0,6,117
3,720,50.400000,12.276000,1,0,92870642,1080,0,1080,-78,0,6,117
3,720,50.400000,12.276000,1,0,92870658,1108,0,1108,-81,0,6,117
3,720,50.400000,12.276000,1,0,92870671,1127,0,1127,-83,0,6,117
3,720,50.400000,12.276000,1,0,92870684,1140,0,1140,-85,0,6,117
3,720,50.400000,12.276000,1,0,92870700,1152,0,1152,-86,0,6,117
3,720,50.400000,12.276000,1,0,92870712,1166,0,1166,-87,0,6,117
3,720,50.400000,12.276000,1,0,92870725,1175,0,1175,-88,0,6,117
3,720,50.400000,12.276000,1,0,92870737,1185,0,1185,-90,0,6,117
3,720,50.400000,12.276000,1,0,92870747,1192,0,1192,-90,0,6,117
3,720,50.400000,12.276000,1,0,92870759,1198,0,1198,-91,0,6,117
3,720,50.400000,12.276000,1,0,92870772,1203,0,1203,-92,0,6,117
3,720,50.400000,12.276000,1,0,92870784,1209,0,1209,-93,0,6,117
3,720,50.400000,12.276000,1,0,92870799,1212,0,1212,-94,0,6,117
3,720,50.400000,12.276000,1,0,92870810,1217,0,1217,-95,0,6,117
3,720,50.400000,12.276000,1,0,92870828,1220,0,1220,-95,0,6,117
3,720,50.400000,12.276000,1,0,92870838,1226,0,1226,-96,0,6,117
3,720,50.400000,12.276000,1,0,92870850,1231,0,1231,-96,0,6,117
3,720,50.400000,12.276000,1,0,92870861,1236,0,1236,-97,0,6,117
3,720,50.400000,12.276000,1,0,92870877,1241,0,1241,-97,0,6,117
3,720,50.400000,12.276000,1,0,92870892,1249,0,1249,-98,0,6,117
3,720,50.400000,12.276000,1,0,92870908,1257,0,1257,-98,0,6,117
3,720,50.400000,12.276000,1,0,92870925,1265,0,1265,-99,0,6,117
3,720,50.400000,12.276000,1,0,92870936,1273,0,1273,-100,0,6,117
3,720,50.400000,12.276000,1,0,92870947,1278,0,1278,-100,0,6,117
3,720,50.400000,12.276000,1,0,92870958,1282,0,1282,-100,0,6,117
3,720,50.400000,12.276000,1,0,92870969,1285,0,1285,-100,0,6,117
3,720,50.400000,12.276000,1,0,92870980,1287,0,1287,-100,0,6,117
3,720,50.400000,12.276000,1,0,92870990,1290,0,1290,-100,0,6,117
3,720,50.400000,12.276000,1,0,92871001,1293,0,1293,-100,0,6,117
3,720,50.400000,12.276000,1,0,92871013,1297,0,1297,-100,0,6,117
3,720,50.400000,12.276000,1,0,92871024,1299,0,1299,-100,0,6,117
3,720,50.400000,12.276000,1,0,92871035,1302,0,1302,-100,0,6,117
3,720,50.400000,12.276000,1,0,92871050,1305,0,1305,-100,0,6,117
3,720,50.400000,12.276000,1,0,92871060,1309,0,1309,-100,0,6,117
3,720,50.400000,12.276000,1,0,92871071,1311,0,1311,-100,0,6,117
3,720,50.400000,12.276000,1,0,92871081,1312,0,1312,-100,0,6,117
3,720,50.400000,12.276000,1,0,92871092,1313,0,1313,-100,0,6,117
3,720,50.400000,12.276000,1,0,92871103,1314,0,1314,-100,0,6,117
3,720,50.400000,12.276000,1,0,92871114,1314,0,1314,-101,0,6,117
3,720,50.400000,12.276000,1,0,92871129,1314,0,1314,-101,0,6,117
3,720,50.400000,12.276000,1,0,92871140,1315,0,1315,-101,0,6,117
3,720,50.400000,12.276000,1,0,92871151,1315,0,1315,-101,0,6,117
3,720,50.400000,12.276000,1,0,92871162,1315,0,1315,-101,0,6,117
3,720,50.400000,12.276000,1,0,92871172,1315,0,1315,-101,0,6,117
3,720,50.400000,12.276000,1,0,92871182,1315,0,1315,-101,0,6,117
3,720,50.400000,12.276000,1,0,92871192,1315,0,1315,-101,0,6,117
