3,720,50.400000,22.608000,0,1,92779880,600,22,600,22,0,6,70
3,720,50.400000,22.608000,0,1,92779881,600,22,600,22,0,6,70
3,720,50.400000,22.608000,0,1,92779892,600,22,600,22,0,6,70
3,720,50.400000,22.608000,0,1,92779903,600,22,600,22,0,6,70
3,720,50.400000,22.608000,0,1,92779913,600,22,600,22,0,6,70
3,720,50.400000,22.608000,0,1,92779925,600,20,600,20,0,6,70
3,720,50.400000,22.608000,0,1,92779936,601,18,601,18,0,6,70
3,720,50.400000,22.608000,0,1,92779946,602,16,602,16,0,6,70
3,720,50.400000,22.608000,0,1,92779959,604,15,604,15,0,6,70
3,720,50.400000,22.608000,0,1,92779971,608,13,608,13,0,6,70
3,720,50.400000,22.608000,0,1,92779981,614,10,614,10,0,6,70
3,720,50.400000,22.608000,0,1,92779992,622,6,622,6,0,6,70
3,720,50.400000,22.608000,0,1,92780003,631,2,631,2,0,6,70
3,720,50.400000,22.608000,0,1,92780014,641,0,641,-3,0,6,70
3,720,50.400000,22.608000,0,1,92780025,661,0,661,-10,0,6,70
3,720,50.400000,22.608000,0,1,92780037,680,0,680,-16,0,6,70
3,720,50.400000,22.608000,0,1,92780047,705,0,705,-22,0,6,70
3,720,50.400000,22.608000,0,1,92780058,733,0,733,-27,0,6,70
3,720,50.400000,22.608000,0,1,92780070,764,0,764,-33,0,6,70
3,720,50.400000,22.608000,0,1,92780080,798,0,798,-39,0,6,70
3,720,50.400000,22.608000,0,1,92780090,831,0,831,-44,0,6,70
3,720,50.400000,22.608000,0,1,92780101,866,0,866,-49,0,6,70
3,720,50.400000,22.608000,0,1,92780112,899,0,899,-53,0,6,70
3,720,50.400000,22.608000,0,1,92780123,942,0,942,-59,0,6,70
3,720,50.400000,22.608000,0,1,92780133,982,0,982,-64,0,6,70
3,720,50.400000,22.608000,0,1,92780144,1012,0,1012,-68,0,6,70
3,720,50.400000,22.608000,0,1,92780155,1045,0,1045,-73,0,6,70
3,720,50.400000,22.608000,0,1,92780166,1068,0,1068,-76,0,6,70
3,720,50.400000,22.608000,0,1,92780176,1090,0,1090,-79,0,6,70
3,720,50.400000,22.608000,0,1,92780192,1107,0,1107,-81,0,6,70
3,720,50.400000,22.608000,0,1,92780203,1129,0,1129,-84,0,6,70
3,720,50.400000,22.608000,0,1,92780214,1142,0,1142,-86,0,6,70
3,720,50.400000,22.608000,0,1,92780225,1152,0,1152,-86,0,6,70
3,720,50.400000,22.608000,0,1,92780236,1161,0,1161,-87,0,6,70
3,720,50.400000,22.608000,0,1,92780247,1167,0,1167,-88,0,6,70
3,720,50.400000,22.608000,0,1,92780257,1172,0,1172,-89,0,6,70
3,720,50.400000,22.608000,0,1,92780268,1176,0,1176,-90,0,6,70
3,720,50.400000,22.608000,0,1,92780278,1181,0,1181,-91,0,6,70
3,720,50.400000,22.608000,0,1,92780288,1185,0,1185,-91,0,6,70
3,720,50.400000,22.608000,0,1,92780299,1188,0,1188,-92,0,6,70
3,720,50.400000,22.608000,0,1,92780310,1191,0,1191,-92,0,6,70
3,720,50.400000,22.608000,0,1,92780321,1195,0,1195,-92,0,6,70
3,720,50.400000,22.608000,0,1,92780332,1199,0,1199,-93,0,6,70
3,720,50.400000,22.608000,0,1,92780343,1204,0,1204,-94,0,6,70
3,720,50.400000,22.608000,0,1,92780354,1208,0,1208,-95,0,6,70
3,720,50.400000,22.608000,0,1,92780365,1212,0,1212,-96,0,6,70
3,720,50.400000,22.608000,0,1,92780377,1215,0,1215,-97,0,6,70
3,720,50.400000,22.608000,0,1,92780388,1219,0,1219,-98,0,6,70
3,720,50.400000,22.608000,0,1,92780400,1222,0,1222,-99,0,6,70
3,720,50.400000,22.608000,0,1,92780410,1225,0,1225,-99,0,6,70
3,720,50.400000,22.608000,0,1,92780423,1227,0,1227,-100,0,6,70
3,720,50.400000,22.608000,0,1,92780440,1229,0,1229,-100,0,6,70
3,720,50.400000,22.608000,0,1,92780451,1233,0,1233,-101,0,6,70
3,720,50.400000,22.608000,0,1,92780468,1237,0,1237,-101,0,6,70
3,720,50.400000,22.608000,0,1,92780481,1245,0,1245,-101,0,6,70
3,720,50.400000,22.608000,0,1,92780494,1252,0,1252,-102,0,6,70
3,720,50.400000,22.608000,0,1,92780507,1259,0,1259,-103,0,6,70
3,720,50.400000,22.608000,0,1,92780518,1264,0,1264,-104,0,6,70
3,720,50.400000,22.608000,0,1,92780529,1267,0,1267,-104,0,6,70
3,720,50.400000,22.608000,0,1,92780540,1269,0,1269,-105,0,6,70
3,720,50.400000,22.608000,0,1,92780551,1271,0,1271,-105,0,6,70
3,720,50.400000,22.608000,0,1,92780562,1272,0,1272,-105,0,6,70
3,720,50.400000,22.608000,0,1,92780572,1274,0,1274,-106,0,6,70
3,720,50.400000,22.608000,0,1,92780583,1274,0,1274,-106,0,6,70
3,720,50.400000,22.608000,0,1,92780593,1275,0,1275,-106,0,6,70
3,720,50.400000,22.608000,0,1,92780604,1276,0,1276,-106,0,6,70
3,720,50.400000,22.608000,0,1,92780614,1276,0,1276,-106,0,6,70
3,720,50.400000,22.608000,0,1,92780625,1276,0,1276,-106,0,6,70
3,720,50.400000,22.608000,0,1,92780636,1276,0,1276,-106,0,6,70
3,720,50.400000,22.608000,0,1,92780647,1276,0,1276,-106,0,6,70
3,720,50.400000,22.608000,0,1,92780658,1276,0,1276,-106,0,6,70
3,720,50.400000,22.608000,0,1,92780669,1277,0,1277,-106,0,6,70
3,720,50.400000,22.608000,0,1,92780680,1279,0,1279,-107,0,6,70
3,720,50.400000,22.608000,0,1,92780691,1282,0,1282,-107,0,6,70
3,720,50.400000,22.608000,0,1,92780702,1286,0,1286,-108,0,6,70
3,720,50.400000,22.608000,0,1,92780713,1290,0,1290,-108,0,6,70
3,720,50.400000,22.608000,0,1,92780724,1295,0,1295,-108,0,6,70
3,720,50.400000,22.608000,0,1,92780734,1299,0,1299,-109,0,6,70
3,720,50.400000,22.608000,0,1,92780745,1302,0,1302,-109,0,6,70
3,720,50.400000,22.608000,0,1,92780756,1307,0,1307,-110,0,6,70
3,720,50.400000,22.608000,0,1,92780766,1310,0,1310,-111,0,6,70
3,720,50.400000,22.608000,0,1,92780777,1313,0,1313,-111,0,6,70
3,720,50.400000,22.608000,0,1,92780788,1316,0,1316,-112,0,6,70
3,720,50.400000,22.608000,0,1,92780798,1319,0,1319,-112,0,6,70
3,720,50.400000,22.608000,0,1,92780809,1321,0,1321,-112,0,6,70
3,720,50.400000,22.608000,0,1,92780819,1323,0,1323,-113,0,6,70
3,720,50.400000,22.608000,0,1,92780831,1324,0,1324,-113,0,6,70
3,720,50.400000,22.608000,0,1,92780842,1325,0,1325,-113,0,6,70
3,720,50.400000,22.608000,0,1,92780854,1327,0,1327,-113,0,6,70
3,720,50.400000,22.608000,0,1,92780864,1328,0,1328,-114,0,6,70
3,720,50.400000,22.608000,0,1,92780875,1329,0,1329,-114,0,6,70
3,720,50.400000,22.608000,0,1,92780886,1330,0,1330,-114,0,6,70
3,720,50.400000,22.608000,0,1,92780896,1330,0,1330,-114,0,6,70
3,720,50.400000,22.608000,0,1,92780906,1330,0,1330,-114,0,6,70
3,720,50.400000,22.608000,0,1,92780917,1330,0,1330,-114,0,6,70
3,720,50.400000,22.608000,0,1,92780927,1330,0,1330,-114,0,6,70
3,720,50.400000,22.608000,0,1,92780938,1330,0,1330,-114,0,6,70
3,720,50.400000,22.608000,0,1,92780947,1330,0,1330,-114,0,6,70
