3,360,82.800000,10000.000000,1,1,92736804,780,22,780,22,0,6,43
3,360,82.800000,10000.000000,1,1,92736805,780,22,780,22,0,6,43
3,360,82.800000,10000.000000,1,1,92736815,780,22,780,22,0,6,43
3,360,82.800000,10000.000000,1,1,92736825,780,22,780,22,0,6,43
3,360,82.800000,10000.000000,1,1,92736835,780,22,780,22,0,6,43
3,360,82.800000,10000.000000,1,1,92736845,780,22,780,22,0,6,43
3,360,82.800000,10000.000000,1,1,92736856,780,22,780,22,0,6,43
3,360,82.800000,10000.000000,1,1,92736866,780,22,780,22,0,6,43
3,360,82.800000,10000.000000,1,1,92736876,780,22,780,22,0,6,43
3,360,82.800000,10000.000000,1,1,92736891,780,22,780,22,0,6,43
3,360,82.800000,10000.000000,1,1,92736901,780,22,780,22,0,6,43
3,360,82.800000,10000.000000,1,1,92736911,780,22,780,22,0,6,43
3,360,82.800000,10000.000000,1,1,92736927,781,21,781,21,0,6,43
3,360,82.800000,10000.000000,1,1,92736937,787,16,787,16,0,6,43
3,360,82.800000,10000.000000,1,1,92736948,794,12,794,12,0,6,43
3,360,82.800000,10000.000000,1,1,92736960,804,8,804,8,0,6,43
3,360,82.800000,10000.000000,1,1,92736970,816,3,816,3,0,6,43
3,360,82.800000,10000.000000,1,1,92736986,830,0,830,-2,0,6,43
3,360,82.800000,10000.000000,1,1,92736996,857,0,857,-13,0,6,43
3,360,82.800000,10000.000000,1,1,92737008,877,0,877,-20,0,6,43
3,360,82.800000,10000.000000,1,1,92737019,900,0,900,-27,0,6,43
3,360,82.800000,10000.000000,1,1,92737030,926,0,926,-34,0,6,43
3,360,82.800000,10000.000000,1,1,92737041,956,0,956,-41,0,6,43
3,360,82.800000,10000.000000,1,1,92737052,987,0,987,-46,0,6,43
3,360,82.800000,10000.000000,1,1,92737062,1013,0,1013,-51,0,6,43
3,360,82.800000,10000.000000,1,1,92737073,1037,0,1037,-56,0,6,43
3,360,82.800000,10000.000000,1,1,92737084,1060,0,1060,-60,0,6,43
3,360,82.800000,10000.000000,1,1,92737095,1082,0,1082,-64,0,6,43
3,360,82.800000,10000.000000,1,1,92737109,1105,0,1105,-68,0,6,43
3,360,82.800000,10000.000000,1,1,92737120,1135,0,1135,-74,0,6,43
3,360,82.800000,10000.000000,1,1,92737132,1150,0,1150,-77,0,6,43
3,360,82.800000,10000.000000,1,1,92737143,1167,0,1167,-79,0,6,43
3,360,82.800000,10000.000000,1,1,92737154,1178,0,1178,-81,0,6,43
3,360,82.800000,10000.000000,1,1,92737164,1183,0,1183,-82,0,6,43
3,360,82.800000,10000.000000,1,1,92737174,1187,0,1187,-83,0,6,43
3,360,82.800000,10000.000000,1,1,92737185,1189,0,1189,-84,0,6,43
3,360,82.800000,10000.000000,1,1,92737195,1190,0,1190,-85,0,6,43
3,360,82.800000,10000.000000,1,1,92737205,1191,0,1191,-85,0,6,43
3,360,82.800000,10000.000000,1,1,92737215,1192,0,1192,-85,0,6,43
3,360,82.800000,10000.000000,1,1,92737226,1192,0,1192,-85,0,6,43
3,360,82.800000,10000.000000,1,1,92737236,1193,0,1193,-85,0,6,43
3,360,82.800000,10000.000000,1,1,92737247,1193,0,1193,-85,0,6,43
3,360,82.800000,10000.000000,1,1,92737258,1193,0,1193,-85,0,6,43
3,360,82.800000,10000.000000,1,1,92737268,1193,0,1193,-85,0,6,43
3,360,82.800000,10000.000000,1,1,92737283,1193,0,1193,-85,0,6,43
3,360,82.800000,10000.000000,1,1,92737298,1193,0,1193,-85,0,6,43
3,360,82.800000,10000.000000,1,1,92737308,1193,0,1193,-85,0,6,43
3,360,82.800000,10000.000000,1,1,92737317,1193,0,1193,-85,0,6,43
3,360,82.800000,10000.000000,1,1,92737326,1193,0,1193,-85,0,6,43
3,360,82.800000,10000.000000,1,1,92737337,1193,0,1193,-85,0,6,43
3,360,82.800000,10000.000000,1,1,92737347,1193,0,1193,-85,0,6,43
3,360,82.800000,10000.000000,1,1,92737356,1193,0,1193,-85,0,6,43
3,360,82.800000,10000.000000,1,1,92737366,1193,0,1193,-85,0,6,43
3,360,82.800000,10000.000000,1,1,92737378,1193,0,1193,-85,0,6,43
3,360,82.800000,10000.000000,1,1,92737389,1193,0,1193,-85,0,6,43
3,360,82.800000,10000.000000,1,1,92737400,1193,0,1193,-85,0,6,43
3,360,82.800000,10000.000000,1,1,92737416,1193,0,1193,-85,0,6,43
3,360,82.800000,10000.000000,1,1,92737427,1188,0,1188,-85,0,6,43
3,360,82.800000,10000.000000,1,1,92737442,1183,0,1183,-85,0,6,43
3,360,82.800000,10000.000000,1,1,92737453,1175,0,1175,-85,0,6,43
3,360,82.800000,10000.000000,1,1,92737463,1171,0,1171,-85,0,6,43
3,360,82.800000,10000.000000,1,1,92737473,1169,0,1169,-85,0,6,43
3,360,82.800000,10000.000000,1,1,92737484,1167,0,1167,-85,0,6,43
3,360,82.800000,10000.000000,1,1,92737494,1166,0,1166,-85,0,6,43
3,360,82.800000,10000.000000,1,1,92737504,1165,0,1165,-85,0,6,43
3,360,82.800000,10000.000000,1,1,92737514,1165,0,1165,-85,0,6,43
3,360,82.800000,10000.000000,1,1,92737524,1165,0,1165,-85,0,6,43
3,360,82.800000,10000.000000,1,1,92737534,1165,0,1165,-85,0,6,43
3,360,82.800000,10000.000000,1,1,92737544,1164,0,1164,-85,0,6,43
3,360,82.800000,10000.000000,1,1,92737554,1163,0,1163,-85,0,6,43
3,360,82.800000,10000.000000,1,1,92737568,1161,0,1161,-85,0,6,43
3,360,82.800000,10000.000000,1,1,92737578,1157,0,1157,-85,0,6,43
3,360,82.800000,10000.000000,1,1,92737588,1156,0,1156,-85,0,6,43
3,360,82.800000,10000.000000,1,1,92737598,1156,0,1156,-85,0,6,43
3,360,82.800000,10000.000000,1,1,92737608,1156,0,1156,-85,0,6,43
3,360,82.800000,10000.000000,1,1,92737618,1156,0,1156,-85,0,6,43
3,360,82.800000,10000.000000,1,1,92737629,1156,0,1156,-85,0,6,43
3,360,82.800000,10000.000000,1,1,92737639,1156,0,1156,-85,0,6,43
3,360,82.800000,10000.000000,1,1,92737649,1156,0,1156,-85,0,6,43
3,360,82.800000,10000.000000,1,1,92737658,1156,0,1156,-85,0,6,43
3,360,82.800000,10000.000000,1,1,92737668,1156,0,1156,-85,0,6,43
3,360,82.800000,10000.000000,1,1,92737678,1156,0,1156,-85,0,6,43
3,360,82.800000,10000.000000,1,1,92737687,1156,0,1156,-85,0,6,43
3,360,82.800000,10000.000000,1,1,92737698,1156,0,1156,-85,0,6,43
3,360,82.800000,10000.000000,1,1,92737707,1156,0,1156,-85,0,6,43
3,360,82.800000,10000.000000,1,1,92737716,1156,0,1156,-85,0,6,43
3,360,82.800000,10000.000000,1,1,92737727,1156,0,1156,-85,0,6,43
3,360,82.800000,10000.000000,1,1,92737737,1156,0,1156,-85,0,6,43
3,360,82.800000,10000.000000,1,1,92737746,1156,0,1156,-85,0,6,43
