3,720,50.400000,42.984000,0,1,92806771,600,22,600,22,0,6,83
3,720,50.400000,42.984000,0,1,92806772,600,22,600,22,0,6,83
3,720,50.400000,42.984000,0,1,92806782,600,22,600,22,0,6,83
3,720,50.400000,42.984000,0,1,92806798,600,22,600,22,0,6,83
3,720,50.400000,42.984000,0,1,92806808,600,22,600,22,0,6,83
3,720,50.400000,42.984000,0,1,92806819,600,22,600,22,0,6,83
3,720,50.400000,42.984000,0,1,92806829,600,22,600,22,0,6,83
3,720,50.400000,42.984000,0,1,92806839,600,22,600,22,0,6,83
3,720,50.400000,42.984000,0,1,92806850,600,21,600,21,0,6,83
3,720,50.400000,42.984000,0,1,92806860,601,21,601,21,0,6,83
3,720,50.400000,42.984000,0,1,92806876,602,20,602,20,0,6,83
3,720,50.400000,42.984000,0,1,92806886,603,19,603,19,0,6,83
3,720,50.400000,42.984000,0,1,92806899,604,19,604,19,0,6,83
3,720,50.400000,42.984000,0,1,92806914,607,18,607,18,0,6,83
3,720,50.400000,42.984000,0,1,92806924,614,15,614,15,0,6,83
3,720,50.400000,42.984000,0,1,92806934,620,12,620,12,0,6,83
3,720,50.400000,42.984000,0,1,92806945,628,10,628,10,0,6,83
3,720,50.400000,42.984000,0,1,92806956,637,6,637,6,0,6,83
3,720,50.400000,42.984000,0,1,92806971,647,2,647,2,0,6,83
3,720,50.400000,42.984000,0,1,92806986,665,0,665,-4,0,6,83
3,720,50.400000,42.984000,0,1,92806998,690,0,690,-11,0,6,83
3,720,50.400000,42.984000,0,1,92807008,715,0,715,-18,0,6,83
3,720,50.400000,42.984000,0,1,92807019,744,0,744,-24,0,6,83
3,720,50.400000,42.984000,0,1,92807031,773,0,773,-30,0,6,83
3,720,50.400000,42.984000,0,1,92807042,808,0,808,-37,0,6,83
3,720,50.400000,42.984000,0,1,92807053,837,0,837,-43,0,6,83
3,720,50.400000,42.984000,0,1,92807067,863,0,863,-49,0,6,83
3,720,50.400000,42.984000,0,1,92807081,896,0,896,-58,0,6,83
3,720,50.400000,42.984000,0,1,92807091,922,0,922,-64,0,6,83
3,720,50.400000,42.984000,0,1,92807103,943,0,943,-69,0,6,83
3,720,50.400000,42.984000,0,1,92807114,968,0,968,-74,0,6,83
3,720,50.400000,42.984000,0,1,92807125,990,0,990,-78,0,6,83
3,720,50.400000,42.984000,0,1,92807134,1010,0,1010,-81,0,6,83
3,720,50.400000,42.984000,0,1,92807146,1029,0,1029,-84,0,6,83
3,720,50.400000,42.984000,0,1,92807157,1048,0,1048,-87,0,6,83
3,720,50.400000,42.984000,0,1,92807167,1063,0,1063,-89,0,6,83
3,720,50.400000,42.984000,0,1,92807178,1078,0,1078,-90,0,6,83
3,720,50.400000,42.984000,0,1,92807189,1090,0,1090,-91,0,6,83
3,720,50.400000,42.984000,0,1,92807200,1100,0,1100,-92,0,6,83
3,720,50.400000,42.984000,0,1,92807210,1109,0,1109,-94,0,6,83
3,720,50.400000,42.984000,0,1,92807221,1119,0,1119,-95,0,6,83
3,720,50.400000,42.984000,0,1,92807231,1127,0,1127,-96,0,6,83
3,720,50.400000,42.984000,0,1,92807242,1136,0,1136,-97,0,6,83
3,720,50.400000,42.984000,0,1,92807252,1144,0,1144,-98,0,6,83
3,720,50.400000,42.984000,0,1,92807263,1154,0,1154,-99,0,6,83
3,720,50.400000,42.984000,0,1,92807274,1163,0,1163,-99,0,6,83
3,720,50.400000,42.984000,0,1,92807285,1172,0,1172,-100,0,6,83
3,720,50.400000,42.984000,0,1,92807296,1182,0,1182,-100,0,6,83
3,720,50.400000,42.984000,0,1,92807307,1191,0,1191,-100,0,6,83
3,720,50.400000,42.984000,0,1,92807318,1199,0,1199,-100,0,6,83
3,720,50.400000,42.984000,0,1,92807331,1208,0,1208,-100,0,6,83
3,720,50.400000,42.984000,0,1,92807341,1217,0,1217,-100,0,6,83
3,720,50.400000,42.984000,0,1,92807352,1226,0,1226,-100,0,6,83
3,720,50.400000,42.984000,0,1,92807362,1233,0,1233,-100,0,6,83
3,720,50.400000,42.984000,0,1,92807373,1240,0,1240,-100,0,6,83
3,720,50.400000,42.984000,0,1,92807383,1244,0,1244,-100,0,6,83
3,720,50.400000,42.984000,0,1,92807397,1247,0,1247,-100,0,6,83
3,720,50.400000,42.984000,0,1,92807408,1249,0,1249,-100,0,6,83
3,720,50.400000,42.984000,0,1,92807419,1251,0,1251,-100,0,6,83
3,720,50.400000,42.984000,0,1,92807431,1252,0,1252,-100,0,6,83
3,720,50.400000,42.984000,0,1,92807442,1255,0,1255,-100,0,6,83
3,720,50.400000,42.984000,0,1,92807453,1258,0,1258,-101,0,6,83
3,720,50.400000,42.984000,0,1,92807464,1262,0,1262,-101,0,6,83
3,720,50.400000,42.984000,0,1,92807475,1267,0,1267,-102,0,6,83
3,720,50.400000,42.984000,0,1,92807487,1271,0,1271,-102,0,6,83
3,720,50.400000,42.984000,0,1,92807497,1274,0,1274,-103,0,6,83
3,720,50.400000,42.984000,0,1,92807513,1275,0,1275,-103,0,6,83
3,720,50.400000,42.984000,0,1,92807524,1276,0,1276,-104,0,6,83
3,720,50.400000,42.984000,0,1,92807535,1279,0,1279,-105,0,6,83
3,720,50.400000,42.984000,0,1,92807546,1281,0,1281,-106,0,6,83
3,720,50.400000,42.984000,0,1,92807557,1284,0,1284,-106,0,6,83
3,720,50.400000,42.984000,0,1,92807573,1286,0,1286,-107,0,6,83
3,720,50.400000,42.984000,0,1,92807588,1290,0,1290,-108,0,6,83
3,720,50.400000,42.984000,0,1,92807603,1294,0,1294,-109,0,6,83
3,720,50.400000,42.984000,0,1,92807615,1297,0,1297,-109,0,6,83
3,720,50.400000,42.984000,0,1,92807626,1299,0,1299,-110,0,6,83
3,720,50.400000,42.984000,0,1,92807638,1301,0,1301,-110,0,6,83
3,720,50.400000,42.984000,0,1,92807649,1304,0,1304,-110,0,6,83
3,720,50.400000,42.984000,0,1,92807660,1307,0,1307,-110,0,6,83
3,720,50.400000,42.984000,0,1,92807671,1311,0,1311,-110,0,6,83
3,720,50.400000,42.984000,0,1,92807682,1317,0,1317,-111,0,6,83
3,720,50.400000,42.984000,0,1,92807693,1320,0,1320,-111,0,6,83
3,720,50.400000,42.984000,0,1,92807703,1321,0,1321,-111,0,6,83
3,720,50.400000,42.984000,0,1,92807714,1322,0,1322,-111,0,6,83
3,720,50.400000,42.984000,0,1,92807725,1322,0,1322,-111,0,6,83
3,720,50.400000,42.984000,0,1,92807735,1322,0,1322,-111,0,6,83
3,720,50.400000,42.984000,0,1,92807745,1323,0,1323,-112,0,6,83
3,720,50.400000,42.984000,0,1,92807760,1324,0,1324,-112,0,6,83
3,720,50.400000,42.984000,0,1,92807771,1324,0,1324,-112,0,6,83
3,720,50.400000,42.984000,0,1,92807780,1324,0,1324,-112,0,6,83
