3,720,50.400000,10000.000000,1,0,92680801,600,0,600,0,0,6,11
3,720,50.400000,10000.000000,1,0,92680802,600,0,600,0,0,6,11
3,720,50.400000,10000.000000,1,0,92680812,600,0,600,0,0,6,11
3,720,50.400000,10000.000000,1,0,92680823,600,0,600,0,0,6,11
3,720,50.400000,10000.000000,1,0,92680834,600,0,600,0,0,6,11
3,720,50.400000,10000.000000,1,0,92680844,600,0,600,0,0,6,11
3,720,50.400000,10000.000000,1,0,92680855,600,0,600,-1,0,6,11
3,720,50.400000,10000.000000,1,0,92680865,600,0,600,-1,0,6,11
3,720,50.400000,10000.000000,1,0,92680877,600,0,600,-1,0,6,11
3,720,50.400000,10000.000000,1,0,92680889,600,0,600,-1,0,6,11
3,720,50.400000,10000.000000,1,0,92680905,601,0,601,-1,0,6,11
3,720,50.400000,10000.000000,1,0,92680921,606,0,606,-3,0,6,11
3,720,50.400000,10000.000000,1,0,92680933,618,0,618,-5,0,6,11
3,720,50.400000,10000.000000,1,0,92680944,634,0,634,-7,0,6,11
3,720,50.400000,10000.000000,1,0,92680957,657,0,657,-9,0,6,11
3,720,50.400000,10000.000000,1,0,92680967,685,0,685,-10,0,6,11
3,720,50.400000,10000.000000,1,0,92680982,715,0,715,-12,0,6,11
3,720,50.400000,10000.000000,1,0,92680992,760,0,760,-15,0,6,11
3,720,50.400000,10000.000000,1,0,92681004,786,0,786,-17,0,6,11
3,720,50.400000,10000.000000,1,0,92681014,817,0,817,-20,0,6,11
3,720,50.400000,10000.000000,1,0,92681025,841,0,841,-22,0,6,11
3,720,50.400000,10000.000000,1,0,92681036,864,0,864,-25,0,6,11
3,720,50.400000,10000.000000,1,0,92681046,886,0,886,-27,0,6,11
3,720,50.400000,10000.000000,1,0,92681057,903,0,903,-29,0,6,11
3,720,50.400000,10000.000000,1,0,92681067,925,0,925,-30,0,6,11
3,720,50.400000,10000.000000,1,0,92681078,945,0,945,-32,0,6,11
3,720,50.400000,10000.000000,1,0,92681088,969,0,969,-33,0,6,11
3,720,50.400000,10000.000000,1,0,92681100,988,0,988,-35,0,6,11
3,720,50.400000,10000.000000,1,0,92681111,1005,0,1005,-36,0,6,11
3,720,50.400000,10000.000000,1,0,92681123,1020,0,1020,-36,0,6,11
3,720,50.400000,10000.000000,1,0,92681133,1037,0,1037,-36,0,6,11
3,720,50.400000,10000.000000,1,0,92681144,1050,0,1050,-36,0,6,11
3,720,50.400000,10000.000000,1,0,92681159,1061,0,1061,-36,0,6,11
3,720,50.400000,10000.000000,1,0,92681170,1072,0,1072,-36,0,6,11
3,720,50.400000,10000.000000,1,0,92681181,1079,0,1079,-37,0,6,11
3,720,50.400000,10000.000000,1,0,92681192,1086,0,1086,-37,0,6,11
3,720,50.400000,10000.000000,1,0,92681203,1091,0,1091,-37,0,6,11
3,720,50.400000,10000.000000,1,0,92681214,1096,0,1096,-37,0,6,11
3,720,50.400000,10000.000000,1,0,92681226,1101,0,1101,-37,0,6,11
3,720,50.400000,10000.000000,1,0,92681237,1106,0,1106,-38,0,6,11
3,720,50.400000,10000.000000,1,0,92681247,1112,0,1112,-38,0,6,11
3,720,50.400000,10000.000000,1,0,92681258,1118,0,1118,-38,0,6,11
3,720,50.400000,10000.000000,1,0,92681269,1123,0,1123,-39,0,6,11
3,720,50.400000,10000.000000,1,0,92681280,1128,0,1128,-39,0,6,11
3,720,50.400000,10000.000000,1,0,92681291,1135,0,1135,-40,0,6,11
3,720,50.400000,10000.000000,1,0,92681303,1143,0,1143,-41,0,6,11
3,720,50.400000,10000.000000,1,0,92681315,1152,0,1152,-41,0,6,11
3,720,50.400000,10000.000000,1,0,92681327,1164,0,1164,-41,0,6,11
3,720,50.400000,10000.000000,1,0,92681343,1176,0,1176,-41,0,6,11
3,720,50.400000,10000.000000,1,0,92681353,1190,0,1190,-41,0,6,11
3,720,50.400000,10000.000000,1,0,92681364,1196,0,1196,-41,0,6,11
3,720,50.400000,10000.000000,1,0,92681374,1202,0,1202,-41,0,6,11
3,720,50.400000,10000.000000,1,0,92681385,1207,0,1207,-41,0,6,11
3,720,50.400000,10000.000000,1,0,92681396,1214,1,1214,-40,0,6,11
3,720,50.400000,10000.000000,1,0,92681407,1222,3,1222,-38,0,6,11
3,720,50.400000,10000.000000,1,0,92681419,1234,5,1234,-36,0,6,11
3,720,50.400000,10000.000000,1,0,92681429,1246,8,1246,-33,0,6,11
3,720,50.400000,10000.000000,1,0,92681440,1256,10,1256,-31,0,6,11
3,720,50.400000,10000.000000,1,0,92681452,1262,12,1262,-29,0,6,11
3,720,50.400000,10000.000000,1,0,92681463,1266,12,1266,-29,0,6,11
3,720,50.400000,10000.000000,1,0,92681473,1269,13,1269,-28,0,6,11
3,720,50.400000,10000.000000,1,0,92681485,1273,13,1273,-28,0,6,11
3,720,50.400000,10000.000000,1,0,92681496,1277,13,1277,-28,0,6,11
3,720,50.400000,10000.000000,1,0,92681507,1281,13,1281,-28,0,6,11
3,720,50.400000,10000.000000,1,0,92681517,1283,13,1283,-28,0,6,11
3,720,50.400000,10000.000000,1,0,92681528,1284,13,1284,-28,0,6,11
3,720,50.400000,10000.000000,1,0,92681538,1285,13,1285,-28,0,6,11
3,720,50.400000,10000.000000,1,0,92681549,1285,13,1285,-28,0,6,11
3,720,50.400000,10000.000000,1,0,92681560,1286,13,1286,-28,0,6,11
3,720,50.400000,10000.000000,1,0,92681571,1288,13,1288,-28,0,6,11
3,720,50.400000,10000.000000,1,0,92681581,1290,13,1290,-28,0,6,11
3,720,50.400000,10000.000000,1,0,92681596,1292,13,1292,-28,0,6,11
3,720,50.400000,10000.000000,1,0,92681611,1295,13,1295,-28,0,6,11
3,720,50.400000,10000.000000,1,0,92681622,1296,13,1296,-28,0,6,11
3,720,50.400000,10000.000000,1,0,92681632,1297,13,1297,-28,0,6,11
3,720,50.400000,10000.000000,1,0,92681642,1298,13,1298,-28,0,6,11
3,720,50.400000,10000.000000,1,0,92681654,1299,13,1299,-28,0,6,11
3,720,50.400000,10000.000000,1,0,92681664,1301,13,1301,-28,0,6,11
3,720,50.400000,10000.000000,1,0,92681675,1304,13,1304,-28,0,6,11
3,720,50.400000,10000.000000,1,0,92681690,1305,13,1305,-28,0,6,11
3,720,50.400000,10000.000000,1,0,92681706,1306,13,1306,-28,0,6,11
3,720,50.400000,10000.000000,1,0,92681721,1306,13,1306,-28,0,6,11
3,720,50.400000,10000.000000,1,0,92681731,1306,13,1306,-28,0,6,11
3,720,50.400000,10000.000000,1,0,92681741,1306,13,1306,-28,0,6,11
3,720,50.400000,10000.000000,1,0,92681751,1306,13,1306,-28,0,6,11
3,720,50.400000,10000.000000,1,0,92681761,1306,13,1306,-28,0,6,11
3,720,50.400000,10000.000000,1,0,92681771,1306,13,1306,-28,0,6,11
3,720,50.400000,10000.000000,1,0,92681781,1306,13,1306,-28,0,6,11
3,720,50.400000,10000.000000,1,0,92681791,1306,13,1306,-28,0,6,11
3,720,50.400000,10000.000000,1,0,92681800,1306,13,1306,-28,0,6,11
