3,360,82.800000,0.000000,0,1,92833031,780,22,780,22,0,6,98
3,360,82.800000,0.000000,0,1,92833032,780,22,780,22,0,6,98
3,360,82.800000,0.000000,0,1,92833042,780,22,780,22,0,6,98
3,360,82.800000,0.000000,0,1,92833053,781,22,781,22,0,6,98
3,360,82.800000,0.000000,0,1,92833064,783,22,783,22,0,6,98
3,360,82.800000,0.000000,0,1,92833074,785,22,785,22,0,6,98
3,360,82.800000,0.000000,0,1,92833085,788,21,788,21,0,6,98
3,360,82.800000,0.000000,0,1,92833098,792,19,792,19,0,6,98
3,360,82.800000,0.000000,0,1,92833109,798,16,798,16,0,6,98
3,360,82.800000,0.000000,0,1,92833119,805,13,805,13,0,6,98
3,360,82.800000,0.000000,0,1,92833130,814,10,814,10,0,6,98
3,360,82.800000,0.000000,0,1,92833141,824,6,824,6,0,6,98
3,360,82.800000,0.000000,0,1,92833152,836,2,836,2,0,6,98
3,360,82.800000,0.000000,0,1,92833162,848,0,848,-1,0,6,98
3,360,82.800000,0.000000,0,1,92833174,860,0,860,-4,0,6,98
3,360,82.800000,0.000000,0,1,92833186,870,0,870,-7,0,6,98
3,360,82.800000,0.000000,0,1,92833196,894,0,894,-13,0,6,98
3,360,82.800000,0.000000,0,1,92833213,903,0,903,-17,0,6,98
3,360,82.800000,0.000000,0,1,92833229,917,0,917,-20,0,6,98
3,360,82.800000,0.000000,0,1,92833244,932,0,932,-23,0,6,98
3,360,82.800000,0.000000,0,1,92833255,949,0,949,-27,0,6,98
3,360,82.800000,0.000000,0,1,92833265,961,0,961,-29,0,6,98
3,360,82.800000,0.000000,0,1,92833276,969,0,969,-31,0,6,98
3,360,82.800000,0.000000,0,1,92833291,977,0,977,-32,0,6,98
3,360,82.800000,0.000000,0,1,92833302,986,0,986,-34,0,6,98
3,360,82.800000,0.000000,0,1,92833313,994,0,994,-35,0,6,98
3,360,82.800000,0.000000,0,1,92833324,1003,0,1003,-36,0,6,98
3,360,82.800000,0.000000,0,1,92833335,1011,0,1011,-37,0,6,98
3,360,82.800000,0.000000,0,1,92833346,1017,0,1017,-37,0,6,98
3,360,82.800000,0.000000,0,1,92833357,1024,0,1024,-37,0,6,98
3,360,82.800000,0.000000,0,1,92833368,1031,0,1031,-38,0,6,98
3,360,82.800000,0.000000,0,1,92833379,1039,0,1039,-38,0,6,98
3,360,82.800000,0.000000,0,1,92833391,1046,0,1046,-38,0,6,98
3,360,82.800000,0.000000,0,1,92833401,1053,0,1053,-38,0,6,98
3,360,82.800000,0.000000,0,1,92833412,1059,0,1059,-38,0,6,98
3,360,82.800000,0.000000,0,1,92833423,1065,0,1065,-38,0,6,98
3,360,82.800000,0.000000,0,1,92833435,1072,0,1072,-38,0,6,98
3,360,82.800000,0.000000,0,1,92833446,1080,0,1080,-38,0,6,98
3,360,82.800000,0.000000,0,1,92833457,1088,0,1088,-40,0,6,98
3,360,82.800000,0.000000,0,1,92833468,1094,0,1094,-40,0,6,98
3,360,82.800000,0.000000,0,1,92833478,1098,0,1098,-41,0,6,98
3,360,82.800000,0.000000,0,1,92833489,1100,0,1100,-41,0,6,98
3,360,82.800000,0.000000,0,1,92833500,1102,0,1102,-42,0,6,98
3,360,82.800000,0.000000,0,1,92833510,1103,0,1103,-42,0,6,98
3,360,82.800000,0.000000,0,1,92833521,1103,0,1103,-42,0,6,98
3,360,82.800000,0.000000,0,1,92833532,1103,0,1103,-42,0,6,98
3,360,82.800000,0.000000,0,1,92833543,1103,0,1103,-42,0,6,98
3,360,82.800000,0.000000,0,1,92833553,1103,0,1103,-42,0,6,98
3,360,82.800000,0.000000,0,1,92833564,1103,0,1103,-42,0,6,98
3,360,82.800000,0.000000,0,1,92833573,1103,0,1103,-42,0,6,98
3,360,82.800000,0.000000,0,1,92833583,1103,0,1103,-42,0,6,98
3,360,82.800000,0.000000,0,1,92833594,1103,0,1103,-42,0,6,98
3,360,82.800000,0.000000,0,1,92833606,1103,0,1103,-42,0,6,98
3,360,82.800000,0.000000,0,1,92833615,1103,0,1103,-42,0,6,98
