3,360,21.600000,10000.000000,1,0,92757096,780,0,780,0,0,6,55
3,360,21.600000,10000.000000,1,0,92757097,780,0,780,0,0,6,55
3,360,21.600000,10000.000000,1,0,92757106,780,0,780,0,0,6,55
3,360,21.600000,10000.000000,1,0,92757118,780,0,780,0,0,6,55
3,360,21.600000,10000.000000,1,0,92757129,780,0,780,0,0,6,55
3,360,21.600000,10000.000000,1,0,92757140,782,0,782,-1,0,6,55
3,360,21.600000,10000.000000,1,0,92757152,784,0,784,-3,0,6,55
3,360,21.600000,10000.000000,1,0,92757163,788,0,788,-5,0,6,55
3,360,21.600000,10000.000000,1,0,92757175,792,0,792,-7,0,6,55
3,360,21.600000,10000.000000,1,0,92757186,799,0,799,-9,0,6,55
3,360,21.600000,10000.000000,1,0,92757197,807,0,807,-12,0,6,55
3,360,21.600000,10000.000000,1,0,92757207,818,0,818,-15,0,6,55
3,360,21.600000,10000.000000,1,0,92757217,830,0,830,-18,0,6,55
3,360,21.600000,10000.000000,1,0,92757228,844,0,844,-21,0,6,55
3,360,21.600000,10000.000000,1,0,92757238,857,0,857,-24,0,6,55
3,360,21.600000,10000.000000,1,0,92757249,873,0,873,-27,0,6,55
3,360,21.600000,10000.000000,1,0,92757260,889,0,889,-30,0,6,55
3,360,21.600000,10000.000000,1,0,92757272,907,0,907,-33,0,6,55
3,360,21.600000,10000.000000,1,0,92757283,927,0,927,-36,0,6,55
3,360,21.600000,10000.000000,1,0,92757293,946,0,946,-39,0,6,55
3,360,21.600000,10000.000000,1,0,92757304,963,0,963,-41,0,6,55
3,360,21.600000,10000.000000,1,0,92757314,978,0,978,-44,0,6,55
3,360,21.600000,10000.000000,1,0,92757327,988,0,988,-47,0,6,55
3,360,21.600000,10000.000000,1,0,92757338,998,0,998,-49,0,6,55
3,360,21.600000,10000.000000,1,0,92757350,1003,0,1003,-50,0,6,55
3,360,21.600000,10000.000000,1,0,92757360,1009,0,1009,-52,0,6,55
3,360,21.600000,10000.000000,1,0,92757371,1014,0,1014,-53,0,6,55
3,360,21.600000,10000.000000,1,0,92757381,1019,0,1019,-54,0,6,55
3,360,21.600000,10000.000000,1,0,92757392,1024,0,1024,-54,0,6,55
3,360,21.600000,10000.000000,1,0,92757403,1030,0,1030,-54,0,6,55
3,360,21.600000,10000.000000,1,0,92757414,1037,0,1037,-55,0,6,55
3,360,21.600000,10000.000000,1,0,92757425,1044,0,1044,-55,0,6,55
3,360,21.600000,10000.000000,1,0,92757436,1053,0,1053,-55,0,6,55
3,360,21.600000,10000.000000,1,0,92757452,1060,0,1060,-56,0,6,55
3,360,21.600000,10000.000000,1,0,92757465,1069,0,1069,-56,0,6,55
3,360,21.600000,10000.000000,1,0,92757477,1074,0,1074,-56,0,6,55
3,360,21.600000,10000.000000,1,0,92757488,1078,0,1078,-56,0,6,55
3,360,21.600000,10000.000000,1,0,92757498,1082,0,1082,-56,0,6,55
3,360,21.600000,10000.000000,1,0,92757509,1087,0,1087,-56,0,6,55
3,360,21.600000,10000.000000,1,0,92757521,1090,0,1090,-56,0,6,55
3,360,21.600000,10000.000000,1,0,92757532,1093,0,1093,-56,0,6,55
3,360,21.600000,10000.000000,1,0,92757543,1095,0,1095,-56,0,6,55
3,360,21.600000,10000.000000,1,0,92757554,1096,0,1096,-56,0,6,55
3,360,21.600000,10000.000000,1,0,92757565,1097,0,1097,-56,0,6,55
3,360,21.600000,10000.000000,1,0,92757576,1098,0,1098,-56,0,6,55
3,360,21.600000,10000.000000,1,0,92757586,1099,0,1099,-56,0,6,55
3,360,21.600000,10000.000000,1,0,92757597,1100,0,1100,-56,0,6,55
3,360,21.600000,10000.000000,1,0,92757609,1102,0,1102,-56,0,6,55
3,360,21.600000,10000.000000,1,0,92757623,1104,0,1104,-56,0,6,55
3,360,21.600000,10000.000000,1,0,92757638,1107,0,1107,-56,0,6,55
3,360,21.600000,10000.000000,1,0,92757654,1109,0,1109,-56,0,6,55
3,360,21.600000,10000.000000,1,0,92757670,1111,0,1111,-56,0,6,55
3,360,21.600000,10000.000000,1,0,92757681,1111,0,1111,-56,0,6,55
3,360,21.600000,10000.000000,1,0,92757691,1112,0,1112,-56,0,6,55
3,360,21.600000,10000.000000,1,0,92757702,1113,0,1113,-56,0,6,55
3,360,21.600000,10000.000000,1,0,92757717,1114,0,1114,-56,0,6,55
3,360,21.600000,10000.000000,1,0,92757733,1117,0,1117,-56,0,6,55
3,360,21.600000,10000.000000,1,0,92757744,1119,0,1119,-56,0,6,55
3,360,21.600000,10000.000000,1,0,92757754,1120,0,1120,-56,0,6,55
3,360,21.600000,10000.000000,1,0,92757765,1121,0,1121,-56,0,6,55
3,360,21.600000,10000.000000,1,0,92757775,1123,0,1123,-56,0,6,55
3,360,21.600000,10000.000000,1,0,92757786,1124,0,1124,-56,0,6,55
3,360,21.600000,10000.000000,1,0,92757797,1125,0,1125,-56,0,6,55
3,360,21.600000,10000.000000,1,0,92757812,1125,0,1125,-56,0,6,55
3,360,21.600000,10000.000000,1,0,92757822,1126,0,1126,-56,0,6,55
3,360,21.600000,10000.000000,1,0,92757833,1126,0,1126,-56,0,6,55
3,360,21.600000,10000.000000,1,0,92757843,1127,0,1127,-56,0,6,55
3,360,21.600000,10000.000000,1,0,92757853,1128,0,1128,-56,0,6,55
3,360,21.600000,10000.000000,1,0,92757864,1129,0,1129,-56,0,6,55
3,360,21.600000,10000.000000,1,0,92757874,1129,0,1129,-56,0,6,55
3,360,21.600000,10000.000000,1,0,92757885,1129,0,1129,-56,0,6,55
3,360,21.600000,10000.000000,1,0,92757895,1129,0,1129,-56,0,6,55
3,360,21.600000,10000.000000,1,0,92757905,1130,0,1130,-56,0,6,55
3,360,21.600000,10000.000000,1,0,92757916,1132,0,1132,-56,0,6,55
3,360,21.600000,10000.000000,1,0,92757927,1133,0,1133,-56,0,6,55
3,360,21.600000,10000.000000,1,0,92757937,1134,0,1134,-56,0,6,55
3,360,21.600000,10000.000000,1,0,92757947,1134,0,1134,-56,0,6,55
3,360,21.600000,10000.000000,1,0,92757959,1134,0,1134,-56,0,6,55
3,360,21.600000,10000.000000,1,0,92757969,1134,0,1134,-56,0,6,55
3,360,21.600000,10000.000000,1,0,92757980,1134,0,1134,-56,0,6,55
3,360,21.600000,10000.000000,1,0,92757990,1134,0,1134,-56,0,6,55
3,360,21.600000,10000.000000,1,0,92757999,1134,0,1134,-56,0,6,55
