3,360,50.400000,42.984000,0,0,92768986,780,0,780,0,0,6,63
3,360,50.400000,42.984000,0,0,92768987,780,0,780,0,0,6,63
3,360,50.400000,42.984000,0,0,92768997,780,0,780,0,0,6,63
3,360,50.400000,42.984000,0,0,92769009,780,0,780,0,0,6,63
3,360,50.400000,42.984000,0,0,92769019,782,0,782,0,0,6,63
3,360,50.400000,42.984000,0,0,92769036,783,0,783,-2,0,6,63
3,360,50.400000,42.984000,0,0,92769054,788,0,788,-3,0,6,63
3,360,50.400000,42.984000,0,0,92769068,801,0,801,-7,0,6,63
3,360,50.400000,42.984000,0,0,92769082,822,0,822,-12,0,6,63
3,360,50.400000,42.984000,0,0,92769093,844,0,844,-17,0,6,63
3,360,50.400000,42.984000,0,0,92769104,861,0,861,-20,0,6,63
3,360,50.400000,42.984000,0,0,92769117,881,0,881,-25,0,6,63
3,360,50.400000,42.984000,0,0,92769128,905,0,905,-29,0,6,63
3,360,50.400000,42.984000,0,0,92769140,927,0,927,-33,0,6,63
3,360,50.400000,42.984000,0,0,92769151,946,0,946,-36,0,6,63
3,360,50.400000,42.984000,0,0,92769163,964,0,964,-39,0,6,63
3,360,50.400000,42.984000,0,0,92769175,983,0,983,-41,0,6,63
3,360,50.400000,42.984000,0,0,92769188,1005,0,1005,-44,0,6,63
3,360,50.400000,42.984000,0,0,92769201,1033,0,1033,-45,0,6,63
3,360,50.400000,42.984000,0,0,92769212,1057,0,1057,-47,0,6,63
3,360,50.400000,42.984000,0,0,92769225,1072,0,1072,-49,0,6,63
3,360,50.400000,42.984000,0,0,92769241,1082,0,1082,-51,0,6,63
3,360,50.400000,42.984000,0,0,92769256,1089,0,1089,-53,0,6,63
3,360,50.400000,42.984000,0,0,92769266,1092,0,1092,-54,0,6,63
3,360,50.400000,42.984000,0,0,92769277,1093,0,1093,-54,0,6,63
3,360,50.400000,42.984000,0,0,92769288,1096,0,1096,-54,0,6,63
3,360,50.400000,42.984000,0,0,92769303,1097,0,1097,-55,0,6,63
3,360,50.400000,42.984000,0,0,92769314,1100,0,1100,-56,0,6,63
3,360,50.400000,42.984000,0,0,92769326,1103,0,1103,-56,0,6,63
3,360,50.400000,42.984000,0,0,92769336,1107,0,1107,-57,0,6,63
3,360,50.400000,42.984000,0,0,92769348,1111,0,1111,-57,0,6,63
3,360,50.400000,42.984000,0,0,92769359,1115,0,1115,-57,0,6,63
3,360,50.400000,42.984000,0,0,92769370,1118,0,1118,-58,0,6,63
3,360,50.400000,42.984000,0,0,92769380,1121,0,1121,-58,0,6,63
3,360,50.400000,42.984000,0,0,92769391,1123,0,1123,-59,0,6,63
3,360,50.400000,42.984000,0,0,92769402,1124,0,1124,-59,0,6,63
3,360,50.400000,42.984000,0,0,92769412,1125,0,1125,-59,0,6,63
3,360,50.400000,42.984000,0,0,92769425,1126,0,1126,-59,0,6,63
3,360,50.400000,42.984000,0,0,92769437,1127,0,1127,-60,0,6,63
3,360,50.400000,42.984000,0,0,92769450,1128,0,1128,-60,0,6,63
3,360,50.400000,42.984000,0,0,92769463,1128,0,1128,-60,0,6,63
3,360,50.400000,42.984000,0,0,92769474,1128,0,1128,-60,0,6,63
3,360,50.400000,42.984000,0,0,92769486,1129,0,1129,-60,0,6,63
3,360,50.400000,42.984000,0,0,92769496,1131,0,1131,-60,0,6,63
3,360,50.400000,42.984000,0,0,92769512,1131,0,1131,-60,0,6,63
3,360,50.400000,42.984000,0,0,92769523,1131,0,1131,-60,0,6,63
3,360,50.400000,42.984000,0,0,92769533,1131,0,1131,-60,0,6,63
3,360,50.400000,42.984000,0,0,92769544,1131,0,1131,-60,0,6,63
3,360,50.400000,42.984000,0,0,92769555,1131,0,1131,-60,0,6,63
3,360,50.400000,42.984000,0,0,92769564,1131,0,1131,-60,0,6,63
