3,360,82.800000,10000.000000,1,0,92842269,780,0,780,0,0,6,103
3,360,82.800000,10000.000000,1,0,92842270,780,0,780,0,0,6,103
3,360,82.800000,10000.000000,1,0,92842287,780,0,780,0,0,6,103
3,360,82.800000,10000.000000,1,0,92842301,780,0,780,0,0,6,103
3,360,82.800000,10000.000000,1,0,92842312,780,0,780,0,0,6,103
3,360,82.800000,10000.000000,1,0,92842322,780,0,780,0,0,6,103
3,360,82.800000,10000.000000,1,0,92842332,780,0,780,0,0,6,103
3,360,82.800000,10000.000000,1,0,92842342,780,0,780,0,0,6,103
3,360,82.800000,10000.000000,1,0,92842353,780,0,780,0,0,6,103
3,360,82.800000,10000.000000,1,0,92842364,780,0,780,0,0,6,103
3,360,82.800000,10000.000000,1,0,92842374,780,0,780,0,0,6,103
3,360,82.800000,10000.000000,1,0,92842384,780,0,780,0,0,6,103
3,360,82.800000,10000.000000,1,0,92842394,780,0,780,0,0,6,103
3,360,82.800000,10000.000000,1,0,92842405,780,0,780,0,0,6,103
3,360,82.800000,10000.000000,1,0,92842415,780,0,780,0,0,6,103
3,360,82.800000,10000.000000,1,0,92842426,780,0,780,0,0,6,103
3,360,82.800000,10000.000000,1,0,92842436,780,0,780,0,0,6,103
3,360,82.800000,10000.000000,1,0,92842446,780,0,780,0,0,6,103
3,360,82.800000,10000.000000,1,0,92842457,783,0,783,0,0,6,103
3,360,82.800000,10000.000000,1,0,92842474,789,0,789,-1,0,6,103
3,360,82.800000,10000.000000,1,0,92842488,802,0,802,-4,0,6,103
3,360,82.800000,10000.000000,1,0,92842499,816,0,816,-8,0,6,103
3,360,82.800000,10000.000000,1,0,92842511,830,0,830,-10,0,6,103
3,360,82.800000,10000.000000,1,0,92842523,845,0,845,-13,0,6,103
3,360,82.800000,10000.000000,1,0,92842535,861,0,861,-16,0,6,103
3,360,82.800000,10000.000000,1,0,92842546,881,0,881,-20,0,6,103
3,360,82.800000,10000.000000,1,0,92842555,896,0,896,-22,0,6,103
3,360,82.800000,10000.000000,1,0,92842566,911,0,911,-26,0,6,103
3,360,82.800000,10000.000000,1,0,92842576,923,0,923,-28,0,6,103
3,360,82.800000,10000.000000,1,0,92842587,935,0,935,-32,0,6,103
3,360,82.800000,10000.000000,1,0,92842597,946,0,946,-34,0,6,103
3,360,82.800000,10000.000000,1,0,92842609,957,0,957,-37,0,6,103
3,360,82.800000,10000.000000,1,0,92842620,971,0,971,-40,0,6,103
3,360,82.800000,10000.000000,1,0,92842635,983,0,983,-43,0,6,103
3,360,82.800000,10000.000000,1,0,92842646,1000,0,1000,-47,0,6,103
3,360,82.800000,10000.000000,1,0,92842656,1009,0,1009,-50,0,6,103
3,360,82.800000,10000.000000,1,0,92842666,1016,0,1016,-52,0,6,103
3,360,82.800000,10000.000000,1,0,92842677,1021,0,1021,-53,0,6,103
3,360,82.800000,10000.000000,1,0,92842688,1026,0,1026,-54,0,6,103
3,360,82.800000,10000.000000,1,0,92842700,1032,0,1032,-56,0,6,103
3,360,82.800000,10000.000000,1,0,92842711,1040,0,1040,-57,0,6,103
3,360,82.800000,10000.000000,1,0,92842727,1047,0,1047,-58,0,6,103
3,360,82.800000,10000.000000,1,0,92842742,1056,0,1056,-60,0,6,103
3,360,82.800000,10000.000000,1,0,92842757,1064,0,1064,-60,0,6,103
3,360,82.800000,10000.000000,1,0,92842767,1069,0,1069,-61,0,6,103
3,360,82.800000,10000.000000,1,0,92842777,1074,0,1074,-61,0,6,103
3,360,82.800000,10000.000000,1,0,92842788,1076,0,1076,-61,0,6,103
3,360,82.800000,10000.000000,1,0,92842799,1078,0,1078,-62,0,6,103
3,360,82.800000,10000.000000,1,0,92842810,1081,0,1081,-62,0,6,103
3,360,82.800000,10000.000000,1,0,92842821,1085,0,1085,-62,0,6,103
3,360,82.800000,10000.000000,1,0,92842832,1089,0,1089,-63,0,6,103
3,360,82.800000,10000.000000,1,0,92842843,1092,0,1092,-64,0,6,103
3,360,82.800000,10000.000000,1,0,92842853,1094,0,1094,-64,0,6,103
3,360,82.800000,10000.000000,1,0,92842863,1095,0,1095,-64,0,6,103
3,360,82.800000,10000.000000,1,0,92842873,1096,0,1096,-64,0,6,103
3,360,82.800000,10000.000000,1,0,92842884,1097,0,1097,-64,0,6,103
3,360,82.800000,10000.000000,1,0,92842894,1097,0,1097,-64,0,6,103
3,360,82.800000,10000.000000,1,0,92842904,1097,0,1097,-64,0,6,103
3,360,82.800000,10000.000000,1,0,92842915,1097,0,1097,-64,0,6,103
3,360,82.800000,10000.000000,1,0,92842925,1097,0,1097,-65,0,6,103
3,360,82.800000,10000.000000,1,0,92842935,1097,0,1097,-66,0,6,103
3,360,82.800000,10000.000000,1,0,92842946,1097,0,1097,-66,0,6,103
3,360,82.800000,10000.000000,1,0,92842956,1097,0,1097,-66,0,6,103
3,360,82.800000,10000.000000,1,0,92842967,1097,0,1097,-66,0,6,103
3,360,82.800000,10000.000000,1,0,92842976,1097,0,1097,-66,1,6,103
