3,720,50.400000,10000.000000,0,1,93042982,600,22,600,22,0,7,86
3,720,50.400000,10000.000000,0,1,93042983,600,22,600,22,0,7,86
3,720,50.400000,10000.000000,0,1,93042994,600,22,600,22,0,7,86
3,720,50.400000,10000.000000,0,1,93043004,600,22,600,22,0,7,86
3,720,50.400000,10000.000000,0,1,93043020,600,22,600,22,0,7,86
3,720,50.400000,10000.000000,0,1,93043031,600,22,600,22,0,7,86
3,720,50.400000,10000.000000,0,1,93043041,600,22,600,22,0,7,86
3,720,50.400000,10000.000000,0,1,93043052,600,22,600,22,0,7,86
3,720,50.400000,10000.000000,0,1,93043063,600,22,600,22,0,7,86
3,720,50.400000,10000.000000,0,1,93043073,600,22,600,22,0,7,86
3,720,50.400000,10000.000000,0,1,93043084,600,22,600,22,0,7,86
3,720,50.400000,10000.000000,0,1,93043096,601,21,601,21,0,7,86
3,720,50.400000,10000.000000,0,1,93043108,606,18,606,18,0,7,86
3,720,50.400000,10000.000000,0,1,93043118,611,15,611,15,0,7,86
3,720,50.400000,10000.000000,0,1,93043128,620,11,620,11,0,7,86
3,720,50.400000,10000.000000,0,1,93043139,630,7,630,7,0,7,86
3,720,50.400000,10000.000000,0,1,93043149,648,1,648,1,0,7,86
3,720,50.400000,10000.000000,0,1,93043160,667,0,667,-5,0,7,86
3,720,50.400000,10000.000000,0,1,93043171,689,0,689,-11,0,7,86
3,720,50.400000,10000.000000,0,1,93043182,714,0,714,-16,0,7,86
3,720,50.400000,10000.000000,0,1,93043192,741,0,741,-21,0,7,86
3,720,50.400000,10000.000000,0,1,93043203,769,0,769,-26,0,7,86
3,720,50.400000,10000.000000,0,1,93043214,801,0,801,-32,0,7,86
3,720,50.400000,10000.000000,0,1,93043225,831,0,831,-36,0,7,86
3,720,50.400000,10000.000000,0,1,93043236,863,0,863,-41,0,7,86
3,720,50.400000,10000.000000,0,1,93043246,901,0,901,-48,0,7,86
3,720,50.400000,10000.000000,0,1,93043262,929,0,929,-53,0,7,86
3,720,50.400000,10000.000000,0,1,93043272,974,0,974,-62,0,7,86
3,720,50.400000,10000.000000,0,1,93043284,1001,0,1001,-66,0,7,86
3,720,50.400000,10000.000000,0,1,93043295,1029,0,1029,-71,0,7,86
3,720,50.400000,10000.000000,0,1,93043306,1056,0,1056,-76,0,7,86
3,720,50.400000,10000.000000,0,1,93043316,1075,0,1075,-80,0,7,86
3,720,50.400000,10000.000000,0,1,93043327,1099,0,1099,-83,0,7,86
3,720,50.400000,10000.000000,0,1,93043337,1114,0,1114,-86,0,7,86
3,720,50.400000,10000.000000,0,1,93043349,1129,0,1129,-89,0,7,86
3,720,50.400000,10000.000000,0,1,93043359,1143,0,1143,-92,0,7,86
3,720,50.400000,10000.000000,0,1,93043370,1152,0,1152,-93,0,7,86
3,720,50.400000,10000.000000,0,1,93043382,1162,0,1162,-94,0,7,86
3,720,50.400000,10000.000000,0,1,93043397,1170,0,1170,-95,0,7,86
3,720,50.400000,10000.000000,0,1,93043413,1178,0,1178,-96,0,7,86
3,720,50.400000,10000.000000,0,1,93043423,1183,0,1183,-98,0,7,86
3,720,50.400000,10000.000000,0,1,93043434,1187,0,1187,-99,0,7,86
3,720,50.400000,10000.000000,0,1,93043446,1190,0,1190,-99,0,7,86
3,720,50.400000,10000.000000,0,1,93043457,1194,0,1194,-100,0,7,86
3,720,50.400000,10000.000000,0,1,93043468,1197,0,1197,-101,0,7,86
3,720,50.400000,10000.000000,0,1,93043479,1200,0,1200,-102,0,7,86
3,720,50.400000,10000.000000,0,1,93043490,1204,0,1204,-102,0,7,86
3,720,50.400000,10000.000000,0,1,93043501,1207,0,1207,-103,0,7,86
3,720,50.400000,10000.000000,0,1,93043512,1210,0,1210,-103,0,7,86
3,720,50.400000,10000.000000,0,1,93043525,1214,0,1214,-104,0,7,86
3,720,50.400000,10000.000000,0,1,93043536,1218,0,1218,-105,0,7,86
3,720,50.400000,10000.000000,0,1,93043547,1222,0,1222,-106,0,7,86
3,720,50.400000,10000.000000,0,1,93043557,1227,0,1227,-107,0,7,86
3,720,50.400000,10000.000000,0,1,93043568,1232,0,1232,-107,0,7,86
3,720,50.400000,10000.000000,0,1,93043580,1236,0,1236,-108,0,7,86
3,720,50.400000,10000.000000,0,1,93043590,1241,0,1241,-108,0,7,86
3,720,50.400000,10000.000000,0,1,93043602,1244,0,1244,-108,0,7,86
3,720,50.400000,10000.000000,0,1,93043619,1248,0,1248,-108,0,7,86
3,720,50.400000,10000.000000,0,1,93043635,1254,0,1254,-109,0,7,86
3,720,50.400000,10000.000000,0,1,93043651,1261,0,1261,-109,0,7,86
3,720,50.400000,10000.000000,0,1,93043667,1268,0,1268,-109,0,7,86
3,720,50.400000,10000.000000,0,1,93043682,1274,0,1274,-110,0,7,86
3,720,50.400000,10000.000000,0,1,93043693,1280,0,1280,-110,0,7,86
3,720,50.400000,10000.000000,0,1,93043704,1283,0,1283,-110,0,7,86
3,720,50.400000,10000.000000,0,1,93043715,1285,0,1285,-110,0,7,86
3,720,50.400000,10000.000000,0,1,93043729,1287,0,1287,-110,0,7,86
3,720,50.400000,10000.000000,0,1,93043745,1290,0,1290,-110,0,7,86
3,720,50.400000,10000.000000,0,1,93043755,1293,0,1293,-111,0,7,86
3,720,50.400000,10000.000000,0,1,93043766,1294,0,1294,-111,0,7,86
3,720,50.400000,10000.000000,0,1,93043776,1295,0,1295,-111,0,7,86
3,720,50.400000,10000.000000,0,1,93043787,1295,0,1295,-111,0,7,86
3,720,50.400000,10000.000000,0,1,93043798,1295,0,1295,-111,0,7,86
3,720,50.400000,10000.000000,0,1,93043809,1296,0,1296,-112,0,7,86
3,720,50.400000,10000.000000,0,1,93043821,1297,0,1297,-112,0,7,86
3,720,50.400000,10000.000000,0,1,93043837,1298,0,1298,-112,0,7,86
3,720,50.400000,10000.000000,0,1,93043847,1299,0,1299,-112,0,7,86
3,720,50.400000,10000.000000,0,1,93043858,1300,0,1300,-112,0,7,86
3,720,50.400000,10000.000000,0,1,93043869,1300,0,1300,-113,0,7,86
3,720,50.400000,10000.000000,0,1,93043880,1300,0,1300,-113,0,7,86
3,720,50.400000,10000.000000,0,1,93043890,1301,0,1301,-113,0,7,86
3,720,50.400000,10000.000000,0,1,93043900,1301,0,1301,-113,0,7,86
3,720,50.400000,10000.000000,0,1,93043910,1302,0,1302,-113,0,7,86
3,720,50.400000,10000.000000,0,1,93043920,1302,0,1302,-113,0,7,86
