3,720,82.800000,10000.000000,1,0,92924813,600,0,600,0,0,7,25
3,720,82.800000,10000.000000,1,0,92924814,600,0,600,0,0,7,25
3,720,82.800000,10000.000000,1,0,92924825,600,0,600,0,0,7,25
3,720,82.800000,10000.000000,1,0,92924835,600,0,600,0,0,7,25
3,720,82.800000,10000.000000,1,0,92924846,600,0,600,0,0,7,25
3,720,82.800000,10000.000000,1,0,92924856,600,0,600,0,0,7,25
3,720,82.800000,10000.000000,1,0,92924867,600,0,600,0,0,7,25
3,720,82.800000,10000.000000,1,0,92924878,600,0,600,0,0,7,25
3,720,82.800000,10000.000000,1,0,92924889,600,0,600,0,0,7,25
3,720,82.800000,10000.000000,1,0,92924899,600,0,600,0,0,7,25
3,720,82.800000,10000.000000,1,0,92924909,600,0,600,0,0,7,25
3,720,82.800000,10000.000000,1,0,92924920,600,0,600,0,0,7,25
3,720,82.800000,10000.000000,1,0,92924930,600,0,600,0,0,7,25
3,720,82.800000,10000.000000,1,0,92924940,600,0,600,0,0,7,25
3,720,82.800000,10000.000000,1,0,92924951,600,0,600,0,0,7,25
3,720,82.800000,10000.000000,1,0,92924962,600,0,600,-1,0,7,25
3,720,82.800000,10000.000000,1,0,92924973,600,0,600,-2,0,7,25
3,720,82.800000,10000.000000,1,0,92924984,602,0,602,-3,0,7,25
3,720,82.800000,10000.000000,1,0,92925000,604,0,604,-5,0,7,25
3,720,82.800000,10000.000000,1,0,92925012,611,0,611,-9,0,7,25
3,720,82.800000,10000.000000,1,0,92925023,619,0,619,-12,0,7,25
3,720,82.800000,10000.000000,1,0,92925034,630,0,630,-16,0,7,25
3,720,82.800000,10000.000000,1,0,92925045,644,0,644,-21,0,7,25
3,720,82.800000,10000.000000,1,0,92925056,661,0,661,-26,0,7,25
3,720,82.800000,10000.000000,1,0,92925067,676,0,676,-30,0,7,25
3,720,82.800000,10000.000000,1,0,92925078,697,0,697,-35,0,7,25
3,720,82.800000,10000.000000,1,0,92925089,720,0,720,-40,0,7,25
3,720,82.800000,10000.000000,1,0,92925099,743,0,743,-45,0,7,25
3,720,82.800000,10000.000000,1,0,92925109,769,0,769,-50,0,7,25
3,720,82.800000,10000.000000,1,0,92925120,793,0,793,-54,0,7,25
3,720,82.800000,10000.000000,1,0,92925130,822,0,822,-58,0,7,25
3,720,82.800000,10000.000000,1,0,92925141,847,0,847,-62,0,7,25
3,720,82.800000,10000.000000,1,0,92925152,871,0,871,-65,0,7,25
3,720,82.800000,10000.000000,1,0,92925164,903,0,903,-68,0,7,25
3,720,82.800000,10000.000000,1,0,92925174,930,0,930,-71,0,7,25
3,720,82.800000,10000.000000,1,0,92925185,958,0,958,-75,0,7,25
3,720,82.800000,10000.000000,1,0,92925195,979,0,979,-79,0,7,25
3,720,82.800000,10000.000000,1,0,92925205,995,0,995,-81,0,7,25
3,720,82.800000,10000.000000,1,0,92925215,1007,0,1007,-83,0,7,25
3,720,82.800000,10000.000000,1,0,92925227,1016,0,1016,-84,0,7,25
3,720,82.800000,10000.000000,1,0,92925238,1026,0,1026,-86,0,7,25
3,720,82.800000,10000.000000,1,0,92925249,1036,0,1036,-86,0,7,25
3,720,82.800000,10000.000000,1,0,92925260,1046,0,1046,-87,0,7,25
3,720,82.800000,10000.000000,1,0,92925272,1053,0,1053,-87,0,7,25
3,720,82.800000,10000.000000,1,0,92925283,1063,0,1063,-89,0,7,25
3,720,82.800000,10000.000000,1,0,92925296,1070,0,1070,-90,0,7,25
3,720,82.800000,10000.000000,1,0,92925307,1078,0,1078,-91,0,7,25
3,720,82.800000,10000.000000,1,0,92925318,1083,0,1083,-93,0,7,25
3,720,82.800000,10000.000000,1,0,92925329,1088,0,1088,-94,0,7,25
3,720,82.800000,10000.000000,1,0,92925340,1095,0,1095,-95,0,7,25
3,720,82.800000,10000.000000,1,0,92925352,1104,0,1104,-97,0,7,25
3,720,82.800000,10000.000000,1,0,92925363,1118,0,1118,-99,0,7,25
3,720,82.800000,10000.000000,1,0,92925374,1132,0,1132,-101,0,7,25
3,720,82.800000,10000.000000,1,0,92925386,1147,0,1147,-103,0,7,25
3,720,82.800000,10000.000000,1,0,92925398,1161,0,1161,-106,0,7,25
3,720,82.800000,10000.000000,1,0,92925409,1171,0,1171,-108,0,7,25
3,720,82.800000,10000.000000,1,0,92925420,1179,0,1179,-110,0,7,25
3,720,82.800000,10000.000000,1,0,92925432,1187,0,1187,-111,0,7,25
3,720,82.800000,10000.000000,1,0,92925443,1193,0,1193,-113,0,7,25
3,720,82.800000,10000.000000,1,0,92925455,1200,0,1200,-115,0,7,25
3,720,82.800000,10000.000000,1,0,92925465,1206,0,1206,-116,0,7,25
3,720,82.800000,10000.000000,1,0,92925476,1213,0,1213,-117,0,7,25
3,720,82.800000,10000.000000,1,0,92925487,1220,0,1220,-119,0,7,25
3,720,82.800000,10000.000000,1,0,92925498,1226,0,1226,-120,0,7,25
3,720,82.800000,10000.000000,1,0,92925510,1233,0,1233,-121,0,7,25
3,720,82.800000,10000.000000,1,0,92925521,1240,0,1240,-122,0,7,25
3,720,82.800000,10000.000000,1,0,92925533,1245,0,1245,-122,0,7,25
3,720,82.800000,10000.000000,1,0,92925546,1252,0,1252,-122,0,7,25
3,720,82.800000,10000.000000,1,0,92925559,1262,0,1262,-123,0,7,25
3,720,82.800000,10000.000000,1,0,92925571,1272,0,1272,-124,0,7,25
3,720,82.800000,10000.000000,1,0,92925582,1278,0,1278,-124,0,7,25
3,720,82.800000,10000.000000,1,0,92925593,1283,0,1283,-125,0,7,25
3,720,82.800000,10000.000000,1,0,92925604,1286,0,1286,-126,0,7,25
3,720,82.800000,10000.000000,1,0,92925615,1287,0,1287,-126,0,7,25
3,720,82.800000,10000.000000,1,0,92925626,1289,0,1289,-126,0,7,25
3,720,82.800000,10000.000000,1,0,92925637,1289,0,1289,-126,0,7,25
3,720,82.800000,10000.000000,1,0,92925648,1289,0,1289,-126,0,7,25
3,720,82.800000,10000.000000,1,0,92925658,1289,0,1289,-126,0,7,25
3,720,82.800000,10000.000000,1,0,92925669,1289,0,1289,-126,0,7,25
3,720,82.800000,10000.000000,1,0,92925682,1289,0,1289,-126,0,7,25
3,720,82.800000,10000.000000,1,0,92925692,1289,0,1289,-126,0,7,25
3,720,82.800000,10000.000000,1,0,92925709,1289,0,1289,-126,0,7,25
3,720,82.800000,10000.000000,1,0,92925720,1290,0,1290,-126,0,7,25
3,720,82.800000,10000.000000,1,0,92925731,1291,0,1291,-126,0,7,25
3,720,82.800000,10000.000000,1,0,92925741,1291,0,1291,-127,0,7,25
3,720,82.800000,10000.000000,1,0,92925752,1291,0,1291,-128,0,7,25
3,720,82.800000,10000.000000,1,0,92925762,1291,0,1291,-128,0,7,25
3,720,82.800000,10000.000000,1,0,92925773,1291,0,1291,-128,0,7,25
3,720,82.800000,10000.000000,1,0,92925783,1291,0,1291,-128,0,7,25
3,720,82.800000,10000.000000,1,0,92925794,1291,0,1291,-128,0,7,25
3,720,82.800000,10000.000000,1,0,92925805,1291,0,1291,-128,0,7,25
3,720,82.800000,10000.000000,1,0,92925816,1291,0,1291,-128,0,7,25
3,720,82.800000,10000.000000,1,0,92925827,1292,0,1292,-128,0,7,25
3,720,82.800000,10000.000000,1,0,92925837,1292,0,1292,-128,0,7,25
