3,720,82.800000,22.608000,0,0,93008179,600,0,600,0,0,7,68
3,720,82.800000,22.608000,0,0,93008180,600,0,600,0,0,7,68
3,720,82.800000,22.608000,0,0,93008191,600,0,600,0,0,7,68
3,720,82.800000,22.608000,0,0,93008202,600,0,600,0,0,7,68
3,720,82.800000,22.608000,0,0,93008213,600,0,600,0,0,7,68
3,720,82.800000,22.608000,0,0,93008223,600,0,600,-1,0,7,68
3,720,82.800000,22.608000,0,0,93008233,600,0,600,-1,0,7,68
3,720,82.800000,22.608000,0,0,93008243,600,0,600,-1,0,7,68
3,720,82.800000,22.608000,0,0,93008253,600,0,600,-1,0,7,68
3,720,82.800000,22.608000,0,0,93008264,600,0,600,-1,0,7,68
3,720,82.800000,22.608000,0,0,93008275,600,0,600,-1,0,7,68
3,720,82.800000,22.608000,0,0,93008285,600,0,600,-1,0,7,68
3,720,82.800000,22.608000,0,0,93008296,600,0,600,-1,0,7,68
3,720,82.800000,22.608000,0,0,93008306,600,0,600,-1,0,7,68
3,720,82.800000,22.608000,0,0,93008316,600,0,600,-1,0,7,68
3,720,82.800000,22.608000,0,0,93008327,602,0,602,-1,0,7,68
3,720,82.800000,22.608000,0,0,93008338,609,0,609,-3,0,7,68
3,720,82.800000,22.608000,0,0,93008349,618,0,618,-5,0,7,68
3,720,82.800000,22.608000,0,0,93008361,633,0,633,-8,0,7,68
3,720,82.800000,22.608000,0,0,93008371,647,0,647,-11,0,7,68
3,720,82.800000,22.608000,0,0,93008381,660,0,660,-14,0,7,68
3,720,82.800000,22.608000,0,0,93008394,677,0,677,-18,0,7,68
3,720,82.800000,22.608000,0,0,93008409,697,0,697,-22,0,7,68
3,720,82.800000,22.608000,0,0,93008420,729,0,729,-27,0,7,68
3,720,82.800000,22.608000,0,0,93008431,759,0,759,-33,0,7,68
3,720,82.800000,22.608000,0,0,93008441,789,0,789,-37,0,7,68
3,720,82.800000,22.608000,0,0,93008452,818,0,818,-41,0,7,68
3,720,82.800000,22.608000,0,0,93008462,852,0,852,-46,0,7,68
3,720,82.800000,22.608000,0,0,93008473,883,0,883,-50,0,7,68
3,720,82.800000,22.608000,0,0,93008483,917,0,917,-54,0,7,68
3,720,82.800000,22.608000,0,0,93008494,945,0,945,-58,0,7,68
3,720,82.800000,22.608000,0,0,93008504,978,0,978,-62,0,7,68
3,720,82.800000,22.608000,0,0,93008515,1007,0,1007,-65,0,7,68
3,720,82.800000,22.608000,0,0,93008526,1032,0,1032,-68,0,7,68
3,720,82.800000,22.608000,0,0,93008537,1057,0,1057,-72,0,7,68
3,720,82.800000,22.608000,0,0,93008548,1077,0,1077,-74,0,7,68
3,720,82.800000,22.608000,0,0,93008558,1095,0,1095,-77,0,7,68
3,720,82.800000,22.608000,0,0,93008568,1110,0,1110,-80,0,7,68
3,720,82.800000,22.608000,0,0,93008579,1127,0,1127,-83,0,7,68
3,720,82.800000,22.608000,0,0,93008589,1141,0,1141,-86,0,7,68
3,720,82.800000,22.608000,0,0,93008600,1154,0,1154,-88,0,7,68
3,720,82.800000,22.608000,0,0,93008610,1167,0,1167,-89,0,7,68
3,720,82.800000,22.608000,0,0,93008620,1177,0,1177,-90,0,7,68
3,720,82.800000,22.608000,0,0,93008631,1187,0,1187,-91,0,7,68
3,720,82.800000,22.608000,0,0,93008642,1195,0,1195,-91,0,7,68
3,720,82.800000,22.608000,0,0,93008653,1204,0,1204,-93,0,7,68
3,720,82.800000,22.608000,0,0,93008663,1211,0,1211,-94,0,7,68
3,720,82.800000,22.608000,0,0,93008674,1218,0,1218,-95,0,7,68
3,720,82.800000,22.608000,0,0,93008685,1225,0,1225,-96,0,7,68
3,720,82.800000,22.608000,0,0,93008696,1232,0,1232,-96,0,7,68
3,720,82.800000,22.608000,0,0,93008707,1241,0,1241,-97,0,7,68
3,720,82.800000,22.608000,0,0,93008717,1249,0,1249,-98,0,7,68
3,720,82.800000,22.608000,0,0,93008728,1259,0,1259,-99,0,7,68
3,720,82.800000,22.608000,0,0,93008738,1267,0,1267,-100,0,7,68
3,720,82.800000,22.608000,0,0,93008749,1274,0,1274,-101,0,7,68
3,720,82.800000,22.608000,0,0,93008760,1279,0,1279,-102,0,7,68
3,720,82.800000,22.608000,0,0,93008770,1284,0,1284,-103,0,7,68
3,720,82.800000,22.608000,0,0,93008783,1286,0,1286,-103,0,7,68
3,720,82.800000,22.608000,0,0,93008794,1288,0,1288,-104,0,7,68
3,720,82.800000,22.608000,0,0,93008810,1288,0,1288,-104,0,7,68
3,720,82.800000,22.608000,0,0,93008820,1289,0,1289,-104,0,7,68
3,720,82.800000,22.608000,0,0,93008835,1289,0,1289,-104,0,7,68
3,720,82.800000,22.608000,0,0,93008845,1289,0,1289,-104,0,7,68
3,720,82.800000,22.608000,0,0,93008855,1290,0,1290,-104,0,7,68
3,720,82.800000,22.608000,0,0,93008865,1292,0,1292,-104,0,7,68
3,720,82.800000,22.608000,0,0,93008876,1293,0,1293,-104,0,7,68
3,720,82.800000,22.608000,0,0,93008886,1294,0,1294,-104,0,7,68
3,720,82.800000,22.608000,0,0,93008896,1296,0,1296,-104,0,7,68
3,720,82.800000,22.608000,0,0,93008906,1297,0,1297,-104,0,7,68
3,720,82.800000,22.608000,0,0,93008917,1299,0,1299,-104,0,7,68
3,720,82.800000,22.608000,0,0,93008927,1301,0,1301,-105,0,7,68
3,720,82.800000,22.608000,0,0,93008937,1304,0,1304,-105,0,7,68
3,720,82.800000,22.608000,0,0,93008948,1307,0,1307,-106,0,7,68
3,720,82.800000,22.608000,0,0,93008958,1309,0,1309,-107,0,7,68
3,720,82.800000,22.608000,0,0,93008969,1310,0,1310,-107,0,7,68
3,720,82.800000,22.608000,0,0,93008979,1310,0,1310,-107,0,7,68
3,720,82.800000,22.608000,0,0,93008989,1310,0,1310,-107,0,7,68
3,720,82.800000,22.608000,0,0,93009000,1311,0,1311,-107,0,7,68
3,720,82.800000,22.608000,0,0,93009010,1312,0,1312,-107,0,7,68
3,720,82.800000,22.608000,0,0,93009021,1312,0,1312,-107,0,7,68
3,720,82.800000,22.608000,0,0,93009030,1312,0,1312,-107,0,7,68
