3,360,50.400000,10000.000000,1,0,92911880,780,0,780,0,0,7,19
3,360,50.400000,10000.000000,1,0,92911881,780,0,780,0,0,7,19
3,360,50.400000,10000.000000,1,0,92911891,780,0,780,0,0,7,19
3,360,50.400000,10000.000000,1,0,92911902,780,0,780,0,0,7,19
3,360,50.400000,10000.000000,1,0,92911912,780,0,780,0,0,7,19
3,360,50.400000,10000.000000,1,0,92911923,780,0,780,0,0,7,19
3,360,50.400000,10000.000000,1,0,92911939,780,0,780,0,0,7,19
3,360,50.400000,10000.000000,1,0,92911949,780,0,780,0,0,7,19
3,360,50.400000,10000.000000,1,0,92911959,780,0,780,0,0,7,19
3,360,50.400000,10000.000000,1,0,92911975,780,0,780,0,0,7,19
3,360,50.400000,10000.000000,1,0,92911990,780,0,780,0,0,7,19
3,360,50.400000,10000.000000,1,0,92912001,780,0,780,0,0,7,19
3,360,50.400000,10000.000000,1,0,92912012,781,0,781,0,0,7,19
3,360,50.400000,10000.000000,1,0,92912023,785,0,785,-1,0,7,19
3,360,50.400000,10000.000000,1,0,92912035,793,0,793,-3,0,7,19
3,360,50.400000,10000.000000,1,0,92912046,804,0,804,-6,0,7,19
3,360,50.400000,10000.000000,1,0,92912056,816,0,816,-9,0,7,19
3,360,50.400000,10000.000000,1,0,92912067,828,0,828,-12,0,7,19
3,360,50.400000,10000.000000,1,0,92912078,841,0,841,-15,0,7,19
3,360,50.400000,10000.000000,1,0,92912089,854,0,854,-19,0,7,19
3,360,50.400000,10000.000000,1,0,92912099,868,0,868,-23,0,7,19
3,360,50.400000,10000.000000,1,0,92912110,883,0,883,-26,0,7,19
3,360,50.400000,10000.000000,1,0,92912121,895,0,895,-30,0,7,19
3,360,50.400000,10000.000000,1,0,92912132,909,0,909,-33,0,7,19
3,360,50.400000,10000.000000,1,0,92912142,923,0,923,-36,0,7,19
3,360,50.400000,10000.000000,1,0,92912152,940,0,940,-39,0,7,19
3,360,50.400000,10000.000000,1,0,92912165,955,0,955,-42,0,7,19
3,360,50.400000,10000.000000,1,0,92912178,974,0,974,-45,0,7,19
3,360,50.400000,10000.000000,1,0,92912194,994,0,994,-48,0,7,19
3,360,50.400000,10000.000000,1,0,92912206,1013,0,1013,-53,0,7,19
3,360,50.400000,10000.000000,1,0,92912218,1023,0,1023,-54,0,7,19
3,360,50.400000,10000.000000,1,0,92912230,1031,0,1031,-55,0,7,19
3,360,50.400000,10000.000000,1,0,92912241,1040,0,1040,-56,0,7,19
3,360,50.400000,10000.000000,1,0,92912252,1047,0,1047,-58,0,7,19
3,360,50.400000,10000.000000,1,0,92912263,1055,0,1055,-59,0,7,19
3,360,50.400000,10000.000000,1,0,92912274,1063,0,1063,-59,0,7,19
3,360,50.400000,10000.000000,1,0,92912289,1070,0,1070,-61,0,7,19
3,360,50.400000,10000.000000,1,0,92912304,1080,0,1080,-61,0,7,19
3,360,50.400000,10000.000000,1,0,92912315,1088,0,1088,-62,0,7,19
3,360,50.400000,10000.000000,1,0,92912326,1092,0,1092,-62,0,7,19
3,360,50.400000,10000.000000,1,0,92912337,1094,0,1094,-63,0,7,19
3,360,50.400000,10000.000000,1,0,92912348,1096,0,1096,-63,0,7,19
3,360,50.400000,10000.000000,1,0,92912358,1097,0,1097,-63,0,7,19
3,360,50.400000,10000.000000,1,0,92912368,1098,0,1098,-63,0,7,19
3,360,50.400000,10000.000000,1,0,92912378,1100,0,1100,-63,0,7,19
3,360,50.400000,10000.000000,1,0,92912388,1101,0,1101,-63,0,7,19
3,360,50.400000,10000.000000,1,0,92912398,1102,0,1102,-63,0,7,19
3,360,50.400000,10000.000000,1,0,92912408,1104,0,1104,-63,0,7,19
3,360,50.400000,10000.000000,1,0,92912418,1105,0,1105,-64,0,7,19
3,360,50.400000,10000.000000,1,0,92912428,1106,0,1106,-64,0,7,19
3,360,50.400000,10000.000000,1,0,92912438,1107,0,1107,-64,0,7,19
3,360,50.400000,10000.000000,1,0,92912448,1109,0,1109,-65,0,7,19
3,360,50.400000,10000.000000,1,0,92912458,1109,0,1109,-65,0,7,19
3,360,50.400000,10000.000000,1,0,92912468,1110,0,1110,-65,0,7,19
3,360,50.400000,10000.000000,1,0,92912478,1111,0,1111,-65,0,7,19
3,360,50.400000,10000.000000,1,0,92912488,1112,0,1112,-65,0,7,19
3,360,50.400000,10000.000000,1,0,92912499,1112,0,1112,-65,0,7,19
3,360,50.400000,10000.000000,1,0,92912508,1113,0,1113,-65,0,7,19
3,360,50.400000,10000.000000,1,0,92912520,1114,0,1114,-65,0,7,19
3,360,50.400000,10000.000000,1,0,92912531,1116,0,1116,-65,0,7,19
3,360,50.400000,10000.000000,1,0,92912542,1120,0,1120,-66,0,7,19
3,360,50.400000,10000.000000,1,0,92912557,1122,0,1122,-66,0,7,19
3,360,50.400000,10000.000000,1,0,92912569,1125,0,1125,-66,0,7,19
3,360,50.400000,10000.000000,1,0,92912579,1127,0,1127,-66,0,7,19
3,360,50.400000,10000.000000,1,0,92912589,1127,0,1127,-66,0,7,19
3,360,50.400000,10000.000000,1,0,92912599,1128,0,1128,-66,0,7,19
3,360,50.400000,10000.000000,1,0,92912609,1128,0,1128,-66,0,7,19
3,360,50.400000,10000.000000,1,0,92912620,1128,0,1128,-66,0,7,19
3,360,50.400000,10000.000000,1,0,92912630,1128,0,1128,-66,0,7,19
3,360,50.400000,10000.000000,1,0,92912640,1128,0,1128,-66,0,7,19
3,360,50.400000,10000.000000,1,0,92912650,1128,0,1128,-66,0,7,19
3,360,50.400000,10000.000000,1,0,92912660,1128,0,1128,-66,0,7,19
3,360,50.400000,10000.000000,1,0,92912670,1128,0,1128,-66,0,7,19
3,360,50.400000,10000.000000,1,0,92912683,1128,0,1128,-66,0,7,19
3,360,50.400000,10000.000000,1,0,92912693,1128,0,1128,-66,0,7,19
3,360,50.400000,10000.000000,1,0,92912704,1128,0,1128,-66,0,7,19
3,360,50.400000,10000.000000,1,0,92912719,1128,0,1128,-66,0,7,19
3,360,50.400000,10000.000000,1,0,92912729,1128,0,1128,-66,0,7,19
3,360,50.400000,10000.000000,1,0,92912739,1128,0,1128,-66,0,7,19
