3,720,82.800000,0.000000,0,0,93059854,600,0,600,0,0,7,95
3,720,82.800000,0.000000,0,0,93059855,600,0,600,0,0,7,95
3,720,82.800000,0.000000,0,0,93059865,600,0,600,0,0,7,95
3,720,82.800000,0.000000,0,0,93059876,600,0,600,0,0,7,95
3,720,82.800000,0.000000,0,0,93059887,600,0,600,0,0,7,95
3,720,82.800000,0.000000,0,0,93059898,600,0,600,0,0,7,95
3,720,82.800000,0.000000,0,0,93059908,600,0,600,0,0,7,95
3,720,82.800000,0.000000,0,0,93059919,600,0,600,0,0,7,95
3,720,82.800000,0.000000,0,0,93059931,600,0,600,-1,0,7,95
3,720,82.800000,0.000000,0,0,93059942,604,0,604,-3,0,7,95
3,720,82.800000,0.000000,0,0,93059952,612,0,612,-6,0,7,95
3,720,82.800000,0.000000,0,0,93059963,624,0,624,-8,0,7,95
3,720,82.800000,0.000000,0,0,93059973,646,0,646,-12,0,7,95
3,720,82.800000,0.000000,0,0,93059984,667,0,667,-16,0,7,95
3,720,82.800000,0.000000,0,0,93059995,698,0,698,-22,0,7,95
3,720,82.800000,0.000000,0,0,93060006,727,0,727,-27,0,7,95
3,720,82.800000,0.000000,0,0,93060016,764,0,764,-34,0,7,95
3,720,82.800000,0.000000,0,0,93060028,795,0,795,-40,0,7,95
3,720,82.800000,0.000000,0,0,93060039,833,0,833,-47,0,7,95
3,720,82.800000,0.000000,0,0,93060053,871,0,871,-53,0,7,95
3,720,82.800000,0.000000,0,0,93060071,922,0,922,-60,0,7,95
3,720,82.800000,0.000000,0,0,93060084,969,0,969,-65,0,7,95
3,720,82.800000,0.000000,0,0,93060099,1004,0,1004,-68,0,7,95
3,720,82.800000,0.000000,0,0,93060116,1036,0,1036,-70,0,7,95
3,720,82.800000,0.000000,0,0,93060131,1064,0,1064,-71,0,7,95
3,720,82.800000,0.000000,0,0,93060147,1083,0,1083,-72,0,7,95
3,720,82.800000,0.000000,0,0,93060163,1098,0,1098,-74,0,7,95
3,720,82.800000,0.000000,0,0,93060174,1111,0,1111,-75,0,7,95
3,720,82.800000,0.000000,0,0,93060184,1119,0,1119,-75,0,7,95
3,720,82.800000,0.000000,0,0,93060194,1127,0,1127,-76,0,7,95
3,720,82.800000,0.000000,0,0,93060209,1134,0,1134,-77,0,7,95
3,720,82.800000,0.000000,0,0,93060222,1144,0,1144,-79,0,7,95
3,720,82.800000,0.000000,0,0,93060232,1151,0,1151,-81,0,7,95
3,720,82.800000,0.000000,0,0,93060242,1158,0,1158,-83,0,7,95
3,720,82.800000,0.000000,0,0,93060253,1163,0,1163,-84,0,7,95
3,720,82.800000,0.000000,0,0,93060264,1168,0,1168,-85,0,7,95
3,720,82.800000,0.000000,0,0,93060279,1175,0,1175,-86,0,7,95
3,720,82.800000,0.000000,0,0,93060291,1185,0,1185,-88,0,7,95
3,720,82.800000,0.000000,0,0,93060307,1194,0,1194,-89,0,7,95
3,720,82.800000,0.000000,0,0,93060322,1204,0,1204,-91,0,7,95
3,720,82.800000,0.000000,0,0,93060332,1213,0,1213,-92,0,7,95
3,720,82.800000,0.000000,0,0,93060343,1217,0,1217,-93,0,7,95
3,720,82.800000,0.000000,0,0,93060354,1222,0,1222,-94,0,7,95
3,720,82.800000,0.000000,0,0,93060369,1227,0,1227,-94,0,7,95
3,720,82.800000,0.000000,0,0,93060380,1234,0,1234,-94,0,7,95
3,720,82.800000,0.000000,0,0,93060391,1238,0,1238,-95,0,7,95
3,720,82.800000,0.000000,0,0,93060402,1242,0,1242,-96,0,7,95
3,720,82.800000,0.000000,0,0,93060417,1246,0,1246,-97,0,7,95
3,720,82.800000,0.000000,0,0,93060429,1252,0,1252,-98,0,7,95
3,720,82.800000,0.000000,0,0,93060440,1259,0,1259,-99,0,7,95
3,720,82.800000,0.000000,0,0,93060451,1266,0,1266,-100,0,7,95
3,720,82.800000,0.000000,0,0,93060464,1273,0,1273,-101,0,7,95
3,720,82.800000,0.000000,0,0,93060475,1278,0,1278,-102,0,7,95
3,720,82.800000,0.000000,0,0,93060486,1283,0,1283,-103,0,7,95
3,720,82.800000,0.000000,0,0,93060496,1286,0,1286,-103,0,7,95
3,720,82.800000,0.000000,0,0,93060507,1288,0,1288,-104,0,7,95
3,720,82.800000,0.000000,0,0,93060517,1290,0,1290,-104,0,7,95
3,720,82.800000,0.000000,0,0,93060528,1290,0,1290,-104,0,7,95
3,720,82.800000,0.000000,0,0,93060539,1290,0,1290,-104,0,7,95
3,720,82.800000,0.000000,0,0,93060550,1290,0,1290,-104,0,7,95
3,720,82.800000,0.000000,0,0,93060561,1290,0,1290,-104,0,7,95
3,720,82.800000,0.000000,0,0,93060576,1291,0,1291,-104,0,7,95
3,720,82.800000,0.000000,0,0,93060586,1292,0,1292,-104,0,7,95
3,720,82.800000,0.000000,0,0,93060597,1292,0,1292,-104,0,7,95
3,720,82.800000,0.000000,0,0,93060607,1292,0,1292,-104,0,7,95
3,720,82.800000,0.000000,0,0,93060618,1292,0,1292,-104,0,7,95
3,720,82.800000,0.000000,0,0,93060628,1292,0,1292,-104,0,7,95
3,720,82.800000,0.000000,0,0,93060639,1292,0,1292,-104,0,7,95
3,720,82.800000,0.000000,0,0,93060649,1292,0,1292,-104,0,7,95
3,720,82.800000,0.000000,0,0,93060661,1292,0,1292,-104,0,7,95
3,720,82.800000,0.000000,0,0,93060671,1292,0,1292,-104,0,7,95
3,720,82.800000,0.000000,0,0,93060682,1292,0,1292,-104,0,7,95
3,720,82.800000,0.000000,0,0,93060692,1292,0,1292,-104,0,7,95
3,720,82.800000,0.000000,0,0,93060702,1292,0,1292,-104,0,7,95
3,720,82.800000,0.000000,0,0,93060712,1292,0,1292,-104,0,7,95
3,720,82.800000,0.000000,0,0,93060722,1292,0,1292,-104,0,7,95
