3,360,21.600000,12.276000,1,1,93092769,780,22,780,22,0,7,112
3,360,21.600000,12.276000,1,1,93092770,780,22,780,22,0,7,112
3,360,21.600000,12.276000,1,1,93092785,780,22,780,22,0,7,112
3,360,21.600000,12.276000,1,1,93092801,782,21,782,21,0,7,112
3,360,21.600000,12.276000,1,1,93092816,783,19,783,19,0,7,112
3,360,21.600000,12.276000,1,1,93092827,785,18,785,18,0,7,112
3,360,21.600000,12.276000,1,1,93092838,786,17,786,17,0,7,112
3,360,21.600000,12.276000,1,1,93092849,787,16,787,16,0,7,112
3,360,21.600000,12.276000,1,1,93092864,790,15,790,15,0,7,112
3,360,21.600000,12.276000,1,1,93092879,795,13,795,13,0,7,112
3,360,21.600000,12.276000,1,1,93092895,804,10,804,10,0,7,112
3,360,21.600000,12.276000,1,1,93092910,817,5,817,5,0,7,112
3,360,21.600000,12.276000,1,1,93092926,836,0,836,0,0,7,112
3,360,21.600000,12.276000,1,1,93092941,862,0,862,-7,0,7,112
3,360,21.600000,12.276000,1,1,93092958,885,0,885,-14,0,7,112
3,360,21.600000,12.276000,1,1,93092972,910,0,910,-21,0,7,112
3,360,21.600000,12.276000,1,1,93092987,930,0,930,-27,0,7,112
3,360,21.600000,12.276000,1,1,93093003,949,0,949,-33,0,7,112
3,360,21.600000,12.276000,1,1,93093019,970,0,970,-37,0,7,112
3,360,21.600000,12.276000,1,1,93093036,992,0,992,-41,0,7,112
3,360,21.600000,12.276000,1,1,93093049,1012,0,1012,-45,0,7,112
3,360,21.600000,12.276000,1,1,93093060,1024,0,1024,-48,0,7,112
3,360,21.600000,12.276000,1,1,93093071,1033,0,1033,-49,0,7,112
3,360,21.600000,12.276000,1,1,93093082,1041,0,1041,-50,0,7,112
3,360,21.600000,12.276000,1,1,93093094,1048,0,1048,-50,0,7,112
3,360,21.600000,12.276000,1,1,93093105,1054,0,1054,-52,0,7,112
3,360,21.600000,12.276000,1,1,93093115,1059,0,1059,-52,0,7,112
3,360,21.600000,12.276000,1,1,93093126,1064,0,1064,-52,0,7,112
3,360,21.600000,12.276000,1,1,93093142,1068,0,1068,-53,0,7,112
3,360,21.600000,12.276000,1,1,93093152,1075,0,1075,-54,0,7,112
3,360,21.600000,12.276000,1,1,93093164,1079,0,1079,-55,0,7,112
3,360,21.600000,12.276000,1,1,93093174,1083,0,1083,-55,0,7,112
3,360,21.600000,12.276000,1,1,93093187,1087,0,1087,-55,0,7,112
3,360,21.600000,12.276000,1,1,93093197,1091,0,1091,-55,0,7,112
3,360,21.600000,12.276000,1,1,93093208,1095,0,1095,-55,0,7,112
3,360,21.600000,12.276000,1,1,93093219,1098,0,1098,-56,0,7,112
3,360,21.600000,12.276000,1,1,93093230,1101,0,1101,-56,0,7,112
3,360,21.600000,12.276000,1,1,93093241,1104,0,1104,-57,0,7,112
3,360,21.600000,12.276000,1,1,93093251,1106,0,1106,-57,0,7,112
3,360,21.600000,12.276000,1,1,93093261,1108,0,1108,-57,0,7,112
3,360,21.600000,12.276000,1,1,93093272,1108,0,1108,-57,0,7,112
3,360,21.600000,12.276000,1,1,93093282,1109,0,1109,-57,0,7,112
3,360,21.600000,12.276000,1,1,93093294,1110,0,1110,-57,0,7,112
3,360,21.600000,12.276000,1,1,93093304,1111,0,1111,-57,0,7,112
3,360,21.600000,12.276000,1,1,93093314,1111,0,1111,-57,0,7,112
3,360,21.600000,12.276000,1,1,93093325,1111,0,1111,-57,0,7,112
3,360,21.600000,12.276000,1,1,93093336,1112,0,1112,-57,0,7,112
3,360,21.600000,12.276000,1,1,93093347,1113,0,1113,-57,0,7,112
3,360,21.600000,12.276000,1,1,93093360,1113,0,1113,-57,0,7,112
3,360,21.600000,12.276000,1,1,93093373,1113,0,1113,-57,0,7,112
3,360,21.600000,12.276000,1,1,93093384,1113,0,1113,-57,0,7,112
3,360,21.600000,12.276000,1,1,93093395,1114,0,1114,-57,0,7,112
3,360,21.600000,12.276000,1,1,93093406,1115,0,1115,-58,0,7,112
3,360,21.600000,12.276000,1,1,93093416,1116,0,1116,-58,0,7,112
3,360,21.600000,12.276000,1,1,93093427,1117,0,1117,-58,0,7,112
3,360,21.600000,12.276000,1,1,93093437,1118,0,1118,-58,0,7,112
3,360,21.600000,12.276000,1,1,93093448,1120,0,1120,-58,0,7,112
3,360,21.600000,12.276000,1,1,93093458,1121,0,1121,-58,0,7,112
3,360,21.600000,12.276000,1,1,93093468,1122,0,1122,-58,0,7,112
3,360,21.600000,12.276000,1,1,93093478,1124,0,1124,-59,0,7,112
3,360,21.600000,12.276000,1,1,93093490,1124,0,1124,-59,0,7,112
3,360,21.600000,12.276000,1,1,93093500,1124,0,1124,-59,0,7,112
3,360,21.600000,12.276000,1,1,93093510,1124,0,1124,-59,0,7,112
3,360,21.600000,12.276000,1,1,93093521,1125,0,1125,-59,0,7,112
3,360,21.600000,12.276000,1,1,93093531,1126,0,1126,-59,0,7,112
3,360,21.600000,12.276000,1,1,93093541,1127,0,1127,-59,0,7,112
3,360,21.600000,12.276000,1,1,93093555,1128,0,1128,-59,0,7,112
3,360,21.600000,12.276000,1,1,93093565,1130,0,1130,-59,0,7,112
3,360,21.600000,12.276000,1,1,93093575,1132,0,1132,-59,0,7,112
3,360,21.600000,12.276000,1,1,93093586,1133,0,1133,-60,0,7,112
3,360,21.600000,12.276000,1,1,93093595,1133,0,1133,-60,0,7,112
3,360,21.600000,12.276000,1,1,93093607,1134,0,1134,-60,0,7,112
3,360,21.600000,12.276000,1,1,93093617,1135,0,1135,-60,0,7,112
3,360,21.600000,12.276000,1,1,93093627,1136,0,1136,-60,0,7,112
3,360,21.600000,12.276000,1,1,93093637,1136,0,1136,-60,0,7,112
3,360,21.600000,12.276000,1,1,93093647,1137,0,1137,-60,0,7,112
3,360,21.600000,12.276000,1,1,93093658,1137,0,1137,-60,0,7,112
3,360,21.600000,12.276000,1,1,93093668,1138,0,1138,-61,0,7,112
3,360,21.600000,12.276000,1,1,93093682,1139,0,1139,-61,0,7,112
3,360,21.600000,12.276000,1,1,93093691,1140,0,1140,-61,0,7,112
3,360,21.600000,12.276000,1,1,93093702,1140,0,1140,-61,0,7,112
3,360,21.600000,12.276000,1,1,93093711,1141,0,1141,-61,0,7,112
