3,360,21.600000,0.000000,1,1,92937386,780,22,780,22,0,7,31
3,360,21.600000,0.000000,1,1,92937387,780,22,780,22,0,7,31
3,360,21.600000,0.000000,1,1,92937397,780,22,780,22,0,7,31
3,360,21.600000,0.000000,1,1,92937408,781,22,781,22,0,7,31
3,360,21.600000,0.000000,1,1,92937418,783,22,783,22,0,7,31
3,360,21.600000,0.000000,1,1,92937429,785,21,785,21,0,7,31
3,360,21.600000,0.000000,1,1,92937438,788,19,788,19,0,7,31
3,360,21.600000,0.000000,1,1,92937449,789,18,789,18,0,7,31
3,360,21.600000,0.000000,1,1,92937459,790,17,790,17,0,7,31
3,360,21.600000,0.000000,1,1,92937469,792,15,792,15,0,7,31
3,360,21.600000,0.000000,1,1,92937479,793,13,793,13,0,7,31
3,360,21.600000,0.000000,1,1,92937490,794,11,794,11,0,7,31
3,360,21.600000,0.000000,1,1,92937500,794,10,794,10,0,7,31
3,360,21.600000,0.000000,1,1,92937511,795,8,795,8,0,7,31
3,360,21.600000,0.000000,1,1,92937525,796,6,796,6,0,7,31
3,360,21.600000,0.000000,1,1,92937536,800,2,800,2,0,7,31
3,360,21.600000,0.000000,1,1,92937547,806,0,806,-3,0,7,31
3,360,21.600000,0.000000,1,1,92937558,814,0,814,-9,0,7,31
3,360,21.600000,0.000000,1,1,92937569,824,0,824,-15,0,7,31
3,360,21.600000,0.000000,1,1,92937579,835,0,835,-21,0,7,31
3,360,21.600000,0.000000,1,1,92937590,849,0,849,-29,0,7,31
3,360,21.600000,0.000000,1,1,92937601,863,0,863,-36,0,7,31
3,360,21.600000,0.000000,1,1,92937612,877,0,877,-43,0,7,31
3,360,21.600000,0.000000,1,1,92937622,889,0,889,-49,0,7,31
3,360,21.600000,0.000000,1,1,92937638,902,0,902,-55,0,7,31
3,360,21.600000,0.000000,1,1,92937654,924,0,924,-64,0,7,31
3,360,21.600000,0.000000,1,1,92937664,946,0,946,-72,0,7,31
3,360,21.600000,0.000000,1,1,92937675,960,0,960,-77,0,7,31
3,360,21.600000,0.000000,1,1,92937685,971,0,971,-80,0,7,31
3,360,21.600000,0.000000,1,1,92937696,982,0,982,-83,0,7,31
3,360,21.600000,0.000000,1,1,92937707,996,0,996,-86,0,7,31
3,360,21.600000,0.000000,1,1,92937718,1011,0,1011,-90,0,7,31
3,360,21.600000,0.000000,1,1,92937731,1027,0,1027,-92,0,7,31
3,360,21.600000,0.000000,1,1,92937742,1052,0,1052,-97,0,7,31
3,360,21.600000,0.000000,1,1,92937753,1068,0,1068,-100,0,7,31
3,360,21.600000,0.000000,1,1,92937769,1080,0,1080,-103,0,7,31
3,360,21.600000,0.000000,1,1,92937779,1092,0,1092,-106,0,7,31
3,360,21.600000,0.000000,1,1,92937790,1097,0,1097,-108,0,7,31
3,360,21.600000,0.000000,1,1,92937801,1102,0,1102,-110,0,7,31
3,360,21.600000,0.000000,1,1,92937812,1108,0,1108,-112,0,7,31
3,360,21.600000,0.000000,1,1,92937823,1115,0,1115,-114,0,7,31
3,360,21.600000,0.000000,1,1,92937834,1121,0,1121,-116,0,7,31
3,360,21.600000,0.000000,1,1,92937844,1127,0,1127,-118,0,7,31
3,360,21.600000,0.000000,1,1,92937855,1131,0,1131,-119,0,7,31
3,360,21.600000,0.000000,1,1,92937865,1134,0,1134,-121,0,7,31
3,360,21.600000,0.000000,1,1,92937876,1137,0,1137,-122,0,7,31
3,360,21.600000,0.000000,1,1,92937886,1139,0,1139,-122,0,7,31
3,360,21.600000,0.000000,1,1,92937897,1142,0,1142,-123,0,7,31
3,360,21.600000,0.000000,1,1,92937908,1144,0,1144,-123,0,7,31
3,360,21.600000,0.000000,1,1,92937920,1146,0,1146,-124,0,7,31
3,360,21.600000,0.000000,1,1,92937931,1150,0,1150,-124,0,7,31
3,360,21.600000,0.000000,1,1,92937941,1152,0,1152,-125,0,7,31
3,360,21.600000,0.000000,1,1,92937956,1153,0,1153,-125,0,7,31
3,360,21.600000,0.000000,1,1,92937965,1154,0,1154,-125,0,7,31
3,360,21.600000,0.000000,1,1,92937976,1155,0,1155,-125,0,7,31
3,360,21.600000,0.000000,1,1,92937986,1156,0,1156,-126,0,7,31
3,360,21.600000,0.000000,1,1,92937996,1157,0,1157,-127,0,7,31
3,360,21.600000,0.000000,1,1,92938006,1157,0,1157,-127,0,7,31
3,360,21.600000,0.000000,1,1,92938016,1157,0,1157,-127,0,7,31
3,360,21.600000,0.000000,1,1,92938025,1157,0,1157,-127,0,7,31
3,360,21.600000,0.000000,1,1,92938035,1157,0,1157,-127,0,7,31
3,360,21.600000,0.000000,1,1,92938046,1157,0,1157,-127,0,7,31
3,360,21.600000,0.000000,1,1,92938055,1157,0,1157,-127,0,7,31
3,360,21.600000,0.000000,1,1,92938066,1157,0,1157,-127,0,7,31
3,360,21.600000,0.000000,1,1,92938076,1157,0,1157,-127,0,7,31
3,360,21.600000,0.000000,1,1,92938086,1157,0,1157,-127,0,7,31
3,360,21.600000,0.000000,1,1,92938096,1157,0,1157,-127,0,7,31
3,360,21.600000,0.000000,1,1,92938105,1157,0,1157,-127,0,7,31
3,360,21.600000,0.000000,1,1,92938115,1157,0,1157,-127,0,7,31
3,360,21.600000,0.000000,1,1,92938125,1157,0,1157,-127,0,7,31
3,360,21.600000,0.000000,1,1,92938135,1157,0,1157,-127,0,7,31
3,360,21.600000,0.000000,1,1,92938146,1157,0,1157,-127,0,7,31
3,360,21.600000,0.000000,1,1,92938156,1157,0,1157,-127,0,7,31
3,360,21.600000,0.000000,1,1,92938166,1157,0,1157,-127,0,7,31
3,360,21.600000,0.000000,1,1,92938176,1156,0,1156,-127,0,7,31
3,360,21.600000,0.000000,1,1,92938186,1154,0,1154,-127,0,7,31
3,360,21.600000,0.000000,1,1,92938197,1151,0,1151,-128,0,7,31
3,360,21.600000,0.000000,1,1,92938207,1147,0,1147,-128,0,7,31
3,360,21.600000,0.000000,1,1,92938217,1144,0,1144,-128,0,7,31
3,360,21.600000,0.000000,1,1,92938227,1143,0,1143,-128,0,7,31
3,360,21.600000,0.000000,1,1,92938238,1142,0,1142,-128,0,7,31
3,360,21.600000,0.000000,1,1,92938249,1142,0,1142,-128,0,7,31
3,360,21.600000,0.000000,1,1,92938259,1142,0,1142,-128,0,7,31
3,360,21.600000,0.000000,1,1,92938270,1142,0,1142,-128,0,7,31
3,360,21.600000,0.000000,1,1,92938281,1142,0,1142,-128,0,7,31
3,360,21.600000,0.000000,1,1,92938291,1142,0,1142,-128,0,7,31
3,360,21.600000,0.000000,1,1,92938300,1142,0,1142,-128,0,7,31
3,360,21.600000,0.000000,1,1,92938310,1142,0,1142,-128,0,7,31
3,360,21.600000,0.000000,1,1,92938321,1142,0,1142,-128,0,7,31
3,360,21.600000,0.000000,1,1,92938332,1142,0,1142,-128,0,7,31
3,360,21.600000,0.000000,1,1,92938342,1142,0,1142,-128,0,7,31
3,360,21.600000,0.000000,1,1,92938360,1142,0,1142,-128,0,7,31
3,360,21.600000,0.000000,1,1,92938371,1142,0,1142,-128,0,7,31
3,360,21.600000,0.000000,1,1,92938382,1142,0,1142,-128,0,7,31
3,360,21.600000,0.000000,1,1,92938392,1142,0,1142,-128,0,7,31
3,360,21.600000,0.000000,1,1,92938403,1142,0,1142,-128,0,7,31
3,360,21.600000,0.000000,1,1,92938414,1142,0,1142,-128,0,7,31
3,360,21.600000,0.000000,1,1,92938424,1142,0,1142,-128,0,7,31
