3,360,21.600000,10000.000000,1,0,93033744,780,0,780,0,0,7,81
3,360,21.600000,10000.000000,1,0,93033745,780,0,780,0,0,7,81
3,360,21.600000,10000.000000,1,0,93033756,780,0,780,0,0,7,81
3,360,21.600000,10000.000000,1,0,93033766,780,0,780,0,0,7,81
3,360,21.600000,10000.000000,1,0,93033777,780,0,780,0,0,7,81
3,360,21.600000,10000.000000,1,0,93033788,780,0,780,0,0,7,81
3,360,21.600000,10000.000000,1,0,93033799,780,0,780,0,0,7,81
3,360,21.600000,10000.000000,1,0,93033811,780,0,780,0,0,7,81
3,360,21.600000,10000.000000,1,0,93033823,780,0,780,0,0,7,81
3,360,21.600000,10000.000000,1,0,93033835,780,0,780,0,0,7,81
3,360,21.600000,10000.000000,1,0,93033853,780,0,780,-1,0,7,81
3,360,21.600000,10000.000000,1,0,93033867,789,0,789,-5,0,7,81
3,360,21.600000,10000.000000,1,0,93033879,804,0,804,-9,0,7,81
3,360,21.600000,10000.000000,1,0,93033890,821,0,821,-14,0,7,81
3,360,21.600000,10000.000000,1,0,93033902,839,0,839,-18,0,7,81
3,360,21.600000,10000.000000,1,0,93033915,864,0,864,-23,0,7,81
3,360,21.600000,10000.000000,1,0,93033925,890,0,890,-27,0,7,81
3,360,21.600000,10000.000000,1,0,93033936,913,0,913,-31,0,7,81
3,360,21.600000,10000.000000,1,0,93033946,932,0,932,-33,0,7,81
3,360,21.600000,10000.000000,1,0,93033957,946,0,946,-36,0,7,81
3,360,21.600000,10000.000000,1,0,93033973,963,0,963,-39,0,7,81
3,360,21.600000,10000.000000,1,0,93033985,987,0,987,-42,0,7,81
3,360,21.600000,10000.000000,1,0,93033996,1000,0,1000,-43,0,7,81
3,360,21.600000,10000.000000,1,0,93034008,1011,0,1011,-44,0,7,81
3,360,21.600000,10000.000000,1,0,93034019,1034,0,1034,-46,0,7,81
3,360,21.600000,10000.000000,1,0,93034030,1043,0,1043,-47,0,7,81
3,360,21.600000,10000.000000,1,0,93034042,1050,0,1050,-48,0,7,81
3,360,21.600000,10000.000000,1,0,93034054,1055,0,1055,-49,0,7,81
3,360,21.600000,10000.000000,1,0,93034066,1061,0,1061,-49,0,7,81
3,360,21.600000,10000.000000,1,0,93034077,1066,0,1066,-49,0,7,81
3,360,21.600000,10000.000000,1,0,93034088,1072,0,1072,-49,0,7,81
3,360,21.600000,10000.000000,1,0,93034099,1079,0,1079,-49,0,7,81
3,360,21.600000,10000.000000,1,0,93034110,1087,0,1087,-49,0,7,81
3,360,21.600000,10000.000000,1,0,93034121,1093,0,1093,-49,0,7,81
3,360,21.600000,10000.000000,1,0,93034132,1098,0,1098,-49,0,7,81
3,360,21.600000,10000.000000,1,0,93034143,1102,0,1102,-49,0,7,81
3,360,21.600000,10000.000000,1,0,93034153,1106,0,1106,-49,0,7,81
3,360,21.600000,10000.000000,1,0,93034165,1109,0,1109,-50,0,7,81
3,360,21.600000,10000.000000,1,0,93034176,1112,0,1112,-50,0,7,81
3,360,21.600000,10000.000000,1,0,93034186,1116,0,1116,-51,0,7,81
3,360,21.600000,10000.000000,1,0,93034197,1120,0,1120,-51,0,7,81
3,360,21.600000,10000.000000,1,0,93034208,1124,0,1124,-52,0,7,81
3,360,21.600000,10000.000000,1,0,93034219,1127,0,1127,-52,0,7,81
3,360,21.600000,10000.000000,1,0,93034230,1129,0,1129,-52,0,7,81
3,360,21.600000,10000.000000,1,0,93034241,1130,0,1130,-53,0,7,81
3,360,21.600000,10000.000000,1,0,93034252,1130,0,1130,-53,0,7,81
3,360,21.600000,10000.000000,1,0,93034262,1131,0,1131,-53,0,7,81
3,360,21.600000,10000.000000,1,0,93034273,1132,0,1132,-53,0,7,81
3,360,21.600000,10000.000000,1,0,93034283,1133,0,1133,-53,0,7,81
3,360,21.600000,10000.000000,1,0,93034294,1134,0,1134,-54,0,7,81
3,360,21.600000,10000.000000,1,0,93034305,1135,0,1135,-54,0,7,81
3,360,21.600000,10000.000000,1,0,93034315,1135,0,1135,-54,0,7,81
3,360,21.600000,10000.000000,1,0,93034326,1135,0,1135,-54,0,7,81
3,360,21.600000,10000.000000,1,0,93034336,1135,0,1135,-54,0,7,81
3,360,21.600000,10000.000000,1,0,93034347,1136,0,1136,-54,0,7,81
3,360,21.600000,10000.000000,1,0,93034358,1136,0,1136,-54,0,7,81
3,360,21.600000,10000.000000,1,0,93034369,1136,0,1136,-54,0,7,81
3,360,21.600000,10000.000000,1,0,93034379,1137,0,1137,-54,0,7,81
3,360,21.600000,10000.000000,1,0,93034390,1137,0,1137,-55,0,7,81
3,360,21.600000,10000.000000,1,0,93034400,1137,0,1137,-55,0,7,81
3,360,21.600000,10000.000000,1,0,93034411,1138,0,1138,-55,0,7,81
3,360,21.600000,10000.000000,1,0,93034421,1139,0,1139,-55,0,7,81
