3,360,50.400000,12.276000,0,1,92889456,780,22,780,22,0,7,8
3,360,50.400000,12.276000,0,1,92889456,780,22,780,22,0,7,8
3,360,50.400000,12.276000,0,1,92889467,781,22,781,22,0,7,8
3,360,50.400000,12.276000,0,1,92889478,782,22,782,22,0,7,8
3,360,50.400000,12.276000,0,1,92889488,783,21,783,21,0,7,8
3,360,50.400000,12.276000,0,1,92889499,784,20,784,20,0,7,8
3,360,50.400000,12.276000,0,1,92889509,784,20,784,20,0,7,8
3,360,50.400000,12.276000,0,1,92889519,784,20,784,20,0,7,8
3,360,50.400000,12.276000,0,1,92889531,784,20,784,20,0,7,8
3,360,50.400000,12.276000,0,1,92889546,784,20,784,20,0,7,8
3,360,50.400000,12.276000,0,1,92889557,784,20,784,20,0,7,8
3,360,50.400000,12.276000,0,1,92889567,784,20,784,20,0,7,8
3,360,50.400000,12.276000,0,1,92889576,784,20,784,20,0,7,8
3,360,50.400000,12.276000,0,1,92889587,784,20,784,20,0,7,8
3,360,50.400000,12.276000,0,1,92889597,786,19,786,19,0,7,8
3,360,50.400000,12.276000,0,1,92889607,790,16,790,16,0,7,8
3,360,50.400000,12.276000,0,1,92889617,795,12,795,12,0,7,8
3,360,50.400000,12.276000,0,1,92889629,802,8,802,8,0,7,8
3,360,50.400000,12.276000,0,1,92889639,811,2,811,2,0,7,8
3,360,50.400000,12.276000,0,1,92889650,821,0,821,-4,0,7,8
3,360,50.400000,12.276000,0,1,92889661,834,0,834,-10,0,7,8
3,360,50.400000,12.276000,0,1,92889671,848,0,848,-16,0,7,8
3,360,50.400000,12.276000,0,1,92889683,862,0,862,-22,0,7,8
3,360,50.400000,12.276000,0,1,92889695,878,0,878,-29,0,7,8
3,360,50.400000,12.276000,0,1,92889705,895,0,895,-36,0,7,8
3,360,50.400000,12.276000,0,1,92889721,911,0,911,-41,0,7,8
3,360,50.400000,12.276000,0,1,92889733,930,0,930,-48,0,7,8
3,360,50.400000,12.276000,0,1,92889743,946,0,946,-53,0,7,8
3,360,50.400000,12.276000,0,1,92889754,960,0,960,-57,0,7,8
3,360,50.400000,12.276000,0,1,92889765,974,0,974,-60,0,7,8
3,360,50.400000,12.276000,0,1,92889775,986,0,986,-64,0,7,8
3,360,50.400000,12.276000,0,1,92889786,997,0,997,-66,0,7,8
3,360,50.400000,12.276000,0,1,92889798,1007,0,1007,-68,0,7,8
3,360,50.400000,12.276000,0,1,92889809,1016,0,1016,-70,0,7,8
3,360,50.400000,12.276000,0,1,92889820,1024,0,1024,-71,0,7,8
3,360,50.400000,12.276000,0,1,92889831,1032,0,1032,-71,0,7,8
3,360,50.400000,12.276000,0,1,92889842,1040,0,1040,-72,0,7,8
3,360,50.400000,12.276000,0,1,92889853,1047,0,1047,-74,0,7,8
3,360,50.400000,12.276000,0,1,92889863,1053,0,1053,-75,0,7,8
3,360,50.400000,12.276000,0,1,92889874,1057,0,1057,-77,0,7,8
3,360,50.400000,12.276000,0,1,92889885,1061,0,1061,-78,0,7,8
3,360,50.400000,12.276000,0,1,92889895,1065,0,1065,-79,0,7,8
3,360,50.400000,12.276000,0,1,92889907,1070,0,1070,-80,0,7,8
3,360,50.400000,12.276000,0,1,92889918,1075,0,1075,-82,0,7,8
3,360,50.400000,12.276000,0,1,92889930,1081,0,1081,-83,0,7,8
3,360,50.400000,12.276000,0,1,92889940,1087,0,1087,-84,0,7,8
3,360,50.400000,12.276000,0,1,92889951,1093,0,1093,-85,0,7,8
3,360,50.400000,12.276000,0,1,92889962,1097,0,1097,-86,0,7,8
3,360,50.400000,12.276000,0,1,92889973,1100,0,1100,-86,0,7,8
3,360,50.400000,12.276000,0,1,92889985,1103,0,1103,-87,0,7,8
3,360,50.400000,12.276000,0,1,92889996,1106,0,1106,-88,0,7,8
3,360,50.400000,12.276000,0,1,92890007,1110,0,1110,-89,0,7,8
3,360,50.400000,12.276000,0,1,92890017,1113,0,1113,-90,0,7,8
3,360,50.400000,12.276000,0,1,92890029,1116,0,1116,-90,0,7,8
3,360,50.400000,12.276000,0,1,92890040,1117,0,1117,-91,0,7,8
3,360,50.400000,12.276000,0,1,92890051,1117,0,1117,-91,0,7,8
3,360,50.400000,12.276000,0,1,92890062,1117,0,1117,-91,0,7,8
3,360,50.400000,12.276000,0,1,92890072,1117,0,1117,-91,0,7,8
3,360,50.400000,12.276000,0,1,92890082,1117,0,1117,-91,0,7,8
3,360,50.400000,12.276000,0,1,92890092,1117,0,1117,-91,0,7,8
3,360,50.400000,12.276000,0,1,92890103,1117,0,1117,-91,0,7,8
3,360,50.400000,12.276000,0,1,92890114,1117,0,1117,-91,0,7,8
3,360,50.400000,12.276000,0,1,92890124,1117,0,1117,-91,0,7,8
3,360,50.400000,12.276000,0,1,92890135,1117,0,1117,-91,0,7,8
3,360,50.400000,12.276000,0,1,92890145,1117,0,1117,-91,0,7,8
3,360,50.400000,12.276000,0,1,92890154,1117,0,1117,-91,0,7,8
3,360,50.400000,12.276000,0,1,92890164,1117,0,1117,-91,0,7,8
3,360,50.400000,12.276000,0,1,92890174,1117,0,1117,-91,0,7,8
3,360,50.400000,12.276000,0,1,92890184,1117,0,1117,-91,0,7,8
3,360,50.400000,12.276000,0,1,92890195,1117,0,1117,-91,0,7,8
3,360,50.400000,12.276000,0,1,92890205,1119,0,1119,-92,0,7,8
3,360,50.400000,12.276000,0,1,92890215,1120,0,1120,-92,0,7,8
3,360,50.400000,12.276000,0,1,92890226,1121,0,1121,-93,0,7,8
3,360,50.400000,12.276000,0,1,92890236,1123,0,1123,-93,0,7,8
3,360,50.400000,12.276000,0,1,92890246,1124,0,1124,-93,0,7,8
3,360,50.400000,12.276000,0,1,92890256,1124,0,1124,-93,0,7,8
3,360,50.400000,12.276000,0,1,92890266,1124,0,1124,-93,0,7,8
3,360,50.400000,12.276000,0,1,92890276,1124,0,1124,-93,0,7,8
