3,720,21.600000,42.984000,1,0,92965697,600,0,600,0,0,7,46
3,720,21.600000,42.984000,1,0,92965698,600,0,600,0,0,7,46
3,720,21.600000,42.984000,1,0,92965709,600,0,600,0,0,7,46
3,720,21.600000,42.984000,1,0,92965720,600,0,600,0,0,7,46
3,720,21.600000,42.984000,1,0,92965731,600,0,600,0,0,7,46
3,720,21.600000,42.984000,1,0,92965742,600,0,600,0,0,7,46
3,720,21.600000,42.984000,1,0,92965753,600,0,600,0,0,7,46
3,720,21.600000,42.984000,1,0,92965769,600,0,600,0,0,7,46
3,720,21.600000,42.984000,1,0,92965781,604,0,604,-2,0,7,46
3,720,21.600000,42.984000,1,0,92965794,609,0,609,-4,0,7,46
3,720,21.600000,42.984000,1,0,92965808,620,0,620,-7,0,7,46
3,720,21.600000,42.984000,1,0,92965818,634,0,634,-11,0,7,46
3,720,21.600000,42.984000,1,0,92965832,648,0,648,-13,0,7,46
3,720,21.600000,42.984000,1,0,92965843,665,0,665,-17,0,7,46
3,720,21.600000,42.984000,1,0,92965854,682,0,682,-20,0,7,46
3,720,21.600000,42.984000,1,0,92965865,701,0,701,-24,0,7,46
3,720,21.600000,42.984000,1,0,92965876,723,0,723,-27,0,7,46
3,720,21.600000,42.984000,1,0,92965887,750,0,750,-31,0,7,46
3,720,21.600000,42.984000,1,0,92965897,777,0,777,-34,0,7,46
3,720,21.600000,42.984000,1,0,92965908,804,0,804,-37,0,7,46
3,720,21.600000,42.984000,1,0,92965920,835,0,835,-40,0,7,46
3,720,21.600000,42.984000,1,0,92965931,864,0,864,-44,0,7,46
3,720,21.600000,42.984000,1,0,92965942,895,0,895,-49,0,7,46
3,720,21.600000,42.984000,1,0,92965956,928,0,928,-53,0,7,46
3,720,21.600000,42.984000,1,0,92965969,969,0,969,-58,0,7,46
3,720,21.600000,42.984000,1,0,92965985,1006,0,1006,-63,0,7,46
3,720,21.600000,42.984000,1,0,92966002,1042,0,1042,-69,0,7,46
3,720,21.600000,42.984000,1,0,92966013,1070,0,1070,-74,0,7,46
3,720,21.600000,42.984000,1,0,92966024,1085,0,1085,-77,0,7,46
3,720,21.600000,42.984000,1,0,92966035,1099,0,1099,-79,0,7,46
3,720,21.600000,42.984000,1,0,92966047,1112,0,1112,-81,0,7,46
3,720,21.600000,42.984000,1,0,92966062,1140,0,1140,-85,0,7,46
3,720,21.600000,42.984000,1,0,92966079,1158,0,1158,-87,0,7,46
3,720,21.600000,42.984000,1,0,92966094,1177,0,1177,-89,0,7,46
3,720,21.600000,42.984000,1,0,92966105,1192,0,1192,-91,0,7,46
3,720,21.600000,42.984000,1,0,92966116,1200,0,1200,-92,0,7,46
3,720,21.600000,42.984000,1,0,92966127,1207,0,1207,-93,0,7,46
3,720,21.600000,42.984000,1,0,92966142,1213,0,1213,-94,0,7,46
3,720,21.600000,42.984000,1,0,92966153,1219,0,1219,-95,0,7,46
3,720,21.600000,42.984000,1,0,92966164,1224,0,1224,-96,0,7,46
3,720,21.600000,42.984000,1,0,92966175,1231,0,1231,-96,0,7,46
3,720,21.600000,42.984000,1,0,92966186,1240,0,1240,-96,0,7,46
3,720,21.600000,42.984000,1,0,92966197,1247,0,1247,-98,0,7,46
3,720,21.600000,42.984000,1,0,92966208,1255,0,1255,-99,0,7,46
3,720,21.600000,42.984000,1,0,92966219,1262,0,1262,-100,0,7,46
3,720,21.600000,42.984000,1,0,92966231,1268,0,1268,-100,0,7,46
3,720,21.600000,42.984000,1,0,92966247,1272,0,1272,-101,0,7,46
3,720,21.600000,42.984000,1,0,92966257,1277,0,1277,-102,0,7,46
3,720,21.600000,42.984000,1,0,92966268,1281,0,1281,-103,0,7,46
3,720,21.600000,42.984000,1,0,92966280,1284,0,1284,-103,0,7,46
3,720,21.600000,42.984000,1,0,92966292,1288,0,1288,-104,0,7,46
3,720,21.600000,42.984000,1,0,92966302,1293,0,1293,-105,0,7,46
3,720,21.600000,42.984000,1,0,92966313,1298,0,1298,-106,0,7,46
3,720,21.600000,42.984000,1,0,92966324,1302,0,1302,-106,0,7,46
3,720,21.600000,42.984000,1,0,92966335,1305,0,1305,-107,0,7,46
3,720,21.600000,42.984000,1,0,92966346,1307,0,1307,-108,0,7,46
3,720,21.600000,42.984000,1,0,92966357,1308,0,1308,-108,0,7,46
3,720,21.600000,42.984000,1,0,92966367,1309,0,1309,-108,0,7,46
3,720,21.600000,42.984000,1,0,92966378,1310,0,1310,-108,0,7,46
3,720,21.600000,42.984000,1,0,92966389,1310,0,1310,-108,0,7,46
3,720,21.600000,42.984000,1,0,92966399,1310,0,1310,-108,0,7,46
3,720,21.600000,42.984000,1,0,92966409,1311,0,1311,-109,0,7,46
3,720,21.600000,42.984000,1,0,92966420,1312,0,1312,-110,0,7,46
3,720,21.600000,42.984000,1,0,92966431,1312,0,1312,-110,0,7,46
3,720,21.600000,42.984000,1,0,92966441,1312,0,1312,-110,0,7,46
3,720,21.600000,42.984000,1,0,92966452,1312,0,1312,-110,0,7,46
3,720,21.600000,42.984000,1,0,92966463,1312,0,1312,-110,0,7,46
3,720,21.600000,42.984000,1,0,92966473,1312,0,1312,-110,0,7,46
3,720,21.600000,42.984000,1,0,92966489,1312,0,1312,-110,0,7,46
3,720,21.600000,42.984000,1,0,92966504,1312,0,1312,-110,0,7,46
3,720,21.600000,42.984000,1,0,92966520,1313,0,1313,-110,0,7,46
3,720,21.600000,42.984000,1,0,92966531,1314,0,1314,-111,0,7,46
3,720,21.600000,42.984000,1,0,92966541,1315,0,1315,-111,0,7,46
3,720,21.600000,42.984000,1,0,92966551,1315,0,1315,-111,0,7,46
3,720,21.600000,42.984000,1,0,92966562,1315,0,1315,-111,0,7,46
3,720,21.600000,42.984000,1,0,92966572,1315,0,1315,-111,0,7,46
3,720,21.600000,42.984000,1,0,92966582,1315,0,1315,-111,0,7,46
3,720,21.600000,42.984000,1,0,92966593,1315,0,1315,-111,0,7,46
3,720,21.600000,42.984000,1,0,92966602,1315,0,1315,-111,0,7,46
