3,360,21.600000,10000.000000,1,1,92907424,780,22,780,22,0,7,17
3,360,21.600000,10000.000000,1,1,92907425,780,22,780,22,0,7,17
3,360,21.600000,10000.000000,1,1,92907436,780,22,780,22,0,7,17
3,360,21.600000,10000.000000,1,1,92907446,780,22,780,22,0,7,17
3,360,21.600000,10000.000000,1,1,92907456,780,22,780,22,0,7,17
3,360,21.600000,10000.000000,1,1,92907467,780,22,780,22,0,7,17
3,360,21.600000,10000.000000,1,1,92907477,780,22,780,22,0,7,17
3,360,21.600000,10000.000000,1,1,92907488,780,22,780,22,0,7,17
3,360,21.600000,10000.000000,1,1,92907498,780,22,780,22,0,7,17
3,360,21.600000,10000.000000,1,1,92907508,780,22,780,22,0,7,17
3,360,21.600000,10000.000000,1,1,92907519,780,22,780,22,0,7,17
3,360,21.600000,10000.000000,1,1,92907530,780,22,780,22,0,7,17
3,360,21.600000,10000.000000,1,1,92907546,782,21,782,21,0,7,17
3,360,21.600000,10000.000000,1,1,92907563,786,18,786,18,0,7,17
3,360,21.600000,10000.000000,1,1,92907578,796,13,796,13,0,7,17
3,360,21.600000,10000.000000,1,1,92907589,817,3,817,3,0,7,17
3,360,21.600000,10000.000000,1,1,92907599,828,0,828,-1,0,7,17
3,360,21.600000,10000.000000,1,1,92907616,838,0,838,-4,0,7,17
3,360,21.600000,10000.000000,1,1,92907627,850,0,850,-9,0,7,17
3,360,21.600000,10000.000000,1,1,92907638,859,0,859,-12,0,7,17
3,360,21.600000,10000.000000,1,1,92907649,865,0,865,-14,0,7,17
3,360,21.600000,10000.000000,1,1,92907659,871,0,871,-16,0,7,17
3,360,21.600000,10000.000000,1,1,92907670,877,0,877,-19,0,7,17
3,360,21.600000,10000.000000,1,1,92907681,886,0,886,-22,0,7,17
3,360,21.600000,10000.000000,1,1,92907692,897,0,897,-25,0,7,17
3,360,21.600000,10000.000000,1,1,92907710,909,0,909,-28,0,7,17
3,360,21.600000,10000.000000,1,1,92907721,931,0,931,-32,0,7,17
3,360,21.600000,10000.000000,1,1,92907731,943,0,943,-35,0,7,17
3,360,21.600000,10000.000000,1,1,92907744,955,0,955,-38,0,7,17
3,360,21.600000,10000.000000,1,1,92907755,969,0,969,-41,0,7,17
3,360,21.600000,10000.000000,1,1,92907765,981,0,981,-43,0,7,17
3,360,21.600000,10000.000000,1,1,92907776,993,0,993,-45,0,7,17
3,360,21.600000,10000.000000,1,1,92907786,1004,0,1004,-46,0,7,17
3,360,21.600000,10000.000000,1,1,92907797,1015,0,1015,-48,0,7,17
3,360,21.600000,10000.000000,1,1,92907807,1023,0,1023,-48,0,7,17
3,360,21.600000,10000.000000,1,1,92907818,1031,0,1031,-49,0,7,17
3,360,21.600000,10000.000000,1,1,92907829,1038,0,1038,-50,0,7,17
3,360,21.600000,10000.000000,1,1,92907839,1044,0,1044,-50,0,7,17
3,360,21.600000,10000.000000,1,1,92907849,1049,0,1049,-51,0,7,17
3,360,21.600000,10000.000000,1,1,92907859,1053,0,1053,-51,0,7,17
3,360,21.600000,10000.000000,1,1,92907875,1057,0,1057,-51,0,7,17
3,360,21.600000,10000.000000,1,1,92907891,1062,0,1062,-52,0,7,17
3,360,21.600000,10000.000000,1,1,92907901,1066,0,1066,-52,0,7,17
3,360,21.600000,10000.000000,1,1,92907912,1069,0,1069,-52,0,7,17
3,360,21.600000,10000.000000,1,1,92907924,1072,0,1072,-52,0,7,17
3,360,21.600000,10000.000000,1,1,92907934,1075,0,1075,-52,0,7,17
3,360,21.600000,10000.000000,1,1,92907945,1078,0,1078,-52,0,7,17
3,360,21.600000,10000.000000,1,1,92907956,1081,0,1081,-53,0,7,17
3,360,21.600000,10000.000000,1,1,92907971,1084,0,1084,-53,0,7,17
3,360,21.600000,10000.000000,1,1,92907987,1090,0,1090,-54,0,7,17
3,360,21.600000,10000.000000,1,1,92907997,1099,0,1099,-54,0,7,17
3,360,21.600000,10000.000000,1,1,92908008,1104,0,1104,-54,0,7,17
3,360,21.600000,10000.000000,1,1,92908019,1107,0,1107,-54,0,7,17
3,360,21.600000,10000.000000,1,1,92908035,1109,0,1109,-54,0,7,17
3,360,21.600000,10000.000000,1,1,92908050,1112,0,1112,-55,0,7,17
3,360,21.600000,10000.000000,1,1,92908065,1114,0,1114,-55,0,7,17
3,360,21.600000,10000.000000,1,1,92908076,1117,0,1117,-56,0,7,17
3,360,21.600000,10000.000000,1,1,92908086,1119,0,1119,-56,0,7,17
3,360,21.600000,10000.000000,1,1,92908096,1121,0,1121,-56,0,7,17
3,360,21.600000,10000.000000,1,1,92908107,1123,0,1123,-56,0,7,17
3,360,21.600000,10000.000000,1,1,92908117,1125,0,1125,-56,0,7,17
3,360,21.600000,10000.000000,1,1,92908128,1125,0,1125,-56,0,7,17
3,360,21.600000,10000.000000,1,1,92908138,1126,0,1126,-57,0,7,17
3,360,21.600000,10000.000000,1,1,92908148,1127,0,1127,-57,0,7,17
3,360,21.600000,10000.000000,1,1,92908158,1128,0,1128,-57,0,7,17
3,360,21.600000,10000.000000,1,1,92908168,1128,0,1128,-58,0,7,17
3,360,21.600000,10000.000000,1,1,92908179,1129,0,1129,-58,0,7,17
3,360,21.600000,10000.000000,1,1,92908189,1130,0,1130,-58,0,7,17
3,360,21.600000,10000.000000,1,1,92908199,1131,0,1131,-58,0,7,17
3,360,21.600000,10000.000000,1,1,92908209,1131,0,1131,-58,0,7,17
3,360,21.600000,10000.000000,1,1,92908224,1131,0,1131,-58,0,7,17
3,360,21.600000,10000.000000,1,1,92908240,1131,0,1131,-58,0,7,17
3,360,21.600000,10000.000000,1,1,92908250,1131,0,1131,-58,0,7,17
3,360,21.600000,10000.000000,1,1,92908259,1131,0,1131,-58,0,7,17
3,360,21.600000,10000.000000,1,1,92908269,1131,0,1131,-58,0,7,17
3,360,21.600000,10000.000000,1,1,92908279,1131,0,1131,-58,0,7,17
3,360,21.600000,10000.000000,1,1,92908289,1131,0,1131,-58,0,7,17
3,360,21.600000,10000.000000,1,1,92908303,1131,0,1131,-58,0,7,17
3,360,21.600000,10000.000000,1,1,92908314,1131,0,1131,-58,0,7,17
3,360,21.600000,10000.000000,1,1,92908323,1131,0,1131,-58,0,7,17
3,360,21.600000,10000.000000,1,1,92908334,1131,0,1131,-58,0,7,17
3,360,21.600000,10000.000000,1,1,92908343,1131,0,1131,-58,0,7,17
3,360,21.600000,10000.000000,1,1,92908354,1132,0,1132,-58,0,7,17
3,360,21.600000,10000.000000,1,1,92908368,1132,0,1132,-58,0,7,17
3,360,21.600000,10000.000000,1,1,92908377,1133,0,1133,-58,0,7,17
3,360,21.600000,10000.000000,1,1,92908388,1134,0,1134,-58,0,7,17
3,360,21.600000,10000.000000,1,1,92908398,1134,0,1134,-58,0,7,17
3,360,21.600000,10000.000000,1,1,92908408,1135,0,1135,-58,0,7,17
3,360,21.600000,10000.000000,1,1,92908419,1135,0,1135,-59,0,7,17
3,360,21.600000,10000.000000,1,1,92908429,1135,0,1135,-59,0,7,17
3,360,21.600000,10000.000000,1,1,92908439,1136,0,1136,-59,0,7,17
3,360,21.600000,10000.000000,1,1,92908450,1137,0,1137,-59,0,7,17
3,360,21.600000,10000.000000,1,1,92908464,1137,0,1137,-59,0,7,17
3,360,21.600000,10000.000000,1,1,92908474,1137,0,1137,-59,0,7,17
3,360,21.600000,10000.000000,1,1,92908484,1137,0,1137,-59,0,7,17
3,360,21.600000,10000.000000,1,1,92908494,1137,0,1137,-59,0,7,17
3,360,21.600000,10000.000000,1,1,92908503,1137,0,1137,-59,0,7,17
3,360,21.600000,10000.000000,1,1,92908513,1137,0,1137,-59,0,7,17
3,360,21.600000,10000.000000,1,1,92908528,1137,0,1137,-59,0,7,17
3,360,21.600000,10000.000000,1,1,92908538,1137,0,1137,-59,0,7,17
3,360,21.600000,10000.000000,1,1,92908548,1137,0,1137,-59,0,7,17
3,360,21.600000,10000.000000,1,1,92908557,1137,0,1137,-59,0,7,17
3,360,21.600000,10000.000000,1,1,92908567,1137,0,1137,-59,0,7,17
3,360,21.600000,10000.000000,1,1,92908577,1137,0,1137,-59,0,7,17
3,360,21.600000,10000.000000,1,1,92908587,1137,0,1137,-59,0,7,17
3,360,21.600000,10000.000000,1,1,92908596,1137,0,1137,-59,0,7,17
