3,720,50.400000,42.984000,0,0,93127095,600,0,600,0,0,8,10
3,720,50.400000,42.984000,0,0,93127096,600,0,600,0,0,8,10
3,720,50.400000,42.984000,0,0,93127106,600,0,600,0,0,8,10
3,720,50.400000,42.984000,0,0,93127117,600,0,600,0,0,8,10
3,720,50.400000,42.984000,0,0,93127127,600,0,600,0,0,8,10
3,720,50.400000,42.984000,0,0,93127139,600,0,600,0,0,8,10
3,720,50.400000,42.984000,0,0,93127149,600,0,600,0,0,8,10
3,720,50.400000,42.984000,0,0,93127160,600,0,600,0,0,8,10
3,720,50.400000,42.984000,0,0,93127170,600,0,600,0,0,8,10
3,720,50.400000,42.984000,0,0,93127181,600,0,600,0,0,8,10
3,720,50.400000,42.984000,0,0,93127193,601,0,601,-1,0,8,10
3,720,50.400000,42.984000,0,0,93127203,604,0,604,-2,0,8,10
3,720,50.400000,42.984000,0,0,93127214,609,0,609,-3,0,8,10
3,720,50.400000,42.984000,0,0,93127225,617,0,617,-6,0,8,10
3,720,50.400000,42.984000,0,0,93127235,627,0,627,-10,0,8,10
3,720,50.400000,42.984000,0,0,93127246,638,0,638,-13,0,8,10
3,720,50.400000,42.984000,0,0,93127257,655,0,655,-18,0,8,10
3,720,50.400000,42.984000,0,0,93127268,671,0,671,-22,0,8,10
3,720,50.400000,42.984000,0,0,93127279,691,0,691,-27,0,8,10
3,720,50.400000,42.984000,0,0,93127289,712,0,712,-31,0,8,10
3,720,50.400000,42.984000,0,0,93127300,738,0,738,-36,0,8,10
3,720,50.400000,42.984000,0,0,93127311,762,0,762,-41,0,8,10
3,720,50.400000,42.984000,0,0,93127322,788,0,788,-46,0,8,10
3,720,50.400000,42.984000,0,0,93127332,818,0,818,-51,0,8,10
3,720,50.400000,42.984000,0,0,93127343,848,0,848,-57,0,8,10
3,720,50.400000,42.984000,0,0,93127354,883,0,883,-63,0,8,10
3,720,50.400000,42.984000,0,0,93127365,915,0,915,-68,0,8,10
3,720,50.400000,42.984000,0,0,93127376,949,0,949,-73,0,8,10
3,720,50.400000,42.984000,0,0,93127386,981,0,981,-77,0,8,10
3,720,50.400000,42.984000,0,0,93127398,1011,0,1011,-81,0,8,10
3,720,50.400000,42.984000,0,0,93127409,1042,0,1042,-86,0,8,10
3,720,50.400000,42.984000,0,0,93127420,1062,0,1062,-88,0,8,10
3,720,50.400000,42.984000,0,0,93127430,1086,0,1086,-92,0,8,10
3,720,50.400000,42.984000,0,0,93127441,1103,0,1103,-94,0,8,10
3,720,50.400000,42.984000,0,0,93127451,1118,0,1118,-96,0,8,10
3,720,50.400000,42.984000,0,0,93127462,1131,0,1131,-99,0,8,10
3,720,50.400000,42.984000,0,0,93127473,1141,0,1141,-100,0,8,10
3,720,50.400000,42.984000,0,0,93127488,1150,0,1150,-101,0,8,10
3,720,50.400000,42.984000,0,0,93127498,1163,0,1163,-102,0,8,10
3,720,50.400000,42.984000,0,0,93127508,1171,0,1171,-103,0,8,10
3,720,50.400000,42.984000,0,0,93127519,1178,0,1178,-104,0,8,10
3,720,50.400000,42.984000,0,0,93127534,1186,0,1186,-104,0,8,10
3,720,50.400000,42.984000,0,0,93127549,1194,0,1194,-105,0,8,10
3,720,50.400000,42.984000,0,0,93127565,1199,0,1199,-106,0,8,10
3,720,50.400000,42.984000,0,0,93127581,1205,0,1205,-107,0,8,10
3,720,50.400000,42.984000,0,0,93127597,1210,0,1210,-108,0,8,10
3,720,50.400000,42.984000,0,0,93127607,1216,0,1216,-108,0,8,10
3,720,50.400000,42.984000,0,0,93127619,1219,0,1219,-108,0,8,10
3,720,50.400000,42.984000,0,0,93127631,1223,0,1223,-108,0,8,10
3,720,50.400000,42.984000,0,0,93127642,1227,0,1227,-108,0,8,10
3,720,50.400000,42.984000,0,0,93127652,1233,0,1233,-108,0,8,10
3,720,50.400000,42.984000,0,0,93127663,1239,0,1239,-108,0,8,10
3,720,50.400000,42.984000,0,0,93127674,1244,0,1244,-108,0,8,10
3,720,50.400000,42.984000,0,0,93127685,1248,0,1248,-108,0,8,10
3,720,50.400000,42.984000,0,0,93127696,1251,0,1251,-109,0,8,10
3,720,50.400000,42.984000,0,0,93127706,1254,0,1254,-109,0,8,10
3,720,50.400000,42.984000,0,0,93127721,1255,0,1255,-109,0,8,10
3,720,50.400000,42.984000,0,0,93127737,1255,0,1255,-110,0,8,10
3,720,50.400000,42.984000,0,0,93127747,1255,0,1255,-110,0,8,10
3,720,50.400000,42.984000,0,0,93127757,1256,0,1256,-111,0,8,10
3,720,50.400000,42.984000,0,0,93127768,1257,0,1257,-111,0,8,10
3,720,50.400000,42.984000,0,0,93127778,1258,0,1258,-111,0,8,10
3,720,50.400000,42.984000,0,0,93127789,1259,0,1259,-111,0,8,10
3,720,50.400000,42.984000,0,0,93127800,1261,0,1261,-111,0,8,10
3,720,50.400000,42.984000,0,0,93127810,1263,0,1263,-111,0,8,10
3,720,50.400000,42.984000,0,0,93127820,1266,0,1266,-111,0,8,10
3,720,50.400000,42.984000,0,0,93127831,1269,0,1269,-111,0,8,10
3,720,50.400000,42.984000,0,0,93127842,1271,0,1271,-112,0,8,10
3,720,50.400000,42.984000,0,0,93127854,1274,0,1274,-112,0,8,10
3,720,50.400000,42.984000,0,0,93127865,1278,0,1278,-112,0,8,10
3,720,50.400000,42.984000,0,0,93127883,1283,0,1283,-112,0,8,10
3,720,50.400000,42.984000,0,0,93127898,1291,0,1291,-113,0,8,10
3,720,50.400000,42.984000,0,0,93127914,1299,0,1299,-113,0,8,10
3,720,50.400000,42.984000,0,0,93127929,1308,0,1308,-114,0,8,10
3,720,50.400000,42.984000,0,0,93127944,1316,0,1316,-115,0,8,10
3,720,50.400000,42.984000,0,0,93127960,1326,0,1326,-116,0,8,10
3,720,50.400000,42.984000,0,0,93127970,1331,0,1331,-117,0,8,10
3,720,50.400000,42.984000,0,0,93127982,1334,0,1334,-117,0,8,10
3,720,50.400000,42.984000,0,0,93127995,1335,0,1335,-118,0,8,10
3,720,50.400000,42.984000,0,0,93128005,1335,0,1335,-118,0,8,10
3,720,50.400000,42.984000,0,0,93128016,1335,0,1335,-118,0,8,10
3,720,50.400000,42.984000,0,0,93128027,1335,0,1335,-118,0,8,10
3,720,50.400000,42.984000,0,0,93128037,1335,0,1335,-118,0,8,10
3,720,50.400000,42.984000,0,0,93128048,1335,0,1335,-118,0,8,10
3,720,50.400000,42.984000,0,0,93128058,1335,0,1335,-118,0,8,10
3,720,50.400000,42.984000,0,0,93128069,1335,0,1335,-118,0,8,10
3,720,50.400000,42.984000,0,0,93128079,1335,0,1335,-118,0,8,10
3,720,50.400000,42.984000,0,0,93128089,1335,0,1335,-118,0,8,10
3,720,50.400000,42.984000,0,0,93128100,1335,0,1335,-118,0,8,10
3,720,50.400000,42.984000,0,0,93128110,1335,0,1335,-118,0,8,10
3,720,50.400000,42.984000,0,0,93128120,1335,0,1335,-118,0,8,10
3,720,50.400000,42.984000,0,0,93128130,1335,0,1335,-118,0,8,10
3,720,50.400000,42.984000,0,0,93128141,1335,0,1335,-118,0,8,10
3,720,50.400000,42.984000,0,0,93128151,1335,0,1335,-118,0,8,10
3,720,50.400000,42.984000,0,0,93128162,1335,0,1335,-118,0,8,10
3,720,50.400000,42.984000,0,0,93128172,1335,0,1335,-118,0,8,10
