3,720,50.400000,10000.000000,0,0,93237612,600,0,600,0,0,8,66
3,720,50.400000,10000.000000,0,0,93237613,600,0,600,0,0,8,66
3,720,50.400000,10000.000000,0,0,93237623,600,0,600,0,0,8,66
3,720,50.400000,10000.000000,0,0,93237633,600,0,600,0,0,8,66
3,720,50.400000,10000.000000,0,0,93237643,600,0,600,0,0,8,66
3,720,50.400000,10000.000000,0,0,93237653,600,0,600,0,0,8,66
3,720,50.400000,10000.000000,0,0,93237663,600,0,600,0,0,8,66
3,720,50.400000,10000.000000,0,0,93237674,600,0,600,0,0,8,66
3,720,50.400000,10000.000000,0,0,93237684,600,0,600,0,0,8,66
3,720,50.400000,10000.000000,0,0,93237695,600,0,600,0,0,8,66
3,720,50.400000,10000.000000,0,0,93237709,600,0,600,0,0,8,66
3,720,50.400000,10000.000000,0,0,93237720,602,0,602,-1,0,8,66
3,720,50.400000,10000.000000,0,0,93237730,607,0,607,-2,0,8,66
3,720,50.400000,10000.000000,0,0,93237742,614,0,614,-4,0,8,66
3,720,50.400000,10000.000000,0,0,93237756,629,0,629,-7,0,8,66
3,720,50.400000,10000.000000,0,0,93237767,654,0,654,-10,0,8,66
3,720,50.400000,10000.000000,0,0,93237778,677,0,677,-13,0,8,66
3,720,50.400000,10000.000000,0,0,93237788,704,0,704,-17,0,8,66
3,720,50.400000,10000.000000,0,0,93237799,732,0,732,-21,0,8,66
3,720,50.400000,10000.000000,0,0,93237810,766,0,766,-25,0,8,66
3,720,50.400000,10000.000000,0,0,93237821,802,0,802,-30,0,8,66
3,720,50.400000,10000.000000,0,0,93237835,843,0,843,-36,0,8,66
3,720,50.400000,10000.000000,0,0,93237850,901,0,901,-44,0,8,66
3,720,50.400000,10000.000000,0,0,93237861,963,0,963,-53,0,8,66
3,720,50.400000,10000.000000,0,0,93237871,1014,0,1014,-58,0,8,66
3,720,50.400000,10000.000000,0,0,93237882,1065,0,1065,-64,0,8,66
3,720,50.400000,10000.000000,0,0,93237892,1114,0,1114,-69,0,8,66
3,720,50.400000,10000.000000,0,0,93237905,1164,0,1164,-72,0,8,66
3,720,50.400000,10000.000000,0,0,93237916,1211,0,1211,-75,0,8,66
3,720,50.400000,10000.000000,0,0,93237927,1252,0,1252,-79,0,8,66
3,720,50.400000,10000.000000,0,0,93237938,1287,0,1287,-83,0,8,66
3,720,50.400000,10000.000000,0,0,93237949,1316,0,1316,-87,0,8,66
3,720,50.400000,10000.000000,0,0,93237960,1340,0,1340,-92,0,8,66
3,720,50.400000,10000.000000,0,0,93237971,1362,0,1362,-97,0,8,66
3,720,50.400000,10000.000000,0,0,93237981,1377,0,1377,-100,0,8,66
3,720,50.400000,10000.000000,0,0,93237991,1390,0,1390,-103,0,8,66
3,720,50.400000,10000.000000,0,0,93238002,1400,0,1400,-105,0,8,66
3,720,50.400000,10000.000000,0,0,93238012,1408,0,1408,-107,0,8,66
3,720,50.400000,10000.000000,0,0,93238022,1416,0,1416,-109,0,8,66
3,720,50.400000,10000.000000,0,0,93238035,1423,0,1423,-111,0,8,66
3,720,50.400000,10000.000000,0,0,93238046,1430,0,1430,-113,0,8,66
3,720,50.400000,10000.000000,0,0,93238062,1435,0,1435,-114,0,8,66
3,720,50.400000,10000.000000,0,0,93238072,1439,0,1439,-116,0,8,66
3,720,50.400000,10000.000000,0,0,93238082,1441,0,1441,-116,0,8,66
3,720,50.400000,10000.000000,0,0,93238092,1442,0,1442,-117,0,8,66
3,720,50.400000,10000.000000,0,0,93238103,1442,0,1442,-117,0,8,66
3,720,50.400000,10000.000000,0,0,93238113,1443,0,1443,-117,0,8,66
3,720,50.400000,10000.000000,0,0,93238124,1445,0,1445,-118,0,8,66
3,720,50.400000,10000.000000,0,0,93238135,1445,0,1445,-119,0,8,66
3,720,50.400000,10000.000000,0,0,93238149,1445,0,1445,-119,0,8,66
3,720,50.400000,10000.000000,0,0,93238160,1446,0,1446,-119,0,8,66
3,720,50.400000,10000.000000,0,0,93238171,1446,0,1446,-120,0,8,66
3,720,50.400000,10000.000000,0,0,93238181,1446,0,1446,-120,0,8,66
3,720,50.400000,10000.000000,0,0,93238191,1446,0,1446,-120,0,8,66
3,720,50.400000,10000.000000,0,0,93238201,1446,0,1446,-120,0,8,66
3,720,50.400000,10000.000000,0,0,93238211,1446,0,1446,-120,0,8,66
3,720,50.400000,10000.000000,0,0,93238222,1446,0,1446,-120,0,8,66
3,720,50.400000,10000.000000,0,0,93238232,1446,0,1446,-120,0,8,66
3,720,50.400000,10000.000000,0,0,93238243,1445,0,1445,-121,0,8,66
3,720,50.400000,10000.000000,0,0,93238253,1441,0,1441,-123,0,8,66
3,720,50.400000,10000.000000,0,0,93238264,1438,0,1438,-124,0,8,66
3,720,50.400000,10000.000000,0,0,93238276,1434,0,1434,-125,0,8,66
3,720,50.400000,10000.000000,0,0,93238287,1429,0,1429,-127,0,8,66
3,720,50.400000,10000.000000,0,0,93238298,1424,0,1424,-128,0,8,66
3,720,50.400000,10000.000000,0,0,93238309,1420,0,1420,-129,0,8,66
3,720,50.400000,10000.000000,0,0,93238323,1415,0,1415,-130,0,8,66
3,720,50.400000,10000.000000,0,0,93238334,1407,0,1407,-131,0,8,66
3,720,50.400000,10000.000000,0,0,93238344,1399,0,1399,-133,0,8,66
3,720,50.400000,10000.000000,0,0,93238355,1391,0,1391,-134,0,8,66
3,720,50.400000,10000.000000,0,0,93238371,1384,0,1384,-135,0,8,66
3,720,50.400000,10000.000000,0,0,93238381,1374,0,1374,-136,0,8,66
3,720,50.400000,10000.000000,0,0,93238392,1371,0,1371,-136,0,8,66
3,720,50.400000,10000.000000,0,0,93238402,1367,0,1367,-136,0,8,66
3,720,50.400000,10000.000000,0,0,93238412,1364,0,1364,-136,0,8,66
3,720,50.400000,10000.000000,0,0,93238423,1362,0,1362,-136,0,8,66
3,720,50.400000,10000.000000,0,0,93238433,1362,0,1362,-136,0,8,66
3,720,50.400000,10000.000000,0,0,93238442,1362,0,1362,-136,0,8,66
3,720,50.400000,10000.000000,0,0,93238453,1361,0,1361,-136,0,8,66
3,720,50.400000,10000.000000,0,0,93238463,1361,0,1361,-136,0,8,66
3,720,50.400000,10000.000000,0,0,93238473,1359,0,1359,-136,0,8,66
3,720,50.400000,10000.000000,0,0,93238483,1358,0,1358,-136,0,8,66
3,720,50.400000,10000.000000,0,0,93238494,1357,0,1357,-137,0,8,66
3,720,50.400000,10000.000000,0,0,93238505,1356,0,1356,-137,0,8,66
3,720,50.400000,10000.000000,0,0,93238515,1354,0,1354,-138,0,8,66
3,720,50.400000,10000.000000,0,0,93238525,1354,0,1354,-138,0,8,66
3,720,50.400000,10000.000000,0,0,93238535,1354,0,1354,-138,0,8,66
3,720,50.400000,10000.000000,0,0,93238545,1354,0,1354,-138,0,8,66
3,720,50.400000,10000.000000,0,0,93238556,1354,0,1354,-138,0,8,66
3,720,50.400000,10000.000000,0,0,93238566,1354,0,1354,-139,0,8,66
3,720,50.400000,10000.000000,0,0,93238576,1353,0,1353,-139,0,8,66
3,720,50.400000,10000.000000,0,0,93238587,1352,0,1352,-140,0,8,66
3,720,50.400000,10000.000000,0,0,93238622,1351,0,1351,-140,0,8,66
3,720,50.400000,10000.000000,0,0,93238633,1351,0,1351,-140,0,8,66
3,720,50.400000,10000.000000,0,0,93238645,1351,0,1351,-140,0,8,66
3,720,50.400000,10000.000000,0,0,93238655,1351,0,1351,-140,0,8,66
3,720,50.400000,10000.000000,0,0,93238666,1351,0,1351,-140,0,8,66
3,720,50.400000,10000.000000,0,0,93238677,1351,0,1351,-140,0,8,66
3,720,50.400000,10000.000000,0,0,93238688,1350,0,1350,-140,0,8,66
3,720,50.400000,10000.000000,0,0,93238703,1348,0,1348,-141,0,8,66
3,720,50.400000,10000.000000,0,0,93238713,1347,0,1347,-142,0,8,66
3,720,50.400000,10000.000000,0,0,93238724,1346,0,1346,-142,0,8,66
3,720,50.400000,10000.000000,0,0,93238735,1345,0,1345,-142,0,8,66
3,720,50.400000,10000.000000,0,0,93238747,1345,0,1345,-142,0,8,66
3,720,50.400000,10000.000000,0,0,93238757,1345,0,1345,-142,0,8,66
3,720,50.400000,10000.000000,0,0,93238767,1345,0,1345,-142,0,8,66
3,720,50.400000,10000.000000,0,0,93238784,1344,0,1344,-143,0,8,66
3,720,50.400000,10000.000000,0,0,93238798,1343,0,1343,-143,0,8,66
3,720,50.400000,10000.000000,0,0,93238808,1342,0,1342,-143,0,8,66
3,720,50.400000,10000.000000,0,0,93238820,1341,0,1341,-144,0,8,66
3,720,50.400000,10000.000000,0,0,93238830,1340,0,1340,-144,0,8,66
3,720,50.400000,10000.000000,0,0,93238842,1338,0,1338,-145,0,8,66
3,720,50.400000,10000.000000,0,0,93238853,1335,0,1335,-146,0,8,66
3,720,50.400000,10000.000000,0,0,93238863,1332,0,1332,-147,0,8,66
3,720,50.400000,10000.000000,0,0,93238874,1330,0,1330,-148,0,8,66
3,720,50.400000,10000.000000,0,0,93238884,1329,0,1329,-148,0,8,66
3,720,50.400000,10000.000000,0,0,93238895,1328,0,1328,-148,0,8,66
3,720,50.400000,10000.000000,0,0,93238905,1328,0,1328,-148,0,8,66
3,720,50.400000,10000.000000,0,0,93238919,1328,0,1328,-148,0,8,66
3,720,50.400000,10000.000000,0,0,93238929,1328,0,1328,-148,0,8,66
3,720,50.400000,10000.000000,0,0,93238940,1328,0,1328,-148,0,8,66
3,720,50.400000,10000.000000,0,0,93238951,1328,0,1328,-148,0,8,66
3,720,50.400000,10000.000000,0,0,93238962,1328,0,1328,-149,0,8,66
3,720,50.400000,10000.000000,0,0,93238972,1328,0,1328,-149,0,8,66
3,720,50.400000,10000.000000,0,0,93238982,1328,0,1328,-149,0,8,66
3,720,50.400000,10000.000000,0,0,93238993,1328,0,1328,-149,0,8,66
3,720,50.400000,10000.000000,0,0,93239004,1328,0,1328,-149,0,8,66
3,720,50.400000,10000.000000,0,0,93239014,1328,0,1328,-149,0,8,66
3,720,50.400000,10000.000000,0,0,93239026,1328,0,1328,-149,0,8,66
3,720,50.400000,10000.000000,0,0,93239038,1328,0,1328,-149,0,8,66
3,720,50.400000,10000.000000,0,0,93239051,1328,0,1328,-149,0,8,66
