3,360,21.600000,42.984000,0,0,93118999,780,0,780,0,0,8,6
3,360,21.600000,42.984000,0,0,93119000,780,0,780,0,0,8,6
3,360,21.600000,42.984000,0,0,93119011,781,0,781,0,0,8,6
3,360,21.600000,42.984000,0,0,93119022,782,0,782,0,0,8,6
3,360,21.600000,42.984000,0,0,93119034,784,0,784,-1,0,8,6
3,360,21.600000,42.984000,0,0,93119045,786,0,786,-3,0,8,6
3,360,21.600000,42.984000,0,0,93119056,788,0,788,-4,0,8,6
3,360,21.600000,42.984000,0,0,93119067,790,0,790,-5,0,8,6
3,360,21.600000,42.984000,0,0,93119078,793,0,793,-7,0,8,6
3,360,21.600000,42.984000,0,0,93119089,796,0,796,-8,0,8,6
3,360,21.600000,42.984000,0,0,93119100,800,0,800,-9,0,8,6
3,360,21.600000,42.984000,0,0,93119111,805,0,805,-11,0,8,6
3,360,21.600000,42.984000,0,0,93119122,811,0,811,-12,0,8,6
3,360,21.600000,42.984000,0,0,93119133,820,0,820,-14,0,8,6
3,360,21.600000,42.984000,0,0,93119143,830,0,830,-16,0,8,6
3,360,21.600000,42.984000,0,0,93119154,845,0,845,-18,0,8,6
3,360,21.600000,42.984000,0,0,93119165,860,0,860,-20,0,8,6
3,360,21.600000,42.984000,0,0,93119175,874,0,874,-22,0,8,6
3,360,21.600000,42.984000,0,0,93119186,888,0,888,-25,0,8,6
3,360,21.600000,42.984000,0,0,93119197,900,0,900,-27,0,8,6
3,360,21.600000,42.984000,0,0,93119212,914,0,914,-29,0,8,6
3,360,21.600000,42.984000,0,0,93119229,930,0,930,-32,0,8,6
3,360,21.600000,42.984000,0,0,93119243,943,0,943,-34,0,8,6
3,360,21.600000,42.984000,0,0,93119255,953,0,953,-35,0,8,6
3,360,21.600000,42.984000,0,0,93119265,960,0,960,-36,0,8,6
3,360,21.600000,42.984000,0,0,93119276,965,0,965,-37,0,8,6
3,360,21.600000,42.984000,0,0,93119287,971,0,971,-38,0,8,6
3,360,21.600000,42.984000,0,0,93119299,977,0,977,-39,0,8,6
3,360,21.600000,42.984000,0,0,93119311,984,0,984,-40,0,8,6
3,360,21.600000,42.984000,0,0,93119323,991,0,991,-40,0,8,6
3,360,21.600000,42.984000,0,0,93119334,996,0,996,-40,0,8,6
3,360,21.600000,42.984000,0,0,93119345,1002,0,1002,-41,0,8,6
3,360,21.600000,42.984000,0,0,93119358,1006,0,1006,-42,0,8,6
3,360,21.600000,42.984000,0,0,93119371,1009,0,1009,-42,0,8,6
3,360,21.600000,42.984000,0,0,93119386,1011,0,1011,-43,0,8,6
3,360,21.600000,42.984000,0,0,93119398,1013,0,1013,-43,0,8,6
3,360,21.600000,42.984000,0,0,93119409,1014,0,1014,-43,0,8,6
3,360,21.600000,42.984000,0,0,93119420,1016,0,1016,-43,0,8,6
3,360,21.600000,42.984000,0,0,93119432,1019,0,1019,-43,0,8,6
3,360,21.600000,42.984000,0,0,93119441,1022,0,1022,-44,0,8,6
3,360,21.600000,42.984000,0,0,93119453,1025,0,1025,-44,0,8,6
3,360,21.600000,42.984000,0,0,93119464,1027,0,1027,-44,0,8,6
3,360,21.600000,42.984000,0,0,93119474,1029,0,1029,-45,0,8,6
3,360,21.600000,42.984000,0,0,93119485,1032,0,1032,-46,0,8,6
3,360,21.600000,42.984000,0,0,93119496,1034,0,1034,-46,0,8,6
3,360,21.600000,42.984000,0,0,93119507,1035,0,1035,-46,0,8,6
3,360,21.600000,42.984000,0,0,93119520,1037,0,1037,-46,0,8,6
3,360,21.600000,42.984000,0,0,93119531,1039,0,1039,-46,0,8,6
3,360,21.600000,42.984000,0,0,93119542,1040,0,1040,-46,0,8,6
3,360,21.600000,42.984000,0,0,93119552,1040,0,1040,-46,0,8,6
3,360,21.600000,42.984000,0,0,93119563,1042,0,1042,-46,0,8,6
3,360,21.600000,42.984000,0,0,93119574,1043,0,1043,-46,0,8,6
3,360,21.600000,42.984000,0,0,93119589,1045,0,1045,-46,0,8,6
3,360,21.600000,42.984000,0,0,93119600,1048,0,1048,-47,0,8,6
3,360,21.600000,42.984000,0,0,93119611,1050,0,1050,-47,0,8,6
3,360,21.600000,42.984000,0,0,93119627,1052,0,1052,-47,0,8,6
3,360,21.600000,42.984000,0,0,93119638,1054,0,1054,-48,0,8,6
3,360,21.600000,42.984000,0,0,93119648,1056,0,1056,-49,0,8,6
3,360,21.600000,42.984000,0,0,93119659,1057,0,1057,-49,0,8,6
3,360,21.600000,42.984000,0,0,93119670,1059,0,1059,-49,0,8,6
3,360,21.600000,42.984000,0,0,93119680,1060,0,1060,-50,0,8,6
3,360,21.600000,42.984000,0,0,93119691,1061,0,1061,-50,0,8,6
3,360,21.600000,42.984000,0,0,93119702,1062,0,1062,-50,0,8,6
3,360,21.600000,42.984000,0,0,93119712,1063,0,1063,-50,0,8,6
3,360,21.600000,42.984000,0,0,93119723,1064,0,1064,-50,0,8,6
3,360,21.600000,42.984000,0,0,93119734,1065,0,1065,-50,0,8,6
3,360,21.600000,42.984000,0,0,93119744,1066,0,1066,-50,0,8,6
3,360,21.600000,42.984000,0,0,93119755,1066,0,1066,-50,0,8,6
3,360,21.600000,42.984000,0,0,93119765,1068,0,1068,-50,0,8,6
3,360,21.600000,42.984000,0,0,93119776,1069,0,1069,-50,0,8,6
3,360,21.600000,42.984000,0,0,93119786,1070,0,1070,-50,0,8,6
3,360,21.600000,42.984000,0,0,93119797,1072,0,1072,-50,0,8,6
3,360,21.600000,42.984000,0,0,93119807,1073,0,1073,-51,0,8,6
3,360,21.600000,42.984000,0,0,93119817,1074,0,1074,-51,0,8,6
3,360,21.600000,42.984000,0,0,93119828,1076,0,1076,-51,0,8,6
3,360,21.600000,42.984000,0,0,93119838,1078,0,1078,-51,0,8,6
3,360,21.600000,42.984000,0,0,93119850,1079,0,1079,-51,0,8,6
3,360,21.600000,42.984000,0,0,93119861,1079,0,1079,-51,0,8,6
3,360,21.600000,42.984000,0,0,93119872,1080,0,1080,-51,0,8,6
3,360,21.600000,42.984000,0,0,93119885,1081,0,1081,-52,0,8,6
3,360,21.600000,42.984000,0,0,93119899,1082,0,1082,-52,0,8,6
3,360,21.600000,42.984000,0,0,93119909,1083,0,1083,-52,0,8,6
3,360,21.600000,42.984000,0,0,93119920,1084,0,1084,-53,0,8,6
3,360,21.600000,42.984000,0,0,93119931,1085,0,1085,-53,0,8,6
3,360,21.600000,42.984000,0,0,93119942,1086,0,1086,-53,0,8,6
3,360,21.600000,42.984000,0,0,93119952,1087,0,1087,-53,0,8,6
3,360,21.600000,42.984000,0,0,93119963,1087,0,1087,-53,0,8,6
3,360,21.600000,42.984000,0,0,93119973,1088,0,1088,-53,0,8,6
3,360,21.600000,42.984000,0,0,93119984,1089,0,1089,-53,0,8,6
3,360,21.600000,42.984000,0,0,93119995,1091,0,1091,-53,0,8,6
3,360,21.600000,42.984000,0,0,93120006,1093,0,1093,-53,0,8,6
3,360,21.600000,42.984000,0,0,93120016,1095,0,1095,-53,0,8,6
3,360,21.600000,42.984000,0,0,93120027,1096,0,1096,-53,0,8,6
3,360,21.600000,42.984000,0,0,93120037,1098,0,1098,-53,0,8,6
3,360,21.600000,42.984000,0,0,93120048,1099,0,1099,-54,0,8,6
3,360,21.600000,42.984000,0,0,93120059,1100,0,1100,-54,0,8,6
3,360,21.600000,42.984000,0,0,93120069,1100,0,1100,-54,0,8,6
3,360,21.600000,42.984000,0,0,93120080,1101,0,1101,-54,0,8,6
3,360,21.600000,42.984000,0,0,93120091,1102,0,1102,-54,0,8,6
3,360,21.600000,42.984000,0,0,93120102,1102,0,1102,-54,0,8,6
3,360,21.600000,42.984000,0,0,93120112,1102,0,1102,-54,0,8,6
3,360,21.600000,42.984000,0,0,93120122,1102,0,1102,-54,0,8,6
3,360,21.600000,42.984000,0,0,93120133,1102,0,1102,-54,0,8,6
3,360,21.600000,42.984000,0,0,93120143,1102,0,1102,-54,0,8,6
3,360,21.600000,42.984000,0,0,93120154,1103,0,1103,-54,0,8,6
3,360,21.600000,42.984000,0,0,93120165,1105,0,1105,-54,0,8,6
3,360,21.600000,42.984000,0,0,93120175,1107,0,1107,-54,0,8,6
3,360,21.600000,42.984000,0,0,93120186,1109,0,1109,-55,0,8,6
3,360,21.600000,42.984000,0,0,93120197,1110,0,1110,-55,0,8,6
3,360,21.600000,42.984000,0,0,93120207,1112,0,1112,-55,0,8,6
3,360,21.600000,42.984000,0,0,93120218,1115,0,1115,-56,0,8,6
3,360,21.600000,42.984000,0,0,93120228,1118,0,1118,-56,0,8,6
3,360,21.600000,42.984000,0,0,93120239,1124,0,1124,-57,0,8,6
3,360,21.600000,42.984000,0,0,93120249,1127,0,1127,-57,0,8,6
3,360,21.600000,42.984000,0,0,93120260,1128,0,1128,-58,0,8,6
3,360,21.600000,42.984000,0,0,93120272,1129,0,1129,-59,0,8,6
3,360,21.600000,42.984000,0,0,93120288,1130,0,1130,-59,0,8,6
3,360,21.600000,42.984000,0,0,93120297,1133,0,1133,-60,0,8,6
3,360,21.600000,42.984000,0,0,93120309,1134,0,1134,-60,0,8,6
3,360,21.600000,42.984000,0,0,93120320,1135,0,1135,-60,0,8,6
3,360,21.600000,42.984000,0,0,93120330,1137,0,1137,-60,0,8,6
3,360,21.600000,42.984000,0,0,93120341,1138,0,1138,-61,0,8,6
3,360,21.600000,42.984000,0,0,93120351,1138,0,1138,-61,0,8,6
3,360,21.600000,42.984000,0,0,93120362,1138,0,1138,-61,0,8,6
3,360,21.600000,42.984000,0,0,93120373,1138,0,1138,-61,0,8,6
3,360,21.600000,42.984000,0,0,93120383,1138,0,1138,-61,0,8,6
3,360,21.600000,42.984000,0,0,93120399,1138,0,1138,-61,0,8,6
3,360,21.600000,42.984000,0,0,93120415,1138,0,1138,-61,0,8,6
3,360,21.600000,42.984000,0,0,93120430,1138,0,1138,-61,0,8,6
3,360,21.600000,42.984000,0,0,93120440,1138,0,1138,-61,0,8,6
3,360,21.600000,42.984000,0,0,93120451,1138,0,1138,-61,0,8,6
3,360,21.600000,42.984000,0,0,93120461,1138,0,1138,-61,0,8,6
3,360,21.600000,42.984000,0,0,93120471,1138,0,1138,-61,0,8,6
3,360,21.600000,42.984000,0,0,93120481,1138,0,1138,-61,0,8,6
3,360,21.600000,42.984000,0,0,93120491,1138,0,1138,-61,0,8,6
3,360,21.600000,42.984000,0,0,93120501,1138,0,1138,-61,0,8,6
