3,720,82.800000,42.984000,0,0,93228847,600,0,600,0,0,8,61
3,720,82.800000,42.984000,0,0,93228848,600,0,600,0,0,8,61
3,720,82.800000,42.984000,0,0,93228858,600,0,600,0,0,8,61
3,720,82.800000,42.984000,0,0,93228869,600,0,600,0,0,8,61
3,720,82.800000,42.984000,0,0,93228879,600,0,600,0,0,8,61
3,720,82.800000,42.984000,0,0,93228890,600,0,600,0,0,8,61
3,720,82.800000,42.984000,0,0,93228901,600,0,600,0,0,8,61
3,720,82.800000,42.984000,0,0,93228912,600,0,600,-1,0,8,61
3,720,82.800000,42.984000,0,0,93228923,600,0,600,-2,0,8,61
3,720,82.800000,42.984000,0,0,93228933,602,0,602,-3,0,8,61
3,720,82.800000,42.984000,0,0,93228944,604,0,604,-5,0,8,61
3,720,82.800000,42.984000,0,0,93228955,608,0,608,-7,0,8,61
3,720,82.800000,42.984000,0,0,93228965,614,0,614,-10,0,8,61
3,720,82.800000,42.984000,0,0,93228976,622,0,622,-13,0,8,61
3,720,82.800000,42.984000,0,0,93228985,631,0,631,-17,0,8,61
3,720,82.800000,42.984000,0,0,93228996,644,0,644,-21,0,8,61
3,720,82.800000,42.984000,0,0,93229006,658,0,658,-25,0,8,61
3,720,82.800000,42.984000,0,0,93229017,674,0,674,-28,0,8,61
3,720,82.800000,42.984000,0,0,93229029,693,0,693,-32,0,8,61
3,720,82.800000,42.984000,0,0,93229040,717,0,717,-36,0,8,61
3,720,82.800000,42.984000,0,0,93229056,743,0,743,-40,0,8,61
3,720,82.800000,42.984000,0,0,93229067,781,0,781,-44,0,8,61
3,720,82.800000,42.984000,0,0,93229077,806,0,806,-47,0,8,61
3,720,82.800000,42.984000,0,0,93229093,833,0,833,-50,0,8,61
3,720,82.800000,42.984000,0,0,93229104,881,0,881,-53,0,8,61
3,720,82.800000,42.984000,0,0,93229114,912,0,912,-54,0,8,61
3,720,82.800000,42.984000,0,0,93229130,940,0,940,-55,0,8,61
3,720,82.800000,42.984000,0,0,93229145,977,0,977,-57,0,8,61
3,720,82.800000,42.984000,0,0,93229161,1013,0,1013,-60,0,8,61
3,720,82.800000,42.984000,0,0,93229173,1042,0,1042,-63,0,8,61
3,720,82.800000,42.984000,0,0,93229183,1057,0,1057,-65,0,8,61
3,720,82.800000,42.984000,0,0,93229194,1070,0,1070,-67,0,8,61
3,720,82.800000,42.984000,0,0,93229206,1082,0,1082,-68,0,8,61
3,720,82.800000,42.984000,0,0,93229217,1091,0,1091,-69,0,8,61
3,720,82.800000,42.984000,0,0,93229228,1100,0,1100,-70,0,8,61
3,720,82.800000,42.984000,0,0,93229238,1107,0,1107,-71,0,8,61
3,720,82.800000,42.984000,0,0,93229249,1111,0,1111,-72,0,8,61
3,720,82.800000,42.984000,0,0,93229261,1116,0,1116,-73,0,8,61
3,720,82.800000,42.984000,0,0,93229272,1120,0,1120,-73,0,8,61
3,720,82.800000,42.984000,0,0,93229283,1124,0,1124,-73,0,8,61
3,720,82.800000,42.984000,0,0,93229294,1129,0,1129,-73,0,8,61
3,720,82.800000,42.984000,0,0,93229305,1133,0,1133,-73,0,8,61
3,720,82.800000,42.984000,0,0,93229316,1137,0,1137,-73,0,8,61
3,720,82.800000,42.984000,0,0,93229327,1140,0,1140,-73,0,8,61
3,720,82.800000,42.984000,0,0,93229344,1144,0,1144,-73,0,8,61
3,720,82.800000,42.984000,0,0,93229355,1152,0,1152,-73,0,8,61
3,720,82.800000,42.984000,0,0,93229365,1157,0,1157,-73,0,8,61
3,720,82.800000,42.984000,0,0,93229382,1163,0,1163,-73,0,8,61
3,720,82.800000,42.984000,0,0,93229397,1173,0,1173,-73,0,8,61
3,720,82.800000,42.984000,0,0,93229413,1185,0,1185,-73,0,8,61
3,720,82.800000,42.984000,0,0,93229428,1201,0,1201,-73,0,8,61
3,720,82.800000,42.984000,0,0,93229444,1216,0,1216,-73,0,8,61
3,720,82.800000,42.984000,0,0,93229454,1230,0,1230,-73,0,8,61
3,720,82.800000,42.984000,0,0,93229465,1238,0,1238,-74,0,8,61
3,720,82.800000,42.984000,0,0,93229475,1245,0,1245,-74,0,8,61
3,720,82.800000,42.984000,0,0,93229491,1251,0,1251,-75,0,8,61
3,720,82.800000,42.984000,0,0,93229507,1256,0,1256,-76,0,8,61
3,720,82.800000,42.984000,0,0,93229517,1260,0,1260,-76,0,8,61
3,720,82.800000,42.984000,0,0,93229528,1262,0,1262,-76,0,8,61
3,720,82.800000,42.984000,0,0,93229538,1263,0,1263,-76,0,8,61
3,720,82.800000,42.984000,0,0,93229549,1263,0,1263,-77,0,8,61
3,720,82.800000,42.984000,0,0,93229559,1263,0,1263,-78,0,8,61
3,720,82.800000,42.984000,0,0,93229569,1263,0,1263,-78,0,8,61
3,720,82.800000,42.984000,0,0,93229579,1263,0,1263,-78,0,8,61
3,720,82.800000,42.984000,0,0,93229590,1263,0,1263,-78,0,8,61
3,720,82.800000,42.984000,0,0,93229600,1263,0,1263,-78,0,8,61
3,720,82.800000,42.984000,0,0,93229611,1263,0,1263,-78,0,8,61
3,720,82.800000,42.984000,0,0,93229621,1263,0,1263,-78,0,8,61
3,720,82.800000,42.984000,0,0,93229631,1263,0,1263,-78,0,8,61
3,720,82.800000,42.984000,0,0,93229642,1263,0,1263,-78,0,8,61
3,720,82.800000,42.984000,0,0,93229652,1263,0,1263,-78,0,8,61
3,720,82.800000,42.984000,0,0,93229662,1263,0,1263,-78,0,8,61
3,720,82.800000,42.984000,0,0,93229673,1263,0,1263,-78,0,8,61
3,720,82.800000,42.984000,0,0,93229683,1263,0,1263,-78,0,8,61
3,720,82.800000,42.984000,0,0,93229693,1263,0,1263,-78,0,8,61
3,720,82.800000,42.984000,0,0,93229703,1264,0,1264,-78,0,8,61
3,720,82.800000,42.984000,0,0,93229714,1265,0,1265,-78,0,8,61
3,720,82.800000,42.984000,0,0,93229724,1267,0,1267,-78,0,8,61
3,720,82.800000,42.984000,0,0,93229734,1268,0,1268,-78,0,8,61
3,720,82.800000,42.984000,0,0,93229745,1270,0,1270,-78,0,8,61
3,720,82.800000,42.984000,0,0,93229756,1273,0,1273,-78,0,8,61
3,720,82.800000,42.984000,0,0,93229767,1276,0,1276,-78,0,8,61
3,720,82.800000,42.984000,0,0,93229778,1281,1,1281,-77,0,8,61
3,720,82.800000,42.984000,0,0,93229794,1285,2,1285,-76,0,8,61
3,720,82.800000,42.984000,0,0,93229805,1290,3,1290,-75,0,8,61
3,720,82.800000,42.984000,0,0,93229817,1293,3,1293,-75,0,8,61
3,720,82.800000,42.984000,0,0,93229827,1294,3,1294,-75,0,8,61
3,720,82.800000,42.984000,0,0,93229838,1296,3,1296,-75,0,8,61
3,720,82.800000,42.984000,0,0,93229849,1296,3,1296,-75,0,8,61
3,720,82.800000,42.984000,0,0,93229859,1296,3,1296,-75,0,8,61
3,720,82.800000,42.984000,0,0,93229870,1296,3,1296,-75,0,8,61
3,720,82.800000,42.984000,0,0,93229881,1296,3,1296,-75,0,8,61
3,720,82.800000,42.984000,0,0,93229892,1296,3,1296,-75,0,8,61
3,720,82.800000,42.984000,0,0,93229906,1296,3,1296,-75,0,8,61
3,720,82.800000,42.984000,0,0,93229916,1296,3,1296,-75,0,8,61
3,720,82.800000,42.984000,0,0,93229926,1296,3,1296,-75,0,8,61
