3,360,50.400000,12.276000,0,0,93315645,780,0,780,0,0,8,105
3,360,50.400000,12.276000,0,0,93315646,780,0,780,0,0,8,105
3,360,50.400000,12.276000,0,0,93315657,780,0,780,0,0,8,105
3,360,50.400000,12.276000,0,0,93315667,780,0,780,0,0,8,105
3,360,50.400000,12.276000,0,0,93315677,780,0,780,0,0,8,105
3,360,50.400000,12.276000,0,0,93315688,780,0,780,0,0,8,105
3,360,50.400000,12.276000,0,0,93315698,780,0,780,0,0,8,105
3,360,50.400000,12.276000,0,0,93315708,780,0,780,0,0,8,105
3,360,50.400000,12.276000,0,0,93315719,780,0,780,0,0,8,105
3,360,50.400000,12.276000,0,0,93315729,780,0,780,0,0,8,105
3,360,50.400000,12.276000,0,0,93315739,780,0,780,0,0,8,105
3,360,50.400000,12.276000,0,0,93315750,781,0,781,0,0,8,105
3,360,50.400000,12.276000,0,0,93315761,785,0,785,-2,0,8,105
3,360,50.400000,12.276000,0,0,93315773,791,0,791,-4,0,8,105
3,360,50.400000,12.276000,0,0,93315784,800,0,800,-7,0,8,105
3,360,50.400000,12.276000,0,0,93315794,812,0,812,-10,0,8,105
3,360,50.400000,12.276000,0,0,93315805,827,0,827,-13,0,8,105
3,360,50.400000,12.276000,0,0,93315816,842,0,842,-16,0,8,105
3,360,50.400000,12.276000,0,0,93315827,862,0,862,-19,0,8,105
3,360,50.400000,12.276000,0,0,93315837,881,0,881,-22,0,8,105
3,360,50.400000,12.276000,0,0,93315847,903,0,903,-25,0,8,105
3,360,50.400000,12.276000,0,0,93315863,921,0,921,-27,0,8,105
3,360,50.400000,12.276000,0,0,93315875,951,0,951,-32,0,8,105
3,360,50.400000,12.276000,0,0,93315885,970,0,970,-35,0,8,105
3,360,50.400000,12.276000,0,0,93315896,985,0,985,-38,0,8,105
3,360,50.400000,12.276000,0,0,93315908,999,0,999,-40,0,8,105
3,360,50.400000,12.276000,0,0,93315919,1012,0,1012,-42,0,8,105
3,360,50.400000,12.276000,0,0,93315930,1023,0,1023,-44,0,8,105
3,360,50.400000,12.276000,0,0,93315941,1034,0,1034,-45,0,8,105
3,360,50.400000,12.276000,0,0,93315952,1042,0,1042,-46,0,8,105
3,360,50.400000,12.276000,0,0,93315962,1052,0,1052,-48,0,8,105
3,360,50.400000,12.276000,0,0,93315972,1061,0,1061,-49,0,8,105
3,360,50.400000,12.276000,0,0,93315983,1070,0,1070,-50,0,8,105
3,360,50.400000,12.276000,0,0,93315995,1078,0,1078,-51,0,8,105
3,360,50.400000,12.276000,0,0,93316005,1086,0,1086,-53,0,8,105
3,360,50.400000,12.276000,0,0,93316016,1093,0,1093,-54,0,8,105
3,360,50.400000,12.276000,0,0,93316027,1099,0,1099,-55,0,8,105
3,360,50.400000,12.276000,0,0,93316038,1104,0,1104,-56,0,8,105
3,360,50.400000,12.276000,0,0,93316049,1109,0,1109,-57,0,8,105
3,360,50.400000,12.276000,0,0,93316060,1113,0,1113,-58,0,8,105
3,360,50.400000,12.276000,0,0,93316070,1116,0,1116,-58,0,8,105
3,360,50.400000,12.276000,0,0,93316081,1118,0,1118,-59,0,8,105
3,360,50.400000,12.276000,0,0,93316092,1121,0,1121,-60,0,8,105
3,360,50.400000,12.276000,0,0,93316104,1123,0,1123,-60,0,8,105
3,360,50.400000,12.276000,0,0,93316114,1125,0,1125,-61,0,8,105
3,360,50.400000,12.276000,0,0,93316125,1126,0,1126,-61,0,8,105
3,360,50.400000,12.276000,0,0,93316135,1127,0,1127,-61,0,8,105
3,360,50.400000,12.276000,0,0,93316146,1128,0,1128,-61,0,8,105
3,360,50.400000,12.276000,0,0,93316157,1130,0,1130,-61,0,8,105
3,360,50.400000,12.276000,0,0,93316169,1132,0,1132,-61,0,8,105
3,360,50.400000,12.276000,0,0,93316179,1134,0,1134,-61,0,8,105
3,360,50.400000,12.276000,0,0,93316195,1135,0,1135,-61,0,8,105
3,360,50.400000,12.276000,0,0,93316206,1136,0,1136,-62,0,8,105
3,360,50.400000,12.276000,0,0,93316216,1138,0,1138,-63,0,8,105
3,360,50.400000,12.276000,0,0,93316228,1140,0,1140,-63,0,8,105
3,360,50.400000,12.276000,0,0,93316239,1141,0,1141,-63,0,8,105
3,360,50.400000,12.276000,0,0,93316250,1143,0,1143,-63,0,8,105
3,360,50.400000,12.276000,0,0,93316261,1143,0,1143,-63,0,8,105
3,360,50.400000,12.276000,0,0,93316272,1143,0,1143,-63,0,8,105
3,360,50.400000,12.276000,0,0,93316282,1143,0,1143,-63,0,8,105
3,360,50.400000,12.276000,0,0,93316292,1143,0,1143,-63,0,8,105
3,360,50.400000,12.276000,0,0,93316303,1143,0,1143,-64,0,8,105
3,360,50.400000,12.276000,0,0,93316314,1143,0,1143,-64,0,8,105
3,360,50.400000,12.276000,0,0,93316324,1143,0,1143,-64,0,8,105
3,360,50.400000,12.276000,0,0,93316334,1143,0,1143,-64,0,8,105
3,360,50.400000,12.276000,0,0,93316344,1143,0,1143,-64,0,8,105
