3,720,82.800000,0.000000,0,1,93174607,600,22,600,22,0,8,35
3,720,82.800000,0.000000,0,1,93174608,600,22,600,22,0,8,35
3,720,82.800000,0.000000,0,1,93174618,600,22,600,22,0,8,35
3,720,82.800000,0.000000,0,1,93174627,600,22,600,22,0,8,35
3,720,82.800000,0.000000,0,1,93174637,600,22,600,22,0,8,35
3,720,82.800000,0.000000,0,1,93174647,600,22,600,22,0,8,35
3,720,82.800000,0.000000,0,1,93174657,600,22,600,22,0,8,35
3,720,82.800000,0.000000,0,1,93174666,600,22,600,22,0,8,35
3,720,82.800000,0.000000,0,1,93174676,600,22,600,22,0,8,35
3,720,82.800000,0.000000,0,1,93174687,600,22,600,22,0,8,35
3,720,82.800000,0.000000,0,1,93174697,600,22,600,22,0,8,35
3,720,82.800000,0.000000,0,1,93174708,600,22,600,22,0,8,35
3,720,82.800000,0.000000,0,1,93174719,600,21,600,21,0,8,35
3,720,82.800000,0.000000,0,1,93174731,603,19,603,19,0,8,35
3,720,82.800000,0.000000,0,1,93174741,607,17,607,17,0,8,35
3,720,82.800000,0.000000,0,1,93174751,613,14,613,14,0,8,35
3,720,82.800000,0.000000,0,1,93174762,620,11,620,11,0,8,35
3,720,82.800000,0.000000,0,1,93174773,629,7,629,7,0,8,35
3,720,82.800000,0.000000,0,1,93174783,641,3,641,3,0,8,35
3,720,82.800000,0.000000,0,1,93174794,653,0,653,-1,0,8,35
3,720,82.800000,0.000000,0,1,93174805,664,0,664,-6,0,8,35
3,720,82.800000,0.000000,0,1,93174815,678,0,678,-11,0,8,35
3,720,82.800000,0.000000,0,1,93174826,692,0,692,-15,0,8,35
3,720,82.800000,0.000000,0,1,93174846,709,0,709,-21,0,8,35
3,720,82.800000,0.000000,0,1,93174857,747,0,747,-35,0,8,35
3,720,82.800000,0.000000,0,1,93174869,769,0,769,-43,0,8,35
3,720,82.800000,0.000000,0,1,93174879,789,0,789,-49,0,8,35
3,720,82.800000,0.000000,0,1,93174890,811,0,811,-57,0,8,35
3,720,82.800000,0.000000,0,1,93174901,831,0,831,-64,0,8,35
3,720,82.800000,0.000000,0,1,93174912,858,0,858,-71,0,8,35
3,720,82.800000,0.000000,0,1,93174923,881,0,881,-77,0,8,35
3,720,82.800000,0.000000,0,1,93174937,904,0,904,-82,0,8,35
3,720,82.800000,0.000000,0,1,93174949,941,0,941,-91,0,8,35
3,720,82.800000,0.000000,0,1,93174960,968,0,968,-97,0,8,35
3,720,82.800000,0.000000,0,1,93174976,994,0,994,-103,0,8,35
3,720,82.800000,0.000000,0,1,93174987,1026,0,1026,-110,0,8,35
3,720,82.800000,0.000000,0,1,93174998,1044,0,1044,-114,0,8,35
3,720,82.800000,0.000000,0,1,93175009,1059,0,1059,-117,0,8,35
3,720,82.800000,0.000000,0,1,93175020,1077,0,1077,-122,0,8,35
3,720,82.800000,0.000000,0,1,93175031,1089,0,1089,-125,0,8,35
3,720,82.800000,0.000000,0,1,93175041,1104,0,1104,-129,0,8,35
3,720,82.800000,0.000000,0,1,93175054,1117,0,1117,-132,0,8,35
3,720,82.800000,0.000000,0,1,93175066,1127,0,1127,-135,0,8,35
3,720,82.800000,0.000000,0,1,93175077,1136,0,1136,-139,0,8,35
3,720,82.800000,0.000000,0,1,93175088,1143,0,1143,-141,0,8,35
3,720,82.800000,0.000000,0,1,93175099,1149,0,1149,-143,0,8,35
3,720,82.800000,0.000000,0,1,93175110,1154,0,1154,-144,0,8,35
3,720,82.800000,0.000000,0,1,93175122,1158,0,1158,-145,0,8,35
3,720,82.800000,0.000000,0,1,93175134,1162,0,1162,-147,0,8,35
3,720,82.800000,0.000000,0,1,93175146,1168,0,1168,-148,0,8,35
3,720,82.800000,0.000000,0,1,93175157,1173,0,1173,-149,0,8,35
3,720,82.800000,0.000000,0,1,93175167,1177,0,1177,-151,0,8,35
3,720,82.800000,0.000000,0,1,93175178,1182,0,1182,-152,0,8,35
3,720,82.800000,0.000000,0,1,93175189,1187,0,1187,-153,0,8,35
3,720,82.800000,0.000000,0,1,93175201,1193,0,1193,-155,0,8,35
3,720,82.800000,0.000000,0,1,93175212,1200,0,1200,-156,0,8,35
3,720,82.800000,0.000000,0,1,93175223,1205,0,1205,-157,0,8,35
3,720,82.800000,0.000000,0,1,93175234,1210,0,1210,-158,0,8,35
3,720,82.800000,0.000000,0,1,93175246,1214,0,1214,-159,0,8,35
3,720,82.800000,0.000000,0,1,93175257,1218,0,1218,-160,0,8,35
3,720,82.800000,0.000000,0,1,93175268,1221,0,1221,-160,0,8,35
3,720,82.800000,0.000000,0,1,93175278,1224,0,1224,-161,0,8,35
3,720,82.800000,0.000000,0,1,93175289,1228,0,1228,-162,0,8,35
3,720,82.800000,0.000000,0,1,93175300,1232,0,1232,-163,0,8,35
3,720,82.800000,0.000000,0,1,93175311,1235,0,1235,-164,0,8,35
3,720,82.800000,0.000000,0,1,93175323,1238,0,1238,-164,0,8,35
3,720,82.800000,0.000000,0,1,93175334,1241,0,1241,-165,0,8,35
3,720,82.800000,0.000000,0,1,93175344,1244,0,1244,-166,0,8,35
3,720,82.800000,0.000000,0,1,93175355,1247,0,1247,-167,0,8,35
3,720,82.800000,0.000000,0,1,93175366,1250,0,1250,-168,0,8,35
3,720,82.800000,0.000000,0,1,93175377,1252,0,1252,-168,0,8,35
3,720,82.800000,0.000000,0,1,93175387,1255,0,1255,-168,0,8,35
3,720,82.800000,0.000000,0,1,93175398,1257,0,1257,-169,0,8,35
3,720,82.800000,0.000000,0,1,93175409,1259,0,1259,-170,0,8,35
3,720,82.800000,0.000000,0,1,93175420,1262,0,1262,-170,0,8,35
3,720,82.800000,0.000000,0,1,93175431,1265,0,1265,-171,0,8,35
3,720,82.800000,0.000000,0,1,93175441,1267,0,1267,-171,0,8,35
3,720,82.800000,0.000000,0,1,93175452,1269,0,1269,-171,0,8,35
3,720,82.800000,0.000000,0,1,93175462,1271,0,1271,-172,0,8,35
3,720,82.800000,0.000000,0,1,93175473,1274,0,1274,-172,0,8,35
3,720,82.800000,0.000000,0,1,93175484,1277,0,1277,-172,0,8,35
3,720,82.800000,0.000000,0,1,93175495,1279,0,1279,-173,0,8,35
3,720,82.800000,0.000000,0,1,93175506,1281,0,1281,-174,0,8,35
3,720,82.800000,0.000000,0,1,93175517,1282,0,1282,-174,0,8,35
3,720,82.800000,0.000000,0,1,93175527,1283,0,1283,-174,0,8,35
3,720,82.800000,0.000000,0,1,93175538,1284,0,1284,-175,0,8,35
3,720,82.800000,0.000000,0,1,93175548,1286,0,1286,-175,0,8,35
3,720,82.800000,0.000000,0,1,93175558,1288,0,1288,-175,0,8,35
3,720,82.800000,0.000000,0,1,93175569,1289,0,1289,-176,0,8,35
3,720,82.800000,0.000000,0,1,93175580,1291,0,1291,-176,0,8,35
3,720,82.800000,0.000000,0,1,93175591,1292,0,1292,-176,0,8,35
3,720,82.800000,0.000000,0,1,93175601,1294,0,1294,-176,0,8,35
3,720,82.800000,0.000000,0,1,93175611,1295,0,1295,-176,0,8,35
3,720,82.800000,0.000000,0,1,93175621,1296,0,1296,-176,0,8,35
3,720,82.800000,0.000000,0,1,93175631,1297,0,1297,-177,0,8,35
3,720,82.800000,0.000000,0,1,93175642,1298,0,1298,-177,0,8,35
3,720,82.800000,0.000000,0,1,93175653,1299,0,1299,-177,0,8,35
3,720,82.800000,0.000000,0,1,93175663,1300,0,1300,-177,0,8,35
3,720,82.800000,0.000000,0,1,93175674,1302,0,1302,-178,0,8,35
3,720,82.800000,0.000000,0,1,93175684,1304,0,1304,-178,0,8,35
3,720,82.800000,0.000000,0,1,93175694,1305,0,1305,-178,0,8,35
3,720,82.800000,0.000000,0,1,93175705,1306,0,1306,-179,0,8,35
3,720,82.800000,0.000000,0,1,93175715,1308,0,1308,-179,0,8,35
3,720,82.800000,0.000000,0,1,93175726,1309,0,1309,-179,0,8,35
3,720,82.800000,0.000000,0,1,93175736,1310,0,1310,-179,0,8,35
3,720,82.800000,0.000000,0,1,93175746,1312,0,1312,-179,0,8,35
3,720,82.800000,0.000000,0,1,93175756,1312,0,1312,-179,0,8,35
3,720,82.800000,0.000000,0,1,93175767,1312,0,1312,-179,0,8,35
3,720,82.800000,0.000000,0,1,93175777,1312,0,1312,-179,0,8,35
3,720,82.800000,0.000000,0,1,93175787,1312,0,1312,-179,0,8,35
3,720,82.800000,0.000000,0,1,93175798,1312,0,1312,-179,0,8,35
3,720,82.800000,0.000000,0,1,93175808,1312,0,1312,-179,0,8,35
3,720,82.800000,0.000000,0,1,93175818,1312,0,1312,-179,0,8,35
3,720,82.800000,0.000000,0,1,93175828,1312,0,1312,-179,0,8,35
3,720,82.800000,0.000000,0,1,93175838,1312,0,1312,-179,0,8,35
3,720,82.800000,0.000000,0,1,93175848,1312,0,1312,-179,0,8,35
3,720,82.800000,0.000000,0,1,93175858,1312,0,1312,-179,0,8,35
3,720,82.800000,0.000000,0,1,93175868,1312,0,1312,-179,0,8,35
3,720,82.800000,0.000000,0,1,93175878,1312,0,1312,-179,0,8,35
3,720,82.800000,0.000000,0,1,93175889,1312,0,1312,-179,0,8,35
3,720,82.800000,0.000000,0,1,93175900,1312,0,1312,-179,0,8,35
3,720,82.800000,0.000000,0,1,93175912,1312,0,1312,-179,0,8,35
3,720,82.800000,0.000000,0,1,93175923,1312,0,1312,-179,0,8,35
3,720,82.800000,0.000000,0,1,93175934,1312,0,1312,-179,0,8,35
3,720,82.800000,0.000000,0,1,93175944,1312,0,1312,-179,0,8,35
