3,360,50.400000,22.608000,1,1,93187442,780,22,780,22,0,8,41
3,360,50.400000,22.608000,1,1,93187443,780,22,780,22,0,8,41
3,360,50.400000,22.608000,1,1,93187453,780,22,780,22,0,8,41
3,360,50.400000,22.608000,1,1,93187465,780,22,780,22,0,8,41
3,360,50.400000,22.608000,1,1,93187475,780,22,780,22,0,8,41
3,360,50.400000,22.608000,1,1,93187486,780,22,780,22,0,8,41
3,360,50.400000,22.608000,1,1,93187497,780,22,780,22,0,8,41
3,360,50.400000,22.608000,1,1,93187507,782,20,782,20,0,8,41
3,360,50.400000,22.608000,1,1,93187517,784,17,784,17,0,8,41
3,360,50.400000,22.608000,1,1,93187529,787,14,787,14,0,8,41
3,360,50.400000,22.608000,1,1,93187540,792,10,792,10,0,8,41
3,360,50.400000,22.608000,1,1,93187551,798,6,798,6,0,8,41
3,360,50.400000,22.608000,1,1,93187561,806,2,806,2,0,8,41
3,360,50.400000,22.608000,1,1,93187572,815,0,815,-2,0,8,41
3,360,50.400000,22.608000,1,1,93187583,828,0,828,-6,0,8,41
3,360,50.400000,22.608000,1,1,93187598,842,0,842,-11,0,8,41
3,360,50.400000,22.608000,1,1,93187614,867,0,867,-18,0,8,41
3,360,50.400000,22.608000,1,1,93187631,890,0,890,-25,0,8,41
3,360,50.400000,22.608000,1,1,93187641,914,0,914,-33,0,8,41
3,360,50.400000,22.608000,1,1,93187651,929,0,929,-37,0,8,41
3,360,50.400000,22.608000,1,1,93187662,943,0,943,-42,0,8,41
3,360,50.400000,22.608000,1,1,93187677,959,0,959,-46,0,8,41
3,360,50.400000,22.608000,1,1,93187688,986,0,986,-51,0,8,41
3,360,50.400000,22.608000,1,1,93187699,1003,0,1003,-55,0,8,41
3,360,50.400000,22.608000,1,1,93187710,1022,0,1022,-58,0,8,41
3,360,50.400000,22.608000,1,1,93187721,1039,0,1039,-62,0,8,41
3,360,50.400000,22.608000,1,1,93187733,1051,0,1051,-64,0,8,41
3,360,50.400000,22.608000,1,1,93187747,1065,0,1065,-67,0,8,41
3,360,50.400000,22.608000,1,1,93187757,1076,0,1076,-69,0,8,41
3,360,50.400000,22.608000,1,1,93187768,1083,0,1083,-71,0,8,41
3,360,50.400000,22.608000,1,1,93187779,1088,0,1088,-71,0,8,41
3,360,50.400000,22.608000,1,1,93187790,1091,0,1091,-72,0,8,41
3,360,50.400000,22.608000,1,1,93187801,1094,0,1094,-73,0,8,41
3,360,50.400000,22.608000,1,1,93187812,1097,0,1097,-74,0,8,41
3,360,50.400000,22.608000,1,1,93187823,1101,0,1101,-75,0,8,41
3,360,50.400000,22.608000,1,1,93187833,1105,0,1105,-76,0,8,41
3,360,50.400000,22.608000,1,1,93187844,1108,0,1108,-77,0,8,41
3,360,50.400000,22.608000,1,1,93187855,1110,0,1110,-77,0,8,41
3,360,50.400000,22.608000,1,1,93187867,1113,0,1113,-78,0,8,41
3,360,50.400000,22.608000,1,1,93187877,1116,0,1116,-78,0,8,41
3,360,50.400000,22.608000,1,1,93187888,1118,0,1118,-79,0,8,41
3,360,50.400000,22.608000,1,1,93187899,1121,0,1121,-79,0,8,41
3,360,50.400000,22.608000,1,1,93187909,1123,0,1123,-79,0,8,41
3,360,50.400000,22.608000,1,1,93187921,1125,0,1125,-80,0,8,41
3,360,50.400000,22.608000,1,1,93187932,1128,0,1128,-80,0,8,41
3,360,50.400000,22.608000,1,1,93187944,1131,0,1131,-81,0,8,41
3,360,50.400000,22.608000,1,1,93187959,1134,0,1134,-81,0,8,41
3,360,50.400000,22.608000,1,1,93187970,1136,0,1136,-82,0,8,41
3,360,50.400000,22.608000,1,1,93187980,1137,0,1137,-83,0,8,41
3,360,50.400000,22.608000,1,1,93187990,1138,0,1138,-83,0,8,41
3,360,50.400000,22.608000,1,1,93188001,1139,0,1139,-83,0,8,41
3,360,50.400000,22.608000,1,1,93188011,1140,0,1140,-83,0,8,41
3,360,50.400000,22.608000,1,1,93188021,1141,0,1141,-83,0,8,41
3,360,50.400000,22.608000,1,1,93188032,1141,0,1141,-84,0,8,41
3,360,50.400000,22.608000,1,1,93188042,1141,0,1141,-84,0,8,41
3,360,50.400000,22.608000,1,1,93188053,1141,0,1141,-84,0,8,41
3,360,50.400000,22.608000,1,1,93188062,1141,0,1141,-84,0,8,41
