3,720,50.400000,10000.000000,1,0,93572193,600,0,600,0,0,9,107
3,720,50.400000,10000.000000,1,0,93572194,600,0,600,0,0,9,107
3,720,50.400000,10000.000000,1,0,93572204,600,0,600,0,0,9,107
3,720,50.400000,10000.000000,1,0,93572215,600,0,600,0,0,9,107
3,720,50.400000,10000.000000,1,0,93572225,600,0,600,0,0,9,107
3,720,50.400000,10000.000000,1,0,93572235,600,0,600,0,0,9,107
3,720,50.400000,10000.000000,1,0,93572245,600,0,600,0,0,9,107
3,720,50.400000,10000.000000,1,0,93572255,600,0,600,0,0,9,107
3,720,50.400000,10000.000000,1,0,93572265,600,0,600,0,0,9,107
3,720,50.400000,10000.000000,1,0,93572275,600,0,600,0,0,9,107
3,720,50.400000,10000.000000,1,0,93572285,600,0,600,0,0,9,107
3,720,50.400000,10000.000000,1,0,93572296,600,0,600,0,0,9,107
3,720,50.400000,10000.000000,1,0,93572308,600,0,600,0,0,9,107
3,720,50.400000,10000.000000,1,0,93572319,600,0,600,0,0,9,107
3,720,50.400000,10000.000000,1,0,93572329,604,0,604,-2,0,9,107
3,720,50.400000,10000.000000,1,0,93572342,610,0,610,-4,0,9,107
3,720,50.400000,10000.000000,1,0,93572353,623,0,623,-7,0,9,107
3,720,50.400000,10000.000000,1,0,93572363,637,0,637,-10,0,9,107
3,720,50.400000,10000.000000,1,0,93572374,655,0,655,-14,0,9,107
3,720,50.400000,10000.000000,1,0,93572385,673,0,673,-17,0,9,107
3,720,50.400000,10000.000000,1,0,93572396,695,0,695,-21,0,9,107
3,720,50.400000,10000.000000,1,0,93572407,718,0,718,-25,0,9,107
3,720,50.400000,10000.000000,1,0,93572417,742,0,742,-31,0,9,107
3,720,50.400000,10000.000000,1,0,93572428,766,0,766,-35,0,9,107
3,720,50.400000,10000.000000,1,0,93572440,793,0,793,-39,0,9,107
3,720,50.400000,10000.000000,1,0,93572450,823,0,823,-46,0,9,107
3,720,50.400000,10000.000000,1,0,93572461,851,0,851,-52,0,9,107
3,720,50.400000,10000.000000,1,0,93572471,881,0,881,-57,0,9,107
3,720,50.400000,10000.000000,1,0,93572482,918,0,918,-64,0,9,107
3,720,50.400000,10000.000000,1,0,93572492,951,0,951,-69,0,9,107
3,720,50.400000,10000.000000,1,0,93572503,989,0,989,-73,0,9,107
3,720,50.400000,10000.000000,1,0,93572513,1022,0,1022,-78,0,9,107
3,720,50.400000,10000.000000,1,0,93572524,1051,0,1051,-81,0,9,107
3,720,50.400000,10000.000000,1,0,93572535,1081,0,1081,-85,0,9,107
3,720,50.400000,10000.000000,1,0,93572545,1104,0,1104,-88,0,9,107
3,720,50.400000,10000.000000,1,0,93572556,1125,0,1125,-91,0,9,107
3,720,50.400000,10000.000000,1,0,93572567,1143,0,1143,-94,0,9,107
3,720,50.400000,10000.000000,1,0,93572578,1159,0,1159,-96,0,9,107
3,720,50.400000,10000.000000,1,0,93572589,1172,0,1172,-99,0,9,107
3,720,50.400000,10000.000000,1,0,93572600,1182,0,1182,-101,0,9,107
3,720,50.400000,10000.000000,1,0,93572611,1194,0,1194,-103,0,9,107
3,720,50.400000,10000.000000,1,0,93572622,1206,0,1206,-106,0,9,107
3,720,50.400000,10000.000000,1,0,93572634,1218,0,1218,-108,0,9,107
3,720,50.400000,10000.000000,1,0,93572644,1229,0,1229,-111,0,9,107
3,720,50.400000,10000.000000,1,0,93572655,1240,0,1240,-114,0,9,107
3,720,50.400000,10000.000000,1,0,93572667,1248,0,1248,-115,0,9,107
3,720,50.400000,10000.000000,1,0,93572678,1257,0,1257,-117,0,9,107
3,720,50.400000,10000.000000,1,0,93572689,1264,0,1264,-118,0,9,107
3,720,50.400000,10000.000000,1,0,93572700,1270,0,1270,-119,0,9,107
3,720,50.400000,10000.000000,1,0,93572710,1277,0,1277,-120,0,9,107
3,720,50.400000,10000.000000,1,0,93572721,1283,0,1283,-121,0,9,107
3,720,50.400000,10000.000000,1,0,93572732,1288,0,1288,-123,0,9,107
3,720,50.400000,10000.000000,1,0,93572742,1292,0,1292,-123,0,9,107
3,720,50.400000,10000.000000,1,0,93572752,1294,0,1294,-124,0,9,107
3,720,50.400000,10000.000000,1,0,93572762,1295,0,1295,-124,0,9,107
3,720,50.400000,10000.000000,1,0,93572773,1296,0,1296,-125,0,9,107
3,720,50.400000,10000.000000,1,0,93572783,1296,0,1296,-125,0,9,107
3,720,50.400000,10000.000000,1,0,93572794,1296,0,1296,-125,0,9,107
3,720,50.400000,10000.000000,1,0,93572804,1296,0,1296,-125,0,9,107
3,720,50.400000,10000.000000,1,0,93572814,1296,0,1296,-125,0,9,107
3,720,50.400000,10000.000000,1,0,93572824,1296,0,1296,-125,0,9,107
3,720,50.400000,10000.000000,1,0,93572834,1296,0,1296,-125,0,9,107
3,720,50.400000,10000.000000,1,0,93572845,1296,0,1296,-125,0,9,107
3,720,50.400000,10000.000000,1,0,93572855,1296,0,1296,-125,0,9,107
3,720,50.400000,10000.000000,1,0,93572865,1296,0,1296,-125,0,9,107
3,720,50.400000,10000.000000,1,0,93572876,1296,0,1296,-125,0,9,107
3,720,50.400000,10000.000000,1,0,93572888,1296,0,1296,-125,0,9,107
3,720,50.400000,10000.000000,1,0,93572899,1296,0,1296,-125,0,9,107
3,720,50.400000,10000.000000,1,0,93572910,1296,0,1296,-125,0,9,107
3,720,50.400000,10000.000000,1,0,93572925,1297,0,1297,-125,0,9,107
3,720,50.400000,10000.000000,1,0,93572936,1300,0,1300,-126,0,9,107
3,720,50.400000,10000.000000,1,0,93572947,1301,0,1301,-126,0,9,107
3,720,50.400000,10000.000000,1,0,93572958,1301,0,1301,-126,0,9,107
3,720,50.400000,10000.000000,1,0,93572968,1301,0,1301,-126,0,9,107
3,720,50.400000,10000.000000,1,0,93572979,1301,0,1301,-127,0,9,107
3,720,50.400000,10000.000000,1,0,93572989,1301,0,1301,-127,0,9,107
3,720,50.400000,10000.000000,1,0,93573004,1302,0,1302,-128,0,9,107
3,720,50.400000,10000.000000,1,0,93573023,1304,0,1304,-129,0,9,107
3,720,50.400000,10000.000000,1,0,93573034,1308,0,1308,-131,0,9,107
3,720,50.400000,10000.000000,1,0,93573046,1311,0,1311,-132,0,9,107
3,720,50.400000,10000.000000,1,0,93573058,1314,0,1314,-133,0,9,107
3,720,50.400000,10000.000000,1,0,93573068,1317,0,1317,-133,0,9,107
3,720,50.400000,10000.000000,1,0,93573080,1320,0,1320,-134,0,9,107
3,720,50.400000,10000.000000,1,0,93573091,1323,0,1323,-135,0,9,107
3,720,50.400000,10000.000000,1,0,93573101,1326,0,1326,-136,0,9,107
3,720,50.400000,10000.000000,1,0,93573112,1328,0,1328,-137,0,9,107
3,720,50.400000,10000.000000,1,0,93573122,1328,0,1328,-137,0,9,107
3,720,50.400000,10000.000000,1,0,93573133,1328,0,1328,-137,0,9,107
3,720,50.400000,10000.000000,1,0,93573143,1328,0,1328,-137,0,9,107
3,720,50.400000,10000.000000,1,0,93573156,1328,0,1328,-137,0,9,107
3,720,50.400000,10000.000000,1,0,93573166,1328,0,1328,-137,0,9,107
