3,360,82.800000,42.984000,1,0,93442375,780,0,780,0,0,9,46
3,360,82.800000,42.984000,1,0,93442376,780,0,780,0,0,9,46
3,360,82.800000,42.984000,1,0,93442387,780,0,780,0,0,9,46
3,360,82.800000,42.984000,1,0,93442397,780,0,780,0,0,9,46
3,360,82.800000,42.984000,1,0,93442407,780,0,780,0,0,9,46
3,360,82.800000,42.984000,1,0,93442421,780,0,780,0,0,9,46
3,360,82.800000,42.984000,1,0,93442431,780,0,780,0,0,9,46
3,360,82.800000,42.984000,1,0,93442441,780,0,780,0,0,9,46
3,360,82.800000,42.984000,1,0,93442452,780,0,780,0,0,9,46
3,360,82.800000,42.984000,1,0,93442462,780,0,780,0,0,9,46
3,360,82.800000,42.984000,1,0,93442473,780,0,780,0,0,9,46
3,360,82.800000,42.984000,1,0,93442484,780,0,780,0,0,9,46
3,360,82.800000,42.984000,1,0,93442496,780,0,780,0,0,9,46
3,360,82.800000,42.984000,1,0,93442512,782,0,782,-2,0,9,46
3,360,82.800000,42.984000,1,0,93442522,786,0,786,-7,0,9,46
3,360,82.800000,42.984000,1,0,93442533,789,0,789,-9,0,9,46
3,360,82.800000,42.984000,1,0,93442543,792,0,792,-11,0,9,46
3,360,82.800000,42.984000,1,0,93442553,796,0,796,-12,0,9,46
3,360,82.800000,42.984000,1,0,93442564,799,0,799,-15,0,9,46
3,360,82.800000,42.984000,1,0,93442574,802,0,802,-16,0,9,46
3,360,82.800000,42.984000,1,0,93442585,807,0,807,-19,0,9,46
3,360,82.800000,42.984000,1,0,93442600,812,0,812,-22,0,9,46
3,360,82.800000,42.984000,1,0,93442610,820,0,820,-26,0,9,46
3,360,82.800000,42.984000,1,0,93442621,827,0,827,-28,0,9,46
3,360,82.800000,42.984000,1,0,93442632,835,0,835,-31,0,9,46
3,360,82.800000,42.984000,1,0,93442644,845,0,845,-34,0,9,46
3,360,82.800000,42.984000,1,0,93442654,858,0,858,-39,0,9,46
3,360,82.800000,42.984000,1,0,93442665,870,0,870,-42,0,9,46
3,360,82.800000,42.984000,1,0,93442675,883,0,883,-45,0,9,46
3,360,82.800000,42.984000,1,0,93442686,899,0,899,-49,0,9,46
3,360,82.800000,42.984000,1,0,93442697,916,0,916,-52,0,9,46
3,360,82.800000,42.984000,1,0,93442708,934,0,934,-55,0,9,46
3,360,82.800000,42.984000,1,0,93442718,951,0,951,-57,0,9,46
3,360,82.800000,42.984000,1,0,93442729,966,0,966,-61,0,9,46
3,360,82.800000,42.984000,1,0,93442740,977,0,977,-64,0,9,46
3,360,82.800000,42.984000,1,0,93442751,984,0,984,-65,0,9,46
3,360,82.800000,42.984000,1,0,93442762,992,0,992,-66,0,9,46
3,360,82.800000,42.984000,1,0,93442773,999,0,999,-67,0,9,46
3,360,82.800000,42.984000,1,0,93442811,1005,0,1005,-68,0,9,46
3,360,82.800000,42.984000,1,0,93442825,1021,0,1021,-70,0,9,46
3,360,82.800000,42.984000,1,0,93442835,1028,0,1028,-71,0,9,46
3,360,82.800000,42.984000,1,0,93442846,1035,0,1035,-72,0,9,46
3,360,82.800000,42.984000,1,0,93442861,1042,0,1042,-72,0,9,46
3,360,82.800000,42.984000,1,0,93442871,1053,0,1053,-74,0,9,46
3,360,82.800000,42.984000,1,0,93442881,1062,0,1062,-75,0,9,46
3,360,82.800000,42.984000,1,0,93442892,1070,0,1070,-76,0,9,46
3,360,82.800000,42.984000,1,0,93442903,1078,0,1078,-77,0,9,46
3,360,82.800000,42.984000,1,0,93442915,1084,0,1084,-78,0,9,46
3,360,82.800000,42.984000,1,0,93442926,1087,0,1087,-79,0,9,46
3,360,82.800000,42.984000,1,0,93442937,1088,0,1088,-79,0,9,46
3,360,82.800000,42.984000,1,0,93442948,1088,0,1088,-80,0,9,46
3,360,82.800000,42.984000,1,0,93442958,1088,0,1088,-81,0,9,46
3,360,82.800000,42.984000,1,0,93442968,1088,0,1088,-81,0,9,46
3,360,82.800000,42.984000,1,0,93442979,1088,0,1088,-81,0,9,46
3,360,82.800000,42.984000,1,0,93442990,1088,0,1088,-81,0,9,46
3,360,82.800000,42.984000,1,0,93443000,1088,0,1088,-81,0,9,46
3,360,82.800000,42.984000,1,0,93443010,1088,0,1088,-81,0,9,46
3,360,82.800000,42.984000,1,0,93443020,1089,0,1089,-81,0,9,46
3,360,82.800000,42.984000,1,0,93443032,1089,0,1089,-81,0,9,46
3,360,82.800000,42.984000,1,0,93443042,1089,0,1089,-81,0,9,46
3,360,82.800000,42.984000,1,0,93443052,1089,0,1089,-81,0,9,46
3,360,82.800000,42.984000,1,0,93443062,1089,0,1089,-81,0,9,46
3,360,82.800000,42.984000,1,0,93443073,1089,0,1089,-81,0,9,46
3,360,82.800000,42.984000,1,0,93443083,1090,0,1090,-81,0,9,46
3,360,82.800000,42.984000,1,0,93443093,1091,0,1091,-81,0,9,46
3,360,82.800000,42.984000,1,0,93443105,1092,0,1092,-82,0,9,46
3,360,82.800000,42.984000,1,0,93443115,1093,0,1093,-82,0,9,46
3,360,82.800000,42.984000,1,0,93443126,1094,0,1094,-82,0,9,46
3,360,82.800000,42.984000,1,0,93443137,1094,0,1094,-82,0,9,46
3,360,82.800000,42.984000,1,0,93443147,1094,0,1094,-82,0,9,46
3,360,82.800000,42.984000,1,0,93443157,1094,0,1094,-82,0,9,46
3,360,82.800000,42.984000,1,0,93443167,1094,0,1094,-82,0,9,46
3,360,82.800000,42.984000,1,0,93443177,1094,0,1094,-82,1,9,46
