3,360,21.600000,0.000000,0,1,93559745,780,22,780,22,0,9,101
3,360,21.600000,0.000000,0,1,93559746,780,22,780,22,0,9,101
3,360,21.600000,0.000000,0,1,93559756,780,22,780,22,0,9,101
3,360,21.600000,0.000000,0,1,93559766,780,22,780,22,0,9,101
3,360,21.600000,0.000000,0,1,93559776,780,22,780,22,0,9,101
3,360,21.600000,0.000000,0,1,93559786,780,22,780,22,0,9,101
3,360,21.600000,0.000000,0,1,93559796,780,22,780,22,0,9,101
3,360,21.600000,0.000000,0,1,93559806,780,22,780,22,0,9,101
3,360,21.600000,0.000000,0,1,93559816,780,22,780,22,0,9,101
3,360,21.600000,0.000000,0,1,93559827,780,22,780,22,0,9,101
3,360,21.600000,0.000000,0,1,93559837,780,22,780,22,0,9,101
3,360,21.600000,0.000000,0,1,93559854,780,22,780,22,0,9,101
3,360,21.600000,0.000000,0,1,93559865,780,22,780,22,0,9,101
3,360,21.600000,0.000000,0,1,93559881,782,21,782,21,0,9,101
3,360,21.600000,0.000000,0,1,93559891,790,18,790,18,0,9,101
3,360,21.600000,0.000000,0,1,93559903,797,15,797,15,0,9,101
3,360,21.600000,0.000000,0,1,93559914,806,12,806,12,0,9,101
3,360,21.600000,0.000000,0,1,93559925,813,10,813,10,0,9,101
3,360,21.600000,0.000000,0,1,93559936,822,7,822,7,0,9,101
3,360,21.600000,0.000000,0,1,93559946,832,4,832,4,0,9,101
3,360,21.600000,0.000000,0,1,93559957,842,2,842,2,0,9,101
3,360,21.600000,0.000000,0,1,93559967,852,0,852,-1,0,9,101
3,360,21.600000,0.000000,0,1,93559978,861,0,861,-4,0,9,101
3,360,21.600000,0.000000,0,1,93559989,870,0,870,-6,0,9,101
3,360,21.600000,0.000000,0,1,93560000,881,0,881,-9,0,9,101
3,360,21.600000,0.000000,0,1,93560012,894,0,894,-11,0,9,101
3,360,21.600000,0.000000,0,1,93560022,907,0,907,-13,0,9,101
3,360,21.600000,0.000000,0,1,93560034,922,0,922,-15,0,9,101
3,360,21.600000,0.000000,0,1,93560044,935,0,935,-17,0,9,101
3,360,21.600000,0.000000,0,1,93560055,949,0,949,-19,0,9,101
3,360,21.600000,0.000000,0,1,93560066,959,0,959,-21,0,9,101
3,360,21.600000,0.000000,0,1,93560077,968,0,968,-23,0,9,101
3,360,21.600000,0.000000,0,1,93560088,975,0,975,-25,0,9,101
3,360,21.600000,0.000000,0,1,93560099,981,0,981,-26,0,9,101
3,360,21.600000,0.000000,0,1,93560110,985,0,985,-27,0,9,101
3,360,21.600000,0.000000,0,1,93560121,990,0,990,-28,0,9,101
3,360,21.600000,0.000000,0,1,93560132,996,0,996,-29,0,9,101
3,360,21.600000,0.000000,0,1,93560142,1003,0,1003,-30,0,9,101
3,360,21.600000,0.000000,0,1,93560153,1009,0,1009,-31,0,9,101
3,360,21.600000,0.000000,0,1,93560165,1014,0,1014,-32,0,9,101
3,360,21.600000,0.000000,0,1,93560176,1019,0,1019,-33,0,9,101
3,360,21.600000,0.000000,0,1,93560186,1025,0,1025,-33,0,9,101
3,360,21.600000,0.000000,0,1,93560198,1031,0,1031,-34,0,9,101
3,360,21.600000,0.000000,0,1,93560209,1036,0,1036,-34,0,9,101
3,360,21.600000,0.000000,0,1,93560219,1042,0,1042,-34,0,9,101
3,360,21.600000,0.000000,0,1,93560231,1047,0,1047,-35,0,9,101
3,360,21.600000,0.000000,0,1,93560242,1052,0,1052,-35,0,9,101
3,360,21.600000,0.000000,0,1,93560253,1056,0,1056,-35,0,9,101
3,360,21.600000,0.000000,0,1,93560264,1060,0,1060,-35,0,9,101
3,360,21.600000,0.000000,0,1,93560274,1064,0,1064,-36,0,9,101
3,360,21.600000,0.000000,0,1,93560285,1068,0,1068,-36,0,9,101
3,360,21.600000,0.000000,0,1,93560296,1073,0,1073,-36,0,9,101
3,360,21.600000,0.000000,0,1,93560308,1079,0,1079,-36,0,9,101
3,360,21.600000,0.000000,0,1,93560319,1084,0,1084,-36,0,9,101
3,360,21.600000,0.000000,0,1,93560329,1088,0,1088,-36,0,9,101
3,360,21.600000,0.000000,0,1,93560340,1091,0,1091,-36,0,9,101
3,360,21.600000,0.000000,0,1,93560351,1094,0,1094,-36,0,9,101
3,360,21.600000,0.000000,0,1,93560361,1096,0,1096,-37,0,9,101
3,360,21.600000,0.000000,0,1,93560372,1096,0,1096,-37,0,9,101
3,360,21.600000,0.000000,0,1,93560382,1097,0,1097,-37,0,9,101
3,360,21.600000,0.000000,0,1,93560393,1097,0,1097,-37,0,9,101
3,360,21.600000,0.000000,0,1,93560403,1097,0,1097,-37,0,9,101
3,360,21.600000,0.000000,0,1,93560414,1099,0,1099,-37,0,9,101
3,360,21.600000,0.000000,0,1,93560424,1100,0,1100,-37,0,9,101
3,360,21.600000,0.000000,0,1,93560434,1101,0,1101,-38,0,9,101
3,360,21.600000,0.000000,0,1,93560445,1103,0,1103,-38,0,9,101
3,360,21.600000,0.000000,0,1,93560455,1104,0,1104,-38,0,9,101
3,360,21.600000,0.000000,0,1,93560466,1105,0,1105,-38,0,9,101
3,360,21.600000,0.000000,0,1,93560476,1106,0,1106,-39,0,9,101
3,360,21.600000,0.000000,0,1,93560486,1106,0,1106,-39,0,9,101
3,360,21.600000,0.000000,0,1,93560497,1106,0,1106,-39,0,9,101
3,360,21.600000,0.000000,0,1,93560507,1106,0,1106,-39,0,9,101
3,360,21.600000,0.000000,0,1,93560518,1106,0,1106,-39,0,9,101
3,360,21.600000,0.000000,0,1,93560528,1106,0,1106,-39,0,9,101
3,360,21.600000,0.000000,0,1,93560539,1106,0,1106,-39,0,9,101
3,360,21.600000,0.000000,0,1,93560549,1107,0,1107,-39,0,9,101
3,360,21.600000,0.000000,0,1,93560559,1107,0,1107,-39,0,9,101
3,360,21.600000,0.000000,0,1,93560569,1108,0,1108,-39,0,9,101
3,360,21.600000,0.000000,0,1,93560580,1109,0,1109,-39,0,9,101
3,360,21.600000,0.000000,0,1,93560590,1109,0,1109,-40,0,9,101
3,360,21.600000,0.000000,0,1,93560600,1110,0,1110,-40,0,9,101
3,360,21.600000,0.000000,0,1,93560610,1111,0,1111,-41,0,9,101
3,360,21.600000,0.000000,0,1,93560621,1111,0,1111,-41,0,9,101
3,360,21.600000,0.000000,0,1,93560631,1112,0,1112,-41,0,9,101
3,360,21.600000,0.000000,0,1,93560641,1113,0,1113,-41,0,9,101
3,360,21.600000,0.000000,0,1,93560651,1113,0,1113,-42,0,9,101
3,360,21.600000,0.000000,0,1,93560661,1115,0,1115,-42,0,9,101
3,360,21.600000,0.000000,0,1,93560672,1116,0,1116,-43,0,9,101
3,360,21.600000,0.000000,0,1,93560682,1117,0,1117,-44,0,9,101
3,360,21.600000,0.000000,0,1,93560692,1118,0,1118,-44,0,9,101
3,360,21.600000,0.000000,0,1,93560703,1119,0,1119,-45,0,9,101
3,360,21.600000,0.000000,0,1,93560714,1120,0,1120,-45,0,9,101
3,360,21.600000,0.000000,0,1,93560724,1121,0,1121,-45,0,9,101
3,360,21.600000,0.000000,0,1,93560735,1122,0,1122,-45,0,9,101
3,360,21.600000,0.000000,0,1,93560745,1124,0,1124,-46,0,9,101
3,360,21.600000,0.000000,0,1,93560755,1126,0,1126,-47,0,9,101
3,360,21.600000,0.000000,0,1,93560766,1129,0,1129,-48,0,9,101
3,360,21.600000,0.000000,0,1,93560776,1131,0,1131,-48,0,9,101
3,360,21.600000,0.000000,0,1,93560786,1132,0,1132,-49,0,9,101
3,360,21.600000,0.000000,0,1,93560796,1133,0,1133,-49,0,9,101
3,360,21.600000,0.000000,0,1,93560807,1133,0,1133,-50,0,9,101
3,360,21.600000,0.000000,0,1,93560817,1133,0,1133,-50,0,9,101
3,360,21.600000,0.000000,0,1,93560828,1134,0,1134,-50,0,9,101
3,360,21.600000,0.000000,0,1,93560838,1135,0,1135,-50,0,9,101
3,360,21.600000,0.000000,0,1,93560849,1136,0,1136,-50,0,9,101
3,360,21.600000,0.000000,0,1,93560874,1138,0,1138,-51,0,9,101
3,360,21.600000,0.000000,0,1,93560886,1146,0,1146,-54,0,9,101
3,360,21.600000,0.000000,0,1,93560902,1149,0,1149,-54,0,9,101
3,360,21.600000,0.000000,0,1,93560913,1153,0,1153,-55,0,9,101
3,360,21.600000,0.000000,0,1,93560924,1154,0,1154,-55,0,9,101
3,360,21.600000,0.000000,0,1,93560934,1155,0,1155,-55,0,9,101
3,360,21.600000,0.000000,0,1,93560945,1156,0,1156,-55,0,9,101
3,360,21.600000,0.000000,0,1,93560956,1156,0,1156,-55,0,9,101
3,360,21.600000,0.000000,0,1,93560966,1156,0,1156,-55,0,9,101
3,360,21.600000,0.000000,0,1,93560977,1156,0,1156,-55,0,9,101
3,360,21.600000,0.000000,0,1,93560987,1156,0,1156,-55,0,9,101
3,360,21.600000,0.000000,0,1,93560998,1156,0,1156,-55,0,9,101
3,360,21.600000,0.000000,0,1,93561008,1156,0,1156,-55,0,9,101
3,360,21.600000,0.000000,0,1,93561018,1156,0,1156,-55,0,9,101
3,360,21.600000,0.000000,0,1,93561029,1156,0,1156,-55,0,9,101
3,360,21.600000,0.000000,0,1,93561040,1156,0,1156,-55,0,9,101
3,360,21.600000,0.000000,0,1,93561050,1156,0,1156,-55,0,9,101
3,360,21.600000,0.000000,0,1,93561060,1156,0,1156,-55,0,9,101
3,360,21.600000,0.000000,0,1,93561071,1156,0,1156,-55,0,9,101
3,360,21.600000,0.000000,0,1,93561081,1156,0,1156,-55,0,9,101
3,360,21.600000,0.000000,0,1,93561091,1156,0,1156,-55,0,9,101
3,360,21.600000,0.000000,0,1,93561102,1155,0,1155,-56,0,9,101
3,360,21.600000,0.000000,0,1,93561113,1154,0,1154,-57,0,9,101
3,360,21.600000,0.000000,0,1,93561123,1153,0,1153,-57,0,9,101
3,360,21.600000,0.000000,0,1,93561134,1152,0,1152,-57,0,9,101
3,360,21.600000,0.000000,0,1,93561144,1151,0,1151,-57,0,9,101
3,360,21.600000,0.000000,0,1,93561154,1149,0,1149,-58,0,9,101
3,360,21.600000,0.000000,0,1,93561164,1149,0,1149,-58,0,9,101
3,360,21.600000,0.000000,0,1,93561174,1148,0,1148,-58,0,9,101
3,360,21.600000,0.000000,0,1,93561185,1147,0,1147,-58,0,9,101
3,360,21.600000,0.000000,0,1,93561195,1147,0,1147,-58,0,9,101
3,360,21.600000,0.000000,0,1,93561206,1146,0,1146,-58,0,9,101
3,360,21.600000,0.000000,0,1,93561216,1145,0,1145,-59,0,9,101
3,360,21.600000,0.000000,0,1,93561226,1144,0,1144,-59,0,9,101
3,360,21.600000,0.000000,0,1,93561237,1143,0,1143,-59,0,9,101
3,360,21.600000,0.000000,0,1,93561246,1143,0,1143,-59,0,9,101
3,360,21.600000,0.000000,0,1,93561258,1143,0,1143,-59,0,9,101
3,360,21.600000,0.000000,0,1,93561268,1143,0,1143,-59,0,9,101
3,360,21.600000,0.000000,0,1,93561278,1143,0,1143,-59,0,9,101
3,360,21.600000,0.000000,0,1,93561288,1143,0,1143,-59,0,9,101
3,360,21.600000,0.000000,0,1,93561300,1143,0,1143,-59,0,9,101
3,360,21.600000,0.000000,0,1,93561310,1143,0,1143,-59,0,9,101
3,360,21.600000,0.000000,0,1,93561322,1143,0,1143,-59,0,9,101
