3,360,21.600000,10000.000000,0,1,93401004,780,22,780,22,0,9,25
3,360,21.600000,10000.000000,0,1,93401005,780,22,780,22,0,9,25
3,360,21.600000,10000.000000,0,1,93401016,780,22,780,22,0,9,25
3,360,21.600000,10000.000000,0,1,93401027,780,22,780,22,0,9,25
3,360,21.600000,10000.000000,0,1,93401038,780,22,780,22,0,9,25
3,360,21.600000,10000.000000,0,1,93401049,780,22,780,22,0,9,25
3,360,21.600000,10000.000000,0,1,93401060,780,22,780,22,0,9,25
3,360,21.600000,10000.000000,0,1,93401071,780,22,780,22,0,9,25
3,360,21.600000,10000.000000,0,1,93401081,780,22,780,22,0,9,25
3,360,21.600000,10000.000000,0,1,93401092,780,22,780,22,0,9,25
3,360,21.600000,10000.000000,0,1,93401103,780,22,780,22,0,9,25
3,360,21.600000,10000.000000,0,1,93401114,782,20,782,20,0,9,25
3,360,21.600000,10000.000000,0,1,93401126,787,18,787,18,0,9,25
3,360,21.600000,10000.000000,0,1,93401138,792,15,792,15,0,9,25
3,360,21.600000,10000.000000,0,1,93401148,799,12,799,12,0,9,25
3,360,21.600000,10000.000000,0,1,93401159,808,9,808,9,0,9,25
3,360,21.600000,10000.000000,0,1,93401170,818,7,818,7,0,9,25
3,360,21.600000,10000.000000,0,1,93401181,828,3,828,3,0,9,25
3,360,21.600000,10000.000000,0,1,93401191,843,0,843,-1,0,9,25
3,360,21.600000,10000.000000,0,1,93401202,856,0,856,-4,0,9,25
3,360,21.600000,10000.000000,0,1,93401213,871,0,871,-8,0,9,25
3,360,21.600000,10000.000000,0,1,93401223,886,0,886,-11,0,9,25
3,360,21.600000,10000.000000,0,1,93401234,900,0,900,-13,0,9,25
3,360,21.600000,10000.000000,0,1,93401245,915,0,915,-16,0,9,25
3,360,21.600000,10000.000000,0,1,93401260,931,0,931,-19,0,9,25
3,360,21.600000,10000.000000,0,1,93401272,952,0,952,-23,0,9,25
3,360,21.600000,10000.000000,0,1,93401283,962,0,962,-25,0,9,25
3,360,21.600000,10000.000000,0,1,93401293,971,0,971,-27,0,9,25
3,360,21.600000,10000.000000,0,1,93401304,977,0,977,-29,0,9,25
3,360,21.600000,10000.000000,0,1,93401315,984,0,984,-30,0,9,25
3,360,21.600000,10000.000000,0,1,93401326,990,0,990,-31,0,9,25
3,360,21.600000,10000.000000,0,1,93401339,995,0,995,-32,0,9,25
3,360,21.600000,10000.000000,0,1,93401349,1000,0,1000,-33,0,9,25
3,360,21.600000,10000.000000,0,1,93401361,1004,0,1004,-33,0,9,25
3,360,21.600000,10000.000000,0,1,93401371,1008,0,1008,-33,0,9,25
3,360,21.600000,10000.000000,0,1,93401382,1011,0,1011,-33,0,9,25
3,360,21.600000,10000.000000,0,1,93401393,1014,0,1014,-33,0,9,25
3,360,21.600000,10000.000000,0,1,93401404,1017,0,1017,-33,0,9,25
3,360,21.600000,10000.000000,0,1,93401415,1019,0,1019,-33,0,9,25
3,360,21.600000,10000.000000,0,1,93401428,1022,0,1022,-33,0,9,25
3,360,21.600000,10000.000000,0,1,93401439,1024,0,1024,-33,0,9,25
3,360,21.600000,10000.000000,0,1,93401450,1026,0,1026,-33,0,9,25
3,360,21.600000,10000.000000,0,1,93401465,1028,0,1028,-33,0,9,25
3,360,21.600000,10000.000000,0,1,93401477,1032,0,1032,-33,0,9,25
3,360,21.600000,10000.000000,0,1,93401487,1036,0,1036,-33,0,9,25
3,360,21.600000,10000.000000,0,1,93401498,1040,0,1040,-33,0,9,25
3,360,21.600000,10000.000000,0,1,93401509,1044,0,1044,-33,0,9,25
3,360,21.600000,10000.000000,0,1,93401520,1048,0,1048,-33,0,9,25
3,360,21.600000,10000.000000,0,1,93401531,1052,0,1052,-33,0,9,25
3,360,21.600000,10000.000000,0,1,93401543,1055,0,1055,-33,0,9,25
3,360,21.600000,10000.000000,0,1,93401554,1058,0,1058,-33,0,9,25
3,360,21.600000,10000.000000,0,1,93401564,1060,0,1060,-34,0,9,25
3,360,21.600000,10000.000000,0,1,93401575,1062,0,1062,-34,0,9,25
3,360,21.600000,10000.000000,0,1,93401586,1063,0,1063,-34,0,9,25
3,360,21.600000,10000.000000,0,1,93401597,1066,0,1066,-34,0,9,25
3,360,21.600000,10000.000000,0,1,93401608,1068,0,1068,-34,0,9,25
3,360,21.600000,10000.000000,0,1,93401620,1070,0,1070,-34,0,9,25
3,360,21.600000,10000.000000,0,1,93401633,1075,0,1075,-34,0,9,25
3,360,21.600000,10000.000000,0,1,93401643,1080,0,1080,-35,0,9,25
3,360,21.600000,10000.000000,0,1,93401654,1083,0,1083,-35,0,9,25
3,360,21.600000,10000.000000,0,1,93401664,1085,0,1085,-36,0,9,25
3,360,21.600000,10000.000000,0,1,93401676,1088,0,1088,-36,0,9,25
3,360,21.600000,10000.000000,0,1,93401690,1090,0,1090,-37,0,9,25
3,360,21.600000,10000.000000,0,1,93401700,1093,0,1093,-37,0,9,25
3,360,21.600000,10000.000000,0,1,93401711,1095,0,1095,-37,0,9,25
3,360,21.600000,10000.000000,0,1,93401722,1096,0,1096,-38,0,9,25
3,360,21.600000,10000.000000,0,1,93401732,1097,0,1097,-38,0,9,25
3,360,21.600000,10000.000000,0,1,93401742,1098,0,1098,-38,0,9,25
3,360,21.600000,10000.000000,0,1,93401753,1099,0,1099,-38,0,9,25
3,360,21.600000,10000.000000,0,1,93401763,1099,0,1099,-38,0,9,25
3,360,21.600000,10000.000000,0,1,93401774,1100,0,1100,-38,0,9,25
3,360,21.600000,10000.000000,0,1,93401784,1101,0,1101,-38,0,9,25
3,360,21.600000,10000.000000,0,1,93401795,1102,0,1102,-38,0,9,25
3,360,21.600000,10000.000000,0,1,93401806,1104,0,1104,-38,0,9,25
3,360,21.600000,10000.000000,0,1,93401817,1105,0,1105,-39,0,9,25
3,360,21.600000,10000.000000,0,1,93401828,1106,0,1106,-39,0,9,25
3,360,21.600000,10000.000000,0,1,93401837,1107,0,1107,-39,0,9,25
3,360,21.600000,10000.000000,0,1,93401848,1109,0,1109,-40,0,9,25
3,360,21.600000,10000.000000,0,1,93401859,1110,0,1110,-41,0,9,25
3,360,21.600000,10000.000000,0,1,93401870,1112,0,1112,-41,0,9,25
3,360,21.600000,10000.000000,0,1,93401880,1112,0,1112,-41,0,9,25
3,360,21.600000,10000.000000,0,1,93401890,1113,0,1113,-41,0,9,25
3,360,21.600000,10000.000000,0,1,93401901,1115,0,1115,-42,0,9,25
3,360,21.600000,10000.000000,0,1,93401911,1116,0,1116,-42,0,9,25
3,360,21.600000,10000.000000,0,1,93401923,1117,0,1117,-42,0,9,25
3,360,21.600000,10000.000000,0,1,93401933,1119,0,1119,-42,0,9,25
3,360,21.600000,10000.000000,0,1,93401943,1121,0,1121,-42,0,9,25
3,360,21.600000,10000.000000,0,1,93401953,1123,0,1123,-42,0,9,25
3,360,21.600000,10000.000000,0,1,93401964,1125,0,1125,-43,0,9,25
3,360,21.600000,10000.000000,0,1,93401974,1128,0,1128,-43,0,9,25
3,360,21.600000,10000.000000,0,1,93401984,1131,0,1131,-43,0,9,25
3,360,21.600000,10000.000000,0,1,93401995,1133,0,1133,-43,0,9,25
3,360,21.600000,10000.000000,0,1,93402006,1135,0,1135,-43,0,9,25
3,360,21.600000,10000.000000,0,1,93402016,1136,0,1136,-43,0,9,25
3,360,21.600000,10000.000000,0,1,93402027,1137,0,1137,-43,0,9,25
3,360,21.600000,10000.000000,0,1,93402037,1138,0,1138,-43,0,9,25
3,360,21.600000,10000.000000,0,1,93402047,1139,0,1139,-43,0,9,25
3,360,21.600000,10000.000000,0,1,93402057,1140,0,1140,-43,0,9,25
3,360,21.600000,10000.000000,0,1,93402074,1141,0,1141,-43,0,9,25
3,360,21.600000,10000.000000,0,1,93402083,1143,0,1143,-43,0,9,25
3,360,21.600000,10000.000000,0,1,93402094,1143,0,1143,-43,0,9,25
3,360,21.600000,10000.000000,0,1,93402105,1144,0,1144,-43,0,9,25
3,360,21.600000,10000.000000,0,1,93402115,1145,0,1145,-43,0,9,25
3,360,21.600000,10000.000000,0,1,93402126,1145,0,1145,-43,0,9,25
3,360,21.600000,10000.000000,0,1,93402136,1145,0,1145,-43,0,9,25
3,360,21.600000,10000.000000,0,1,93402147,1145,0,1145,-43,0,9,25
3,360,21.600000,10000.000000,0,1,93402157,1145,0,1145,-43,0,9,25
3,360,21.600000,10000.000000,0,1,93402167,1145,0,1145,-43,0,9,25
3,360,21.600000,10000.000000,0,1,93402178,1145,0,1145,-43,0,9,25
3,360,21.600000,10000.000000,0,1,93402188,1145,0,1145,-43,0,9,25
3,360,21.600000,10000.000000,0,1,93402198,1145,0,1145,-43,0,9,25
