3,360,82.800000,42.984000,0,1,93553608,780,22,780,22,0,9,98
3,360,82.800000,42.984000,0,1,93553609,780,22,780,22,0,9,98
3,360,82.800000,42.984000,0,1,93553624,780,22,780,22,0,9,98
3,360,82.800000,42.984000,0,1,93553639,780,22,780,22,0,9,98
3,360,82.800000,42.984000,0,1,93553655,780,22,780,22,0,9,98
3,360,82.800000,42.984000,0,1,93553671,780,22,780,22,0,9,98
3,360,82.800000,42.984000,0,1,93553681,783,21,783,21,0,9,98
3,360,82.800000,42.984000,0,1,93553692,784,20,784,20,0,9,98
3,360,82.800000,42.984000,0,1,93553703,788,19,788,19,0,9,98
3,360,82.800000,42.984000,0,1,93553714,793,17,793,17,0,9,98
3,360,82.800000,42.984000,0,1,93553726,798,15,798,15,0,9,98
3,360,82.800000,42.984000,0,1,93553737,805,12,805,12,0,9,98
3,360,82.800000,42.984000,0,1,93553748,814,8,814,8,0,9,98
3,360,82.800000,42.984000,0,1,93553759,826,3,826,3,0,9,98
3,360,82.800000,42.984000,0,1,93553770,838,0,838,-2,0,9,98
3,360,82.800000,42.984000,0,1,93553781,852,0,852,-7,0,9,98
3,360,82.800000,42.984000,0,1,93553792,865,0,865,-11,0,9,98
3,360,82.800000,42.984000,0,1,93553803,879,0,879,-14,0,9,98
3,360,82.800000,42.984000,0,1,93553814,891,0,891,-18,0,9,98
3,360,82.800000,42.984000,0,1,93553830,903,0,903,-21,0,9,98
3,360,82.800000,42.984000,0,1,93553842,921,0,921,-26,0,9,98
3,360,82.800000,42.984000,0,1,93553852,933,0,933,-29,0,9,98
3,360,82.800000,42.984000,0,1,93553863,947,0,947,-32,0,9,98
3,360,82.800000,42.984000,0,1,93553874,961,0,961,-35,0,9,98
3,360,82.800000,42.984000,0,1,93553889,977,0,977,-38,0,9,98
3,360,82.800000,42.984000,0,1,93553905,1002,0,1002,-42,0,9,98
3,360,82.800000,42.984000,0,1,93553923,1025,0,1025,-46,0,9,98
3,360,82.800000,42.984000,0,1,93553939,1046,0,1046,-49,0,9,98
3,360,82.800000,42.984000,0,1,93553953,1060,0,1060,-51,0,9,98
3,360,82.800000,42.984000,0,1,93553970,1074,0,1074,-53,0,9,98
3,360,82.800000,42.984000,0,1,93553983,1087,0,1087,-55,0,9,98
3,360,82.800000,42.984000,0,1,93553999,1097,0,1097,-55,0,9,98
3,360,82.800000,42.984000,0,1,93554017,1120,0,1120,-57,0,9,98
3,360,82.800000,42.984000,0,1,93554027,1131,0,1131,-58,0,9,98
3,360,82.800000,42.984000,0,1,93554039,1135,0,1135,-58,0,9,98
3,360,82.800000,42.984000,0,1,93554050,1139,0,1139,-58,0,9,98
3,360,82.800000,42.984000,0,1,93554060,1143,0,1143,-58,0,9,98
3,360,82.800000,42.984000,0,1,93554071,1148,0,1148,-58,0,9,98
3,360,82.800000,42.984000,0,1,93554082,1154,0,1154,-58,0,9,98
3,360,82.800000,42.984000,0,1,93554094,1159,0,1159,-58,0,9,98
3,360,82.800000,42.984000,0,1,93554104,1165,0,1165,-58,0,9,98
3,360,82.800000,42.984000,0,1,93554116,1168,0,1168,-58,0,9,98
3,360,82.800000,42.984000,0,1,93554126,1170,0,1170,-58,0,9,98
3,360,82.800000,42.984000,0,1,93554141,1171,0,1171,-58,0,9,98
3,360,82.800000,42.984000,0,1,93554152,1171,0,1171,-58,0,9,98
3,360,82.800000,42.984000,0,1,93554162,1171,0,1171,-58,0,9,98
3,360,82.800000,42.984000,0,1,93554173,1171,0,1171,-58,0,9,98
3,360,82.800000,42.984000,0,1,93554183,1171,0,1171,-58,0,9,98
3,360,82.800000,42.984000,0,1,93554199,1171,0,1171,-58,0,9,98
3,360,82.800000,42.984000,0,1,93554211,1172,0,1172,-58,0,9,98
3,360,82.800000,42.984000,0,1,93554221,1172,0,1172,-58,0,9,98
3,360,82.800000,42.984000,0,1,93554237,1172,0,1172,-58,0,9,98
3,360,82.800000,42.984000,0,1,93554252,1172,0,1172,-58,0,9,98
3,360,82.800000,42.984000,0,1,93554262,1172,0,1172,-58,0,9,98
3,360,82.800000,42.984000,0,1,93554272,1172,0,1172,-58,0,9,98
3,360,82.800000,42.984000,0,1,93554282,1172,0,1172,-58,0,9,98
3,360,82.800000,42.984000,0,1,93554293,1172,0,1172,-58,0,9,98
3,360,82.800000,42.984000,0,1,93554303,1172,0,1172,-58,0,9,98
3,360,82.800000,42.984000,0,1,93554313,1172,0,1172,-58,0,9,98
3,360,82.800000,42.984000,0,1,93554323,1172,0,1172,-58,0,9,98
3,360,82.800000,42.984000,0,1,93554334,1172,0,1172,-58,0,9,98
3,360,82.800000,42.984000,0,1,93554344,1172,0,1172,-58,0,9,98
3,360,82.800000,42.984000,0,1,93554354,1172,0,1172,-58,0,9,98
3,360,82.800000,42.984000,0,1,93554364,1172,0,1172,-58,0,9,98
3,360,82.800000,42.984000,0,1,93554374,1172,0,1172,-58,0,9,98
3,360,82.800000,42.984000,0,1,93554383,1172,0,1172,-58,0,9,98
