3,720,21.600000,0.000000,0,0,93587605,600,0,600,0,0,9,113
3,720,21.600000,0.000000,0,0,93587606,600,0,600,0,0,9,113
3,720,21.600000,0.000000,0,0,93587621,600,0,600,0,0,9,113
3,720,21.600000,0.000000,0,0,93587637,600,0,600,0,0,9,113
3,720,21.600000,0.000000,0,0,93587653,604,0,604,-1,0,9,113
3,720,21.600000,0.000000,0,0,93587669,607,0,607,-2,0,9,113
3,720,21.600000,0.000000,0,0,93587680,612,0,612,-5,0,9,113
3,720,21.600000,0.000000,0,0,93587690,615,0,615,-6,0,9,113
3,720,21.600000,0.000000,0,0,93587702,619,0,619,-7,0,9,113
3,720,21.600000,0.000000,0,0,93587717,625,0,625,-8,0,9,113
3,720,21.600000,0.000000,0,0,93587733,640,0,640,-10,0,9,113
3,720,21.600000,0.000000,0,0,93587748,664,0,664,-14,0,9,113
3,720,21.600000,0.000000,0,0,93587758,697,0,697,-17,0,9,113
3,720,21.600000,0.000000,0,0,93587772,724,0,724,-19,0,9,113
3,720,21.600000,0.000000,0,0,93587782,756,0,756,-21,0,9,113
3,720,21.600000,0.000000,0,0,93587793,785,0,785,-22,0,9,113
3,720,21.600000,0.000000,0,0,93587805,810,0,810,-23,0,9,113
3,720,21.600000,0.000000,0,0,93587815,839,0,839,-24,0,9,113
3,720,21.600000,0.000000,0,0,93587826,863,0,863,-25,0,9,113
3,720,21.600000,0.000000,0,0,93587837,884,0,884,-25,0,9,113
3,720,21.600000,0.000000,0,0,93587848,914,0,914,-28,0,9,113
3,720,21.600000,0.000000,0,0,93587859,936,0,936,-29,0,9,113
3,720,21.600000,0.000000,0,0,93587870,958,0,958,-30,0,9,113
3,720,21.600000,0.000000,0,0,93587882,978,0,978,-31,0,9,113
3,720,21.600000,0.000000,0,0,93587893,995,0,995,-32,0,9,113
3,720,21.600000,0.000000,0,0,93587906,1012,0,1012,-33,0,9,113
3,720,21.600000,0.000000,0,0,93587920,1031,0,1031,-33,0,9,113
3,720,21.600000,0.000000,0,0,93587936,1056,0,1056,-34,0,9,113
3,720,21.600000,0.000000,0,0,93587947,1075,0,1075,-36,0,9,113
3,720,21.600000,0.000000,0,0,93587959,1086,0,1086,-36,0,9,113
3,720,21.600000,0.000000,0,0,93587969,1097,0,1097,-37,0,9,113
3,720,21.600000,0.000000,0,0,93587983,1105,0,1105,-37,0,9,113
3,720,21.600000,0.000000,0,0,93587999,1117,0,1117,-38,0,9,113
3,720,21.600000,0.000000,0,0,93588011,1129,0,1129,-38,0,9,113
3,720,21.600000,0.000000,0,0,93588022,1136,0,1136,-39,0,9,113
3,720,21.600000,0.000000,0,0,93588034,1142,0,1142,-39,0,9,113
3,720,21.600000,0.000000,0,0,93588045,1148,0,1148,-39,0,9,113
3,720,21.600000,0.000000,0,0,93588055,1153,0,1153,-40,0,9,113
3,720,21.600000,0.000000,0,0,93588067,1158,0,1158,-40,0,9,113
3,720,21.600000,0.000000,0,0,93588078,1164,0,1164,-40,0,9,113
3,720,21.600000,0.000000,0,0,93588088,1169,0,1169,-41,0,9,113
3,720,21.600000,0.000000,0,0,93588099,1173,0,1173,-41,0,9,113
3,720,21.600000,0.000000,0,0,93588110,1177,0,1177,-42,0,9,113
3,720,21.600000,0.000000,0,0,93588122,1180,0,1180,-43,0,9,113
3,720,21.600000,0.000000,0,0,93588133,1181,0,1181,-43,0,9,113
3,720,21.600000,0.000000,0,0,93588143,1182,0,1182,-43,0,9,113
3,720,21.600000,0.000000,0,0,93588158,1184,0,1184,-43,0,9,113
3,720,21.600000,0.000000,0,0,93588169,1187,0,1187,-44,0,9,113
3,720,21.600000,0.000000,0,0,93588184,1189,0,1189,-44,0,9,113
3,720,21.600000,0.000000,0,0,93588195,1195,0,1195,-44,0,9,113
3,720,21.600000,0.000000,0,0,93588206,1201,0,1201,-44,0,9,113
3,720,21.600000,0.000000,0,0,93588221,1205,0,1205,-45,0,9,113
3,720,21.600000,0.000000,0,0,93588232,1211,0,1211,-45,0,9,113
3,720,21.600000,0.000000,0,0,93588242,1216,0,1216,-45,0,9,113
3,720,21.600000,0.000000,0,0,93588254,1221,0,1221,-45,0,9,113
3,720,21.600000,0.000000,0,0,93588264,1227,0,1227,-45,0,9,113
3,720,21.600000,0.000000,0,0,93588275,1232,0,1232,-45,0,9,113
3,720,21.600000,0.000000,0,0,93588286,1237,0,1237,-45,0,9,113
3,720,21.600000,0.000000,0,0,93588296,1242,0,1242,-45,0,9,113
3,720,21.600000,0.000000,0,0,93588307,1247,0,1247,-45,0,9,113
3,720,21.600000,0.000000,0,0,93588318,1251,0,1251,-45,0,9,113
3,720,21.600000,0.000000,0,0,93588328,1255,0,1255,-45,0,9,113
3,720,21.600000,0.000000,0,0,93588339,1257,0,1257,-45,0,9,113
3,720,21.600000,0.000000,0,0,93588350,1259,0,1259,-45,0,9,113
3,720,21.600000,0.000000,0,0,93588360,1261,0,1261,-45,0,9,113
3,720,21.600000,0.000000,0,0,93588370,1264,0,1264,-46,0,9,113
3,720,21.600000,0.000000,0,0,93588381,1268,0,1268,-46,0,9,113
3,720,21.600000,0.000000,0,0,93588392,1273,0,1273,-46,0,9,113
3,720,21.600000,0.000000,0,0,93588403,1278,0,1278,-46,0,9,113
3,720,21.600000,0.000000,0,0,93588413,1281,0,1281,-46,0,9,113
3,720,21.600000,0.000000,0,0,93588423,1283,0,1283,-47,0,9,113
3,720,21.600000,0.000000,0,0,93588434,1285,0,1285,-47,0,9,113
3,720,21.600000,0.000000,0,0,93588444,1286,0,1286,-47,0,9,113
3,720,21.600000,0.000000,0,0,93588455,1287,0,1287,-47,0,9,113
3,720,21.600000,0.000000,0,0,93588465,1288,0,1288,-47,0,9,113
3,720,21.600000,0.000000,0,0,93588476,1289,0,1289,-47,0,9,113
3,720,21.600000,0.000000,0,0,93588486,1290,0,1290,-47,0,9,113
3,720,21.600000,0.000000,0,0,93588497,1290,0,1290,-47,0,9,113
3,720,21.600000,0.000000,0,0,93588509,1290,0,1290,-47,0,9,113
3,720,21.600000,0.000000,0,0,93588519,1290,0,1290,-47,0,9,113
3,720,21.600000,0.000000,0,0,93588529,1290,0,1290,-47,0,9,113
3,720,21.600000,0.000000,0,0,93588538,1290,0,1290,-47,0,9,113
3,720,21.600000,0.000000,0,0,93588553,1290,0,1290,-47,0,9,113
3,720,21.600000,0.000000,0,0,93588563,1290,0,1290,-47,0,9,113
3,720,21.600000,0.000000,0,0,93588574,1290,0,1290,-47,0,9,113
3,720,21.600000,0.000000,0,0,93588585,1290,0,1290,-47,0,9,113
3,720,21.600000,0.000000,0,0,93588595,1291,0,1291,-47,0,9,113
3,720,21.600000,0.000000,0,0,93588605,1291,0,1291,-47,0,9,113
3,720,21.600000,0.000000,0,0,93588615,1291,0,1291,-47,0,9,113
3,720,21.600000,0.000000,0,0,93588625,1291,0,1291,-47,0,9,113
3,720,21.600000,0.000000,0,0,93588636,1292,0,1292,-47,0,9,113
3,720,21.600000,0.000000,0,0,93588649,1292,0,1292,-47,0,9,113
3,720,21.600000,0.000000,0,0,93588659,1292,0,1292,-47,0,9,113
3,720,21.600000,0.000000,0,0,93588669,1292,0,1292,-47,0,9,113
3,720,21.600000,0.000000,0,0,93588679,1292,0,1292,-47,0,9,113
3,720,21.600000,0.000000,0,0,93588689,1292,0,1292,-47,0,9,113
3,720,21.600000,0.000000,0,0,93588699,1292,0,1292,-47,0,9,113
3,720,21.600000,0.000000,0,0,93588710,1293,0,1293,-47,0,9,113
3,720,21.600000,0.000000,0,0,93588721,1294,0,1294,-47,0,9,113
3,720,21.600000,0.000000,0,0,93588732,1295,0,1295,-47,0,9,113
3,720,21.600000,0.000000,0,0,93588742,1296,0,1296,-47,0,9,113
3,720,21.600000,0.000000,0,0,93588752,1297,0,1297,-47,0,9,113
3,720,21.600000,0.000000,0,0,93588763,1298,0,1298,-47,0,9,113
3,720,21.600000,0.000000,0,0,93588773,1300,0,1300,-47,0,9,113
3,720,21.600000,0.000000,0,0,93588782,1301,0,1301,-47,0,9,113
3,720,21.600000,0.000000,0,0,93588793,1302,0,1302,-47,0,9,113
3,720,21.600000,0.000000,0,0,93588803,1302,0,1302,-47,0,9,113
3,720,21.600000,0.000000,0,0,93588812,1302,0,1302,-47,0,9,113
3,720,21.600000,0.000000,0,0,93588822,1302,0,1302,-47,0,9,113
3,720,21.600000,0.000000,0,0,93588832,1302,0,1302,-47,0,9,113
3,720,21.600000,0.000000,0,0,93588843,1304,0,1304,-47,0,9,113
3,720,21.600000,0.000000,0,0,93588853,1305,0,1305,-47,0,9,113
3,720,21.600000,0.000000,0,0,93588863,1307,0,1307,-47,0,9,113
3,720,21.600000,0.000000,0,0,93588873,1308,1,1308,-46,0,9,113
3,720,21.600000,0.000000,0,0,93588882,1309,1,1309,-46,0,9,113
3,720,21.600000,0.000000,0,0,93588895,1311,1,1311,-46,0,9,113
3,720,21.600000,0.000000,0,0,93588906,1313,1,1313,-46,0,9,113
3,720,21.600000,0.000000,0,0,93588916,1313,1,1313,-46,0,9,113
3,720,21.600000,0.000000,0,0,93588931,1313,1,1313,-46,0,9,113
3,720,21.600000,0.000000,0,0,93588941,1313,1,1313,-46,0,9,113
3,720,21.600000,0.000000,0,0,93588951,1313,1,1313,-46,0,9,113
3,720,21.600000,0.000000,0,0,93588961,1313,1,1313,-46,0,9,113
3,720,21.600000,0.000000,0,0,93588972,1313,1,1313,-46,0,9,113
3,720,21.600000,0.000000,0,0,93588982,1313,1,1313,-46,0,9,113
3,720,21.600000,0.000000,0,0,93588992,1313,1,1313,-46,0,9,113
3,720,21.600000,0.000000,0,0,93589003,1313,1,1313,-46,0,9,113
3,720,21.600000,0.000000,0,0,93589014,1313,1,1313,-46,0,9,113
3,720,21.600000,0.000000,0,0,93589024,1313,1,1313,-46,0,9,113
3,720,21.600000,0.000000,0,0,93589034,1313,1,1313,-46,0,9,113
3,720,21.600000,0.000000,0,0,93589048,1313,1,1313,-46,0,9,113
3,720,21.600000,0.000000,0,0,93589059,1313,1,1313,-46,0,9,113
3,720,21.600000,0.000000,0,0,93589069,1314,1,1314,-46,0,9,113
3,720,21.600000,0.000000,0,0,93589079,1315,1,1315,-46,0,9,113
3,720,21.600000,0.000000,0,0,93589088,1315,1,1315,-46,0,9,113
3,720,21.600000,0.000000,0,0,93589099,1315,1,1315,-46,0,9,113
3,720,21.600000,0.000000,0,0,93589109,1315,1,1315,-46,0,9,113
3,720,21.600000,0.000000,0,0,93589119,1315,1,1315,-46,0,9,113
3,720,21.600000,0.000000,0,0,93589134,1315,1,1315,-46,0,9,113
3,720,21.600000,0.000000,0,0,93589154,1315,1,1315,-46,0,9,113
3,720,21.600000,0.000000,0,0,93589165,1316,1,1316,-46,0,9,113
