3,720,82.800000,0.000000,1,0,93519543,600,0,600,0,0,9,83
3,720,82.800000,0.000000,1,0,93519544,600,0,600,0,0,9,83
3,720,82.800000,0.000000,1,0,93519555,600,0,600,0,0,9,83
3,720,82.800000,0.000000,1,0,93519568,600,0,600,0,0,9,83
3,720,82.800000,0.000000,1,0,93519578,600,0,600,0,0,9,83
3,720,82.800000,0.000000,1,0,93519587,600,0,600,0,0,9,83
3,720,82.800000,0.000000,1,0,93519597,600,0,600,0,0,9,83
3,720,82.800000,0.000000,1,0,93519607,600,0,600,0,0,9,83
3,720,82.800000,0.000000,1,0,93519617,600,0,600,0,0,9,83
3,720,82.800000,0.000000,1,0,93519632,600,0,600,0,0,9,83
3,720,82.800000,0.000000,1,0,93519642,601,0,601,-1,0,9,83
3,720,82.800000,0.000000,1,0,93519652,602,0,602,-2,0,9,83
3,720,82.800000,0.000000,1,0,93519662,605,0,605,-3,0,9,83
3,720,82.800000,0.000000,1,0,93519675,608,0,608,-5,0,9,83
3,720,82.800000,0.000000,1,0,93519686,615,0,615,-9,0,9,83
3,720,82.800000,0.000000,1,0,93519697,623,0,623,-13,0,9,83
3,720,82.800000,0.000000,1,0,93519713,635,0,635,-18,0,9,83
3,720,82.800000,0.000000,1,0,93519724,654,0,654,-25,0,9,83
3,720,82.800000,0.000000,1,0,93519736,673,0,673,-31,0,9,83
3,720,82.800000,0.000000,1,0,93519752,692,0,692,-37,0,9,83
3,720,82.800000,0.000000,1,0,93519764,725,0,725,-45,0,9,83
3,720,82.800000,0.000000,1,0,93519774,746,0,746,-49,0,9,83
3,720,82.800000,0.000000,1,0,93519785,781,0,781,-54,0,9,83
3,720,82.800000,0.000000,1,0,93519796,808,0,808,-57,0,9,83
3,720,82.800000,0.000000,1,0,93519807,839,0,839,-60,0,9,83
3,720,82.800000,0.000000,1,0,93519823,866,0,866,-63,0,9,83
3,720,82.800000,0.000000,1,0,93519839,901,0,901,-67,0,9,83
3,720,82.800000,0.000000,1,0,93519855,933,0,933,-72,0,9,83
3,720,82.800000,0.000000,1,0,93519870,961,0,961,-77,0,9,83
3,720,82.800000,0.000000,1,0,93519880,986,0,986,-81,0,9,83
3,720,82.800000,0.000000,1,0,93519892,1001,0,1001,-83,0,9,83
3,720,82.800000,0.000000,1,0,93519904,1023,0,1023,-86,0,9,83
3,720,82.800000,0.000000,1,0,93519918,1043,0,1043,-89,0,9,83
3,720,82.800000,0.000000,1,0,93519935,1067,0,1067,-93,0,9,83
3,720,82.800000,0.000000,1,0,93519949,1090,0,1090,-98,0,9,83
3,720,82.800000,0.000000,1,0,93519959,1104,0,1104,-101,0,9,83
3,720,82.800000,0.000000,1,0,93519971,1112,0,1112,-102,0,9,83
3,720,82.800000,0.000000,1,0,93519981,1119,0,1119,-103,0,9,83
3,720,82.800000,0.000000,1,0,93519997,1124,0,1124,-104,0,9,83
3,720,82.800000,0.000000,1,0,93520007,1133,0,1133,-106,0,9,83
3,720,82.800000,0.000000,1,0,93520018,1138,0,1138,-107,0,9,83
3,720,82.800000,0.000000,1,0,93520028,1142,0,1142,-107,0,9,83
3,720,82.800000,0.000000,1,0,93520039,1146,0,1146,-107,0,9,83
3,720,82.800000,0.000000,1,0,93520050,1150,0,1150,-108,0,9,83
3,720,82.800000,0.000000,1,0,93520061,1153,0,1153,-108,0,9,83
3,720,82.800000,0.000000,1,0,93520071,1156,0,1156,-108,0,9,83
3,720,82.800000,0.000000,1,0,93520082,1160,0,1160,-108,0,9,83
3,720,82.800000,0.000000,1,0,93520092,1165,0,1165,-109,0,9,83
3,720,82.800000,0.000000,1,0,93520108,1171,0,1171,-110,0,9,83
3,720,82.800000,0.000000,1,0,93520124,1179,0,1179,-111,0,9,83
3,720,82.800000,0.000000,1,0,93520135,1186,0,1186,-113,0,9,83
3,720,82.800000,0.000000,1,0,93520146,1189,0,1189,-113,0,9,83
3,720,82.800000,0.000000,1,0,93520157,1191,0,1191,-114,0,9,83
3,720,82.800000,0.000000,1,0,93520172,1194,0,1194,-114,0,9,83
3,720,82.800000,0.000000,1,0,93520183,1199,0,1199,-115,0,9,83
3,720,82.800000,0.000000,1,0,93520194,1204,0,1204,-115,0,9,83
3,720,82.800000,0.000000,1,0,93520204,1209,0,1209,-116,0,9,83
3,720,82.800000,0.000000,1,0,93520216,1215,0,1215,-116,0,9,83
3,720,82.800000,0.000000,1,0,93520228,1219,0,1219,-116,0,9,83
3,720,82.800000,0.000000,1,0,93520240,1225,0,1225,-116,0,9,83
3,720,82.800000,0.000000,1,0,93520250,1230,0,1230,-116,0,9,83
3,720,82.800000,0.000000,1,0,93520260,1235,0,1235,-116,0,9,83
3,720,82.800000,0.000000,1,0,93520271,1240,0,1240,-116,0,9,83
3,720,82.800000,0.000000,1,0,93520283,1245,0,1245,-117,0,9,83
3,720,82.800000,0.000000,1,0,93520293,1250,0,1250,-117,0,9,83
3,720,82.800000,0.000000,1,0,93520304,1256,0,1256,-118,0,9,83
3,720,82.800000,0.000000,1,0,93520315,1261,0,1261,-119,0,9,83
3,720,82.800000,0.000000,1,0,93520330,1266,0,1266,-120,0,9,83
3,720,82.800000,0.000000,1,0,93520347,1272,0,1272,-121,0,9,83
3,720,82.800000,0.000000,1,0,93520373,1278,0,1278,-121,0,9,83
3,720,82.800000,0.000000,1,0,93520385,1286,0,1286,-122,0,9,83
3,720,82.800000,0.000000,1,0,93520397,1290,0,1290,-122,0,9,83
3,720,82.800000,0.000000,1,0,93520408,1295,0,1295,-122,0,9,83
3,720,82.800000,0.000000,1,0,93520423,1299,0,1299,-123,0,9,83
3,720,82.800000,0.000000,1,0,93520439,1305,0,1305,-123,0,9,83
3,720,82.800000,0.000000,1,0,93520449,1309,0,1309,-124,0,9,83
3,720,82.800000,0.000000,1,0,93520460,1311,0,1311,-124,0,9,83
3,720,82.800000,0.000000,1,0,93520470,1313,0,1313,-124,0,9,83
3,720,82.800000,0.000000,1,0,93520481,1315,0,1315,-124,0,9,83
3,720,82.800000,0.000000,1,0,93520491,1317,0,1317,-124,0,9,83
3,720,82.800000,0.000000,1,0,93520502,1319,0,1319,-124,0,9,83
3,720,82.800000,0.000000,1,0,93520513,1320,0,1320,-124,0,9,83
3,720,82.800000,0.000000,1,0,93520523,1320,0,1320,-124,0,9,83
3,720,82.800000,0.000000,1,0,93520533,1320,0,1320,-124,0,9,83
