3,360,82.800000,10000.000000,0,0,93586224,780,0,780,0,0,9,112
3,360,82.800000,10000.000000,0,0,93586225,780,0,780,0,0,9,112
3,360,82.800000,10000.000000,0,0,93586234,780,0,780,0,0,9,112
3,360,82.800000,10000.000000,0,0,93586244,780,0,780,0,0,9,112
3,360,82.800000,10000.000000,0,0,93586254,780,0,780,0,0,9,112
3,360,82.800000,10000.000000,0,0,93586264,780,0,780,0,0,9,112
3,360,82.800000,10000.000000,0,0,93586274,780,0,780,0,0,9,112
3,360,82.800000,10000.000000,0,0,93586284,780,0,780,0,0,9,112
3,360,82.800000,10000.000000,0,0,93586295,780,0,780,0,0,9,112
3,360,82.800000,10000.000000,0,0,93586305,780,0,780,0,0,9,112
3,360,82.800000,10000.000000,0,0,93586316,781,0,781,-1,0,9,112
3,360,82.800000,10000.000000,0,0,93586326,783,0,783,-3,0,9,112
3,360,82.800000,10000.000000,0,0,93586337,785,0,785,-4,0,9,112
3,360,82.800000,10000.000000,0,0,93586347,787,0,787,-6,0,9,112
3,360,82.800000,10000.000000,0,0,93586357,790,0,790,-8,0,9,112
3,360,82.800000,10000.000000,0,0,93586368,794,0,794,-10,0,9,112
3,360,82.800000,10000.000000,0,0,93586379,800,0,800,-12,0,9,112
3,360,82.800000,10000.000000,0,0,93586390,808,0,808,-15,0,9,112
3,360,82.800000,10000.000000,0,0,93586413,818,0,818,-18,0,9,112
3,360,82.800000,10000.000000,0,0,93586425,842,0,842,-26,0,9,112
3,360,82.800000,10000.000000,0,0,93586437,855,0,855,-30,0,9,112
3,360,82.800000,10000.000000,0,0,93586448,872,0,872,-35,0,9,112
3,360,82.800000,10000.000000,0,0,93586459,888,0,888,-38,0,9,112
3,360,82.800000,10000.000000,0,0,93586469,908,0,908,-42,0,9,112
3,360,82.800000,10000.000000,0,0,93586480,925,0,925,-45,0,9,112
3,360,82.800000,10000.000000,0,0,93586490,944,0,944,-48,0,9,112
3,360,82.800000,10000.000000,0,0,93586502,958,0,958,-49,0,9,112
3,360,82.800000,10000.000000,0,0,93586516,974,0,974,-50,0,9,112
3,360,82.800000,10000.000000,0,0,93586532,993,0,993,-52,0,9,112
3,360,82.800000,10000.000000,0,0,93586548,1012,0,1012,-53,0,9,112
3,360,82.800000,10000.000000,0,0,93586560,1033,0,1033,-54,0,9,112
3,360,82.800000,10000.000000,0,0,93586570,1048,0,1048,-54,0,9,112
3,360,82.800000,10000.000000,0,0,93586582,1057,0,1057,-54,0,9,112
3,360,82.800000,10000.000000,0,0,93586594,1066,0,1066,-55,0,9,112
3,360,82.800000,10000.000000,0,0,93586605,1075,0,1075,-56,0,9,112
3,360,82.800000,10000.000000,0,0,93586616,1082,0,1082,-57,0,9,112
3,360,82.800000,10000.000000,0,0,93586627,1088,0,1088,-57,0,9,112
3,360,82.800000,10000.000000,0,0,93586639,1094,0,1094,-58,0,9,112
3,360,82.800000,10000.000000,0,0,93586650,1100,0,1100,-59,0,9,112
3,360,82.800000,10000.000000,0,0,93586661,1105,0,1105,-60,0,9,112
3,360,82.800000,10000.000000,0,0,93586674,1109,0,1109,-60,0,9,112
3,360,82.800000,10000.000000,0,0,93586690,1114,0,1114,-61,0,9,112
3,360,82.800000,10000.000000,0,0,93586705,1118,0,1118,-62,0,9,112
3,360,82.800000,10000.000000,0,0,93586722,1123,0,1123,-63,0,9,112
3,360,82.800000,10000.000000,0,0,93586737,1129,0,1129,-64,0,9,112
3,360,82.800000,10000.000000,0,0,93586752,1135,0,1135,-65,0,9,112
3,360,82.800000,10000.000000,0,0,93586767,1140,0,1140,-66,0,9,112
3,360,82.800000,10000.000000,0,0,93586777,1143,0,1143,-67,0,9,112
3,360,82.800000,10000.000000,0,0,93586787,1145,0,1145,-68,0,9,112
3,360,82.800000,10000.000000,0,0,93586797,1146,0,1146,-68,0,9,112
3,360,82.800000,10000.000000,0,0,93586807,1146,0,1146,-68,0,9,112
3,360,82.800000,10000.000000,0,0,93586818,1147,0,1147,-68,0,9,112
3,360,82.800000,10000.000000,0,0,93586828,1147,0,1147,-68,0,9,112
3,360,82.800000,10000.000000,0,0,93586839,1148,0,1148,-68,0,9,112
3,360,82.800000,10000.000000,0,0,93586850,1149,0,1149,-68,0,9,112
3,360,82.800000,10000.000000,0,0,93586859,1149,0,1149,-69,0,9,112
