3,360,21.600000,0.000000,0,0,93456966,780,0,780,0,0,9,54
3,360,21.600000,0.000000,0,0,93456967,780,0,780,0,0,9,54
3,360,21.600000,0.000000,0,0,93456978,780,0,780,-1,0,9,54
3,360,21.600000,0.000000,0,0,93456988,780,0,780,-1,0,9,54
3,360,21.600000,0.000000,0,0,93456999,781,0,781,-2,0,9,54
3,360,21.600000,0.000000,0,0,93457010,782,0,782,-3,0,9,54
3,360,21.600000,0.000000,0,0,93457021,783,0,783,-4,0,9,54
3,360,21.600000,0.000000,0,0,93457031,784,0,784,-5,0,9,54
3,360,21.600000,0.000000,0,0,93457042,786,0,786,-7,0,9,54
3,360,21.600000,0.000000,0,0,93457053,789,0,789,-9,0,9,54
3,360,21.600000,0.000000,0,0,93457065,794,0,794,-12,0,9,54
3,360,21.600000,0.000000,0,0,93457076,801,0,801,-15,0,9,54
3,360,21.600000,0.000000,0,0,93457087,810,0,810,-19,0,9,54
3,360,21.600000,0.000000,0,0,93457097,823,0,823,-24,0,9,54
3,360,21.600000,0.000000,0,0,93457108,838,0,838,-29,0,9,54
3,360,21.600000,0.000000,0,0,93457118,857,0,857,-34,0,9,54
3,360,21.600000,0.000000,0,0,93457129,880,0,880,-39,0,9,54
3,360,21.600000,0.000000,0,0,93457140,907,0,907,-44,0,9,54
3,360,21.600000,0.000000,0,0,93457151,933,0,933,-48,0,9,54
3,360,21.600000,0.000000,0,0,93457162,956,0,956,-52,0,9,54
3,360,21.600000,0.000000,0,0,93457173,971,0,971,-55,0,9,54
3,360,21.600000,0.000000,0,0,93457184,982,0,982,-58,0,9,54
3,360,21.600000,0.000000,0,0,93457195,994,0,994,-60,0,9,54
3,360,21.600000,0.000000,0,0,93457205,1003,0,1003,-62,0,9,54
3,360,21.600000,0.000000,0,0,93457217,1012,0,1012,-64,0,9,54
3,360,21.600000,0.000000,0,0,93457227,1020,0,1020,-65,0,9,54
3,360,21.600000,0.000000,0,0,93457238,1029,0,1029,-66,0,9,54
3,360,21.600000,0.000000,0,0,93457249,1039,0,1039,-66,0,9,54
3,360,21.600000,0.000000,0,0,93457261,1048,0,1048,-67,0,9,54
3,360,21.600000,0.000000,0,0,93457274,1057,0,1057,-68,0,9,54
3,360,21.600000,0.000000,0,0,93457287,1066,0,1066,-68,0,9,54
3,360,21.600000,0.000000,0,0,93457300,1075,0,1075,-69,0,9,54
3,360,21.600000,0.000000,0,0,93457312,1084,0,1084,-69,0,9,54
3,360,21.600000,0.000000,0,0,93457324,1093,0,1093,-70,0,9,54
3,360,21.600000,0.000000,0,0,93457335,1103,0,1103,-70,0,9,54
3,360,21.600000,0.000000,0,0,93457346,1112,0,1112,-71,0,9,54
3,360,21.600000,0.000000,0,0,93457357,1122,0,1122,-72,0,9,54
3,360,21.600000,0.000000,0,0,93457368,1129,0,1129,-73,0,9,54
3,360,21.600000,0.000000,0,0,93457379,1135,0,1135,-74,0,9,54
3,360,21.600000,0.000000,0,0,93457390,1139,0,1139,-75,0,9,54
3,360,21.600000,0.000000,0,0,93457400,1142,0,1142,-76,0,9,54
3,360,21.600000,0.000000,0,0,93457411,1143,0,1143,-76,0,9,54
3,360,21.600000,0.000000,0,0,93457421,1144,0,1144,-76,0,9,54
3,360,21.600000,0.000000,0,0,93457432,1145,0,1145,-76,0,9,54
3,360,21.600000,0.000000,0,0,93457442,1146,0,1146,-77,0,9,54
3,360,21.600000,0.000000,0,0,93457453,1146,0,1146,-77,0,9,54
3,360,21.600000,0.000000,0,0,93457465,1146,0,1146,-77,0,9,54
3,360,21.600000,0.000000,0,0,93457475,1147,0,1147,-77,0,9,54
3,360,21.600000,0.000000,0,0,93457486,1148,0,1148,-77,0,9,54
3,360,21.600000,0.000000,0,0,93457497,1148,0,1148,-77,0,9,54
3,360,21.600000,0.000000,0,0,93457508,1148,0,1148,-77,0,9,54
3,360,21.600000,0.000000,0,0,93457518,1148,0,1148,-77,0,9,54
3,360,21.600000,0.000000,0,0,93457529,1148,0,1148,-77,0,9,54
3,360,21.600000,0.000000,0,0,93457540,1148,0,1148,-77,0,9,54
3,360,21.600000,0.000000,0,0,93457552,1150,0,1150,-77,0,9,54
3,360,21.600000,0.000000,0,0,93457562,1151,0,1151,-77,0,9,54
3,360,21.600000,0.000000,0,0,93457578,1151,0,1151,-77,0,9,54
3,360,21.600000,0.000000,0,0,93457589,1151,0,1151,-77,0,9,54
3,360,21.600000,0.000000,0,0,93457599,1151,0,1151,-77,0,9,54
3,360,21.600000,0.000000,0,0,93457610,1151,0,1151,-77,0,9,54
3,360,21.600000,0.000000,0,0,93457620,1151,0,1151,-77,0,9,54
3,360,21.600000,0.000000,0,0,93457631,1151,0,1151,-77,0,9,54
3,360,21.600000,0.000000,0,0,93457641,1151,0,1151,-77,0,9,54
3,360,21.600000,0.000000,0,0,93457652,1151,0,1151,-77,0,9,54
3,360,21.600000,0.000000,0,0,93457662,1151,0,1151,-77,0,9,54
3,360,21.600000,0.000000,0,0,93457672,1151,0,1151,-77,0,9,54
3,360,21.600000,0.000000,0,0,93457683,1151,0,1151,-77,0,9,54
3,360,21.600000,0.000000,0,0,93457693,1151,0,1151,-77,0,9,54
3,360,21.600000,0.000000,0,0,93457703,1151,0,1151,-77,0,9,54
3,360,21.600000,0.000000,0,0,93457714,1151,0,1151,-77,0,9,54
3,360,21.600000,0.000000,0,0,93457725,1151,0,1151,-77,0,9,54
3,360,21.600000,0.000000,0,0,93457735,1151,0,1151,-77,0,9,54
3,360,21.600000,0.000000,0,0,93457746,1151,0,1151,-77,0,9,54
3,360,21.600000,0.000000,0,0,93457757,1151,0,1151,-77,0,9,54
3,360,21.600000,0.000000,0,0,93457767,1151,0,1151,-78,0,9,54
3,360,21.600000,0.000000,0,0,93457778,1150,0,1150,-78,0,9,54
3,360,21.600000,0.000000,0,0,93457788,1149,0,1149,-78,0,9,54
3,360,21.600000,0.000000,0,0,93457799,1148,0,1148,-78,0,9,54
3,360,21.600000,0.000000,0,0,93457809,1148,0,1148,-78,0,9,54
3,360,21.600000,0.000000,0,0,93457820,1148,0,1148,-78,0,9,54
3,360,21.600000,0.000000,0,0,93457830,1148,0,1148,-78,0,9,54
3,360,21.600000,0.000000,0,0,93457841,1148,0,1148,-78,0,9,54
3,360,21.600000,0.000000,0,0,93457851,1148,0,1148,-78,0,9,54
3,360,21.600000,0.000000,0,0,93457861,1148,0,1148,-79,0,9,54
3,360,21.600000,0.000000,0,0,93457871,1146,0,1146,-80,0,9,54
3,360,21.600000,0.000000,0,0,93457882,1144,0,1144,-81,0,9,54
3,360,21.600000,0.000000,0,0,93457892,1143,0,1143,-81,0,9,54
3,360,21.600000,0.000000,0,0,93457903,1143,0,1143,-81,0,9,54
3,360,21.600000,0.000000,0,0,93457914,1143,0,1143,-81,0,9,54
3,360,21.600000,0.000000,0,0,93457924,1143,0,1143,-81,0,9,54
3,360,21.600000,0.000000,0,0,93457934,1143,0,1143,-81,0,9,54
3,360,21.600000,0.000000,0,0,93457944,1143,0,1143,-81,0,9,54
