3,720,82.800000,42.984000,0,0,93474563,600,0,600,0,0,9,62
3,720,82.800000,42.984000,0,0,93474564,600,0,600,0,0,9,62
3,720,82.800000,42.984000,0,0,93474574,600,0,600,0,0,9,62
3,720,82.800000,42.984000,0,0,93474586,600,0,600,0,0,9,62
3,720,82.800000,42.984000,0,0,93474596,600,0,600,0,0,9,62
3,720,82.800000,42.984000,0,0,93474612,600,0,600,0,0,9,62
3,720,82.800000,42.984000,0,0,93474628,600,0,600,0,0,9,62
3,720,82.800000,42.984000,0,0,93474645,600,0,600,0,0,9,62
3,720,82.800000,42.984000,0,0,93474655,602,0,602,-2,0,9,62
3,720,82.800000,42.984000,0,0,93474666,604,0,604,-2,0,9,62
3,720,82.800000,42.984000,0,0,93474677,606,0,606,-2,0,9,62
3,720,82.800000,42.984000,0,0,93474691,611,0,611,-4,0,9,62
3,720,82.800000,42.984000,0,0,93474702,621,0,621,-7,0,9,62
3,720,82.800000,42.984000,0,0,93474713,632,0,632,-9,0,9,62
3,720,82.800000,42.984000,0,0,93474724,646,0,646,-12,0,9,62
3,720,82.800000,42.984000,0,0,93474736,668,0,668,-15,0,9,62
3,720,82.800000,42.984000,0,0,93474747,694,0,694,-19,0,9,62
3,720,82.800000,42.984000,0,0,93474758,718,0,718,-22,0,9,62
3,720,82.800000,42.984000,0,0,93474768,741,0,741,-26,0,9,62
3,720,82.800000,42.984000,0,0,93474779,763,0,763,-29,0,9,62
3,720,82.800000,42.984000,0,0,93474791,785,0,785,-33,0,9,62
3,720,82.800000,42.984000,0,0,93474803,806,0,806,-36,0,9,62
3,720,82.800000,42.984000,0,0,93474814,831,0,831,-39,0,9,62
3,720,82.800000,42.984000,0,0,93474825,856,0,856,-41,0,9,62
3,720,82.800000,42.984000,0,0,93474836,876,0,876,-42,0,9,62
3,720,82.800000,42.984000,0,0,93474847,897,0,897,-42,0,9,62
3,720,82.800000,42.984000,0,0,93474858,917,0,917,-43,0,9,62
3,720,82.800000,42.984000,0,0,93474869,937,0,937,-44,0,9,62
3,720,82.800000,42.984000,0,0,93474880,958,0,958,-44,0,9,62
3,720,82.800000,42.984000,0,0,93474892,977,0,977,-46,0,9,62
3,720,82.800000,42.984000,0,0,93474907,992,0,992,-48,0,9,62
3,720,82.800000,42.984000,0,0,93474923,1012,0,1012,-50,0,9,62
3,720,82.800000,42.984000,0,0,93474934,1029,0,1029,-52,0,9,62
3,720,82.800000,42.984000,0,0,93474944,1037,0,1037,-53,0,9,62
3,720,82.800000,42.984000,0,0,93474954,1047,0,1047,-54,0,9,62
3,720,82.800000,42.984000,0,0,93474965,1057,0,1057,-54,0,9,62
3,720,82.800000,42.984000,0,0,93474976,1066,0,1066,-54,0,9,62
3,720,82.800000,42.984000,0,0,93474987,1076,0,1076,-56,0,9,62
3,720,82.800000,42.984000,0,0,93474998,1084,0,1084,-58,0,9,62
3,720,82.800000,42.984000,0,0,93475009,1091,0,1091,-59,0,9,62
3,720,82.800000,42.984000,0,0,93475020,1096,0,1096,-60,0,9,62
3,720,82.800000,42.984000,0,0,93475031,1100,0,1100,-61,0,9,62
3,720,82.800000,42.984000,0,0,93475042,1104,0,1104,-61,0,9,62
3,720,82.800000,42.984000,0,0,93475053,1109,0,1109,-61,0,9,62
3,720,82.800000,42.984000,0,0,93475065,1114,0,1114,-62,0,9,62
3,720,82.800000,42.984000,0,0,93475076,1119,0,1119,-62,0,9,62
3,720,82.800000,42.984000,0,0,93475087,1125,0,1125,-63,0,9,62
3,720,82.800000,42.984000,0,0,93475097,1129,0,1129,-64,0,9,62
3,720,82.800000,42.984000,0,0,93475107,1135,0,1135,-64,0,9,62
3,720,82.800000,42.984000,0,0,93475118,1139,0,1139,-64,0,9,62
3,720,82.800000,42.984000,0,0,93475130,1144,0,1144,-65,0,9,62
3,720,82.800000,42.984000,0,0,93475140,1149,0,1149,-65,0,9,62
3,720,82.800000,42.984000,0,0,93475156,1155,0,1155,-65,0,9,62
3,720,82.800000,42.984000,0,0,93475167,1163,0,1163,-65,0,9,62
3,720,82.800000,42.984000,0,0,93475178,1170,0,1170,-65,0,9,62
3,720,82.800000,42.984000,0,0,93475194,1176,0,1176,-65,0,9,62
3,720,82.800000,42.984000,0,0,93475205,1188,2,1188,-63,0,9,62
3,720,82.800000,42.984000,0,0,93475217,1198,4,1198,-61,0,9,62
3,720,82.800000,42.984000,0,0,93475228,1211,7,1211,-58,0,9,62
3,720,82.800000,42.984000,0,0,93475239,1221,8,1221,-57,0,9,62
3,720,82.800000,42.984000,0,0,93475249,1231,8,1231,-57,0,9,62
3,720,82.800000,42.984000,0,0,93475260,1241,9,1241,-56,0,9,62
3,720,82.800000,42.984000,0,0,93475271,1248,9,1248,-56,0,9,62
3,720,82.800000,42.984000,0,0,93475282,1254,9,1254,-56,0,9,62
3,720,82.800000,42.984000,0,0,93475292,1258,9,1258,-56,0,9,62
3,720,82.800000,42.984000,0,0,93475303,1260,9,1260,-56,0,9,62
3,720,82.800000,42.984000,0,0,93475314,1260,9,1260,-56,0,9,62
3,720,82.800000,42.984000,0,0,93475324,1260,9,1260,-56,0,9,62
3,720,82.800000,42.984000,0,0,93475335,1260,9,1260,-56,0,9,62
3,720,82.800000,42.984000,0,0,93475345,1260,9,1260,-56,0,9,62
3,720,82.800000,42.984000,0,0,93475356,1260,9,1260,-56,0,9,62
3,720,82.800000,42.984000,0,0,93475366,1260,9,1260,-56,0,9,62
3,720,82.800000,42.984000,0,0,93475377,1260,9,1260,-56,0,9,62
3,720,82.800000,42.984000,0,0,93475388,1260,9,1260,-56,0,9,62
3,720,82.800000,42.984000,0,0,93475398,1260,9,1260,-56,0,9,62
3,720,82.800000,42.984000,0,0,93475409,1260,9,1260,-56,0,9,62
3,720,82.800000,42.984000,0,0,93475419,1260,9,1260,-56,0,9,62
3,720,82.800000,42.984000,0,0,93475430,1260,9,1260,-56,0,9,62
3,720,82.800000,42.984000,0,0,93475440,1260,9,1260,-56,0,9,62
3,720,82.800000,42.984000,0,0,93475452,1260,9,1260,-56,0,9,62
3,720,82.800000,42.984000,0,0,93475462,1260,9,1260,-56,0,9,62
3,720,82.800000,42.984000,0,0,93475473,1260,9,1260,-56,0,9,62
3,720,82.800000,42.984000,0,0,93475483,1260,9,1260,-56,0,9,62
3,720,82.800000,42.984000,0,0,93475494,1260,9,1260,-56,0,9,62
3,720,82.800000,42.984000,0,0,93475503,1261,9,1261,-56,0,9,62
3,720,82.800000,42.984000,0,0,93475513,1262,9,1262,-56,0,9,62
3,720,82.800000,42.984000,0,0,93475529,1264,8,1264,-57,0,9,62
3,720,82.800000,42.984000,0,0,93475539,1266,8,1266,-57,0,9,62
3,720,82.800000,42.984000,0,0,93475549,1268,8,1268,-57,0,9,62
3,720,82.800000,42.984000,0,0,93475560,1271,8,1271,-57,0,9,62
3,720,82.800000,42.984000,0,0,93475570,1273,7,1273,-58,0,9,62
3,720,82.800000,42.984000,0,0,93475580,1276,7,1276,-58,0,9,62
3,720,82.800000,42.984000,0,0,93475591,1279,7,1279,-58,0,9,62
3,720,82.800000,42.984000,0,0,93475604,1283,7,1283,-58,0,9,62
3,720,82.800000,42.984000,0,0,93475615,1288,7,1288,-58,0,9,62
3,720,82.800000,42.984000,0,0,93475631,1292,7,1292,-58,0,9,62
3,720,82.800000,42.984000,0,0,93475641,1298,7,1298,-58,0,9,62
3,720,82.800000,42.984000,0,0,93475652,1302,7,1302,-58,0,9,62
3,720,82.800000,42.984000,0,0,93475663,1306,7,1306,-58,0,9,62
3,720,82.800000,42.984000,0,0,93475673,1310,7,1310,-58,0,9,62
3,720,82.800000,42.984000,0,0,93475688,1312,7,1312,-58,0,9,62
3,720,82.800000,42.984000,0,0,93475698,1315,7,1315,-58,0,9,62
3,720,82.800000,42.984000,0,0,93475709,1317,6,1317,-59,0,9,62
3,720,82.800000,42.984000,0,0,93475719,1318,6,1318,-59,0,9,62
3,720,82.800000,42.984000,0,0,93475729,1319,6,1319,-59,0,9,62
3,720,82.800000,42.984000,0,0,93475739,1319,6,1319,-59,0,9,62
3,720,82.800000,42.984000,0,0,93475749,1319,6,1319,-59,0,9,62
3,720,82.800000,42.984000,0,0,93475759,1319,6,1319,-59,0,9,62
3,720,82.800000,42.984000,0,0,93475769,1319,6,1319,-59,0,9,62
