3,720,21.600000,12.276000,1,1,93367049,600,22,600,22,0,9,8
3,720,21.600000,12.276000,1,1,93367049,600,22,600,22,0,9,8
3,720,21.600000,12.276000,1,1,93367060,600,22,600,22,0,9,8
3,720,21.600000,12.276000,1,1,93367071,600,22,600,22,0,9,8
3,720,21.600000,12.276000,1,1,93367082,600,22,600,22,0,9,8
3,720,21.600000,12.276000,1,1,93367093,600,22,600,22,0,9,8
3,720,21.600000,12.276000,1,1,93367104,600,22,600,22,0,9,8
3,720,21.600000,12.276000,1,1,93367114,600,22,600,22,0,9,8
3,720,21.600000,12.276000,1,1,93367129,600,22,600,22,0,9,8
3,720,21.600000,12.276000,1,1,93367140,600,22,600,22,0,9,8
3,720,21.600000,12.276000,1,1,93367151,600,22,600,22,0,9,8
3,720,21.600000,12.276000,1,1,93367161,600,22,600,22,0,9,8
3,720,21.600000,12.276000,1,1,93367171,600,22,600,22,0,9,8
3,720,21.600000,12.276000,1,1,93367181,600,22,600,22,0,9,8
3,720,21.600000,12.276000,1,1,93367191,600,22,600,22,0,9,8
3,720,21.600000,12.276000,1,1,93367201,600,22,600,22,0,9,8
3,720,21.600000,12.276000,1,1,93367212,600,22,600,22,0,9,8
3,720,21.600000,12.276000,1,1,93367222,600,22,600,22,0,9,8
3,720,21.600000,12.276000,1,1,93367231,600,22,600,22,1,9,8
