6,360,82.800000,42.984000,1,1,1066527,780,22,780,22,1,0,37
6,360,82.800000,42.984000,1,1,1066528,780,22,780,22,1,0,37
6,360,82.800000,42.984000,1,1,1066538,780,22,780,22,1,0,37
6,360,82.800000,42.984000,1,1,1066547,780,22,780,22,1,0,37
6,360,82.800000,42.984000,1,1,1066557,780,22,780,22,1,0,37
6,360,82.800000,42.984000,1,1,1066567,780,22,780,22,1,0,37
6,360,82.800000,42.984000,1,1,1066577,780,22,780,22,1,0,37
6,360,82.800000,42.984000,1,1,1066586,780,22,780,22,1,0,37
6,360,82.800000,42.984000,1,1,1066596,780,22,780,22,1,0,37
6,360,82.800000,42.984000,1,1,1066606,780,22,780,22,1,0,37
6,360,82.800000,42.984000,1,1,1066621,780,22,780,22,1,0,37
6,360,82.800000,42.984000,1,1,1066636,782,22,782,22,1,0,37
6,360,82.800000,42.984000,1,1,1066648,787,22,787,22,1,0,37
6,360,82.800000,42.984000,1,1,1066659,793,23,793,23,1,0,37
6,360,82.800000,42.984000,1,1,1066670,800,23,800,23,1,0,37
6,360,82.800000,42.984000,1,1,1066680,808,23,808,23,1,0,37
6,360,82.800000,42.984000,1,1,1066690,820,23,820,23,1,0,37
6,360,82.800000,42.984000,1,1,1066702,834,23,834,23,1,0,37
6,360,82.800000,42.984000,1,1,1066715,854,22,854,22,1,0,37
6,360,82.800000,42.984000,1,1,1066726,882,20,882,20,1,0,37
6,360,82.800000,42.984000,1,1,1066736,902,19,902,19,1,0,37
6,360,82.800000,42.984000,1,1,1066748,921,19,921,19,1,0,37
6,360,82.800000,42.984000,1,1,1066758,942,18,942,18,1,0,37
6,360,82.800000,42.984000,1,1,1066768,960,18,960,18,1,0,37
6,360,82.800000,42.984000,1,1,1066779,977,18,977,18,1,0,37
6,360,82.800000,42.984000,1,1,1066789,991,17,991,17,1,0,37
6,360,82.800000,42.984000,1,1,1066800,1003,17,1003,17,1,0,37
6,360,82.800000,42.984000,1,1,1066810,1013,17,1013,17,1,0,37
6,360,82.800000,42.984000,1,1,1066820,1021,16,1021,16,1,0,37
6,360,82.800000,42.984000,1,1,1066831,1027,15,1027,15,1,0,37
6,360,82.800000,42.984000,1,1,1066841,1033,15,1033,15,1,0,37
6,360,82.800000,42.984000,1,1,1066851,1039,15,1039,15,1,0,37
6,360,82.800000,42.984000,1,1,1066862,1047,15,1047,15,1,0,37
6,360,82.800000,42.984000,1,1,1066872,1053,15,1053,15,1,0,37
6,360,82.800000,42.984000,1,1,1066882,1060,15,1060,15,1,0,37
6,360,82.800000,42.984000,1,1,1066893,1069,15,1069,15,1,0,37
6,360,82.800000,42.984000,1,1,1066903,1075,15,1075,15,1,0,37
6,360,82.800000,42.984000,1,1,1066913,1080,15,1080,15,1,0,37
6,360,82.800000,42.984000,1,1,1066924,1084,15,1084,15,1,0,37
6,360,82.800000,42.984000,1,1,1066933,1086,15,1086,15,1,0,37
6,360,82.800000,42.984000,1,1,1066943,1088,15,1088,15,1,0,37
6,360,82.800000,42.984000,1,1,1066952,1088,15,1088,15,1,0,37
6,360,82.800000,42.984000,1,1,1066962,1088,15,1088,15,1,0,37
6,360,82.800000,42.984000,1,1,1066971,1089,15,1089,15,1,0,37
6,360,82.800000,42.984000,1,1,1066981,1090,15,1090,15,1,0,37
6,360,82.800000,42.984000,1,1,1066991,1090,14,1090,14,1,0,37
6,360,82.800000,42.984000,1,1,1067002,1093,14,1093,14,1,0,37
6,360,82.800000,42.984000,1,1,1067013,1095,13,1095,13,1,0,37
6,360,82.800000,42.984000,1,1,1067023,1099,13,1099,13,1,0,37
6,360,82.800000,42.984000,1,1,1067034,1103,13,1103,13,1,0,37
6,360,82.800000,42.984000,1,1,1067044,1108,13,1108,13,1,0,37
6,360,82.800000,42.984000,1,1,1067054,1113,12,1113,12,1,0,37
6,360,82.800000,42.984000,1,1,1067064,1116,11,1116,11,1,0,37
6,360,82.800000,42.984000,1,1,1067074,1117,11,1117,11,1,0,37
6,360,82.800000,42.984000,1,1,1067085,1118,11,1118,11,1,0,37
6,360,82.800000,42.984000,1,1,1067094,1118,11,1118,11,1,0,37
6,360,82.800000,42.984000,1,1,1067105,1118,11,1118,11,1,0,37
6,360,82.800000,42.984000,1,1,1067115,1119,11,1119,11,1,0,37
6,360,82.800000,42.984000,1,1,1067125,1120,10,1120,10,1,0,37
6,360,82.800000,42.984000,1,1,1067138,1122,10,1122,10,1,0,37
6,360,82.800000,42.984000,1,1,1067148,1124,10,1124,10,1,0,37
6,360,82.800000,42.984000,1,1,1067158,1126,9,1126,9,1,0,37
6,360,82.800000,42.984000,1,1,1067168,1127,9,1127,9,1,0,37
6,360,82.800000,42.984000,1,1,1067178,1128,9,1128,9,1,0,37
6,360,82.800000,42.984000,1,1,1067188,1129,9,1129,9,1,0,37
6,360,82.800000,42.984000,1,1,1067197,1130,9,1130,9,1,0,37
6,360,82.800000,42.984000,1,1,1067208,1131,9,1131,9,1,0,37
6,360,82.800000,42.984000,1,1,1067217,1133,9,1133,9,1,0,37
6,360,82.800000,42.984000,1,1,1067226,1133,9,1133,9,0,0,37
