6,360,21.600000,10000.000000,1,1,1186107,780,22,780,22,0,0,101
6,360,21.600000,10000.000000,1,1,1186108,780,22,780,22,0,0,101
6,360,21.600000,10000.000000,1,1,1186118,780,22,780,22,0,0,101
6,360,21.600000,10000.000000,1,1,1186128,780,22,780,22,0,0,101
6,360,21.600000,10000.000000,1,1,1186142,780,22,780,22,0,0,101
6,360,21.600000,10000.000000,1,1,1186152,780,22,780,22,0,0,101
6,360,21.600000,10000.000000,1,1,1186162,780,22,780,22,0,0,101
6,360,21.600000,10000.000000,1,1,1186172,780,22,780,22,0,0,101
6,360,21.600000,10000.000000,1,1,1186182,780,22,780,22,0,0,101
6,360,21.600000,10000.000000,1,1,1186192,780,22,780,22,0,0,101
6,360,21.600000,10000.000000,1,1,1186202,780,22,780,22,0,0,101
6,360,21.600000,10000.000000,1,1,1186214,781,22,781,22,0,0,101
6,360,21.600000,10000.000000,1,1,1186225,785,22,785,22,0,0,101
6,360,21.600000,10000.000000,1,1,1186235,792,24,792,24,0,0,101
6,360,21.600000,10000.000000,1,1,1186246,802,26,802,26,0,0,101
6,360,21.600000,10000.000000,1,1,1186259,815,28,815,28,0,0,101
6,360,21.600000,10000.000000,1,1,1186269,834,29,834,29,0,0,101
6,360,21.600000,10000.000000,1,1,1186279,853,29,853,29,0,0,101
6,360,21.600000,10000.000000,1,1,1186290,869,29,869,29,0,0,101
6,360,21.600000,10000.000000,1,1,1186301,885,29,885,29,0,0,101
6,360,21.600000,10000.000000,1,1,1186312,899,29,899,29,0,0,101
6,360,21.600000,10000.000000,1,1,1186324,914,29,914,29,0,0,101
6,360,21.600000,10000.000000,1,1,1186335,927,29,927,29,0,0,101
6,360,21.600000,10000.000000,1,1,1186347,941,29,941,29,0,0,101
6,360,21.600000,10000.000000,1,1,1186358,956,29,956,29,0,0,101
6,360,21.600000,10000.000000,1,1,1186368,968,29,968,29,0,0,101
6,360,21.600000,10000.000000,1,1,1186379,980,29,980,29,0,0,101
6,360,21.600000,10000.000000,1,1,1186390,992,29,992,29,0,0,101
6,360,21.600000,10000.000000,1,1,1186401,1004,30,1004,30,0,0,101
6,360,21.600000,10000.000000,1,1,1186412,1016,30,1016,30,0,0,101
6,360,21.600000,10000.000000,1,1,1186423,1027,30,1027,30,0,0,101
6,360,21.600000,10000.000000,1,1,1186434,1036,30,1036,30,0,0,101
6,360,21.600000,10000.000000,1,1,1186445,1046,30,1046,30,0,0,101
6,360,21.600000,10000.000000,1,1,1186456,1054,30,1054,30,0,0,101
6,360,21.600000,10000.000000,1,1,1186467,1062,30,1062,30,0,0,101
6,360,21.600000,10000.000000,1,1,1186478,1069,30,1069,30,0,0,101
6,360,21.600000,10000.000000,1,1,1186488,1076,30,1076,30,0,0,101
6,360,21.600000,10000.000000,1,1,1186499,1083,30,1083,30,0,0,101
6,360,21.600000,10000.000000,1,1,1186510,1090,30,1090,30,0,0,101
6,360,21.600000,10000.000000,1,1,1186520,1095,30,1095,30,0,0,101
6,360,21.600000,10000.000000,1,1,1186531,1099,30,1099,30,0,0,101
6,360,21.600000,10000.000000,1,1,1186543,1100,30,1100,30,0,0,101
6,360,21.600000,10000.000000,1,1,1186552,1101,30,1101,30,0,0,101
6,360,21.600000,10000.000000,1,1,1186562,1101,30,1101,30,0,0,101
6,360,21.600000,10000.000000,1,1,1186571,1102,30,1102,30,0,0,101
6,360,21.600000,10000.000000,1,1,1186581,1103,30,1103,30,0,0,101
6,360,21.600000,10000.000000,1,1,1186591,1104,30,1104,30,0,0,101
6,360,21.600000,10000.000000,1,1,1186601,1105,29,1105,29,0,0,101
6,360,21.600000,10000.000000,1,1,1186612,1108,29,1108,29,0,0,101
6,360,21.600000,10000.000000,1,1,1186622,1111,27,1111,27,0,0,101
6,360,21.600000,10000.000000,1,1,1186633,1113,26,1113,26,0,0,101
6,360,21.600000,10000.000000,1,1,1186643,1117,25,1117,25,0,0,101
6,360,21.600000,10000.000000,1,1,1186653,1120,24,1120,24,0,0,101
6,360,21.600000,10000.000000,1,1,1186664,1124,23,1124,23,0,0,101
6,360,21.600000,10000.000000,1,1,1186674,1130,22,1130,22,0,0,101
6,360,21.600000,10000.000000,1,1,1186685,1136,21,1136,21,0,0,101
6,360,21.600000,10000.000000,1,1,1186695,1141,20,1141,20,0,0,101
6,360,21.600000,10000.000000,1,1,1186706,1145,18,1145,18,0,0,101
6,360,21.600000,10000.000000,1,1,1186717,1148,16,1148,16,0,0,101
6,360,21.600000,10000.000000,1,1,1186727,1148,16,1148,16,0,0,101
6,360,21.600000,10000.000000,1,1,1186736,1148,16,1148,16,0,0,101
6,360,21.600000,10000.000000,1,1,1186746,1148,16,1148,16,0,0,101
6,360,21.600000,10000.000000,1,1,1186756,1148,16,1148,16,0,0,101
6,360,21.600000,10000.000000,1,1,1186766,1148,16,1148,16,0,0,101
6,360,21.600000,10000.000000,1,1,1186776,1148,16,1148,16,0,0,101
6,360,21.600000,10000.000000,1,1,1186785,1148,16,1148,16,0,0,101
6,360,21.600000,10000.000000,1,1,1186795,1148,16,1148,16,0,0,101
6,360,21.600000,10000.000000,1,1,1186805,1148,16,1148,16,0,0,101
6,360,21.600000,10000.000000,1,1,1186815,1148,16,1148,16,0,0,101
6,360,21.600000,10000.000000,1,1,1186825,1148,16,1148,16,0,0,101
6,360,21.600000,10000.000000,1,1,1186835,1148,16,1148,16,0,0,101
6,360,21.600000,10000.000000,1,1,1186844,1148,16,1148,16,0,0,101
6,360,21.600000,10000.000000,1,1,1186854,1148,16,1148,16,0,0,101
6,360,21.600000,10000.000000,1,1,1186863,1148,16,1148,16,0,0,101
6,360,21.600000,10000.000000,1,1,1186872,1148,16,1148,16,0,0,101
