6,720,21.600000,0.000000,1,0,1213326,600,0,600,0,0,0,116
6,720,21.600000,0.000000,1,0,1213327,600,0,600,0,0,0,116
6,720,21.600000,0.000000,1,0,1213336,600,0,600,0,0,0,116
6,720,21.600000,0.000000,1,0,1213346,600,0,600,0,0,0,116
6,720,21.600000,0.000000,1,0,1213356,600,0,600,0,0,0,116
6,720,21.600000,0.000000,1,0,1213366,600,0,600,0,0,0,116
6,720,21.600000,0.000000,1,0,1213377,602,0,602,0,0,0,116
6,720,21.600000,0.000000,1,0,1213388,605,0,605,0,0,0,116
6,720,21.600000,0.000000,1,0,1213399,610,0,610,0,0,0,116
6,720,21.600000,0.000000,1,0,1213411,615,0,615,0,0,0,116
6,720,21.600000,0.000000,1,0,1213420,623,0,623,0,0,0,116
6,720,21.600000,0.000000,1,0,1213432,631,0,631,0,0,0,116
6,720,21.600000,0.000000,1,0,1213444,642,0,642,0,0,0,116
6,720,21.600000,0.000000,1,0,1213455,655,0,655,0,0,0,116
6,720,21.600000,0.000000,1,0,1213465,671,0,671,0,0,0,116
6,720,21.600000,0.000000,1,0,1213476,688,1,688,1,0,0,116
6,720,21.600000,0.000000,1,0,1213487,709,1,709,1,0,0,116
6,720,21.600000,0.000000,1,0,1213497,734,1,734,1,0,0,116
6,720,21.600000,0.000000,1,0,1213508,763,1,763,1,0,0,116
6,720,21.600000,0.000000,1,0,1213518,796,0,796,-1,0,0,116
6,720,21.600000,0.000000,1,0,1213530,823,0,823,-3,0,0,116
6,720,21.600000,0.000000,1,0,1213542,845,0,845,-4,0,0,116
6,720,21.600000,0.000000,1,0,1213552,863,0,863,-4,0,0,116
6,720,21.600000,0.000000,1,0,1213563,876,1,876,-3,0,0,116
6,720,21.600000,0.000000,1,0,1213575,887,3,887,-1,0,0,116
6,720,21.600000,0.000000,1,0,1213586,901,5,901,1,0,0,116
6,720,21.600000,0.000000,1,0,1213598,916,6,916,2,0,0,116
6,720,21.600000,0.000000,1,0,1213609,933,7,933,3,0,0,116
6,720,21.600000,0.000000,1,0,1213620,950,8,950,4,0,0,116
6,720,21.600000,0.000000,1,0,1213630,972,9,972,5,0,0,116
6,720,21.600000,0.000000,1,0,1213641,999,10,999,6,0,0,116
6,720,21.600000,0.000000,1,0,1213653,1036,10,1036,6,0,0,116
6,720,21.600000,0.000000,1,0,1213663,1084,10,1084,6,0,0,116
6,720,21.600000,0.000000,1,0,1213674,1130,9,1130,5,0,0,116
6,720,21.600000,0.000000,1,0,1213686,1175,7,1175,3,0,0,116
6,720,21.600000,0.000000,1,0,1213698,1218,6,1218,2,0,0,116
6,720,21.600000,0.000000,1,0,1213709,1244,6,1244,2,0,0,116
6,720,21.600000,0.000000,1,0,1213720,1263,6,1263,2,0,0,116
6,720,21.600000,0.000000,1,0,1213730,1271,6,1271,2,0,0,116
6,720,21.600000,0.000000,1,0,1213740,1277,6,1277,2,0,0,116
6,720,21.600000,0.000000,1,0,1213750,1280,6,1280,2,0,0,116
6,720,21.600000,0.000000,1,0,1213760,1281,6,1281,2,0,0,116
6,720,21.600000,0.000000,1,0,1213769,1282,6,1282,2,0,0,116
6,720,21.600000,0.000000,1,0,1213779,1282,6,1282,2,0,0,116
6,720,21.600000,0.000000,1,0,1213788,1282,6,1282,2,0,0,116
6,720,21.600000,0.000000,1,0,1213798,1282,6,1282,2,0,0,116
6,720,21.600000,0.000000,1,0,1213808,1282,6,1282,2,0,0,116
6,720,21.600000,0.000000,1,0,1213818,1282,6,1282,2,0,0,116
6,720,21.600000,0.000000,1,0,1213827,1282,6,1282,2,0,0,116
6,720,21.600000,0.000000,1,0,1213837,1282,6,1282,2,0,0,116
6,720,21.600000,0.000000,1,0,1213846,1282,6,1282,2,0,0,116
6,720,21.600000,0.000000,1,0,1213861,1282,6,1282,2,0,0,116
6,720,21.600000,0.000000,1,0,1213871,1282,5,1282,1,0,0,116
6,720,21.600000,0.000000,1,0,1213881,1282,5,1282,1,0,0,116
6,720,21.600000,0.000000,1,0,1213891,1282,5,1282,1,0,0,116
6,720,21.600000,0.000000,1,0,1213901,1282,5,1282,1,0,0,116
6,720,21.600000,0.000000,1,0,1213912,1282,5,1282,1,0,0,116
6,720,21.600000,0.000000,1,0,1213922,1282,5,1282,1,0,0,116
6,720,21.600000,0.000000,1,0,1213932,1282,5,1282,1,0,0,116
6,720,21.600000,0.000000,1,0,1213942,1282,5,1282,1,0,0,116
6,720,21.600000,0.000000,1,0,1213956,1282,5,1282,1,0,0,116
6,720,21.600000,0.000000,1,0,1213970,1284,5,1284,1,0,0,116
6,720,21.600000,0.000000,1,0,1213988,1287,5,1287,1,0,0,116
6,720,21.600000,0.000000,1,0,1214001,1292,5,1292,1,0,0,116
6,720,21.600000,0.000000,1,0,1214012,1297,6,1297,2,0,0,116
6,720,21.600000,0.000000,1,0,1214022,1300,6,1300,2,0,0,116
6,720,21.600000,0.000000,1,0,1214032,1302,7,1302,3,0,0,116
6,720,21.600000,0.000000,1,0,1214041,1302,7,1302,3,0,0,116
6,720,21.600000,0.000000,1,0,1214051,1302,8,1302,4,0,0,116
6,720,21.600000,0.000000,1,0,1214061,1302,9,1302,5,0,0,116
6,720,21.600000,0.000000,1,0,1214071,1302,9,1302,5,0,0,116
6,720,21.600000,0.000000,1,0,1214080,1302,9,1302,5,0,0,116
6,720,21.600000,0.000000,1,0,1214090,1302,9,1302,5,0,0,116
6,720,21.600000,0.000000,1,0,1214099,1302,9,1302,5,0,0,116
6,720,21.600000,0.000000,1,0,1214114,1302,9,1302,5,0,0,116
6,720,21.600000,0.000000,1,0,1214125,1302,9,1302,5,0,0,116
6,720,21.600000,0.000000,1,0,1214133,1303,9,1303,5,0,0,116
6,720,21.600000,0.000000,1,0,1214144,1304,9,1304,5,0,0,116
6,720,21.600000,0.000000,1,0,1214154,1304,9,1304,5,0,0,116
6,720,21.600000,0.000000,1,0,1214164,1304,9,1304,5,0,0,116
6,720,21.600000,0.000000,1,0,1214173,1304,9,1304,5,0,0,116
6,720,21.600000,0.000000,1,0,1214183,1304,9,1304,5,0,0,116
6,720,21.600000,0.000000,1,0,1214193,1304,9,1304,5,0,0,116
6,720,21.600000,0.000000,1,0,1214203,1304,9,1304,5,0,0,116
6,720,21.600000,0.000000,1,0,1214212,1304,9,1304,5,0,0,116
6,720,21.600000,0.000000,1,0,1214223,1304,9,1304,5,0,0,116
6,720,21.600000,0.000000,1,0,1214231,1304,9,1304,5,0,0,116
6,720,21.600000,0.000000,1,0,1214243,1305,10,1305,6,0,0,116
6,720,21.600000,0.000000,1,0,1214253,1306,10,1306,6,0,0,116
6,720,21.600000,0.000000,1,0,1214264,1308,10,1308,6,0,0,116
6,720,21.600000,0.000000,1,0,1214274,1310,11,1310,7,0,0,116
6,720,21.600000,0.000000,1,0,1214283,1312,11,1312,7,0,0,116
6,720,21.600000,0.000000,1,0,1214294,1314,11,1314,7,0,0,116
6,720,21.600000,0.000000,1,0,1214304,1316,12,1316,8,0,0,116
6,720,21.600000,0.000000,1,0,1214315,1317,12,1317,8,0,0,116
6,720,21.600000,0.000000,1,0,1214325,1318,12,1318,8,0,0,116
6,720,21.600000,0.000000,1,0,1214334,1318,12,1318,8,0,0,116
6,720,21.600000,0.000000,1,0,1214344,1318,12,1318,8,0,0,116
6,720,21.600000,0.000000,1,0,1214354,1318,12,1318,8,0,0,116
6,720,21.600000,0.000000,1,0,1214369,1318,12,1318,8,0,0,116
6,720,21.600000,0.000000,1,0,1214378,1318,12,1318,8,0,0,116
6,720,21.600000,0.000000,1,0,1214387,1318,12,1318,8,0,0,116
6,720,21.600000,0.000000,1,0,1214398,1318,12,1318,8,0,0,116
6,720,21.600000,0.000000,1,0,1214407,1318,12,1318,8,0,0,116
6,720,21.600000,0.000000,1,0,1214417,1318,12,1318,8,0,0,116
6,720,21.600000,0.000000,1,0,1214426,1318,12,1318,8,0,0,116
6,720,21.600000,0.000000,1,0,1214436,1318,12,1318,8,0,0,116
6,720,21.600000,0.000000,1,0,1214446,1318,12,1318,8,0,0,116
6,720,21.600000,0.000000,1,0,1214454,1318,12,1318,8,0,0,116
6,720,21.600000,0.000000,1,0,1214464,1318,12,1318,8,0,0,116
