6,720,82.800000,42.984000,1,0,994135,600,0,600,0,1,0,1
6,720,82.800000,42.984000,1,0,994135,600,0,600,0,1,0,1
6,720,82.800000,42.984000,1,0,994147,600,0,600,0,1,0,1
6,720,82.800000,42.984000,1,0,994158,600,0,600,0,1,0,1
6,720,82.800000,42.984000,1,0,994169,600,0,600,0,1,0,1
6,720,82.800000,42.984000,1,0,994179,600,0,600,0,1,0,1
6,720,82.800000,42.984000,1,0,994189,600,0,600,0,1,0,1
6,720,82.800000,42.984000,1,0,994198,600,0,600,0,1,0,1
6,720,82.800000,42.984000,1,0,994208,601,0,601,0,1,0,1
6,720,82.800000,42.984000,1,0,994219,602,0,602,0,1,0,1
6,720,82.800000,42.984000,1,0,994229,605,0,605,0,1,0,1
6,720,82.800000,42.984000,1,0,994239,609,0,609,0,1,0,1
6,720,82.800000,42.984000,1,0,994250,616,1,616,1,1,0,1
6,720,82.800000,42.984000,1,0,994260,626,1,626,1,1,0,1
6,720,82.800000,42.984000,1,0,994272,638,1,638,1,1,0,1
6,720,82.800000,42.984000,1,0,994282,655,1,655,1,1,0,1
6,720,82.800000,42.984000,1,0,994293,672,1,672,1,1,0,1
6,720,82.800000,42.984000,1,0,994303,697,1,697,1,1,0,1
6,720,82.800000,42.984000,1,0,994314,731,3,731,3,1,0,1
6,720,82.800000,42.984000,1,0,994325,777,7,777,7,1,0,1
6,720,82.800000,42.984000,1,0,994335,829,10,829,10,1,0,1
6,720,82.800000,42.984000,1,0,994346,876,13,876,13,1,0,1
6,720,82.800000,42.984000,1,0,994355,916,14,916,14,1,0,1
6,720,82.800000,42.984000,1,0,994366,956,14,956,14,1,0,1
6,720,82.800000,42.984000,1,0,994376,985,12,985,12,1,0,1
6,720,82.800000,42.984000,1,0,994386,1008,9,1008,9,1,0,1
6,720,82.800000,42.984000,1,0,994396,1029,7,1029,7,1,0,1
6,720,82.800000,42.984000,1,0,994407,1048,7,1048,7,1,0,1
6,720,82.800000,42.984000,1,0,994417,1068,7,1068,7,1,0,1
6,720,82.800000,42.984000,1,0,994427,1087,6,1087,6,1,0,1
6,720,82.800000,42.984000,1,0,994438,1102,5,1102,5,1,0,1
6,720,82.800000,42.984000,1,0,994449,1117,4,1117,4,1,0,1
6,720,82.800000,42.984000,1,0,994460,1134,3,1134,3,1,0,1
6,720,82.800000,42.984000,1,0,994470,1148,3,1148,3,1,0,1
6,720,82.800000,42.984000,1,0,994481,1166,3,1166,3,1,0,1
6,720,82.800000,42.984000,1,0,994492,1181,3,1181,3,1,0,1
6,720,82.800000,42.984000,1,0,994502,1195,3,1195,3,1,0,1
6,720,82.800000,42.984000,1,0,994513,1208,3,1208,3,1,0,1
6,720,82.800000,42.984000,1,0,994528,1219,2,1219,2,1,0,1
6,720,82.800000,42.984000,1,0,994538,1232,1,1232,1,1,0,1
6,720,82.800000,42.984000,1,0,994549,1244,0,1244,0,1,0,1
6,720,82.800000,42.984000,1,0,994560,1256,0,1256,-1,1,0,1
6,720,82.800000,42.984000,1,0,994571,1267,0,1267,-3,1,0,1
6,720,82.800000,42.984000,1,0,994582,1276,0,1276,-5,1,0,1
6,720,82.800000,42.984000,1,0,994593,1281,0,1281,-6,1,0,1
6,720,82.800000,42.984000,1,0,994607,1284,0,1284,-6,1,0,1
6,720,82.800000,42.984000,1,0,994617,1285,0,1285,-6,1,0,1
6,720,82.800000,42.984000,1,0,994627,1285,0,1285,-6,1,0,1
6,720,82.800000,42.984000,1,0,994636,1285,0,1285,-6,1,0,1
6,720,82.800000,42.984000,1,0,994647,1285,0,1285,-6,1,0,1
6,720,82.800000,42.984000,1,0,994658,1286,0,1286,-6,1,0,1
6,720,82.800000,42.984000,1,0,994669,1290,0,1290,-6,1,0,1
6,720,82.800000,42.984000,1,0,994680,1297,0,1297,-6,1,0,1
6,720,82.800000,42.984000,1,0,994691,1303,0,1303,-6,1,0,1
6,720,82.800000,42.984000,1,0,994702,1310,2,1310,-4,1,0,1
6,720,82.800000,42.984000,1,0,994713,1314,3,1314,-3,1,0,1
6,720,82.800000,42.984000,1,0,994723,1317,4,1317,-2,1,0,1
6,720,82.800000,42.984000,1,0,994733,1318,4,1318,-2,1,0,1
6,720,82.800000,42.984000,1,0,994742,1319,4,1319,-2,1,0,1
6,720,82.800000,42.984000,1,0,994752,1319,4,1319,-2,1,0,1
6,720,82.800000,42.984000,1,0,994762,1319,4,1319,-2,1,0,1
6,720,82.800000,42.984000,1,0,994771,1319,4,1319,-2,1,0,1
6,720,82.800000,42.984000,1,0,994781,1319,4,1319,-2,1,0,1
6,720,82.800000,42.984000,1,0,994791,1320,4,1320,-2,1,0,1
6,720,82.800000,42.984000,1,0,994800,1320,4,1320,-2,1,0,1
6,720,82.800000,42.984000,1,0,994809,1320,4,1320,-2,1,0,1
6,720,82.800000,42.984000,1,0,994819,1320,4,1320,-2,1,0,1
6,720,82.800000,42.984000,1,0,994828,1320,4,1320,-2,1,0,1
6,720,82.800000,42.984000,1,0,994838,1320,4,1320,-2,1,0,1
6,720,82.800000,42.984000,1,0,994847,1320,4,1320,-2,1,0,1
6,720,82.800000,42.984000,1,0,994861,1320,4,1320,-2,1,0,1
6,720,82.800000,42.984000,1,0,994871,1320,4,1320,-2,1,0,1
6,720,82.800000,42.984000,1,0,994881,1320,4,1320,-2,1,0,1
6,720,82.800000,42.984000,1,0,994890,1320,4,1320,-2,1,0,1
6,720,82.800000,42.984000,1,0,994900,1320,4,1320,-2,1,0,1
6,720,82.800000,42.984000,1,0,994910,1320,4,1320,-2,1,0,1
6,720,82.800000,42.984000,1,0,994920,1320,4,1320,-2,1,0,1
6,720,82.800000,42.984000,1,0,994929,1320,4,1320,-2,1,0,1
6,720,82.800000,42.984000,1,0,994939,1320,4,1320,-2,1,0,1
6,720,82.800000,42.984000,1,0,994949,1320,4,1320,-2,1,0,1
6,720,82.800000,42.984000,1,0,994959,1320,4,1320,-2,1,0,1
6,720,82.800000,42.984000,1,0,994968,1320,4,1320,-2,1,0,1
6,720,82.800000,42.984000,1,0,994978,1320,4,1320,-2,1,0,1
6,720,82.800000,42.984000,1,0,994987,1320,4,1320,-2,1,0,1
6,720,82.800000,42.984000,1,0,994997,1320,4,1320,-2,1,0,1
6,720,82.800000,42.984000,1,0,995006,1320,4,1320,-2,1,0,1
6,720,82.800000,42.984000,1,0,995021,1320,5,1320,-1,1,0,1
6,720,82.800000,42.984000,1,0,995031,1320,5,1320,-1,1,0,1
6,720,82.800000,42.984000,1,0,995041,1320,5,1320,-1,1,0,1
6,720,82.800000,42.984000,1,0,995051,1320,6,1320,0,1,0,1
6,720,82.800000,42.984000,1,0,995061,1320,7,1320,1,1,0,1
6,720,82.800000,42.984000,1,0,995070,1320,7,1320,1,1,0,1
6,720,82.800000,42.984000,1,0,995080,1320,7,1320,1,1,0,1
6,720,82.800000,42.984000,1,0,995091,1320,7,1320,1,1,0,1
6,720,82.800000,42.984000,1,0,995101,1320,7,1320,1,1,0,1
6,720,82.800000,42.984000,1,0,995109,1320,7,1320,1,0,0,1
