6,360,50.400000,12.276000,1,1,1171684,780,22,780,22,1,0,93
6,360,50.400000,12.276000,1,1,1171685,780,22,780,22,1,0,93
6,360,50.400000,12.276000,1,1,1171695,780,22,780,22,1,0,93
6,360,50.400000,12.276000,1,1,1171704,780,22,780,22,1,0,93
6,360,50.400000,12.276000,1,1,1171714,780,22,780,22,1,0,93
6,360,50.400000,12.276000,1,1,1171724,780,22,780,22,1,0,93
6,360,50.400000,12.276000,1,1,1171733,780,22,780,22,1,0,93
6,360,50.400000,12.276000,1,1,1171742,780,22,780,22,1,0,93
6,360,50.400000,12.276000,1,1,1171752,780,22,780,22,1,0,93
6,360,50.400000,12.276000,1,1,1171762,780,22,780,22,1,0,93
6,360,50.400000,12.276000,1,1,1171771,780,22,780,22,1,0,93
6,360,50.400000,12.276000,1,1,1171782,780,22,780,22,1,0,93
6,360,50.400000,12.276000,1,1,1171792,780,22,780,22,1,0,93
6,360,50.400000,12.276000,1,1,1171803,780,22,780,22,1,0,93
6,360,50.400000,12.276000,1,1,1171814,783,22,783,22,1,0,93
6,360,50.400000,12.276000,1,1,1171824,787,23,787,23,1,0,93
6,360,50.400000,12.276000,1,1,1171834,791,23,791,23,1,0,93
6,360,50.400000,12.276000,1,1,1171844,795,23,795,23,1,0,93
6,360,50.400000,12.276000,1,1,1171854,800,23,800,23,1,0,93
6,360,50.400000,12.276000,1,1,1171866,806,24,806,24,1,0,93
6,360,50.400000,12.276000,1,1,1171880,814,25,814,25,1,0,93
6,360,50.400000,12.276000,1,1,1171890,826,25,826,25,1,0,93
6,360,50.400000,12.276000,1,1,1171901,836,25,836,25,1,0,93
6,360,50.400000,12.276000,1,1,1171913,847,25,847,25,1,0,93
6,360,50.400000,12.276000,1,1,1171924,862,25,862,25,1,0,93
6,360,50.400000,12.276000,1,1,1171935,879,25,879,25,1,0,93
6,360,50.400000,12.276000,1,1,1171945,897,25,897,25,1,0,93
6,360,50.400000,12.276000,1,1,1171956,916,25,916,25,1,0,93
6,360,50.400000,12.276000,1,1,1171966,936,25,936,25,1,0,93
6,360,50.400000,12.276000,1,1,1171977,956,25,956,25,1,0,93
6,360,50.400000,12.276000,1,1,1171988,974,25,974,25,1,0,93
6,360,50.400000,12.276000,1,1,1171998,988,24,988,24,1,0,93
6,360,50.400000,12.276000,1,1,1172009,999,24,999,24,1,0,93
6,360,50.400000,12.276000,1,1,1172019,1005,24,1005,24,1,0,93
6,360,50.400000,12.276000,1,1,1172033,1008,23,1008,23,1,0,93
6,360,50.400000,12.276000,1,1,1172043,1011,22,1011,22,1,0,93
6,360,50.400000,12.276000,1,1,1172053,1013,22,1013,22,1,0,93
6,360,50.400000,12.276000,1,1,1172063,1014,22,1014,22,1,0,93
6,360,50.400000,12.276000,1,1,1172074,1017,21,1017,21,1,0,93
6,360,50.400000,12.276000,1,1,1172085,1021,21,1021,21,1,0,93
6,360,50.400000,12.276000,1,1,1172097,1026,20,1026,20,1,0,93
6,360,50.400000,12.276000,1,1,1172108,1032,20,1032,20,1,0,93
6,360,50.400000,12.276000,1,1,1172118,1038,19,1038,19,1,0,93
6,360,50.400000,12.276000,1,1,1172128,1043,19,1043,19,1,0,93
6,360,50.400000,12.276000,1,1,1172139,1049,19,1049,19,1,0,93
6,360,50.400000,12.276000,1,1,1172149,1053,18,1053,18,1,0,93
6,360,50.400000,12.276000,1,1,1172159,1058,18,1058,18,1,0,93
6,360,50.400000,12.276000,1,1,1172169,1063,18,1063,18,1,0,93
6,360,50.400000,12.276000,1,1,1172181,1067,18,1067,18,1,0,93
6,360,50.400000,12.276000,1,1,1172190,1072,18,1072,18,1,0,93
6,360,50.400000,12.276000,1,1,1172202,1077,18,1077,18,1,0,93
6,360,50.400000,12.276000,1,1,1172213,1082,17,1082,17,1,0,93
6,360,50.400000,12.276000,1,1,1172226,1086,17,1086,17,1,0,93
6,360,50.400000,12.276000,1,1,1172237,1091,16,1091,16,1,0,93
6,360,50.400000,12.276000,1,1,1172248,1096,15,1096,15,1,0,93
6,360,50.400000,12.276000,1,1,1172258,1102,15,1102,15,1,0,93
6,360,50.400000,12.276000,1,1,1172268,1110,14,1110,14,1,0,93
6,360,50.400000,12.276000,1,1,1172279,1116,14,1116,14,1,0,93
6,360,50.400000,12.276000,1,1,1172289,1124,13,1124,13,1,0,93
6,360,50.400000,12.276000,1,1,1172300,1129,13,1129,13,1,0,93
6,360,50.400000,12.276000,1,1,1172310,1133,12,1133,12,1,0,93
6,360,50.400000,12.276000,1,1,1172320,1135,11,1135,11,1,0,93
6,360,50.400000,12.276000,1,1,1172330,1136,11,1136,11,1,0,93
6,360,50.400000,12.276000,1,1,1172340,1137,11,1137,11,1,0,93
6,360,50.400000,12.276000,1,1,1172349,1137,11,1137,11,1,0,93
6,360,50.400000,12.276000,1,1,1172359,1137,11,1137,11,1,0,93
6,360,50.400000,12.276000,1,1,1172368,1137,11,1137,11,1,0,93
6,360,50.400000,12.276000,1,1,1172378,1137,11,1137,11,1,0,93
6,360,50.400000,12.276000,1,1,1172387,1137,11,1137,11,1,0,93
6,360,50.400000,12.276000,1,1,1172396,1137,11,1137,11,1,0,93
6,360,50.400000,12.276000,1,1,1172406,1137,11,1137,11,1,0,93
6,360,50.400000,12.276000,1,1,1172416,1137,11,1137,11,1,0,93
6,360,50.400000,12.276000,1,1,1172426,1137,11,1137,11,1,0,93
6,360,50.400000,12.276000,1,1,1172435,1137,11,1137,11,1,0,93
6,360,50.400000,12.276000,1,1,1172445,1137,11,1137,11,1,0,93
6,360,50.400000,12.276000,1,1,1172454,1137,11,1137,11,0,0,93
