6,720,50.400000,0.000000,1,1,1000069,600,22,600,22,0,0,4
6,720,50.400000,0.000000,1,1,1000070,600,22,600,22,0,0,4
6,720,50.400000,0.000000,1,1,1000080,600,22,600,22,0,0,4
6,720,50.400000,0.000000,1,1,1000089,600,22,600,22,0,0,4
6,720,50.400000,0.000000,1,1,1000100,600,22,600,22,0,0,4
6,720,50.400000,0.000000,1,1,1000109,602,22,602,22,0,0,4
6,720,50.400000,0.000000,1,1,1000119,603,22,603,22,0,0,4
6,720,50.400000,0.000000,1,1,1000129,604,22,604,22,0,0,4
6,720,50.400000,0.000000,1,1,1000141,606,22,606,22,0,0,4
6,720,50.400000,0.000000,1,1,1000152,610,22,610,22,0,0,4
6,720,50.400000,0.000000,1,1,1000162,615,22,615,22,0,0,4
6,720,50.400000,0.000000,1,1,1000172,621,24,621,24,0,0,4
6,720,50.400000,0.000000,1,1,1000183,628,24,628,24,0,0,4
6,720,50.400000,0.000000,1,1,1000193,637,24,637,24,0,0,4
6,720,50.400000,0.000000,1,1,1000205,650,24,650,24,0,0,4
6,720,50.400000,0.000000,1,1,1000215,670,24,670,24,0,0,4
6,720,50.400000,0.000000,1,1,1000226,695,24,695,24,0,0,4
6,720,50.400000,0.000000,1,1,1000236,725,23,725,23,0,0,4
6,720,50.400000,0.000000,1,1,1000247,757,22,757,22,0,0,4
6,720,50.400000,0.000000,1,1,1000257,789,19,789,19,0,0,4
6,720,50.400000,0.000000,1,1,1000268,821,17,821,17,0,0,4
6,720,50.400000,0.000000,1,1,1000279,849,15,849,15,0,0,4
6,720,50.400000,0.000000,1,1,1000290,877,13,877,13,0,0,4
6,720,50.400000,0.000000,1,1,1000301,903,12,903,12,0,0,4
6,720,50.400000,0.000000,1,1,1000311,930,12,930,12,0,0,4
6,720,50.400000,0.000000,1,1,1000321,954,12,954,12,0,0,4
6,720,50.400000,0.000000,1,1,1000332,978,13,978,13,0,0,4
6,720,50.400000,0.000000,1,1,1000342,1002,14,1002,14,0,0,4
6,720,50.400000,0.000000,1,1,1000356,1027,16,1027,16,0,0,4
6,720,50.400000,0.000000,1,1,1000367,1073,19,1073,19,0,0,4
6,720,50.400000,0.000000,1,1,1000379,1108,22,1108,22,0,0,4
6,720,50.400000,0.000000,1,1,1000389,1139,25,1139,25,0,0,4
6,720,50.400000,0.000000,1,1,1000402,1168,27,1168,27,0,0,4
6,720,50.400000,0.000000,1,1,1000412,1192,28,1192,28,0,0,4
6,720,50.400000,0.000000,1,1,1000424,1204,28,1204,28,0,0,4
6,720,50.400000,0.000000,1,1,1000434,1211,28,1211,28,0,0,4
6,720,50.400000,0.000000,1,1,1000444,1216,28,1216,28,0,0,4
6,720,50.400000,0.000000,1,1,1000455,1218,28,1218,28,0,0,4
6,720,50.400000,0.000000,1,1,1000465,1219,28,1219,28,0,0,4
6,720,50.400000,0.000000,1,1,1000475,1220,28,1220,28,0,0,4
6,720,50.400000,0.000000,1,1,1000485,1222,28,1222,28,0,0,4
6,720,50.400000,0.000000,1,1,1000495,1222,27,1222,27,0,0,4
6,720,50.400000,0.000000,1,1,1000505,1224,27,1224,27,0,0,4
6,720,50.400000,0.000000,1,1,1000515,1226,27,1226,27,0,0,4
6,720,50.400000,0.000000,1,1,1000527,1230,26,1230,26,0,0,4
6,720,50.400000,0.000000,1,1,1000537,1235,26,1235,26,0,0,4
6,720,50.400000,0.000000,1,1,1000549,1241,24,1241,24,0,0,4
6,720,50.400000,0.000000,1,1,1000560,1250,24,1250,24,0,0,4
6,720,50.400000,0.000000,1,1,1000571,1257,23,1257,23,0,0,4
6,720,50.400000,0.000000,1,1,1000581,1263,22,1263,22,0,0,4
6,720,50.400000,0.000000,1,1,1000594,1266,22,1266,22,0,0,4
6,720,50.400000,0.000000,1,1,1000604,1267,21,1267,21,0,0,4
6,720,50.400000,0.000000,1,1,1000613,1267,21,1267,21,0,0,4
6,720,50.400000,0.000000,1,1,1000623,1267,21,1267,21,0,0,4
6,720,50.400000,0.000000,1,1,1000633,1267,21,1267,21,0,0,4
6,720,50.400000,0.000000,1,1,1000643,1267,21,1267,21,0,0,4
6,720,50.400000,0.000000,1,1,1000653,1267,21,1267,21,0,0,4
6,720,50.400000,0.000000,1,1,1000662,1267,21,1267,21,0,0,4
6,720,50.400000,0.000000,1,1,1000672,1267,21,1267,21,0,0,4
6,720,50.400000,0.000000,1,1,1000682,1267,21,1267,21,0,0,4
6,720,50.400000,0.000000,1,1,1000692,1268,20,1268,20,0,0,4
6,720,50.400000,0.000000,1,1,1000703,1269,18,1269,18,0,0,4
6,720,50.400000,0.000000,1,1,1000713,1272,17,1272,17,0,0,4
6,720,50.400000,0.000000,1,1,1000724,1274,16,1274,16,0,0,4
6,720,50.400000,0.000000,1,1,1000734,1276,15,1276,15,0,0,4
6,720,50.400000,0.000000,1,1,1000744,1279,14,1279,14,0,0,4
6,720,50.400000,0.000000,1,1,1000755,1283,13,1283,13,0,0,4
6,720,50.400000,0.000000,1,1,1000765,1288,12,1288,12,0,0,4
6,720,50.400000,0.000000,1,1,1000775,1292,11,1292,11,0,0,4
6,720,50.400000,0.000000,1,1,1000786,1293,10,1293,10,0,0,4
6,720,50.400000,0.000000,1,1,1000796,1295,10,1295,10,0,0,4
6,720,50.400000,0.000000,1,1,1000806,1297,10,1297,10,0,0,4
6,720,50.400000,0.000000,1,1,1000816,1298,10,1298,10,0,0,4
6,720,50.400000,0.000000,1,1,1000826,1301,10,1301,10,0,0,4
6,720,50.400000,0.000000,1,1,1000836,1302,9,1302,9,0,0,4
6,720,50.400000,0.000000,1,1,1000847,1305,9,1305,9,0,0,4
6,720,50.400000,0.000000,1,1,1000858,1306,9,1306,9,0,0,4
6,720,50.400000,0.000000,1,1,1000868,1308,9,1308,9,0,0,4
6,720,50.400000,0.000000,1,1,1000878,1310,9,1310,9,0,0,4
6,720,50.400000,0.000000,1,1,1000888,1312,8,1312,8,0,0,4
6,720,50.400000,0.000000,1,1,1000898,1312,8,1312,8,0,0,4
6,720,50.400000,0.000000,1,1,1000908,1312,8,1312,8,0,0,4
6,720,50.400000,0.000000,1,1,1000917,1312,8,1312,8,0,0,4
6,720,50.400000,0.000000,1,1,1000927,1312,8,1312,8,0,0,4
6,720,50.400000,0.000000,1,1,1000937,1312,8,1312,8,0,0,4
6,720,50.400000,0.000000,1,1,1000946,1312,8,1312,8,0,0,4
