6,720,50.400000,12.276000,0,1,1306279,600,22,600,22,0,1,46
6,720,50.400000,12.276000,0,1,1306280,600,22,600,22,0,1,46
6,720,50.400000,12.276000,0,1,1306290,600,22,600,22,0,1,46
6,720,50.400000,12.276000,0,1,1306300,600,22,600,22,0,1,46
6,720,50.400000,12.276000,0,1,1306310,600,22,600,22,0,1,46
6,720,50.400000,12.276000,0,1,1306321,600,22,600,22,0,1,46
6,720,50.400000,12.276000,0,1,1306331,600,22,600,22,0,1,46
6,720,50.400000,12.276000,0,1,1306341,600,22,600,22,0,1,46
6,720,50.400000,12.276000,0,1,1306352,602,22,602,22,0,1,46
6,720,50.400000,12.276000,0,1,1306364,607,22,607,22,0,1,46
6,720,50.400000,12.276000,0,1,1306376,616,23,616,23,0,1,46
6,720,50.400000,12.276000,0,1,1306386,629,23,629,23,0,1,46
6,720,50.400000,12.276000,0,1,1306397,649,23,649,23,0,1,46
6,720,50.400000,12.276000,0,1,1306408,673,22,673,22,0,1,46
6,720,50.400000,12.276000,0,1,1306419,704,19,704,19,0,1,46
6,720,50.400000,12.276000,0,1,1306430,744,15,744,15,0,1,46
6,720,50.400000,12.276000,0,1,1306441,790,10,790,10,0,1,46
6,720,50.400000,12.276000,0,1,1306451,838,6,838,6,0,1,46
6,720,50.400000,12.276000,0,1,1306462,880,5,880,5,0,1,46
6,720,50.400000,12.276000,0,1,1306472,920,4,920,4,0,1,46
6,720,50.400000,12.276000,0,1,1306483,959,3,959,3,0,1,46
6,720,50.400000,12.276000,0,1,1306494,1000,2,1000,2,0,1,46
6,720,50.400000,12.276000,0,1,1306504,1031,1,1031,1,0,1,46
6,720,50.400000,12.276000,0,1,1306515,1048,1,1048,1,0,1,46
6,720,50.400000,12.276000,0,1,1306526,1061,1,1061,1,0,1,46
6,720,50.400000,12.276000,0,1,1306537,1071,1,1071,1,0,1,46
6,720,50.400000,12.276000,0,1,1306548,1078,0,1078,0,0,1,46
6,720,50.400000,12.276000,0,1,1306558,1087,0,1087,-1,0,1,46
6,720,50.400000,12.276000,0,1,1306568,1097,0,1097,-2,0,1,46
6,720,50.400000,12.276000,0,1,1306579,1112,0,1112,-3,0,1,46
6,720,50.400000,12.276000,0,1,1306589,1126,0,1126,-3,0,1,46
6,720,50.400000,12.276000,0,1,1306599,1138,0,1138,-3,0,1,46
6,720,50.400000,12.276000,0,1,1306610,1151,0,1151,-3,0,1,46
6,720,50.400000,12.276000,0,1,1306620,1162,1,1162,-2,0,1,46
6,720,50.400000,12.276000,0,1,1306631,1170,2,1170,-1,0,1,46
6,720,50.400000,12.276000,0,1,1306641,1177,2,1177,-1,0,1,46
6,720,50.400000,12.276000,0,1,1306652,1185,3,1185,0,0,1,46
6,720,50.400000,12.276000,0,1,1306663,1192,3,1192,0,0,1,46
6,720,50.400000,12.276000,0,1,1306673,1199,3,1199,0,0,1,46
6,720,50.400000,12.276000,0,1,1306684,1208,4,1208,1,0,1,46
6,720,50.400000,12.276000,0,1,1306696,1216,4,1216,1,0,1,46
6,720,50.400000,12.276000,0,1,1306707,1223,5,1223,2,0,1,46
6,720,50.400000,12.276000,0,1,1306717,1228,6,1228,3,0,1,46
6,720,50.400000,12.276000,0,1,1306727,1231,7,1231,4,0,1,46
6,720,50.400000,12.276000,0,1,1306738,1233,7,1233,4,0,1,46
6,720,50.400000,12.276000,0,1,1306748,1233,7,1233,4,0,1,46
6,720,50.400000,12.276000,0,1,1306758,1233,7,1233,4,0,1,46
6,720,50.400000,12.276000,0,1,1306769,1235,8,1235,5,0,1,46
6,720,50.400000,12.276000,0,1,1306780,1238,8,1238,5,0,1,46
6,720,50.400000,12.276000,0,1,1306790,1243,9,1243,6,0,1,46
6,720,50.400000,12.276000,0,1,1306800,1251,10,1251,7,0,1,46
6,720,50.400000,12.276000,0,1,1306811,1260,12,1260,9,0,1,46
6,720,50.400000,12.276000,0,1,1306823,1271,13,1271,10,0,1,46
6,720,50.400000,12.276000,0,1,1306834,1282,14,1282,11,0,1,46
6,720,50.400000,12.276000,0,1,1306846,1290,15,1290,12,0,1,46
6,720,50.400000,12.276000,0,1,1306856,1297,16,1297,13,0,1,46
6,720,50.400000,12.276000,0,1,1306867,1305,16,1305,13,0,1,46
6,720,50.400000,12.276000,0,1,1306877,1311,16,1311,13,0,1,46
6,720,50.400000,12.276000,0,1,1306889,1318,16,1318,13,0,1,46
6,720,50.400000,12.276000,0,1,1306899,1324,16,1324,13,0,1,46
6,720,50.400000,12.276000,0,1,1306910,1328,16,1328,13,0,1,46
6,720,50.400000,12.276000,0,1,1306920,1330,15,1330,12,0,1,46
6,720,50.400000,12.276000,0,1,1306931,1330,15,1330,12,0,1,46
6,720,50.400000,12.276000,0,1,1306941,1330,15,1330,12,0,1,46
6,720,50.400000,12.276000,0,1,1306952,1331,15,1331,12,0,1,46
6,720,50.400000,12.276000,0,1,1306963,1331,15,1331,12,0,1,46
6,720,50.400000,12.276000,0,1,1306974,1331,15,1331,12,0,1,46
6,720,50.400000,12.276000,0,1,1306984,1331,15,1331,12,0,1,46
6,720,50.400000,12.276000,0,1,1306995,1331,15,1331,12,0,1,46
6,720,50.400000,12.276000,0,1,1307005,1331,15,1331,12,0,1,46
6,720,50.400000,12.276000,0,1,1307016,1331,15,1331,12,0,1,46
6,720,50.400000,12.276000,0,1,1307026,1330,15,1330,12,0,1,46
6,720,50.400000,12.276000,0,1,1307036,1329,15,1329,12,0,1,46
6,720,50.400000,12.276000,0,1,1307047,1327,15,1327,12,0,1,46
6,720,50.400000,12.276000,0,1,1307058,1325,15,1325,12,0,1,46
6,720,50.400000,12.276000,0,1,1307069,1323,14,1323,11,0,1,46
6,720,50.400000,12.276000,0,1,1307079,1321,14,1321,11,0,1,46
6,720,50.400000,12.276000,0,1,1307089,1319,14,1319,11,0,1,46
6,720,50.400000,12.276000,0,1,1307099,1318,14,1318,11,0,1,46
6,720,50.400000,12.276000,0,1,1307109,1318,13,1318,10,0,1,46
6,720,50.400000,12.276000,0,1,1307119,1318,13,1318,10,0,1,46
6,720,50.400000,12.276000,0,1,1307130,1318,13,1318,10,0,1,46
6,720,50.400000,12.276000,0,1,1307140,1317,13,1317,10,0,1,46
6,720,50.400000,12.276000,0,1,1307150,1316,13,1316,10,0,1,46
6,720,50.400000,12.276000,0,1,1307160,1315,12,1315,9,0,1,46
6,720,50.400000,12.276000,0,1,1307171,1315,11,1315,8,0,1,46
6,720,50.400000,12.276000,0,1,1307181,1315,11,1315,8,0,1,46
6,720,50.400000,12.276000,0,1,1307191,1315,11,1315,8,0,1,46
6,720,50.400000,12.276000,0,1,1307201,1315,11,1315,8,0,1,46
6,720,50.400000,12.276000,0,1,1307211,1315,11,1315,8,0,1,46
6,720,50.400000,12.276000,0,1,1307221,1315,11,1315,8,0,1,46
6,720,50.400000,12.276000,0,1,1307231,1315,11,1315,8,0,1,46
6,720,50.400000,12.276000,0,1,1307240,1315,11,1315,8,0,1,46
