6,360,50.400000,10000.000000,0,0,1319697,780,0,780,0,0,1,54
6,360,50.400000,10000.000000,0,0,1319698,780,0,780,0,0,1,54
6,360,50.400000,10000.000000,0,0,1319708,780,0,780,0,0,1,54
6,360,50.400000,10000.000000,0,0,1319719,781,0,781,0,0,1,54
6,360,50.400000,10000.000000,0,0,1319729,782,0,782,0,0,1,54
6,360,50.400000,10000.000000,0,0,1319739,783,0,783,0,0,1,54
6,360,50.400000,10000.000000,0,0,1319750,783,0,783,0,0,1,54
6,360,50.400000,10000.000000,0,0,1319760,784,0,784,0,0,1,54
6,360,50.400000,10000.000000,0,0,1319770,785,1,785,1,0,1,54
6,360,50.400000,10000.000000,0,0,1319781,786,1,786,1,0,1,54
6,360,50.400000,10000.000000,0,0,1319791,787,2,787,2,0,1,54
6,360,50.400000,10000.000000,0,0,1319802,789,2,789,2,0,1,54
6,360,50.400000,10000.000000,0,0,1319814,793,3,793,3,0,1,54
6,360,50.400000,10000.000000,0,0,1319824,800,5,800,5,0,1,54
6,360,50.400000,10000.000000,0,0,1319835,809,6,809,6,0,1,54
6,360,50.400000,10000.000000,0,0,1319845,818,7,818,7,0,1,54
6,360,50.400000,10000.000000,0,0,1319856,829,7,829,7,0,1,54
6,360,50.400000,10000.000000,0,0,1319866,843,7,843,7,0,1,54
6,360,50.400000,10000.000000,0,0,1319877,861,7,861,7,0,1,54
6,360,50.400000,10000.000000,0,0,1319887,877,7,877,7,0,1,54
6,360,50.400000,10000.000000,0,0,1319898,896,7,896,7,0,1,54
6,360,50.400000,10000.000000,0,0,1319909,914,7,914,7,0,1,54
6,360,50.400000,10000.000000,0,0,1319920,935,7,935,7,0,1,54
6,360,50.400000,10000.000000,0,0,1319931,950,6,950,6,0,1,54
6,360,50.400000,10000.000000,0,0,1319941,966,5,966,5,0,1,54
6,360,50.400000,10000.000000,0,0,1319952,979,4,979,4,0,1,54
6,360,50.400000,10000.000000,0,0,1319964,992,4,992,4,0,1,54
6,360,50.400000,10000.000000,0,0,1319976,1004,4,1004,4,0,1,54
6,360,50.400000,10000.000000,0,0,1319986,1017,4,1017,4,0,1,54
6,360,50.400000,10000.000000,0,0,1319997,1026,4,1026,4,0,1,54
6,360,50.400000,10000.000000,0,0,1320008,1037,4,1037,4,0,1,54
6,360,50.400000,10000.000000,0,0,1320019,1049,4,1049,4,0,1,54
6,360,50.400000,10000.000000,0,0,1320030,1062,5,1062,5,0,1,54
6,360,50.400000,10000.000000,0,0,1320041,1073,6,1073,6,0,1,54
6,360,50.400000,10000.000000,0,0,1320053,1082,8,1082,8,0,1,54
6,360,50.400000,10000.000000,0,0,1320064,1091,10,1091,10,0,1,54
6,360,50.400000,10000.000000,0,0,1320075,1097,11,1097,11,0,1,54
6,360,50.400000,10000.000000,0,0,1320086,1103,12,1103,12,0,1,54
6,360,50.400000,10000.000000,0,0,1320097,1108,13,1108,13,0,1,54
6,360,50.400000,10000.000000,0,0,1320108,1114,15,1114,15,0,1,54
6,360,50.400000,10000.000000,0,0,1320119,1119,15,1119,15,0,1,54
6,360,50.400000,10000.000000,0,0,1320130,1124,16,1124,16,0,1,54
6,360,50.400000,10000.000000,0,0,1320141,1128,17,1128,17,0,1,54
6,360,50.400000,10000.000000,0,0,1320152,1130,17,1130,17,0,1,54
6,360,50.400000,10000.000000,0,0,1320162,1131,17,1131,17,0,1,54
6,360,50.400000,10000.000000,0,0,1320172,1131,17,1131,17,0,1,54
6,360,50.400000,10000.000000,0,0,1320182,1131,17,1131,17,0,1,54
6,360,50.400000,10000.000000,0,0,1320193,1131,17,1131,17,0,1,54
6,360,50.400000,10000.000000,0,0,1320203,1132,17,1132,17,0,1,54
6,360,50.400000,10000.000000,0,0,1320214,1132,17,1132,17,0,1,54
6,360,50.400000,10000.000000,0,0,1320224,1133,17,1133,17,0,1,54
6,360,50.400000,10000.000000,0,0,1320234,1134,17,1134,17,0,1,54
6,360,50.400000,10000.000000,0,0,1320244,1134,17,1134,17,0,1,54
6,360,50.400000,10000.000000,0,0,1320254,1134,17,1134,17,0,1,54
6,360,50.400000,10000.000000,0,0,1320264,1134,17,1134,17,0,1,54
6,360,50.400000,10000.000000,0,0,1320274,1134,17,1134,17,0,1,54
6,360,50.400000,10000.000000,0,0,1320284,1134,17,1134,17,0,1,54
6,360,50.400000,10000.000000,0,0,1320294,1134,17,1134,17,0,1,54
6,360,50.400000,10000.000000,0,0,1320304,1134,17,1134,17,0,1,54
6,360,50.400000,10000.000000,0,0,1320314,1134,17,1134,17,0,1,54
6,360,50.400000,10000.000000,0,0,1320324,1134,17,1134,17,0,1,54
6,360,50.400000,10000.000000,0,0,1320333,1134,17,1134,17,0,1,54
