6,360,50.400000,12.276000,0,1,1347005,780,22,780,22,0,1,70
6,360,50.400000,12.276000,0,1,1347007,780,22,780,22,0,1,70
6,360,50.400000,12.276000,0,1,1347017,782,22,782,22,0,1,70
6,360,50.400000,12.276000,0,1,1347027,783,22,783,22,0,1,70
6,360,50.400000,12.276000,0,1,1347038,784,22,784,22,0,1,70
6,360,50.400000,12.276000,0,1,1347048,787,21,787,21,0,1,70
6,360,50.400000,12.276000,0,1,1347059,793,20,793,20,0,1,70
6,360,50.400000,12.276000,0,1,1347070,801,20,801,20,0,1,70
6,360,50.400000,12.276000,0,1,1347081,813,20,813,20,0,1,70
6,360,50.400000,12.276000,0,1,1347091,827,20,827,20,0,1,70
6,360,50.400000,12.276000,0,1,1347102,844,20,844,20,0,1,70
6,360,50.400000,12.276000,0,1,1347113,867,20,867,20,0,1,70
6,360,50.400000,12.276000,0,1,1347124,891,20,891,20,0,1,70
6,360,50.400000,12.276000,0,1,1347134,917,20,917,20,0,1,70
6,360,50.400000,12.276000,0,1,1347145,945,19,945,19,0,1,70
6,360,50.400000,12.276000,0,1,1347156,976,19,976,19,0,1,70
6,360,50.400000,12.276000,0,1,1347166,1006,18,1006,18,0,1,70
6,360,50.400000,12.276000,0,1,1347177,1030,18,1030,18,0,1,70
6,360,50.400000,12.276000,0,1,1347188,1050,18,1050,18,0,1,70
6,360,50.400000,12.276000,0,1,1347198,1069,18,1069,18,0,1,70
6,360,50.400000,12.276000,0,1,1347209,1084,18,1084,18,0,1,70
6,360,50.400000,12.276000,0,1,1347219,1093,18,1093,18,0,1,70
6,360,50.400000,12.276000,0,1,1347230,1098,17,1098,17,0,1,70
6,360,50.400000,12.276000,0,1,1347240,1100,16,1100,16,0,1,70
6,360,50.400000,12.276000,0,1,1347250,1100,16,1100,16,0,1,70
6,360,50.400000,12.276000,0,1,1347261,1100,16,1100,16,0,1,70
6,360,50.400000,12.276000,0,1,1347271,1100,16,1100,16,0,1,70
6,360,50.400000,12.276000,0,1,1347281,1101,15,1101,15,0,1,70
6,360,50.400000,12.276000,0,1,1347291,1101,15,1101,15,0,1,70
6,360,50.400000,12.276000,0,1,1347301,1102,15,1102,15,0,1,70
6,360,50.400000,12.276000,0,1,1347311,1103,15,1103,15,0,1,70
6,360,50.400000,12.276000,0,1,1347321,1105,14,1105,14,0,1,70
6,360,50.400000,12.276000,0,1,1347333,1109,13,1109,13,0,1,70
6,360,50.400000,12.276000,0,1,1347344,1114,12,1114,12,0,1,70
6,360,50.400000,12.276000,0,1,1347355,1118,11,1118,11,0,1,70
6,360,50.400000,12.276000,0,1,1347365,1122,10,1122,10,0,1,70
6,360,50.400000,12.276000,0,1,1347375,1124,10,1124,10,0,1,70
6,360,50.400000,12.276000,0,1,1347385,1124,10,1124,10,0,1,70
6,360,50.400000,12.276000,0,1,1347395,1124,10,1124,10,0,1,70
6,360,50.400000,12.276000,0,1,1347405,1124,10,1124,10,0,1,70
6,360,50.400000,12.276000,0,1,1347415,1124,10,1124,10,0,1,70
6,360,50.400000,12.276000,0,1,1347427,1124,10,1124,10,0,1,70
6,360,50.400000,12.276000,0,1,1347437,1124,10,1124,10,0,1,70
6,360,50.400000,12.276000,0,1,1347447,1124,10,1124,10,0,1,70
6,360,50.400000,12.276000,0,1,1347458,1124,10,1124,10,0,1,70
6,360,50.400000,12.276000,0,1,1347468,1124,10,1124,10,0,1,70
6,360,50.400000,12.276000,0,1,1347478,1124,10,1124,10,0,1,70
6,360,50.400000,12.276000,0,1,1347489,1126,9,1126,9,0,1,70
6,360,50.400000,12.276000,0,1,1347499,1129,9,1129,9,0,1,70
6,360,50.400000,12.276000,0,1,1347510,1133,9,1133,9,0,1,70
6,360,50.400000,12.276000,0,1,1347520,1136,9,1136,9,0,1,70
6,360,50.400000,12.276000,0,1,1347530,1139,9,1139,9,0,1,70
6,360,50.400000,12.276000,0,1,1347540,1142,9,1142,9,0,1,70
6,360,50.400000,12.276000,0,1,1347550,1142,9,1142,9,0,1,70
6,360,50.400000,12.276000,0,1,1347561,1142,9,1142,9,0,1,70
6,360,50.400000,12.276000,0,1,1347572,1142,9,1142,9,0,1,70
6,360,50.400000,12.276000,0,1,1347583,1142,9,1142,9,0,1,70
6,360,50.400000,12.276000,0,1,1347593,1142,9,1142,9,0,1,70
6,360,50.400000,12.276000,0,1,1347603,1142,9,1142,9,0,1,70
6,360,50.400000,12.276000,0,1,1347613,1142,9,1142,9,0,1,70
6,360,50.400000,12.276000,0,1,1347622,1142,9,1142,9,0,1,70
