6,720,82.800000,12.276000,1,1,1420021,600,22,600,22,0,1,113
6,720,82.800000,12.276000,1,1,1420021,600,22,600,22,0,1,113
6,720,82.800000,12.276000,1,1,1420033,601,22,601,22,0,1,113
6,720,82.800000,12.276000,1,1,1420043,601,22,601,22,0,1,113
6,720,82.800000,12.276000,1,1,1420054,603,22,603,22,0,1,113
6,720,82.800000,12.276000,1,1,1420064,604,22,604,22,0,1,113
6,720,82.800000,12.276000,1,1,1420075,605,22,605,22,0,1,113
6,720,82.800000,12.276000,1,1,1420086,608,22,608,22,0,1,113
6,720,82.800000,12.276000,1,1,1420098,614,22,614,22,0,1,113
6,720,82.800000,12.276000,1,1,1420109,623,22,623,22,0,1,113
6,720,82.800000,12.276000,1,1,1420120,642,23,642,23,0,1,113
6,720,82.800000,12.276000,1,1,1420131,666,24,666,24,0,1,113
6,720,82.800000,12.276000,1,1,1420143,702,24,702,24,0,1,113
6,720,82.800000,12.276000,1,1,1420155,751,24,751,24,0,1,113
6,720,82.800000,12.276000,1,1,1420166,813,21,813,21,0,1,113
6,720,82.800000,12.276000,1,1,1420178,873,16,873,16,0,1,113
6,720,82.800000,12.276000,1,1,1420190,944,10,944,10,0,1,113
6,720,82.800000,12.276000,1,1,1420201,1008,4,1008,4,0,1,113
6,720,82.800000,12.276000,1,1,1420212,1076,0,1076,-3,0,1,113
6,720,82.800000,12.276000,1,1,1420223,1138,0,1138,-9,0,1,113
6,720,82.800000,12.276000,1,1,1420234,1192,0,1192,-16,0,1,113
6,720,82.800000,12.276000,1,1,1420245,1245,0,1245,-21,0,1,113
6,720,82.800000,12.276000,1,1,1420258,1282,0,1282,-25,0,1,113
6,720,82.800000,12.276000,1,1,1420268,1312,0,1312,-26,0,1,113
6,720,82.800000,12.276000,1,1,1420279,1323,0,1323,-27,0,1,113
6,720,82.800000,12.276000,1,1,1420289,1327,0,1327,-27,0,1,113
6,720,82.800000,12.276000,1,1,1420299,1328,0,1328,-27,0,1,113
6,720,82.800000,12.276000,1,1,1420310,1328,0,1328,-27,0,1,113
6,720,82.800000,12.276000,1,1,1420320,1328,0,1328,-27,0,1,113
6,720,82.800000,12.276000,1,1,1420331,1328,0,1328,-27,0,1,113
6,720,82.800000,12.276000,1,1,1420341,1328,0,1328,-27,0,1,113
6,720,82.800000,12.276000,1,1,1420350,1329,0,1329,-27,0,1,113
6,720,82.800000,12.276000,1,1,1420361,1330,0,1330,-27,0,1,113
6,720,82.800000,12.276000,1,1,1420372,1331,0,1331,-27,0,1,113
6,720,82.800000,12.276000,1,1,1420382,1334,0,1334,-27,0,1,113
6,720,82.800000,12.276000,1,1,1420392,1336,0,1336,-27,0,1,113
6,720,82.800000,12.276000,1,1,1420403,1339,1,1339,-26,0,1,113
6,720,82.800000,12.276000,1,1,1420415,1343,2,1343,-25,0,1,113
6,720,82.800000,12.276000,1,1,1420425,1347,3,1347,-24,0,1,113
6,720,82.800000,12.276000,1,1,1420435,1350,3,1350,-24,0,1,113
6,720,82.800000,12.276000,1,1,1420446,1351,3,1351,-24,0,1,113
6,720,82.800000,12.276000,1,1,1420456,1351,3,1351,-24,0,1,113
6,720,82.800000,12.276000,1,1,1420466,1351,3,1351,-24,0,1,113
6,720,82.800000,12.276000,1,1,1420476,1351,3,1351,-24,0,1,113
6,720,82.800000,12.276000,1,1,1420488,1351,3,1351,-24,0,1,113
6,720,82.800000,12.276000,1,1,1420498,1351,3,1351,-24,0,1,113
6,720,82.800000,12.276000,1,1,1420508,1351,3,1351,-24,0,1,113
6,720,82.800000,12.276000,1,1,1420519,1351,3,1351,-24,0,1,113
6,720,82.800000,12.276000,1,1,1420530,1351,3,1351,-24,0,1,113
6,720,82.800000,12.276000,1,1,1420541,1351,3,1351,-24,0,1,113
6,720,82.800000,12.276000,1,1,1420551,1351,3,1351,-24,0,1,113
6,720,82.800000,12.276000,1,1,1420561,1351,3,1351,-24,0,1,113
6,720,82.800000,12.276000,1,1,1420571,1351,3,1351,-24,0,1,113
6,720,82.800000,12.276000,1,1,1420582,1351,3,1351,-24,0,1,113
6,720,82.800000,12.276000,1,1,1420592,1351,3,1351,-24,0,1,113
6,720,82.800000,12.276000,1,1,1420602,1351,3,1351,-24,0,1,113
6,720,82.800000,12.276000,1,1,1420611,1351,3,1351,-24,0,1,113
