6,360,21.600000,42.984000,1,1,1397137,780,22,780,22,0,1,101
6,360,21.600000,42.984000,1,1,1397138,780,22,780,22,0,1,101
6,360,21.600000,42.984000,1,1,1397149,790,23,790,23,0,1,101
6,360,21.600000,42.984000,1,1,1397159,795,23,795,23,0,1,101
6,360,21.600000,42.984000,1,1,1397170,797,23,797,23,0,1,101
6,360,21.600000,42.984000,1,1,1397180,797,23,797,23,0,1,101
6,360,21.600000,42.984000,1,1,1397190,797,23,797,23,0,1,101
6,360,21.600000,42.984000,1,1,1397200,797,23,797,23,0,1,101
6,360,21.600000,42.984000,1,1,1397211,797,23,797,23,0,1,101
6,360,21.600000,42.984000,1,1,1397221,797,23,797,23,0,1,101
6,360,21.600000,42.984000,1,1,1397231,797,23,797,23,0,1,101
6,360,21.600000,42.984000,1,1,1397242,798,23,798,23,0,1,101
6,360,21.600000,42.984000,1,1,1397253,799,23,799,23,0,1,101
6,360,21.600000,42.984000,1,1,1397264,800,23,800,23,0,1,101
6,360,21.600000,42.984000,1,1,1397274,802,23,802,23,0,1,101
6,360,21.600000,42.984000,1,1,1397289,805,23,805,23,0,1,101
6,360,21.600000,42.984000,1,1,1397299,808,23,808,23,0,1,101
6,360,21.600000,42.984000,1,1,1397309,808,23,808,23,0,1,101
6,360,21.600000,42.984000,1,1,1397320,808,23,808,23,0,1,101
6,360,21.600000,42.984000,1,1,1397330,809,23,809,23,0,1,101
6,360,21.600000,42.984000,1,1,1397341,809,23,809,23,0,1,101
6,360,21.600000,42.984000,1,1,1397351,809,23,809,23,0,1,101
6,360,21.600000,42.984000,1,1,1397361,810,23,810,23,0,1,101
6,360,21.600000,42.984000,1,1,1397371,811,23,811,23,0,1,101
6,360,21.600000,42.984000,1,1,1397382,814,23,814,23,0,1,101
6,360,21.600000,42.984000,1,1,1397392,818,23,818,23,0,1,101
6,360,21.600000,42.984000,1,1,1397403,823,23,823,23,0,1,101
6,360,21.600000,42.984000,1,1,1397414,830,23,830,23,0,1,101
6,360,21.600000,42.984000,1,1,1397425,839,23,839,23,0,1,101
6,360,21.600000,42.984000,1,1,1397435,851,25,851,25,0,1,101
6,360,21.600000,42.984000,1,1,1397446,866,27,866,27,0,1,101
6,360,21.600000,42.984000,1,1,1397456,889,30,889,30,0,1,101
6,360,21.600000,42.984000,1,1,1397467,915,32,915,32,0,1,101
6,360,21.600000,42.984000,1,1,1397478,950,34,950,34,0,1,101
6,360,21.600000,42.984000,1,1,1397488,980,35,980,35,0,1,101
6,360,21.600000,42.984000,1,1,1397499,1004,35,1004,35,0,1,101
6,360,21.600000,42.984000,1,1,1397512,1028,33,1028,33,0,1,101
6,360,21.600000,42.984000,1,1,1397523,1045,31,1045,31,0,1,101
6,360,21.600000,42.984000,1,1,1397534,1053,30,1053,30,0,1,101
6,360,21.600000,42.984000,1,1,1397544,1059,29,1059,29,0,1,101
6,360,21.600000,42.984000,1,1,1397555,1063,28,1063,28,0,1,101
6,360,21.600000,42.984000,1,1,1397565,1065,27,1065,27,0,1,101
6,360,21.600000,42.984000,1,1,1397576,1067,25,1067,25,0,1,101
6,360,21.600000,42.984000,1,1,1397586,1068,24,1068,24,0,1,101
6,360,21.600000,42.984000,1,1,1397596,1069,23,1069,23,0,1,101
6,360,21.600000,42.984000,1,1,1397606,1069,23,1069,23,0,1,101
6,360,21.600000,42.984000,1,1,1397617,1069,23,1069,23,0,1,101
6,360,21.600000,42.984000,1,1,1397628,1069,23,1069,23,0,1,101
6,360,21.600000,42.984000,1,1,1397638,1069,23,1069,23,0,1,101
6,360,21.600000,42.984000,1,1,1397648,1069,23,1069,23,0,1,101
6,360,21.600000,42.984000,1,1,1397657,1069,22,1069,22,0,1,101
6,360,21.600000,42.984000,1,1,1397667,1070,22,1070,22,0,1,101
6,360,21.600000,42.984000,1,1,1397677,1070,21,1070,21,0,1,101
6,360,21.600000,42.984000,1,1,1397687,1071,20,1071,20,0,1,101
6,360,21.600000,42.984000,1,1,1397698,1071,20,1071,20,0,1,101
6,360,21.600000,42.984000,1,1,1397710,1072,19,1072,19,0,1,101
6,360,21.600000,42.984000,1,1,1397721,1073,18,1073,18,0,1,101
6,360,21.600000,42.984000,1,1,1397731,1073,18,1073,18,0,1,101
6,360,21.600000,42.984000,1,1,1397741,1073,18,1073,18,0,1,101
6,360,21.600000,42.984000,1,1,1397751,1074,17,1074,17,0,1,101
6,360,21.600000,42.984000,1,1,1397760,1075,16,1075,16,0,1,101
6,360,21.600000,42.984000,1,1,1397771,1077,15,1077,15,0,1,101
6,360,21.600000,42.984000,1,1,1397781,1081,15,1081,15,0,1,101
6,360,21.600000,42.984000,1,1,1397792,1088,15,1088,15,0,1,101
6,360,21.600000,42.984000,1,1,1397803,1097,14,1097,14,0,1,101
6,360,21.600000,42.984000,1,1,1397814,1105,13,1105,13,0,1,101
6,360,21.600000,42.984000,1,1,1397825,1111,13,1111,13,0,1,101
6,360,21.600000,42.984000,1,1,1397836,1115,13,1115,13,0,1,101
6,360,21.600000,42.984000,1,1,1397846,1119,13,1119,13,0,1,101
6,360,21.600000,42.984000,1,1,1397856,1122,13,1122,13,0,1,101
6,360,21.600000,42.984000,1,1,1397866,1126,13,1126,13,0,1,101
6,360,21.600000,42.984000,1,1,1397878,1129,13,1129,13,0,1,101
6,360,21.600000,42.984000,1,1,1397889,1132,14,1132,14,0,1,101
6,360,21.600000,42.984000,1,1,1397899,1135,14,1135,14,0,1,101
6,360,21.600000,42.984000,1,1,1397909,1138,14,1138,14,0,1,101
6,360,21.600000,42.984000,1,1,1397919,1140,14,1140,14,0,1,101
6,360,21.600000,42.984000,1,1,1397929,1142,14,1142,14,0,1,101
6,360,21.600000,42.984000,1,1,1397940,1143,14,1143,14,0,1,101
6,360,21.600000,42.984000,1,1,1397954,1143,14,1143,14,0,1,101
6,360,21.600000,42.984000,1,1,1397964,1143,14,1143,14,0,1,101
6,360,21.600000,42.984000,1,1,1397974,1143,14,1143,14,0,1,101
6,360,21.600000,42.984000,1,1,1397984,1143,14,1143,14,0,1,101
6,360,21.600000,42.984000,1,1,1397994,1143,14,1143,14,0,1,101
6,360,21.600000,42.984000,1,1,1398004,1143,14,1143,14,0,1,101
6,360,21.600000,42.984000,1,1,1398014,1143,14,1143,14,0,1,101
6,360,21.600000,42.984000,1,1,1398024,1144,14,1144,14,0,1,101
6,360,21.600000,42.984000,1,1,1398034,1145,14,1145,14,0,1,101
6,360,21.600000,42.984000,1,1,1398045,1145,14,1145,14,0,1,101
6,360,21.600000,42.984000,1,1,1398055,1146,14,1146,14,0,1,101
6,360,21.600000,42.984000,1,1,1398066,1147,14,1147,14,0,1,101
6,360,21.600000,42.984000,1,1,1398076,1147,14,1147,14,0,1,101
