6,720,21.600000,22.608000,1,0,1352618,600,0,600,0,0,1,73
6,720,21.600000,22.608000,1,0,1352619,600,0,600,0,0,1,73
6,720,21.600000,22.608000,1,0,1352629,600,0,600,0,0,1,73
6,720,21.600000,22.608000,1,0,1352639,600,0,600,0,0,1,73
6,720,21.600000,22.608000,1,0,1352650,600,0,600,0,0,1,73
6,720,21.600000,22.608000,1,0,1352660,600,0,600,0,0,1,73
6,720,21.600000,22.608000,1,0,1352670,600,0,600,0,0,1,73
6,720,21.600000,22.608000,1,0,1352680,600,0,600,0,0,1,73
6,720,21.600000,22.608000,1,0,1352690,601,0,601,0,0,1,73
6,720,21.600000,22.608000,1,0,1352699,604,0,604,0,0,1,73
6,720,21.600000,22.608000,1,0,1352710,608,0,608,0,0,1,73
6,720,21.600000,22.608000,1,0,1352722,617,0,617,0,0,1,73
6,720,21.600000,22.608000,1,0,1352733,626,0,626,0,0,1,73
6,720,21.600000,22.608000,1,0,1352743,642,0,642,0,0,1,73
6,720,21.600000,22.608000,1,0,1352755,659,0,659,0,0,1,73
6,720,21.600000,22.608000,1,0,1352767,684,0,684,-1,0,1,73
6,720,21.600000,22.608000,1,0,1352782,718,0,718,-2,0,1,73
6,720,21.600000,22.608000,1,0,1352797,774,0,774,-2,0,1,73
6,720,21.600000,22.608000,1,0,1352809,843,1,843,-1,0,1,73
6,720,21.600000,22.608000,1,0,1352819,884,2,884,0,0,1,73
6,720,21.600000,22.608000,1,0,1352829,922,2,922,0,0,1,73
6,720,21.600000,22.608000,1,0,1352839,947,2,947,0,0,1,73
6,720,21.600000,22.608000,1,0,1352850,970,1,970,-1,0,1,73
6,720,21.600000,22.608000,1,0,1352860,993,1,993,-1,0,1,73
6,720,21.600000,22.608000,1,0,1352870,1017,0,1017,-2,0,1,73
6,720,21.600000,22.608000,1,0,1352881,1038,0,1038,-2,0,1,73
6,720,21.600000,22.608000,1,0,1352891,1058,0,1058,-3,0,1,73
6,720,21.600000,22.608000,1,0,1352902,1071,0,1071,-3,0,1,73
6,720,21.600000,22.608000,1,0,1352913,1082,0,1082,-3,0,1,73
6,720,21.600000,22.608000,1,0,1352923,1091,0,1091,-3,0,1,73
6,720,21.600000,22.608000,1,0,1352934,1103,0,1103,-3,0,1,73
6,720,21.600000,22.608000,1,0,1352945,1116,2,1116,-1,0,1,73
6,720,21.600000,22.608000,1,0,1352955,1128,5,1128,2,0,1,73
6,720,21.600000,22.608000,1,0,1352965,1140,8,1140,5,0,1,73
6,720,21.600000,22.608000,1,0,1352976,1153,11,1153,8,0,1,73
6,720,21.600000,22.608000,1,0,1352986,1162,13,1162,10,0,1,73
6,720,21.600000,22.608000,1,0,1352996,1169,14,1169,11,0,1,73
6,720,21.600000,22.608000,1,0,1353007,1174,14,1174,11,0,1,73
6,720,21.600000,22.608000,1,0,1353017,1177,14,1177,11,0,1,73
6,720,21.600000,22.608000,1,0,1353027,1179,14,1179,11,0,1,73
6,720,21.600000,22.608000,1,0,1353038,1181,14,1181,11,0,1,73
6,720,21.600000,22.608000,1,0,1353049,1183,14,1183,11,0,1,73
6,720,21.600000,22.608000,1,0,1353059,1186,14,1186,11,0,1,73
6,720,21.600000,22.608000,1,0,1353071,1190,14,1190,11,0,1,73
6,720,21.600000,22.608000,1,0,1353081,1196,14,1196,11,0,1,73
6,720,21.600000,22.608000,1,0,1353091,1204,14,1204,11,0,1,73
6,720,21.600000,22.608000,1,0,1353101,1210,13,1210,10,0,1,73
6,720,21.600000,22.608000,1,0,1353112,1216,13,1216,10,0,1,73
6,720,21.600000,22.608000,1,0,1353122,1223,12,1223,9,0,1,73
6,720,21.600000,22.608000,1,0,1353133,1232,12,1232,9,0,1,73
6,720,21.600000,22.608000,1,0,1353143,1243,12,1243,9,0,1,73
6,720,21.600000,22.608000,1,0,1353154,1253,11,1253,8,0,1,73
6,720,21.600000,22.608000,1,0,1353165,1265,11,1265,8,0,1,73
6,720,21.600000,22.608000,1,0,1353175,1275,11,1275,8,0,1,73
6,720,21.600000,22.608000,1,0,1353185,1282,9,1282,6,0,1,73
6,720,21.600000,22.608000,1,0,1353195,1286,9,1286,6,0,1,73
6,720,21.600000,22.608000,1,0,1353205,1286,8,1286,5,0,1,73
6,720,21.600000,22.608000,1,0,1353215,1286,8,1286,5,0,1,73
6,720,21.600000,22.608000,1,0,1353225,1286,8,1286,5,0,1,73
6,720,21.600000,22.608000,1,0,1353234,1286,8,1286,5,0,1,73
6,720,21.600000,22.608000,1,0,1353245,1287,8,1287,5,0,1,73
6,720,21.600000,22.608000,1,0,1353255,1288,8,1288,5,0,1,73
6,720,21.600000,22.608000,1,0,1353266,1291,8,1291,5,0,1,73
6,720,21.600000,22.608000,1,0,1353277,1297,8,1297,5,0,1,73
6,720,21.600000,22.608000,1,0,1353288,1302,8,1302,5,0,1,73
6,720,21.600000,22.608000,1,0,1353298,1307,8,1307,5,0,1,73
6,720,21.600000,22.608000,1,0,1353308,1309,8,1309,5,0,1,73
6,720,21.600000,22.608000,1,0,1353319,1309,8,1309,5,0,1,73
6,720,21.600000,22.608000,1,0,1353329,1309,8,1309,5,0,1,73
6,720,21.600000,22.608000,1,0,1353339,1309,8,1309,5,0,1,73
6,720,21.600000,22.608000,1,0,1353349,1309,8,1309,5,0,1,73
6,720,21.600000,22.608000,1,0,1353358,1309,8,1309,5,0,1,73
6,720,21.600000,22.608000,1,0,1353368,1309,8,1309,5,0,1,73
6,720,21.600000,22.608000,1,0,1353378,1309,8,1309,5,0,1,73
6,720,21.600000,22.608000,1,0,1353388,1309,8,1309,5,0,1,73
6,720,21.600000,22.608000,1,0,1353399,1309,8,1309,5,0,1,73
6,720,21.600000,22.608000,1,0,1353409,1309,8,1309,5,0,1,73
6,720,21.600000,22.608000,1,0,1353420,1309,8,1309,5,0,1,73
6,720,21.600000,22.608000,1,0,1353429,1309,8,1309,5,0,1,73
6,720,21.600000,22.608000,1,0,1353440,1309,8,1309,5,0,1,73
6,720,21.600000,22.608000,1,0,1353450,1309,8,1309,5,0,1,73
6,720,21.600000,22.608000,1,0,1353460,1309,8,1309,5,0,1,73
6,720,21.600000,22.608000,1,0,1353470,1309,8,1309,5,0,1,73
6,720,21.600000,22.608000,1,0,1353481,1309,8,1309,5,0,1,73
6,720,21.600000,22.608000,1,0,1353491,1309,8,1309,5,0,1,73
6,720,21.600000,22.608000,1,0,1353501,1309,8,1309,5,0,1,73
6,720,21.600000,22.608000,1,0,1353511,1309,8,1309,5,0,1,73
6,720,21.600000,22.608000,1,0,1353521,1309,8,1309,5,0,1,73
6,720,21.600000,22.608000,1,0,1353532,1309,8,1309,5,0,1,73
6,720,21.600000,22.608000,1,0,1353542,1309,8,1309,5,0,1,73
6,720,21.600000,22.608000,1,0,1353552,1309,8,1309,5,0,1,73
6,720,21.600000,22.608000,1,0,1353562,1309,8,1309,5,0,1,73
6,720,21.600000,22.608000,1,0,1353572,1309,8,1309,5,0,1,73
6,720,21.600000,22.608000,1,0,1353582,1309,8,1309,5,0,1,73
6,720,21.600000,22.608000,1,0,1353592,1309,8,1309,5,0,1,73
6,720,21.600000,22.608000,1,0,1353601,1309,8,1309,5,0,1,73
6,720,21.600000,22.608000,1,0,1353611,1309,8,1309,5,0,1,73
6,720,21.600000,22.608000,1,0,1353621,1310,8,1310,5,0,1,73
6,720,21.600000,22.608000,1,0,1353632,1310,8,1310,5,0,1,73
6,720,21.600000,22.608000,1,0,1353642,1311,8,1311,5,0,1,73
6,720,21.600000,22.608000,1,0,1353652,1313,8,1313,5,0,1,73
6,720,21.600000,22.608000,1,0,1353662,1315,8,1315,5,0,1,73
6,720,21.600000,22.608000,1,0,1353672,1317,8,1317,5,0,1,73
6,720,21.600000,22.608000,1,0,1353682,1318,8,1318,5,0,1,73
6,720,21.600000,22.608000,1,0,1353692,1319,9,1319,6,0,1,73
6,720,21.600000,22.608000,1,0,1353702,1320,10,1320,7,0,1,73
6,720,21.600000,22.608000,1,0,1353712,1320,10,1320,7,0,1,73
6,720,21.600000,22.608000,1,0,1353722,1320,10,1320,7,0,1,73
6,720,21.600000,22.608000,1,0,1353733,1320,10,1320,7,0,1,73
6,720,21.600000,22.608000,1,0,1353742,1320,10,1320,7,0,1,73
6,720,21.600000,22.608000,1,0,1353752,1320,10,1320,7,0,1,73
6,720,21.600000,22.608000,1,0,1353767,1320,10,1320,7,0,1,73
