6,720,21.600000,12.276000,0,0,1348415,600,0,600,0,0,1,71
6,720,21.600000,12.276000,0,0,1348416,600,0,600,0,0,1,71
6,720,21.600000,12.276000,0,0,1348426,601,0,601,0,0,1,71
6,720,21.600000,12.276000,0,0,1348437,602,0,602,-1,0,1,71
6,720,21.600000,12.276000,0,0,1348447,603,0,603,-1,0,1,71
6,720,21.600000,12.276000,0,0,1348458,605,0,605,-1,0,1,71
6,720,21.600000,12.276000,0,0,1348468,609,0,609,-1,0,1,71
6,720,21.600000,12.276000,0,0,1348479,613,0,613,-1,0,1,71
6,720,21.600000,12.276000,0,0,1348490,620,0,620,-2,0,1,71
6,720,21.600000,12.276000,0,0,1348501,630,0,630,-2,0,1,71
6,720,21.600000,12.276000,0,0,1348512,643,0,643,-2,0,1,71
6,720,21.600000,12.276000,0,0,1348523,661,0,661,-2,0,1,71
6,720,21.600000,12.276000,0,0,1348534,686,0,686,-2,0,1,71
6,720,21.600000,12.276000,0,0,1348544,713,0,713,-2,0,1,71
6,720,21.600000,12.276000,0,0,1348557,751,0,751,-2,0,1,71
6,720,21.600000,12.276000,0,0,1348567,792,0,792,-2,0,1,71
6,720,21.600000,12.276000,0,0,1348578,832,0,832,-2,0,1,71
6,720,21.600000,12.276000,0,0,1348589,881,0,881,-3,0,1,71
6,720,21.600000,12.276000,0,0,1348600,937,0,937,-5,0,1,71
6,720,21.600000,12.276000,0,0,1348611,986,0,986,-10,0,1,71
6,720,21.600000,12.276000,0,0,1348622,1032,0,1032,-14,0,1,71
6,720,21.600000,12.276000,0,0,1348633,1069,0,1069,-18,0,1,71
6,720,21.600000,12.276000,0,0,1348645,1111,0,1111,-23,0,1,71
6,720,21.600000,12.276000,0,0,1348655,1140,0,1140,-26,0,1,71
6,720,21.600000,12.276000,0,0,1348666,1164,0,1164,-29,0,1,71
6,720,21.600000,12.276000,0,0,1348677,1183,0,1183,-31,0,1,71
6,720,21.600000,12.276000,0,0,1348687,1191,0,1191,-32,0,1,71
6,720,21.600000,12.276000,0,0,1348698,1193,0,1193,-32,0,1,71
6,720,21.600000,12.276000,0,0,1348708,1193,0,1193,-32,0,1,71
6,720,21.600000,12.276000,0,0,1348719,1194,0,1194,-32,0,1,71
6,720,21.600000,12.276000,0,0,1348729,1195,1,1195,-31,0,1,71
6,720,21.600000,12.276000,0,0,1348740,1198,1,1198,-31,0,1,71
6,720,21.600000,12.276000,0,0,1348750,1201,2,1201,-30,0,1,71
6,720,21.600000,12.276000,0,0,1348762,1204,3,1204,-29,0,1,71
6,720,21.600000,12.276000,0,0,1348772,1210,4,1210,-28,0,1,71
6,720,21.600000,12.276000,0,0,1348783,1215,5,1215,-27,0,1,71
6,720,21.600000,12.276000,0,0,1348794,1219,6,1219,-26,0,1,71
6,720,21.600000,12.276000,0,0,1348805,1221,7,1221,-25,0,1,71
6,720,21.600000,12.276000,0,0,1348814,1222,7,1222,-25,0,1,71
6,720,21.600000,12.276000,0,0,1348826,1222,8,1222,-24,0,1,71
6,720,21.600000,12.276000,0,0,1348835,1223,9,1223,-23,0,1,71
6,720,21.600000,12.276000,0,0,1348846,1225,10,1225,-22,0,1,71
6,720,21.600000,12.276000,0,0,1348856,1227,11,1227,-21,0,1,71
6,720,21.600000,12.276000,0,0,1348868,1229,13,1229,-19,0,1,71
6,720,21.600000,12.276000,0,0,1348879,1232,15,1232,-17,0,1,71
6,720,21.600000,12.276000,0,0,1348891,1236,17,1236,-15,0,1,71
6,720,21.600000,12.276000,0,0,1348900,1243,19,1243,-13,0,1,71
6,720,21.600000,12.276000,0,0,1348913,1251,22,1251,-10,0,1,71
6,720,21.600000,12.276000,0,0,1348927,1257,24,1257,-8,0,1,71
6,720,21.600000,12.276000,0,0,1348937,1262,25,1262,-7,0,1,71
6,720,21.600000,12.276000,0,0,1348947,1262,25,1262,-7,0,1,71
6,720,21.600000,12.276000,0,0,1348958,1262,25,1262,-7,0,1,71
6,720,21.600000,12.276000,0,0,1348968,1262,25,1262,-7,0,1,71
6,720,21.600000,12.276000,0,0,1348978,1262,25,1262,-7,0,1,71
6,720,21.600000,12.276000,0,0,1348988,1262,25,1262,-7,0,1,71
6,720,21.600000,12.276000,0,0,1348999,1262,25,1262,-7,0,1,71
6,720,21.600000,12.276000,0,0,1349008,1262,25,1262,-7,0,1,71
6,720,21.600000,12.276000,0,0,1349018,1262,25,1262,-7,0,1,71
6,720,21.600000,12.276000,0,0,1349034,1262,25,1262,-7,0,1,71
6,720,21.600000,12.276000,0,0,1349043,1262,26,1262,-6,0,1,71
6,720,21.600000,12.276000,0,0,1349054,1262,27,1262,-5,0,1,71
6,720,21.600000,12.276000,0,0,1349064,1262,27,1262,-5,0,1,71
6,720,21.600000,12.276000,0,0,1349076,1262,27,1262,-5,0,1,71
6,720,21.600000,12.276000,0,0,1349086,1262,27,1262,-5,0,1,71
6,720,21.600000,12.276000,0,0,1349096,1262,27,1262,-5,0,1,71
6,720,21.600000,12.276000,0,0,1349106,1262,27,1262,-5,0,1,71
6,720,21.600000,12.276000,0,0,1349116,1262,27,1262,-5,0,1,71
6,720,21.600000,12.276000,0,0,1349127,1262,27,1262,-5,0,1,71
6,720,21.600000,12.276000,0,0,1349137,1265,27,1265,-5,0,1,71
6,720,21.600000,12.276000,0,0,1349149,1268,27,1268,-5,0,1,71
6,720,21.600000,12.276000,0,0,1349161,1273,27,1273,-5,0,1,71
6,720,21.600000,12.276000,0,0,1349172,1280,27,1280,-5,0,1,71
6,720,21.600000,12.276000,0,0,1349182,1288,26,1288,-6,0,1,71
6,720,21.600000,12.276000,0,0,1349193,1295,26,1295,-6,0,1,71
6,720,21.600000,12.276000,0,0,1349203,1302,25,1302,-7,0,1,71
6,720,21.600000,12.276000,0,0,1349213,1308,23,1308,-9,0,1,71
6,720,21.600000,12.276000,0,0,1349224,1312,23,1312,-9,0,1,71
6,720,21.600000,12.276000,0,0,1349234,1314,22,1314,-10,0,1,71
6,720,21.600000,12.276000,0,0,1349245,1316,22,1316,-10,0,1,71
6,720,21.600000,12.276000,0,0,1349255,1319,22,1319,-10,0,1,71
6,720,21.600000,12.276000,0,0,1349265,1322,21,1322,-11,0,1,71
6,720,21.600000,12.276000,0,0,1349275,1323,21,1323,-11,0,1,71
6,720,21.600000,12.276000,0,0,1349285,1324,20,1324,-12,0,1,71
6,720,21.600000,12.276000,0,0,1349295,1325,20,1325,-12,0,1,71
6,720,21.600000,12.276000,0,0,1349305,1326,20,1326,-12,0,1,71
6,720,21.600000,12.276000,0,0,1349315,1326,19,1326,-13,0,1,71
6,720,21.600000,12.276000,0,0,1349325,1326,18,1326,-14,0,1,71
6,720,21.600000,12.276000,0,0,1349335,1326,18,1326,-14,0,1,71
6,720,21.600000,12.276000,0,0,1349344,1326,18,1326,-14,0,1,71
6,720,21.600000,12.276000,0,0,1349354,1326,17,1326,-15,0,1,71
6,720,21.600000,12.276000,0,0,1349364,1326,16,1326,-16,0,1,71
6,720,21.600000,12.276000,0,0,1349374,1326,16,1326,-16,0,1,71
6,720,21.600000,12.276000,0,0,1349383,1327,15,1327,-17,0,1,71
6,720,21.600000,12.276000,0,0,1349393,1327,14,1327,-18,0,1,71
6,720,21.600000,12.276000,0,0,1349403,1327,13,1327,-19,0,1,71
6,720,21.600000,12.276000,0,0,1349414,1327,12,1327,-20,0,1,71
6,720,21.600000,12.276000,0,0,1349424,1327,11,1327,-21,0,1,71
6,720,21.600000,12.276000,0,0,1349434,1327,9,1327,-23,0,1,71
6,720,21.600000,12.276000,0,0,1349444,1327,6,1327,-26,0,1,71
6,720,21.600000,12.276000,0,0,1349454,1327,5,1327,-27,0,1,71
6,720,21.600000,12.276000,0,0,1349464,1327,4,1327,-28,0,1,71
6,720,21.600000,12.276000,0,0,1349474,1327,3,1327,-29,0,1,71
6,720,21.600000,12.276000,0,0,1349484,1327,2,1327,-30,0,1,71
6,720,21.600000,12.276000,0,0,1349494,1327,2,1327,-30,0,1,71
6,720,21.600000,12.276000,0,0,1349504,1327,2,1327,-30,0,1,71
6,720,21.600000,12.276000,0,0,1349514,1327,2,1327,-30,0,1,71
6,720,21.600000,12.276000,0,0,1349524,1327,2,1327,-30,0,1,71
6,720,21.600000,12.276000,0,0,1349534,1327,2,1327,-30,0,1,71
6,720,21.600000,12.276000,0,0,1349545,1327,2,1327,-30,0,1,71
6,720,21.600000,12.276000,0,0,1349555,1327,2,1327,-30,0,1,71
6,720,21.600000,12.276000,0,0,1349565,1327,2,1327,-30,0,1,71
6,720,21.600000,12.276000,0,0,1349575,1327,2,1327,-30,0,1,71
6,720,21.600000,12.276000,0,0,1349585,1327,2,1327,-30,0,1,71
6,720,21.600000,12.276000,0,0,1349595,1327,2,1327,-30,0,1,71
6,720,21.600000,12.276000,0,0,1349605,1327,2,1327,-30,0,1,71
6,720,21.600000,12.276000,0,0,1349616,1327,2,1327,-30,0,1,71
6,720,21.600000,12.276000,0,0,1349626,1327,2,1327,-30,0,1,71
6,720,21.600000,12.276000,0,0,1349637,1327,2,1327,-30,0,1,71
6,720,21.600000,12.276000,0,0,1349647,1327,2,1327,-30,0,1,71
6,720,21.600000,12.276000,0,0,1349656,1327,2,1327,-30,0,1,71
6,720,21.600000,12.276000,0,0,1349666,1327,2,1327,-30,0,1,71
6,720,21.600000,12.276000,0,0,1349676,1327,2,1327,-30,0,1,71
6,720,21.600000,12.276000,0,0,1349686,1327,2,1327,-30,0,1,71
