6,360,21.600000,42.984000,1,0,1460977,780,0,780,0,0,2,16
6,360,21.600000,42.984000,1,0,1460978,780,0,780,0,0,2,16
6,360,21.600000,42.984000,1,0,1460990,784,1,784,1,0,2,16
6,360,21.600000,42.984000,1,0,1461001,788,1,788,1,0,2,16
6,360,21.600000,42.984000,1,0,1461013,794,2,794,2,0,2,16
6,360,21.600000,42.984000,1,0,1461023,801,3,801,3,0,2,16
6,360,21.600000,42.984000,1,0,1461035,811,4,811,4,0,2,16
6,360,21.600000,42.984000,1,0,1461046,825,5,825,5,0,2,16
6,360,21.600000,42.984000,1,0,1461057,843,6,843,6,0,2,16
6,360,21.600000,42.984000,1,0,1461067,862,7,862,7,0,2,16
6,360,21.600000,42.984000,1,0,1461078,884,7,884,7,0,2,16
6,360,21.600000,42.984000,1,0,1461088,904,7,904,7,0,2,16
6,360,21.600000,42.984000,1,0,1461098,927,7,927,7,0,2,16
6,360,21.600000,42.984000,1,0,1461114,948,7,948,7,0,2,16
6,360,21.600000,42.984000,1,0,1461124,980,4,980,4,0,2,16
6,360,21.600000,42.984000,1,0,1461135,998,2,998,2,0,2,16
6,360,21.600000,42.984000,1,0,1461145,1013,0,1013,-1,0,2,16
6,360,21.600000,42.984000,1,0,1461156,1024,0,1024,-3,0,2,16
6,360,21.600000,42.984000,1,0,1461166,1033,0,1033,-5,0,2,16
6,360,21.600000,42.984000,1,0,1461176,1039,0,1039,-6,0,2,16
6,360,21.600000,42.984000,1,0,1461187,1044,0,1044,-7,0,2,16
6,360,21.600000,42.984000,1,0,1461197,1048,0,1048,-8,0,2,16
6,360,21.600000,42.984000,1,0,1461208,1051,0,1051,-9,0,2,16
6,360,21.600000,42.984000,1,0,1461218,1053,0,1053,-10,0,2,16
6,360,21.600000,42.984000,1,0,1461230,1055,0,1055,-10,0,2,16
6,360,21.600000,42.984000,1,0,1461241,1058,0,1058,-11,0,2,16
6,360,21.600000,42.984000,1,0,1461252,1061,0,1061,-11,0,2,16
6,360,21.600000,42.984000,1,0,1461264,1067,0,1067,-11,0,2,16
6,360,21.600000,42.984000,1,0,1461275,1076,0,1076,-11,0,2,16
6,360,21.600000,42.984000,1,0,1461285,1088,0,1088,-11,0,2,16
6,360,21.600000,42.984000,1,0,1461296,1099,0,1099,-11,0,2,16
6,360,21.600000,42.984000,1,0,1461307,1110,0,1110,-11,0,2,16
6,360,21.600000,42.984000,1,0,1461319,1117,0,1117,-11,0,2,16
6,360,21.600000,42.984000,1,0,1461331,1122,0,1122,-11,0,2,16
6,360,21.600000,42.984000,1,0,1461342,1125,0,1125,-11,0,2,16
6,360,21.600000,42.984000,1,0,1461352,1125,0,1125,-11,0,2,16
6,360,21.600000,42.984000,1,0,1461363,1126,0,1126,-11,0,2,16
6,360,21.600000,42.984000,1,0,1461373,1127,0,1127,-11,0,2,16
6,360,21.600000,42.984000,1,0,1461383,1129,0,1129,-11,0,2,16
6,360,21.600000,42.984000,1,0,1461393,1132,0,1132,-11,0,2,16
6,360,21.600000,42.984000,1,0,1461403,1135,0,1135,-11,0,2,16
6,360,21.600000,42.984000,1,0,1461414,1136,0,1136,-11,0,2,16
6,360,21.600000,42.984000,1,0,1461424,1138,1,1138,-10,0,2,16
6,360,21.600000,42.984000,1,0,1461435,1141,1,1141,-10,0,2,16
6,360,21.600000,42.984000,1,0,1461446,1145,2,1145,-9,0,2,16
6,360,21.600000,42.984000,1,0,1461461,1149,3,1149,-8,0,2,16
6,360,21.600000,42.984000,1,0,1461471,1153,4,1153,-7,0,2,16
6,360,21.600000,42.984000,1,0,1461482,1154,4,1154,-7,0,2,16
6,360,21.600000,42.984000,1,0,1461494,1154,4,1154,-7,0,2,16
6,360,21.600000,42.984000,1,0,1461504,1154,4,1154,-7,0,2,16
6,360,21.600000,42.984000,1,0,1461514,1154,4,1154,-7,0,2,16
6,360,21.600000,42.984000,1,0,1461524,1154,4,1154,-7,0,2,16
6,360,21.600000,42.984000,1,0,1461535,1154,4,1154,-7,0,2,16
6,360,21.600000,42.984000,1,0,1461544,1154,4,1154,-7,0,2,16
6,360,21.600000,42.984000,1,0,1461554,1153,4,1153,-7,0,2,16
6,360,21.600000,42.984000,1,0,1461564,1153,4,1153,-7,0,2,16
6,360,21.600000,42.984000,1,0,1461574,1153,4,1153,-7,0,2,16
6,360,21.600000,42.984000,1,0,1461584,1152,4,1152,-7,0,2,16
6,360,21.600000,42.984000,1,0,1461594,1149,4,1149,-7,0,2,16
6,360,21.600000,42.984000,1,0,1461604,1145,5,1145,-6,0,2,16
6,360,21.600000,42.984000,1,0,1461617,1141,6,1141,-5,0,2,16
6,360,21.600000,42.984000,1,0,1461627,1138,6,1138,-5,0,2,16
6,360,21.600000,42.984000,1,0,1461637,1136,7,1136,-4,0,2,16
6,360,21.600000,42.984000,1,0,1461647,1135,7,1135,-4,0,2,16
6,360,21.600000,42.984000,1,0,1461657,1134,8,1134,-3,0,2,16
6,360,21.600000,42.984000,1,0,1461668,1134,8,1134,-3,0,2,16
6,360,21.600000,42.984000,1,0,1461678,1134,8,1134,-3,0,2,16
6,360,21.600000,42.984000,1,0,1461688,1134,8,1134,-3,0,2,16
6,360,21.600000,42.984000,1,0,1461698,1134,8,1134,-3,0,2,16
6,360,21.600000,42.984000,1,0,1461709,1134,8,1134,-3,0,2,16
6,360,21.600000,42.984000,1,0,1461719,1134,8,1134,-3,0,2,16
6,360,21.600000,42.984000,1,0,1461730,1134,8,1134,-3,0,2,16
6,360,21.600000,42.984000,1,0,1461740,1134,8,1134,-3,0,2,16
6,360,21.600000,42.984000,1,0,1461749,1134,8,1134,-3,0,2,16
