6,720,21.600000,0.000000,1,0,1465348,600,0,600,0,0,2,19
6,720,21.600000,0.000000,1,0,1465349,600,0,600,0,0,2,19
6,720,21.600000,0.000000,1,0,1465360,602,0,602,0,0,2,19
6,720,21.600000,0.000000,1,0,1465370,604,0,604,0,0,2,19
6,720,21.600000,0.000000,1,0,1465380,607,0,607,0,0,2,19
6,720,21.600000,0.000000,1,0,1465391,612,1,612,1,0,2,19
6,720,21.600000,0.000000,1,0,1465402,621,2,621,2,0,2,19
6,720,21.600000,0.000000,1,0,1465412,633,3,633,3,0,2,19
6,720,21.600000,0.000000,1,0,1465423,653,4,653,4,0,2,19
6,720,21.600000,0.000000,1,0,1465437,679,5,679,5,0,2,19
6,720,21.600000,0.000000,1,0,1465447,718,6,718,6,0,2,19
6,720,21.600000,0.000000,1,0,1465458,758,6,758,6,0,2,19
6,720,21.600000,0.000000,1,0,1465468,802,7,802,7,0,2,19
6,720,21.600000,0.000000,1,0,1465479,853,8,853,8,0,2,19
6,720,21.600000,0.000000,1,0,1465490,900,9,900,9,0,2,19
6,720,21.600000,0.000000,1,0,1465501,940,9,940,9,0,2,19
6,720,21.600000,0.000000,1,0,1465512,988,10,988,10,0,2,19
6,720,21.600000,0.000000,1,0,1465525,1029,10,1029,10,0,2,19
6,720,21.600000,0.000000,1,0,1465536,1069,11,1069,11,0,2,19
6,720,21.600000,0.000000,1,0,1465546,1100,13,1100,13,0,2,19
6,720,21.600000,0.000000,1,0,1465557,1119,15,1119,15,0,2,19
6,720,21.600000,0.000000,1,0,1465568,1134,16,1134,16,0,2,19
6,720,21.600000,0.000000,1,0,1465579,1146,16,1146,16,0,2,19
6,720,21.600000,0.000000,1,0,1465590,1155,16,1155,16,0,2,19
6,720,21.600000,0.000000,1,0,1465602,1166,16,1166,16,0,2,19
6,720,21.600000,0.000000,1,0,1465612,1178,16,1178,16,0,2,19
6,720,21.600000,0.000000,1,0,1465622,1190,17,1190,17,0,2,19
6,720,21.600000,0.000000,1,0,1465633,1203,17,1203,17,0,2,19
6,720,21.600000,0.000000,1,0,1465643,1216,19,1216,19,0,2,19
6,720,21.600000,0.000000,1,0,1465653,1226,21,1226,21,0,2,19
6,720,21.600000,0.000000,1,0,1465664,1233,22,1233,22,0,2,19
6,720,21.600000,0.000000,1,0,1465674,1237,23,1237,23,0,2,19
6,720,21.600000,0.000000,1,0,1465684,1239,23,1239,23,0,2,19
6,720,21.600000,0.000000,1,0,1465695,1241,23,1241,23,0,2,19
6,720,21.600000,0.000000,1,0,1465706,1241,23,1241,23,0,2,19
6,720,21.600000,0.000000,1,0,1465717,1241,23,1241,23,0,2,19
6,720,21.600000,0.000000,1,0,1465727,1241,23,1241,23,0,2,19
6,720,21.600000,0.000000,1,0,1465737,1242,23,1242,23,0,2,19
6,720,21.600000,0.000000,1,0,1465748,1242,23,1242,23,0,2,19
6,720,21.600000,0.000000,1,0,1465759,1243,23,1243,23,0,2,19
6,720,21.600000,0.000000,1,0,1465770,1244,23,1244,23,0,2,19
6,720,21.600000,0.000000,1,0,1465781,1244,23,1244,23,0,2,19
6,720,21.600000,0.000000,1,0,1465791,1245,23,1245,23,0,2,19
6,720,21.600000,0.000000,1,0,1465803,1247,23,1247,23,0,2,19
6,720,21.600000,0.000000,1,0,1465816,1251,23,1251,23,0,2,19
6,720,21.600000,0.000000,1,0,1465827,1258,22,1258,22,0,2,19
6,720,21.600000,0.000000,1,0,1465839,1265,22,1265,22,0,2,19
6,720,21.600000,0.000000,1,0,1465850,1272,21,1272,21,0,2,19
6,720,21.600000,0.000000,1,0,1465861,1279,20,1279,20,0,2,19
6,720,21.600000,0.000000,1,0,1465871,1282,20,1282,20,0,2,19
6,720,21.600000,0.000000,1,0,1465882,1283,20,1283,20,0,2,19
6,720,21.600000,0.000000,1,0,1465892,1284,20,1284,20,0,2,19
6,720,21.600000,0.000000,1,0,1465902,1285,20,1285,20,0,2,19
6,720,21.600000,0.000000,1,0,1465912,1285,20,1285,20,0,2,19
6,720,21.600000,0.000000,1,0,1465923,1285,19,1285,19,0,2,19
6,720,21.600000,0.000000,1,0,1465934,1285,19,1285,19,0,2,19
6,720,21.600000,0.000000,1,0,1465944,1285,19,1285,19,0,2,19
6,720,21.600000,0.000000,1,0,1465955,1286,19,1286,19,0,2,19
6,720,21.600000,0.000000,1,0,1465968,1287,19,1287,19,0,2,19
6,720,21.600000,0.000000,1,0,1465984,1290,18,1290,18,0,2,19
6,720,21.600000,0.000000,1,0,1465998,1294,17,1294,17,0,2,19
6,720,21.600000,0.000000,1,0,1466008,1296,16,1296,16,0,2,19
6,720,21.600000,0.000000,1,0,1466018,1296,16,1296,16,0,2,19
6,720,21.600000,0.000000,1,0,1466032,1296,16,1296,16,0,2,19
6,720,21.600000,0.000000,1,0,1466042,1296,16,1296,16,0,2,19
6,720,21.600000,0.000000,1,0,1466052,1296,16,1296,16,0,2,19
6,720,21.600000,0.000000,1,0,1466062,1297,16,1297,16,0,2,19
6,720,21.600000,0.000000,1,0,1466072,1297,15,1297,15,0,2,19
6,720,21.600000,0.000000,1,0,1466081,1297,15,1297,15,0,2,19
6,720,21.600000,0.000000,1,0,1466092,1298,15,1298,15,0,2,19
6,720,21.600000,0.000000,1,0,1466102,1300,14,1300,14,0,2,19
6,720,21.600000,0.000000,1,0,1466112,1301,14,1301,14,0,2,19
6,720,21.600000,0.000000,1,0,1466122,1302,13,1302,13,0,2,19
6,720,21.600000,0.000000,1,0,1466132,1303,13,1303,13,0,2,19
6,720,21.600000,0.000000,1,0,1466143,1305,13,1305,13,0,2,19
6,720,21.600000,0.000000,1,0,1466157,1308,13,1308,13,0,2,19
6,720,21.600000,0.000000,1,0,1466167,1310,13,1310,13,0,2,19
6,720,21.600000,0.000000,1,0,1466176,1312,13,1312,13,0,2,19
6,720,21.600000,0.000000,1,0,1466187,1313,12,1313,12,0,2,19
6,720,21.600000,0.000000,1,0,1466197,1314,11,1314,11,0,2,19
6,720,21.600000,0.000000,1,0,1466207,1314,11,1314,11,0,2,19
6,720,21.600000,0.000000,1,0,1466217,1314,11,1314,11,0,2,19
6,720,21.600000,0.000000,1,0,1466227,1314,11,1314,11,0,2,19
6,720,21.600000,0.000000,1,0,1466237,1314,11,1314,11,0,2,19
6,720,21.600000,0.000000,1,0,1466247,1314,11,1314,11,0,2,19
6,720,21.600000,0.000000,1,0,1466257,1314,11,1314,11,0,2,19
6,720,21.600000,0.000000,1,0,1466267,1314,11,1314,11,0,2,19
6,720,21.600000,0.000000,1,0,1466277,1314,11,1314,11,0,2,19
6,720,21.600000,0.000000,1,0,1466287,1314,11,1314,11,0,2,19
6,720,21.600000,0.000000,1,0,1466297,1314,11,1314,11,0,2,19
6,720,21.600000,0.000000,1,0,1466306,1314,11,1314,11,0,2,19
