6,720,50.400000,10000.000000,1,0,1603862,600,0,600,0,0,2,105
6,720,50.400000,10000.000000,1,0,1603863,600,0,600,0,0,2,105
6,720,50.400000,10000.000000,1,0,1603879,600,0,600,0,0,2,105
6,720,50.400000,10000.000000,1,0,1603894,600,0,600,0,0,2,105
6,720,50.400000,10000.000000,1,0,1603904,600,0,600,0,0,2,105
6,720,50.400000,10000.000000,1,0,1603915,602,0,602,0,0,2,105
6,720,50.400000,10000.000000,1,0,1603925,605,0,605,0,0,2,105
6,720,50.400000,10000.000000,1,0,1603942,611,0,611,0,0,2,105
6,720,50.400000,10000.000000,1,0,1603959,628,3,628,3,0,2,105
6,720,50.400000,10000.000000,1,0,1603973,658,8,658,8,0,2,105
6,720,50.400000,10000.000000,1,0,1603984,697,13,697,13,0,2,105
6,720,50.400000,10000.000000,1,0,1603995,734,16,734,16,0,2,105
6,720,50.400000,10000.000000,1,0,1604005,763,18,763,18,0,2,105
6,720,50.400000,10000.000000,1,0,1604019,795,19,795,19,0,2,105
6,720,50.400000,10000.000000,1,0,1604030,836,19,836,19,0,2,105
6,720,50.400000,10000.000000,1,0,1604041,869,19,869,19,0,2,105
6,720,50.400000,10000.000000,1,0,1604051,898,19,898,19,0,2,105
6,720,50.400000,10000.000000,1,0,1604063,925,19,925,19,0,2,105
6,720,50.400000,10000.000000,1,0,1604074,947,19,947,19,0,2,105
6,720,50.400000,10000.000000,1,0,1604084,969,18,969,18,0,2,105
6,720,50.400000,10000.000000,1,0,1604100,985,17,985,17,0,2,105
6,720,50.400000,10000.000000,1,0,1604115,1005,15,1005,15,0,2,105
6,720,50.400000,10000.000000,1,0,1604126,1027,15,1027,15,0,2,105
6,720,50.400000,10000.000000,1,0,1604136,1043,15,1043,15,0,2,105
6,720,50.400000,10000.000000,1,0,1604146,1060,14,1060,14,0,2,105
6,720,50.400000,10000.000000,1,0,1604156,1078,13,1078,13,0,2,105
6,720,50.400000,10000.000000,1,0,1604167,1095,12,1095,12,0,2,105
6,720,50.400000,10000.000000,1,0,1604177,1111,10,1111,10,0,2,105
6,720,50.400000,10000.000000,1,0,1604193,1130,8,1130,8,0,2,105
6,720,50.400000,10000.000000,1,0,1604203,1151,7,1151,7,0,2,105
6,720,50.400000,10000.000000,1,0,1604213,1161,7,1161,7,0,2,105
6,720,50.400000,10000.000000,1,0,1604224,1168,6,1168,6,0,2,105
6,720,50.400000,10000.000000,1,0,1604234,1170,5,1170,5,0,2,105
6,720,50.400000,10000.000000,1,0,1604245,1171,5,1171,5,0,2,105
6,720,50.400000,10000.000000,1,0,1604255,1171,5,1171,5,0,2,105
6,720,50.400000,10000.000000,1,0,1604267,1171,5,1171,5,0,2,105
6,720,50.400000,10000.000000,1,0,1604278,1171,5,1171,5,0,2,105
6,720,50.400000,10000.000000,1,0,1604289,1172,5,1172,5,0,2,105
6,720,50.400000,10000.000000,1,0,1604299,1174,5,1174,5,0,2,105
6,720,50.400000,10000.000000,1,0,1604310,1178,5,1178,5,0,2,105
6,720,50.400000,10000.000000,1,0,1604322,1182,5,1182,5,0,2,105
6,720,50.400000,10000.000000,1,0,1604332,1187,5,1187,5,0,2,105
6,720,50.400000,10000.000000,1,0,1604343,1189,5,1189,5,0,2,105
6,720,50.400000,10000.000000,1,0,1604352,1189,4,1189,4,0,2,105
6,720,50.400000,10000.000000,1,0,1604366,1189,4,1189,4,0,2,105
6,720,50.400000,10000.000000,1,0,1604376,1189,4,1189,4,0,2,105
6,720,50.400000,10000.000000,1,0,1604386,1189,4,1189,4,0,2,105
6,720,50.400000,10000.000000,1,0,1604398,1190,4,1190,4,0,2,105
6,720,50.400000,10000.000000,1,0,1604407,1192,4,1192,4,0,2,105
6,720,50.400000,10000.000000,1,0,1604419,1196,4,1196,4,0,2,105
6,720,50.400000,10000.000000,1,0,1604430,1202,4,1202,4,0,2,105
6,720,50.400000,10000.000000,1,0,1604441,1208,4,1208,4,0,2,105
6,720,50.400000,10000.000000,1,0,1604451,1215,4,1215,4,0,2,105
6,720,50.400000,10000.000000,1,0,1604462,1223,4,1223,4,0,2,105
6,720,50.400000,10000.000000,1,0,1604473,1231,4,1231,4,0,2,105
6,720,50.400000,10000.000000,1,0,1604483,1240,4,1240,4,0,2,105
6,720,50.400000,10000.000000,1,0,1604494,1251,4,1251,4,0,2,105
6,720,50.400000,10000.000000,1,0,1604504,1261,4,1261,4,0,2,105
6,720,50.400000,10000.000000,1,0,1604514,1271,4,1271,4,0,2,105
6,720,50.400000,10000.000000,1,0,1604525,1279,4,1279,4,0,2,105
6,720,50.400000,10000.000000,1,0,1604535,1284,4,1284,4,0,2,105
6,720,50.400000,10000.000000,1,0,1604546,1289,4,1289,4,0,2,105
6,720,50.400000,10000.000000,1,0,1604557,1293,4,1293,4,0,2,105
6,720,50.400000,10000.000000,1,0,1604567,1297,4,1297,4,0,2,105
6,720,50.400000,10000.000000,1,0,1604578,1300,4,1300,4,0,2,105
6,720,50.400000,10000.000000,1,0,1604588,1303,4,1303,4,0,2,105
6,720,50.400000,10000.000000,1,0,1604599,1304,4,1304,4,0,2,105
6,720,50.400000,10000.000000,1,0,1604610,1305,4,1305,4,0,2,105
6,720,50.400000,10000.000000,1,0,1604620,1306,4,1306,4,0,2,105
6,720,50.400000,10000.000000,1,0,1604630,1306,4,1306,4,0,2,105
6,720,50.400000,10000.000000,1,0,1604640,1306,4,1306,4,0,2,105
6,720,50.400000,10000.000000,1,0,1604651,1306,4,1306,4,0,2,105
6,720,50.400000,10000.000000,1,0,1604661,1306,4,1306,4,0,2,105
6,720,50.400000,10000.000000,1,0,1604672,1306,4,1306,4,0,2,105
6,720,50.400000,10000.000000,1,0,1604682,1306,4,1306,4,0,2,105
6,720,50.400000,10000.000000,1,0,1604692,1306,4,1306,4,0,2,105
6,720,50.400000,10000.000000,1,0,1604703,1307,4,1307,4,0,2,105
6,720,50.400000,10000.000000,1,0,1604713,1308,4,1308,4,0,2,105
6,720,50.400000,10000.000000,1,0,1604723,1309,4,1309,4,0,2,105
6,720,50.400000,10000.000000,1,0,1604734,1309,4,1309,4,0,2,105
6,720,50.400000,10000.000000,1,0,1604744,1309,4,1309,4,0,2,105
6,720,50.400000,10000.000000,1,0,1604754,1309,4,1309,4,0,2,105
6,720,50.400000,10000.000000,1,0,1604764,1309,4,1309,4,0,2,105
6,720,50.400000,10000.000000,1,0,1604775,1309,4,1309,4,0,2,105
6,720,50.400000,10000.000000,1,0,1604784,1309,4,1309,4,0,2,105
