6,360,50.400000,0.000000,0,1,1560091,780,22,780,22,0,2,77
6,360,50.400000,0.000000,0,1,1560092,780,22,780,22,0,2,77
6,360,50.400000,0.000000,0,1,1560102,780,22,780,22,0,2,77
6,360,50.400000,0.000000,0,1,1560113,780,22,780,22,0,2,77
6,360,50.400000,0.000000,0,1,1560123,780,22,780,22,0,2,77
6,360,50.400000,0.000000,0,1,1560135,780,22,780,22,0,2,77
6,360,50.400000,0.000000,0,1,1560146,780,22,780,22,0,2,77
6,360,50.400000,0.000000,0,1,1560155,782,22,782,22,0,2,77
6,360,50.400000,0.000000,0,1,1560167,787,23,787,23,0,2,77
6,360,50.400000,0.000000,0,1,1560179,795,25,795,25,0,2,77
6,360,50.400000,0.000000,0,1,1560191,808,27,808,27,0,2,77
6,360,50.400000,0.000000,0,1,1560202,828,30,828,30,0,2,77
6,360,50.400000,0.000000,0,1,1560212,853,32,853,32,0,2,77
6,360,50.400000,0.000000,0,1,1560223,886,34,886,34,0,2,77
6,360,50.400000,0.000000,0,1,1560234,923,34,923,34,0,2,77
6,360,50.400000,0.000000,0,1,1560246,955,34,955,34,0,2,77
6,360,50.400000,0.000000,0,1,1560256,988,33,988,33,0,2,77
6,360,50.400000,0.000000,0,1,1560267,1013,32,1013,32,0,2,77
6,360,50.400000,0.000000,0,1,1560278,1031,31,1031,31,0,2,77
6,360,50.400000,0.000000,0,1,1560288,1046,30,1046,30,0,2,77
6,360,50.400000,0.000000,0,1,1560299,1057,28,1057,28,0,2,77
6,360,50.400000,0.000000,0,1,1560309,1065,26,1065,26,0,2,77
6,360,50.400000,0.000000,0,1,1560320,1071,24,1071,24,0,2,77
6,360,50.400000,0.000000,0,1,1560330,1076,22,1076,22,0,2,77
6,360,50.400000,0.000000,0,1,1560340,1079,21,1079,21,0,2,77
6,360,50.400000,0.000000,0,1,1560351,1082,19,1082,19,0,2,77
6,360,50.400000,0.000000,0,1,1560362,1085,17,1085,17,0,2,77
6,360,50.400000,0.000000,0,1,1560372,1087,15,1087,15,0,2,77
6,360,50.400000,0.000000,0,1,1560382,1088,14,1088,14,0,2,77
6,360,50.400000,0.000000,0,1,1560392,1090,13,1090,13,0,2,77
6,360,50.400000,0.000000,0,1,1560403,1093,11,1093,11,0,2,77
6,360,50.400000,0.000000,0,1,1560413,1095,10,1095,10,0,2,77
6,360,50.400000,0.000000,0,1,1560424,1099,9,1099,9,0,2,77
6,360,50.400000,0.000000,0,1,1560434,1104,7,1104,7,0,2,77
6,360,50.400000,0.000000,0,1,1560444,1109,6,1109,6,0,2,77
6,360,50.400000,0.000000,0,1,1560455,1113,5,1113,5,0,2,77
6,360,50.400000,0.000000,0,1,1560465,1116,4,1116,4,0,2,77
6,360,50.400000,0.000000,0,1,1560475,1117,3,1117,3,0,2,77
6,360,50.400000,0.000000,0,1,1560485,1118,2,1118,2,0,2,77
6,360,50.400000,0.000000,0,1,1560496,1118,2,1118,2,0,2,77
6,360,50.400000,0.000000,0,1,1560506,1118,2,1118,2,0,2,77
6,360,50.400000,0.000000,0,1,1560516,1118,2,1118,2,0,2,77
6,360,50.400000,0.000000,0,1,1560526,1118,2,1118,2,0,2,77
6,360,50.400000,0.000000,0,1,1560536,1118,2,1118,2,0,2,77
6,360,50.400000,0.000000,0,1,1560546,1118,2,1118,2,0,2,77
6,360,50.400000,0.000000,0,1,1560557,1119,2,1119,2,0,2,77
6,360,50.400000,0.000000,0,1,1560567,1120,2,1120,2,0,2,77
6,360,50.400000,0.000000,0,1,1560577,1121,2,1121,2,0,2,77
6,360,50.400000,0.000000,0,1,1560587,1122,2,1122,2,0,2,77
6,360,50.400000,0.000000,0,1,1560597,1122,2,1122,2,0,2,77
6,360,50.400000,0.000000,0,1,1560607,1122,2,1122,2,0,2,77
6,360,50.400000,0.000000,0,1,1560618,1123,2,1123,2,0,2,77
6,360,50.400000,0.000000,0,1,1560628,1124,2,1124,2,0,2,77
6,360,50.400000,0.000000,0,1,1560638,1125,2,1125,2,0,2,77
6,360,50.400000,0.000000,0,1,1560648,1128,2,1128,2,0,2,77
6,360,50.400000,0.000000,0,1,1560658,1129,2,1129,2,0,2,77
6,360,50.400000,0.000000,0,1,1560668,1130,2,1130,2,0,2,77
6,360,50.400000,0.000000,0,1,1560678,1131,2,1131,2,0,2,77
6,360,50.400000,0.000000,0,1,1560688,1132,3,1132,3,0,2,77
6,360,50.400000,0.000000,0,1,1560698,1133,4,1133,4,0,2,77
6,360,50.400000,0.000000,0,1,1560709,1133,5,1133,5,0,2,77
6,360,50.400000,0.000000,0,1,1560719,1133,5,1133,5,0,2,77
6,360,50.400000,0.000000,0,1,1560729,1133,6,1133,6,0,2,77
6,360,50.400000,0.000000,0,1,1560740,1134,8,1134,8,0,2,77
6,360,50.400000,0.000000,0,1,1560750,1135,9,1135,9,0,2,77
6,360,50.400000,0.000000,0,1,1560761,1136,9,1136,9,0,2,77
6,360,50.400000,0.000000,0,1,1560770,1136,9,1136,9,0,2,77
