6,720,50.400000,42.984000,1,0,1495419,600,0,600,0,0,2,37
6,720,50.400000,42.984000,1,0,1495420,600,0,600,0,0,2,37
6,720,50.400000,42.984000,1,0,1495430,600,0,600,0,0,2,37
6,720,50.400000,42.984000,1,0,1495440,600,0,600,0,0,2,37
6,720,50.400000,42.984000,1,0,1495451,600,0,600,0,0,2,37
6,720,50.400000,42.984000,1,0,1495461,600,0,600,0,0,2,37
6,720,50.400000,42.984000,1,0,1495471,600,0,600,0,0,2,37
6,720,50.400000,42.984000,1,0,1495481,601,0,601,0,0,2,37
6,720,50.400000,42.984000,1,0,1495492,602,0,602,0,0,2,37
6,720,50.400000,42.984000,1,0,1495502,605,0,605,0,0,2,37
6,720,50.400000,42.984000,1,0,1495513,609,0,609,0,0,2,37
6,720,50.400000,42.984000,1,0,1495528,618,2,618,2,0,2,37
6,720,50.400000,42.984000,1,0,1495541,635,4,635,4,0,2,37
6,720,50.400000,42.984000,1,0,1495552,656,6,656,6,0,2,37
6,720,50.400000,42.984000,1,0,1495563,678,8,678,8,0,2,37
6,720,50.400000,42.984000,1,0,1495574,706,10,706,10,0,2,37
6,720,50.400000,42.984000,1,0,1495584,732,12,732,12,0,2,37
6,720,50.400000,42.984000,1,0,1495594,762,13,762,13,0,2,37
6,720,50.400000,42.984000,1,0,1495605,798,14,798,14,0,2,37
6,720,50.400000,42.984000,1,0,1495615,829,16,829,16,0,2,37
6,720,50.400000,42.984000,1,0,1495627,860,17,860,17,0,2,37
6,720,50.400000,42.984000,1,0,1495637,904,19,904,19,0,2,37
6,720,50.400000,42.984000,1,0,1495647,932,19,932,19,0,2,37
6,720,50.400000,42.984000,1,0,1495658,964,20,964,20,0,2,37
6,720,50.400000,42.984000,1,0,1495668,988,20,988,20,0,2,37
6,720,50.400000,42.984000,1,0,1495679,1010,20,1010,20,0,2,37
6,720,50.400000,42.984000,1,0,1495690,1033,20,1033,20,0,2,37
6,720,50.400000,42.984000,1,0,1495700,1054,21,1054,21,0,2,37
6,720,50.400000,42.984000,1,0,1495711,1074,21,1074,21,0,2,37
6,720,50.400000,42.984000,1,0,1495721,1098,22,1098,22,0,2,37
6,720,50.400000,42.984000,1,0,1495732,1123,25,1123,25,0,2,37
6,720,50.400000,42.984000,1,0,1495743,1150,28,1150,28,0,2,37
6,720,50.400000,42.984000,1,0,1495755,1170,30,1170,30,0,2,37
6,720,50.400000,42.984000,1,0,1495765,1219,35,1219,35,0,2,37
6,720,50.400000,42.984000,1,0,1495777,1234,36,1234,36,0,2,37
6,720,50.400000,42.984000,1,0,1495787,1250,38,1250,38,0,2,37
6,720,50.400000,42.984000,1,0,1495797,1258,38,1258,38,0,2,37
6,720,50.400000,42.984000,1,0,1495808,1264,38,1264,38,0,2,37
6,720,50.400000,42.984000,1,0,1495819,1271,38,1271,38,0,2,37
6,720,50.400000,42.984000,1,0,1495829,1278,39,1278,39,0,2,37
6,720,50.400000,42.984000,1,0,1495839,1284,39,1284,39,0,2,37
6,720,50.400000,42.984000,1,0,1495849,1290,39,1290,39,0,2,37
6,720,50.400000,42.984000,1,0,1495860,1296,39,1296,39,0,2,37
6,720,50.400000,42.984000,1,0,1495870,1301,38,1301,38,0,2,37
6,720,50.400000,42.984000,1,0,1495882,1305,37,1305,37,0,2,37
6,720,50.400000,42.984000,1,0,1495892,1308,37,1308,37,0,2,37
6,720,50.400000,42.984000,1,0,1495902,1310,36,1310,36,0,2,37
6,720,50.400000,42.984000,1,0,1495913,1311,35,1311,35,0,2,37
6,720,50.400000,42.984000,1,0,1495924,1313,35,1313,35,0,2,37
6,720,50.400000,42.984000,1,0,1495934,1315,35,1315,35,0,2,37
6,720,50.400000,42.984000,1,0,1495945,1319,35,1319,35,0,2,37
6,720,50.400000,42.984000,1,0,1495956,1325,34,1325,34,0,2,37
6,720,50.400000,42.984000,1,0,1495967,1330,34,1330,34,0,2,37
6,720,50.400000,42.984000,1,0,1495978,1335,33,1335,33,0,2,37
6,720,50.400000,42.984000,1,0,1495989,1339,32,1339,32,0,2,37
6,720,50.400000,42.984000,1,0,1496000,1341,32,1341,32,0,2,37
6,720,50.400000,42.984000,1,0,1496011,1341,31,1341,31,0,2,37
6,720,50.400000,42.984000,1,0,1496022,1342,30,1342,30,0,2,37
6,720,50.400000,42.984000,1,0,1496032,1342,29,1342,29,0,2,37
6,720,50.400000,42.984000,1,0,1496042,1342,29,1342,29,0,2,37
6,720,50.400000,42.984000,1,0,1496052,1342,28,1342,28,0,2,37
6,720,50.400000,42.984000,1,0,1496062,1342,27,1342,27,0,2,37
6,720,50.400000,42.984000,1,0,1496072,1340,25,1340,25,0,2,37
6,720,50.400000,42.984000,1,0,1496082,1339,24,1339,24,0,2,37
6,720,50.400000,42.984000,1,0,1496093,1338,23,1338,23,0,2,37
6,720,50.400000,42.984000,1,0,1496103,1337,21,1337,21,0,2,37
6,720,50.400000,42.984000,1,0,1496113,1337,20,1337,20,0,2,37
6,720,50.400000,42.984000,1,0,1496123,1336,20,1336,20,0,2,37
6,720,50.400000,42.984000,1,0,1496134,1336,20,1336,20,0,2,37
6,720,50.400000,42.984000,1,0,1496144,1336,20,1336,20,0,2,37
6,720,50.400000,42.984000,1,0,1496154,1335,20,1335,20,0,2,37
6,720,50.400000,42.984000,1,0,1496164,1335,20,1335,20,0,2,37
6,720,50.400000,42.984000,1,0,1496179,1335,19,1335,19,0,2,37
6,720,50.400000,42.984000,1,0,1496189,1335,18,1335,18,0,2,37
6,720,50.400000,42.984000,1,0,1496199,1335,18,1335,18,0,2,37
6,720,50.400000,42.984000,1,0,1496210,1335,18,1335,18,0,2,37
6,720,50.400000,42.984000,1,0,1496219,1335,18,1335,18,0,2,37
6,720,50.400000,42.984000,1,0,1496229,1335,18,1335,18,0,2,37
6,720,50.400000,42.984000,1,0,1496239,1335,18,1335,18,0,2,37
