6,720,21.600000,12.276000,0,0,1626257,600,0,600,0,0,2,119
6,720,21.600000,12.276000,0,0,1626257,600,0,600,0,0,2,119
6,720,21.600000,12.276000,0,0,1626268,600,0,600,0,0,2,119
6,720,21.600000,12.276000,0,0,1626278,600,0,600,0,0,2,119
6,720,21.600000,12.276000,0,0,1626289,601,0,601,0,0,2,119
6,720,21.600000,12.276000,0,0,1626299,603,0,603,0,0,2,119
6,720,21.600000,12.276000,0,0,1626311,606,1,606,1,0,2,119
6,720,21.600000,12.276000,0,0,1626322,613,2,613,2,0,2,119
6,720,21.600000,12.276000,0,0,1626332,626,4,626,4,0,2,119
6,720,21.600000,12.276000,0,0,1626343,641,6,641,6,0,2,119
6,720,21.600000,12.276000,0,0,1626354,665,8,665,8,0,2,119
6,720,21.600000,12.276000,0,0,1626365,695,10,695,10,0,2,119
6,720,21.600000,12.276000,0,0,1626375,732,11,732,11,0,2,119
6,720,21.600000,12.276000,0,0,1626386,775,12,775,12,0,2,119
6,720,21.600000,12.276000,0,0,1626397,832,13,832,13,0,2,119
6,720,21.600000,12.276000,0,0,1626408,876,13,876,13,0,2,119
6,720,21.600000,12.276000,0,0,1626418,926,13,926,13,0,2,119
6,720,21.600000,12.276000,0,0,1626430,966,13,966,13,0,2,119
6,720,21.600000,12.276000,0,0,1626441,1001,13,1001,13,0,2,119
6,720,21.600000,12.276000,0,0,1626451,1030,13,1030,13,0,2,119
6,720,21.600000,12.276000,0,0,1626463,1053,14,1053,14,0,2,119
6,720,21.600000,12.276000,0,0,1626475,1075,14,1075,14,0,2,119
6,720,21.600000,12.276000,0,0,1626485,1097,14,1097,14,0,2,119
6,720,21.600000,12.276000,0,0,1626496,1113,15,1113,15,0,2,119
6,720,21.600000,12.276000,0,0,1626507,1130,16,1130,16,0,2,119
6,720,21.600000,12.276000,0,0,1626518,1145,17,1145,17,0,2,119
6,720,21.600000,12.276000,0,0,1626529,1157,17,1157,17,0,2,119
6,720,21.600000,12.276000,0,0,1626540,1164,17,1164,17,0,2,119
6,720,21.600000,12.276000,0,0,1626551,1168,17,1168,17,0,2,119
6,720,21.600000,12.276000,0,0,1626562,1174,17,1174,17,0,2,119
6,720,21.600000,12.276000,0,0,1626572,1175,17,1175,17,0,2,119
6,720,21.600000,12.276000,0,0,1626583,1177,17,1177,17,0,2,119
6,720,21.600000,12.276000,0,0,1626593,1179,17,1179,17,0,2,119
6,720,21.600000,12.276000,0,0,1626603,1181,16,1181,16,0,2,119
6,720,21.600000,12.276000,0,0,1626614,1183,16,1183,16,0,2,119
6,720,21.600000,12.276000,0,0,1626624,1183,15,1183,15,0,2,119
6,720,21.600000,12.276000,0,0,1626635,1183,15,1183,15,0,2,119
6,720,21.600000,12.276000,0,0,1626645,1183,15,1183,15,0,2,119
6,720,21.600000,12.276000,0,0,1626655,1184,15,1184,15,0,2,119
6,720,21.600000,12.276000,0,0,1626666,1187,15,1187,15,0,2,119
6,720,21.600000,12.276000,0,0,1626677,1192,15,1192,15,0,2,119
6,720,21.600000,12.276000,0,0,1626686,1200,14,1200,14,0,2,119
6,720,21.600000,12.276000,0,0,1626697,1209,14,1209,14,0,2,119
6,720,21.600000,12.276000,0,0,1626707,1220,14,1220,14,0,2,119
6,720,21.600000,12.276000,0,0,1626718,1231,14,1231,14,0,2,119
6,720,21.600000,12.276000,0,0,1626729,1245,14,1245,14,0,2,119
6,720,21.600000,12.276000,0,0,1626740,1254,13,1254,13,0,2,119
6,720,21.600000,12.276000,0,0,1626750,1263,12,1263,12,0,2,119
6,720,21.600000,12.276000,0,0,1626761,1269,12,1269,12,0,2,119
6,720,21.600000,12.276000,0,0,1626772,1274,11,1274,11,0,2,119
6,720,21.600000,12.276000,0,0,1626782,1280,11,1280,11,0,2,119
6,720,21.600000,12.276000,0,0,1626792,1285,11,1285,11,0,2,119
6,720,21.600000,12.276000,0,0,1626804,1291,11,1291,11,0,2,119
6,720,21.600000,12.276000,0,0,1626817,1298,11,1298,11,0,2,119
6,720,21.600000,12.276000,0,0,1626828,1307,11,1307,11,0,2,119
6,720,21.600000,12.276000,0,0,1626838,1312,10,1312,10,0,2,119
6,720,21.600000,12.276000,0,0,1626849,1314,10,1314,10,0,2,119
6,720,21.600000,12.276000,0,0,1626859,1314,10,1314,10,0,2,119
6,720,21.600000,12.276000,0,0,1626869,1315,10,1315,10,0,2,119
6,720,21.600000,12.276000,0,0,1626879,1315,10,1315,10,0,2,119
6,720,21.600000,12.276000,0,0,1626889,1315,10,1315,10,0,2,119
6,720,21.600000,12.276000,0,0,1626900,1315,10,1315,10,0,2,119
6,720,21.600000,12.276000,0,0,1626910,1315,10,1315,10,0,2,119
6,720,21.600000,12.276000,0,0,1626920,1315,10,1315,10,0,2,119
6,720,21.600000,12.276000,0,0,1626930,1315,10,1315,10,0,2,119
6,720,21.600000,12.276000,0,0,1626940,1315,10,1315,10,0,2,119
6,720,21.600000,12.276000,0,0,1626950,1316,10,1316,10,0,2,119
6,720,21.600000,12.276000,0,0,1626961,1318,10,1318,10,0,2,119
6,720,21.600000,12.276000,0,0,1626971,1318,10,1318,10,0,2,119
6,720,21.600000,12.276000,0,0,1626981,1319,10,1319,10,0,2,119
6,720,21.600000,12.276000,0,0,1626992,1319,10,1319,10,0,2,119
6,720,21.600000,12.276000,0,0,1627002,1319,10,1319,10,0,2,119
6,720,21.600000,12.276000,0,0,1627012,1319,10,1319,10,0,2,119
6,720,21.600000,12.276000,0,0,1627023,1319,10,1319,10,0,2,119
6,720,21.600000,12.276000,0,0,1627033,1319,10,1319,10,0,2,119
6,720,21.600000,12.276000,0,0,1627043,1319,10,1319,10,0,2,119
6,720,21.600000,12.276000,0,0,1627053,1319,10,1319,10,0,2,119
6,720,21.600000,12.276000,0,0,1627064,1319,10,1319,10,0,2,119
6,720,21.600000,12.276000,0,0,1627073,1319,10,1319,10,0,2,119
