6,360,21.600000,10000.000000,0,1,1597177,780,22,780,22,0,2,100
6,360,21.600000,10000.000000,0,1,1597178,780,22,780,22,0,2,100
6,360,21.600000,10000.000000,0,1,1597189,781,23,781,23,0,2,100
6,360,21.600000,10000.000000,0,1,1597200,784,24,784,24,0,2,100
6,360,21.600000,10000.000000,0,1,1597212,792,24,792,24,0,2,100
6,360,21.600000,10000.000000,0,1,1597222,804,25,804,25,0,2,100
6,360,21.600000,10000.000000,0,1,1597234,821,26,821,26,0,2,100
6,360,21.600000,10000.000000,0,1,1597246,844,27,844,27,0,2,100
6,360,21.600000,10000.000000,0,1,1597259,872,29,872,29,0,2,100
6,360,21.600000,10000.000000,0,1,1597272,905,32,905,32,0,2,100
6,360,21.600000,10000.000000,0,1,1597284,943,35,943,35,0,2,100
6,360,21.600000,10000.000000,0,1,1597297,977,37,977,37,0,2,100
6,360,21.600000,10000.000000,0,1,1597308,1002,39,1002,39,0,2,100
6,360,21.600000,10000.000000,0,1,1597319,1019,41,1019,41,0,2,100
6,360,21.600000,10000.000000,0,1,1597330,1032,41,1032,41,0,2,100
6,360,21.600000,10000.000000,0,1,1597341,1041,41,1041,41,0,2,100
6,360,21.600000,10000.000000,0,1,1597353,1048,41,1048,41,0,2,100
6,360,21.600000,10000.000000,0,1,1597364,1055,42,1055,42,0,2,100
6,360,21.600000,10000.000000,0,1,1597376,1062,42,1062,42,0,2,100
6,360,21.600000,10000.000000,0,1,1597387,1069,42,1069,42,0,2,100
6,360,21.600000,10000.000000,0,1,1597398,1078,42,1078,42,0,2,100
6,360,21.600000,10000.000000,0,1,1597409,1088,42,1088,42,0,2,100
6,360,21.600000,10000.000000,0,1,1597421,1098,42,1098,42,0,2,100
6,360,21.600000,10000.000000,0,1,1597431,1109,41,1109,41,0,2,100
6,360,21.600000,10000.000000,0,1,1597442,1119,39,1119,39,0,2,100
6,360,21.600000,10000.000000,0,1,1597453,1124,39,1124,39,0,2,100
6,360,21.600000,10000.000000,0,1,1597464,1125,38,1125,38,0,2,100
6,360,21.600000,10000.000000,0,1,1597475,1125,38,1125,38,0,2,100
6,360,21.600000,10000.000000,0,1,1597485,1125,38,1125,38,0,2,100
6,360,21.600000,10000.000000,0,1,1597495,1125,38,1125,38,0,2,100
6,360,21.600000,10000.000000,0,1,1597506,1125,37,1125,37,0,2,100
6,360,21.600000,10000.000000,0,1,1597516,1125,37,1125,37,0,2,100
6,360,21.600000,10000.000000,0,1,1597527,1126,37,1126,37,0,2,100
6,360,21.600000,10000.000000,0,1,1597537,1127,35,1127,35,0,2,100
6,360,21.600000,10000.000000,0,1,1597548,1128,34,1128,34,0,2,100
6,360,21.600000,10000.000000,0,1,1597559,1129,32,1129,32,0,2,100
6,360,21.600000,10000.000000,0,1,1597570,1132,30,1132,30,0,2,100
6,360,21.600000,10000.000000,0,1,1597582,1135,27,1135,27,0,2,100
6,360,21.600000,10000.000000,0,1,1597592,1137,25,1137,25,0,2,100
6,360,21.600000,10000.000000,0,1,1597605,1138,23,1138,23,0,2,100
6,360,21.600000,10000.000000,0,1,1597615,1142,19,1142,19,0,2,100
6,360,21.600000,10000.000000,0,1,1597625,1144,16,1144,16,0,2,100
6,360,21.600000,10000.000000,0,1,1597636,1146,15,1146,15,0,2,100
6,360,21.600000,10000.000000,0,1,1597646,1147,13,1147,13,0,2,100
6,360,21.600000,10000.000000,0,1,1597657,1148,12,1148,12,0,2,100
6,360,21.600000,10000.000000,0,1,1597667,1148,11,1148,11,0,2,100
6,360,21.600000,10000.000000,0,1,1597678,1148,11,1148,11,0,2,100
6,360,21.600000,10000.000000,0,1,1597690,1148,11,1148,11,0,2,100
6,360,21.600000,10000.000000,0,1,1597701,1148,11,1148,11,0,2,100
6,360,21.600000,10000.000000,0,1,1597711,1148,11,1148,11,0,2,100
6,360,21.600000,10000.000000,0,1,1597722,1148,11,1148,11,0,2,100
6,360,21.600000,10000.000000,0,1,1597733,1148,11,1148,11,0,2,100
6,360,21.600000,10000.000000,0,1,1597744,1148,11,1148,11,0,2,100
6,360,21.600000,10000.000000,0,1,1597755,1148,11,1148,11,0,2,100
6,360,21.600000,10000.000000,0,1,1597765,1148,11,1148,11,0,2,100
6,360,21.600000,10000.000000,0,1,1597775,1148,11,1148,11,0,2,100
6,360,21.600000,10000.000000,0,1,1597785,1148,11,1148,11,0,2,100
