6,360,50.400000,10000.000000,0,0,1602593,780,0,780,0,0,2,104
6,360,50.400000,10000.000000,0,0,1602594,780,0,780,0,0,2,104
6,360,50.400000,10000.000000,0,0,1602604,783,0,783,0,0,2,104
6,360,50.400000,10000.000000,0,0,1602615,787,0,787,0,0,2,104
6,360,50.400000,10000.000000,0,0,1602626,792,0,792,0,0,2,104
6,360,50.400000,10000.000000,0,0,1602637,800,1,800,1,0,2,104
6,360,50.400000,10000.000000,0,0,1602648,815,2,815,2,0,2,104
6,360,50.400000,10000.000000,0,0,1602660,833,4,833,4,0,2,104
6,360,50.400000,10000.000000,0,0,1602674,856,6,856,6,0,2,104
6,360,50.400000,10000.000000,0,0,1602688,888,8,888,8,0,2,104
6,360,50.400000,10000.000000,0,0,1602704,924,9,924,9,0,2,104
6,360,50.400000,10000.000000,0,0,1602714,962,10,962,10,0,2,104
6,360,50.400000,10000.000000,0,0,1602724,986,10,986,10,0,2,104
6,360,50.400000,10000.000000,0,0,1602735,1007,10,1007,10,0,2,104
6,360,50.400000,10000.000000,0,0,1602745,1025,7,1025,7,0,2,104
6,360,50.400000,10000.000000,0,0,1602756,1040,5,1040,5,0,2,104
6,360,50.400000,10000.000000,0,0,1602768,1050,3,1050,3,0,2,104
6,360,50.400000,10000.000000,0,0,1602779,1060,1,1060,1,0,2,104
6,360,50.400000,10000.000000,0,0,1602789,1070,0,1070,-1,0,2,104
6,360,50.400000,10000.000000,0,0,1602800,1079,0,1079,-2,0,2,104
6,360,50.400000,10000.000000,0,0,1602812,1086,0,1086,-3,0,2,104
6,360,50.400000,10000.000000,0,0,1602822,1094,0,1094,-4,0,2,104
6,360,50.400000,10000.000000,0,0,1602833,1099,0,1099,-5,0,2,104
6,360,50.400000,10000.000000,0,0,1602843,1103,0,1103,-6,0,2,104
6,360,50.400000,10000.000000,0,0,1602854,1106,0,1106,-7,0,2,104
6,360,50.400000,10000.000000,0,0,1602864,1107,0,1107,-7,0,2,104
6,360,50.400000,10000.000000,0,0,1602875,1108,0,1108,-7,0,2,104
6,360,50.400000,10000.000000,0,0,1602886,1108,0,1108,-8,0,2,104
6,360,50.400000,10000.000000,0,0,1602896,1110,0,1110,-8,0,2,104
6,360,50.400000,10000.000000,0,0,1602907,1113,0,1113,-8,0,2,104
6,360,50.400000,10000.000000,0,0,1602918,1117,0,1117,-8,0,2,104
6,360,50.400000,10000.000000,0,0,1602929,1121,0,1121,-9,0,2,104
6,360,50.400000,10000.000000,0,0,1602939,1124,0,1124,-9,0,2,104
6,360,50.400000,10000.000000,0,0,1602949,1125,0,1125,-9,0,2,104
6,360,50.400000,10000.000000,0,0,1602960,1126,0,1126,-9,0,2,104
6,360,50.400000,10000.000000,0,0,1602970,1126,0,1126,-9,0,2,104
6,360,50.400000,10000.000000,0,0,1602980,1126,0,1126,-9,0,2,104
6,360,50.400000,10000.000000,0,0,1602991,1126,0,1126,-9,0,2,104
6,360,50.400000,10000.000000,0,0,1603001,1126,0,1126,-9,0,2,104
6,360,50.400000,10000.000000,0,0,1603011,1126,0,1126,-9,0,2,104
6,360,50.400000,10000.000000,0,0,1603021,1126,0,1126,-9,0,2,104
6,360,50.400000,10000.000000,0,0,1603031,1126,0,1126,-9,0,2,104
6,360,50.400000,10000.000000,0,0,1603041,1126,0,1126,-9,0,2,104
6,360,50.400000,10000.000000,0,0,1603052,1126,0,1126,-9,0,2,104
6,360,50.400000,10000.000000,0,0,1603061,1126,0,1126,-9,0,2,104
