6,360,50.400000,22.608000,0,0,1500860,780,0,780,0,0,2,40
6,360,50.400000,22.608000,0,0,1500861,780,0,780,0,0,2,40
6,360,50.400000,22.608000,0,0,1500871,780,0,780,0,0,2,40
6,360,50.400000,22.608000,0,0,1500881,780,0,780,0,0,2,40
6,360,50.400000,22.608000,0,0,1500891,780,0,780,0,0,2,40
6,360,50.400000,22.608000,0,0,1500901,780,0,780,0,0,2,40
6,360,50.400000,22.608000,0,0,1500911,780,0,780,0,0,2,40
6,360,50.400000,22.608000,0,0,1500921,780,0,780,0,0,2,40
6,360,50.400000,22.608000,0,0,1500932,780,0,780,0,0,2,40
6,360,50.400000,22.608000,0,0,1500942,780,0,780,0,0,2,40
6,360,50.400000,22.608000,0,0,1500951,780,0,780,0,0,2,40
6,360,50.400000,22.608000,0,0,1500961,780,0,780,0,0,2,40
6,360,50.400000,22.608000,0,0,1500971,780,0,780,0,0,2,40
6,360,50.400000,22.608000,0,0,1500981,780,0,780,0,0,2,40
6,360,50.400000,22.608000,0,0,1500991,780,0,780,0,0,2,40
6,360,50.400000,22.608000,0,0,1501001,780,0,780,0,0,2,40
6,360,50.400000,22.608000,0,0,1501011,780,0,780,0,0,2,40
6,360,50.400000,22.608000,0,0,1501023,780,0,780,0,0,2,40
6,360,50.400000,22.608000,0,0,1501033,780,0,780,0,0,2,40
6,360,50.400000,22.608000,0,0,1501043,782,0,782,0,0,2,40
6,360,50.400000,22.608000,0,0,1501054,785,0,785,0,0,2,40
6,360,50.400000,22.608000,0,0,1501064,790,0,790,0,0,2,40
6,360,50.400000,22.608000,0,0,1501075,795,0,795,0,0,2,40
6,360,50.400000,22.608000,0,0,1501085,803,0,803,0,0,2,40
6,360,50.400000,22.608000,0,0,1501096,815,0,815,0,0,2,40
6,360,50.400000,22.608000,0,0,1501107,833,0,833,0,0,2,40
6,360,50.400000,22.608000,0,0,1501117,851,0,851,0,0,2,40
6,360,50.400000,22.608000,0,0,1501128,878,0,878,0,0,2,40
6,360,50.400000,22.608000,0,0,1501139,911,0,911,0,0,2,40
6,360,50.400000,22.608000,0,0,1501149,942,0,942,0,0,2,40
6,360,50.400000,22.608000,0,0,1501159,978,3,978,3,0,2,40
6,360,50.400000,22.608000,0,0,1501170,1014,7,1014,7,0,2,40
6,360,50.400000,22.608000,0,0,1501181,1053,10,1053,10,0,2,40
6,360,50.400000,22.608000,0,0,1501192,1087,12,1087,12,0,2,40
6,360,50.400000,22.608000,0,0,1501204,1109,13,1109,13,0,2,40
6,360,50.400000,22.608000,0,0,1501215,1130,12,1130,12,0,2,40
6,360,50.400000,22.608000,0,0,1501225,1140,10,1140,10,0,2,40
6,360,50.400000,22.608000,0,0,1501237,1148,8,1148,8,0,2,40
6,360,50.400000,22.608000,0,0,1501248,1155,5,1155,5,0,2,40
6,360,50.400000,22.608000,0,0,1501258,1163,3,1163,3,0,2,40
6,360,50.400000,22.608000,0,0,1501269,1170,2,1170,2,0,2,40
6,360,50.400000,22.608000,0,0,1501279,1175,1,1175,1,0,2,40
6,360,50.400000,22.608000,0,0,1501290,1180,0,1180,0,0,2,40
6,360,50.400000,22.608000,0,0,1501301,1184,0,1184,-1,0,2,40
6,360,50.400000,22.608000,0,0,1501312,1187,0,1187,-1,0,2,40
6,360,50.400000,22.608000,0,0,1501323,1189,0,1189,-2,0,2,40
6,360,50.400000,22.608000,0,0,1501333,1191,0,1191,-2,0,2,40
6,360,50.400000,22.608000,0,0,1501343,1195,0,1195,-3,0,2,40
6,360,50.400000,22.608000,0,0,1501354,1200,0,1200,-3,0,2,40
6,360,50.400000,22.608000,0,0,1501364,1205,0,1205,-5,0,2,40
6,360,50.400000,22.608000,0,0,1501375,1209,0,1209,-5,0,2,40
6,360,50.400000,22.608000,0,0,1501384,1213,0,1213,-6,0,2,40
6,360,50.400000,22.608000,0,0,1501394,1215,0,1215,-7,0,2,40
6,360,50.400000,22.608000,0,0,1501404,1216,0,1216,-7,0,2,40
6,360,50.400000,22.608000,0,0,1501415,1216,0,1216,-7,0,2,40
6,360,50.400000,22.608000,0,0,1501425,1216,0,1216,-7,0,2,40
6,360,50.400000,22.608000,0,0,1501435,1216,0,1216,-7,0,2,40
6,360,50.400000,22.608000,0,0,1501444,1216,0,1216,-7,0,2,40
6,360,50.400000,22.608000,0,0,1501454,1216,0,1216,-7,0,2,40
6,360,50.400000,22.608000,0,0,1501464,1215,0,1215,-7,0,2,40
6,360,50.400000,22.608000,0,0,1501474,1214,1,1214,-6,0,2,40
6,360,50.400000,22.608000,0,0,1501485,1212,2,1212,-5,0,2,40
6,360,50.400000,22.608000,0,0,1501497,1209,4,1209,-3,0,2,40
6,360,50.400000,22.608000,0,0,1501507,1201,6,1201,-1,0,2,40
6,360,50.400000,22.608000,0,0,1501518,1193,8,1193,1,0,2,40
6,360,50.400000,22.608000,0,0,1501530,1184,9,1184,2,0,2,40
6,360,50.400000,22.608000,0,0,1501542,1177,11,1177,4,0,2,40
6,360,50.400000,22.608000,0,0,1501552,1172,12,1172,5,0,2,40
6,360,50.400000,22.608000,0,0,1501562,1171,12,1171,5,0,2,40
6,360,50.400000,22.608000,0,0,1501572,1171,12,1171,5,0,2,40
6,360,50.400000,22.608000,0,0,1501582,1171,12,1171,5,0,2,40
6,360,50.400000,22.608000,0,0,1501591,1171,12,1171,5,0,2,40
6,360,50.400000,22.608000,0,0,1501606,1171,12,1171,5,0,2,40
6,360,50.400000,22.608000,0,0,1501617,1170,12,1170,5,0,2,40
6,360,50.400000,22.608000,0,0,1501628,1169,12,1169,5,0,2,40
6,360,50.400000,22.608000,0,0,1501637,1168,12,1168,5,0,2,40
6,360,50.400000,22.608000,0,0,1501647,1167,12,1167,5,0,2,40
6,360,50.400000,22.608000,0,0,1501657,1167,12,1167,5,0,2,40
6,360,50.400000,22.608000,0,0,1501667,1167,12,1167,5,0,2,40
6,360,50.400000,22.608000,0,0,1501677,1167,12,1167,5,0,2,40
6,360,50.400000,22.608000,0,0,1501687,1167,12,1167,5,0,2,40
6,360,50.400000,22.608000,0,0,1501701,1167,12,1167,5,0,2,40
6,360,50.400000,22.608000,0,0,1501717,1167,12,1167,5,0,2,40
6,360,50.400000,22.608000,0,0,1501734,1167,12,1167,5,0,2,40
6,360,50.400000,22.608000,0,0,1501749,1167,12,1167,5,0,2,40
6,360,50.400000,22.608000,0,0,1501759,1167,12,1167,5,1,2,40
