6,720,82.800000,0.000000,1,1,1676304,600,22,600,22,0,3,31
6,720,82.800000,0.000000,1,1,1676305,600,22,600,22,0,3,31
6,720,82.800000,0.000000,1,1,1676315,601,22,601,22,0,3,31
6,720,82.800000,0.000000,1,1,1676326,602,22,602,22,0,3,31
6,720,82.800000,0.000000,1,1,1676341,604,22,604,22,0,3,31
6,720,82.800000,0.000000,1,1,1676356,609,22,609,22,0,3,31
6,720,82.800000,0.000000,1,1,1676367,619,24,619,24,0,3,31
6,720,82.800000,0.000000,1,1,1676378,629,25,629,25,0,3,31
6,720,82.800000,0.000000,1,1,1676389,646,26,646,26,0,3,31
6,720,82.800000,0.000000,1,1,1676400,665,27,665,27,0,3,31
6,720,82.800000,0.000000,1,1,1676412,694,28,694,28,0,3,31
6,720,82.800000,0.000000,1,1,1676423,727,30,727,30,0,3,31
6,720,82.800000,0.000000,1,1,1676434,760,30,760,30,0,3,31
6,720,82.800000,0.000000,1,1,1676445,806,30,806,30,0,3,31
6,720,82.800000,0.000000,1,1,1676456,849,30,849,30,0,3,31
6,720,82.800000,0.000000,1,1,1676467,908,28,908,28,0,3,31
6,720,82.800000,0.000000,1,1,1676478,953,27,953,27,0,3,31
6,720,82.800000,0.000000,1,1,1676488,1001,27,1001,27,0,3,31
6,720,82.800000,0.000000,1,1,1676498,1037,26,1037,26,0,3,31
6,720,82.800000,0.000000,1,1,1676509,1075,26,1075,26,0,3,31
6,720,82.800000,0.000000,1,1,1676520,1113,26,1113,26,0,3,31
6,720,82.800000,0.000000,1,1,1676530,1145,27,1145,27,0,3,31
6,720,82.800000,0.000000,1,1,1676542,1167,27,1167,27,0,3,31
6,720,82.800000,0.000000,1,1,1676553,1187,28,1187,28,0,3,31
6,720,82.800000,0.000000,1,1,1676563,1198,29,1198,29,0,3,31
6,720,82.800000,0.000000,1,1,1676574,1206,30,1206,30,0,3,31
6,720,82.800000,0.000000,1,1,1676585,1214,30,1214,30,0,3,31
6,720,82.800000,0.000000,1,1,1676595,1218,30,1218,30,0,3,31
6,720,82.800000,0.000000,1,1,1676606,1221,30,1221,30,0,3,31
6,720,82.800000,0.000000,1,1,1676617,1223,31,1223,31,0,3,31
6,720,82.800000,0.000000,1,1,1676627,1227,31,1227,31,0,3,31
6,720,82.800000,0.000000,1,1,1676638,1233,32,1233,32,0,3,31
6,720,82.800000,0.000000,1,1,1676649,1239,33,1239,33,0,3,31
6,720,82.800000,0.000000,1,1,1676660,1246,35,1246,35,0,3,31
6,720,82.800000,0.000000,1,1,1676671,1253,36,1253,36,0,3,31
6,720,82.800000,0.000000,1,1,1676683,1259,36,1259,36,0,3,31
6,720,82.800000,0.000000,1,1,1676694,1263,37,1263,37,0,3,31
6,720,82.800000,0.000000,1,1,1676706,1266,37,1266,37,0,3,31
6,720,82.800000,0.000000,1,1,1676716,1270,37,1270,37,0,3,31
6,720,82.800000,0.000000,1,1,1676727,1270,37,1270,37,0,3,31
6,720,82.800000,0.000000,1,1,1676737,1270,37,1270,37,0,3,31
6,720,82.800000,0.000000,1,1,1676753,1270,37,1270,37,0,3,31
6,720,82.800000,0.000000,1,1,1676763,1271,37,1271,37,0,3,31
6,720,82.800000,0.000000,1,1,1676774,1272,37,1272,37,0,3,31
6,720,82.800000,0.000000,1,1,1676784,1274,37,1274,37,0,3,31
6,720,82.800000,0.000000,1,1,1676795,1277,36,1277,36,0,3,31
6,720,82.800000,0.000000,1,1,1676806,1279,35,1279,35,0,3,31
6,720,82.800000,0.000000,1,1,1676817,1282,34,1282,34,0,3,31
6,720,82.800000,0.000000,1,1,1676828,1285,33,1285,33,0,3,31
6,720,82.800000,0.000000,1,1,1676838,1288,31,1288,31,0,3,31
6,720,82.800000,0.000000,1,1,1676849,1289,28,1289,28,0,3,31
6,720,82.800000,0.000000,1,1,1676860,1290,27,1290,27,0,3,31
6,720,82.800000,0.000000,1,1,1676870,1292,26,1292,26,0,3,31
6,720,82.800000,0.000000,1,1,1676880,1292,25,1292,25,0,3,31
6,720,82.800000,0.000000,1,1,1676891,1292,24,1292,24,0,3,31
6,720,82.800000,0.000000,1,1,1676901,1292,22,1292,22,0,3,31
6,720,82.800000,0.000000,1,1,1676912,1292,20,1292,20,0,3,31
6,720,82.800000,0.000000,1,1,1676927,1292,20,1292,20,0,3,31
6,720,82.800000,0.000000,1,1,1676937,1292,20,1292,20,0,3,31
6,720,82.800000,0.000000,1,1,1676947,1292,19,1292,19,0,3,31
6,720,82.800000,0.000000,1,1,1676958,1292,18,1292,18,0,3,31
6,720,82.800000,0.000000,1,1,1676968,1292,17,1292,17,0,3,31
6,720,82.800000,0.000000,1,1,1676978,1292,16,1292,16,0,3,31
6,720,82.800000,0.000000,1,1,1676989,1292,16,1292,16,0,3,31
6,720,82.800000,0.000000,1,1,1676998,1293,15,1293,15,0,3,31
6,720,82.800000,0.000000,1,1,1677009,1294,14,1294,14,0,3,31
6,720,82.800000,0.000000,1,1,1677019,1294,14,1294,14,0,3,31
6,720,82.800000,0.000000,1,1,1677030,1294,14,1294,14,0,3,31
6,720,82.800000,0.000000,1,1,1677040,1294,14,1294,14,0,3,31
6,720,82.800000,0.000000,1,1,1677051,1294,14,1294,14,0,3,31
6,720,82.800000,0.000000,1,1,1677061,1294,14,1294,14,0,3,31
6,720,82.800000,0.000000,1,1,1677071,1295,13,1295,13,0,3,31
6,720,82.800000,0.000000,1,1,1677080,1295,13,1295,13,0,3,31
6,720,82.800000,0.000000,1,1,1677089,1295,13,1295,13,0,3,31
6,720,82.800000,0.000000,1,1,1677100,1295,13,1295,13,0,3,31
