6,720,82.800000,10000.000000,1,0,1681827,600,0,600,0,0,3,35
6,720,82.800000,10000.000000,1,0,1681828,600,0,600,0,0,3,35
6,720,82.800000,10000.000000,1,0,1681839,604,1,604,1,0,3,35
6,720,82.800000,10000.000000,1,0,1681850,610,2,610,2,0,3,35
6,720,82.800000,10000.000000,1,0,1681862,621,3,621,3,0,3,35
6,720,82.800000,10000.000000,1,0,1681872,635,4,635,4,0,3,35
6,720,82.800000,10000.000000,1,0,1681884,655,5,655,5,0,3,35
6,720,82.800000,10000.000000,1,0,1681895,678,6,678,6,0,3,35
6,720,82.800000,10000.000000,1,0,1681906,704,7,704,7,0,3,35
6,720,82.800000,10000.000000,1,0,1681918,728,7,728,7,0,3,35
6,720,82.800000,10000.000000,1,0,1681929,757,9,757,9,0,3,35
6,720,82.800000,10000.000000,1,0,1681940,787,10,787,10,0,3,35
6,720,82.800000,10000.000000,1,0,1681950,818,11,818,11,0,3,35
6,720,82.800000,10000.000000,1,0,1681961,850,11,850,11,0,3,35
6,720,82.800000,10000.000000,1,0,1681972,883,11,883,11,0,3,35
6,720,82.800000,10000.000000,1,0,1681983,924,10,924,10,0,3,35
6,720,82.800000,10000.000000,1,0,1681994,961,8,961,8,0,3,35
6,720,82.800000,10000.000000,1,0,1682005,1003,6,1003,6,0,3,35
6,720,82.800000,10000.000000,1,0,1682016,1037,5,1037,5,0,3,35
6,720,82.800000,10000.000000,1,0,1682026,1069,4,1069,4,0,3,35
6,720,82.800000,10000.000000,1,0,1682039,1088,4,1088,4,0,3,35
6,720,82.800000,10000.000000,1,0,1682050,1109,4,1109,4,0,3,35
6,720,82.800000,10000.000000,1,0,1682061,1122,4,1122,4,0,3,35
6,720,82.800000,10000.000000,1,0,1682072,1133,4,1133,4,0,3,35
6,720,82.800000,10000.000000,1,0,1682083,1143,4,1143,4,0,3,35
6,720,82.800000,10000.000000,1,0,1682094,1152,4,1152,4,0,3,35
6,720,82.800000,10000.000000,1,0,1682105,1157,3,1157,3,0,3,35
6,720,82.800000,10000.000000,1,0,1682115,1160,3,1160,3,0,3,35
6,720,82.800000,10000.000000,1,0,1682125,1161,2,1161,2,0,3,35
6,720,82.800000,10000.000000,1,0,1682138,1163,1,1163,1,0,3,35
6,720,82.800000,10000.000000,1,0,1682149,1166,1,1166,1,0,3,35
6,720,82.800000,10000.000000,1,0,1682160,1169,1,1169,1,0,3,35
6,720,82.800000,10000.000000,1,0,1682171,1173,1,1173,1,0,3,35
6,720,82.800000,10000.000000,1,0,1682182,1178,0,1178,0,0,3,35
6,720,82.800000,10000.000000,1,0,1682192,1184,0,1184,-1,0,3,35
6,720,82.800000,10000.000000,1,0,1682203,1190,0,1190,-2,0,3,35
6,720,82.800000,10000.000000,1,0,1682215,1195,0,1195,-2,0,3,35
6,720,82.800000,10000.000000,1,0,1682225,1202,0,1202,-3,0,3,35
6,720,82.800000,10000.000000,1,0,1682236,1209,0,1209,-4,0,3,35
6,720,82.800000,10000.000000,1,0,1682246,1218,0,1218,-4,0,3,35
6,720,82.800000,10000.000000,1,0,1682256,1229,0,1229,-4,0,3,35
6,720,82.800000,10000.000000,1,0,1682267,1241,0,1241,-5,0,3,35
6,720,82.800000,10000.000000,1,0,1682277,1253,0,1253,-6,0,3,35
6,720,82.800000,10000.000000,1,0,1682288,1265,0,1265,-7,0,3,35
6,720,82.800000,10000.000000,1,0,1682298,1275,0,1275,-7,0,3,35
6,720,82.800000,10000.000000,1,0,1682308,1283,0,1283,-8,0,3,35
6,720,82.800000,10000.000000,1,0,1682319,1291,0,1291,-8,0,3,35
6,720,82.800000,10000.000000,1,0,1682329,1297,0,1297,-8,0,3,35
6,720,82.800000,10000.000000,1,0,1682340,1303,0,1303,-8,0,3,35
6,720,82.800000,10000.000000,1,0,1682353,1307,0,1307,-8,0,3,35
6,720,82.800000,10000.000000,1,0,1682364,1309,0,1309,-8,0,3,35
6,720,82.800000,10000.000000,1,0,1682374,1310,0,1310,-8,0,3,35
6,720,82.800000,10000.000000,1,0,1682384,1311,0,1311,-8,0,3,35
6,720,82.800000,10000.000000,1,0,1682395,1312,0,1312,-8,0,3,35
6,720,82.800000,10000.000000,1,0,1682405,1312,0,1312,-8,0,3,35
6,720,82.800000,10000.000000,1,0,1682416,1312,0,1312,-8,0,3,35
6,720,82.800000,10000.000000,1,0,1682427,1312,0,1312,-8,0,3,35
6,720,82.800000,10000.000000,1,0,1682437,1312,0,1312,-8,0,3,35
6,720,82.800000,10000.000000,1,0,1682447,1312,0,1312,-8,0,3,35
6,720,82.800000,10000.000000,1,0,1682456,1312,0,1312,-8,0,3,35
6,720,82.800000,10000.000000,1,0,1682466,1312,0,1312,-8,0,3,35
6,720,82.800000,10000.000000,1,0,1682476,1312,0,1312,-8,0,3,35
