6,720,21.600000,42.984000,0,1,1648196,600,22,600,22,0,3,13
6,720,21.600000,42.984000,0,1,1648196,600,22,600,22,0,3,13
6,720,21.600000,42.984000,0,1,1648207,600,22,600,22,0,3,13
6,720,21.600000,42.984000,0,1,1648221,600,22,600,22,0,3,13
6,720,21.600000,42.984000,0,1,1648236,600,22,600,22,0,3,13
6,720,21.600000,42.984000,0,1,1648246,600,22,600,22,0,3,13
6,720,21.600000,42.984000,0,1,1648256,600,22,600,22,0,3,13
6,720,21.600000,42.984000,0,1,1648266,600,22,600,22,0,3,13
6,720,21.600000,42.984000,0,1,1648277,601,22,601,22,0,3,13
6,720,21.600000,42.984000,0,1,1648287,604,22,604,22,0,3,13
6,720,21.600000,42.984000,0,1,1648298,609,22,609,22,0,3,13
6,720,21.600000,42.984000,0,1,1648310,617,23,617,23,0,3,13
6,720,21.600000,42.984000,0,1,1648320,628,23,628,23,0,3,13
6,720,21.600000,42.984000,0,1,1648330,640,24,640,24,0,3,13
6,720,21.600000,42.984000,0,1,1648341,654,24,654,24,0,3,13
6,720,21.600000,42.984000,0,1,1648352,678,24,678,24,0,3,13
6,720,21.600000,42.984000,0,1,1648363,701,24,701,24,0,3,13
6,720,21.600000,42.984000,0,1,1648374,734,21,734,21,0,3,13
6,720,21.600000,42.984000,0,1,1648384,772,20,772,20,0,3,13
6,720,21.600000,42.984000,0,1,1648395,823,17,823,17,0,3,13
6,720,21.600000,42.984000,0,1,1648406,882,14,882,14,0,3,13
6,720,21.600000,42.984000,0,1,1648416,932,12,932,12,0,3,13
6,720,21.600000,42.984000,0,1,1648427,971,10,971,10,0,3,13
6,720,21.600000,42.984000,0,1,1648438,1013,9,1013,9,0,3,13
6,720,21.600000,42.984000,0,1,1648449,1043,9,1043,9,0,3,13
6,720,21.600000,42.984000,0,1,1648459,1071,9,1071,9,0,3,13
6,720,21.600000,42.984000,0,1,1648470,1093,9,1093,9,0,3,13
6,720,21.600000,42.984000,0,1,1648480,1112,9,1112,9,0,3,13
6,720,21.600000,42.984000,0,1,1648491,1129,9,1129,9,0,3,13
6,720,21.600000,42.984000,0,1,1648501,1141,10,1141,10,0,3,13
6,720,21.600000,42.984000,0,1,1648511,1149,10,1149,10,0,3,13
6,720,21.600000,42.984000,0,1,1648522,1155,10,1155,10,0,3,13
6,720,21.600000,42.984000,0,1,1648533,1160,10,1160,10,0,3,13
6,720,21.600000,42.984000,0,1,1648544,1165,10,1165,10,0,3,13
6,720,21.600000,42.984000,0,1,1648555,1171,10,1171,10,0,3,13
6,720,21.600000,42.984000,0,1,1648566,1177,10,1177,10,0,3,13
6,720,21.600000,42.984000,0,1,1648576,1184,10,1184,10,0,3,13
6,720,21.600000,42.984000,0,1,1648587,1191,10,1191,10,0,3,13
6,720,21.600000,42.984000,0,1,1648597,1201,10,1201,10,0,3,13
6,720,21.600000,42.984000,0,1,1648607,1211,10,1211,10,0,3,13
6,720,21.600000,42.984000,0,1,1648619,1222,10,1222,10,0,3,13
6,720,21.600000,42.984000,0,1,1648629,1229,10,1229,10,0,3,13
6,720,21.600000,42.984000,0,1,1648640,1230,10,1230,10,0,3,13
6,720,21.600000,42.984000,0,1,1648651,1231,10,1231,10,0,3,13
6,720,21.600000,42.984000,0,1,1648661,1231,10,1231,10,0,3,13
6,720,21.600000,42.984000,0,1,1648672,1231,10,1231,10,0,3,13
6,720,21.600000,42.984000,0,1,1648683,1231,10,1231,10,0,3,13
6,720,21.600000,42.984000,0,1,1648693,1232,10,1232,10,0,3,13
6,720,21.600000,42.984000,0,1,1648704,1234,10,1234,10,0,3,13
6,720,21.600000,42.984000,0,1,1648714,1238,10,1238,10,0,3,13
6,720,21.600000,42.984000,0,1,1648730,1242,10,1242,10,0,3,13
6,720,21.600000,42.984000,0,1,1648745,1249,10,1249,10,0,3,13
6,720,21.600000,42.984000,0,1,1648760,1256,10,1256,10,0,3,13
6,720,21.600000,42.984000,0,1,1648771,1259,10,1259,10,0,3,13
6,720,21.600000,42.984000,0,1,1648781,1261,10,1261,10,0,3,13
6,720,21.600000,42.984000,0,1,1648790,1263,10,1263,10,0,3,13
6,720,21.600000,42.984000,0,1,1648801,1266,10,1266,10,0,3,13
6,720,21.600000,42.984000,0,1,1648815,1270,10,1270,10,0,3,13
6,720,21.600000,42.984000,0,1,1648826,1277,10,1277,10,0,3,13
6,720,21.600000,42.984000,0,1,1648837,1283,10,1283,10,0,3,13
6,720,21.600000,42.984000,0,1,1648847,1290,10,1290,10,0,3,13
6,720,21.600000,42.984000,0,1,1648858,1297,10,1297,10,0,3,13
6,720,21.600000,42.984000,0,1,1648868,1305,12,1305,12,0,3,13
6,720,21.600000,42.984000,0,1,1648879,1312,13,1312,13,0,3,13
6,720,21.600000,42.984000,0,1,1648889,1319,14,1319,14,0,3,13
6,720,21.600000,42.984000,0,1,1648900,1324,15,1324,15,0,3,13
6,720,21.600000,42.984000,0,1,1648910,1326,15,1326,15,0,3,13
6,720,21.600000,42.984000,0,1,1648921,1326,15,1326,15,0,3,13
6,720,21.600000,42.984000,0,1,1648931,1326,15,1326,15,0,3,13
6,720,21.600000,42.984000,0,1,1648941,1326,15,1326,15,0,3,13
6,720,21.600000,42.984000,0,1,1648952,1326,15,1326,15,0,3,13
6,720,21.600000,42.984000,0,1,1648962,1326,15,1326,15,0,3,13
6,720,21.600000,42.984000,0,1,1648972,1326,15,1326,15,0,3,13
6,720,21.600000,42.984000,0,1,1648982,1326,15,1326,15,0,3,13
6,720,21.600000,42.984000,0,1,1648992,1326,15,1326,15,0,3,13
6,720,21.600000,42.984000,0,1,1649002,1326,15,1326,15,0,3,13
6,720,21.600000,42.984000,0,1,1649013,1326,15,1326,15,0,3,13
6,720,21.600000,42.984000,0,1,1649023,1326,16,1326,16,0,3,13
6,720,21.600000,42.984000,0,1,1649033,1326,16,1326,16,0,3,13
6,720,21.600000,42.984000,0,1,1649044,1326,16,1326,16,0,3,13
6,720,21.600000,42.984000,0,1,1649053,1325,16,1325,16,0,3,13
6,720,21.600000,42.984000,0,1,1649063,1324,17,1324,17,0,3,13
6,720,21.600000,42.984000,0,1,1649074,1323,17,1323,17,0,3,13
6,720,21.600000,42.984000,0,1,1649090,1320,17,1320,17,0,3,13
6,720,21.600000,42.984000,0,1,1649100,1315,18,1315,18,0,3,13
6,720,21.600000,42.984000,0,1,1649111,1312,18,1312,18,0,3,13
6,720,21.600000,42.984000,0,1,1649121,1310,18,1310,18,0,3,13
6,720,21.600000,42.984000,0,1,1649130,1308,18,1308,18,0,3,13
6,720,21.600000,42.984000,0,1,1649140,1308,18,1308,18,0,3,13
6,720,21.600000,42.984000,0,1,1649151,1308,18,1308,18,0,3,13
6,720,21.600000,42.984000,0,1,1649160,1308,18,1308,18,0,3,13
6,720,21.600000,42.984000,0,1,1649171,1308,18,1308,18,0,3,13
6,720,21.600000,42.984000,0,1,1649181,1308,18,1308,18,0,3,13
6,720,21.600000,42.984000,0,1,1649192,1308,18,1308,18,0,3,13
6,720,21.600000,42.984000,0,1,1649203,1308,18,1308,18,0,3,13
6,720,21.600000,42.984000,0,1,1649213,1308,18,1308,18,0,3,13
6,720,21.600000,42.984000,0,1,1649223,1308,18,1308,18,0,3,13
6,720,21.600000,42.984000,0,1,1649234,1308,18,1308,18,0,3,13
6,720,21.600000,42.984000,0,1,1649247,1308,18,1308,18,0,3,13
6,720,21.600000,42.984000,0,1,1649256,1308,18,1308,18,1,3,13
