6,360,50.400000,10000.000000,1,0,1766868,780,0,780,0,0,3,95
6,360,50.400000,10000.000000,1,0,1766869,780,0,780,0,0,3,95
6,360,50.400000,10000.000000,1,0,1766879,782,0,782,0,0,3,95
6,360,50.400000,10000.000000,1,0,1766890,784,0,784,0,0,3,95
6,360,50.400000,10000.000000,1,0,1766901,788,0,788,0,0,3,95
6,360,50.400000,10000.000000,1,0,1766913,792,1,792,1,0,3,95
6,360,50.400000,10000.000000,1,0,1766924,799,1,799,1,0,3,95
6,360,50.400000,10000.000000,1,0,1766934,808,1,808,1,0,3,95
6,360,50.400000,10000.000000,1,0,1766945,819,2,819,2,0,3,95
6,360,50.400000,10000.000000,1,0,1766956,831,2,831,2,0,3,95
6,360,50.400000,10000.000000,1,0,1766967,844,2,844,2,0,3,95
6,360,50.400000,10000.000000,1,0,1766977,858,2,858,2,0,3,95
6,360,50.400000,10000.000000,1,0,1766988,869,2,869,2,0,3,95
6,360,50.400000,10000.000000,1,0,1766999,882,0,882,0,0,3,95
6,360,50.400000,10000.000000,1,0,1767009,895,0,895,-1,0,3,95
6,360,50.400000,10000.000000,1,0,1767020,908,0,908,-3,0,3,95
6,360,50.400000,10000.000000,1,0,1767030,924,0,924,-5,0,3,95
6,360,50.400000,10000.000000,1,0,1767040,941,0,941,-8,0,3,95
6,360,50.400000,10000.000000,1,0,1767051,959,0,959,-12,0,3,95
6,360,50.400000,10000.000000,1,0,1767062,977,0,977,-15,0,3,95
6,360,50.400000,10000.000000,1,0,1767072,996,0,996,-17,0,3,95
6,360,50.400000,10000.000000,1,0,1767083,1014,0,1014,-20,0,3,95
6,360,50.400000,10000.000000,1,0,1767094,1030,0,1030,-22,0,3,95
6,360,50.400000,10000.000000,1,0,1767104,1044,0,1044,-24,0,3,95
6,360,50.400000,10000.000000,1,0,1767115,1054,0,1054,-25,0,3,95
6,360,50.400000,10000.000000,1,0,1767126,1062,0,1062,-26,0,3,95
6,360,50.400000,10000.000000,1,0,1767137,1067,0,1067,-27,0,3,95
6,360,50.400000,10000.000000,1,0,1767148,1070,0,1070,-28,0,3,95
6,360,50.400000,10000.000000,1,0,1767158,1072,0,1072,-28,0,3,95
6,360,50.400000,10000.000000,1,0,1767169,1073,0,1073,-28,0,3,95
6,360,50.400000,10000.000000,1,0,1767180,1074,0,1074,-28,0,3,95
6,360,50.400000,10000.000000,1,0,1767190,1075,0,1075,-29,0,3,95
6,360,50.400000,10000.000000,1,0,1767201,1078,0,1078,-29,0,3,95
6,360,50.400000,10000.000000,1,0,1767212,1081,0,1081,-29,0,3,95
6,360,50.400000,10000.000000,1,0,1767224,1086,0,1086,-29,0,3,95
6,360,50.400000,10000.000000,1,0,1767235,1094,0,1094,-29,0,3,95
6,360,50.400000,10000.000000,1,0,1767246,1103,0,1103,-29,0,3,95
6,360,50.400000,10000.000000,1,0,1767257,1117,0,1117,-29,0,3,95
6,360,50.400000,10000.000000,1,0,1767269,1132,0,1132,-29,0,3,95
6,360,50.400000,10000.000000,1,0,1767279,1148,0,1148,-29,0,3,95
6,360,50.400000,10000.000000,1,0,1767290,1166,1,1166,-28,0,3,95
6,360,50.400000,10000.000000,1,0,1767303,1176,2,1176,-27,0,3,95
6,360,50.400000,10000.000000,1,0,1767313,1180,2,1180,-27,0,3,95
6,360,50.400000,10000.000000,1,0,1767324,1184,2,1184,-27,0,3,95
6,360,50.400000,10000.000000,1,0,1767334,1182,2,1182,-27,0,3,95
6,360,50.400000,10000.000000,1,0,1767345,1177,2,1177,-27,0,3,95
6,360,50.400000,10000.000000,1,0,1767356,1171,2,1171,-27,0,3,95
6,360,50.400000,10000.000000,1,0,1767368,1166,2,1166,-27,0,3,95
6,360,50.400000,10000.000000,1,0,1767379,1163,2,1163,-27,0,3,95
6,360,50.400000,10000.000000,1,0,1767389,1161,2,1161,-27,0,3,95
6,360,50.400000,10000.000000,1,0,1767400,1160,3,1160,-26,0,3,95
6,360,50.400000,10000.000000,1,0,1767411,1159,3,1159,-26,0,3,95
6,360,50.400000,10000.000000,1,0,1767421,1157,4,1157,-25,0,3,95
6,360,50.400000,10000.000000,1,0,1767432,1155,4,1155,-25,0,3,95
6,360,50.400000,10000.000000,1,0,1767443,1151,4,1151,-25,0,3,95
6,360,50.400000,10000.000000,1,0,1767454,1147,4,1147,-25,0,3,95
6,360,50.400000,10000.000000,1,0,1767465,1143,4,1143,-25,0,3,95
6,360,50.400000,10000.000000,1,0,1767475,1142,4,1142,-25,0,3,95
6,360,50.400000,10000.000000,1,0,1767486,1142,4,1142,-25,0,3,95
6,360,50.400000,10000.000000,1,0,1767496,1142,4,1142,-25,0,3,95
6,360,50.400000,10000.000000,1,0,1767507,1142,4,1142,-25,0,3,95
6,360,50.400000,10000.000000,1,0,1767517,1142,4,1142,-25,0,3,95
6,360,50.400000,10000.000000,1,0,1767528,1142,4,1142,-25,0,3,95
6,360,50.400000,10000.000000,1,0,1767538,1142,4,1142,-25,0,3,95
6,360,50.400000,10000.000000,1,0,1767549,1142,4,1142,-25,0,3,95
6,360,50.400000,10000.000000,1,0,1767559,1142,4,1142,-25,0,3,95
6,360,50.400000,10000.000000,1,0,1767570,1142,4,1142,-25,0,3,95
6,360,50.400000,10000.000000,1,0,1767581,1142,4,1142,-25,0,3,95
6,360,50.400000,10000.000000,1,0,1767591,1142,4,1142,-25,0,3,95
