6,720,82.800000,22.608000,1,1,1652940,600,22,600,22,1,3,16
6,720,82.800000,22.608000,1,1,1652941,600,22,600,22,1,3,16
6,720,82.800000,22.608000,1,1,1652952,600,22,600,22,1,3,16
6,720,82.800000,22.608000,1,1,1652961,600,22,600,22,1,3,16
6,720,82.800000,22.608000,1,1,1652972,600,22,600,22,1,3,16
6,720,82.800000,22.608000,1,1,1652982,600,22,600,22,1,3,16
6,720,82.800000,22.608000,1,1,1652993,601,22,601,22,1,3,16
6,720,82.800000,22.608000,1,1,1653004,602,21,602,21,1,3,16
6,720,82.800000,22.608000,1,1,1653016,606,21,606,21,1,3,16
6,720,82.800000,22.608000,1,1,1653026,614,21,614,21,1,3,16
6,720,82.800000,22.608000,1,1,1653037,626,21,626,21,1,3,16
6,720,82.800000,22.608000,1,1,1653052,640,21,640,21,1,3,16
6,720,82.800000,22.608000,1,1,1653062,675,21,675,21,1,3,16
6,720,82.800000,22.608000,1,1,1653075,701,20,701,20,1,3,16
6,720,82.800000,22.608000,1,1,1653086,741,17,741,17,1,3,16
6,720,82.800000,22.608000,1,1,1653098,780,14,780,14,1,3,16
6,720,82.800000,22.608000,1,1,1653109,824,11,824,11,1,3,16
6,720,82.800000,22.608000,1,1,1653120,870,7,870,7,1,3,16
6,720,82.800000,22.608000,1,1,1653132,905,5,905,5,1,3,16
6,720,82.800000,22.608000,1,1,1653143,947,2,947,2,1,3,16
6,720,82.800000,22.608000,1,1,1653154,979,1,979,1,1,3,16
6,720,82.800000,22.608000,1,1,1653165,1009,0,1009,0,1,3,16
6,720,82.800000,22.608000,1,1,1653175,1031,0,1031,0,1,3,16
6,720,82.800000,22.608000,1,1,1653186,1051,0,1051,0,1,3,16
6,720,82.800000,22.608000,1,1,1653198,1069,0,1069,0,1,3,16
6,720,82.800000,22.608000,1,1,1653208,1084,0,1084,-1,1,3,16
6,720,82.800000,22.608000,1,1,1653219,1098,0,1098,-1,1,3,16
6,720,82.800000,22.608000,1,1,1653230,1111,0,1111,-1,1,3,16
6,720,82.800000,22.608000,1,1,1653241,1122,0,1122,-1,1,3,16
6,720,82.800000,22.608000,1,1,1653251,1133,0,1133,-1,1,3,16
6,720,82.800000,22.608000,1,1,1653262,1141,0,1141,-1,1,3,16
6,720,82.800000,22.608000,1,1,1653273,1152,0,1152,-1,1,3,16
6,720,82.800000,22.608000,1,1,1653288,1160,0,1160,-1,1,3,16
6,720,82.800000,22.608000,1,1,1653298,1169,0,1169,-1,1,3,16
6,720,82.800000,22.608000,1,1,1653309,1171,0,1171,-1,1,3,16
6,720,82.800000,22.608000,1,1,1653319,1173,0,1173,-1,1,3,16
6,720,82.800000,22.608000,1,1,1653330,1173,0,1173,-1,1,3,16
6,720,82.800000,22.608000,1,1,1653340,1173,0,1173,-1,1,3,16
6,720,82.800000,22.608000,1,1,1653351,1173,0,1173,-1,1,3,16
6,720,82.800000,22.608000,1,1,1653362,1174,0,1174,-1,1,3,16
6,720,82.800000,22.608000,1,1,1653372,1175,0,1175,-1,1,3,16
6,720,82.800000,22.608000,1,1,1653383,1178,0,1178,-1,1,3,16
6,720,82.800000,22.608000,1,1,1653393,1181,0,1181,-1,1,3,16
6,720,82.800000,22.608000,1,1,1653405,1183,0,1183,-2,1,3,16
6,720,82.800000,22.608000,1,1,1653415,1186,0,1186,-2,1,3,16
6,720,82.800000,22.608000,1,1,1653426,1191,0,1191,-2,1,3,16
6,720,82.800000,22.608000,1,1,1653438,1197,0,1197,-3,1,3,16
6,720,82.800000,22.608000,1,1,1653449,1204,0,1204,-3,1,3,16
6,720,82.800000,22.608000,1,1,1653463,1213,0,1213,-3,1,3,16
6,720,82.800000,22.608000,1,1,1653473,1223,0,1223,-4,1,3,16
6,720,82.800000,22.608000,1,1,1653484,1229,0,1229,-4,1,3,16
6,720,82.800000,22.608000,1,1,1653495,1234,0,1234,-4,1,3,16
6,720,82.800000,22.608000,1,1,1653506,1239,0,1239,-5,1,3,16
6,720,82.800000,22.608000,1,1,1653518,1243,0,1243,-5,1,3,16
6,720,82.800000,22.608000,1,1,1653528,1249,0,1249,-5,1,3,16
6,720,82.800000,22.608000,1,1,1653539,1256,0,1256,-5,1,3,16
6,720,82.800000,22.608000,1,1,1653551,1263,0,1263,-5,1,3,16
6,720,82.800000,22.608000,1,1,1653561,1273,0,1273,-5,1,3,16
6,720,82.800000,22.608000,1,1,1653571,1281,0,1281,-5,1,3,16
6,720,82.800000,22.608000,1,1,1653582,1286,0,1286,-5,1,3,16
6,720,82.800000,22.608000,1,1,1653592,1290,0,1290,-5,1,3,16
6,720,82.800000,22.608000,1,1,1653602,1292,0,1292,-5,1,3,16
6,720,82.800000,22.608000,1,1,1653613,1293,0,1293,-5,1,3,16
6,720,82.800000,22.608000,1,1,1653623,1294,0,1294,-5,1,3,16
6,720,82.800000,22.608000,1,1,1653633,1295,0,1295,-5,1,3,16
6,720,82.800000,22.608000,1,1,1653644,1297,0,1297,-5,1,3,16
6,720,82.800000,22.608000,1,1,1653654,1299,0,1299,-5,1,3,16
6,720,82.800000,22.608000,1,1,1653664,1302,0,1302,-5,1,3,16
6,720,82.800000,22.608000,1,1,1653674,1304,0,1304,-5,1,3,16
6,720,82.800000,22.608000,1,1,1653685,1305,0,1305,-5,1,3,16
6,720,82.800000,22.608000,1,1,1653694,1305,0,1305,-5,1,3,16
6,720,82.800000,22.608000,1,1,1653705,1305,0,1305,-5,1,3,16
6,720,82.800000,22.608000,1,1,1653715,1305,0,1305,-5,1,3,16
6,720,82.800000,22.608000,1,1,1653725,1305,0,1305,-5,0,3,16
