6,360,21.600000,22.608000,0,1,1722436,780,22,780,22,0,3,64
6,360,21.600000,22.608000,0,1,1722437,780,22,780,22,0,3,64
6,360,21.600000,22.608000,0,1,1722447,781,22,781,22,0,3,64
6,360,21.600000,22.608000,0,1,1722458,782,22,782,22,0,3,64
6,360,21.600000,22.608000,0,1,1722469,783,22,783,22,0,3,64
6,360,21.600000,22.608000,0,1,1722479,784,22,784,22,0,3,64
6,360,21.600000,22.608000,0,1,1722491,786,22,786,22,0,3,64
6,360,21.600000,22.608000,0,1,1722503,790,22,790,22,0,3,64
6,360,21.600000,22.608000,0,1,1722514,796,22,796,22,0,3,64
6,360,21.600000,22.608000,0,1,1722525,803,23,803,23,0,3,64
6,360,21.600000,22.608000,0,1,1722540,812,24,812,24,0,3,64
6,360,21.600000,22.608000,0,1,1722550,831,28,831,28,0,3,64
6,360,21.600000,22.608000,0,1,1722562,847,31,847,31,0,3,64
6,360,21.600000,22.608000,0,1,1722572,869,35,869,35,0,3,64
6,360,21.600000,22.608000,0,1,1722584,893,38,893,38,0,3,64
6,360,21.600000,22.608000,0,1,1722595,915,39,915,39,0,3,64
6,360,21.600000,22.608000,0,1,1722605,941,39,941,39,0,3,64
6,360,21.600000,22.608000,0,1,1722620,967,39,967,39,0,3,64
6,360,21.600000,22.608000,0,1,1722631,997,39,997,39,0,3,64
6,360,21.600000,22.608000,0,1,1722642,1020,38,1020,38,0,3,64
6,360,21.600000,22.608000,0,1,1722653,1041,37,1041,37,0,3,64
6,360,21.600000,22.608000,0,1,1722664,1059,35,1059,35,0,3,64
6,360,21.600000,22.608000,0,1,1722674,1070,34,1070,34,0,3,64
6,360,21.600000,22.608000,0,1,1722686,1075,33,1075,33,0,3,64
6,360,21.600000,22.608000,0,1,1722696,1078,32,1078,32,0,3,64
6,360,21.600000,22.608000,0,1,1722707,1079,32,1079,32,0,3,64
6,360,21.600000,22.608000,0,1,1722717,1080,32,1080,32,0,3,64
6,360,21.600000,22.608000,0,1,1722728,1082,31,1082,31,0,3,64
6,360,21.600000,22.608000,0,1,1722738,1083,31,1083,31,0,3,64
6,360,21.600000,22.608000,0,1,1722749,1084,31,1084,31,0,3,64
6,360,21.600000,22.608000,0,1,1722759,1085,31,1085,31,0,3,64
6,360,21.600000,22.608000,0,1,1722770,1086,30,1086,30,0,3,64
6,360,21.600000,22.608000,0,1,1722780,1087,29,1087,29,0,3,64
6,360,21.600000,22.608000,0,1,1722791,1089,29,1089,29,0,3,64
6,360,21.600000,22.608000,0,1,1722801,1092,28,1092,28,0,3,64
6,360,21.600000,22.608000,0,1,1722812,1096,28,1096,28,0,3,64
6,360,21.600000,22.608000,0,1,1722823,1099,28,1099,28,0,3,64
6,360,21.600000,22.608000,0,1,1722835,1103,27,1103,27,0,3,64
6,360,21.600000,22.608000,0,1,1722845,1107,26,1107,26,0,3,64
6,360,21.600000,22.608000,0,1,1722855,1110,25,1110,25,0,3,64
6,360,21.600000,22.608000,0,1,1722865,1112,24,1112,24,0,3,64
6,360,21.600000,22.608000,0,1,1722875,1112,24,1112,24,0,3,64
6,360,21.600000,22.608000,0,1,1722885,1112,24,1112,24,0,3,64
6,360,21.600000,22.608000,0,1,1722896,1112,24,1112,24,0,3,64
6,360,21.600000,22.608000,0,1,1722906,1112,23,1112,23,0,3,64
6,360,21.600000,22.608000,0,1,1722917,1112,23,1112,23,0,3,64
6,360,21.600000,22.608000,0,1,1722927,1113,23,1113,23,0,3,64
6,360,21.600000,22.608000,0,1,1722937,1114,22,1114,22,0,3,64
6,360,21.600000,22.608000,0,1,1722947,1115,21,1115,21,0,3,64
6,360,21.600000,22.608000,0,1,1722958,1116,21,1116,21,0,3,64
6,360,21.600000,22.608000,0,1,1722968,1118,20,1118,20,0,3,64
6,360,21.600000,22.608000,0,1,1722978,1118,19,1118,19,0,3,64
6,360,21.600000,22.608000,0,1,1722988,1119,19,1119,19,0,3,64
6,360,21.600000,22.608000,0,1,1722999,1119,18,1119,18,0,3,64
6,360,21.600000,22.608000,0,1,1723009,1119,17,1119,17,0,3,64
6,360,21.600000,22.608000,0,1,1723019,1121,17,1121,17,0,3,64
6,360,21.600000,22.608000,0,1,1723030,1123,15,1123,15,0,3,64
6,360,21.600000,22.608000,0,1,1723040,1126,15,1126,15,0,3,64
6,360,21.600000,22.608000,0,1,1723050,1129,14,1129,14,0,3,64
6,360,21.600000,22.608000,0,1,1723061,1132,13,1132,13,0,3,64
6,360,21.600000,22.608000,0,1,1723071,1135,12,1135,12,0,3,64
6,360,21.600000,22.608000,0,1,1723082,1137,12,1137,12,0,3,64
6,360,21.600000,22.608000,0,1,1723093,1138,12,1138,12,0,3,64
6,360,21.600000,22.608000,0,1,1723103,1138,11,1138,11,0,3,64
6,360,21.600000,22.608000,0,1,1723113,1138,11,1138,11,0,3,64
6,360,21.600000,22.608000,0,1,1723124,1138,11,1138,11,0,3,64
6,360,21.600000,22.608000,0,1,1723134,1138,11,1138,11,0,3,64
6,360,21.600000,22.608000,0,1,1723144,1138,11,1138,11,0,3,64
6,360,21.600000,22.608000,0,1,1723158,1138,11,1138,11,0,3,64
6,360,21.600000,22.608000,0,1,1723168,1139,11,1139,11,0,3,64
6,360,21.600000,22.608000,0,1,1723178,1141,11,1141,11,0,3,64
6,360,21.600000,22.608000,0,1,1723188,1142,11,1142,11,0,3,64
6,360,21.600000,22.608000,0,1,1723197,1143,11,1143,11,0,3,64
6,360,21.600000,22.608000,0,1,1723206,1143,11,1143,11,0,3,64
