6,360,82.800000,22.608000,0,1,1728954,780,22,780,22,0,3,69
6,360,82.800000,22.608000,0,1,1728955,780,22,780,22,0,3,69
6,360,82.800000,22.608000,0,1,1728965,780,22,780,22,0,3,69
6,360,82.800000,22.608000,0,1,1728975,780,22,780,22,0,3,69
6,360,82.800000,22.608000,0,1,1728986,780,22,780,22,0,3,69
6,360,82.800000,22.608000,0,1,1728996,780,22,780,22,0,3,69
6,360,82.800000,22.608000,0,1,1729006,780,22,780,22,0,3,69
6,360,82.800000,22.608000,0,1,1729016,780,22,780,22,0,3,69
6,360,82.800000,22.608000,0,1,1729026,780,22,780,22,0,3,69
6,360,82.800000,22.608000,0,1,1729036,780,22,780,22,0,3,69
6,360,82.800000,22.608000,0,1,1729047,780,22,780,22,0,3,69
6,360,82.800000,22.608000,0,1,1729057,780,22,780,22,0,3,69
6,360,82.800000,22.608000,0,1,1729067,780,22,780,22,0,3,69
6,360,82.800000,22.608000,0,1,1729078,785,22,785,22,0,3,69
6,360,82.800000,22.608000,0,1,1729089,793,22,793,22,0,3,69
6,360,82.800000,22.608000,0,1,1729100,804,24,804,24,0,3,69
6,360,82.800000,22.608000,0,1,1729111,820,24,820,24,0,3,69
6,360,82.800000,22.608000,0,1,1729121,836,24,836,24,0,3,69
6,360,82.800000,22.608000,0,1,1729131,854,24,854,24,0,3,69
6,360,82.800000,22.608000,0,1,1729141,872,24,872,24,0,3,69
6,360,82.800000,22.608000,0,1,1729152,890,24,890,24,0,3,69
6,360,82.800000,22.608000,0,1,1729162,909,23,909,23,0,3,69
6,360,82.800000,22.608000,0,1,1729172,928,20,928,20,0,3,69
6,360,82.800000,22.608000,0,1,1729182,944,19,944,19,0,3,69
6,360,82.800000,22.608000,0,1,1729193,958,18,958,18,0,3,69
6,360,82.800000,22.608000,0,1,1729203,971,16,971,16,0,3,69
6,360,82.800000,22.608000,0,1,1729214,984,15,984,15,0,3,69
6,360,82.800000,22.608000,0,1,1729225,993,15,993,15,0,3,69
6,360,82.800000,22.608000,0,1,1729236,1001,15,1001,15,0,3,69
6,360,82.800000,22.608000,0,1,1729247,1008,14,1008,14,0,3,69
6,360,82.800000,22.608000,0,1,1729257,1014,14,1014,14,0,3,69
6,360,82.800000,22.608000,0,1,1729268,1020,13,1020,13,0,3,69
6,360,82.800000,22.608000,0,1,1729279,1023,13,1023,13,0,3,69
6,360,82.800000,22.608000,0,1,1729290,1027,13,1027,13,0,3,69
6,360,82.800000,22.608000,0,1,1729301,1032,13,1032,13,0,3,69
6,360,82.800000,22.608000,0,1,1729312,1039,13,1039,13,0,3,69
6,360,82.800000,22.608000,0,1,1729323,1047,13,1047,13,0,3,69
6,360,82.800000,22.608000,0,1,1729333,1056,13,1056,13,0,3,69
6,360,82.800000,22.608000,0,1,1729343,1064,13,1064,13,0,3,69
6,360,82.800000,22.608000,0,1,1729354,1071,13,1071,13,0,3,69
6,360,82.800000,22.608000,0,1,1729364,1078,13,1078,13,0,3,69
6,360,82.800000,22.608000,0,1,1729374,1083,13,1083,13,0,3,69
6,360,82.800000,22.608000,0,1,1729385,1087,13,1087,13,0,3,69
6,360,82.800000,22.608000,0,1,1729397,1090,13,1090,13,0,3,69
6,360,82.800000,22.608000,0,1,1729412,1093,13,1093,13,0,3,69
6,360,82.800000,22.608000,0,1,1729427,1098,13,1098,13,0,3,69
6,360,82.800000,22.608000,0,1,1729443,1104,13,1104,13,0,3,69
6,360,82.800000,22.608000,0,1,1729459,1110,13,1110,13,0,3,69
6,360,82.800000,22.608000,0,1,1729469,1114,13,1114,13,0,3,69
6,360,82.800000,22.608000,0,1,1729480,1116,13,1116,13,0,3,69
6,360,82.800000,22.608000,0,1,1729490,1117,12,1117,12,0,3,69
6,360,82.800000,22.608000,0,1,1729500,1119,12,1119,12,0,3,69
6,360,82.800000,22.608000,0,1,1729511,1121,12,1121,12,0,3,69
6,360,82.800000,22.608000,0,1,1729521,1123,10,1123,10,0,3,69
6,360,82.800000,22.608000,0,1,1729532,1126,10,1126,10,0,3,69
6,360,82.800000,22.608000,0,1,1729542,1129,10,1129,10,0,3,69
6,360,82.800000,22.608000,0,1,1729552,1132,9,1132,9,0,3,69
6,360,82.800000,22.608000,0,1,1729563,1133,8,1133,8,0,3,69
6,360,82.800000,22.608000,0,1,1729572,1134,8,1134,8,0,3,69
6,360,82.800000,22.608000,0,1,1729586,1134,8,1134,8,0,3,69
6,360,82.800000,22.608000,0,1,1729596,1134,8,1134,8,0,3,69
