6,360,50.400000,12.276000,0,0,1915244,780,0,780,0,0,4,75
6,360,50.400000,12.276000,0,0,1915245,780,0,780,0,0,4,75
6,360,50.400000,12.276000,0,0,1915256,784,0,784,0,0,4,75
6,360,50.400000,12.276000,0,0,1915267,792,0,792,0,0,4,75
6,360,50.400000,12.276000,0,0,1915278,803,0,803,0,0,4,75
6,360,50.400000,12.276000,0,0,1915290,815,0,815,0,0,4,75
6,360,50.400000,12.276000,0,0,1915302,832,1,832,1,0,4,75
6,360,50.400000,12.276000,0,0,1915313,856,1,856,1,0,4,75
6,360,50.400000,12.276000,0,0,1915324,879,1,879,1,0,4,75
6,360,50.400000,12.276000,0,0,1915336,909,2,909,2,0,4,75
6,360,50.400000,12.276000,0,0,1915347,941,3,941,3,0,4,75
6,360,50.400000,12.276000,0,0,1915358,973,3,973,3,0,4,75
6,360,50.400000,12.276000,0,0,1915369,1005,3,1005,3,0,4,75
6,360,50.400000,12.276000,0,0,1915379,1037,2,1037,2,0,4,75
6,360,50.400000,12.276000,0,0,1915390,1062,0,1062,-1,0,4,75
6,360,50.400000,12.276000,0,0,1915400,1080,0,1080,-5,0,4,75
6,360,50.400000,12.276000,0,0,1915411,1095,0,1095,-8,0,4,75
6,360,50.400000,12.276000,0,0,1915422,1105,0,1105,-11,0,4,75
6,360,50.400000,12.276000,0,0,1915434,1113,0,1113,-13,0,4,75
6,360,50.400000,12.276000,0,0,1915445,1119,0,1119,-15,0,4,75
6,360,50.400000,12.276000,0,0,1915455,1124,0,1124,-17,0,4,75
6,360,50.400000,12.276000,0,0,1915466,1129,0,1129,-19,0,4,75
6,360,50.400000,12.276000,0,0,1915477,1134,0,1134,-20,0,4,75
6,360,50.400000,12.276000,0,0,1915487,1139,0,1139,-22,0,4,75
6,360,50.400000,12.276000,0,0,1915498,1143,0,1143,-22,0,4,75
6,360,50.400000,12.276000,0,0,1915509,1147,0,1147,-23,0,4,75
6,360,50.400000,12.276000,0,0,1915520,1151,0,1151,-24,0,4,75
6,360,50.400000,12.276000,0,0,1915531,1155,0,1155,-24,0,4,75
6,360,50.400000,12.276000,0,0,1915542,1157,0,1157,-25,0,4,75
6,360,50.400000,12.276000,0,0,1915553,1160,0,1160,-26,0,4,75
6,360,50.400000,12.276000,0,0,1915564,1163,0,1163,-26,0,4,75
6,360,50.400000,12.276000,0,0,1915575,1167,0,1167,-26,0,4,75
6,360,50.400000,12.276000,0,0,1915585,1172,0,1172,-26,0,4,75
6,360,50.400000,12.276000,0,0,1915596,1176,0,1176,-26,0,4,75
6,360,50.400000,12.276000,0,0,1915607,1180,0,1180,-26,0,4,75
6,360,50.400000,12.276000,0,0,1915617,1183,0,1183,-26,0,4,75
6,360,50.400000,12.276000,0,0,1915628,1183,0,1183,-26,0,4,75
6,360,50.400000,12.276000,0,0,1915638,1183,0,1183,-26,0,4,75
6,360,50.400000,12.276000,0,0,1915649,1183,0,1183,-26,0,4,75
6,360,50.400000,12.276000,0,0,1915660,1183,0,1183,-26,0,4,75
6,360,50.400000,12.276000,0,0,1915670,1183,0,1183,-26,0,4,75
6,360,50.400000,12.276000,0,0,1915681,1183,1,1183,-25,0,4,75
6,360,50.400000,12.276000,0,0,1915691,1183,1,1183,-25,0,4,75
6,360,50.400000,12.276000,0,0,1915702,1183,1,1183,-25,0,4,75
6,360,50.400000,12.276000,0,0,1915713,1183,1,1183,-25,0,4,75
6,360,50.400000,12.276000,0,0,1915723,1183,2,1183,-24,0,4,75
6,360,50.400000,12.276000,0,0,1915735,1182,3,1182,-23,0,4,75
6,360,50.400000,12.276000,0,0,1915746,1179,5,1179,-21,0,4,75
6,360,50.400000,12.276000,0,0,1915757,1174,7,1174,-19,0,4,75
6,360,50.400000,12.276000,0,0,1915768,1170,9,1170,-17,0,4,75
6,360,50.400000,12.276000,0,0,1915779,1162,13,1162,-13,0,4,75
6,360,50.400000,12.276000,0,0,1915790,1159,15,1159,-11,0,4,75
6,360,50.400000,12.276000,0,0,1915800,1156,15,1156,-11,0,4,75
6,360,50.400000,12.276000,0,0,1915811,1154,15,1154,-11,0,4,75
6,360,50.400000,12.276000,0,0,1915822,1152,15,1152,-11,0,4,75
6,360,50.400000,12.276000,0,0,1915832,1150,16,1150,-10,0,4,75
6,360,50.400000,12.276000,0,0,1915843,1149,16,1149,-10,0,4,75
6,360,50.400000,12.276000,0,0,1915853,1146,16,1146,-10,0,4,75
6,360,50.400000,12.276000,0,0,1915863,1144,16,1144,-10,0,4,75
6,360,50.400000,12.276000,0,0,1915874,1142,17,1142,-9,0,4,75
6,360,50.400000,12.276000,0,0,1915884,1140,17,1140,-9,0,4,75
6,360,50.400000,12.276000,0,0,1915894,1139,17,1139,-9,0,4,75
6,360,50.400000,12.276000,0,0,1915904,1139,17,1139,-9,0,4,75
6,360,50.400000,12.276000,0,0,1915915,1139,17,1139,-9,0,4,75
6,360,50.400000,12.276000,0,0,1915925,1139,17,1139,-9,0,4,75
