6,720,21.600000,0.000000,1,0,1894846,600,0,600,0,0,4,61
6,720,21.600000,0.000000,1,0,1894847,600,0,600,0,0,4,61
6,720,21.600000,0.000000,1,0,1894858,605,1,605,1,0,4,61
6,720,21.600000,0.000000,1,0,1894868,609,1,609,1,0,4,61
6,720,21.600000,0.000000,1,0,1894879,613,1,613,1,0,4,61
6,720,21.600000,0.000000,1,0,1894890,616,1,616,1,0,4,61
6,720,21.600000,0.000000,1,0,1894900,619,1,619,1,0,4,61
6,720,21.600000,0.000000,1,0,1894913,620,1,620,1,0,4,61
6,720,21.600000,0.000000,1,0,1894924,622,1,622,1,0,4,61
6,720,21.600000,0.000000,1,0,1894935,623,1,623,1,0,4,61
6,720,21.600000,0.000000,1,0,1894946,626,1,626,1,0,4,61
6,720,21.600000,0.000000,1,0,1894956,630,1,630,1,0,4,61
6,720,21.600000,0.000000,1,0,1894967,636,1,636,1,0,4,61
6,720,21.600000,0.000000,1,0,1894982,648,2,648,2,0,4,61
6,720,21.600000,0.000000,1,0,1894993,670,3,670,3,0,4,61
6,720,21.600000,0.000000,1,0,1895004,690,3,690,3,0,4,61
6,720,21.600000,0.000000,1,0,1895016,717,3,717,3,0,4,61
6,720,21.600000,0.000000,1,0,1895027,749,3,749,3,0,4,61
6,720,21.600000,0.000000,1,0,1895038,790,1,790,1,0,4,61
6,720,21.600000,0.000000,1,0,1895049,846,0,846,-3,0,4,61
6,720,21.600000,0.000000,1,0,1895060,903,0,903,-6,0,4,61
6,720,21.600000,0.000000,1,0,1895070,957,0,957,-10,0,4,61
6,720,21.600000,0.000000,1,0,1895081,1010,0,1010,-12,0,4,61
6,720,21.600000,0.000000,1,0,1895091,1066,0,1066,-14,0,4,61
6,720,21.600000,0.000000,1,0,1895101,1103,0,1103,-14,0,4,61
6,720,21.600000,0.000000,1,0,1895112,1142,0,1142,-15,0,4,61
6,720,21.600000,0.000000,1,0,1895123,1169,0,1169,-15,0,4,61
6,720,21.600000,0.000000,1,0,1895134,1188,0,1188,-16,0,4,61
6,720,21.600000,0.000000,1,0,1895145,1202,0,1202,-17,0,4,61
6,720,21.600000,0.000000,1,0,1895155,1208,0,1208,-18,0,4,61
6,720,21.600000,0.000000,1,0,1895166,1211,0,1211,-18,0,4,61
6,720,21.600000,0.000000,1,0,1895176,1212,0,1212,-19,0,4,61
6,720,21.600000,0.000000,1,0,1895187,1212,0,1212,-19,0,4,61
6,720,21.600000,0.000000,1,0,1895198,1212,0,1212,-19,0,4,61
6,720,21.600000,0.000000,1,0,1895208,1212,0,1212,-19,0,4,61
6,720,21.600000,0.000000,1,0,1895219,1212,0,1212,-19,0,4,61
6,720,21.600000,0.000000,1,0,1895229,1212,0,1212,-19,0,4,61
6,720,21.600000,0.000000,1,0,1895240,1212,0,1212,-19,0,4,61
6,720,21.600000,0.000000,1,0,1895250,1214,0,1214,-19,0,4,61
6,720,21.600000,0.000000,1,0,1895260,1215,0,1215,-19,0,4,61
6,720,21.600000,0.000000,1,0,1895271,1216,0,1216,-19,0,4,61
6,720,21.600000,0.000000,1,0,1895281,1216,0,1216,-19,0,4,61
6,720,21.600000,0.000000,1,0,1895291,1216,0,1216,-19,0,4,61
6,720,21.600000,0.000000,1,0,1895303,1216,0,1216,-20,0,4,61
6,720,21.600000,0.000000,1,0,1895316,1216,0,1216,-20,0,4,61
6,720,21.600000,0.000000,1,0,1895326,1216,0,1216,-20,0,4,61
6,720,21.600000,0.000000,1,0,1895337,1216,0,1216,-20,0,4,61
6,720,21.600000,0.000000,1,0,1895347,1217,0,1217,-20,0,4,61
6,720,21.600000,0.000000,1,0,1895358,1219,0,1219,-20,0,4,61
6,720,21.600000,0.000000,1,0,1895369,1224,0,1224,-20,0,4,61
6,720,21.600000,0.000000,1,0,1895380,1231,0,1231,-20,0,4,61
6,720,21.600000,0.000000,1,0,1895396,1240,0,1240,-20,0,4,61
6,720,21.600000,0.000000,1,0,1895407,1254,0,1254,-20,0,4,61
6,720,21.600000,0.000000,1,0,1895417,1263,0,1263,-21,0,4,61
6,720,21.600000,0.000000,1,0,1895428,1269,0,1269,-21,0,4,61
6,720,21.600000,0.000000,1,0,1895438,1271,0,1271,-21,0,4,61
6,720,21.600000,0.000000,1,0,1895449,1273,0,1273,-21,0,4,61
6,720,21.600000,0.000000,1,0,1895458,1273,0,1273,-21,0,4,61
6,720,21.600000,0.000000,1,0,1895469,1273,0,1273,-21,0,4,61
6,720,21.600000,0.000000,1,0,1895478,1273,0,1273,-21,0,4,61
6,720,21.600000,0.000000,1,0,1895488,1273,1,1273,-20,0,4,61
6,720,21.600000,0.000000,1,0,1895498,1273,1,1273,-20,0,4,61
6,720,21.600000,0.000000,1,0,1895508,1273,2,1273,-19,0,4,61
6,720,21.600000,0.000000,1,0,1895518,1275,2,1275,-19,0,4,61
6,720,21.600000,0.000000,1,0,1895530,1277,2,1277,-19,0,4,61
6,720,21.600000,0.000000,1,0,1895539,1280,2,1280,-19,0,4,61
6,720,21.600000,0.000000,1,0,1895554,1283,2,1283,-19,0,4,61
6,720,21.600000,0.000000,1,0,1895565,1284,2,1284,-19,0,4,61
6,720,21.600000,0.000000,1,0,1895575,1285,2,1285,-19,0,4,61
6,720,21.600000,0.000000,1,0,1895585,1286,2,1286,-19,0,4,61
6,720,21.600000,0.000000,1,0,1895596,1287,2,1287,-19,0,4,61
6,720,21.600000,0.000000,1,0,1895607,1290,2,1290,-19,0,4,61
6,720,21.600000,0.000000,1,0,1895618,1294,2,1294,-19,0,4,61
6,720,21.600000,0.000000,1,0,1895629,1299,2,1299,-19,0,4,61
6,720,21.600000,0.000000,1,0,1895639,1305,2,1305,-19,0,4,61
6,720,21.600000,0.000000,1,0,1895650,1309,2,1309,-19,0,4,61
6,720,21.600000,0.000000,1,0,1895660,1313,2,1313,-19,0,4,61
6,720,21.600000,0.000000,1,0,1895671,1315,2,1315,-19,0,4,61
6,720,21.600000,0.000000,1,0,1895681,1317,2,1317,-19,0,4,61
6,720,21.600000,0.000000,1,0,1895691,1317,2,1317,-19,0,4,61
6,720,21.600000,0.000000,1,0,1895701,1317,2,1317,-19,0,4,61
6,720,21.600000,0.000000,1,0,1895712,1317,2,1317,-19,0,4,61
6,720,21.600000,0.000000,1,0,1895722,1317,2,1317,-19,0,4,61
6,720,21.600000,0.000000,1,0,1895732,1317,2,1317,-19,0,4,61
6,720,21.600000,0.000000,1,0,1895742,1317,2,1317,-19,0,4,61
6,720,21.600000,0.000000,1,0,1895752,1317,2,1317,-19,0,4,61
6,720,21.600000,0.000000,1,0,1895762,1317,2,1317,-19,0,4,61
6,720,21.600000,0.000000,1,0,1895772,1317,2,1317,-19,0,4,61
6,720,21.600000,0.000000,1,0,1895782,1316,2,1316,-19,0,4,61
6,720,21.600000,0.000000,1,0,1895792,1315,2,1315,-19,0,4,61
6,720,21.600000,0.000000,1,0,1895801,1315,2,1315,-19,0,4,61
6,720,21.600000,0.000000,1,0,1895812,1314,2,1314,-19,0,4,61
6,720,21.600000,0.000000,1,0,1895821,1313,2,1313,-19,0,4,61
6,720,21.600000,0.000000,1,0,1895831,1313,2,1313,-19,0,4,61
6,720,21.600000,0.000000,1,0,1895841,1313,2,1313,-19,0,4,61
6,720,21.600000,0.000000,1,0,1895850,1313,2,1313,-19,0,4,61
6,720,21.600000,0.000000,1,0,1895860,1313,2,1313,-19,0,4,61
6,720,21.600000,0.000000,1,0,1895869,1313,2,1313,-19,0,4,61
6,720,21.600000,0.000000,1,0,1895879,1313,2,1313,-19,0,4,61
