6,720,21.600000,10000.000000,1,0,1951303,600,0,600,0,0,4,98
6,720,21.600000,10000.000000,1,0,1951304,600,0,600,0,0,4,98
6,720,21.600000,10000.000000,1,0,1951315,601,0,601,0,0,4,98
6,720,21.600000,10000.000000,1,0,1951325,603,0,603,0,0,4,98
6,720,21.600000,10000.000000,1,0,1951335,607,0,607,0,0,4,98
6,720,21.600000,10000.000000,1,0,1951347,613,0,613,0,0,4,98
6,720,21.600000,10000.000000,1,0,1951359,624,0,624,0,0,4,98
6,720,21.600000,10000.000000,1,0,1951370,639,0,639,0,0,4,98
6,720,21.600000,10000.000000,1,0,1951382,662,0,662,0,0,4,98
6,720,21.600000,10000.000000,1,0,1951393,691,1,691,1,0,4,98
6,720,21.600000,10000.000000,1,0,1951404,731,1,731,1,0,4,98
6,720,21.600000,10000.000000,1,0,1951416,776,1,776,1,0,4,98
6,720,21.600000,10000.000000,1,0,1951427,824,1,824,1,0,4,98
6,720,21.600000,10000.000000,1,0,1951437,880,1,880,1,0,4,98
6,720,21.600000,10000.000000,1,0,1951447,934,0,934,-1,0,4,98
6,720,21.600000,10000.000000,1,0,1951457,985,0,985,-3,0,4,98
6,720,21.600000,10000.000000,1,0,1951467,1030,0,1030,-6,0,4,98
6,720,21.600000,10000.000000,1,0,1951478,1063,0,1063,-8,0,4,98
6,720,21.600000,10000.000000,1,0,1951489,1095,0,1095,-9,0,4,98
6,720,21.600000,10000.000000,1,0,1951501,1120,0,1120,-9,0,4,98
6,720,21.600000,10000.000000,1,0,1951512,1139,0,1139,-9,0,4,98
6,720,21.600000,10000.000000,1,0,1951523,1151,0,1151,-9,0,4,98
6,720,21.600000,10000.000000,1,0,1951533,1160,0,1160,-9,0,4,98
6,720,21.600000,10000.000000,1,0,1951544,1168,0,1168,-9,0,4,98
6,720,21.600000,10000.000000,1,0,1951555,1171,0,1171,-9,0,4,98
6,720,21.600000,10000.000000,1,0,1951566,1173,0,1173,-9,0,4,98
6,720,21.600000,10000.000000,1,0,1951576,1174,0,1174,-10,0,4,98
6,720,21.600000,10000.000000,1,0,1951587,1174,0,1174,-10,0,4,98
6,720,21.600000,10000.000000,1,0,1951598,1174,0,1174,-10,0,4,98
6,720,21.600000,10000.000000,1,0,1951609,1175,0,1175,-10,0,4,98
6,720,21.600000,10000.000000,1,0,1951619,1175,0,1175,-10,0,4,98
6,720,21.600000,10000.000000,1,0,1951630,1175,0,1175,-10,0,4,98
6,720,21.600000,10000.000000,1,0,1951640,1175,0,1175,-10,0,4,98
6,720,21.600000,10000.000000,1,0,1951652,1176,0,1176,-10,0,4,98
6,720,21.600000,10000.000000,1,0,1951663,1180,0,1180,-10,0,4,98
6,720,21.600000,10000.000000,1,0,1951674,1186,0,1186,-11,0,4,98
6,720,21.600000,10000.000000,1,0,1951686,1193,0,1193,-11,0,4,98
6,720,21.600000,10000.000000,1,0,1951697,1201,0,1201,-12,0,4,98
6,720,21.600000,10000.000000,1,0,1951708,1211,0,1211,-12,0,4,98
6,720,21.600000,10000.000000,1,0,1951718,1221,0,1221,-12,0,4,98
6,720,21.600000,10000.000000,1,0,1951729,1229,0,1229,-12,0,4,98
6,720,21.600000,10000.000000,1,0,1951739,1235,0,1235,-12,0,4,98
6,720,21.600000,10000.000000,1,0,1951750,1240,0,1240,-12,0,4,98
6,720,21.600000,10000.000000,1,0,1951761,1245,0,1245,-12,0,4,98
6,720,21.600000,10000.000000,1,0,1951772,1250,1,1250,-11,0,4,98
6,720,21.600000,10000.000000,1,0,1951783,1256,2,1256,-10,0,4,98
6,720,21.600000,10000.000000,1,0,1951794,1268,5,1268,-7,0,4,98
6,720,21.600000,10000.000000,1,0,1951804,1274,7,1274,-5,0,4,98
6,720,21.600000,10000.000000,1,0,1951814,1280,8,1280,-4,0,4,98
6,720,21.600000,10000.000000,1,0,1951826,1287,10,1287,-2,0,4,98
6,720,21.600000,10000.000000,1,0,1951837,1294,11,1294,-1,0,4,98
6,720,21.600000,10000.000000,1,0,1951848,1301,12,1301,0,0,4,98
6,720,21.600000,10000.000000,1,0,1951859,1308,12,1308,0,0,4,98
6,720,21.600000,10000.000000,1,0,1951870,1315,14,1315,2,0,4,98
6,720,21.600000,10000.000000,1,0,1951881,1324,14,1324,2,0,4,98
6,720,21.600000,10000.000000,1,0,1951892,1330,14,1330,2,0,4,98
6,720,21.600000,10000.000000,1,0,1951903,1332,14,1332,2,0,4,98
6,720,21.600000,10000.000000,1,0,1951913,1332,14,1332,2,0,4,98
6,720,21.600000,10000.000000,1,0,1951924,1332,14,1332,2,0,4,98
6,720,21.600000,10000.000000,1,0,1951934,1332,14,1332,2,0,4,98
6,720,21.600000,10000.000000,1,0,1951945,1332,14,1332,2,0,4,98
6,720,21.600000,10000.000000,1,0,1951955,1332,14,1332,2,0,4,98
6,720,21.600000,10000.000000,1,0,1951966,1332,14,1332,2,0,4,98
6,720,21.600000,10000.000000,1,0,1951976,1332,14,1332,2,0,4,98
6,720,21.600000,10000.000000,1,0,1951987,1332,14,1332,2,0,4,98
6,720,21.600000,10000.000000,1,0,1951997,1332,14,1332,2,0,4,98
6,720,21.600000,10000.000000,1,0,1952008,1332,14,1332,2,0,4,98
6,720,21.600000,10000.000000,1,0,1952019,1332,13,1332,1,0,4,98
6,720,21.600000,10000.000000,1,0,1952029,1331,13,1331,1,0,4,98
6,720,21.600000,10000.000000,1,0,1952040,1331,13,1331,1,0,4,98
6,720,21.600000,10000.000000,1,0,1952050,1329,12,1329,0,0,4,98
6,720,21.600000,10000.000000,1,0,1952061,1327,12,1327,0,0,4,98
6,720,21.600000,10000.000000,1,0,1952071,1326,12,1326,0,0,4,98
6,720,21.600000,10000.000000,1,0,1952081,1325,12,1325,0,0,4,98
6,720,21.600000,10000.000000,1,0,1952091,1325,12,1325,0,0,4,98
6,720,21.600000,10000.000000,1,0,1952102,1325,12,1325,0,0,4,98
6,720,21.600000,10000.000000,1,0,1952112,1325,12,1325,0,0,4,98
6,720,21.600000,10000.000000,1,0,1952122,1325,12,1325,0,0,4,98
6,720,21.600000,10000.000000,1,0,1952132,1325,12,1325,0,0,4,98
6,720,21.600000,10000.000000,1,0,1952142,1325,12,1325,0,0,4,98
6,720,21.600000,10000.000000,1,0,1952152,1325,12,1325,0,0,4,98
6,720,21.600000,10000.000000,1,0,1952162,1323,12,1323,0,0,4,98
6,720,21.600000,10000.000000,1,0,1952172,1322,12,1322,0,0,4,98
6,720,21.600000,10000.000000,1,0,1952183,1321,12,1321,0,0,4,98
6,720,21.600000,10000.000000,1,0,1952193,1320,12,1320,0,0,4,98
6,720,21.600000,10000.000000,1,0,1952203,1319,12,1319,0,0,4,98
6,720,21.600000,10000.000000,1,0,1952214,1319,12,1319,0,0,4,98
6,720,21.600000,10000.000000,1,0,1952224,1319,12,1319,0,0,4,98
6,720,21.600000,10000.000000,1,0,1952233,1319,12,1319,0,0,4,98
