6,360,50.400000,10000.000000,0,0,1875808,780,0,780,0,0,4,49
6,360,50.400000,10000.000000,0,0,1875809,780,0,780,0,0,4,49
6,360,50.400000,10000.000000,0,0,1875820,781,0,781,-1,0,4,49
6,360,50.400000,10000.000000,0,0,1875830,782,0,782,-1,0,4,49
6,360,50.400000,10000.000000,0,0,1875841,783,0,783,-1,0,4,49
6,360,50.400000,10000.000000,0,0,1875852,786,0,786,-1,0,4,49
6,360,50.400000,10000.000000,0,0,1875863,791,0,791,-1,0,4,49
6,360,50.400000,10000.000000,0,0,1875874,798,0,798,-1,0,4,49
6,360,50.400000,10000.000000,0,0,1875885,808,0,808,-1,0,4,49
6,360,50.400000,10000.000000,0,0,1875896,822,1,822,0,0,4,49
6,360,50.400000,10000.000000,0,0,1875906,844,1,844,0,0,4,49
6,360,50.400000,10000.000000,0,0,1875917,867,2,867,1,0,4,49
6,360,50.400000,10000.000000,0,0,1875928,889,2,889,1,0,4,49
6,360,50.400000,10000.000000,0,0,1875939,919,1,919,0,0,4,49
6,360,50.400000,10000.000000,0,0,1875950,941,1,941,0,0,4,49
6,360,50.400000,10000.000000,0,0,1875961,964,0,964,-2,0,4,49
6,360,50.400000,10000.000000,0,0,1875973,979,0,979,-3,0,4,49
6,360,50.400000,10000.000000,0,0,1875984,991,0,991,-4,0,4,49
6,360,50.400000,10000.000000,0,0,1875993,1001,0,1001,-6,0,4,49
6,360,50.400000,10000.000000,0,0,1876004,1009,0,1009,-7,0,4,49
6,360,50.400000,10000.000000,0,0,1876015,1015,0,1015,-8,0,4,49
6,360,50.400000,10000.000000,0,0,1876026,1020,0,1020,-9,0,4,49
6,360,50.400000,10000.000000,0,0,1876037,1025,0,1025,-9,0,4,49
6,360,50.400000,10000.000000,0,0,1876048,1029,0,1029,-10,0,4,49
6,360,50.400000,10000.000000,0,0,1876061,1034,0,1034,-11,0,4,49
6,360,50.400000,10000.000000,0,0,1876072,1039,0,1039,-11,0,4,49
6,360,50.400000,10000.000000,0,0,1876082,1044,0,1044,-12,0,4,49
6,360,50.400000,10000.000000,0,0,1876094,1051,0,1051,-12,0,4,49
6,360,50.400000,10000.000000,0,0,1876105,1059,0,1059,-13,0,4,49
6,360,50.400000,10000.000000,0,0,1876117,1068,0,1068,-14,0,4,49
6,360,50.400000,10000.000000,0,0,1876127,1075,0,1075,-15,0,4,49
6,360,50.400000,10000.000000,0,0,1876138,1081,0,1081,-15,0,4,49
6,360,50.400000,10000.000000,0,0,1876149,1088,0,1088,-15,0,4,49
6,360,50.400000,10000.000000,0,0,1876160,1093,0,1093,-16,0,4,49
6,360,50.400000,10000.000000,0,0,1876171,1099,0,1099,-16,0,4,49
6,360,50.400000,10000.000000,0,0,1876182,1103,0,1103,-16,0,4,49
6,360,50.400000,10000.000000,0,0,1876194,1106,0,1106,-16,0,4,49
6,360,50.400000,10000.000000,0,0,1876205,1110,0,1110,-16,0,4,49
6,360,50.400000,10000.000000,0,0,1876215,1113,0,1113,-17,0,4,49
6,360,50.400000,10000.000000,0,0,1876227,1116,0,1116,-17,0,4,49
6,360,50.400000,10000.000000,0,0,1876237,1118,0,1118,-17,0,4,49
6,360,50.400000,10000.000000,0,0,1876248,1120,0,1120,-17,0,4,49
6,360,50.400000,10000.000000,0,0,1876258,1122,0,1122,-17,0,4,49
6,360,50.400000,10000.000000,0,0,1876269,1123,0,1123,-17,0,4,49
6,360,50.400000,10000.000000,0,0,1876280,1124,0,1124,-17,0,4,49
6,360,50.400000,10000.000000,0,0,1876291,1124,0,1124,-17,0,4,49
6,360,50.400000,10000.000000,0,0,1876302,1124,0,1124,-17,0,4,49
6,360,50.400000,10000.000000,0,0,1876313,1124,0,1124,-17,0,4,49
6,360,50.400000,10000.000000,0,0,1876323,1124,0,1124,-17,0,4,49
6,360,50.400000,10000.000000,0,0,1876333,1125,0,1125,-17,0,4,49
6,360,50.400000,10000.000000,0,0,1876344,1126,0,1126,-17,0,4,49
6,360,50.400000,10000.000000,0,0,1876354,1127,0,1127,-17,0,4,49
6,360,50.400000,10000.000000,0,0,1876365,1128,0,1128,-17,0,4,49
6,360,50.400000,10000.000000,0,0,1876375,1129,0,1129,-17,0,4,49
6,360,50.400000,10000.000000,0,0,1876385,1129,0,1129,-17,0,4,49
6,360,50.400000,10000.000000,0,0,1876396,1129,0,1129,-17,0,4,49
6,360,50.400000,10000.000000,0,0,1876406,1129,0,1129,-17,0,4,49
6,360,50.400000,10000.000000,0,0,1876415,1129,0,1129,-17,0,4,49
