6,360,82.800000,42.984000,1,1,1982544,780,22,780,22,0,4,117
6,360,82.800000,42.984000,1,1,1982546,780,22,780,22,0,4,117
6,360,82.800000,42.984000,1,1,1982558,780,22,780,22,0,4,117
6,360,82.800000,42.984000,1,1,1982569,782,22,782,22,0,4,117
6,360,82.800000,42.984000,1,1,1982581,784,22,784,22,0,4,117
6,360,82.800000,42.984000,1,1,1982592,787,22,787,22,0,4,117
6,360,82.800000,42.984000,1,1,1982603,792,22,792,22,0,4,117
6,360,82.800000,42.984000,1,1,1982613,799,23,799,23,0,4,117
6,360,82.800000,42.984000,1,1,1982624,809,24,809,24,0,4,117
6,360,82.800000,42.984000,1,1,1982636,824,25,824,25,0,4,117
6,360,82.800000,42.984000,1,1,1982647,842,27,842,27,0,4,117
6,360,82.800000,42.984000,1,1,1982657,861,28,861,28,0,4,117
6,360,82.800000,42.984000,1,1,1982668,883,29,883,29,0,4,117
6,360,82.800000,42.984000,1,1,1982678,903,30,903,30,0,4,117
6,360,82.800000,42.984000,1,1,1982689,925,30,925,30,0,4,117
6,360,82.800000,42.984000,1,1,1982700,941,31,941,31,0,4,117
6,360,82.800000,42.984000,1,1,1982710,957,32,957,32,0,4,117
6,360,82.800000,42.984000,1,1,1982721,973,33,973,33,0,4,117
6,360,82.800000,42.984000,1,1,1982731,990,33,990,33,0,4,117
6,360,82.800000,42.984000,1,1,1982743,1006,33,1006,33,0,4,117
6,360,82.800000,42.984000,1,1,1982754,1024,33,1024,33,0,4,117
6,360,82.800000,42.984000,1,1,1982764,1038,33,1038,33,0,4,117
6,360,82.800000,42.984000,1,1,1982775,1049,34,1049,34,0,4,117
6,360,82.800000,42.984000,1,1,1982785,1057,34,1057,34,0,4,117
6,360,82.800000,42.984000,1,1,1982795,1064,34,1064,34,0,4,117
6,360,82.800000,42.984000,1,1,1982806,1068,34,1068,34,0,4,117
6,360,82.800000,42.984000,1,1,1982817,1071,34,1071,34,0,4,117
6,360,82.800000,42.984000,1,1,1982827,1073,34,1073,34,0,4,117
6,360,82.800000,42.984000,1,1,1982838,1074,34,1074,34,0,4,117
6,360,82.800000,42.984000,1,1,1982848,1074,34,1074,34,0,4,117
6,360,82.800000,42.984000,1,1,1982858,1075,34,1075,34,0,4,117
6,360,82.800000,42.984000,1,1,1982869,1077,33,1077,33,0,4,117
6,360,82.800000,42.984000,1,1,1982880,1079,33,1079,33,0,4,117
6,360,82.800000,42.984000,1,1,1982891,1081,31,1081,31,0,4,117
6,360,82.800000,42.984000,1,1,1982902,1083,30,1083,30,0,4,117
6,360,82.800000,42.984000,1,1,1982913,1086,29,1086,29,0,4,117
6,360,82.800000,42.984000,1,1,1982923,1089,27,1089,27,0,4,117
6,360,82.800000,42.984000,1,1,1982934,1092,25,1092,25,0,4,117
6,360,82.800000,42.984000,1,1,1982945,1097,23,1097,23,0,4,117
6,360,82.800000,42.984000,1,1,1982956,1101,21,1101,21,0,4,117
6,360,82.800000,42.984000,1,1,1982967,1105,20,1105,20,0,4,117
6,360,82.800000,42.984000,1,1,1982979,1109,18,1109,18,0,4,117
6,360,82.800000,42.984000,1,1,1982990,1112,17,1112,17,0,4,117
6,360,82.800000,42.984000,1,1,1983002,1114,16,1114,16,0,4,117
6,360,82.800000,42.984000,1,1,1983013,1117,15,1117,15,0,4,117
6,360,82.800000,42.984000,1,1,1983023,1120,14,1120,14,0,4,117
6,360,82.800000,42.984000,1,1,1983034,1122,13,1122,13,0,4,117
6,360,82.800000,42.984000,1,1,1983044,1124,13,1124,13,0,4,117
6,360,82.800000,42.984000,1,1,1983056,1125,12,1125,12,0,4,117
6,360,82.800000,42.984000,1,1,1983067,1127,12,1127,12,0,4,117
6,360,82.800000,42.984000,1,1,1983077,1127,12,1127,12,0,4,117
6,360,82.800000,42.984000,1,1,1983088,1127,12,1127,12,0,4,117
6,360,82.800000,42.984000,1,1,1983099,1127,12,1127,12,0,4,117
6,360,82.800000,42.984000,1,1,1983109,1127,12,1127,12,0,4,117
6,360,82.800000,42.984000,1,1,1983120,1127,12,1127,12,0,4,117
6,360,82.800000,42.984000,1,1,1983131,1128,12,1128,12,0,4,117
6,360,82.800000,42.984000,1,1,1983141,1128,12,1128,12,0,4,117
6,360,82.800000,42.984000,1,1,1983152,1128,12,1128,12,0,4,117
6,360,82.800000,42.984000,1,1,1983162,1128,12,1128,12,0,4,117
