6,720,21.600000,12.276000,1,0,1880329,600,0,600,0,0,4,51
6,720,21.600000,12.276000,1,0,1880330,600,0,600,0,0,4,51
6,720,21.600000,12.276000,1,0,1880340,600,0,600,0,0,4,51
6,720,21.600000,12.276000,1,0,1880350,600,0,600,0,0,4,51
6,720,21.600000,12.276000,1,0,1880360,600,0,600,0,0,4,51
6,720,21.600000,12.276000,1,0,1880370,600,0,600,0,0,4,51
6,720,21.600000,12.276000,1,0,1880381,600,0,600,0,0,4,51
6,720,21.600000,12.276000,1,0,1880391,602,0,602,0,0,4,51
6,720,21.600000,12.276000,1,0,1880401,604,0,604,0,0,4,51
6,720,21.600000,12.276000,1,0,1880412,613,1,613,1,0,4,51
6,720,21.600000,12.276000,1,0,1880422,633,5,633,5,0,4,51
6,720,21.600000,12.276000,1,0,1880435,660,8,660,8,0,4,51
6,720,21.600000,12.276000,1,0,1880445,703,13,703,13,0,4,51
6,720,21.600000,12.276000,1,0,1880457,756,15,756,15,0,4,51
6,720,21.600000,12.276000,1,0,1880467,822,17,822,17,0,4,51
6,720,21.600000,12.276000,1,0,1880478,891,18,891,18,0,4,51
6,720,21.600000,12.276000,1,0,1880488,961,18,961,18,0,4,51
6,720,21.600000,12.276000,1,0,1880499,1020,18,1020,18,0,4,51
6,720,21.600000,12.276000,1,0,1880509,1089,17,1089,17,0,4,51
6,720,21.600000,12.276000,1,0,1880519,1141,15,1141,15,0,4,51
6,720,21.600000,12.276000,1,0,1880530,1188,14,1188,14,0,4,51
6,720,21.600000,12.276000,1,0,1880540,1218,12,1218,12,0,4,51
6,720,21.600000,12.276000,1,0,1880550,1238,12,1238,12,0,4,51
6,720,21.600000,12.276000,1,0,1880561,1253,12,1253,12,0,4,51
6,720,21.600000,12.276000,1,0,1880577,1258,12,1258,12,0,4,51
6,720,21.600000,12.276000,1,0,1880588,1264,12,1264,12,0,4,51
6,720,21.600000,12.276000,1,0,1880599,1268,12,1268,12,0,4,51
6,720,21.600000,12.276000,1,0,1880610,1273,13,1273,13,0,4,51
6,720,21.600000,12.276000,1,0,1880621,1279,14,1279,14,0,4,51
6,720,21.600000,12.276000,1,0,1880631,1285,15,1285,15,0,4,51
6,720,21.600000,12.276000,1,0,1880642,1291,16,1291,16,0,4,51
6,720,21.600000,12.276000,1,0,1880653,1299,17,1299,17,0,4,51
6,720,21.600000,12.276000,1,0,1880663,1308,18,1308,18,0,4,51
6,720,21.600000,12.276000,1,0,1880675,1316,18,1316,18,0,4,51
6,720,21.600000,12.276000,1,0,1880686,1324,18,1324,18,0,4,51
6,720,21.600000,12.276000,1,0,1880695,1327,18,1327,18,0,4,51
6,720,21.600000,12.276000,1,0,1880705,1328,18,1328,18,0,4,51
6,720,21.600000,12.276000,1,0,1880715,1328,18,1328,18,0,4,51
6,720,21.600000,12.276000,1,0,1880725,1328,18,1328,18,0,4,51
6,720,21.600000,12.276000,1,0,1880735,1328,18,1328,18,0,4,51
6,720,21.600000,12.276000,1,0,1880745,1328,18,1328,18,0,4,51
6,720,21.600000,12.276000,1,0,1880754,1328,18,1328,18,0,4,51
6,720,21.600000,12.276000,1,0,1880765,1328,18,1328,18,0,4,51
6,720,21.600000,12.276000,1,0,1880774,1328,18,1328,18,0,4,51
6,720,21.600000,12.276000,1,0,1880784,1328,18,1328,18,0,4,51
6,720,21.600000,12.276000,1,0,1880795,1328,18,1328,18,0,4,51
6,720,21.600000,12.276000,1,0,1880805,1328,18,1328,18,0,4,51
6,720,21.600000,12.276000,1,0,1880815,1328,18,1328,18,0,4,51
6,720,21.600000,12.276000,1,0,1880825,1328,18,1328,18,0,4,51
6,720,21.600000,12.276000,1,0,1880835,1328,18,1328,18,0,4,51
6,720,21.600000,12.276000,1,0,1880845,1328,18,1328,18,0,4,51
6,720,21.600000,12.276000,1,0,1880855,1328,18,1328,18,0,4,51
6,720,21.600000,12.276000,1,0,1880864,1328,18,1328,18,0,4,51
6,720,21.600000,12.276000,1,0,1880875,1328,18,1328,18,0,4,51
6,720,21.600000,12.276000,1,0,1880885,1328,18,1328,18,0,4,51
6,720,21.600000,12.276000,1,0,1880895,1327,17,1327,17,0,4,51
6,720,21.600000,12.276000,1,0,1880905,1327,16,1327,16,0,4,51
6,720,21.600000,12.276000,1,0,1880915,1325,15,1325,15,0,4,51
6,720,21.600000,12.276000,1,0,1880925,1324,14,1324,14,0,4,51
6,720,21.600000,12.276000,1,0,1880935,1324,13,1324,13,0,4,51
6,720,21.600000,12.276000,1,0,1880945,1324,11,1324,11,0,4,51
6,720,21.600000,12.276000,1,0,1880955,1324,11,1324,11,0,4,51
6,720,21.600000,12.276000,1,0,1880965,1324,10,1324,10,0,4,51
6,720,21.600000,12.276000,1,0,1880975,1323,10,1323,10,0,4,51
6,720,21.600000,12.276000,1,0,1880985,1323,9,1323,9,0,4,51
6,720,21.600000,12.276000,1,0,1880996,1322,9,1322,9,0,4,51
6,720,21.600000,12.276000,1,0,1881006,1322,9,1322,9,0,4,51
6,720,21.600000,12.276000,1,0,1881016,1322,9,1322,9,0,4,51
6,720,21.600000,12.276000,1,0,1881025,1322,9,1322,9,0,4,51
