6,360,82.800000,22.608000,1,0,2235645,780,0,780,0,0,5,84
6,360,82.800000,22.608000,1,0,2235646,780,0,780,0,0,5,84
6,360,82.800000,22.608000,1,0,2235659,788,0,788,0,0,5,84
6,360,82.800000,22.608000,1,0,2235672,798,0,798,0,0,5,84
6,360,82.800000,22.608000,1,0,2235684,812,0,812,0,0,5,84
6,360,82.800000,22.608000,1,0,2235696,832,0,832,-1,0,5,84
6,360,82.800000,22.608000,1,0,2235708,855,0,855,-1,0,5,84
6,360,82.800000,22.608000,1,0,2235721,881,0,881,-2,0,5,84
6,360,82.800000,22.608000,1,0,2235734,906,0,906,-3,0,5,84
6,360,82.800000,22.608000,1,0,2235745,938,0,938,-4,0,5,84
6,360,82.800000,22.608000,1,0,2235757,964,0,964,-6,0,5,84
6,360,82.800000,22.608000,1,0,2235769,987,0,987,-8,0,5,84
6,360,82.800000,22.608000,1,0,2235783,1005,0,1005,-10,0,5,84
6,360,82.800000,22.608000,1,0,2235795,1017,0,1017,-12,0,5,84
6,360,82.800000,22.608000,1,0,2235806,1022,0,1022,-13,0,5,84
6,360,82.800000,22.608000,1,0,2235818,1026,0,1026,-14,0,5,84
6,360,82.800000,22.608000,1,0,2235830,1029,0,1029,-15,0,5,84
6,360,82.800000,22.608000,1,0,2235842,1031,0,1031,-15,0,5,84
6,360,82.800000,22.608000,1,0,2235853,1034,0,1034,-15,0,5,84
6,360,82.800000,22.608000,1,0,2235866,1038,0,1038,-15,0,5,84
6,360,82.800000,22.608000,1,0,2235878,1044,0,1044,-15,0,5,84
6,360,82.800000,22.608000,1,0,2235891,1047,0,1047,-16,0,5,84
6,360,82.800000,22.608000,1,0,2235903,1050,0,1050,-17,0,5,84
6,360,82.800000,22.608000,1,0,2235915,1052,0,1052,-17,0,5,84
6,360,82.800000,22.608000,1,0,2235927,1054,0,1054,-18,0,5,84
6,360,82.800000,22.608000,1,0,2235938,1057,0,1057,-18,0,5,84
6,360,82.800000,22.608000,1,0,2235950,1062,0,1062,-18,0,5,84
6,360,82.800000,22.608000,1,0,2235962,1069,0,1069,-18,0,5,84
6,360,82.800000,22.608000,1,0,2235974,1078,0,1078,-18,0,5,84
6,360,82.800000,22.608000,1,0,2235986,1086,0,1086,-18,0,5,84
6,360,82.800000,22.608000,1,0,2235999,1093,0,1093,-18,0,5,84
6,360,82.800000,22.608000,1,0,2236012,1101,0,1101,-18,0,5,84
6,360,82.800000,22.608000,1,0,2236025,1107,0,1107,-18,0,5,84
6,360,82.800000,22.608000,1,0,2236037,1112,0,1112,-18,0,5,84
6,360,82.800000,22.608000,1,0,2236050,1117,0,1117,-18,0,5,84
6,360,82.800000,22.608000,1,0,2236062,1121,0,1121,-18,0,5,84
6,360,82.800000,22.608000,1,0,2236073,1126,0,1126,-18,0,5,84
6,360,82.800000,22.608000,1,0,2236086,1130,0,1130,-18,0,5,84
6,360,82.800000,22.608000,1,0,2236098,1133,0,1133,-18,0,5,84
6,360,82.800000,22.608000,1,0,2236109,1134,0,1134,-18,0,5,84
6,360,82.800000,22.608000,1,0,2236121,1136,0,1136,-18,0,5,84
6,360,82.800000,22.608000,1,0,2236133,1138,0,1138,-18,0,5,84
6,360,82.800000,22.608000,1,0,2236145,1141,0,1141,-18,0,5,84
6,360,82.800000,22.608000,1,0,2236157,1144,0,1144,-19,0,5,84
6,360,82.800000,22.608000,1,0,2236169,1146,0,1146,-19,0,5,84
6,360,82.800000,22.608000,1,0,2236181,1146,0,1146,-19,0,5,84
6,360,82.800000,22.608000,1,0,2236192,1146,0,1146,-19,0,5,84
6,360,82.800000,22.608000,1,0,2236204,1146,0,1146,-19,0,5,84
6,360,82.800000,22.608000,1,0,2236215,1146,0,1146,-19,0,5,84
