6,720,21.600000,10000.000000,1,0,2151083,600,0,600,0,0,5,25
6,720,21.600000,10000.000000,1,0,2151084,600,0,600,0,0,5,25
6,720,21.600000,10000.000000,1,0,2151093,601,0,601,0,0,5,25
6,720,21.600000,10000.000000,1,0,2151104,602,0,602,0,0,5,25
6,720,21.600000,10000.000000,1,0,2151114,603,0,603,0,0,5,25
6,720,21.600000,10000.000000,1,0,2151125,605,0,605,0,0,5,25
6,720,21.600000,10000.000000,1,0,2151136,612,1,612,1,0,5,25
6,720,21.600000,10000.000000,1,0,2151147,625,4,625,4,0,5,25
6,720,21.600000,10000.000000,1,0,2151157,643,7,643,7,0,5,25
6,720,21.600000,10000.000000,1,0,2151168,668,10,668,10,0,5,25
6,720,21.600000,10000.000000,1,0,2151178,701,15,701,15,0,5,25
6,720,21.600000,10000.000000,1,0,2151188,735,20,735,20,0,5,25
6,720,21.600000,10000.000000,1,0,2151199,771,26,771,26,0,5,25
6,720,21.600000,10000.000000,1,0,2151209,819,35,819,35,0,5,25
6,720,21.600000,10000.000000,1,0,2151220,859,42,859,42,0,5,25
6,720,21.600000,10000.000000,1,0,2151230,907,49,907,49,0,5,25
6,720,21.600000,10000.000000,1,0,2151240,943,54,943,54,0,5,25
6,720,21.600000,10000.000000,1,0,2151251,972,56,972,56,0,5,25
6,720,21.600000,10000.000000,1,0,2151261,1001,57,1001,57,0,5,25
6,720,21.600000,10000.000000,1,0,2151272,1019,57,1019,57,0,5,25
6,720,21.600000,10000.000000,1,0,2151283,1035,57,1035,57,0,5,25
6,720,21.600000,10000.000000,1,0,2151294,1051,57,1051,57,0,5,25
6,720,21.600000,10000.000000,1,0,2151304,1064,57,1064,57,0,5,25
6,720,21.600000,10000.000000,1,0,2151315,1077,57,1077,57,0,5,25
6,720,21.600000,10000.000000,1,0,2151331,1091,57,1091,57,0,5,25
6,720,21.600000,10000.000000,1,0,2151342,1110,57,1110,57,0,5,25
6,720,21.600000,10000.000000,1,0,2151353,1121,57,1121,57,0,5,25
6,720,21.600000,10000.000000,1,0,2151363,1131,57,1131,57,0,5,25
6,720,21.600000,10000.000000,1,0,2151374,1141,56,1141,56,0,5,25
6,720,21.600000,10000.000000,1,0,2151385,1152,54,1152,54,0,5,25
6,720,21.600000,10000.000000,1,0,2151395,1161,53,1161,53,0,5,25
6,720,21.600000,10000.000000,1,0,2151406,1172,51,1172,51,0,5,25
6,720,21.600000,10000.000000,1,0,2151417,1182,50,1182,50,0,5,25
6,720,21.600000,10000.000000,1,0,2151428,1191,49,1191,49,0,5,25
6,720,21.600000,10000.000000,1,0,2151438,1200,48,1200,48,0,5,25
6,720,21.600000,10000.000000,1,0,2151448,1204,47,1204,47,0,5,25
6,720,21.600000,10000.000000,1,0,2151459,1208,47,1208,47,0,5,25
6,720,21.600000,10000.000000,1,0,2151473,1210,46,1210,46,0,5,25
6,720,21.600000,10000.000000,1,0,2151483,1212,45,1212,45,0,5,25
6,720,21.600000,10000.000000,1,0,2151493,1215,45,1215,45,0,5,25
6,720,21.600000,10000.000000,1,0,2151504,1220,45,1220,45,0,5,25
6,720,21.600000,10000.000000,1,0,2151514,1228,45,1228,45,0,5,25
6,720,21.600000,10000.000000,1,0,2151525,1235,45,1235,45,0,5,25
6,720,21.600000,10000.000000,1,0,2151535,1244,44,1244,44,0,5,25
6,720,21.600000,10000.000000,1,0,2151545,1252,44,1252,44,0,5,25
6,720,21.600000,10000.000000,1,0,2151557,1259,43,1259,43,0,5,25
6,720,21.600000,10000.000000,1,0,2151567,1267,42,1267,42,0,5,25
6,720,21.600000,10000.000000,1,0,2151577,1271,41,1271,41,0,5,25
6,720,21.600000,10000.000000,1,0,2151587,1273,40,1273,40,0,5,25
6,720,21.600000,10000.000000,1,0,2151597,1273,39,1273,39,0,5,25
6,720,21.600000,10000.000000,1,0,2151607,1273,39,1273,39,0,5,25
6,720,21.600000,10000.000000,1,0,2151616,1273,39,1273,39,0,5,25
6,720,21.600000,10000.000000,1,0,2151631,1273,39,1273,39,0,5,25
6,720,21.600000,10000.000000,1,0,2151641,1274,39,1274,39,0,5,25
6,720,21.600000,10000.000000,1,0,2151651,1275,39,1275,39,0,5,25
6,720,21.600000,10000.000000,1,0,2151661,1275,38,1275,38,0,5,25
6,720,21.600000,10000.000000,1,0,2151671,1275,38,1275,38,0,5,25
6,720,21.600000,10000.000000,1,0,2151681,1276,37,1276,37,0,5,25
6,720,21.600000,10000.000000,1,0,2151690,1277,36,1277,36,0,5,25
6,720,21.600000,10000.000000,1,0,2151701,1278,35,1278,35,0,5,25
6,720,21.600000,10000.000000,1,0,2151713,1280,34,1280,34,0,5,25
6,720,21.600000,10000.000000,1,0,2151726,1281,32,1281,32,0,5,25
6,720,21.600000,10000.000000,1,0,2151736,1283,31,1283,31,0,5,25
6,720,21.600000,10000.000000,1,0,2151748,1284,29,1284,29,0,5,25
6,720,21.600000,10000.000000,1,0,2151759,1286,27,1286,27,0,5,25
6,720,21.600000,10000.000000,1,0,2151769,1289,26,1289,26,0,5,25
6,720,21.600000,10000.000000,1,0,2151778,1291,24,1291,24,0,5,25
6,720,21.600000,10000.000000,1,0,2151789,1293,22,1293,22,0,5,25
6,720,21.600000,10000.000000,1,0,2151799,1295,21,1295,21,0,5,25
6,720,21.600000,10000.000000,1,0,2151809,1297,21,1297,21,0,5,25
6,720,21.600000,10000.000000,1,0,2151819,1299,21,1299,21,0,5,25
6,720,21.600000,10000.000000,1,0,2151830,1302,20,1302,20,0,5,25
6,720,21.600000,10000.000000,1,0,2151839,1305,19,1305,19,0,5,25
6,720,21.600000,10000.000000,1,0,2151850,1308,18,1308,18,0,5,25
6,720,21.600000,10000.000000,1,0,2151861,1310,17,1310,17,0,5,25
6,720,21.600000,10000.000000,1,0,2151872,1312,16,1312,16,0,5,25
6,720,21.600000,10000.000000,1,0,2151882,1313,16,1313,16,0,5,25
6,720,21.600000,10000.000000,1,0,2151892,1315,16,1315,16,0,5,25
6,720,21.600000,10000.000000,1,0,2151900,1315,16,1315,16,0,5,25
6,720,21.600000,10000.000000,1,0,2151916,1315,16,1315,16,0,5,25
6,720,21.600000,10000.000000,1,0,2151926,1315,15,1315,15,0,5,25
6,720,21.600000,10000.000000,1,0,2151936,1315,15,1315,15,0,5,25
6,720,21.600000,10000.000000,1,0,2151946,1316,15,1316,15,0,5,25
6,720,21.600000,10000.000000,1,0,2151956,1316,14,1316,14,0,5,25
6,720,21.600000,10000.000000,1,0,2151967,1317,14,1317,14,0,5,25
6,720,21.600000,10000.000000,1,0,2151977,1317,14,1317,14,0,5,25
6,720,21.600000,10000.000000,1,0,2151986,1318,13,1318,13,0,5,25
6,720,21.600000,10000.000000,1,0,2151996,1319,12,1319,12,0,5,25
6,720,21.600000,10000.000000,1,0,2152010,1319,12,1319,12,0,5,25
6,720,21.600000,10000.000000,1,0,2152019,1319,12,1319,12,0,5,25
6,720,21.600000,10000.000000,1,0,2152029,1319,12,1319,12,0,5,25
6,720,21.600000,10000.000000,1,0,2152039,1319,12,1319,12,0,5,25
6,720,21.600000,10000.000000,1,0,2152049,1319,12,1319,12,0,5,25
6,720,21.600000,10000.000000,1,0,2152060,1319,12,1319,12,0,5,25
