6,720,21.600000,0.000000,0,0,2263679,600,0,600,0,0,5,104
6,720,21.600000,0.000000,0,0,2263680,600,0,600,0,0,5,104
6,720,21.600000,0.000000,0,0,2263691,604,0,604,0,0,5,104
6,720,21.600000,0.000000,0,0,2263702,608,0,608,0,0,5,104
6,720,21.600000,0.000000,0,0,2263717,612,0,612,0,0,5,104
6,720,21.600000,0.000000,0,0,2263733,617,0,617,0,0,5,104
6,720,21.600000,0.000000,0,0,2263748,626,0,626,0,0,5,104
6,720,21.600000,0.000000,0,0,2263764,639,0,639,0,0,5,104
6,720,21.600000,0.000000,0,0,2263780,665,1,665,1,0,5,104
6,720,21.600000,0.000000,0,0,2263795,705,3,705,3,0,5,104
6,720,21.600000,0.000000,0,0,2263806,768,5,768,5,0,5,104
6,720,21.600000,0.000000,0,0,2263818,821,7,821,7,0,5,104
6,720,21.600000,0.000000,0,0,2263828,885,10,885,10,0,5,104
6,720,21.600000,0.000000,0,0,2263839,945,12,945,12,0,5,104
6,720,21.600000,0.000000,0,0,2263849,1012,13,1012,13,0,5,104
6,720,21.600000,0.000000,0,0,2263860,1065,16,1065,16,0,5,104
6,720,21.600000,0.000000,0,0,2263874,1121,18,1121,18,0,5,104
6,720,21.600000,0.000000,0,0,2263885,1183,19,1183,19,0,5,104
6,720,21.600000,0.000000,0,0,2263896,1223,20,1223,20,0,5,104
6,720,21.600000,0.000000,0,0,2263906,1250,21,1250,21,0,5,104
6,720,21.600000,0.000000,0,0,2263917,1273,21,1273,21,0,5,104
6,720,21.600000,0.000000,0,0,2263927,1287,21,1287,21,0,5,104
6,720,21.600000,0.000000,0,0,2263938,1295,21,1295,21,0,5,104
6,720,21.600000,0.000000,0,0,2263954,1299,21,1299,21,0,5,104
6,720,21.600000,0.000000,0,0,2263968,1302,20,1302,20,0,5,104
6,720,21.600000,0.000000,0,0,2263985,1304,19,1304,19,0,5,104
6,720,21.600000,0.000000,0,0,2263995,1308,18,1308,18,0,5,104
6,720,21.600000,0.000000,0,0,2264006,1312,17,1312,17,0,5,104
6,720,21.600000,0.000000,0,0,2264017,1317,17,1317,17,0,5,104
6,720,21.600000,0.000000,0,0,2264032,1322,16,1322,16,0,5,104
6,720,21.600000,0.000000,0,0,2264043,1327,14,1327,14,0,5,104
6,720,21.600000,0.000000,0,0,2264054,1328,14,1328,14,0,5,104
6,720,21.600000,0.000000,0,0,2264064,1329,14,1329,14,0,5,104
6,720,21.600000,0.000000,0,0,2264080,1329,14,1329,14,0,5,104
6,720,21.600000,0.000000,0,0,2264094,1332,14,1332,14,0,5,104
6,720,21.600000,0.000000,0,0,2264105,1339,13,1339,13,0,5,104
6,720,21.600000,0.000000,0,0,2264118,1345,12,1345,12,0,5,104
6,720,21.600000,0.000000,0,0,2264128,1353,11,1353,11,0,5,104
6,720,21.600000,0.000000,0,0,2264142,1358,10,1358,10,0,5,104
6,720,21.600000,0.000000,0,0,2264152,1360,10,1360,10,0,5,104
6,720,21.600000,0.000000,0,0,2264164,1360,10,1360,10,0,5,104
6,720,21.600000,0.000000,0,0,2264174,1360,9,1360,9,0,5,104
6,720,21.600000,0.000000,0,0,2264185,1360,8,1360,8,0,5,104
6,720,21.600000,0.000000,0,0,2264197,1359,8,1359,8,0,5,104
6,720,21.600000,0.000000,0,0,2264208,1358,8,1358,8,0,5,104
6,720,21.600000,0.000000,0,0,2264218,1357,8,1357,8,0,5,104
6,720,21.600000,0.000000,0,0,2264228,1355,7,1355,7,0,5,104
6,720,21.600000,0.000000,0,0,2264240,1352,7,1352,7,0,5,104
6,720,21.600000,0.000000,0,0,2264250,1344,7,1344,7,0,5,104
6,720,21.600000,0.000000,0,0,2264266,1337,7,1337,7,0,5,104
6,720,21.600000,0.000000,0,0,2264276,1328,7,1328,7,0,5,104
6,720,21.600000,0.000000,0,0,2264286,1324,7,1324,7,0,5,104
6,720,21.600000,0.000000,0,0,2264296,1322,7,1322,7,0,5,104
6,720,21.600000,0.000000,0,0,2264306,1319,7,1319,7,0,5,104
6,720,21.600000,0.000000,0,0,2264316,1319,7,1319,7,0,5,104
6,720,21.600000,0.000000,0,0,2264331,1319,7,1319,7,0,5,104
6,720,21.600000,0.000000,0,0,2264341,1319,7,1319,7,0,5,104
6,720,21.600000,0.000000,0,0,2264351,1319,7,1319,7,0,5,104
6,720,21.600000,0.000000,0,0,2264363,1319,7,1319,7,0,5,104
6,720,21.600000,0.000000,0,0,2264374,1319,7,1319,7,0,5,104
6,720,21.600000,0.000000,0,0,2264384,1319,7,1319,7,0,5,104
6,720,21.600000,0.000000,0,0,2264394,1319,7,1319,7,0,5,104
6,720,21.600000,0.000000,0,0,2264404,1319,7,1319,7,0,5,104
6,720,21.600000,0.000000,0,0,2264414,1319,7,1319,7,0,5,104
6,720,21.600000,0.000000,0,0,2264424,1319,7,1319,7,0,5,104
6,720,21.600000,0.000000,0,0,2264435,1319,7,1319,7,0,5,104
6,720,21.600000,0.000000,0,0,2264445,1319,7,1319,7,0,5,104
6,720,21.600000,0.000000,0,0,2264453,1319,7,1319,7,0,5,104
