6,360,82.800000,42.984000,0,0,2243047,780,0,780,0,0,5,89
6,360,82.800000,42.984000,0,0,2243048,780,0,780,0,0,5,89
6,360,82.800000,42.984000,0,0,2243062,787,0,787,0,0,5,89
6,360,82.800000,42.984000,0,0,2243073,797,0,797,-1,0,5,89
6,360,82.800000,42.984000,0,0,2243086,806,0,806,-1,0,5,89
6,360,82.800000,42.984000,0,0,2243097,821,0,821,-2,0,5,89
6,360,82.800000,42.984000,0,0,2243109,838,0,838,-4,0,5,89
6,360,82.800000,42.984000,0,0,2243122,863,0,863,-7,0,5,89
6,360,82.800000,42.984000,0,0,2243135,897,0,897,-8,0,5,89
6,360,82.800000,42.984000,0,0,2243147,927,0,927,-9,0,5,89
6,360,82.800000,42.984000,0,0,2243160,960,0,960,-10,0,5,89
6,360,82.800000,42.984000,0,0,2243173,992,0,992,-12,0,5,89
6,360,82.800000,42.984000,0,0,2243185,1017,0,1017,-14,0,5,89
6,360,82.800000,42.984000,0,0,2243196,1042,0,1042,-17,0,5,89
6,360,82.800000,42.984000,0,0,2243209,1058,0,1058,-19,0,5,89
6,360,82.800000,42.984000,0,0,2243221,1072,0,1072,-21,0,5,89
6,360,82.800000,42.984000,0,0,2243232,1086,0,1086,-23,0,5,89
6,360,82.800000,42.984000,0,0,2243244,1100,0,1100,-25,0,5,89
6,360,82.800000,42.984000,0,0,2243257,1111,0,1111,-26,0,5,89
6,360,82.800000,42.984000,0,0,2243269,1122,0,1122,-26,0,5,89
6,360,82.800000,42.984000,0,0,2243281,1128,0,1128,-27,0,5,89
6,360,82.800000,42.984000,0,0,2243293,1131,0,1131,-27,0,5,89
6,360,82.800000,42.984000,0,0,2243304,1131,0,1131,-28,0,5,89
6,360,82.800000,42.984000,0,0,2243316,1131,0,1131,-28,0,5,89
6,360,82.800000,42.984000,0,0,2243327,1131,0,1131,-28,0,5,89
6,360,82.800000,42.984000,0,0,2243339,1131,0,1131,-28,0,5,89
6,360,82.800000,42.984000,0,0,2243351,1131,0,1131,-28,0,5,89
6,360,82.800000,42.984000,0,0,2243363,1131,0,1131,-28,0,5,89
6,360,82.800000,42.984000,0,0,2243376,1133,0,1133,-28,0,5,89
6,360,82.800000,42.984000,0,0,2243387,1136,0,1136,-28,0,5,89
6,360,82.800000,42.984000,0,0,2243399,1139,0,1139,-28,0,5,89
6,360,82.800000,42.984000,0,0,2243412,1141,0,1141,-28,0,5,89
6,360,82.800000,42.984000,0,0,2243423,1142,0,1142,-28,0,5,89
6,360,82.800000,42.984000,0,0,2243435,1142,0,1142,-28,0,5,89
6,360,82.800000,42.984000,0,0,2243447,1142,1,1142,-27,0,5,89
6,360,82.800000,42.984000,0,0,2243458,1142,2,1142,-26,0,5,89
6,360,82.800000,42.984000,0,0,2243470,1142,2,1142,-26,0,5,89
6,360,82.800000,42.984000,0,0,2243482,1142,2,1142,-26,0,5,89
6,360,82.800000,42.984000,0,0,2243492,1142,2,1142,-26,0,5,89
