6,360,21.600000,42.984000,1,0,2215691,780,0,780,0,0,5,70
6,360,21.600000,42.984000,1,0,2215692,780,0,780,0,0,5,70
6,360,21.600000,42.984000,1,0,2215705,785,0,785,0,0,5,70
6,360,21.600000,42.984000,1,0,2215718,793,0,793,0,0,5,70
6,360,21.600000,42.984000,1,0,2215732,806,1,806,1,0,5,70
6,360,21.600000,42.984000,1,0,2215747,823,1,823,1,0,5,70
6,360,21.600000,42.984000,1,0,2215760,845,1,845,1,0,5,70
6,360,21.600000,42.984000,1,0,2215775,875,2,875,2,0,5,70
6,360,21.600000,42.984000,1,0,2215789,909,3,909,3,0,5,70
6,360,21.600000,42.984000,1,0,2215804,954,4,954,4,0,5,70
6,360,21.600000,42.984000,1,0,2215818,994,5,994,5,0,5,70
6,360,21.600000,42.984000,1,0,2215830,1031,5,1031,5,0,5,70
6,360,21.600000,42.984000,1,0,2215843,1060,5,1060,5,0,5,70
6,360,21.600000,42.984000,1,0,2215857,1087,5,1087,5,0,5,70
6,360,21.600000,42.984000,1,0,2215871,1105,5,1105,5,0,5,70
6,360,21.600000,42.984000,1,0,2215884,1115,5,1115,5,0,5,70
6,360,21.600000,42.984000,1,0,2215898,1122,5,1122,5,0,5,70
6,360,21.600000,42.984000,1,0,2215911,1126,5,1126,5,0,5,70
6,360,21.600000,42.984000,1,0,2215923,1129,5,1129,5,0,5,70
6,360,21.600000,42.984000,1,0,2215936,1130,5,1130,5,0,5,70
6,360,21.600000,42.984000,1,0,2215949,1130,5,1130,5,0,5,70
6,360,21.600000,42.984000,1,0,2215962,1130,5,1130,5,0,5,70
6,360,21.600000,42.984000,1,0,2215974,1130,5,1130,5,0,5,70
6,360,21.600000,42.984000,1,0,2215986,1130,5,1130,5,0,5,70
6,360,21.600000,42.984000,1,0,2215999,1130,5,1130,5,0,5,70
6,360,21.600000,42.984000,1,0,2216011,1130,5,1130,5,0,5,70
6,360,21.600000,42.984000,1,0,2216023,1130,5,1130,5,0,5,70
6,360,21.600000,42.984000,1,0,2216037,1130,5,1130,5,0,5,70
6,360,21.600000,42.984000,1,0,2216054,1131,5,1131,5,0,5,70
6,360,21.600000,42.984000,1,0,2216069,1134,5,1134,5,0,5,70
6,360,21.600000,42.984000,1,0,2216087,1136,5,1136,5,0,5,70
6,360,21.600000,42.984000,1,0,2216105,1136,5,1136,5,0,5,70
6,360,21.600000,42.984000,1,0,2216118,1136,5,1136,5,0,5,70
6,360,21.600000,42.984000,1,0,2216132,1136,5,1136,5,0,5,70
6,360,21.600000,42.984000,1,0,2216144,1136,5,1136,5,0,5,70
6,360,21.600000,42.984000,1,0,2216157,1136,5,1136,5,0,5,70
6,360,21.600000,42.984000,1,0,2216170,1136,5,1136,5,0,5,70
6,360,21.600000,42.984000,1,0,2216183,1136,5,1136,5,0,5,70
6,360,21.600000,42.984000,1,0,2216196,1137,5,1137,5,0,5,70
6,360,21.600000,42.984000,1,0,2216213,1139,5,1139,5,0,5,70
6,360,21.600000,42.984000,1,0,2216225,1141,5,1141,5,0,5,70
6,360,21.600000,42.984000,1,0,2216239,1143,5,1143,5,0,5,70
6,360,21.600000,42.984000,1,0,2216253,1144,5,1144,5,0,5,70
6,360,21.600000,42.984000,1,0,2216264,1145,5,1145,5,0,5,70
6,360,21.600000,42.984000,1,0,2216276,1145,5,1145,5,0,5,70
6,360,21.600000,42.984000,1,0,2216288,1145,5,1145,5,0,5,70
