6,720,21.600000,10000.000000,0,1,2285016,600,22,600,22,0,5,118
6,720,21.600000,10000.000000,0,1,2285017,600,22,600,22,0,5,118
6,720,21.600000,10000.000000,0,1,2285027,607,22,607,22,0,5,118
6,720,21.600000,10000.000000,0,1,2285038,618,22,618,22,0,5,118
6,720,21.600000,10000.000000,0,1,2285049,640,23,640,23,0,5,118
6,720,21.600000,10000.000000,0,1,2285060,665,23,665,23,0,5,118
6,720,21.600000,10000.000000,0,1,2285071,705,23,705,23,0,5,118
6,720,21.600000,10000.000000,0,1,2285082,756,23,756,23,0,5,118
6,720,21.600000,10000.000000,0,1,2285093,805,23,805,23,0,5,118
6,720,21.600000,10000.000000,0,1,2285104,866,25,866,25,0,5,118
6,720,21.600000,10000.000000,0,1,2285114,912,27,912,27,0,5,118
6,720,21.600000,10000.000000,0,1,2285125,958,28,958,28,0,5,118
6,720,21.600000,10000.000000,0,1,2285136,989,28,989,28,0,5,118
6,720,21.600000,10000.000000,0,1,2285147,1012,28,1012,28,0,5,118
6,720,21.600000,10000.000000,0,1,2285157,1030,28,1030,28,0,5,118
6,720,21.600000,10000.000000,0,1,2285169,1044,27,1044,27,0,5,118
6,720,21.600000,10000.000000,0,1,2285179,1056,25,1056,25,0,5,118
6,720,21.600000,10000.000000,0,1,2285194,1066,24,1066,24,0,5,118
6,720,21.600000,10000.000000,0,1,2285205,1082,22,1082,22,0,5,118
6,720,21.600000,10000.000000,0,1,2285215,1094,19,1094,19,0,5,118
6,720,21.600000,10000.000000,0,1,2285226,1105,17,1105,17,0,5,118
6,720,21.600000,10000.000000,0,1,2285237,1115,15,1115,15,0,5,118
6,720,21.600000,10000.000000,0,1,2285249,1127,13,1127,13,0,5,118
6,720,21.600000,10000.000000,0,1,2285260,1140,11,1140,11,0,5,118
6,720,21.600000,10000.000000,0,1,2285271,1154,10,1154,10,0,5,118
6,720,21.600000,10000.000000,0,1,2285282,1165,9,1165,9,0,5,118
6,720,21.600000,10000.000000,0,1,2285293,1173,8,1173,8,0,5,118
6,720,21.600000,10000.000000,0,1,2285304,1177,8,1177,8,0,5,118
6,720,21.600000,10000.000000,0,1,2285314,1181,8,1181,8,0,5,118
6,720,21.600000,10000.000000,0,1,2285325,1181,8,1181,8,0,5,118
6,720,21.600000,10000.000000,0,1,2285335,1181,8,1181,8,0,5,118
6,720,21.600000,10000.000000,0,1,2285346,1181,8,1181,8,0,5,118
6,720,21.600000,10000.000000,0,1,2285357,1181,8,1181,8,0,5,118
6,720,21.600000,10000.000000,0,1,2285367,1181,8,1181,8,0,5,118
6,720,21.600000,10000.000000,0,1,2285380,1183,8,1183,8,0,5,118
6,720,21.600000,10000.000000,0,1,2285390,1187,7,1187,7,0,5,118
6,720,21.600000,10000.000000,0,1,2285400,1192,7,1192,7,0,5,118
6,720,21.600000,10000.000000,0,1,2285411,1198,7,1198,7,0,5,118
6,720,21.600000,10000.000000,0,1,2285422,1206,6,1206,6,0,5,118
6,720,21.600000,10000.000000,0,1,2285432,1217,5,1217,5,0,5,118
6,720,21.600000,10000.000000,0,1,2285442,1230,4,1230,4,0,5,118
6,720,21.600000,10000.000000,0,1,2285453,1244,4,1244,4,0,5,118
6,720,21.600000,10000.000000,0,1,2285463,1255,4,1255,4,0,5,118
6,720,21.600000,10000.000000,0,1,2285473,1259,4,1259,4,0,5,118
6,720,21.600000,10000.000000,0,1,2285484,1260,4,1260,4,0,5,118
6,720,21.600000,10000.000000,0,1,2285494,1260,4,1260,4,0,5,118
6,720,21.600000,10000.000000,0,1,2285505,1260,4,1260,4,0,5,118
6,720,21.600000,10000.000000,0,1,2285515,1260,4,1260,4,0,5,118
6,720,21.600000,10000.000000,0,1,2285526,1260,4,1260,4,0,5,118
6,720,21.600000,10000.000000,0,1,2285536,1260,4,1260,4,0,5,118
6,720,21.600000,10000.000000,0,1,2285547,1260,4,1260,4,0,5,118
6,720,21.600000,10000.000000,0,1,2285557,1261,4,1261,4,0,5,118
6,720,21.600000,10000.000000,0,1,2285568,1262,4,1262,4,0,5,118
6,720,21.600000,10000.000000,0,1,2285578,1262,4,1262,4,0,5,118
6,720,21.600000,10000.000000,0,1,2285588,1263,4,1263,4,0,5,118
6,720,21.600000,10000.000000,0,1,2285599,1266,4,1266,4,0,5,118
6,720,21.600000,10000.000000,0,1,2285610,1270,4,1270,4,0,5,118
6,720,21.600000,10000.000000,0,1,2285622,1275,4,1275,4,0,5,118
6,720,21.600000,10000.000000,0,1,2285634,1282,5,1282,5,0,5,118
6,720,21.600000,10000.000000,0,1,2285645,1289,6,1289,6,0,5,118
6,720,21.600000,10000.000000,0,1,2285655,1295,6,1295,6,0,5,118
6,720,21.600000,10000.000000,0,1,2285666,1299,7,1299,7,0,5,118
6,720,21.600000,10000.000000,0,1,2285676,1300,7,1300,7,0,5,118
6,720,21.600000,10000.000000,0,1,2285686,1302,7,1302,7,0,5,118
6,720,21.600000,10000.000000,0,1,2285698,1303,7,1303,7,0,5,118
6,720,21.600000,10000.000000,0,1,2285708,1304,7,1304,7,0,5,118
6,720,21.600000,10000.000000,0,1,2285718,1305,7,1305,7,0,5,118
6,720,21.600000,10000.000000,0,1,2285729,1306,7,1306,7,0,5,118
6,720,21.600000,10000.000000,0,1,2285740,1308,7,1308,7,0,5,118
6,720,21.600000,10000.000000,0,1,2285749,1310,7,1310,7,0,5,118
6,720,21.600000,10000.000000,0,1,2285765,1313,7,1313,7,0,5,118
6,720,21.600000,10000.000000,0,1,2285781,1316,7,1316,7,0,5,118
6,720,21.600000,10000.000000,0,1,2285792,1316,7,1316,7,0,5,118
6,720,21.600000,10000.000000,0,1,2285803,1317,7,1317,7,0,5,118
6,720,21.600000,10000.000000,0,1,2285813,1318,7,1318,7,0,5,118
6,720,21.600000,10000.000000,0,1,2285824,1319,7,1319,7,0,5,118
6,720,21.600000,10000.000000,0,1,2285834,1320,7,1320,7,0,5,118
6,720,21.600000,10000.000000,0,1,2285844,1321,7,1321,7,0,5,118
6,720,21.600000,10000.000000,0,1,2285854,1321,7,1321,7,0,5,118
6,720,21.600000,10000.000000,0,1,2285865,1321,7,1321,7,0,5,118
6,720,21.600000,10000.000000,0,1,2285875,1321,7,1321,7,0,5,118
6,720,21.600000,10000.000000,0,1,2285885,1321,7,1321,7,0,5,118
6,720,21.600000,10000.000000,0,1,2285896,1321,7,1321,7,0,5,118
6,720,21.600000,10000.000000,0,1,2285906,1321,7,1321,7,0,5,118
6,720,21.600000,10000.000000,0,1,2285916,1321,7,1321,7,0,5,118
6,720,21.600000,10000.000000,0,1,2285926,1321,8,1321,8,0,5,118
6,720,21.600000,10000.000000,0,1,2285937,1321,8,1321,8,0,5,118
6,720,21.600000,10000.000000,0,1,2285948,1321,8,1321,8,0,5,118
6,720,21.600000,10000.000000,0,1,2285958,1321,8,1321,8,0,5,118
6,720,21.600000,10000.000000,0,1,2285969,1321,8,1321,8,0,5,118
6,720,21.600000,10000.000000,0,1,2285979,1321,8,1321,8,0,5,118
