6,360,82.800000,10000.000000,1,0,2189001,780,0,780,0,0,5,52
6,360,82.800000,10000.000000,1,0,2189002,780,0,780,0,0,5,52
6,360,82.800000,10000.000000,1,0,2189014,790,1,790,1,0,5,52
6,360,82.800000,10000.000000,1,0,2189024,807,2,807,2,0,5,52
6,360,82.800000,10000.000000,1,0,2189034,822,3,822,3,0,5,52
6,360,82.800000,10000.000000,1,0,2189046,840,3,840,3,0,5,52
6,360,82.800000,10000.000000,1,0,2189057,862,4,862,4,0,5,52
6,360,82.800000,10000.000000,1,0,2189067,888,7,888,7,0,5,52
6,360,82.800000,10000.000000,1,0,2189078,916,10,916,10,0,5,52
6,360,82.800000,10000.000000,1,0,2189089,949,13,949,13,0,5,52
6,360,82.800000,10000.000000,1,0,2189100,985,13,985,13,0,5,52
6,360,82.800000,10000.000000,1,0,2189110,1019,13,1019,13,0,5,52
6,360,82.800000,10000.000000,1,0,2189120,1046,12,1046,12,0,5,52
6,360,82.800000,10000.000000,1,0,2189131,1068,9,1068,9,0,5,52
6,360,82.800000,10000.000000,1,0,2189141,1083,6,1083,6,0,5,52
6,360,82.800000,10000.000000,1,0,2189151,1095,4,1095,4,0,5,52
6,360,82.800000,10000.000000,1,0,2189162,1105,2,1105,2,0,5,52
6,360,82.800000,10000.000000,1,0,2189172,1112,1,1112,1,0,5,52
6,360,82.800000,10000.000000,1,0,2189183,1118,1,1118,1,0,5,52
6,360,82.800000,10000.000000,1,0,2189194,1122,0,1122,0,0,5,52
6,360,82.800000,10000.000000,1,0,2189206,1124,0,1124,-2,0,5,52
6,360,82.800000,10000.000000,1,0,2189217,1126,0,1126,-3,0,5,52
6,360,82.800000,10000.000000,1,0,2189232,1127,0,1127,-5,0,5,52
6,360,82.800000,10000.000000,1,0,2189243,1129,0,1129,-7,0,5,52
6,360,82.800000,10000.000000,1,0,2189255,1132,0,1132,-8,0,5,52
6,360,82.800000,10000.000000,1,0,2189266,1136,0,1136,-10,0,5,52
6,360,82.800000,10000.000000,1,0,2189277,1140,0,1140,-11,0,5,52
6,360,82.800000,10000.000000,1,0,2189287,1142,0,1142,-12,0,5,52
6,360,82.800000,10000.000000,1,0,2189298,1143,0,1143,-13,0,5,52
6,360,82.800000,10000.000000,1,0,2189308,1144,0,1144,-13,0,5,52
6,360,82.800000,10000.000000,1,0,2189319,1145,0,1145,-13,0,5,52
6,360,82.800000,10000.000000,1,0,2189330,1146,0,1146,-13,0,5,52
6,360,82.800000,10000.000000,1,0,2189341,1148,0,1148,-13,0,5,52
6,360,82.800000,10000.000000,1,0,2189353,1151,0,1151,-13,0,5,52
6,360,82.800000,10000.000000,1,0,2189363,1153,0,1153,-13,0,5,52
6,360,82.800000,10000.000000,1,0,2189374,1155,0,1155,-13,0,5,52
6,360,82.800000,10000.000000,1,0,2189383,1157,0,1157,-13,0,5,52
