6,720,21.600000,22.608000,0,0,2196505,600,0,600,0,1,5,58
6,720,21.600000,22.608000,0,0,2196506,600,0,600,0,1,5,58
6,720,21.600000,22.608000,0,0,2196517,602,1,602,1,1,5,58
6,720,21.600000,22.608000,0,0,2196528,602,1,602,1,1,5,58
6,720,21.600000,22.608000,0,0,2196539,602,1,602,1,1,5,58
6,720,21.600000,22.608000,0,0,2196548,601,1,601,1,1,5,58
6,720,21.600000,22.608000,0,0,2196558,600,1,600,1,1,5,58
6,720,21.600000,22.608000,0,0,2196568,599,1,599,1,1,5,58
6,720,21.600000,22.608000,0,0,2196579,599,1,599,1,1,5,58
6,720,21.600000,22.608000,0,0,2196589,599,1,599,1,1,5,58
6,720,21.600000,22.608000,0,0,2196599,598,1,598,1,1,5,58
6,720,21.600000,22.608000,0,0,2196611,598,2,598,2,1,5,58
6,720,21.600000,22.608000,0,0,2196621,596,4,596,4,1,5,58
6,720,21.600000,22.608000,0,0,2196632,594,5,594,5,1,5,58
6,720,21.600000,22.608000,0,0,2196642,593,6,593,6,1,5,58
6,720,21.600000,22.608000,0,0,2196653,591,7,591,7,1,5,58
6,720,21.600000,22.608000,0,0,2196664,589,7,589,7,1,5,58
6,720,21.600000,22.608000,0,0,2196675,583,7,583,7,1,5,58
6,720,21.600000,22.608000,0,0,2196686,577,7,577,7,1,5,58
6,720,21.600000,22.608000,0,0,2196696,570,7,570,7,1,5,58
6,720,21.600000,22.608000,0,0,2196706,564,6,564,6,1,5,58
6,720,21.600000,22.608000,0,0,2196718,558,6,558,6,1,5,58
6,720,21.600000,22.608000,0,0,2196729,550,6,550,6,1,5,58
6,720,21.600000,22.608000,0,0,2196740,542,5,542,5,1,5,58
6,720,21.600000,22.608000,0,0,2196751,535,4,535,4,1,5,58
6,720,21.600000,22.608000,0,0,2196762,529,4,529,4,1,5,58
6,720,21.600000,22.608000,0,0,2196772,523,4,523,4,1,5,58
6,720,21.600000,22.608000,0,0,2196783,517,4,517,4,1,5,58
6,720,21.600000,22.608000,0,0,2196794,512,4,512,4,1,5,58
6,720,21.600000,22.608000,0,0,2196805,508,4,508,4,1,5,58
6,720,21.600000,22.608000,0,0,2196816,503,4,503,4,1,5,58
6,720,21.600000,22.608000,0,0,2196826,499,5,499,5,1,5,58
6,720,21.600000,22.608000,0,0,2196836,497,5,497,5,1,5,58
6,720,21.600000,22.608000,0,0,2196846,496,6,496,6,1,5,58
6,720,21.600000,22.608000,0,0,2196857,496,6,496,6,1,5,58
6,720,21.600000,22.608000,0,0,2196868,496,6,496,6,1,5,58
6,720,21.600000,22.608000,0,0,2196877,497,7,497,7,1,5,58
6,720,21.600000,22.608000,0,0,2196889,499,7,499,7,1,5,58
6,720,21.600000,22.608000,0,0,2196899,505,8,505,8,1,5,58
6,720,21.600000,22.608000,0,0,2196909,512,8,512,8,1,5,58
6,720,21.600000,22.608000,0,0,2196920,520,8,520,8,1,5,58
6,720,21.600000,22.608000,0,0,2196932,533,9,533,9,1,5,58
6,720,21.600000,22.608000,0,0,2196942,553,10,553,10,1,5,58
6,720,21.600000,22.608000,0,0,2196953,581,12,581,12,1,5,58
6,720,21.600000,22.608000,0,0,2196964,609,12,609,12,1,5,58
6,720,21.600000,22.608000,0,0,2196974,645,12,645,12,1,5,58
6,720,21.600000,22.608000,0,0,2196986,679,12,679,12,1,5,58
6,720,21.600000,22.608000,0,0,2196997,717,12,717,12,1,5,58
6,720,21.600000,22.608000,0,0,2197007,753,12,753,12,1,5,58
6,720,21.600000,22.608000,0,0,2197018,786,12,786,12,1,5,58
6,720,21.600000,22.608000,0,0,2197029,827,11,827,11,1,5,58
6,720,21.600000,22.608000,0,0,2197040,854,10,854,10,1,5,58
6,720,21.600000,22.608000,0,0,2197050,879,9,879,9,1,5,58
6,720,21.600000,22.608000,0,0,2197061,902,7,902,7,1,5,58
6,720,21.600000,22.608000,0,0,2197071,921,6,921,6,1,5,58
6,720,21.600000,22.608000,0,0,2197082,935,4,935,4,1,5,58
6,720,21.600000,22.608000,0,0,2197093,946,3,946,3,1,5,58
6,720,21.600000,22.608000,0,0,2197103,959,2,959,2,1,5,58
6,720,21.600000,22.608000,0,0,2197113,973,1,973,1,1,5,58
6,720,21.600000,22.608000,0,0,2197125,989,1,989,1,1,5,58
6,720,21.600000,22.608000,0,0,2197136,1004,0,1004,0,1,5,58
6,720,21.600000,22.608000,0,0,2197146,1018,0,1018,0,1,5,58
6,720,21.600000,22.608000,0,0,2197157,1032,0,1032,-1,1,5,58
6,720,21.600000,22.608000,0,0,2197167,1043,0,1043,-2,1,5,58
6,720,21.600000,22.608000,0,0,2197178,1052,0,1052,-3,1,5,58
6,720,21.600000,22.608000,0,0,2197188,1056,0,1056,-4,1,5,58
6,720,21.600000,22.608000,0,0,2197198,1058,0,1058,-5,1,5,58
6,720,21.600000,22.608000,0,0,2197209,1059,0,1059,-5,1,5,58
6,720,21.600000,22.608000,0,0,2197219,1059,0,1059,-5,1,5,58
6,720,21.600000,22.608000,0,0,2197230,1059,0,1059,-5,1,5,58
6,720,21.600000,22.608000,0,0,2197240,1059,0,1059,-5,1,5,58
6,720,21.600000,22.608000,0,0,2197251,1059,0,1059,-5,1,5,58
6,720,21.600000,22.608000,0,0,2197261,1061,0,1061,-5,1,5,58
6,720,21.600000,22.608000,0,0,2197271,1063,0,1063,-5,1,5,58
6,720,21.600000,22.608000,0,0,2197281,1067,0,1067,-5,1,5,58
6,720,21.600000,22.608000,0,0,2197292,1071,1,1071,-4,1,5,58
6,720,21.600000,22.608000,0,0,2197303,1076,1,1076,-4,1,5,58
6,720,21.600000,22.608000,0,0,2197316,1082,1,1082,-4,1,5,58
6,720,21.600000,22.608000,0,0,2197327,1091,3,1091,-2,1,5,58
6,720,21.600000,22.608000,0,0,2197338,1102,5,1102,0,1,5,58
6,720,21.600000,22.608000,0,0,2197349,1110,6,1110,1,1,5,58
6,720,21.600000,22.608000,0,0,2197360,1119,8,1119,3,1,5,58
6,720,21.600000,22.608000,0,0,2197370,1127,9,1127,4,1,5,58
6,720,21.600000,22.608000,0,0,2197380,1135,9,1135,4,1,5,58
6,720,21.600000,22.608000,0,0,2197391,1144,11,1144,6,1,5,58
6,720,21.600000,22.608000,0,0,2197403,1154,12,1154,7,1,5,58
6,720,21.600000,22.608000,0,0,2197417,1163,13,1163,8,1,5,58
6,720,21.600000,22.608000,0,0,2197428,1173,14,1173,9,1,5,58
6,720,21.600000,22.608000,0,0,2197439,1181,14,1181,9,1,5,58
6,720,21.600000,22.608000,0,0,2197449,1189,14,1189,9,1,5,58
6,720,21.600000,22.608000,0,0,2197470,1195,14,1195,9,1,5,58
6,720,21.600000,22.608000,0,0,2197481,1207,14,1207,9,1,5,58
6,720,21.600000,22.608000,0,0,2197493,1210,13,1210,8,1,5,58
6,720,21.600000,22.608000,0,0,2197504,1214,13,1214,8,1,5,58
6,720,21.600000,22.608000,0,0,2197515,1220,13,1220,8,1,5,58
6,720,21.600000,22.608000,0,0,2197527,1226,13,1226,8,1,5,58
6,720,21.600000,22.608000,0,0,2197538,1234,13,1234,8,1,5,58
6,720,21.600000,22.608000,0,0,2197549,1241,13,1241,8,1,5,58
6,720,21.600000,22.608000,0,0,2197559,1248,12,1248,7,1,5,58
6,720,21.600000,22.608000,0,0,2197570,1252,12,1252,7,1,5,58
6,720,21.600000,22.608000,0,0,2197581,1254,11,1254,6,1,5,58
6,720,21.600000,22.608000,0,0,2197591,1255,10,1255,5,1,5,58
6,720,21.600000,22.608000,0,0,2197601,1257,9,1257,4,1,5,58
6,720,21.600000,22.608000,0,0,2197612,1259,8,1259,3,1,5,58
6,720,21.600000,22.608000,0,0,2197623,1262,8,1262,3,1,5,58
6,720,21.600000,22.608000,0,0,2197634,1266,7,1266,2,1,5,58
6,720,21.600000,22.608000,0,0,2197645,1271,7,1271,2,1,5,58
6,720,21.600000,22.608000,0,0,2197656,1277,6,1277,1,1,5,58
6,720,21.600000,22.608000,0,0,2197666,1283,6,1283,1,1,5,58
6,720,21.600000,22.608000,0,0,2197677,1287,5,1287,0,1,5,58
6,720,21.600000,22.608000,0,0,2197687,1290,5,1290,0,1,5,58
6,720,21.600000,22.608000,0,0,2197697,1292,4,1292,-1,1,5,58
6,720,21.600000,22.608000,0,0,2197707,1295,4,1295,-1,1,5,58
6,720,21.600000,22.608000,0,0,2197718,1297,4,1297,-1,1,5,58
6,720,21.600000,22.608000,0,0,2197728,1299,4,1299,-1,1,5,58
6,720,21.600000,22.608000,0,0,2197739,1300,4,1300,-1,1,5,58
6,720,21.600000,22.608000,0,0,2197749,1302,4,1302,-1,1,5,58
6,720,21.600000,22.608000,0,0,2197759,1304,4,1304,-1,1,5,58
6,720,21.600000,22.608000,0,0,2197769,1306,4,1306,-1,1,5,58
6,720,21.600000,22.608000,0,0,2197779,1308,4,1308,-1,1,5,58
6,720,21.600000,22.608000,0,0,2197789,1310,4,1310,-1,1,5,58
6,720,21.600000,22.608000,0,0,2197798,1311,4,1311,-1,1,5,58
6,720,21.600000,22.608000,0,0,2197808,1311,4,1311,-1,1,5,58
6,720,21.600000,22.608000,0,0,2197819,1312,4,1312,-1,1,5,58
6,720,21.600000,22.608000,0,0,2197829,1314,4,1314,-1,1,5,58
6,720,21.600000,22.608000,0,0,2197840,1316,4,1316,-1,1,5,58
6,720,21.600000,22.608000,0,0,2197850,1319,4,1319,-1,1,5,58
6,720,21.600000,22.608000,0,0,2197861,1322,5,1322,0,1,5,58
6,720,21.600000,22.608000,0,0,2197872,1327,6,1327,1,1,5,58
6,720,21.600000,22.608000,0,0,2197882,1332,6,1332,1,1,5,58
6,720,21.600000,22.608000,0,0,2197893,1335,7,1335,2,1,5,58
6,720,21.600000,22.608000,0,0,2197903,1336,7,1336,2,1,5,58
6,720,21.600000,22.608000,0,0,2197914,1336,7,1336,2,1,5,58
6,720,21.600000,22.608000,0,0,2197924,1336,7,1336,2,1,5,58
6,720,21.600000,22.608000,0,0,2197933,1335,7,1335,2,1,5,58
6,720,21.600000,22.608000,0,0,2197944,1334,8,1334,3,1,5,58
6,720,21.600000,22.608000,0,0,2197954,1333,8,1333,3,1,5,58
6,720,21.600000,22.608000,0,0,2197964,1332,8,1332,3,1,5,58
6,720,21.600000,22.608000,0,0,2197975,1331,8,1331,3,1,5,58
6,720,21.600000,22.608000,0,0,2197985,1331,9,1331,4,1,5,58
6,720,21.600000,22.608000,0,0,2197995,1330,9,1330,4,1,5,58
6,720,21.600000,22.608000,0,0,2198005,1330,9,1330,4,1,5,58
6,720,21.600000,22.608000,0,0,2198015,1329,9,1329,4,1,5,58
6,720,21.600000,22.608000,0,0,2198025,1328,9,1328,4,1,5,58
6,720,21.600000,22.608000,0,0,2198035,1327,9,1327,4,1,5,58
6,720,21.600000,22.608000,0,0,2198045,1326,9,1326,4,1,5,58
6,720,21.600000,22.608000,0,0,2198056,1324,10,1324,5,1,5,58
6,720,21.600000,22.608000,0,0,2198066,1322,10,1322,5,1,5,58
6,720,21.600000,22.608000,0,0,2198076,1319,10,1319,5,1,5,58
6,720,21.600000,22.608000,0,0,2198086,1316,10,1316,5,1,5,58
6,720,21.600000,22.608000,0,0,2198096,1314,11,1314,6,1,5,58
6,720,21.600000,22.608000,0,0,2198107,1311,12,1311,7,1,5,58
6,720,21.600000,22.608000,0,0,2198117,1310,12,1310,7,1,5,58
6,720,21.600000,22.608000,0,0,2198128,1309,12,1309,7,1,5,58
6,720,21.600000,22.608000,0,0,2198139,1309,12,1309,7,1,5,58
6,720,21.600000,22.608000,0,0,2198149,1309,12,1309,7,1,5,58
6,720,21.600000,22.608000,0,0,2198160,1309,12,1309,7,1,5,58
6,720,21.600000,22.608000,0,0,2198171,1309,12,1309,7,1,5,58
6,720,21.600000,22.608000,0,0,2198180,1309,12,1309,7,1,5,58
6,720,21.600000,22.608000,0,0,2198190,1309,12,1309,7,1,5,58
6,720,21.600000,22.608000,0,0,2198200,1309,12,1309,7,1,5,58
6,720,21.600000,22.608000,0,0,2198209,1309,12,1309,7,1,5,58
6,720,21.600000,22.608000,0,0,2198219,1309,12,1309,7,1,5,58
