6,360,21.600000,10000.000000,0,1,2232860,780,22,780,22,0,5,82
6,360,21.600000,10000.000000,0,1,2232861,780,22,780,22,0,5,82
6,360,21.600000,10000.000000,0,1,2232873,789,24,789,24,0,5,82
6,360,21.600000,10000.000000,0,1,2232885,802,26,802,26,0,5,82
6,360,21.600000,10000.000000,0,1,2232897,818,27,818,27,0,5,82
6,360,21.600000,10000.000000,0,1,2232911,838,27,838,27,0,5,82
6,360,21.600000,10000.000000,0,1,2232924,863,27,863,27,0,5,82
6,360,21.600000,10000.000000,0,1,2232936,890,28,890,28,0,5,82
6,360,21.600000,10000.000000,0,1,2232950,914,28,914,28,0,5,82
6,360,21.600000,10000.000000,0,1,2232962,938,28,938,28,0,5,82
6,360,21.600000,10000.000000,0,1,2232975,959,28,959,28,0,5,82
6,360,21.600000,10000.000000,0,1,2232987,977,28,977,28,0,5,82
6,360,21.600000,10000.000000,0,1,2232999,989,28,989,28,0,5,82
6,360,21.600000,10000.000000,0,1,2233011,998,28,998,28,0,5,82
6,360,21.600000,10000.000000,0,1,2233024,1006,27,1006,27,0,5,82
6,360,21.600000,10000.000000,0,1,2233037,1016,26,1016,26,0,5,82
6,360,21.600000,10000.000000,0,1,2233049,1031,25,1031,25,0,5,82
6,360,21.600000,10000.000000,0,1,2233062,1049,23,1049,23,0,5,82
6,360,21.600000,10000.000000,0,1,2233075,1067,21,1067,21,0,5,82
6,360,21.600000,10000.000000,0,1,2233087,1086,19,1086,19,0,5,82
6,360,21.600000,10000.000000,0,1,2233099,1099,18,1099,18,0,5,82
6,360,21.600000,10000.000000,0,1,2233111,1108,18,1108,18,0,5,82
6,360,21.600000,10000.000000,0,1,2233123,1114,18,1114,18,0,5,82
6,360,21.600000,10000.000000,0,1,2233135,1118,17,1118,17,0,5,82
6,360,21.600000,10000.000000,0,1,2233147,1122,16,1122,16,0,5,82
6,360,21.600000,10000.000000,0,1,2233159,1125,16,1125,16,0,5,82
6,360,21.600000,10000.000000,0,1,2233172,1128,15,1128,15,0,5,82
6,360,21.600000,10000.000000,0,1,2233184,1131,15,1131,15,0,5,82
6,360,21.600000,10000.000000,0,1,2233196,1132,14,1132,14,0,5,82
6,360,21.600000,10000.000000,0,1,2233208,1132,14,1132,14,0,5,82
6,360,21.600000,10000.000000,0,1,2233220,1132,14,1132,14,0,5,82
6,360,21.600000,10000.000000,0,1,2233232,1132,14,1132,14,0,5,82
6,360,21.600000,10000.000000,0,1,2233244,1132,14,1132,14,0,5,82
6,360,21.600000,10000.000000,0,1,2233255,1132,14,1132,14,0,5,82
6,360,21.600000,10000.000000,0,1,2233267,1132,14,1132,14,0,5,82
6,360,21.600000,10000.000000,0,1,2233278,1132,14,1132,14,0,5,82
6,360,21.600000,10000.000000,0,1,2233291,1133,14,1133,14,0,5,82
6,360,21.600000,10000.000000,0,1,2233303,1134,14,1134,14,0,5,82
6,360,21.600000,10000.000000,0,1,2233315,1134,14,1134,14,0,5,82
6,360,21.600000,10000.000000,0,1,2233326,1134,14,1134,14,0,5,82
6,360,21.600000,10000.000000,0,1,2233338,1134,14,1134,14,0,5,82
6,360,21.600000,10000.000000,0,1,2233350,1134,14,1134,14,0,5,82
6,360,21.600000,10000.000000,0,1,2233364,1134,14,1134,14,0,5,82
6,360,21.600000,10000.000000,0,1,2233375,1134,14,1134,14,0,5,82
6,360,21.600000,10000.000000,0,1,2233387,1134,14,1134,14,0,5,82
6,360,21.600000,10000.000000,0,1,2233399,1134,14,1134,14,0,5,82
6,360,21.600000,10000.000000,0,1,2233410,1134,14,1134,14,0,5,82
