6,720,82.800000,22.608000,1,1,2254516,600,22,600,22,0,5,97
6,720,82.800000,22.608000,1,1,2254517,600,22,600,22,0,5,97
6,720,82.800000,22.608000,1,1,2254528,604,22,604,22,0,5,97
6,720,82.800000,22.608000,1,1,2254541,607,22,607,22,0,5,97
6,720,82.800000,22.608000,1,1,2254554,611,23,611,23,0,5,97
6,720,82.800000,22.608000,1,1,2254567,618,23,618,23,0,5,97
6,720,82.800000,22.608000,1,1,2254581,629,24,629,24,0,5,97
6,720,82.800000,22.608000,1,1,2254593,649,25,649,25,0,5,97
6,720,82.800000,22.608000,1,1,2254606,670,27,670,27,0,5,97
6,720,82.800000,22.608000,1,1,2254617,702,30,702,30,0,5,97
6,720,82.800000,22.608000,1,1,2254630,738,34,738,34,0,5,97
6,720,82.800000,22.608000,1,1,2254642,784,37,784,37,0,5,97
6,720,82.800000,22.608000,1,1,2254654,891,44,891,44,0,5,97
6,720,82.800000,22.608000,1,1,2254667,947,45,947,45,0,5,97
6,720,82.800000,22.608000,1,1,2254678,996,45,996,45,0,5,97
6,720,82.800000,22.608000,1,1,2254690,1045,40,1045,40,0,5,97
6,720,82.800000,22.608000,1,1,2254704,1093,34,1093,34,0,5,97
6,720,82.800000,22.608000,1,1,2254719,1132,29,1132,29,0,5,97
6,720,82.800000,22.608000,1,1,2254735,1162,25,1162,25,0,5,97
6,720,82.800000,22.608000,1,1,2254747,1182,21,1182,21,0,5,97
6,720,82.800000,22.608000,1,1,2254759,1191,19,1191,19,0,5,97
6,720,82.800000,22.608000,1,1,2254771,1195,19,1195,19,0,5,97
6,720,82.800000,22.608000,1,1,2254783,1196,18,1196,18,0,5,97
6,720,82.800000,22.608000,1,1,2254799,1196,18,1196,18,0,5,97
6,720,82.800000,22.608000,1,1,2254815,1196,18,1196,18,0,5,97
6,720,82.800000,22.608000,1,1,2254827,1196,18,1196,18,0,5,97
6,720,82.800000,22.608000,1,1,2254838,1196,18,1196,18,0,5,97
6,720,82.800000,22.608000,1,1,2254850,1196,18,1196,18,0,5,97
6,720,82.800000,22.608000,1,1,2254861,1197,18,1197,18,0,5,97
6,720,82.800000,22.608000,1,1,2254873,1199,17,1199,17,0,5,97
6,720,82.800000,22.608000,1,1,2254885,1204,16,1204,16,0,5,97
6,720,82.800000,22.608000,1,1,2254896,1210,15,1210,15,0,5,97
6,720,82.800000,22.608000,1,1,2254909,1217,14,1217,14,0,5,97
6,720,82.800000,22.608000,1,1,2254921,1224,12,1224,12,0,5,97
6,720,82.800000,22.608000,1,1,2254933,1229,11,1229,11,0,5,97
6,720,82.800000,22.608000,1,1,2254944,1234,9,1234,9,0,5,97
6,720,82.800000,22.608000,1,1,2254956,1241,8,1241,8,0,5,97
6,720,82.800000,22.608000,1,1,2254971,1248,7,1248,7,0,5,97
6,720,82.800000,22.608000,1,1,2254988,1257,5,1257,5,0,5,97
6,720,82.800000,22.608000,1,1,2255000,1266,3,1266,3,0,5,97
6,720,82.800000,22.608000,1,1,2255011,1272,1,1272,1,0,5,97
6,720,82.800000,22.608000,1,1,2255023,1276,0,1276,-1,0,5,97
6,720,82.800000,22.608000,1,1,2255034,1278,0,1278,-1,0,5,97
6,720,82.800000,22.608000,1,1,2255046,1279,0,1279,-2,0,5,97
6,720,82.800000,22.608000,1,1,2255058,1280,0,1280,-3,0,5,97
6,720,82.800000,22.608000,1,1,2255069,1281,0,1281,-3,0,5,97
6,720,82.800000,22.608000,1,1,2255081,1284,0,1284,-3,0,5,97
6,720,82.800000,22.608000,1,1,2255092,1285,0,1285,-4,0,5,97
6,720,82.800000,22.608000,1,1,2255104,1286,0,1286,-5,0,5,97
6,720,82.800000,22.608000,1,1,2255115,1287,0,1287,-6,0,5,97
6,720,82.800000,22.608000,1,1,2255130,1287,0,1287,-6,0,5,97
6,720,82.800000,22.608000,1,1,2255147,1287,0,1287,-6,0,5,97
6,720,82.800000,22.608000,1,1,2255163,1287,0,1287,-6,0,5,97
6,720,82.800000,22.608000,1,1,2255175,1288,0,1288,-7,0,5,97
6,720,82.800000,22.608000,1,1,2255186,1290,0,1290,-7,0,5,97
6,720,82.800000,22.608000,1,1,2255198,1291,0,1291,-7,0,5,97
6,720,82.800000,22.608000,1,1,2255210,1292,0,1292,-7,0,5,97
6,720,82.800000,22.608000,1,1,2255220,1293,0,1293,-7,0,5,97
