6,720,82.800000,10000.000000,1,0,2248910,600,0,600,0,0,5,93
6,720,82.800000,10000.000000,1,0,2248911,600,0,600,0,0,5,93
6,720,82.800000,10000.000000,1,0,2248922,600,0,600,0,0,5,93
6,720,82.800000,10000.000000,1,0,2248935,601,0,601,0,0,5,93
6,720,82.800000,10000.000000,1,0,2248947,607,0,607,0,0,5,93
6,720,82.800000,10000.000000,1,0,2248958,619,0,619,0,0,5,93
6,720,82.800000,10000.000000,1,0,2248970,639,0,639,0,0,5,93
6,720,82.800000,10000.000000,1,0,2248982,666,2,666,2,0,5,93
6,720,82.800000,10000.000000,1,0,2248996,705,3,705,3,0,5,93
6,720,82.800000,10000.000000,1,0,2249006,761,6,761,6,0,5,93
6,720,82.800000,10000.000000,1,0,2249018,824,8,824,8,0,5,93
6,720,82.800000,10000.000000,1,0,2249030,892,12,892,12,0,5,93
6,720,82.800000,10000.000000,1,0,2249048,961,16,961,16,0,5,93
6,720,82.800000,10000.000000,1,0,2249063,1066,18,1066,18,0,5,93
6,720,82.800000,10000.000000,1,0,2249079,1168,18,1168,18,0,5,93
6,720,82.800000,10000.000000,1,0,2249090,1253,16,1253,16,0,5,93
6,720,82.800000,10000.000000,1,0,2249102,1304,15,1304,15,0,5,93
6,720,82.800000,10000.000000,1,0,2249114,1345,12,1345,12,0,5,93
6,720,82.800000,10000.000000,1,0,2249125,1379,8,1379,8,0,5,93
6,720,82.800000,10000.000000,1,0,2249141,1399,4,1399,4,0,5,93
6,720,82.800000,10000.000000,1,0,2249158,1418,0,1418,0,0,5,93
6,720,82.800000,10000.000000,1,0,2249174,1431,0,1431,-2,0,5,93
6,720,82.800000,10000.000000,1,0,2249186,1442,0,1442,-2,0,5,93
6,720,82.800000,10000.000000,1,0,2249198,1450,0,1450,-2,0,5,93
6,720,82.800000,10000.000000,1,0,2249211,1458,0,1458,-3,0,5,93
6,720,82.800000,10000.000000,1,0,2249223,1465,0,1465,-3,0,5,93
6,720,82.800000,10000.000000,1,0,2249236,1473,0,1473,-3,0,5,93
6,720,82.800000,10000.000000,1,0,2249250,1484,0,1484,-3,0,5,93
6,720,82.800000,10000.000000,1,0,2249262,1494,0,1494,-3,0,5,93
6,720,82.800000,10000.000000,1,0,2249274,1500,0,1500,-3,0,5,93
6,720,82.800000,10000.000000,1,0,2249285,1505,0,1505,-3,0,5,93
6,720,82.800000,10000.000000,1,0,2249301,1506,0,1506,-3,0,5,93
6,720,82.800000,10000.000000,1,0,2249318,1506,0,1506,-3,0,5,93
6,720,82.800000,10000.000000,1,0,2249333,1505,0,1505,-3,0,5,93
6,720,82.800000,10000.000000,1,0,2249345,1500,0,1500,-3,0,5,93
6,720,82.800000,10000.000000,1,0,2249356,1494,0,1494,-3,0,5,93
6,720,82.800000,10000.000000,1,0,2249368,1486,0,1486,-3,0,5,93
6,720,82.800000,10000.000000,1,0,2249380,1475,0,1475,-3,0,5,93
6,720,82.800000,10000.000000,1,0,2249396,1462,0,1462,-3,0,5,93
6,720,82.800000,10000.000000,1,0,2249412,1443,0,1443,-3,0,5,93
6,720,82.800000,10000.000000,1,0,2249428,1432,0,1432,-3,0,5,93
6,720,82.800000,10000.000000,1,0,2249439,1426,0,1426,-3,0,5,93
6,720,82.800000,10000.000000,1,0,2249451,1423,0,1423,-3,0,5,93
6,720,82.800000,10000.000000,1,0,2249463,1421,0,1421,-3,0,5,93
6,720,82.800000,10000.000000,1,0,2249474,1418,0,1418,-3,0,5,93
6,720,82.800000,10000.000000,1,0,2249486,1415,0,1415,-3,0,5,93
6,720,82.800000,10000.000000,1,0,2249498,1412,0,1412,-3,0,5,93
6,720,82.800000,10000.000000,1,0,2249510,1410,0,1410,-3,0,5,93
6,720,82.800000,10000.000000,1,0,2249523,1407,0,1407,-3,0,5,93
6,720,82.800000,10000.000000,1,0,2249534,1400,0,1400,-3,0,5,93
6,720,82.800000,10000.000000,1,0,2249546,1398,0,1398,-3,0,5,93
6,720,82.800000,10000.000000,1,0,2249558,1397,0,1397,-3,0,5,93
6,720,82.800000,10000.000000,1,0,2249570,1395,0,1395,-3,0,5,93
6,720,82.800000,10000.000000,1,0,2249581,1392,0,1392,-3,0,5,93
6,720,82.800000,10000.000000,1,0,2249593,1388,0,1388,-3,0,5,93
6,720,82.800000,10000.000000,1,0,2249605,1382,0,1382,-3,0,5,93
6,720,82.800000,10000.000000,1,0,2249617,1376,0,1376,-3,0,5,93
6,720,82.800000,10000.000000,1,0,2249632,1371,1,1371,-2,0,5,93
6,720,82.800000,10000.000000,1,0,2249648,1367,1,1367,-2,0,5,93
6,720,82.800000,10000.000000,1,0,2249664,1363,2,1363,-1,0,5,93
6,720,82.800000,10000.000000,1,0,2249679,1358,2,1358,-1,0,5,93
6,720,82.800000,10000.000000,1,0,2249691,1352,3,1352,0,0,5,93
6,720,82.800000,10000.000000,1,0,2249705,1346,3,1346,0,0,5,93
6,720,82.800000,10000.000000,1,0,2249716,1339,4,1339,1,0,5,93
6,720,82.800000,10000.000000,1,0,2249728,1334,4,1334,1,0,5,93
6,720,82.800000,10000.000000,1,0,2249739,1331,4,1331,1,0,5,93
6,720,82.800000,10000.000000,1,0,2249751,1331,4,1331,1,0,5,93
6,720,82.800000,10000.000000,1,0,2249762,1330,4,1330,1,0,5,93
6,720,82.800000,10000.000000,1,0,2249773,1329,5,1329,2,0,5,93
6,720,82.800000,10000.000000,1,0,2249785,1327,5,1327,2,0,5,93
6,720,82.800000,10000.000000,1,0,2249796,1324,5,1324,2,0,5,93
6,720,82.800000,10000.000000,1,0,2249807,1321,6,1321,3,0,5,93
6,720,82.800000,10000.000000,1,0,2249824,1318,6,1318,3,0,5,93
6,720,82.800000,10000.000000,1,0,2249837,1316,6,1316,3,0,5,93
6,720,82.800000,10000.000000,1,0,2249850,1315,7,1315,4,0,5,93
6,720,82.800000,10000.000000,1,0,2249870,1315,7,1315,4,0,5,93
6,720,82.800000,10000.000000,1,0,2249879,1315,7,1315,4,0,5,93
