6,720,82.800000,22.608000,0,0,2218281,600,0,600,0,0,5,72
6,720,82.800000,22.608000,0,0,2218283,600,0,600,0,0,5,72
6,720,82.800000,22.608000,0,0,2218294,606,1,606,1,0,5,72
6,720,82.800000,22.608000,0,0,2218305,617,2,617,2,0,5,72
6,720,82.800000,22.608000,0,0,2218317,632,4,632,4,0,5,72
6,720,82.800000,22.608000,0,0,2218330,653,6,653,6,0,5,72
6,720,82.800000,22.608000,0,0,2218341,685,9,685,9,0,5,72
6,720,82.800000,22.608000,0,0,2218353,717,13,717,13,0,5,72
6,720,82.800000,22.608000,0,0,2218365,750,18,750,18,0,5,72
6,720,82.800000,22.608000,0,0,2218376,787,22,787,22,0,5,72
6,720,82.800000,22.608000,0,0,2218388,818,25,818,25,0,5,72
6,720,82.800000,22.608000,0,0,2218400,856,30,856,30,0,5,72
6,720,82.800000,22.608000,0,0,2218413,893,34,893,34,0,5,72
6,720,82.800000,22.608000,0,0,2218424,926,34,926,34,0,5,72
6,720,82.800000,22.608000,0,0,2218436,956,35,956,35,0,5,72
6,720,82.800000,22.608000,0,0,2218448,990,35,990,35,0,5,72
6,720,82.800000,22.608000,0,0,2218460,1028,34,1028,34,0,5,72
6,720,82.800000,22.608000,0,0,2218474,1063,33,1063,33,0,5,72
6,720,82.800000,22.608000,0,0,2218490,1109,31,1109,31,0,5,72
6,720,82.800000,22.608000,0,0,2218505,1148,31,1148,31,0,5,72
6,720,82.800000,22.608000,0,0,2218521,1179,31,1179,31,0,5,72
6,720,82.800000,22.608000,0,0,2218533,1202,31,1202,31,0,5,72
6,720,82.800000,22.608000,0,0,2218546,1214,30,1214,30,0,5,72
6,720,82.800000,22.608000,0,0,2218557,1221,30,1221,30,0,5,72
6,720,82.800000,22.608000,0,0,2218568,1225,30,1225,30,0,5,72
6,720,82.800000,22.608000,0,0,2218579,1226,30,1226,30,0,5,72
6,720,82.800000,22.608000,0,0,2218590,1227,30,1227,30,0,5,72
6,720,82.800000,22.608000,0,0,2218601,1227,30,1227,30,0,5,72
6,720,82.800000,22.608000,0,0,2218612,1228,30,1228,30,0,5,72
6,720,82.800000,22.608000,0,0,2218623,1229,30,1229,30,0,5,72
6,720,82.800000,22.608000,0,0,2218635,1233,29,1233,29,0,5,72
6,720,82.800000,22.608000,0,0,2218647,1237,29,1237,29,0,5,72
6,720,82.800000,22.608000,0,0,2218658,1242,28,1242,28,0,5,72
6,720,82.800000,22.608000,0,0,2218669,1247,27,1247,27,0,5,72
6,720,82.800000,22.608000,0,0,2218681,1252,25,1252,25,0,5,72
6,720,82.800000,22.608000,0,0,2218697,1258,23,1258,23,0,5,72
6,720,82.800000,22.608000,0,0,2218709,1269,19,1269,19,0,5,72
6,720,82.800000,22.608000,0,0,2218721,1277,16,1277,16,0,5,72
6,720,82.800000,22.608000,0,0,2218733,1286,13,1286,13,0,5,72
6,720,82.800000,22.608000,0,0,2218744,1294,11,1294,11,0,5,72
6,720,82.800000,22.608000,0,0,2218756,1300,9,1300,9,0,5,72
6,720,82.800000,22.608000,0,0,2218767,1304,8,1304,8,0,5,72
6,720,82.800000,22.608000,0,0,2218779,1306,7,1306,7,0,5,72
6,720,82.800000,22.608000,0,0,2218790,1307,7,1307,7,0,5,72
6,720,82.800000,22.608000,0,0,2218800,1309,6,1309,6,0,5,72
6,720,82.800000,22.608000,0,0,2218812,1311,6,1311,6,0,5,72
6,720,82.800000,22.608000,0,0,2218823,1313,5,1313,5,0,5,72
6,720,82.800000,22.608000,0,0,2218834,1316,5,1316,5,0,5,72
6,720,82.800000,22.608000,0,0,2218844,1318,4,1318,4,0,5,72
6,720,82.800000,22.608000,0,0,2218855,1321,3,1321,3,0,5,72
6,720,82.800000,22.608000,0,0,2218866,1321,3,1321,3,0,5,72
6,720,82.800000,22.608000,0,0,2218877,1321,3,1321,3,0,5,72
6,720,82.800000,22.608000,0,0,2218888,1322,3,1322,3,0,5,72
6,720,82.800000,22.608000,0,0,2218898,1322,3,1322,3,0,5,72
