6,360,21.600000,22.608000,1,1,2311196,780,22,780,22,0,6,16
6,360,21.600000,22.608000,1,1,2311197,780,22,780,22,0,6,16
6,360,21.600000,22.608000,1,1,2311208,789,22,789,22,0,6,16
6,360,21.600000,22.608000,1,1,2311221,800,23,800,23,0,6,16
6,360,21.600000,22.608000,1,1,2311234,815,24,815,24,0,6,16
6,360,21.600000,22.608000,1,1,2311244,836,26,836,26,0,6,16
6,360,21.600000,22.608000,1,1,2311256,857,29,857,29,0,6,16
6,360,21.600000,22.608000,1,1,2311269,879,30,879,30,0,6,16
6,360,21.600000,22.608000,1,1,2311280,906,32,906,32,0,6,16
6,360,21.600000,22.608000,1,1,2311293,929,34,929,34,0,6,16
6,360,21.600000,22.608000,1,1,2311306,953,36,953,36,0,6,16
6,360,21.600000,22.608000,1,1,2311317,975,37,975,37,0,6,16
6,360,21.600000,22.608000,1,1,2311328,990,37,990,37,0,6,16
6,360,21.600000,22.608000,1,1,2311338,1003,37,1003,37,0,6,16
6,360,21.600000,22.608000,1,1,2311350,1012,37,1012,37,0,6,16
6,360,21.600000,22.608000,1,1,2311362,1019,36,1019,36,0,6,16
6,360,21.600000,22.608000,1,1,2311373,1026,36,1026,36,0,6,16
6,360,21.600000,22.608000,1,1,2311387,1033,35,1033,35,0,6,16
6,360,21.600000,22.608000,1,1,2311398,1041,34,1041,34,0,6,16
6,360,21.600000,22.608000,1,1,2311409,1046,34,1046,34,0,6,16
6,360,21.600000,22.608000,1,1,2311421,1051,32,1051,32,0,6,16
6,360,21.600000,22.608000,1,1,2311432,1055,32,1055,32,0,6,16
6,360,21.600000,22.608000,1,1,2311443,1062,32,1062,32,0,6,16
6,360,21.600000,22.608000,1,1,2311454,1064,31,1064,31,0,6,16
6,360,21.600000,22.608000,1,1,2311465,1065,31,1065,31,0,6,16
6,360,21.600000,22.608000,1,1,2311475,1067,31,1067,31,0,6,16
6,360,21.600000,22.608000,1,1,2311486,1069,31,1069,31,0,6,16
6,360,21.600000,22.608000,1,1,2311497,1071,30,1071,30,0,6,16
6,360,21.600000,22.608000,1,1,2311508,1073,29,1073,29,0,6,16
6,360,21.600000,22.608000,1,1,2311519,1075,28,1075,28,0,6,16
6,360,21.600000,22.608000,1,1,2311529,1078,27,1078,27,0,6,16
6,360,21.600000,22.608000,1,1,2311541,1082,27,1082,27,0,6,16
6,360,21.600000,22.608000,1,1,2311553,1087,26,1087,26,0,6,16
6,360,21.600000,22.608000,1,1,2311564,1093,25,1093,25,0,6,16
6,360,21.600000,22.608000,1,1,2311575,1099,25,1099,25,0,6,16
6,360,21.600000,22.608000,1,1,2311587,1106,24,1106,24,0,6,16
6,360,21.600000,22.608000,1,1,2311598,1113,23,1113,23,0,6,16
6,360,21.600000,22.608000,1,1,2311609,1118,23,1118,23,0,6,16
6,360,21.600000,22.608000,1,1,2311620,1123,23,1123,23,0,6,16
6,360,21.600000,22.608000,1,1,2311631,1129,22,1129,22,0,6,16
6,360,21.600000,22.608000,1,1,2311642,1135,21,1135,21,0,6,16
6,360,21.600000,22.608000,1,1,2311652,1141,21,1141,21,0,6,16
6,360,21.600000,22.608000,1,1,2311663,1146,20,1146,20,0,6,16
6,360,21.600000,22.608000,1,1,2311674,1149,20,1149,20,0,6,16
6,360,21.600000,22.608000,1,1,2311685,1152,20,1152,20,0,6,16
6,360,21.600000,22.608000,1,1,2311695,1152,19,1152,19,0,6,16
6,360,21.600000,22.608000,1,1,2311706,1153,19,1153,19,0,6,16
6,360,21.600000,22.608000,1,1,2311717,1153,19,1153,19,0,6,16
6,360,21.600000,22.608000,1,1,2311728,1153,19,1153,19,0,6,16
6,360,21.600000,22.608000,1,1,2311738,1153,19,1153,19,0,6,16
6,360,21.600000,22.608000,1,1,2311748,1153,19,1153,19,0,6,16
6,360,21.600000,22.608000,1,1,2311758,1153,19,1153,19,0,6,16
6,360,21.600000,22.608000,1,1,2311769,1153,19,1153,19,0,6,16
6,360,21.600000,22.608000,1,1,2311780,1153,19,1153,19,0,6,16
6,360,21.600000,22.608000,1,1,2311790,1153,19,1153,19,0,6,16
6,360,21.600000,22.608000,1,1,2311801,1153,19,1153,19,0,6,16
6,360,21.600000,22.608000,1,1,2311811,1153,19,1153,19,0,6,16
6,360,21.600000,22.608000,1,1,2311821,1153,19,1153,19,0,6,16
6,360,21.600000,22.608000,1,1,2311832,1153,19,1153,19,0,6,16
6,360,21.600000,22.608000,1,1,2311843,1153,19,1153,19,0,6,16
6,360,21.600000,22.608000,1,1,2311854,1153,18,1153,18,0,6,16
6,360,21.600000,22.608000,1,1,2311864,1152,17,1152,17,0,6,16
6,360,21.600000,22.608000,1,1,2311875,1151,17,1151,17,0,6,16
6,360,21.600000,22.608000,1,1,2311885,1150,17,1150,17,0,6,16
6,360,21.600000,22.608000,1,1,2311896,1148,17,1148,17,0,6,16
6,360,21.600000,22.608000,1,1,2311906,1147,17,1147,17,0,6,16
6,360,21.600000,22.608000,1,1,2311917,1145,17,1145,17,0,6,16
6,360,21.600000,22.608000,1,1,2311927,1144,16,1144,16,0,6,16
6,360,21.600000,22.608000,1,1,2311937,1143,15,1143,15,0,6,16
6,360,21.600000,22.608000,1,1,2311948,1141,14,1141,14,0,6,16
6,360,21.600000,22.608000,1,1,2311958,1141,13,1141,13,0,6,16
6,360,21.600000,22.608000,1,1,2311968,1140,13,1140,13,0,6,16
6,360,21.600000,22.608000,1,1,2311978,1139,12,1139,12,0,6,16
6,360,21.600000,22.608000,1,1,2311988,1138,12,1138,12,0,6,16
6,360,21.600000,22.608000,1,1,2311998,1138,12,1138,12,0,6,16
6,360,21.600000,22.608000,1,1,2312009,1138,12,1138,12,0,6,16
6,360,21.600000,22.608000,1,1,2312019,1138,11,1138,11,0,6,16
6,360,21.600000,22.608000,1,1,2312029,1138,10,1138,10,0,6,16
6,360,21.600000,22.608000,1,1,2312039,1138,10,1138,10,0,6,16
6,360,21.600000,22.608000,1,1,2312049,1138,10,1138,10,0,6,16
6,360,21.600000,22.608000,1,1,2312058,1138,10,1138,10,0,6,16
