6,720,50.400000,42.984000,1,0,2417091,600,0,600,0,0,6,88
6,720,50.400000,42.984000,1,0,2417093,600,0,600,0,0,6,88
6,720,50.400000,42.984000,1,0,2417103,605,0,605,-1,0,6,88
6,720,50.400000,42.984000,1,0,2417114,608,0,608,-1,0,6,88
6,720,50.400000,42.984000,1,0,2417125,610,0,610,-2,0,6,88
6,720,50.400000,42.984000,1,0,2417135,612,0,612,-2,0,6,88
6,720,50.400000,42.984000,1,0,2417147,614,0,614,-2,0,6,88
6,720,50.400000,42.984000,1,0,2417158,617,0,617,-2,0,6,88
6,720,50.400000,42.984000,1,0,2417168,622,0,622,-2,0,6,88
6,720,50.400000,42.984000,1,0,2417180,630,0,630,-2,0,6,88
6,720,50.400000,42.984000,1,0,2417190,641,1,641,-1,0,6,88
6,720,50.400000,42.984000,1,0,2417202,655,1,655,-1,0,6,88
6,720,50.400000,42.984000,1,0,2417212,676,3,676,1,0,6,88
6,720,50.400000,42.984000,1,0,2417223,695,4,695,2,0,6,88
6,720,50.400000,42.984000,1,0,2417234,721,4,721,2,0,6,88
6,720,50.400000,42.984000,1,0,2417244,746,4,746,2,0,6,88
6,720,50.400000,42.984000,1,0,2417255,775,4,775,2,0,6,88
6,720,50.400000,42.984000,1,0,2417267,804,4,804,2,0,6,88
6,720,50.400000,42.984000,1,0,2417277,838,3,838,1,0,6,88
6,720,50.400000,42.984000,1,0,2417289,869,3,869,1,0,6,88
6,720,50.400000,42.984000,1,0,2417299,895,2,895,0,0,6,88
6,720,50.400000,42.984000,1,0,2417310,922,2,922,0,0,6,88
6,720,50.400000,42.984000,1,0,2417320,950,2,950,0,0,6,88
6,720,50.400000,42.984000,1,0,2417331,977,2,977,0,0,6,88
6,720,50.400000,42.984000,1,0,2417341,1007,2,1007,0,0,6,88
6,720,50.400000,42.984000,1,0,2417352,1037,3,1037,1,0,6,88
6,720,50.400000,42.984000,1,0,2417363,1066,6,1066,4,0,6,88
6,720,50.400000,42.984000,1,0,2417374,1096,9,1096,7,0,6,88
6,720,50.400000,42.984000,1,0,2417385,1119,10,1119,8,0,6,88
6,720,50.400000,42.984000,1,0,2417396,1135,11,1135,9,0,6,88
6,720,50.400000,42.984000,1,0,2417407,1147,11,1147,9,0,6,88
6,720,50.400000,42.984000,1,0,2417418,1156,11,1156,9,0,6,88
6,720,50.400000,42.984000,1,0,2417428,1164,11,1164,9,0,6,88
6,720,50.400000,42.984000,1,0,2417439,1171,11,1171,9,0,6,88
6,720,50.400000,42.984000,1,0,2417450,1177,9,1177,7,0,6,88
6,720,50.400000,42.984000,1,0,2417463,1184,8,1184,6,0,6,88
6,720,50.400000,42.984000,1,0,2417474,1191,7,1191,5,0,6,88
6,720,50.400000,42.984000,1,0,2417487,1196,5,1196,3,0,6,88
6,720,50.400000,42.984000,1,0,2417498,1201,4,1201,2,0,6,88
6,720,50.400000,42.984000,1,0,2417508,1205,3,1205,1,0,6,88
6,720,50.400000,42.984000,1,0,2417519,1209,3,1209,1,0,6,88
6,720,50.400000,42.984000,1,0,2417530,1213,2,1213,0,0,6,88
6,720,50.400000,42.984000,1,0,2417541,1218,2,1218,0,0,6,88
6,720,50.400000,42.984000,1,0,2417552,1223,2,1223,0,0,6,88
6,720,50.400000,42.984000,1,0,2417563,1227,1,1227,-1,0,6,88
6,720,50.400000,42.984000,1,0,2417574,1229,1,1229,-1,0,6,88
6,720,50.400000,42.984000,1,0,2417585,1231,0,1231,-2,0,6,88
6,720,50.400000,42.984000,1,0,2417596,1233,0,1233,-2,0,6,88
6,720,50.400000,42.984000,1,0,2417608,1237,0,1237,-2,0,6,88
6,720,50.400000,42.984000,1,0,2417619,1242,0,1242,-2,0,6,88
6,720,50.400000,42.984000,1,0,2417630,1249,0,1249,-2,0,6,88
6,720,50.400000,42.984000,1,0,2417641,1256,0,1256,-2,0,6,88
6,720,50.400000,42.984000,1,0,2417652,1265,0,1265,-2,0,6,88
6,720,50.400000,42.984000,1,0,2417664,1274,0,1274,-2,0,6,88
6,720,50.400000,42.984000,1,0,2417674,1283,0,1283,-2,0,6,88
6,720,50.400000,42.984000,1,0,2417685,1289,0,1289,-2,0,6,88
6,720,50.400000,42.984000,1,0,2417696,1292,0,1292,-2,0,6,88
6,720,50.400000,42.984000,1,0,2417707,1294,0,1294,-2,0,6,88
6,720,50.400000,42.984000,1,0,2417717,1296,0,1296,-2,0,6,88
6,720,50.400000,42.984000,1,0,2417728,1298,0,1298,-2,0,6,88
6,720,50.400000,42.984000,1,0,2417739,1299,0,1299,-2,0,6,88
6,720,50.400000,42.984000,1,0,2417750,1300,0,1300,-2,0,6,88
6,720,50.400000,42.984000,1,0,2417761,1300,0,1300,-2,0,6,88
6,720,50.400000,42.984000,1,0,2417771,1300,0,1300,-2,0,6,88
6,720,50.400000,42.984000,1,0,2417782,1300,0,1300,-2,0,6,88
6,720,50.400000,42.984000,1,0,2417792,1300,0,1300,-2,0,6,88
6,720,50.400000,42.984000,1,0,2417802,1300,0,1300,-2,0,6,88
6,720,50.400000,42.984000,1,0,2417813,1300,0,1300,-2,0,6,88
6,720,50.400000,42.984000,1,0,2417823,1300,0,1300,-2,0,6,88
6,720,50.400000,42.984000,1,0,2417834,1300,0,1300,-2,0,6,88
6,720,50.400000,42.984000,1,0,2417844,1300,0,1300,-2,0,6,88
6,720,50.400000,42.984000,1,0,2417855,1300,0,1300,-2,0,6,88
6,720,50.400000,42.984000,1,0,2417865,1299,0,1299,-2,0,6,88
6,720,50.400000,42.984000,1,0,2417875,1299,0,1299,-2,0,6,88
6,720,50.400000,42.984000,1,0,2417886,1299,0,1299,-2,0,6,88
6,720,50.400000,42.984000,1,0,2417896,1299,0,1299,-2,0,6,88
6,720,50.400000,42.984000,1,0,2417906,1298,0,1298,-2,0,6,88
