6,720,50.400000,42.984000,0,0,2291714,600,0,600,0,0,6,3
6,720,50.400000,42.984000,0,0,2291715,600,0,600,0,0,6,3
6,720,50.400000,42.984000,0,0,2291729,605,0,605,0,0,6,3
6,720,50.400000,42.984000,0,0,2291740,615,0,615,0,0,6,3
6,720,50.400000,42.984000,0,0,2291751,623,0,623,-1,0,6,3
6,720,50.400000,42.984000,0,0,2291763,630,0,630,-1,0,6,3
6,720,50.400000,42.984000,0,0,2291773,639,0,639,-1,0,6,3
6,720,50.400000,42.984000,0,0,2291784,647,0,647,-2,0,6,3
6,720,50.400000,42.984000,0,0,2291794,655,0,655,-2,0,6,3
6,720,50.400000,42.984000,0,0,2291805,666,0,666,-2,0,6,3
6,720,50.400000,42.984000,0,0,2291818,680,0,680,-2,0,6,3
6,720,50.400000,42.984000,0,0,2291829,695,1,695,-1,0,6,3
6,720,50.400000,42.984000,0,0,2291840,720,1,720,-1,0,6,3
6,720,50.400000,42.984000,0,0,2291850,748,1,748,-1,0,6,3
6,720,50.400000,42.984000,0,0,2291861,782,0,782,-2,0,6,3
6,720,50.400000,42.984000,0,0,2291871,827,0,827,-5,0,6,3
6,720,50.400000,42.984000,0,0,2291883,878,0,878,-7,0,6,3
6,720,50.400000,42.984000,0,0,2291894,945,0,945,-9,0,6,3
6,720,50.400000,42.984000,0,0,2291904,1008,0,1008,-10,0,6,3
6,720,50.400000,42.984000,0,0,2291915,1061,0,1061,-10,0,6,3
6,720,50.400000,42.984000,0,0,2291925,1119,0,1119,-10,0,6,3
6,720,50.400000,42.984000,0,0,2291936,1162,0,1162,-10,0,6,3
6,720,50.400000,42.984000,0,0,2291946,1195,0,1195,-12,0,6,3
6,720,50.400000,42.984000,0,0,2291957,1212,0,1212,-13,0,6,3
6,720,50.400000,42.984000,0,0,2291967,1221,0,1221,-14,0,6,3
6,720,50.400000,42.984000,0,0,2291983,1222,0,1222,-14,0,6,3
6,720,50.400000,42.984000,0,0,2291993,1222,0,1222,-14,0,6,3
6,720,50.400000,42.984000,0,0,2292004,1222,0,1222,-14,0,6,3
6,720,50.400000,42.984000,0,0,2292015,1222,0,1222,-15,0,6,3
6,720,50.400000,42.984000,0,0,2292025,1222,0,1222,-15,0,6,3
6,720,50.400000,42.984000,0,0,2292036,1222,0,1222,-15,0,6,3
6,720,50.400000,42.984000,0,0,2292046,1222,0,1222,-15,0,6,3
6,720,50.400000,42.984000,0,0,2292057,1222,0,1222,-15,0,6,3
6,720,50.400000,42.984000,0,0,2292067,1222,0,1222,-15,0,6,3
6,720,50.400000,42.984000,0,0,2292078,1222,0,1222,-15,0,6,3
6,720,50.400000,42.984000,0,0,2292089,1222,0,1222,-15,0,6,3
6,720,50.400000,42.984000,0,0,2292099,1222,0,1222,-15,0,6,3
6,720,50.400000,42.984000,0,0,2292110,1222,0,1222,-15,0,6,3
6,720,50.400000,42.984000,0,0,2292121,1222,0,1222,-15,0,6,3
6,720,50.400000,42.984000,0,0,2292131,1222,0,1222,-15,0,6,3
6,720,50.400000,42.984000,0,0,2292141,1222,0,1222,-15,0,6,3
6,720,50.400000,42.984000,0,0,2292152,1222,0,1222,-15,0,6,3
6,720,50.400000,42.984000,0,0,2292162,1222,0,1222,-15,0,6,3
6,720,50.400000,42.984000,0,0,2292172,1222,0,1222,-15,0,6,3
6,720,50.400000,42.984000,0,0,2292183,1224,0,1224,-16,0,6,3
6,720,50.400000,42.984000,0,0,2292194,1226,0,1226,-16,0,6,3
6,720,50.400000,42.984000,0,0,2292204,1226,0,1226,-16,0,6,3
6,720,50.400000,42.984000,0,0,2292214,1226,0,1226,-16,0,6,3
6,720,50.400000,42.984000,0,0,2292225,1226,0,1226,-16,0,6,3
6,720,50.400000,42.984000,0,0,2292235,1226,0,1226,-16,0,6,3
6,720,50.400000,42.984000,0,0,2292245,1226,0,1226,-16,0,6,3
6,720,50.400000,42.984000,0,0,2292256,1226,0,1226,-16,0,6,3
6,720,50.400000,42.984000,0,0,2292266,1226,0,1226,-16,0,6,3
6,720,50.400000,42.984000,0,0,2292276,1227,0,1227,-16,0,6,3
6,720,50.400000,42.984000,0,0,2292286,1227,0,1227,-16,0,6,3
6,720,50.400000,42.984000,0,0,2292300,1227,0,1227,-16,0,6,3
6,720,50.400000,42.984000,0,0,2292315,1227,0,1227,-16,0,6,3
6,720,50.400000,42.984000,0,0,2292326,1228,0,1228,-16,0,6,3
6,720,50.400000,42.984000,0,0,2292337,1228,1,1228,-15,0,6,3
6,720,50.400000,42.984000,0,0,2292348,1227,4,1227,-12,0,6,3
6,720,50.400000,42.984000,0,0,2292359,1224,7,1224,-9,0,6,3
6,720,50.400000,42.984000,0,0,2292369,1222,9,1222,-7,0,6,3
6,720,50.400000,42.984000,0,0,2292380,1219,11,1219,-5,0,6,3
6,720,50.400000,42.984000,0,0,2292390,1216,12,1216,-4,0,6,3
6,720,50.400000,42.984000,0,0,2292401,1212,13,1212,-3,0,6,3
6,720,50.400000,42.984000,0,0,2292411,1207,14,1207,-2,0,6,3
6,720,50.400000,42.984000,0,0,2292422,1202,15,1202,-1,0,6,3
6,720,50.400000,42.984000,0,0,2292433,1195,16,1195,0,0,6,3
6,720,50.400000,42.984000,0,0,2292443,1189,17,1189,1,0,6,3
6,720,50.400000,42.984000,0,0,2292454,1184,18,1184,2,0,6,3
6,720,50.400000,42.984000,0,0,2292464,1181,19,1181,3,0,6,3
6,720,50.400000,42.984000,0,0,2292475,1180,19,1180,3,0,6,3
6,720,50.400000,42.984000,0,0,2292485,1180,19,1180,3,0,6,3
6,720,50.400000,42.984000,0,0,2292495,1180,19,1180,3,0,6,3
6,720,50.400000,42.984000,0,0,2292506,1180,19,1180,3,0,6,3
6,720,50.400000,42.984000,0,0,2292516,1180,19,1180,3,0,6,3
6,720,50.400000,42.984000,0,0,2292525,1180,19,1180,3,0,6,3
6,720,50.400000,42.984000,0,0,2292536,1180,19,1180,3,0,6,3
6,720,50.400000,42.984000,0,0,2292546,1178,19,1178,3,0,6,3
6,720,50.400000,42.984000,0,0,2292556,1176,19,1176,3,0,6,3
6,720,50.400000,42.984000,0,0,2292566,1176,19,1176,3,0,6,3
6,720,50.400000,42.984000,0,0,2292576,1176,19,1176,3,0,6,3
6,720,50.400000,42.984000,0,0,2292588,1176,19,1176,3,0,6,3
6,720,50.400000,42.984000,0,0,2292599,1176,19,1176,3,0,6,3
6,720,50.400000,42.984000,0,0,2292609,1176,19,1176,3,0,6,3
6,720,50.400000,42.984000,0,0,2292620,1178,19,1178,3,0,6,3
6,720,50.400000,42.984000,0,0,2292631,1181,19,1181,3,0,6,3
6,720,50.400000,42.984000,0,0,2292643,1187,19,1187,3,0,6,3
6,720,50.400000,42.984000,0,0,2292654,1195,18,1195,2,0,6,3
6,720,50.400000,42.984000,0,0,2292665,1206,16,1206,0,0,6,3
6,720,50.400000,42.984000,0,0,2292675,1221,12,1221,-4,0,6,3
6,720,50.400000,42.984000,0,0,2292687,1237,9,1237,-7,0,6,3
6,720,50.400000,42.984000,0,0,2292697,1251,6,1251,-10,0,6,3
6,720,50.400000,42.984000,0,0,2292712,1262,3,1262,-13,0,6,3
6,720,50.400000,42.984000,0,0,2292723,1272,1,1272,-15,0,6,3
6,720,50.400000,42.984000,0,0,2292734,1275,1,1275,-15,0,6,3
6,720,50.400000,42.984000,0,0,2292744,1277,1,1277,-15,0,6,3
6,720,50.400000,42.984000,0,0,2292754,1279,1,1279,-15,0,6,3
6,720,50.400000,42.984000,0,0,2292764,1279,1,1279,-15,0,6,3
6,720,50.400000,42.984000,0,0,2292774,1279,1,1279,-15,0,6,3
6,720,50.400000,42.984000,0,0,2292784,1279,1,1279,-15,0,6,3
6,720,50.400000,42.984000,0,0,2292794,1279,1,1279,-15,0,6,3
6,720,50.400000,42.984000,0,0,2292804,1279,1,1279,-15,0,6,3
6,720,50.400000,42.984000,0,0,2292814,1279,1,1279,-15,0,6,3
6,720,50.400000,42.984000,0,0,2292824,1279,1,1279,-15,0,6,3
6,720,50.400000,42.984000,0,0,2292835,1279,1,1279,-15,0,6,3
6,720,50.400000,42.984000,0,0,2292845,1279,1,1279,-15,0,6,3
6,720,50.400000,42.984000,0,0,2292855,1280,1,1280,-15,0,6,3
6,720,50.400000,42.984000,0,0,2292870,1280,1,1280,-15,0,6,3
6,720,50.400000,42.984000,0,0,2292881,1282,1,1282,-15,0,6,3
6,720,50.400000,42.984000,0,0,2292891,1283,1,1283,-15,0,6,3
6,720,50.400000,42.984000,0,0,2292901,1284,1,1284,-15,0,6,3
6,720,50.400000,42.984000,0,0,2292911,1284,1,1284,-15,0,6,3
6,720,50.400000,42.984000,0,0,2292921,1284,1,1284,-15,0,6,3
6,720,50.400000,42.984000,0,0,2292932,1284,1,1284,-15,0,6,3
6,720,50.400000,42.984000,0,0,2292942,1285,1,1285,-15,0,6,3
6,720,50.400000,42.984000,0,0,2292953,1285,1,1285,-15,0,6,3
6,720,50.400000,42.984000,0,0,2292963,1285,1,1285,-15,0,6,3
6,720,50.400000,42.984000,0,0,2292973,1286,1,1286,-15,0,6,3
6,720,50.400000,42.984000,0,0,2292984,1287,1,1287,-15,0,6,3
6,720,50.400000,42.984000,0,0,2292994,1289,1,1289,-15,0,6,3
6,720,50.400000,42.984000,0,0,2293004,1291,1,1291,-15,0,6,3
6,720,50.400000,42.984000,0,0,2293014,1295,2,1295,-14,0,6,3
6,720,50.400000,42.984000,0,0,2293025,1298,2,1298,-14,0,6,3
6,720,50.400000,42.984000,0,0,2293035,1300,3,1300,-13,0,6,3
6,720,50.400000,42.984000,0,0,2293046,1303,3,1303,-13,0,6,3
6,720,50.400000,42.984000,0,0,2293056,1303,3,1303,-13,0,6,3
6,720,50.400000,42.984000,0,0,2293066,1303,3,1303,-13,0,6,3
6,720,50.400000,42.984000,0,0,2293076,1304,3,1304,-13,0,6,3
6,720,50.400000,42.984000,0,0,2293086,1304,3,1304,-13,0,6,3
6,720,50.400000,42.984000,0,0,2293096,1305,3,1305,-13,0,6,3
6,720,50.400000,42.984000,0,0,2293106,1306,3,1306,-13,0,6,3
6,720,50.400000,42.984000,0,0,2293116,1309,3,1309,-13,0,6,3
6,720,50.400000,42.984000,0,0,2293127,1311,3,1311,-13,0,6,3
6,720,50.400000,42.984000,0,0,2293141,1313,3,1313,-13,0,6,3
6,720,50.400000,42.984000,0,0,2293151,1317,3,1317,-13,0,6,3
6,720,50.400000,42.984000,0,0,2293163,1320,2,1320,-14,0,6,3
6,720,50.400000,42.984000,0,0,2293173,1321,2,1321,-14,0,6,3
6,720,50.400000,42.984000,0,0,2293183,1322,2,1322,-14,0,6,3
6,720,50.400000,42.984000,0,0,2293192,1322,2,1322,-14,0,6,3
6,720,50.400000,42.984000,0,0,2293201,1322,2,1322,-14,0,6,3
