6,720,50.400000,22.608000,1,0,2602367,600,0,600,0,0,7,98
6,720,50.400000,22.608000,1,0,2602367,600,0,600,0,0,7,98
6,720,50.400000,22.608000,1,0,2602378,600,0,600,0,0,7,98
6,720,50.400000,22.608000,1,0,2602388,600,0,600,0,0,7,98
6,720,50.400000,22.608000,1,0,2602399,600,0,600,0,0,7,98
6,720,50.400000,22.608000,1,0,2602410,601,0,601,0,0,7,98
6,720,50.400000,22.608000,1,0,2602420,605,0,605,0,0,7,98
6,720,50.400000,22.608000,1,0,2602432,612,0,612,0,0,7,98
6,720,50.400000,22.608000,1,0,2602443,627,0,627,0,0,7,98
6,720,50.400000,22.608000,1,0,2602455,646,1,646,1,0,7,98
6,720,50.400000,22.608000,1,0,2602466,677,3,677,3,0,7,98
6,720,50.400000,22.608000,1,0,2602476,713,4,713,4,0,7,98
6,720,50.400000,22.608000,1,0,2602487,755,5,755,5,0,7,98
6,720,50.400000,22.608000,1,0,2602498,793,6,793,6,0,7,98
6,720,50.400000,22.608000,1,0,2602508,843,8,843,8,0,7,98
6,720,50.400000,22.608000,1,0,2602519,900,9,900,9,0,7,98
6,720,50.400000,22.608000,1,0,2602530,949,9,949,9,0,7,98
6,720,50.400000,22.608000,1,0,2602541,1004,9,1004,9,0,7,98
6,720,50.400000,22.608000,1,0,2602551,1047,7,1047,7,0,7,98
6,720,50.400000,22.608000,1,0,2602564,1083,4,1083,4,0,7,98
6,720,50.400000,22.608000,1,0,2602574,1123,0,1123,0,0,7,98
6,720,50.400000,22.608000,1,0,2602585,1158,0,1158,-3,0,7,98
6,720,50.400000,22.608000,1,0,2602596,1187,0,1187,-5,0,7,98
6,720,50.400000,22.608000,1,0,2602606,1212,0,1212,-7,0,7,98
6,720,50.400000,22.608000,1,0,2602617,1230,0,1230,-10,0,7,98
6,720,50.400000,22.608000,1,0,2602627,1247,0,1247,-10,0,7,98
6,720,50.400000,22.608000,1,0,2602639,1258,0,1258,-11,0,7,98
6,720,50.400000,22.608000,1,0,2602649,1269,0,1269,-11,0,7,98
6,720,50.400000,22.608000,1,0,2602660,1277,0,1277,-11,0,7,98
6,720,50.400000,22.608000,1,0,2602671,1283,0,1283,-11,0,7,98
6,720,50.400000,22.608000,1,0,2602681,1285,0,1285,-11,0,7,98
6,720,50.400000,22.608000,1,0,2602692,1286,0,1286,-11,0,7,98
6,720,50.400000,22.608000,1,0,2602702,1287,0,1287,-11,0,7,98
6,720,50.400000,22.608000,1,0,2602712,1288,0,1288,-11,0,7,98
6,720,50.400000,22.608000,1,0,2602722,1288,0,1288,-11,0,7,98
6,720,50.400000,22.608000,1,0,2602732,1288,0,1288,-11,0,7,98
6,720,50.400000,22.608000,1,0,2602743,1288,0,1288,-11,0,7,98
6,720,50.400000,22.608000,1,0,2602753,1288,0,1288,-11,0,7,98
6,720,50.400000,22.608000,1,0,2602763,1288,0,1288,-11,0,7,98
6,720,50.400000,22.608000,1,0,2602778,1288,0,1288,-11,0,7,98
6,720,50.400000,22.608000,1,0,2602793,1288,0,1288,-11,0,7,98
6,720,50.400000,22.608000,1,0,2602804,1288,0,1288,-11,0,7,98
6,720,50.400000,22.608000,1,0,2602814,1288,0,1288,-11,0,7,98
6,720,50.400000,22.608000,1,0,2602824,1288,0,1288,-11,0,7,98
6,720,50.400000,22.608000,1,0,2602834,1288,0,1288,-11,0,7,98
6,720,50.400000,22.608000,1,0,2602844,1288,0,1288,-11,0,7,98
6,720,50.400000,22.608000,1,0,2602854,1288,0,1288,-12,0,7,98
6,720,50.400000,22.608000,1,0,2602864,1289,0,1289,-12,0,7,98
6,720,50.400000,22.608000,1,0,2602876,1291,0,1291,-12,0,7,98
6,720,50.400000,22.608000,1,0,2602886,1293,0,1293,-12,0,7,98
6,720,50.400000,22.608000,1,0,2602896,1297,0,1297,-12,0,7,98
6,720,50.400000,22.608000,1,0,2602906,1300,0,1300,-12,0,7,98
6,720,50.400000,22.608000,1,0,2602916,1302,0,1302,-12,0,7,98
6,720,50.400000,22.608000,1,0,2602926,1303,0,1303,-13,0,7,98
6,720,50.400000,22.608000,1,0,2602936,1305,0,1305,-14,0,7,98
6,720,50.400000,22.608000,1,0,2602946,1305,0,1305,-14,0,7,98
6,720,50.400000,22.608000,1,0,2602956,1305,0,1305,-14,0,7,98
6,720,50.400000,22.608000,1,0,2602967,1305,0,1305,-14,0,7,98
6,720,50.400000,22.608000,1,0,2602977,1305,0,1305,-14,0,7,98
6,720,50.400000,22.608000,1,0,2602987,1305,0,1305,-14,0,7,98
6,720,50.400000,22.608000,1,0,2602997,1305,0,1305,-14,0,7,98
