6,360,82.800000,0.000000,1,1,2550542,780,22,780,22,0,7,61
6,360,82.800000,0.000000,1,1,2550543,780,22,780,22,0,7,61
6,360,82.800000,0.000000,1,1,2550556,784,23,784,23,0,7,61
6,360,82.800000,0.000000,1,1,2550567,791,24,791,24,0,7,61
6,360,82.800000,0.000000,1,1,2550578,801,26,801,26,0,7,61
6,360,82.800000,0.000000,1,1,2550591,819,28,819,28,0,7,61
6,360,82.800000,0.000000,1,1,2550603,838,31,838,31,0,7,61
6,360,82.800000,0.000000,1,1,2550614,859,33,859,33,0,7,61
6,360,82.800000,0.000000,1,1,2550624,879,36,879,36,0,7,61
6,360,82.800000,0.000000,1,1,2550635,899,37,899,37,0,7,61
6,360,82.800000,0.000000,1,1,2550647,927,39,927,39,0,7,61
6,360,82.800000,0.000000,1,1,2550658,956,40,956,40,0,7,61
6,360,82.800000,0.000000,1,1,2550668,984,41,984,41,0,7,61
6,360,82.800000,0.000000,1,1,2550679,1014,41,1014,41,0,7,61
6,360,82.800000,0.000000,1,1,2550690,1043,41,1043,41,0,7,61
6,360,82.800000,0.000000,1,1,2550701,1069,40,1069,40,0,7,61
6,360,82.800000,0.000000,1,1,2550712,1091,37,1091,37,0,7,61
6,360,82.800000,0.000000,1,1,2550728,1108,36,1108,36,0,7,61
6,360,82.800000,0.000000,1,1,2550743,1127,34,1127,34,0,7,61
6,360,82.800000,0.000000,1,1,2550759,1135,33,1135,33,0,7,61
6,360,82.800000,0.000000,1,1,2550775,1137,33,1137,33,0,7,61
6,360,82.800000,0.000000,1,1,2550786,1137,33,1137,33,0,7,61
6,360,82.800000,0.000000,1,1,2550796,1137,33,1137,33,0,7,61
6,360,82.800000,0.000000,1,1,2550807,1137,33,1137,33,0,7,61
6,360,82.800000,0.000000,1,1,2550823,1138,32,1138,32,0,7,61
6,360,82.800000,0.000000,1,1,2550838,1138,32,1138,32,0,7,61
6,360,82.800000,0.000000,1,1,2550854,1138,31,1138,31,0,7,61
6,360,82.800000,0.000000,1,1,2550864,1138,30,1138,30,0,7,61
6,360,82.800000,0.000000,1,1,2550876,1139,29,1139,29,0,7,61
6,360,82.800000,0.000000,1,1,2550886,1139,28,1139,28,0,7,61
6,360,82.800000,0.000000,1,1,2550901,1140,26,1140,26,0,7,61
6,360,82.800000,0.000000,1,1,2550912,1141,25,1141,25,0,7,61
6,360,82.800000,0.000000,1,1,2550923,1142,24,1142,24,0,7,61
6,360,82.800000,0.000000,1,1,2550934,1143,23,1143,23,0,7,61
6,360,82.800000,0.000000,1,1,2550945,1144,22,1144,22,0,7,61
6,360,82.800000,0.000000,1,1,2550956,1145,20,1145,20,0,7,61
6,360,82.800000,0.000000,1,1,2550967,1147,18,1147,18,0,7,61
6,360,82.800000,0.000000,1,1,2550977,1148,16,1148,16,0,7,61
6,360,82.800000,0.000000,1,1,2550988,1149,14,1149,14,0,7,61
6,360,82.800000,0.000000,1,1,2550998,1151,13,1151,13,0,7,61
6,360,82.800000,0.000000,1,1,2551008,1152,12,1152,12,0,7,61
6,360,82.800000,0.000000,1,1,2551019,1152,11,1152,11,0,7,61
6,360,82.800000,0.000000,1,1,2551028,1152,11,1152,11,0,7,61
