6,720,82.800000,0.000000,1,0,2554266,600,0,600,0,0,7,64
6,720,82.800000,0.000000,1,0,2554268,600,0,600,0,0,7,64
6,720,82.800000,0.000000,1,0,2554279,622,3,622,3,0,7,64
6,720,82.800000,0.000000,1,0,2554290,646,5,646,5,0,7,64
6,720,82.800000,0.000000,1,0,2554301,679,6,679,6,0,7,64
6,720,82.800000,0.000000,1,0,2554312,722,8,722,8,0,7,64
6,720,82.800000,0.000000,1,0,2554322,782,12,782,12,0,7,64
6,720,82.800000,0.000000,1,0,2554333,847,15,847,15,0,7,64
6,720,82.800000,0.000000,1,0,2554345,914,18,914,18,0,7,64
6,720,82.800000,0.000000,1,0,2554357,971,19,971,19,0,7,64
6,720,82.800000,0.000000,1,0,2554369,1033,19,1033,19,0,7,64
6,720,82.800000,0.000000,1,0,2554379,1083,19,1083,19,0,7,64
6,720,82.800000,0.000000,1,0,2554390,1123,17,1123,17,0,7,64
6,720,82.800000,0.000000,1,0,2554402,1151,16,1151,16,0,7,64
6,720,82.800000,0.000000,1,0,2554414,1179,14,1179,14,0,7,64
6,720,82.800000,0.000000,1,0,2554425,1196,13,1196,13,0,7,64
6,720,82.800000,0.000000,1,0,2554437,1207,12,1207,12,0,7,64
6,720,82.800000,0.000000,1,0,2554447,1216,11,1216,11,0,7,64
6,720,82.800000,0.000000,1,0,2554458,1221,10,1221,10,0,7,64
6,720,82.800000,0.000000,1,0,2554468,1226,9,1226,9,0,7,64
6,720,82.800000,0.000000,1,0,2554478,1230,8,1230,8,0,7,64
6,720,82.800000,0.000000,1,0,2554489,1234,7,1234,7,0,7,64
6,720,82.800000,0.000000,1,0,2554500,1237,6,1237,6,0,7,64
6,720,82.800000,0.000000,1,0,2554511,1241,4,1241,4,0,7,64
6,720,82.800000,0.000000,1,0,2554521,1244,3,1244,3,0,7,64
6,720,82.800000,0.000000,1,0,2554532,1247,2,1247,2,0,7,64
6,720,82.800000,0.000000,1,0,2554543,1250,1,1250,1,0,7,64
6,720,82.800000,0.000000,1,0,2554555,1256,0,1256,0,0,7,64
6,720,82.800000,0.000000,1,0,2554566,1262,0,1262,-1,0,7,64
6,720,82.800000,0.000000,1,0,2554578,1272,0,1272,-3,0,7,64
6,720,82.800000,0.000000,1,0,2554588,1281,0,1281,-5,0,7,64
6,720,82.800000,0.000000,1,0,2554599,1290,0,1290,-6,0,7,64
6,720,82.800000,0.000000,1,0,2554610,1299,0,1299,-8,0,7,64
6,720,82.800000,0.000000,1,0,2554622,1306,0,1306,-9,0,7,64
6,720,82.800000,0.000000,1,0,2554633,1310,0,1310,-9,0,7,64
6,720,82.800000,0.000000,1,0,2554643,1311,0,1311,-9,0,7,64
6,720,82.800000,0.000000,1,0,2554653,1312,0,1312,-9,0,7,64
6,720,82.800000,0.000000,1,0,2554664,1312,0,1312,-9,0,7,64
6,720,82.800000,0.000000,1,0,2554675,1312,0,1312,-9,0,7,64
6,720,82.800000,0.000000,1,0,2554685,1312,0,1312,-9,0,7,64
6,720,82.800000,0.000000,1,0,2554696,1312,0,1312,-10,0,7,64
6,720,82.800000,0.000000,1,0,2554707,1315,0,1315,-10,0,7,64
6,720,82.800000,0.000000,1,0,2554718,1319,0,1319,-10,0,7,64
6,720,82.800000,0.000000,1,0,2554728,1323,0,1323,-11,0,7,64
6,720,82.800000,0.000000,1,0,2554739,1327,0,1327,-11,0,7,64
6,720,82.800000,0.000000,1,0,2554750,1330,0,1330,-12,0,7,64
6,720,82.800000,0.000000,1,0,2554761,1331,0,1331,-12,0,7,64
6,720,82.800000,0.000000,1,0,2554772,1331,0,1331,-12,0,7,64
6,720,82.800000,0.000000,1,0,2554782,1332,0,1332,-12,0,7,64
6,720,82.800000,0.000000,1,0,2554793,1332,0,1332,-12,0,7,64
6,720,82.800000,0.000000,1,0,2554804,1332,0,1332,-12,0,7,64
