6,720,50.400000,22.608000,1,1,2573142,600,22,600,22,0,7,78
6,720,50.400000,22.608000,1,1,2573143,600,22,600,22,0,7,78
6,720,50.400000,22.608000,1,1,2573159,607,22,607,22,0,7,78
6,720,50.400000,22.608000,1,1,2573170,618,22,618,22,0,7,78
6,720,50.400000,22.608000,1,1,2573181,630,22,630,22,0,7,78
6,720,50.400000,22.608000,1,1,2573193,651,22,651,22,0,7,78
6,720,50.400000,22.608000,1,1,2573204,673,22,673,22,0,7,78
6,720,50.400000,22.608000,1,1,2573215,698,22,698,22,0,7,78
6,720,50.400000,22.608000,1,1,2573230,735,22,735,22,0,7,78
6,720,50.400000,22.608000,1,1,2573241,784,21,784,21,0,7,78
6,720,50.400000,22.608000,1,1,2573252,823,20,823,20,0,7,78
6,720,50.400000,22.608000,1,1,2573262,855,20,855,20,0,7,78
6,720,50.400000,22.608000,1,1,2573274,881,20,881,20,0,7,78
6,720,50.400000,22.608000,1,1,2573284,913,20,913,20,0,7,78
6,720,50.400000,22.608000,1,1,2573299,944,20,944,20,0,7,78
6,720,50.400000,22.608000,1,1,2573315,996,20,996,20,0,7,78
6,720,50.400000,22.608000,1,1,2573326,1041,19,1041,19,0,7,78
6,720,50.400000,22.608000,1,1,2573337,1072,18,1072,18,0,7,78
6,720,50.400000,22.608000,1,1,2573348,1099,17,1099,17,0,7,78
6,720,50.400000,22.608000,1,1,2573359,1119,16,1119,16,0,7,78
6,720,50.400000,22.608000,1,1,2573369,1136,14,1136,14,0,7,78
6,720,50.400000,22.608000,1,1,2573379,1147,12,1147,12,0,7,78
6,720,50.400000,22.608000,1,1,2573394,1159,11,1159,11,0,7,78
6,720,50.400000,22.608000,1,1,2573404,1173,8,1173,8,0,7,78
6,720,50.400000,22.608000,1,1,2573414,1184,6,1184,6,0,7,78
6,720,50.400000,22.608000,1,1,2573425,1193,3,1193,3,0,7,78
6,720,50.400000,22.608000,1,1,2573436,1203,0,1203,0,0,7,78
6,720,50.400000,22.608000,1,1,2573447,1213,0,1213,-3,0,7,78
6,720,50.400000,22.608000,1,1,2573458,1220,0,1220,-5,0,7,78
6,720,50.400000,22.608000,1,1,2573473,1225,0,1225,-7,0,7,78
6,720,50.400000,22.608000,1,1,2573484,1228,0,1228,-9,0,7,78
6,720,50.400000,22.608000,1,1,2573494,1230,0,1230,-10,0,7,78
6,720,50.400000,22.608000,1,1,2573506,1231,0,1231,-10,0,7,78
6,720,50.400000,22.608000,1,1,2573517,1234,0,1234,-12,0,7,78
6,720,50.400000,22.608000,1,1,2573528,1238,0,1238,-13,0,7,78
6,720,50.400000,22.608000,1,1,2573540,1246,0,1246,-14,0,7,78
6,720,50.400000,22.608000,1,1,2573551,1254,0,1254,-15,0,7,78
6,720,50.400000,22.608000,1,1,2573567,1262,0,1262,-16,0,7,78
6,720,50.400000,22.608000,1,1,2573577,1271,0,1271,-18,0,7,78
6,720,50.400000,22.608000,1,1,2573588,1274,0,1274,-19,0,7,78
6,720,50.400000,22.608000,1,1,2573599,1275,0,1275,-19,0,7,78
6,720,50.400000,22.608000,1,1,2573609,1276,0,1276,-19,0,7,78
6,720,50.400000,22.608000,1,1,2573621,1278,0,1278,-19,0,7,78
6,720,50.400000,22.608000,1,1,2573632,1281,0,1281,-19,0,7,78
6,720,50.400000,22.608000,1,1,2573647,1287,0,1287,-19,0,7,78
6,720,50.400000,22.608000,1,1,2573659,1297,0,1297,-19,0,7,78
6,720,50.400000,22.608000,1,1,2573671,1306,0,1306,-19,0,7,78
6,720,50.400000,22.608000,1,1,2573681,1313,0,1313,-19,0,7,78
6,720,50.400000,22.608000,1,1,2573692,1315,0,1315,-19,0,7,78
6,720,50.400000,22.608000,1,1,2573702,1316,0,1316,-19,0,7,78
6,720,50.400000,22.608000,1,1,2573713,1317,0,1317,-19,0,7,78
6,720,50.400000,22.608000,1,1,2573723,1317,0,1317,-19,0,7,78
6,720,50.400000,22.608000,1,1,2573733,1317,0,1317,-19,0,7,78
6,720,50.400000,22.608000,1,1,2573744,1317,0,1317,-19,0,7,78
6,720,50.400000,22.608000,1,1,2573754,1317,0,1317,-19,0,7,78
6,720,50.400000,22.608000,1,1,2573764,1317,0,1317,-19,0,7,78
6,720,50.400000,22.608000,1,1,2573775,1317,0,1317,-19,0,7,78
6,720,50.400000,22.608000,1,1,2573785,1317,0,1317,-19,0,7,78
6,720,50.400000,22.608000,1,1,2573795,1317,0,1317,-19,0,7,78
6,720,50.400000,22.608000,1,1,2573805,1317,0,1317,-19,0,7,78
6,720,50.400000,22.608000,1,1,2573815,1317,0,1317,-19,0,7,78
6,720,50.400000,22.608000,1,1,2573826,1316,0,1316,-19,0,7,78
6,720,50.400000,22.608000,1,1,2573836,1316,0,1316,-19,0,7,78
6,720,50.400000,22.608000,1,1,2573846,1315,0,1315,-19,0,7,78
6,720,50.400000,22.608000,1,1,2573856,1315,0,1315,-19,0,7,78
6,720,50.400000,22.608000,1,1,2573869,1315,0,1315,-19,0,7,78
