6,360,50.400000,12.276000,0,1,2511970,780,22,780,22,0,7,35
6,360,50.400000,12.276000,0,1,2511971,780,22,780,22,0,7,35
6,360,50.400000,12.276000,0,1,2511982,780,22,780,22,0,7,35
6,360,50.400000,12.276000,0,1,2511992,780,22,780,22,0,7,35
6,360,50.400000,12.276000,0,1,2512003,780,22,780,22,0,7,35
6,360,50.400000,12.276000,0,1,2512014,783,22,783,22,0,7,35
6,360,50.400000,12.276000,0,1,2512025,787,23,787,23,0,7,35
6,360,50.400000,12.276000,0,1,2512038,796,23,796,23,0,7,35
6,360,50.400000,12.276000,0,1,2512049,814,25,814,25,0,7,35
6,360,50.400000,12.276000,0,1,2512061,833,28,833,28,0,7,35
6,360,50.400000,12.276000,0,1,2512075,862,32,862,32,0,7,35
6,360,50.400000,12.276000,0,1,2512091,907,35,907,35,0,7,35
6,360,50.400000,12.276000,0,1,2512101,960,36,960,36,0,7,35
6,360,50.400000,12.276000,0,1,2512113,988,36,988,36,0,7,35
6,360,50.400000,12.276000,0,1,2512124,1018,35,1018,35,0,7,35
6,360,50.400000,12.276000,0,1,2512135,1034,34,1034,34,0,7,35
6,360,50.400000,12.276000,0,1,2512147,1044,33,1044,33,0,7,35
6,360,50.400000,12.276000,0,1,2512158,1052,31,1052,31,0,7,35
6,360,50.400000,12.276000,0,1,2512168,1058,30,1058,30,0,7,35
6,360,50.400000,12.276000,0,1,2512180,1061,29,1061,29,0,7,35
6,360,50.400000,12.276000,0,1,2512191,1064,28,1064,28,0,7,35
6,360,50.400000,12.276000,0,1,2512202,1065,26,1065,26,0,7,35
6,360,50.400000,12.276000,0,1,2512213,1066,25,1066,25,0,7,35
6,360,50.400000,12.276000,0,1,2512224,1069,25,1069,25,0,7,35
6,360,50.400000,12.276000,0,1,2512234,1073,23,1073,23,0,7,35
6,360,50.400000,12.276000,0,1,2512250,1077,23,1077,23,0,7,35
6,360,50.400000,12.276000,0,1,2512263,1088,22,1088,22,0,7,35
6,360,50.400000,12.276000,0,1,2512275,1096,20,1096,20,0,7,35
6,360,50.400000,12.276000,0,1,2512285,1106,19,1106,19,0,7,35
6,360,50.400000,12.276000,0,1,2512296,1113,17,1113,17,0,7,35
6,360,50.400000,12.276000,0,1,2512305,1117,16,1117,16,0,7,35
6,360,50.400000,12.276000,0,1,2512317,1118,16,1118,16,0,7,35
6,360,50.400000,12.276000,0,1,2512327,1118,16,1118,16,0,7,35
6,360,50.400000,12.276000,0,1,2512337,1118,16,1118,16,0,7,35
6,360,50.400000,12.276000,0,1,2512348,1118,16,1118,16,0,7,35
6,360,50.400000,12.276000,0,1,2512358,1118,16,1118,16,0,7,35
6,360,50.400000,12.276000,0,1,2512368,1118,16,1118,16,0,7,35
6,360,50.400000,12.276000,0,1,2512378,1118,16,1118,16,0,7,35
6,360,50.400000,12.276000,0,1,2512392,1118,16,1118,16,0,7,35
6,360,50.400000,12.276000,0,1,2512402,1119,16,1119,16,0,7,35
6,360,50.400000,12.276000,0,1,2512412,1121,16,1121,16,0,7,35
6,360,50.400000,12.276000,0,1,2512424,1123,16,1123,16,0,7,35
6,360,50.400000,12.276000,0,1,2512434,1126,15,1126,15,0,7,35
6,360,50.400000,12.276000,0,1,2512445,1130,15,1130,15,0,7,35
6,360,50.400000,12.276000,0,1,2512456,1134,14,1134,14,0,7,35
6,360,50.400000,12.276000,0,1,2512466,1137,13,1137,13,0,7,35
6,360,50.400000,12.276000,0,1,2512476,1140,13,1140,13,0,7,35
6,360,50.400000,12.276000,0,1,2512486,1141,12,1141,12,0,7,35
6,360,50.400000,12.276000,0,1,2512496,1141,12,1141,12,0,7,35
6,360,50.400000,12.276000,0,1,2512506,1141,12,1141,12,0,7,35
6,360,50.400000,12.276000,0,1,2512516,1141,12,1141,12,0,7,35
6,360,50.400000,12.276000,0,1,2512526,1141,12,1141,12,0,7,35
6,360,50.400000,12.276000,0,1,2512537,1141,12,1141,12,0,7,35
6,360,50.400000,12.276000,0,1,2512547,1141,12,1141,12,0,7,35
6,360,50.400000,12.276000,0,1,2512557,1141,12,1141,12,0,7,35
6,360,50.400000,12.276000,0,1,2512568,1141,12,1141,12,0,7,35
6,360,50.400000,12.276000,0,1,2512582,1141,12,1141,12,0,7,35
