6,360,82.800000,0.000000,0,1,2567058,780,22,780,22,0,7,74
6,360,82.800000,0.000000,0,1,2567059,780,22,780,22,0,7,74
6,360,82.800000,0.000000,0,1,2567071,789,22,789,22,0,7,74
6,360,82.800000,0.000000,0,1,2567081,799,21,799,21,0,7,74
6,360,82.800000,0.000000,0,1,2567093,806,21,806,21,0,7,74
6,360,82.800000,0.000000,0,1,2567104,814,20,814,20,0,7,74
6,360,82.800000,0.000000,0,1,2567115,822,20,822,20,0,7,74
6,360,82.800000,0.000000,0,1,2567125,833,19,833,19,0,7,74
6,360,82.800000,0.000000,0,1,2567136,844,19,844,19,0,7,74
6,360,82.800000,0.000000,0,1,2567147,858,19,858,19,0,7,74
6,360,82.800000,0.000000,0,1,2567158,874,18,874,18,0,7,74
6,360,82.800000,0.000000,0,1,2567169,894,18,894,18,0,7,74
6,360,82.800000,0.000000,0,1,2567180,912,18,912,18,0,7,74
6,360,82.800000,0.000000,0,1,2567190,935,17,935,17,0,7,74
6,360,82.800000,0.000000,0,1,2567201,954,16,954,16,0,7,74
6,360,82.800000,0.000000,0,1,2567211,971,15,971,15,0,7,74
6,360,82.800000,0.000000,0,1,2567222,985,13,985,13,0,7,74
6,360,82.800000,0.000000,0,1,2567232,998,12,998,12,0,7,74
6,360,82.800000,0.000000,0,1,2567243,1007,10,1007,10,0,7,74
6,360,82.800000,0.000000,0,1,2567258,1015,8,1015,8,0,7,74
6,360,82.800000,0.000000,0,1,2567273,1024,6,1024,6,0,7,74
6,360,82.800000,0.000000,0,1,2567284,1032,5,1032,5,0,7,74
6,360,82.800000,0.000000,0,1,2567295,1037,4,1037,4,0,7,74
6,360,82.800000,0.000000,0,1,2567306,1043,2,1043,2,0,7,74
6,360,82.800000,0.000000,0,1,2567317,1049,1,1049,1,0,7,74
6,360,82.800000,0.000000,0,1,2567328,1055,0,1055,0,0,7,74
6,360,82.800000,0.000000,0,1,2567338,1061,0,1061,-1,0,7,74
6,360,82.800000,0.000000,0,1,2567349,1066,0,1066,-2,0,7,74
6,360,82.800000,0.000000,0,1,2567361,1073,0,1073,-3,0,7,74
6,360,82.800000,0.000000,0,1,2567371,1079,0,1079,-4,0,7,74
6,360,82.800000,0.000000,0,1,2567382,1084,0,1084,-4,0,7,74
6,360,82.800000,0.000000,0,1,2567393,1090,0,1090,-5,0,7,74
6,360,82.800000,0.000000,0,1,2567405,1098,0,1098,-5,0,7,74
6,360,82.800000,0.000000,0,1,2567416,1107,0,1107,-5,0,7,74
6,360,82.800000,0.000000,0,1,2567431,1116,0,1116,-7,0,7,74
6,360,82.800000,0.000000,0,1,2567446,1125,0,1125,-8,0,7,74
6,360,82.800000,0.000000,0,1,2567462,1131,0,1131,-10,0,7,74
6,360,82.800000,0.000000,0,1,2567473,1133,0,1133,-10,0,7,74
6,360,82.800000,0.000000,0,1,2567484,1134,0,1134,-10,0,7,74
6,360,82.800000,0.000000,0,1,2567494,1134,0,1134,-10,0,7,74
6,360,82.800000,0.000000,0,1,2567505,1134,0,1134,-10,0,7,74
6,360,82.800000,0.000000,0,1,2567516,1134,0,1134,-10,0,7,74
6,360,82.800000,0.000000,0,1,2567526,1134,0,1134,-10,0,7,74
6,360,82.800000,0.000000,0,1,2567537,1134,0,1134,-10,0,7,74
6,360,82.800000,0.000000,0,1,2567547,1134,0,1134,-10,0,7,74
6,360,82.800000,0.000000,0,1,2567557,1134,0,1134,-10,0,7,74
