6,360,82.800000,42.984000,0,1,2526829,780,22,780,22,0,7,45
6,360,82.800000,42.984000,0,1,2526830,780,22,780,22,0,7,45
6,360,82.800000,42.984000,0,1,2526845,786,22,786,22,0,7,45
6,360,82.800000,42.984000,0,1,2526861,795,22,795,22,0,7,45
6,360,82.800000,42.984000,0,1,2526877,804,22,804,22,0,7,45
6,360,82.800000,42.984000,0,1,2526888,816,22,816,22,0,7,45
6,360,82.800000,42.984000,0,1,2526899,827,22,827,22,0,7,45
6,360,82.800000,42.984000,0,1,2526911,842,22,842,22,0,7,45
6,360,82.800000,42.984000,0,1,2526922,861,23,861,23,0,7,45
6,360,82.800000,42.984000,0,1,2526933,884,24,884,24,0,7,45
6,360,82.800000,42.984000,0,1,2526944,908,24,908,24,0,7,45
6,360,82.800000,42.984000,0,1,2526956,937,24,937,24,0,7,45
6,360,82.800000,42.984000,0,1,2526967,967,24,967,24,0,7,45
6,360,82.800000,42.984000,0,1,2526978,999,24,999,24,0,7,45
6,360,82.800000,42.984000,0,1,2526988,1024,24,1024,24,0,7,45
6,360,82.800000,42.984000,0,1,2527000,1046,24,1046,24,0,7,45
6,360,82.800000,42.984000,0,1,2527010,1068,24,1068,24,0,7,45
6,360,82.800000,42.984000,0,1,2527023,1085,23,1085,23,0,7,45
6,360,82.800000,42.984000,0,1,2527034,1098,23,1098,23,0,7,45
6,360,82.800000,42.984000,0,1,2527045,1108,23,1108,23,0,7,45
6,360,82.800000,42.984000,0,1,2527055,1115,23,1115,23,0,7,45
6,360,82.800000,42.984000,0,1,2527066,1121,23,1121,23,0,7,45
6,360,82.800000,42.984000,0,1,2527076,1125,23,1125,23,0,7,45
6,360,82.800000,42.984000,0,1,2527087,1126,23,1126,23,0,7,45
6,360,82.800000,42.984000,0,1,2527098,1127,23,1127,23,0,7,45
6,360,82.800000,42.984000,0,1,2527108,1128,23,1128,23,0,7,45
6,360,82.800000,42.984000,0,1,2527118,1130,23,1130,23,0,7,45
6,360,82.800000,42.984000,0,1,2527130,1131,23,1131,23,0,7,45
6,360,82.800000,42.984000,0,1,2527140,1134,23,1134,23,0,7,45
6,360,82.800000,42.984000,0,1,2527150,1137,23,1137,23,0,7,45
6,360,82.800000,42.984000,0,1,2527161,1139,23,1139,23,0,7,45
6,360,82.800000,42.984000,0,1,2527171,1141,23,1141,23,0,7,45
6,360,82.800000,42.984000,0,1,2527182,1142,23,1142,23,0,7,45
6,360,82.800000,42.984000,0,1,2527193,1143,23,1143,23,0,7,45
6,360,82.800000,42.984000,0,1,2527203,1144,23,1144,23,0,7,45
6,360,82.800000,42.984000,0,1,2527214,1144,23,1144,23,0,7,45
6,360,82.800000,42.984000,0,1,2527224,1144,23,1144,23,0,7,45
6,360,82.800000,42.984000,0,1,2527235,1144,23,1144,23,0,7,45
6,360,82.800000,42.984000,0,1,2527245,1144,23,1144,23,0,7,45
6,360,82.800000,42.984000,0,1,2527256,1144,23,1144,23,0,7,45
6,360,82.800000,42.984000,0,1,2527266,1144,23,1144,23,0,7,45
6,360,82.800000,42.984000,0,1,2527277,1144,22,1144,22,0,7,45
6,360,82.800000,42.984000,0,1,2527287,1144,22,1144,22,0,7,45
6,360,82.800000,42.984000,0,1,2527297,1144,22,1144,22,0,7,45
6,360,82.800000,42.984000,0,1,2527308,1144,21,1144,21,0,7,45
6,360,82.800000,42.984000,0,1,2527318,1144,20,1144,20,0,7,45
6,360,82.800000,42.984000,0,1,2527329,1144,20,1144,20,0,7,45
6,360,82.800000,42.984000,0,1,2527341,1143,18,1143,18,0,7,45
6,360,82.800000,42.984000,0,1,2527352,1142,17,1142,17,0,7,45
6,360,82.800000,42.984000,0,1,2527362,1140,16,1140,16,0,7,45
6,360,82.800000,42.984000,0,1,2527374,1138,15,1138,15,0,7,45
6,360,82.800000,42.984000,0,1,2527384,1136,14,1136,14,0,7,45
6,360,82.800000,42.984000,0,1,2527396,1135,14,1135,14,0,7,45
6,360,82.800000,42.984000,0,1,2527406,1135,13,1135,13,0,7,45
6,360,82.800000,42.984000,0,1,2527416,1134,13,1134,13,0,7,45
6,360,82.800000,42.984000,0,1,2527426,1134,13,1134,13,0,7,45
6,360,82.800000,42.984000,0,1,2527436,1134,13,1134,13,0,7,45
6,360,82.800000,42.984000,0,1,2527447,1134,13,1134,13,0,7,45
6,360,82.800000,42.984000,0,1,2527458,1134,13,1134,13,0,7,45
6,360,82.800000,42.984000,0,1,2527467,1134,13,1134,13,0,7,45
6,360,82.800000,42.984000,0,1,2527477,1134,13,1134,13,0,7,45
6,360,82.800000,42.984000,0,1,2527487,1134,13,1134,13,0,7,45
