6,360,82.800000,12.276000,1,0,2581997,780,0,780,0,0,7,84
6,360,82.800000,12.276000,1,0,2581998,780,0,780,0,0,7,84
6,360,82.800000,12.276000,1,0,2582009,795,1,795,1,0,7,84
6,360,82.800000,12.276000,1,0,2582020,812,1,812,1,0,7,84
6,360,82.800000,12.276000,1,0,2582031,829,1,829,1,0,7,84
6,360,82.800000,12.276000,1,0,2582043,843,1,843,1,0,7,84
6,360,82.800000,12.276000,1,0,2582054,859,1,859,1,0,7,84
6,360,82.800000,12.276000,1,0,2582067,875,1,875,1,0,7,84
6,360,82.800000,12.276000,1,0,2582078,891,1,891,1,0,7,84
6,360,82.800000,12.276000,1,0,2582089,909,1,909,1,0,7,84
6,360,82.800000,12.276000,1,0,2582100,926,0,926,0,0,7,84
6,360,82.800000,12.276000,1,0,2582110,943,0,943,0,0,7,84
6,360,82.800000,12.276000,1,0,2582121,961,0,961,-2,0,7,84
6,360,82.800000,12.276000,1,0,2582132,976,0,976,-4,0,7,84
6,360,82.800000,12.276000,1,0,2582143,988,0,988,-6,0,7,84
6,360,82.800000,12.276000,1,0,2582153,1002,0,1002,-8,0,7,84
6,360,82.800000,12.276000,1,0,2582164,1012,0,1012,-9,0,7,84
6,360,82.800000,12.276000,1,0,2582174,1023,0,1023,-11,0,7,84
6,360,82.800000,12.276000,1,0,2582184,1034,0,1034,-12,0,7,84
6,360,82.800000,12.276000,1,0,2582195,1043,0,1043,-13,0,7,84
6,360,82.800000,12.276000,1,0,2582205,1051,0,1051,-14,0,7,84
6,360,82.800000,12.276000,1,0,2582216,1058,0,1058,-14,0,7,84
6,360,82.800000,12.276000,1,0,2582226,1064,0,1064,-15,0,7,84
6,360,82.800000,12.276000,1,0,2582236,1068,0,1068,-15,0,7,84
6,360,82.800000,12.276000,1,0,2582247,1071,0,1071,-15,0,7,84
6,360,82.800000,12.276000,1,0,2582258,1072,0,1072,-15,0,7,84
6,360,82.800000,12.276000,1,0,2582268,1073,0,1073,-15,0,7,84
6,360,82.800000,12.276000,1,0,2582279,1074,0,1074,-15,0,7,84
6,360,82.800000,12.276000,1,0,2582289,1075,0,1075,-16,0,7,84
6,360,82.800000,12.276000,1,0,2582301,1077,0,1077,-16,0,7,84
6,360,82.800000,12.276000,1,0,2582312,1081,0,1081,-16,0,7,84
6,360,82.800000,12.276000,1,0,2582322,1086,0,1086,-16,0,7,84
6,360,82.800000,12.276000,1,0,2582333,1092,0,1092,-16,0,7,84
6,360,82.800000,12.276000,1,0,2582343,1098,0,1098,-16,0,7,84
6,360,82.800000,12.276000,1,0,2582354,1103,0,1103,-16,0,7,84
6,360,82.800000,12.276000,1,0,2582364,1107,0,1107,-16,0,7,84
6,360,82.800000,12.276000,1,0,2582375,1109,0,1109,-16,0,7,84
6,360,82.800000,12.276000,1,0,2582385,1110,0,1110,-16,0,7,84
6,360,82.800000,12.276000,1,0,2582396,1111,0,1111,-16,0,7,84
6,360,82.800000,12.276000,1,0,2582406,1111,0,1111,-16,0,7,84
6,360,82.800000,12.276000,1,0,2582417,1111,0,1111,-16,0,7,84
6,360,82.800000,12.276000,1,0,2582427,1111,0,1111,-16,0,7,84
6,360,82.800000,12.276000,1,0,2582438,1111,0,1111,-16,0,7,84
6,360,82.800000,12.276000,1,0,2582448,1111,0,1111,-16,0,7,84
6,360,82.800000,12.276000,1,0,2582458,1111,0,1111,-16,0,7,84
6,360,82.800000,12.276000,1,0,2582469,1111,0,1111,-16,0,7,84
6,360,82.800000,12.276000,1,0,2582479,1111,0,1111,-16,0,7,84
6,360,82.800000,12.276000,1,0,2582489,1111,0,1111,-16,0,7,84
6,360,82.800000,12.276000,1,0,2582500,1111,0,1111,-16,0,7,84
6,360,82.800000,12.276000,1,0,2582513,1111,0,1111,-16,0,7,84
