6,360,21.600000,0.000000,1,1,2480291,780,22,780,22,0,7,12
6,360,21.600000,0.000000,1,1,2480292,780,22,780,22,0,7,12
6,360,21.600000,0.000000,1,1,2480303,794,24,794,24,0,7,12
6,360,21.600000,0.000000,1,1,2480314,813,25,813,25,0,7,12
6,360,21.600000,0.000000,1,1,2480325,831,26,831,26,0,7,12
6,360,21.600000,0.000000,1,1,2480336,851,27,851,27,0,7,12
6,360,21.600000,0.000000,1,1,2480347,874,27,874,27,0,7,12
6,360,21.600000,0.000000,1,1,2480358,893,27,893,27,0,7,12
6,360,21.600000,0.000000,1,1,2480372,914,28,914,28,0,7,12
6,360,21.600000,0.000000,1,1,2480384,946,28,946,28,0,7,12
6,360,21.600000,0.000000,1,1,2480395,966,27,966,27,0,7,12
6,360,21.600000,0.000000,1,1,2480406,985,25,985,25,0,7,12
6,360,21.600000,0.000000,1,1,2480417,999,23,999,23,0,7,12
6,360,21.600000,0.000000,1,1,2480428,1009,21,1009,21,0,7,12
6,360,21.600000,0.000000,1,1,2480438,1018,19,1018,19,0,7,12
6,360,21.600000,0.000000,1,1,2480450,1026,18,1026,18,0,7,12
6,360,21.600000,0.000000,1,1,2480461,1035,16,1035,16,0,7,12
6,360,21.600000,0.000000,1,1,2480471,1044,15,1044,15,0,7,12
6,360,21.600000,0.000000,1,1,2480482,1055,15,1055,15,0,7,12
6,360,21.600000,0.000000,1,1,2480492,1069,15,1069,15,0,7,12
6,360,21.600000,0.000000,1,1,2480503,1086,15,1086,15,0,7,12
6,360,21.600000,0.000000,1,1,2480513,1108,15,1108,15,0,7,12
6,360,21.600000,0.000000,1,1,2480523,1125,15,1125,15,0,7,12
6,360,21.600000,0.000000,1,1,2480534,1140,16,1140,16,0,7,12
6,360,21.600000,0.000000,1,1,2480544,1149,16,1149,16,0,7,12
6,360,21.600000,0.000000,1,1,2480554,1154,16,1154,16,0,7,12
6,360,21.600000,0.000000,1,1,2480565,1156,16,1156,16,0,7,12
6,360,21.600000,0.000000,1,1,2480576,1157,16,1157,16,0,7,12
6,360,21.600000,0.000000,1,1,2480586,1158,16,1158,16,0,7,12
6,360,21.600000,0.000000,1,1,2480596,1158,16,1158,16,0,7,12
6,360,21.600000,0.000000,1,1,2480607,1158,16,1158,16,0,7,12
6,360,21.600000,0.000000,1,1,2480618,1158,16,1158,16,0,7,12
6,360,21.600000,0.000000,1,1,2480629,1158,16,1158,16,0,7,12
6,360,21.600000,0.000000,1,1,2480639,1158,16,1158,16,0,7,12
6,360,21.600000,0.000000,1,1,2480649,1158,16,1158,16,0,7,12
6,360,21.600000,0.000000,1,1,2480660,1158,16,1158,16,0,7,12
6,360,21.600000,0.000000,1,1,2480673,1158,16,1158,16,0,7,12
6,360,21.600000,0.000000,1,1,2480683,1158,16,1158,16,0,7,12
6,360,21.600000,0.000000,1,1,2480693,1158,16,1158,16,0,7,12
6,360,21.600000,0.000000,1,1,2480703,1158,16,1158,16,0,7,12
6,360,21.600000,0.000000,1,1,2480714,1158,16,1158,16,0,7,12
6,360,21.600000,0.000000,1,1,2480724,1158,16,1158,16,0,7,12
6,360,21.600000,0.000000,1,1,2480735,1158,16,1158,16,0,7,12
6,360,21.600000,0.000000,1,1,2480745,1158,16,1158,16,0,7,12
6,360,21.600000,0.000000,1,1,2480755,1158,16,1158,16,0,7,12
6,360,21.600000,0.000000,1,1,2480765,1158,16,1158,16,0,7,12
6,360,21.600000,0.000000,1,1,2480775,1158,16,1158,16,0,7,12
6,360,21.600000,0.000000,1,1,2480786,1156,16,1156,16,0,7,12
6,360,21.600000,0.000000,1,1,2480796,1154,16,1154,16,0,7,12
6,360,21.600000,0.000000,1,1,2480806,1151,16,1151,16,0,7,12
6,360,21.600000,0.000000,1,1,2480817,1148,16,1148,16,0,7,12
6,360,21.600000,0.000000,1,1,2480827,1146,16,1146,16,0,7,12
6,360,21.600000,0.000000,1,1,2480838,1144,16,1144,16,0,7,12
6,360,21.600000,0.000000,1,1,2480848,1142,16,1142,16,0,7,12
6,360,21.600000,0.000000,1,1,2480858,1141,16,1141,16,0,7,12
6,360,21.600000,0.000000,1,1,2480868,1141,16,1141,16,0,7,12
6,360,21.600000,0.000000,1,1,2480878,1141,16,1141,16,0,7,12
6,360,21.600000,0.000000,1,1,2480889,1141,16,1141,16,0,7,12
6,360,21.600000,0.000000,1,1,2480899,1141,16,1141,16,0,7,12
6,360,21.600000,0.000000,1,1,2480913,1141,16,1141,16,0,7,12
6,360,21.600000,0.000000,1,1,2480923,1141,16,1141,16,0,7,12
6,360,21.600000,0.000000,1,1,2480933,1141,16,1141,16,0,7,12
6,360,21.600000,0.000000,1,1,2480944,1141,16,1141,16,0,7,12
6,360,21.600000,0.000000,1,1,2480954,1141,16,1141,16,0,7,12
6,360,21.600000,0.000000,1,1,2480965,1141,16,1141,16,0,7,12
6,360,21.600000,0.000000,1,1,2480975,1141,16,1141,16,0,7,12
6,360,21.600000,0.000000,1,1,2480986,1141,16,1141,16,0,7,12
6,360,21.600000,0.000000,1,1,2480996,1141,16,1141,16,0,7,12
6,360,21.600000,0.000000,1,1,2481006,1141,16,1141,16,0,7,12
