6,720,82.800000,0.000000,0,1,2589408,600,22,600,22,0,7,89
6,720,82.800000,0.000000,0,1,2589409,600,22,600,22,0,7,89
6,720,82.800000,0.000000,0,1,2589419,600,22,600,22,0,7,89
6,720,82.800000,0.000000,0,1,2589428,600,22,600,22,0,7,89
6,720,82.800000,0.000000,0,1,2589438,600,22,600,22,0,7,89
6,720,82.800000,0.000000,0,1,2589448,601,22,601,22,0,7,89
6,720,82.800000,0.000000,0,1,2589460,604,22,604,22,0,7,89
6,720,82.800000,0.000000,0,1,2589470,610,21,610,21,0,7,89
6,720,82.800000,0.000000,0,1,2589481,619,20,619,20,0,7,89
6,720,82.800000,0.000000,0,1,2589491,632,19,632,19,0,7,89
6,720,82.800000,0.000000,0,1,2589503,649,19,649,19,0,7,89
6,720,82.800000,0.000000,0,1,2589514,674,19,674,19,0,7,89
6,720,82.800000,0.000000,0,1,2589525,703,19,703,19,0,7,89
6,720,82.800000,0.000000,0,1,2589536,743,19,743,19,0,7,89
6,720,82.800000,0.000000,0,1,2589547,793,19,793,19,0,7,89
6,720,82.800000,0.000000,0,1,2589559,849,20,849,20,0,7,89
6,720,82.800000,0.000000,0,1,2589569,918,21,918,21,0,7,89
6,720,82.800000,0.000000,0,1,2589580,982,21,982,21,0,7,89
6,720,82.800000,0.000000,0,1,2589591,1043,21,1043,21,0,7,89
6,720,82.800000,0.000000,0,1,2589603,1108,19,1108,19,0,7,89
6,720,82.800000,0.000000,0,1,2589614,1162,18,1162,18,0,7,89
6,720,82.800000,0.000000,0,1,2589624,1212,15,1212,15,0,7,89
6,720,82.800000,0.000000,0,1,2589635,1248,13,1248,13,0,7,89
6,720,82.800000,0.000000,0,1,2589646,1280,10,1280,10,0,7,89
6,720,82.800000,0.000000,0,1,2589656,1306,7,1306,7,0,7,89
6,720,82.800000,0.000000,0,1,2589667,1321,5,1321,5,0,7,89
6,720,82.800000,0.000000,0,1,2589678,1335,3,1335,3,0,7,89
6,720,82.800000,0.000000,0,1,2589689,1344,1,1344,1,0,7,89
6,720,82.800000,0.000000,0,1,2589700,1350,1,1350,1,0,7,89
6,720,82.800000,0.000000,0,1,2589710,1354,1,1354,1,0,7,89
6,720,82.800000,0.000000,0,1,2589721,1356,0,1356,0,0,7,89
6,720,82.800000,0.000000,0,1,2589732,1358,0,1358,-1,0,7,89
6,720,82.800000,0.000000,0,1,2589742,1359,0,1359,-1,0,7,89
6,720,82.800000,0.000000,0,1,2589753,1359,0,1359,-1,0,7,89
6,720,82.800000,0.000000,0,1,2589764,1360,0,1360,-1,0,7,89
6,720,82.800000,0.000000,0,1,2589775,1361,0,1361,-1,0,7,89
6,720,82.800000,0.000000,0,1,2589785,1362,0,1362,-2,0,7,89
6,720,82.800000,0.000000,0,1,2589796,1364,0,1364,-3,0,7,89
6,720,82.800000,0.000000,0,1,2589807,1366,0,1366,-3,0,7,89
6,720,82.800000,0.000000,0,1,2589818,1367,0,1367,-4,0,7,89
6,720,82.800000,0.000000,0,1,2589828,1368,0,1368,-4,0,7,89
6,720,82.800000,0.000000,0,1,2589838,1369,0,1369,-4,0,7,89
6,720,82.800000,0.000000,0,1,2589848,1369,0,1369,-4,0,7,89
6,720,82.800000,0.000000,0,1,2589859,1369,0,1369,-4,0,7,89
6,720,82.800000,0.000000,0,1,2589869,1369,0,1369,-4,0,7,89
6,720,82.800000,0.000000,0,1,2589878,1369,0,1369,-4,0,7,89
6,720,82.800000,0.000000,0,1,2589888,1369,0,1369,-4,0,7,89
6,720,82.800000,0.000000,0,1,2589898,1369,0,1369,-4,0,7,89
6,720,82.800000,0.000000,0,1,2589907,1369,0,1369,-4,0,7,89
6,720,82.800000,0.000000,0,1,2589917,1369,0,1369,-4,0,7,89
6,720,82.800000,0.000000,0,1,2589927,1369,0,1369,-4,0,7,89
6,720,82.800000,0.000000,0,1,2589938,1369,0,1369,-4,0,7,89
6,720,82.800000,0.000000,0,1,2589948,1369,0,1369,-4,0,7,89
6,720,82.800000,0.000000,0,1,2589958,1369,0,1369,-4,0,7,89
6,720,82.800000,0.000000,0,1,2589967,1369,0,1369,-4,0,7,89
6,720,82.800000,0.000000,0,1,2589978,1367,0,1367,-4,0,7,89
6,720,82.800000,0.000000,0,1,2589989,1364,0,1364,-5,0,7,89
6,720,82.800000,0.000000,0,1,2589999,1360,0,1360,-5,0,7,89
6,720,82.800000,0.000000,0,1,2590009,1355,0,1355,-5,0,7,89
6,720,82.800000,0.000000,0,1,2590020,1350,0,1350,-5,0,7,89
6,720,82.800000,0.000000,0,1,2590030,1345,0,1345,-5,0,7,89
6,720,82.800000,0.000000,0,1,2590040,1342,0,1342,-6,0,7,89
6,720,82.800000,0.000000,0,1,2590050,1341,0,1341,-6,0,7,89
6,720,82.800000,0.000000,0,1,2590060,1341,0,1341,-6,0,7,89
6,720,82.800000,0.000000,0,1,2590070,1341,0,1341,-6,0,7,89
6,720,82.800000,0.000000,0,1,2590079,1341,0,1341,-6,0,7,89
6,720,82.800000,0.000000,0,1,2590089,1341,0,1341,-6,0,7,89
6,720,82.800000,0.000000,0,1,2590099,1341,0,1341,-6,0,7,89
6,720,82.800000,0.000000,0,1,2590110,1341,0,1341,-6,0,7,89
