6,360,82.800000,10000.000000,0,0,2706253,780,0,780,0,0,8,49
6,360,82.800000,10000.000000,0,0,2706254,780,0,780,0,0,8,49
6,360,82.800000,10000.000000,0,0,2706264,780,0,780,0,0,8,49
6,360,82.800000,10000.000000,0,0,2706275,780,0,780,0,0,8,49
6,360,82.800000,10000.000000,0,0,2706286,780,0,780,0,0,8,49
6,360,82.800000,10000.000000,0,0,2706297,780,0,780,0,0,8,49
6,360,82.800000,10000.000000,0,0,2706307,780,0,780,0,0,8,49
6,360,82.800000,10000.000000,0,0,2706317,780,0,780,0,0,8,49
6,360,82.800000,10000.000000,0,0,2706327,780,0,780,0,0,8,49
6,360,82.800000,10000.000000,0,0,2706337,782,0,782,0,0,8,49
6,360,82.800000,10000.000000,0,0,2706348,786,0,786,0,0,8,49
6,360,82.800000,10000.000000,0,0,2706360,794,0,794,0,0,8,49
6,360,82.800000,10000.000000,0,0,2706371,809,0,809,0,0,8,49
6,360,82.800000,10000.000000,0,0,2706382,828,1,828,1,0,8,49
6,360,82.800000,10000.000000,0,0,2706393,855,1,855,1,0,8,49
6,360,82.800000,10000.000000,0,0,2706403,894,3,894,3,0,8,49
6,360,82.800000,10000.000000,0,0,2706414,937,4,937,4,0,8,49
6,360,82.800000,10000.000000,0,0,2706425,986,5,986,5,0,8,49
6,360,82.800000,10000.000000,0,0,2706436,1036,6,1036,6,0,8,49
6,360,82.800000,10000.000000,0,0,2706447,1090,6,1090,6,0,8,49
6,360,82.800000,10000.000000,0,0,2706458,1137,6,1137,6,0,8,49
6,360,82.800000,10000.000000,0,0,2706470,1175,6,1175,6,0,8,49
6,360,82.800000,10000.000000,0,0,2706481,1203,5,1203,5,0,8,49
6,360,82.800000,10000.000000,0,0,2706493,1221,4,1221,4,0,8,49
6,360,82.800000,10000.000000,0,0,2706503,1231,2,1231,2,0,8,49
6,360,82.800000,10000.000000,0,0,2706513,1234,1,1234,1,0,8,49
6,360,82.800000,10000.000000,0,0,2706523,1237,0,1237,0,0,8,49
6,360,82.800000,10000.000000,0,0,2706534,1237,0,1237,0,0,8,49
6,360,82.800000,10000.000000,0,0,2706544,1237,0,1237,0,0,8,49
6,360,82.800000,10000.000000,0,0,2706554,1237,0,1237,0,0,8,49
6,360,82.800000,10000.000000,0,0,2706564,1237,0,1237,0,0,8,49
6,360,82.800000,10000.000000,0,0,2706574,1237,0,1237,0,0,8,49
6,360,82.800000,10000.000000,0,0,2706585,1237,0,1237,0,0,8,49
6,360,82.800000,10000.000000,0,0,2706596,1237,0,1237,0,0,8,49
6,360,82.800000,10000.000000,0,0,2706606,1237,0,1237,0,0,8,49
6,360,82.800000,10000.000000,0,0,2706617,1236,0,1236,-1,0,8,49
6,360,82.800000,10000.000000,0,0,2706628,1232,0,1232,-1,0,8,49
6,360,82.800000,10000.000000,0,0,2706639,1228,0,1228,-2,0,8,49
6,360,82.800000,10000.000000,0,0,2706649,1224,0,1224,-3,0,8,49
6,360,82.800000,10000.000000,0,0,2706659,1220,0,1220,-4,0,8,49
6,360,82.800000,10000.000000,0,0,2706670,1218,0,1218,-4,0,8,49
6,360,82.800000,10000.000000,0,0,2706680,1217,0,1217,-5,0,8,49
6,360,82.800000,10000.000000,0,0,2706690,1214,0,1214,-5,0,8,49
6,360,82.800000,10000.000000,0,0,2706700,1212,0,1212,-5,0,8,49
6,360,82.800000,10000.000000,0,0,2706710,1209,0,1209,-5,0,8,49
6,360,82.800000,10000.000000,0,0,2706721,1205,0,1205,-6,0,8,49
6,360,82.800000,10000.000000,0,0,2706731,1200,0,1200,-6,0,8,49
6,360,82.800000,10000.000000,0,0,2706743,1195,0,1195,-6,0,8,49
6,360,82.800000,10000.000000,0,0,2706754,1187,0,1187,-6,0,8,49
6,360,82.800000,10000.000000,0,0,2706764,1179,0,1179,-6,0,8,49
6,360,82.800000,10000.000000,0,0,2706775,1169,0,1169,-7,0,8,49
6,360,82.800000,10000.000000,0,0,2706785,1160,0,1160,-7,0,8,49
6,360,82.800000,10000.000000,0,0,2706796,1152,0,1152,-7,0,8,49
6,360,82.800000,10000.000000,0,0,2706807,1146,0,1146,-7,0,8,49
6,360,82.800000,10000.000000,0,0,2706818,1144,0,1144,-7,0,8,49
6,360,82.800000,10000.000000,0,0,2706827,1143,0,1143,-7,0,8,49
6,360,82.800000,10000.000000,0,0,2706837,1143,0,1143,-7,0,8,49
6,360,82.800000,10000.000000,0,0,2706848,1143,0,1143,-7,0,8,49
6,360,82.800000,10000.000000,0,0,2706858,1143,0,1143,-7,0,8,49
6,360,82.800000,10000.000000,0,0,2706868,1143,0,1143,-7,0,8,49
6,360,82.800000,10000.000000,0,0,2706878,1143,0,1143,-7,0,8,49
