6,360,82.800000,42.984000,0,0,2711542,780,0,780,0,0,8,53
6,360,82.800000,42.984000,0,0,2711543,780,0,780,0,0,8,53
6,360,82.800000,42.984000,0,0,2711553,780,0,780,0,0,8,53
6,360,82.800000,42.984000,0,0,2711564,780,0,780,0,0,8,53
6,360,82.800000,42.984000,0,0,2711574,780,0,780,0,0,8,53
6,360,82.800000,42.984000,0,0,2711585,781,0,781,0,0,8,53
6,360,82.800000,42.984000,0,0,2711595,782,0,782,0,0,8,53
6,360,82.800000,42.984000,0,0,2711605,783,0,783,0,0,8,53
6,360,82.800000,42.984000,0,0,2711616,786,0,786,0,0,8,53
6,360,82.800000,42.984000,0,0,2711627,790,0,790,0,0,8,53
6,360,82.800000,42.984000,0,0,2711638,797,0,797,0,0,8,53
6,360,82.800000,42.984000,0,0,2711650,806,0,806,0,0,8,53
6,360,82.800000,42.984000,0,0,2711661,821,1,821,1,0,8,53
6,360,82.800000,42.984000,0,0,2711672,838,2,838,2,0,8,53
6,360,82.800000,42.984000,0,0,2711683,859,2,859,2,0,8,53
6,360,82.800000,42.984000,0,0,2711694,883,2,883,2,0,8,53
6,360,82.800000,42.984000,0,0,2711705,905,2,905,2,0,8,53
6,360,82.800000,42.984000,0,0,2711716,932,2,932,2,0,8,53
6,360,82.800000,42.984000,0,0,2711727,956,1,956,1,0,8,53
6,360,82.800000,42.984000,0,0,2711738,979,0,979,0,0,8,53
6,360,82.800000,42.984000,0,0,2711748,1003,0,1003,-2,0,8,53
6,360,82.800000,42.984000,0,0,2711760,1020,0,1020,-3,0,8,53
6,360,82.800000,42.984000,0,0,2711771,1040,0,1040,-5,0,8,53
6,360,82.800000,42.984000,0,0,2711781,1054,0,1054,-7,0,8,53
6,360,82.800000,42.984000,0,0,2711793,1063,0,1063,-8,0,8,53
6,360,82.800000,42.984000,0,0,2711804,1071,0,1071,-9,0,8,53
6,360,82.800000,42.984000,0,0,2711815,1077,0,1077,-10,0,8,53
6,360,82.800000,42.984000,0,0,2711825,1082,0,1082,-10,0,8,53
6,360,82.800000,42.984000,0,0,2711837,1086,0,1086,-10,0,8,53
6,360,82.800000,42.984000,0,0,2711847,1089,0,1089,-11,0,8,53
6,360,82.800000,42.984000,0,0,2711857,1090,0,1090,-11,0,8,53
6,360,82.800000,42.984000,0,0,2711868,1090,0,1090,-11,0,8,53
6,360,82.800000,42.984000,0,0,2711878,1090,0,1090,-11,0,8,53
6,360,82.800000,42.984000,0,0,2711889,1090,0,1090,-11,0,8,53
6,360,82.800000,42.984000,0,0,2711899,1090,0,1090,-11,0,8,53
6,360,82.800000,42.984000,0,0,2711909,1090,0,1090,-11,0,8,53
6,360,82.800000,42.984000,0,0,2711919,1090,0,1090,-11,0,8,53
6,360,82.800000,42.984000,0,0,2711930,1091,0,1091,-11,0,8,53
6,360,82.800000,42.984000,0,0,2711940,1092,0,1092,-11,0,8,53
6,360,82.800000,42.984000,0,0,2711951,1093,0,1093,-11,0,8,53
6,360,82.800000,42.984000,0,0,2711961,1094,0,1094,-12,0,8,53
6,360,82.800000,42.984000,0,0,2711971,1095,0,1095,-12,0,8,53
6,360,82.800000,42.984000,0,0,2711982,1096,0,1096,-12,0,8,53
6,360,82.800000,42.984000,0,0,2711992,1097,0,1097,-12,0,8,53
6,360,82.800000,42.984000,0,0,2712002,1097,0,1097,-12,0,8,53
6,360,82.800000,42.984000,0,0,2712011,1098,0,1098,-12,0,8,53
6,360,82.800000,42.984000,0,0,2712021,1098,0,1098,-12,0,8,53
6,360,82.800000,42.984000,0,0,2712031,1099,0,1099,-12,0,8,53
6,360,82.800000,42.984000,0,0,2712041,1101,0,1101,-12,0,8,53
6,360,82.800000,42.984000,0,0,2712051,1104,0,1104,-12,0,8,53
6,360,82.800000,42.984000,0,0,2712062,1106,0,1106,-12,0,8,53
6,360,82.800000,42.984000,0,0,2712072,1110,0,1110,-12,0,8,53
6,360,82.800000,42.984000,0,0,2712083,1113,0,1113,-12,0,8,53
6,360,82.800000,42.984000,0,0,2712097,1116,0,1116,-12,0,8,53
6,360,82.800000,42.984000,0,0,2712107,1117,0,1117,-12,0,8,53
6,360,82.800000,42.984000,0,0,2712117,1117,0,1117,-12,0,8,53
6,360,82.800000,42.984000,0,0,2712128,1117,0,1117,-12,0,8,53
6,360,82.800000,42.984000,0,0,2712138,1117,0,1117,-12,0,8,53
6,360,82.800000,42.984000,0,0,2712148,1117,0,1117,-12,0,8,53
6,360,82.800000,42.984000,0,0,2712158,1117,0,1117,-12,0,8,53
6,360,82.800000,42.984000,0,0,2712168,1117,0,1117,-12,0,8,53
6,360,82.800000,42.984000,0,0,2712177,1117,0,1117,-12,0,8,53
