6,720,21.600000,42.984000,0,1,2708667,600,22,600,22,0,8,51
6,720,21.600000,42.984000,0,1,2708668,600,22,600,22,0,8,51
6,720,21.600000,42.984000,0,1,2708680,605,22,605,22,0,8,51
6,720,21.600000,42.984000,0,1,2708691,615,22,615,22,0,8,51
6,720,21.600000,42.984000,0,1,2708701,628,22,628,22,0,8,51
6,720,21.600000,42.984000,0,1,2708712,646,22,646,22,0,8,51
6,720,21.600000,42.984000,0,1,2708723,671,22,671,22,0,8,51
6,720,21.600000,42.984000,0,1,2708734,700,22,700,22,0,8,51
6,720,21.600000,42.984000,0,1,2708746,738,24,738,24,0,8,51
6,720,21.600000,42.984000,0,1,2708757,828,29,828,29,0,8,51
6,720,21.600000,42.984000,0,1,2708767,869,31,869,31,0,8,51
6,720,21.600000,42.984000,0,1,2708778,917,32,917,32,0,8,51
6,720,21.600000,42.984000,0,1,2708789,960,32,960,32,0,8,51
6,720,21.600000,42.984000,0,1,2708800,1000,32,1000,32,0,8,51
6,720,21.600000,42.984000,0,1,2708811,1040,31,1040,31,0,8,51
6,720,21.600000,42.984000,0,1,2708823,1074,29,1074,29,0,8,51
6,720,21.600000,42.984000,0,1,2708834,1103,25,1103,25,0,8,51
6,720,21.600000,42.984000,0,1,2708844,1122,22,1122,22,0,8,51
6,720,21.600000,42.984000,0,1,2708855,1136,20,1136,20,0,8,51
6,720,21.600000,42.984000,0,1,2708865,1150,17,1150,17,0,8,51
6,720,21.600000,42.984000,0,1,2708876,1163,15,1163,15,0,8,51
6,720,21.600000,42.984000,0,1,2708887,1173,13,1173,13,0,8,51
6,720,21.600000,42.984000,0,1,2708897,1181,12,1181,12,0,8,51
6,720,21.600000,42.984000,0,1,2708908,1188,11,1188,11,0,8,51
6,720,21.600000,42.984000,0,1,2708918,1194,10,1194,10,0,8,51
6,720,21.600000,42.984000,0,1,2708930,1200,9,1200,9,0,8,51
6,720,21.600000,42.984000,0,1,2708940,1207,8,1207,8,0,8,51
6,720,21.600000,42.984000,0,1,2708951,1213,8,1213,8,0,8,51
6,720,21.600000,42.984000,0,1,2708961,1219,7,1219,7,0,8,51
6,720,21.600000,42.984000,0,1,2708972,1224,7,1224,7,0,8,51
6,720,21.600000,42.984000,0,1,2708983,1230,5,1230,5,0,8,51
6,720,21.600000,42.984000,0,1,2708994,1235,4,1235,4,0,8,51
6,720,21.600000,42.984000,0,1,2709006,1237,3,1237,3,0,8,51
6,720,21.600000,42.984000,0,1,2709016,1240,3,1240,3,0,8,51
6,720,21.600000,42.984000,0,1,2709028,1242,2,1242,2,0,8,51
6,720,21.600000,42.984000,0,1,2709039,1245,2,1245,2,0,8,51
6,720,21.600000,42.984000,0,1,2709049,1251,1,1251,1,0,8,51
6,720,21.600000,42.984000,0,1,2709060,1260,0,1260,0,0,8,51
6,720,21.600000,42.984000,0,1,2709071,1272,0,1272,0,0,8,51
6,720,21.600000,42.984000,0,1,2709081,1286,0,1286,0,0,8,51
6,720,21.600000,42.984000,0,1,2709092,1303,0,1303,0,0,8,51
6,720,21.600000,42.984000,0,1,2709103,1319,0,1319,0,0,8,51
6,720,21.600000,42.984000,0,1,2709113,1331,0,1331,0,0,8,51
6,720,21.600000,42.984000,0,1,2709124,1341,0,1341,0,0,8,51
6,720,21.600000,42.984000,0,1,2709135,1347,0,1347,0,0,8,51
6,720,21.600000,42.984000,0,1,2709146,1350,0,1350,0,0,8,51
6,720,21.600000,42.984000,0,1,2709157,1350,0,1350,-1,0,8,51
6,720,21.600000,42.984000,0,1,2709167,1350,0,1350,-1,0,8,51
6,720,21.600000,42.984000,0,1,2709177,1350,0,1350,-1,0,8,51
6,720,21.600000,42.984000,0,1,2709188,1350,0,1350,-1,0,8,51
6,720,21.600000,42.984000,0,1,2709198,1350,0,1350,-1,0,8,51
6,720,21.600000,42.984000,0,1,2709209,1350,0,1350,-1,0,8,51
6,720,21.600000,42.984000,0,1,2709219,1350,0,1350,-1,0,8,51
6,720,21.600000,42.984000,0,1,2709230,1350,0,1350,-1,0,8,51
6,720,21.600000,42.984000,0,1,2709241,1350,0,1350,-1,0,8,51
6,720,21.600000,42.984000,0,1,2709252,1349,0,1349,-1,0,8,51
6,720,21.600000,42.984000,0,1,2709263,1349,0,1349,-1,0,8,51
6,720,21.600000,42.984000,0,1,2709273,1349,0,1349,-1,0,8,51
6,720,21.600000,42.984000,0,1,2709284,1348,0,1348,-1,0,8,51
6,720,21.600000,42.984000,0,1,2709294,1347,0,1347,-1,0,8,51
6,720,21.600000,42.984000,0,1,2709305,1346,0,1346,-1,0,8,51
6,720,21.600000,42.984000,0,1,2709316,1345,0,1345,-1,0,8,51
6,720,21.600000,42.984000,0,1,2709327,1341,0,1341,-1,0,8,51
6,720,21.600000,42.984000,0,1,2709337,1337,1,1337,0,0,8,51
6,720,21.600000,42.984000,0,1,2709348,1333,1,1333,0,0,8,51
6,720,21.600000,42.984000,0,1,2709359,1329,1,1329,0,0,8,51
6,720,21.600000,42.984000,0,1,2709369,1325,2,1325,1,0,8,51
6,720,21.600000,42.984000,0,1,2709379,1322,3,1322,2,0,8,51
6,720,21.600000,42.984000,0,1,2709390,1321,3,1321,2,0,8,51
6,720,21.600000,42.984000,0,1,2709400,1319,3,1319,2,0,8,51
6,720,21.600000,42.984000,0,1,2709410,1318,3,1318,2,0,8,51
6,720,21.600000,42.984000,0,1,2709422,1318,3,1318,2,0,8,51
6,720,21.600000,42.984000,0,1,2709432,1318,3,1318,2,0,8,51
6,720,21.600000,42.984000,0,1,2709442,1318,3,1318,2,0,8,51
6,720,21.600000,42.984000,0,1,2709452,1318,3,1318,2,0,8,51
6,720,21.600000,42.984000,0,1,2709463,1318,3,1318,2,0,8,51
6,720,21.600000,42.984000,0,1,2709473,1318,3,1318,2,0,8,51
6,720,21.600000,42.984000,0,1,2709483,1318,3,1318,2,0,8,51
6,720,21.600000,42.984000,0,1,2709493,1318,3,1318,2,0,8,51
6,720,21.600000,42.984000,0,1,2709504,1318,3,1318,2,0,8,51
6,720,21.600000,42.984000,0,1,2709514,1318,3,1318,2,0,8,51
6,720,21.600000,42.984000,0,1,2709524,1318,3,1318,2,0,8,51
