6,720,50.400000,10000.000000,1,1,2655932,600,22,600,22,0,8,12
6,720,50.400000,10000.000000,1,1,2655933,600,22,600,22,0,8,12
6,720,50.400000,10000.000000,1,1,2655944,602,22,602,22,0,8,12
6,720,50.400000,10000.000000,1,1,2655955,606,21,606,21,0,8,12
6,720,50.400000,10000.000000,1,1,2655966,609,21,609,21,0,8,12
6,720,50.400000,10000.000000,1,1,2655981,612,20,612,20,0,8,12
6,720,50.400000,10000.000000,1,1,2655997,619,20,619,20,0,8,12
6,720,50.400000,10000.000000,1,1,2656013,631,19,631,19,0,8,12
6,720,50.400000,10000.000000,1,1,2656028,653,19,653,19,0,8,12
6,720,50.400000,10000.000000,1,1,2656043,685,21,685,21,0,8,12
6,720,50.400000,10000.000000,1,1,2656059,735,24,735,24,0,8,12
6,720,50.400000,10000.000000,1,1,2656073,793,26,793,26,0,8,12
6,720,50.400000,10000.000000,1,1,2656089,860,26,860,26,0,8,12
6,720,50.400000,10000.000000,1,1,2656099,926,26,926,26,0,8,12
6,720,50.400000,10000.000000,1,1,2656110,962,25,962,25,0,8,12
6,720,50.400000,10000.000000,1,1,2656121,995,24,995,24,0,8,12
6,720,50.400000,10000.000000,1,1,2656132,1025,23,1025,23,0,8,12
6,720,50.400000,10000.000000,1,1,2656142,1049,23,1049,23,0,8,12
6,720,50.400000,10000.000000,1,1,2656153,1066,22,1066,22,0,8,12
6,720,50.400000,10000.000000,1,1,2656169,1077,22,1077,22,0,8,12
6,720,50.400000,10000.000000,1,1,2656178,1087,22,1087,22,0,8,12
6,720,50.400000,10000.000000,1,1,2656189,1091,22,1091,22,0,8,12
6,720,50.400000,10000.000000,1,1,2656199,1094,21,1094,21,0,8,12
6,720,50.400000,10000.000000,1,1,2656210,1096,21,1096,21,0,8,12
6,720,50.400000,10000.000000,1,1,2656222,1099,20,1099,20,0,8,12
6,720,50.400000,10000.000000,1,1,2656233,1106,20,1106,20,0,8,12
6,720,50.400000,10000.000000,1,1,2656248,1114,20,1114,20,0,8,12
6,720,50.400000,10000.000000,1,1,2656263,1132,20,1132,20,0,8,12
6,720,50.400000,10000.000000,1,1,2656278,1151,20,1151,20,0,8,12
6,720,50.400000,10000.000000,1,1,2656290,1169,19,1169,19,0,8,12
6,720,50.400000,10000.000000,1,1,2656300,1180,18,1180,18,0,8,12
6,720,50.400000,10000.000000,1,1,2656311,1187,18,1187,18,0,8,12
6,720,50.400000,10000.000000,1,1,2656324,1196,16,1196,16,0,8,12
6,720,50.400000,10000.000000,1,1,2656340,1206,15,1206,15,0,8,12
6,720,50.400000,10000.000000,1,1,2656351,1222,12,1222,12,0,8,12
6,720,50.400000,10000.000000,1,1,2656361,1232,10,1232,10,0,8,12
6,720,50.400000,10000.000000,1,1,2656371,1244,7,1244,7,0,8,12
6,720,50.400000,10000.000000,1,1,2656381,1257,5,1257,5,0,8,12
6,720,50.400000,10000.000000,1,1,2656392,1266,2,1266,2,0,8,12
6,720,50.400000,10000.000000,1,1,2656402,1274,0,1274,0,0,8,12
6,720,50.400000,10000.000000,1,1,2656413,1279,0,1279,-1,0,8,12
6,720,50.400000,10000.000000,1,1,2656423,1282,0,1282,-2,0,8,12
6,720,50.400000,10000.000000,1,1,2656433,1284,0,1284,-2,0,8,12
6,720,50.400000,10000.000000,1,1,2656443,1285,0,1285,-3,0,8,12
6,720,50.400000,10000.000000,1,1,2656454,1285,0,1285,-3,0,8,12
6,720,50.400000,10000.000000,1,1,2656464,1287,0,1287,-3,0,8,12
6,720,50.400000,10000.000000,1,1,2656476,1288,0,1288,-4,0,8,12
6,720,50.400000,10000.000000,1,1,2656486,1290,0,1290,-4,0,8,12
6,720,50.400000,10000.000000,1,1,2656497,1292,0,1292,-4,0,8,12
6,720,50.400000,10000.000000,1,1,2656507,1293,0,1293,-4,0,8,12
6,720,50.400000,10000.000000,1,1,2656518,1294,0,1294,-4,0,8,12
6,720,50.400000,10000.000000,1,1,2656528,1295,0,1295,-4,0,8,12
6,720,50.400000,10000.000000,1,1,2656538,1295,0,1295,-4,0,8,12
6,720,50.400000,10000.000000,1,1,2656549,1295,0,1295,-4,0,8,12
6,720,50.400000,10000.000000,1,1,2656559,1295,0,1295,-4,0,8,12
6,720,50.400000,10000.000000,1,1,2656570,1295,0,1295,-4,0,8,12
6,720,50.400000,10000.000000,1,1,2656580,1295,0,1295,-4,0,8,12
6,720,50.400000,10000.000000,1,1,2656595,1295,0,1295,-4,0,8,12
6,720,50.400000,10000.000000,1,1,2656605,1295,0,1295,-4,0,8,12
6,720,50.400000,10000.000000,1,1,2656615,1295,0,1295,-4,0,8,12
6,720,50.400000,10000.000000,1,1,2656626,1295,0,1295,-4,0,8,12
6,720,50.400000,10000.000000,1,1,2656637,1295,0,1295,-4,0,8,12
6,720,50.400000,10000.000000,1,1,2656646,1295,0,1295,-4,0,8,12
