6,720,50.400000,0.000000,0,1,2743961,600,22,600,22,0,8,74
6,720,50.400000,0.000000,0,1,2743962,600,22,600,22,0,8,74
6,720,50.400000,0.000000,0,1,2743972,602,22,602,22,0,8,74
6,720,50.400000,0.000000,0,1,2743983,605,22,605,22,0,8,74
6,720,50.400000,0.000000,0,1,2743995,610,22,610,22,0,8,74
6,720,50.400000,0.000000,0,1,2744007,615,22,615,22,0,8,74
6,720,50.400000,0.000000,0,1,2744017,620,21,620,21,0,8,74
6,720,50.400000,0.000000,0,1,2744028,625,21,625,21,0,8,74
6,720,50.400000,0.000000,0,1,2744040,631,21,631,21,0,8,74
6,720,50.400000,0.000000,0,1,2744051,641,21,641,21,0,8,74
6,720,50.400000,0.000000,0,1,2744063,658,23,658,23,0,8,74
6,720,50.400000,0.000000,0,1,2744073,684,26,684,26,0,8,74
6,720,50.400000,0.000000,0,1,2744084,716,30,716,30,0,8,74
6,720,50.400000,0.000000,0,1,2744095,758,33,758,33,0,8,74
6,720,50.400000,0.000000,0,1,2744106,809,34,809,34,0,8,74
6,720,50.400000,0.000000,0,1,2744117,863,34,863,34,0,8,74
6,720,50.400000,0.000000,0,1,2744128,919,34,919,34,0,8,74
6,720,50.400000,0.000000,0,1,2744140,976,33,976,33,0,8,74
6,720,50.400000,0.000000,0,1,2744152,1032,30,1032,30,0,8,74
6,720,50.400000,0.000000,0,1,2744163,1085,27,1085,27,0,8,74
6,720,50.400000,0.000000,0,1,2744177,1119,24,1119,24,0,8,74
6,720,50.400000,0.000000,0,1,2744193,1158,20,1158,20,0,8,74
6,720,50.400000,0.000000,0,1,2744209,1184,16,1184,16,0,8,74
6,720,50.400000,0.000000,0,1,2744224,1206,13,1206,13,0,8,74
6,720,50.400000,0.000000,0,1,2744235,1221,11,1221,11,0,8,74
6,720,50.400000,0.000000,0,1,2744246,1229,9,1229,9,0,8,74
6,720,50.400000,0.000000,0,1,2744257,1238,7,1238,7,0,8,74
6,720,50.400000,0.000000,0,1,2744272,1245,6,1245,6,0,8,74
6,720,50.400000,0.000000,0,1,2744282,1251,4,1251,4,0,8,74
6,720,50.400000,0.000000,0,1,2744293,1254,4,1254,4,0,8,74
6,720,50.400000,0.000000,0,1,2744305,1257,3,1257,3,0,8,74
6,720,50.400000,0.000000,0,1,2744316,1260,3,1260,3,0,8,74
6,720,50.400000,0.000000,0,1,2744326,1263,3,1263,3,0,8,74
6,720,50.400000,0.000000,0,1,2744337,1266,2,1266,2,0,8,74
6,720,50.400000,0.000000,0,1,2744351,1270,2,1270,2,0,8,74
6,720,50.400000,0.000000,0,1,2744369,1277,2,1277,2,0,8,74
6,720,50.400000,0.000000,0,1,2744384,1288,2,1288,2,0,8,74
6,720,50.400000,0.000000,0,1,2744395,1297,1,1297,1,0,8,74
6,720,50.400000,0.000000,0,1,2744405,1301,1,1301,1,0,8,74
6,720,50.400000,0.000000,0,1,2744416,1303,1,1303,1,0,8,74
6,720,50.400000,0.000000,0,1,2744430,1304,1,1304,1,0,8,74
6,720,50.400000,0.000000,0,1,2744441,1306,1,1306,1,0,8,74
6,720,50.400000,0.000000,0,1,2744452,1308,1,1308,1,0,8,74
6,720,50.400000,0.000000,0,1,2744464,1312,0,1312,0,0,8,74
6,720,50.400000,0.000000,0,1,2744474,1317,0,1317,0,0,8,74
6,720,50.400000,0.000000,0,1,2744486,1323,0,1323,-1,0,8,74
6,720,50.400000,0.000000,0,1,2744496,1332,0,1332,-2,0,8,74
6,720,50.400000,0.000000,0,1,2744511,1339,0,1339,-2,0,8,74
6,720,50.400000,0.000000,0,1,2744527,1345,0,1345,-3,0,8,74
6,720,50.400000,0.000000,0,1,2744543,1346,0,1346,-3,0,8,74
6,720,50.400000,0.000000,0,1,2744553,1346,0,1346,-3,0,8,74
6,720,50.400000,0.000000,0,1,2744564,1346,0,1346,-3,0,8,74
6,720,50.400000,0.000000,0,1,2744574,1347,0,1347,-3,0,8,74
6,720,50.400000,0.000000,0,1,2744584,1348,0,1348,-3,0,8,74
6,720,50.400000,0.000000,0,1,2744594,1348,0,1348,-3,0,8,74
6,720,50.400000,0.000000,0,1,2744605,1348,0,1348,-3,0,8,74
6,720,50.400000,0.000000,0,1,2744615,1348,0,1348,-3,0,8,74
6,720,50.400000,0.000000,0,1,2744625,1348,0,1348,-3,0,8,74
6,720,50.400000,0.000000,0,1,2744636,1348,0,1348,-3,0,8,74
6,720,50.400000,0.000000,0,1,2744647,1348,0,1348,-3,0,8,74
6,720,50.400000,0.000000,0,1,2744657,1348,0,1348,-3,0,8,74
6,720,50.400000,0.000000,0,1,2744668,1348,0,1348,-3,0,8,74
6,720,50.400000,0.000000,0,1,2744678,1348,0,1348,-3,0,8,74
6,720,50.400000,0.000000,0,1,2744689,1348,0,1348,-3,0,8,74
6,720,50.400000,0.000000,0,1,2744700,1348,0,1348,-3,0,8,74
6,720,50.400000,0.000000,0,1,2744710,1348,0,1348,-3,0,8,74
6,720,50.400000,0.000000,0,1,2744720,1348,0,1348,-3,0,8,74
6,720,50.400000,0.000000,0,1,2744731,1348,0,1348,-3,0,8,74
6,720,50.400000,0.000000,0,1,2744741,1348,0,1348,-3,0,8,74
6,720,50.400000,0.000000,0,1,2744752,1348,0,1348,-3,0,8,74
6,720,50.400000,0.000000,0,1,2744761,1347,0,1347,-3,0,8,74
6,720,50.400000,0.000000,0,1,2744771,1346,0,1346,-3,0,8,74
6,720,50.400000,0.000000,0,1,2744781,1346,0,1346,-3,0,8,74
6,720,50.400000,0.000000,0,1,2744792,1345,0,1345,-3,0,8,74
6,720,50.400000,0.000000,0,1,2744801,1345,0,1345,-3,0,8,74
