6,360,82.800000,22.608000,1,1,2890415,780,22,780,22,0,9,50
6,360,82.800000,22.608000,1,1,2890416,780,22,780,22,0,9,50
6,360,82.800000,22.608000,1,1,2890430,793,24,793,24,0,9,50
6,360,82.800000,22.608000,1,1,2890446,797,24,797,24,0,9,50
6,360,82.800000,22.608000,1,1,2890462,797,24,797,24,0,9,50
6,360,82.800000,22.608000,1,1,2890478,797,24,797,24,0,9,50
6,360,82.800000,22.608000,1,1,2890489,795,24,795,24,0,9,50
6,360,82.800000,22.608000,1,1,2890500,793,24,793,24,0,9,50
6,360,82.800000,22.608000,1,1,2890510,793,24,793,24,0,9,50
6,360,82.800000,22.608000,1,1,2890521,793,24,793,24,0,9,50
6,360,82.800000,22.608000,1,1,2890531,793,24,793,24,0,9,50
6,360,82.800000,22.608000,1,1,2890541,793,24,793,24,0,9,50
6,360,82.800000,22.608000,1,1,2890552,793,24,793,24,0,9,50
6,360,82.800000,22.608000,1,1,2890563,794,24,794,24,0,9,50
6,360,82.800000,22.608000,1,1,2890573,795,24,795,24,0,9,50
6,360,82.800000,22.608000,1,1,2890583,796,24,796,24,0,9,50
6,360,82.800000,22.608000,1,1,2890593,797,24,797,24,0,9,50
6,360,82.800000,22.608000,1,1,2890603,800,24,800,24,0,9,50
6,360,82.800000,22.608000,1,1,2890615,804,24,804,24,0,9,50
6,360,82.800000,22.608000,1,1,2890626,812,23,812,23,0,9,50
6,360,82.800000,22.608000,1,1,2890637,822,23,822,23,0,9,50
6,360,82.800000,22.608000,1,1,2890647,837,23,837,23,0,9,50
6,360,82.800000,22.608000,1,1,2890658,854,23,854,23,0,9,50
6,360,82.800000,22.608000,1,1,2890669,878,22,878,22,0,9,50
6,360,82.800000,22.608000,1,1,2890684,905,21,905,21,0,9,50
6,360,82.800000,22.608000,1,1,2890699,948,18,948,18,0,9,50
6,360,82.800000,22.608000,1,1,2890711,990,15,990,15,0,9,50
6,360,82.800000,22.608000,1,1,2890722,1022,12,1022,12,0,9,50
6,360,82.800000,22.608000,1,1,2890732,1053,8,1053,8,0,9,50
6,360,82.800000,22.608000,1,1,2890744,1084,4,1084,4,0,9,50
6,360,82.800000,22.608000,1,1,2890754,1110,0,1110,0,0,9,50
6,360,82.800000,22.608000,1,1,2890766,1132,0,1132,-4,0,9,50
6,360,82.800000,22.608000,1,1,2890779,1147,0,1147,-6,0,9,50
6,360,82.800000,22.608000,1,1,2890790,1159,0,1159,-9,0,9,50
6,360,82.800000,22.608000,1,1,2890800,1162,0,1162,-11,0,9,50
6,360,82.800000,22.608000,1,1,2890811,1162,0,1162,-11,0,9,50
6,360,82.800000,22.608000,1,1,2890821,1162,0,1162,-11,0,9,50
6,360,82.800000,22.608000,1,1,2890832,1162,0,1162,-11,0,9,50
6,360,82.800000,22.608000,1,1,2890842,1161,0,1161,-12,0,9,50
6,360,82.800000,22.608000,1,1,2890852,1160,0,1160,-12,0,9,50
6,360,82.800000,22.608000,1,1,2890863,1160,0,1160,-12,0,9,50
6,360,82.800000,22.608000,1,1,2890873,1160,0,1160,-12,0,9,50
6,360,82.800000,22.608000,1,1,2890884,1160,0,1160,-12,0,9,50
6,360,82.800000,22.608000,1,1,2890894,1160,0,1160,-12,0,9,50
6,360,82.800000,22.608000,1,1,2890904,1160,0,1160,-12,0,9,50
6,360,82.800000,22.608000,1,1,2890915,1160,0,1160,-12,0,9,50
6,360,82.800000,22.608000,1,1,2890925,1160,0,1160,-12,0,9,50
6,360,82.800000,22.608000,1,1,2890935,1160,0,1160,-12,0,9,50
6,360,82.800000,22.608000,1,1,2890945,1160,0,1160,-12,0,9,50
6,360,82.800000,22.608000,1,1,2890957,1160,0,1160,-12,0,9,50
6,360,82.800000,22.608000,1,1,2890967,1160,0,1160,-12,0,9,50
6,360,82.800000,22.608000,1,1,2890977,1160,0,1160,-12,0,9,50
6,360,82.800000,22.608000,1,1,2890987,1160,0,1160,-12,0,9,50
6,360,82.800000,22.608000,1,1,2890998,1160,0,1160,-12,0,9,50
6,360,82.800000,22.608000,1,1,2891009,1160,0,1160,-12,0,9,50
6,360,82.800000,22.608000,1,1,2891018,1160,0,1160,-12,0,9,50
