6,360,82.800000,22.608000,0,0,2977086,780,0,780,0,0,9,110
6,360,82.800000,22.608000,0,0,2977087,780,0,780,0,0,9,110
6,360,82.800000,22.608000,0,0,2977098,785,0,785,0,0,9,110
6,360,82.800000,22.608000,0,0,2977109,790,0,790,0,0,9,110
6,360,82.800000,22.608000,0,0,2977119,796,1,796,1,0,9,110
6,360,82.800000,22.608000,0,0,2977131,803,1,803,1,0,9,110
6,360,82.800000,22.608000,0,0,2977143,814,2,814,2,0,9,110
6,360,82.800000,22.608000,0,0,2977155,824,3,824,3,0,9,110
6,360,82.800000,22.608000,0,0,2977166,838,4,838,4,0,9,110
6,360,82.800000,22.608000,0,0,2977180,856,5,856,5,0,9,110
6,360,82.800000,22.608000,0,0,2977196,885,7,885,7,0,9,110
6,360,82.800000,22.608000,0,0,2977206,926,8,926,8,0,9,110
6,360,82.800000,22.608000,0,0,2977216,953,9,953,9,0,9,110
6,360,82.800000,22.608000,0,0,2977227,983,9,983,9,0,9,110
6,360,82.800000,22.608000,0,0,2977238,1011,9,1011,9,0,9,110
6,360,82.800000,22.608000,0,0,2977249,1044,9,1044,9,0,9,110
6,360,82.800000,22.608000,0,0,2977260,1067,9,1067,9,0,9,110
6,360,82.800000,22.608000,0,0,2977275,1089,9,1089,9,0,9,110
6,360,82.800000,22.608000,0,0,2977291,1121,9,1121,9,0,9,110
6,360,82.800000,22.608000,0,0,2977301,1141,9,1141,9,0,9,110
6,360,82.800000,22.608000,0,0,2977311,1149,9,1149,9,0,9,110
6,360,82.800000,22.608000,0,0,2977322,1154,9,1154,9,0,9,110
6,360,82.800000,22.608000,0,0,2977333,1155,9,1155,9,0,9,110
6,360,82.800000,22.608000,0,0,2977343,1156,9,1156,9,0,9,110
6,360,82.800000,22.608000,0,0,2977353,1156,9,1156,9,0,9,110
6,360,82.800000,22.608000,0,0,2977369,1156,9,1156,9,0,9,110
6,360,82.800000,22.608000,0,0,2977380,1156,9,1156,9,0,9,110
6,360,82.800000,22.608000,0,0,2977390,1156,9,1156,9,0,9,110
6,360,82.800000,22.608000,0,0,2977401,1156,9,1156,9,0,9,110
6,360,82.800000,22.608000,0,0,2977416,1156,9,1156,9,0,9,110
6,360,82.800000,22.608000,0,0,2977427,1156,9,1156,9,0,9,110
6,360,82.800000,22.608000,0,0,2977437,1156,9,1156,9,0,9,110
6,360,82.800000,22.608000,0,0,2977447,1156,9,1156,9,0,9,110
6,360,82.800000,22.608000,0,0,2977458,1156,9,1156,9,0,9,110
6,360,82.800000,22.608000,0,0,2977469,1156,9,1156,9,0,9,110
6,360,82.800000,22.608000,0,0,2977479,1156,9,1156,9,0,9,110
6,360,82.800000,22.608000,0,0,2977490,1156,9,1156,9,0,9,110
6,360,82.800000,22.608000,0,0,2977501,1156,9,1156,9,0,9,110
6,360,82.800000,22.608000,0,0,2977511,1156,9,1156,9,0,9,110
6,360,82.800000,22.608000,0,0,2977521,1156,9,1156,9,0,9,110
6,360,82.800000,22.608000,0,0,2977531,1156,9,1156,9,0,9,110
