6,720,82.800000,0.000000,1,1,2916521,600,22,600,22,0,9,69
6,720,82.800000,0.000000,1,1,2916522,600,22,600,22,0,9,69
6,720,82.800000,0.000000,1,1,2916534,604,22,604,22,0,9,69
6,720,82.800000,0.000000,1,1,2916546,611,22,611,22,0,9,69
6,720,82.800000,0.000000,1,1,2916557,622,22,622,22,0,9,69
6,720,82.800000,0.000000,1,1,2916568,639,22,639,22,0,9,69
6,720,82.800000,0.000000,1,1,2916579,659,21,659,21,0,9,69
6,720,82.800000,0.000000,1,1,2916591,684,20,684,20,0,9,69
6,720,82.800000,0.000000,1,1,2916602,718,18,718,18,0,9,69
6,720,82.800000,0.000000,1,1,2916612,751,17,751,17,0,9,69
6,720,82.800000,0.000000,1,1,2916623,789,16,789,16,0,9,69
6,720,82.800000,0.000000,1,1,2916635,836,14,836,14,0,9,69
6,720,82.800000,0.000000,1,1,2916646,888,13,888,13,0,9,69
6,720,82.800000,0.000000,1,1,2916656,931,13,931,13,0,9,69
6,720,82.800000,0.000000,1,1,2916666,975,13,975,13,0,9,69
6,720,82.800000,0.000000,1,1,2916677,1015,13,1015,13,0,9,69
6,720,82.800000,0.000000,1,1,2916687,1055,13,1055,13,0,9,69
6,720,82.800000,0.000000,1,1,2916698,1086,14,1086,14,0,9,69
6,720,82.800000,0.000000,1,1,2916709,1117,15,1117,15,0,9,69
6,720,82.800000,0.000000,1,1,2916721,1141,16,1141,16,0,9,69
6,720,82.800000,0.000000,1,1,2916732,1161,16,1161,16,0,9,69
6,720,82.800000,0.000000,1,1,2916745,1175,16,1175,16,0,9,69
6,720,82.800000,0.000000,1,1,2916758,1189,16,1189,16,0,9,69
6,720,82.800000,0.000000,1,1,2916770,1200,16,1200,16,0,9,69
6,720,82.800000,0.000000,1,1,2916782,1211,16,1211,16,0,9,69
6,720,82.800000,0.000000,1,1,2916793,1220,15,1220,15,0,9,69
6,720,82.800000,0.000000,1,1,2916805,1228,13,1228,13,0,9,69
6,720,82.800000,0.000000,1,1,2916816,1233,12,1233,12,0,9,69
6,720,82.800000,0.000000,1,1,2916828,1236,11,1236,11,0,9,69
6,720,82.800000,0.000000,1,1,2916839,1238,10,1238,10,0,9,69
6,720,82.800000,0.000000,1,1,2916851,1240,9,1240,9,0,9,69
6,720,82.800000,0.000000,1,1,2916861,1243,8,1243,8,0,9,69
6,720,82.800000,0.000000,1,1,2916872,1246,7,1246,7,0,9,69
6,720,82.800000,0.000000,1,1,2916883,1248,6,1248,6,0,9,69
6,720,82.800000,0.000000,1,1,2916893,1250,5,1250,5,0,9,69
6,720,82.800000,0.000000,1,1,2916904,1252,4,1252,4,0,9,69
6,720,82.800000,0.000000,1,1,2916915,1253,3,1253,3,0,9,69
6,720,82.800000,0.000000,1,1,2916926,1255,2,1255,2,0,9,69
6,720,82.800000,0.000000,1,1,2916937,1256,2,1256,2,0,9,69
6,720,82.800000,0.000000,1,1,2916947,1258,1,1258,1,0,9,69
6,720,82.800000,0.000000,1,1,2916958,1260,1,1260,1,0,9,69
6,720,82.800000,0.000000,1,1,2916969,1264,0,1264,0,0,9,69
6,720,82.800000,0.000000,1,1,2916983,1267,0,1267,-1,0,9,69
6,720,82.800000,0.000000,1,1,2916994,1270,0,1270,-2,0,9,69
6,720,82.800000,0.000000,1,1,2917007,1271,0,1271,-2,0,9,69
6,720,82.800000,0.000000,1,1,2917018,1271,0,1271,-2,0,9,69
6,720,82.800000,0.000000,1,1,2917028,1271,0,1271,-2,0,9,69
6,720,82.800000,0.000000,1,1,2917038,1271,0,1271,-2,1,9,69
