6,360,21.600000,10000.000000,1,0,2825999,780,0,780,0,0,9,7
6,360,21.600000,10000.000000,1,0,2826000,780,0,780,0,0,9,7
6,360,21.600000,10000.000000,1,0,2826011,780,0,780,0,0,9,7
6,360,21.600000,10000.000000,1,0,2826022,780,0,780,0,0,9,7
6,360,21.600000,10000.000000,1,0,2826034,777,0,777,0,0,9,7
6,360,21.600000,10000.000000,1,0,2826044,774,0,774,0,0,9,7
6,360,21.600000,10000.000000,1,0,2826055,771,0,771,0,0,9,7
6,360,21.600000,10000.000000,1,0,2826066,768,0,768,0,0,9,7
6,360,21.600000,10000.000000,1,0,2826077,765,1,765,1,0,9,7
6,360,21.600000,10000.000000,1,0,2826088,761,2,761,2,0,9,7
6,360,21.600000,10000.000000,1,0,2826098,757,4,757,4,0,9,7
6,360,21.600000,10000.000000,1,0,2826109,755,5,755,5,0,9,7
6,360,21.600000,10000.000000,1,0,2826120,754,5,754,5,0,9,7
6,360,21.600000,10000.000000,1,0,2826130,754,5,754,5,0,9,7
6,360,21.600000,10000.000000,1,0,2826141,754,5,754,5,0,9,7
6,360,21.600000,10000.000000,1,0,2826151,754,5,754,5,0,9,7
6,360,21.600000,10000.000000,1,0,2826162,754,5,754,5,0,9,7
6,360,21.600000,10000.000000,1,0,2826173,754,5,754,5,0,9,7
6,360,21.600000,10000.000000,1,0,2826184,755,4,755,4,0,9,7
6,360,21.600000,10000.000000,1,0,2826195,756,4,756,4,0,9,7
6,360,21.600000,10000.000000,1,0,2826205,759,3,759,3,0,9,7
6,360,21.600000,10000.000000,1,0,2826221,762,2,762,2,0,9,7
6,360,21.600000,10000.000000,1,0,2826231,768,1,768,1,0,9,7
6,360,21.600000,10000.000000,1,0,2826242,772,1,772,1,0,9,7
6,360,21.600000,10000.000000,1,0,2826254,777,0,777,0,0,9,7
6,360,21.600000,10000.000000,1,0,2826265,783,0,783,-1,0,9,7
6,360,21.600000,10000.000000,1,0,2826276,791,0,791,-3,0,9,7
6,360,21.600000,10000.000000,1,0,2826287,803,0,803,-5,0,9,7
6,360,21.600000,10000.000000,1,0,2826298,819,0,819,-7,0,9,7
6,360,21.600000,10000.000000,1,0,2826308,837,0,837,-9,0,9,7
6,360,21.600000,10000.000000,1,0,2826319,858,0,858,-11,0,9,7
6,360,21.600000,10000.000000,1,0,2826329,883,0,883,-12,0,9,7
6,360,21.600000,10000.000000,1,0,2826339,909,0,909,-12,0,9,7
6,360,21.600000,10000.000000,1,0,2826350,931,0,931,-13,0,9,7
6,360,21.600000,10000.000000,1,0,2826361,952,0,952,-13,0,9,7
6,360,21.600000,10000.000000,1,0,2826371,974,0,974,-14,0,9,7
6,360,21.600000,10000.000000,1,0,2826382,991,0,991,-16,0,9,7
6,360,21.600000,10000.000000,1,0,2826393,1001,0,1001,-16,0,9,7
6,360,21.600000,10000.000000,1,0,2826403,1011,0,1011,-18,0,9,7
6,360,21.600000,10000.000000,1,0,2826413,1019,0,1019,-18,0,9,7
6,360,21.600000,10000.000000,1,0,2826424,1026,0,1026,-19,0,9,7
6,360,21.600000,10000.000000,1,0,2826434,1033,0,1033,-20,0,9,7
6,360,21.600000,10000.000000,1,0,2826445,1039,0,1039,-21,0,9,7
6,360,21.600000,10000.000000,1,0,2826455,1045,0,1045,-21,0,9,7
6,360,21.600000,10000.000000,1,0,2826466,1050,0,1050,-22,0,9,7
6,360,21.600000,10000.000000,1,0,2826476,1054,0,1054,-23,0,9,7
6,360,21.600000,10000.000000,1,0,2826487,1056,0,1056,-23,0,9,7
6,360,21.600000,10000.000000,1,0,2826497,1057,0,1057,-24,0,9,7
6,360,21.600000,10000.000000,1,0,2826507,1057,0,1057,-24,0,9,7
6,360,21.600000,10000.000000,1,0,2826519,1057,0,1057,-24,0,9,7
6,360,21.600000,10000.000000,1,0,2826529,1057,0,1057,-24,0,9,7
6,360,21.600000,10000.000000,1,0,2826539,1057,0,1057,-24,0,9,7
6,360,21.600000,10000.000000,1,0,2826549,1059,0,1059,-24,0,9,7
6,360,21.600000,10000.000000,1,0,2826561,1063,0,1063,-24,0,9,7
6,360,21.600000,10000.000000,1,0,2826571,1068,0,1068,-25,0,9,7
6,360,21.600000,10000.000000,1,0,2826581,1073,0,1073,-25,0,9,7
6,360,21.600000,10000.000000,1,0,2826592,1077,0,1077,-26,0,9,7
6,360,21.600000,10000.000000,1,0,2826603,1080,0,1080,-26,0,9,7
6,360,21.600000,10000.000000,1,0,2826613,1083,0,1083,-27,0,9,7
6,360,21.600000,10000.000000,1,0,2826625,1086,0,1086,-27,0,9,7
6,360,21.600000,10000.000000,1,0,2826635,1091,0,1091,-27,0,9,7
6,360,21.600000,10000.000000,1,0,2826646,1097,0,1097,-27,0,9,7
6,360,21.600000,10000.000000,1,0,2826657,1104,0,1104,-27,0,9,7
6,360,21.600000,10000.000000,1,0,2826668,1110,0,1110,-27,0,9,7
6,360,21.600000,10000.000000,1,0,2826679,1115,0,1115,-27,0,9,7
6,360,21.600000,10000.000000,1,0,2826690,1119,0,1119,-27,0,9,7
6,360,21.600000,10000.000000,1,0,2826700,1122,0,1122,-27,0,9,7
6,360,21.600000,10000.000000,1,0,2826712,1124,0,1124,-27,0,9,7
6,360,21.600000,10000.000000,1,0,2826726,1126,0,1126,-27,0,9,7
6,360,21.600000,10000.000000,1,0,2826743,1128,0,1128,-27,0,9,7
6,360,21.600000,10000.000000,1,0,2826758,1130,0,1130,-27,0,9,7
6,360,21.600000,10000.000000,1,0,2826773,1130,0,1130,-27,0,9,7
6,360,21.600000,10000.000000,1,0,2826784,1130,0,1130,-27,0,9,7
6,360,21.600000,10000.000000,1,0,2826794,1130,0,1130,-27,0,9,7
6,360,21.600000,10000.000000,1,0,2826804,1130,0,1130,-27,0,9,7
6,360,21.600000,10000.000000,1,0,2826819,1130,0,1130,-27,0,9,7
6,360,21.600000,10000.000000,1,0,2826829,1130,0,1130,-27,0,9,7
6,360,21.600000,10000.000000,1,0,2826840,1130,0,1130,-27,0,9,7
6,360,21.600000,10000.000000,1,0,2826850,1130,0,1130,-27,0,9,7
6,360,21.600000,10000.000000,1,0,2826860,1130,0,1130,-27,0,9,7
6,360,21.600000,10000.000000,1,0,2826870,1130,0,1130,-27,0,9,7
6,360,21.600000,10000.000000,1,0,2826880,1130,0,1130,-27,0,9,7
6,360,21.600000,10000.000000,1,0,2826890,1130,0,1130,-27,0,9,7
6,360,21.600000,10000.000000,1,0,2826899,1130,0,1130,-27,0,9,7
