6,360,82.800000,10000.000000,0,1,2862181,780,22,780,22,1,9,31
6,360,82.800000,10000.000000,0,1,2862182,780,22,780,22,1,9,31
6,360,82.800000,10000.000000,0,1,2862192,780,22,780,22,1,9,31
6,360,82.800000,10000.000000,0,1,2862202,780,22,780,22,1,9,31
6,360,82.800000,10000.000000,0,1,2862213,780,22,780,22,1,9,31
6,360,82.800000,10000.000000,0,1,2862224,780,22,780,22,1,9,31
6,360,82.800000,10000.000000,0,1,2862234,780,22,780,22,1,9,31
6,360,82.800000,10000.000000,0,1,2862245,780,22,780,22,1,9,31
6,360,82.800000,10000.000000,0,1,2862256,780,22,780,22,1,9,31
6,360,82.800000,10000.000000,0,1,2862266,780,22,780,22,1,9,31
6,360,82.800000,10000.000000,0,1,2862277,781,22,781,22,1,9,31
6,360,82.800000,10000.000000,0,1,2862288,784,22,784,22,1,9,31
6,360,82.800000,10000.000000,0,1,2862300,789,22,789,22,1,9,31
6,360,82.800000,10000.000000,0,1,2862310,796,22,796,22,1,9,31
6,360,82.800000,10000.000000,0,1,2862327,808,22,808,22,1,9,31
6,360,82.800000,10000.000000,0,1,2862338,832,22,832,22,1,9,31
6,360,82.800000,10000.000000,0,1,2862348,851,22,851,22,1,9,31
6,360,82.800000,10000.000000,0,1,2862359,871,22,871,22,1,9,31
6,360,82.800000,10000.000000,0,1,2862373,891,20,891,20,1,9,31
6,360,82.800000,10000.000000,0,1,2862385,921,19,921,19,1,9,31
6,360,82.800000,10000.000000,0,1,2862395,946,18,946,18,1,9,31
6,360,82.800000,10000.000000,0,1,2862406,962,18,962,18,1,9,31
6,360,82.800000,10000.000000,0,1,2862421,979,16,979,16,1,9,31
6,360,82.800000,10000.000000,0,1,2862438,998,15,998,15,1,9,31
6,360,82.800000,10000.000000,0,1,2862453,1014,15,1014,15,1,9,31
6,360,82.800000,10000.000000,0,1,2862465,1024,15,1024,15,1,9,31
6,360,82.800000,10000.000000,0,1,2862476,1028,14,1028,14,1,9,31
6,360,82.800000,10000.000000,0,1,2862487,1030,13,1030,13,1,9,31
6,360,82.800000,10000.000000,0,1,2862498,1032,13,1032,13,1,9,31
6,360,82.800000,10000.000000,0,1,2862509,1034,13,1034,13,1,9,31
6,360,82.800000,10000.000000,0,1,2862520,1038,13,1038,13,1,9,31
6,360,82.800000,10000.000000,0,1,2862531,1042,12,1042,12,1,9,31
6,360,82.800000,10000.000000,0,1,2862542,1047,12,1047,12,1,9,31
6,360,82.800000,10000.000000,0,1,2862553,1053,12,1053,12,1,9,31
6,360,82.800000,10000.000000,0,1,2862564,1058,11,1058,11,1,9,31
6,360,82.800000,10000.000000,0,1,2862576,1064,11,1064,11,1,9,31
6,360,82.800000,10000.000000,0,1,2862587,1068,10,1068,10,1,9,31
6,360,82.800000,10000.000000,0,1,2862597,1071,10,1071,10,1,9,31
6,360,82.800000,10000.000000,0,1,2862608,1073,10,1073,10,1,9,31
6,360,82.800000,10000.000000,0,1,2862618,1076,10,1076,10,1,9,31
6,360,82.800000,10000.000000,0,1,2862628,1079,9,1079,9,1,9,31
6,360,82.800000,10000.000000,0,1,2862639,1083,9,1083,9,1,9,31
6,360,82.800000,10000.000000,0,1,2862650,1088,9,1088,9,1,9,31
6,360,82.800000,10000.000000,0,1,2862660,1094,8,1094,8,1,9,31
6,360,82.800000,10000.000000,0,1,2862671,1101,8,1101,8,1,9,31
6,360,82.800000,10000.000000,0,1,2862681,1109,8,1109,8,1,9,31
6,360,82.800000,10000.000000,0,1,2862691,1115,7,1115,7,1,9,31
6,360,82.800000,10000.000000,0,1,2862701,1121,7,1121,7,1,9,31
6,360,82.800000,10000.000000,0,1,2862711,1127,7,1127,7,1,9,31
6,360,82.800000,10000.000000,0,1,2862722,1131,6,1131,6,1,9,31
6,360,82.800000,10000.000000,0,1,2862736,1134,6,1134,6,1,9,31
6,360,82.800000,10000.000000,0,1,2862747,1135,6,1135,6,1,9,31
6,360,82.800000,10000.000000,0,1,2862757,1135,6,1135,6,1,9,31
6,360,82.800000,10000.000000,0,1,2862767,1135,6,1135,6,1,9,31
6,360,82.800000,10000.000000,0,1,2862777,1135,6,1135,6,1,9,31
6,360,82.800000,10000.000000,0,1,2862788,1135,6,1135,6,1,9,31
6,360,82.800000,10000.000000,0,1,2862798,1135,6,1135,6,1,9,31
6,360,82.800000,10000.000000,0,1,2862809,1135,6,1135,6,1,9,31
6,360,82.800000,10000.000000,0,1,2862818,1135,6,1135,6,1,9,31
6,360,82.800000,10000.000000,0,1,2862828,1135,6,1135,6,0,9,31
