6,360,82.800000,42.984000,1,0,2899906,780,0,780,0,0,9,57
6,360,82.800000,42.984000,1,0,2899907,780,0,780,0,0,9,57
6,360,82.800000,42.984000,1,0,2899917,780,0,780,0,0,9,57
6,360,82.800000,42.984000,1,0,2899928,780,0,780,0,0,9,57
6,360,82.800000,42.984000,1,0,2899939,780,0,780,0,0,9,57
6,360,82.800000,42.984000,1,0,2899949,780,0,780,0,0,9,57
6,360,82.800000,42.984000,1,0,2899961,783,1,783,1,0,9,57
6,360,82.800000,42.984000,1,0,2899972,789,1,789,1,0,9,57
6,360,82.800000,42.984000,1,0,2899983,797,2,797,2,0,9,57
6,360,82.800000,42.984000,1,0,2899994,809,4,809,4,0,9,57
6,360,82.800000,42.984000,1,0,2900005,825,5,825,5,0,9,57
6,360,82.800000,42.984000,1,0,2900016,842,7,842,7,0,9,57
6,360,82.800000,42.984000,1,0,2900030,866,9,866,9,0,9,57
6,360,82.800000,42.984000,1,0,2900041,895,9,895,9,0,9,57
6,360,82.800000,42.984000,1,0,2900051,921,9,921,9,0,9,57
6,360,82.800000,42.984000,1,0,2900062,944,9,944,9,0,9,57
6,360,82.800000,42.984000,1,0,2900074,967,9,967,9,0,9,57
6,360,82.800000,42.984000,1,0,2900084,989,7,989,7,0,9,57
6,360,82.800000,42.984000,1,0,2900095,1006,6,1006,6,0,9,57
6,360,82.800000,42.984000,1,0,2900106,1020,5,1020,5,0,9,57
6,360,82.800000,42.984000,1,0,2900116,1034,4,1034,4,0,9,57
6,360,82.800000,42.984000,1,0,2900127,1046,3,1046,3,0,9,57
6,360,82.800000,42.984000,1,0,2900138,1058,2,1058,2,0,9,57
6,360,82.800000,42.984000,1,0,2900149,1071,1,1071,1,0,9,57
6,360,82.800000,42.984000,1,0,2900159,1083,1,1083,1,0,9,57
6,360,82.800000,42.984000,1,0,2900169,1096,0,1096,0,0,9,57
6,360,82.800000,42.984000,1,0,2900179,1107,0,1107,0,0,9,57
6,360,82.800000,42.984000,1,0,2900189,1115,0,1115,0,0,9,57
6,360,82.800000,42.984000,1,0,2900203,1121,0,1121,0,0,9,57
6,360,82.800000,42.984000,1,0,2900214,1126,0,1126,0,0,9,57
6,360,82.800000,42.984000,1,0,2900225,1128,0,1128,0,0,9,57
6,360,82.800000,42.984000,1,0,2900235,1130,0,1130,-1,0,9,57
6,360,82.800000,42.984000,1,0,2900245,1130,0,1130,-1,0,9,57
6,360,82.800000,42.984000,1,0,2900256,1130,0,1130,-1,0,9,57
6,360,82.800000,42.984000,1,0,2900266,1130,0,1130,-1,0,9,57
6,360,82.800000,42.984000,1,0,2900276,1130,0,1130,-1,0,9,57
6,360,82.800000,42.984000,1,0,2900287,1131,0,1131,-1,0,9,57
6,360,82.800000,42.984000,1,0,2900297,1133,0,1133,-1,0,9,57
6,360,82.800000,42.984000,1,0,2900308,1134,0,1134,-1,0,9,57
6,360,82.800000,42.984000,1,0,2900318,1134,0,1134,-1,0,9,57
6,360,82.800000,42.984000,1,0,2900328,1134,0,1134,-1,0,9,57
6,360,82.800000,42.984000,1,0,2900339,1134,0,1134,-1,0,9,57
6,360,82.800000,42.984000,1,0,2900349,1134,0,1134,-1,0,9,57
6,360,82.800000,42.984000,1,0,2900360,1134,0,1134,-1,0,9,57
6,360,82.800000,42.984000,1,0,2900371,1134,0,1134,-1,0,9,57
6,360,82.800000,42.984000,1,0,2900381,1134,0,1134,-1,0,9,57
6,360,82.800000,42.984000,1,0,2900391,1134,0,1134,-1,0,9,57
6,360,82.800000,42.984000,1,0,2900401,1134,0,1134,-1,0,9,57
