6,360,82.800000,12.276000,0,0,2935872,780,0,780,0,0,9,81
6,360,82.800000,12.276000,0,0,2935873,780,0,780,0,0,9,81
6,360,82.800000,12.276000,0,0,2935883,781,0,781,0,0,9,81
6,360,82.800000,12.276000,0,0,2935894,781,0,781,0,0,9,81
6,360,82.800000,12.276000,0,0,2935904,781,0,781,0,0,9,81
6,360,82.800000,12.276000,0,0,2935914,780,0,780,0,0,9,81
6,360,82.800000,12.276000,0,0,2935924,780,0,780,0,0,9,81
6,360,82.800000,12.276000,0,0,2935935,780,0,780,0,0,9,81
6,360,82.800000,12.276000,0,0,2935945,780,0,780,0,0,9,81
6,360,82.800000,12.276000,0,0,2935956,780,0,780,0,0,9,81
6,360,82.800000,12.276000,0,0,2935966,780,0,780,0,0,9,81
6,360,82.800000,12.276000,0,0,2935977,780,0,780,0,0,9,81
6,360,82.800000,12.276000,0,0,2935988,780,0,780,0,0,9,81
6,360,82.800000,12.276000,0,0,2935998,780,0,780,0,0,9,81
6,360,82.800000,12.276000,0,0,2936010,780,0,780,0,0,9,81
6,360,82.800000,12.276000,0,0,2936021,780,0,780,0,0,9,81
6,360,82.800000,12.276000,0,0,2936032,781,0,781,0,0,9,81
6,360,82.800000,12.276000,0,0,2936044,785,0,785,0,0,9,81
6,360,82.800000,12.276000,0,0,2936055,790,0,790,0,0,9,81
6,360,82.800000,12.276000,0,0,2936070,796,0,796,0,0,9,81
6,360,82.800000,12.276000,0,0,2936086,807,0,807,-1,0,9,81
6,360,82.800000,12.276000,0,0,2936096,819,0,819,-1,0,9,81
6,360,82.800000,12.276000,0,0,2936107,829,0,829,-2,0,9,81
6,360,82.800000,12.276000,0,0,2936119,840,0,840,-2,0,9,81
6,360,82.800000,12.276000,0,0,2936130,855,0,855,-2,0,9,81
6,360,82.800000,12.276000,0,0,2936141,870,0,870,-2,0,9,81
6,360,82.800000,12.276000,0,0,2936151,890,1,890,-1,0,9,81
6,360,82.800000,12.276000,0,0,2936162,914,3,914,1,0,9,81
6,360,82.800000,12.276000,0,0,2936174,945,5,945,3,0,9,81
6,360,82.800000,12.276000,0,0,2936185,976,6,976,4,0,9,81
6,360,82.800000,12.276000,0,0,2936196,1007,7,1007,5,0,9,81
6,360,82.800000,12.276000,0,0,2936207,1033,8,1033,6,0,9,81
6,360,82.800000,12.276000,0,0,2936217,1059,8,1059,6,0,9,81
6,360,82.800000,12.276000,0,0,2936229,1079,8,1079,6,0,9,81
6,360,82.800000,12.276000,0,0,2936244,1093,8,1093,6,0,9,81
6,360,82.800000,12.276000,0,0,2936254,1104,8,1104,6,0,9,81
6,360,82.800000,12.276000,0,0,2936265,1106,7,1106,5,0,9,81
6,360,82.800000,12.276000,0,0,2936275,1108,6,1108,4,0,9,81
6,360,82.800000,12.276000,0,0,2936287,1108,6,1108,4,0,9,81
6,360,82.800000,12.276000,0,0,2936297,1108,6,1108,4,0,9,81
6,360,82.800000,12.276000,0,0,2936309,1108,6,1108,4,0,9,81
6,360,82.800000,12.276000,0,0,2936324,1108,6,1108,4,0,9,81
6,360,82.800000,12.276000,0,0,2936334,1108,6,1108,4,0,9,81
6,360,82.800000,12.276000,0,0,2936345,1108,6,1108,4,0,9,81
6,360,82.800000,12.276000,0,0,2936355,1108,6,1108,4,0,9,81
6,360,82.800000,12.276000,0,0,2936367,1108,6,1108,4,0,9,81
6,360,82.800000,12.276000,0,0,2936377,1108,6,1108,4,0,9,81
6,360,82.800000,12.276000,0,0,2936387,1108,6,1108,4,0,9,81
6,360,82.800000,12.276000,0,0,2936402,1108,6,1108,4,0,9,81
6,360,82.800000,12.276000,0,0,2936414,1108,6,1108,4,0,9,81
6,360,82.800000,12.276000,0,0,2936424,1108,6,1108,4,0,9,81
6,360,82.800000,12.276000,0,0,2936434,1108,5,1108,3,0,9,81
6,360,82.800000,12.276000,0,0,2936444,1108,4,1108,2,0,9,81
6,360,82.800000,12.276000,0,0,2936455,1109,4,1109,2,0,9,81
6,360,82.800000,12.276000,0,0,2936465,1110,3,1110,1,0,9,81
6,360,82.800000,12.276000,0,0,2936475,1111,3,1111,1,0,9,81
6,360,82.800000,12.276000,0,0,2936485,1111,3,1111,1,0,9,81
6,360,82.800000,12.276000,0,0,2936495,1111,3,1111,1,0,9,81
6,360,82.800000,12.276000,0,0,2936505,1111,3,1111,1,0,9,81
6,360,82.800000,12.276000,0,0,2936515,1111,3,1111,1,0,9,81
6,360,82.800000,12.276000,0,0,2936526,1111,3,1111,1,0,9,81
