10,720,21.600000,42.984000,0,0,19038586,600,0,600,0,0,0,47
10,720,21.600000,42.984000,0,0,19038586,600,0,600,0,0,0,47
10,720,21.600000,42.984000,0,0,19038596,600,0,600,0,0,0,47
10,720,21.600000,42.984000,0,0,19038606,601,0,601,0,0,0,47
10,720,21.600000,42.984000,0,0,19038618,601,0,601,0,0,0,47
10,720,21.600000,42.984000,0,0,19038628,602,0,602,0,0,0,47
10,720,21.600000,42.984000,0,0,19038640,604,0,604,0,0,0,47
10,720,21.600000,42.984000,0,0,19038649,606,0,606,0,0,0,47
10,720,21.600000,42.984000,0,0,19038665,610,0,610,-1,0,0,47
10,720,21.600000,42.984000,0,0,19038676,622,0,622,-2,0,0,47
10,720,21.600000,42.984000,0,0,19038686,637,0,637,-3,0,0,47
10,720,21.600000,42.984000,0,0,19038696,657,0,657,-3,0,0,47
10,720,21.600000,42.984000,0,0,19038707,686,0,686,-4,0,0,47
10,720,21.600000,42.984000,0,0,19038718,716,0,716,-6,0,0,47
10,720,21.600000,42.984000,0,0,19038729,752,0,752,-8,0,0,47
10,720,21.600000,42.984000,0,0,19038740,807,0,807,-13,0,0,47
10,720,21.600000,42.984000,0,0,19038751,865,0,865,-15,0,0,47
10,720,21.600000,42.984000,0,0,19038761,934,0,934,-16,0,0,47
10,720,21.600000,42.984000,0,0,19038772,1010,0,1010,-16,0,0,47
10,720,21.600000,42.984000,0,0,19038783,1082,3,1082,-13,0,0,47
10,720,21.600000,42.984000,0,0,19038794,1156,6,1156,-10,0,0,47
10,720,21.600000,42.984000,0,0,19038805,1219,11,1219,-5,0,0,47
10,720,21.600000,42.984000,0,0,19038817,1267,13,1267,-3,0,0,47
10,720,21.600000,42.984000,0,0,19038828,1292,13,1292,-3,0,0,47
10,720,21.600000,42.984000,0,0,19038838,1302,13,1302,-3,0,0,47
10,720,21.600000,42.984000,0,0,19038848,1303,13,1303,-3,0,0,47
10,720,21.600000,42.984000,0,0,19038857,1303,13,1303,-3,0,0,47
10,720,21.600000,42.984000,0,0,19038866,1303,13,1303,-3,0,0,47
10,720,21.600000,42.984000,0,0,19038876,1303,13,1303,-3,0,0,47
10,720,21.600000,42.984000,0,0,19038887,1303,13,1303,-3,0,0,47
10,720,21.600000,42.984000,0,0,19038897,1304,13,1304,-3,0,0,47
10,720,21.600000,42.984000,0,0,19038906,1305,13,1305,-3,0,0,47
10,720,21.600000,42.984000,0,0,19038916,1305,13,1305,-3,0,0,47
10,720,21.600000,42.984000,0,0,19038928,1305,13,1305,-3,0,0,47
10,720,21.600000,42.984000,0,0,19038939,1306,13,1306,-3,0,0,47
10,720,21.600000,42.984000,0,0,19038955,1307,13,1307,-3,0,0,47
10,720,21.600000,42.984000,0,0,19038966,1309,12,1309,-4,0,0,47
10,720,21.600000,42.984000,0,0,19038976,1311,12,1311,-4,0,0,47
10,720,21.600000,42.984000,0,0,19038986,1313,11,1313,-5,0,0,47
10,720,21.600000,42.984000,0,0,19038996,1315,11,1315,-5,0,0,47
10,720,21.600000,42.984000,0,0,19039011,1317,10,1317,-6,0,0,47
10,720,21.600000,42.984000,0,0,19039021,1318,10,1318,-6,0,0,47
10,720,21.600000,42.984000,0,0,19039031,1318,10,1318,-6,0,0,47
10,720,21.600000,42.984000,0,0,19039041,1318,10,1318,-6,0,0,47
10,720,21.600000,42.984000,0,0,19039051,1318,10,1318,-6,0,0,47
10,720,21.600000,42.984000,0,0,19039061,1318,10,1318,-6,0,0,47
10,720,21.600000,42.984000,0,0,19039071,1318,10,1318,-6,0,0,47
10,720,21.600000,42.984000,0,0,19039081,1318,10,1318,-6,0,0,47
10,720,21.600000,42.984000,0,0,19039090,1318,10,1318,-6,0,0,47
10,720,21.600000,42.984000,0,0,19039100,1318,10,1318,-6,0,0,47
10,720,21.600000,42.984000,0,0,19039109,1318,10,1318,-6,0,0,47
10,720,21.600000,42.984000,0,0,19039118,1318,10,1318,-6,0,0,47
10,720,21.600000,42.984000,0,0,19039128,1318,10,1318,-6,0,0,47
10,720,21.600000,42.984000,0,0,19039137,1318,10,1318,-6,0,0,47
10,720,21.600000,42.984000,0,0,19039147,1318,10,1318,-6,0,0,47
