10,360,50.400000,22.608000,1,1,19091164,780,22,780,22,0,0,88
10,360,50.400000,22.608000,1,1,19091164,780,22,780,22,0,0,88
10,360,50.400000,22.608000,1,1,19091174,780,22,780,22,0,0,88
10,360,50.400000,22.608000,1,1,19091184,780,22,780,22,0,0,88
10,360,50.400000,22.608000,1,1,19091193,780,22,780,22,0,0,88
10,360,50.400000,22.608000,1,1,19091204,780,22,780,22,0,0,88
10,360,50.400000,22.608000,1,1,19091214,780,21,780,21,0,0,88
10,360,50.400000,22.608000,1,1,19091223,780,21,780,21,0,0,88
10,360,50.400000,22.608000,1,1,19091233,780,21,780,21,0,0,88
10,360,50.400000,22.608000,1,1,19091243,780,21,780,21,0,0,88
10,360,50.400000,22.608000,1,1,19091253,780,21,780,21,0,0,88
10,360,50.400000,22.608000,1,1,19091263,780,21,780,21,0,0,88
10,360,50.400000,22.608000,1,1,19091273,781,21,781,21,0,0,88
10,360,50.400000,22.608000,1,1,19091284,785,20,785,20,0,0,88
10,360,50.400000,22.608000,1,1,19091295,790,18,790,18,0,0,88
10,360,50.400000,22.608000,1,1,19091309,800,16,800,16,0,0,88
10,360,50.400000,22.608000,1,1,19091326,819,13,819,13,0,0,88
10,360,50.400000,22.608000,1,1,19091338,856,6,856,6,0,0,88
10,360,50.400000,22.608000,1,1,19091355,880,0,880,0,0,0,88
10,360,50.400000,22.608000,1,1,19091368,911,0,911,-10,0,0,88
10,360,50.400000,22.608000,1,1,19091384,930,0,930,-17,0,0,88
10,360,50.400000,22.608000,1,1,19091401,954,0,954,-25,0,0,88
10,360,50.400000,22.608000,1,1,19091412,980,0,980,-33,0,0,88
10,360,50.400000,22.608000,1,1,19091423,997,0,997,-36,0,0,88
10,360,50.400000,22.608000,1,1,19091435,1015,0,1015,-39,0,0,88
10,360,50.400000,22.608000,1,1,19091446,1031,0,1031,-41,0,0,88
10,360,50.400000,22.608000,1,1,19091462,1041,0,1041,-42,0,0,88
10,360,50.400000,22.608000,1,1,19091478,1046,0,1046,-43,0,0,88
10,360,50.400000,22.608000,1,1,19091493,1047,0,1047,-43,0,0,88
10,360,50.400000,22.608000,1,1,19091505,1048,0,1048,-43,0,0,88
10,360,50.400000,22.608000,1,1,19091515,1049,0,1049,-43,0,0,88
10,360,50.400000,22.608000,1,1,19091527,1050,0,1050,-43,0,0,88
10,360,50.400000,22.608000,1,1,19091539,1052,0,1052,-43,0,0,88
10,360,50.400000,22.608000,1,1,19091551,1055,0,1055,-43,0,0,88
10,360,50.400000,22.608000,1,1,19091562,1058,0,1058,-43,0,0,88
10,360,50.400000,22.608000,1,1,19091574,1061,0,1061,-43,0,0,88
10,360,50.400000,22.608000,1,1,19091591,1063,0,1063,-43,0,0,88
10,360,50.400000,22.608000,1,1,19091603,1068,0,1068,-43,0,0,88
10,360,50.400000,22.608000,1,1,19091617,1073,0,1073,-43,0,0,88
10,360,50.400000,22.608000,1,1,19091633,1083,0,1083,-43,0,0,88
10,360,50.400000,22.608000,1,1,19091649,1101,1,1101,-42,0,0,88
10,360,50.400000,22.608000,1,1,19091660,1119,2,1119,-41,0,0,88
10,360,50.400000,22.608000,1,1,19091670,1127,2,1127,-41,0,0,88
10,360,50.400000,22.608000,1,1,19091681,1132,2,1132,-41,0,0,88
10,360,50.400000,22.608000,1,1,19091693,1134,2,1134,-41,0,0,88
10,360,50.400000,22.608000,1,1,19091703,1136,2,1136,-41,0,0,88
10,360,50.400000,22.608000,1,1,19091713,1137,2,1137,-41,0,0,88
10,360,50.400000,22.608000,1,1,19091723,1139,2,1139,-41,0,0,88
10,360,50.400000,22.608000,1,1,19091735,1140,2,1140,-41,0,0,88
10,360,50.400000,22.608000,1,1,19091746,1142,2,1142,-41,0,0,88
10,360,50.400000,22.608000,1,1,19091757,1144,2,1144,-41,0,0,88
10,360,50.400000,22.608000,1,1,19091767,1147,2,1147,-41,0,0,88
10,360,50.400000,22.608000,1,1,19091778,1150,2,1150,-41,0,0,88
10,360,50.400000,22.608000,1,1,19091787,1152,2,1152,-41,0,0,88
10,360,50.400000,22.608000,1,1,19091797,1154,2,1154,-41,0,0,88
10,360,50.400000,22.608000,1,1,19091808,1156,2,1156,-41,0,0,88
10,360,50.400000,22.608000,1,1,19091822,1156,2,1156,-41,0,0,88
10,360,50.400000,22.608000,1,1,19091832,1156,2,1156,-41,0,0,88
10,360,50.400000,22.608000,1,1,19091841,1156,2,1156,-41,0,0,88
