10,720,82.800000,42.984000,1,1,19083847,600,22,600,22,0,0,82
10,720,82.800000,42.984000,1,1,19083848,600,22,600,22,0,0,82
10,720,82.800000,42.984000,1,1,19083857,601,22,601,22,0,0,82
10,720,82.800000,42.984000,1,1,19083868,601,22,601,22,0,0,82
10,720,82.800000,42.984000,1,1,19083878,602,22,602,22,0,0,82
10,720,82.800000,42.984000,1,1,19083889,603,22,603,22,0,0,82
10,720,82.800000,42.984000,1,1,19083900,609,22,609,22,0,0,82
10,720,82.800000,42.984000,1,1,19083910,618,20,618,20,0,0,82
10,720,82.800000,42.984000,1,1,19083923,632,19,632,19,0,0,82
10,720,82.800000,42.984000,1,1,19083934,662,16,662,16,0,0,82
10,720,82.800000,42.984000,1,1,19083946,692,14,692,14,0,0,82
10,720,82.800000,42.984000,1,1,19083956,720,11,720,11,0,0,82
10,720,82.800000,42.984000,1,1,19083967,745,6,745,6,0,0,82
10,720,82.800000,42.984000,1,1,19083978,768,0,768,0,0,0,82
10,720,82.800000,42.984000,1,1,19083988,807,0,807,-6,0,0,82
10,720,82.800000,42.984000,1,1,19083999,864,0,864,-12,0,0,82
10,720,82.800000,42.984000,1,1,19084009,917,0,917,-15,0,0,82
10,720,82.800000,42.984000,1,1,19084021,987,0,987,-19,0,0,82
10,720,82.800000,42.984000,1,1,19084031,1059,0,1059,-21,0,0,82
10,720,82.800000,42.984000,1,1,19084042,1129,0,1129,-22,0,0,82
10,720,82.800000,42.984000,1,1,19084053,1178,0,1178,-22,0,0,82
10,720,82.800000,42.984000,1,1,19084064,1222,0,1222,-23,0,0,82
10,720,82.800000,42.984000,1,1,19084074,1244,0,1244,-23,0,0,82
10,720,82.800000,42.984000,1,1,19084085,1263,0,1263,-23,0,0,82
10,720,82.800000,42.984000,1,1,19084095,1271,0,1271,-23,0,0,82
10,720,82.800000,42.984000,1,1,19084105,1274,0,1274,-23,0,0,82
10,720,82.800000,42.984000,1,1,19084115,1275,0,1275,-23,0,0,82
10,720,82.800000,42.984000,1,1,19084125,1277,0,1277,-23,0,0,82
10,720,82.800000,42.984000,1,1,19084136,1280,0,1280,-23,0,0,82
10,720,82.800000,42.984000,1,1,19084146,1285,0,1285,-23,0,0,82
10,720,82.800000,42.984000,1,1,19084158,1291,0,1291,-23,0,0,82
10,720,82.800000,42.984000,1,1,19084169,1299,1,1299,-22,0,0,82
10,720,82.800000,42.984000,1,1,19084179,1308,2,1308,-21,0,0,82
10,720,82.800000,42.984000,1,1,19084190,1315,4,1315,-19,0,0,82
10,720,82.800000,42.984000,1,1,19084200,1321,4,1321,-19,0,0,82
10,720,82.800000,42.984000,1,1,19084210,1325,4,1325,-19,0,0,82
10,720,82.800000,42.984000,1,1,19084220,1328,4,1328,-19,0,0,82
10,720,82.800000,42.984000,1,1,19084230,1330,4,1330,-19,0,0,82
10,720,82.800000,42.984000,1,1,19084240,1331,4,1331,-19,0,0,82
10,720,82.800000,42.984000,1,1,19084250,1331,4,1331,-19,0,0,82
10,720,82.800000,42.984000,1,1,19084259,1331,4,1331,-19,0,0,82
10,720,82.800000,42.984000,1,1,19084269,1331,4,1331,-19,0,0,82
10,720,82.800000,42.984000,1,1,19084279,1331,4,1331,-19,0,0,82
10,720,82.800000,42.984000,1,1,19084288,1331,4,1331,-19,0,0,82
10,720,82.800000,42.984000,1,1,19084298,1331,4,1331,-19,0,0,82
10,720,82.800000,42.984000,1,1,19084310,1331,4,1331,-19,0,0,82
10,720,82.800000,42.984000,1,1,19084327,1331,4,1331,-19,0,0,82
10,720,82.800000,42.984000,1,1,19084344,1330,4,1330,-19,0,0,82
10,720,82.800000,42.984000,1,1,19084353,1330,4,1330,-19,0,0,82
10,720,82.800000,42.984000,1,1,19084363,1329,4,1329,-19,0,0,82
10,720,82.800000,42.984000,1,1,19084375,1328,4,1328,-19,0,0,82
10,720,82.800000,42.984000,1,1,19084391,1324,4,1324,-19,0,0,82
10,720,82.800000,42.984000,1,1,19084401,1317,5,1317,-18,0,0,82
10,720,82.800000,42.984000,1,1,19084412,1313,7,1313,-16,0,0,82
10,720,82.800000,42.984000,1,1,19084423,1311,7,1311,-16,0,0,82
10,720,82.800000,42.984000,1,1,19084435,1310,7,1310,-16,0,0,82
10,720,82.800000,42.984000,1,1,19084445,1309,7,1309,-16,0,0,82
10,720,82.800000,42.984000,1,1,19084457,1308,7,1308,-16,0,0,82
10,720,82.800000,42.984000,1,1,19084470,1308,7,1308,-16,0,0,82
