10,720,21.600000,10000.000000,1,0,19072973,600,0,600,0,0,0,74
10,720,21.600000,10000.000000,1,0,19072974,600,0,600,0,0,0,74
10,720,21.600000,10000.000000,1,0,19072984,601,0,601,0,0,0,74
10,720,21.600000,10000.000000,1,0,19072994,601,0,601,0,0,0,74
10,720,21.600000,10000.000000,1,0,19073004,601,0,601,0,0,0,74
10,720,21.600000,10000.000000,1,0,19073014,603,0,603,0,0,0,74
10,720,21.600000,10000.000000,1,0,19073024,610,0,610,0,0,0,74
10,720,21.600000,10000.000000,1,0,19073036,624,0,624,-2,0,0,74
10,720,21.600000,10000.000000,1,0,19073047,647,0,647,-3,0,0,74
10,720,21.600000,10000.000000,1,0,19073058,685,0,685,-4,0,0,74
10,720,21.600000,10000.000000,1,0,19073070,734,0,734,-5,0,0,74
10,720,21.600000,10000.000000,1,0,19073083,780,0,780,-7,0,0,74
10,720,21.600000,10000.000000,1,0,19073094,842,0,842,-12,0,0,74
10,720,21.600000,10000.000000,1,0,19073105,912,0,912,-14,0,0,74
10,720,21.600000,10000.000000,1,0,19073116,983,0,983,-16,0,0,74
10,720,21.600000,10000.000000,1,0,19073127,1040,0,1040,-20,0,0,74
10,720,21.600000,10000.000000,1,0,19073137,1083,0,1083,-25,0,0,74
10,720,21.600000,10000.000000,1,0,19073148,1120,0,1120,-29,0,0,74
10,720,21.600000,10000.000000,1,0,19073159,1165,0,1165,-32,0,0,74
10,720,21.600000,10000.000000,1,0,19073170,1205,0,1205,-33,0,0,74
10,720,21.600000,10000.000000,1,0,19073181,1244,0,1244,-33,0,0,74
10,720,21.600000,10000.000000,1,0,19073192,1261,0,1261,-33,0,0,74
10,720,21.600000,10000.000000,1,0,19073202,1273,0,1273,-33,0,0,74
10,720,21.600000,10000.000000,1,0,19073212,1280,0,1280,-33,0,0,74
10,720,21.600000,10000.000000,1,0,19073223,1285,0,1285,-33,0,0,74
10,720,21.600000,10000.000000,1,0,19073233,1289,0,1289,-33,0,0,74
10,720,21.600000,10000.000000,1,0,19073243,1291,0,1291,-34,0,0,74
10,720,21.600000,10000.000000,1,0,19073254,1293,0,1293,-34,0,0,74
10,720,21.600000,10000.000000,1,0,19073264,1295,0,1295,-35,0,0,74
10,720,21.600000,10000.000000,1,0,19073274,1298,0,1298,-35,0,0,74
10,720,21.600000,10000.000000,1,0,19073283,1299,0,1299,-35,0,0,74
10,720,21.600000,10000.000000,1,0,19073294,1301,0,1301,-36,0,0,74
10,720,21.600000,10000.000000,1,0,19073306,1304,0,1304,-36,0,0,74
10,720,21.600000,10000.000000,1,0,19073317,1307,0,1307,-37,0,0,74
10,720,21.600000,10000.000000,1,0,19073327,1311,0,1311,-37,0,0,74
10,720,21.600000,10000.000000,1,0,19073336,1315,0,1315,-38,0,0,74
10,720,21.600000,10000.000000,1,0,19073347,1317,0,1317,-38,0,0,74
10,720,21.600000,10000.000000,1,0,19073357,1319,0,1319,-39,0,0,74
10,720,21.600000,10000.000000,1,0,19073366,1319,0,1319,-39,0,0,74
10,720,21.600000,10000.000000,1,0,19073375,1319,0,1319,-39,0,0,74
10,720,21.600000,10000.000000,1,0,19073385,1319,0,1319,-39,0,0,74
10,720,21.600000,10000.000000,1,0,19073395,1319,0,1319,-39,0,0,74
10,720,21.600000,10000.000000,1,0,19073405,1319,0,1319,-39,0,0,74
10,720,21.600000,10000.000000,1,0,19073415,1319,0,1319,-39,0,0,74
10,720,21.600000,10000.000000,1,0,19073427,1319,0,1319,-39,0,0,74
10,720,21.600000,10000.000000,1,0,19073440,1319,0,1319,-39,0,0,74
10,720,21.600000,10000.000000,1,0,19073452,1319,0,1319,-39,0,0,74
10,720,21.600000,10000.000000,1,0,19073467,1319,0,1319,-39,0,0,74
10,720,21.600000,10000.000000,1,0,19073478,1319,0,1319,-39,0,0,74
10,720,21.600000,10000.000000,1,0,19073488,1319,0,1319,-39,0,0,74
10,720,21.600000,10000.000000,1,0,19073498,1318,0,1318,-39,0,0,74
10,720,21.600000,10000.000000,1,0,19073507,1317,0,1317,-39,0,0,74
