10,720,21.600000,10000.000000,1,1,19078245,600,22,600,22,0,0,78
10,720,21.600000,10000.000000,1,1,19078246,600,22,600,22,0,0,78
10,720,21.600000,10000.000000,1,1,19078256,600,22,600,22,0,0,78
10,720,21.600000,10000.000000,1,1,19078265,600,22,600,22,0,0,78
10,720,21.600000,10000.000000,1,1,19078275,600,22,600,22,0,0,78
10,720,21.600000,10000.000000,1,1,19078286,602,22,602,22,0,0,78
10,720,21.600000,10000.000000,1,1,19078297,606,21,606,21,0,0,78
10,720,21.600000,10000.000000,1,1,19078306,615,21,615,21,0,0,78
10,720,21.600000,10000.000000,1,1,19078318,630,19,630,19,0,0,78
10,720,21.600000,10000.000000,1,1,19078332,659,18,659,18,0,0,78
10,720,21.600000,10000.000000,1,1,19078343,706,16,706,16,0,0,78
10,720,21.600000,10000.000000,1,1,19078354,744,14,744,14,0,0,78
10,720,21.600000,10000.000000,1,1,19078364,781,11,781,11,0,0,78
10,720,21.600000,10000.000000,1,1,19078375,828,6,828,6,0,0,78
10,720,21.600000,10000.000000,1,1,19078386,898,3,898,3,0,0,78
10,720,21.600000,10000.000000,1,1,19078396,982,3,982,3,0,0,78
10,720,21.600000,10000.000000,1,1,19078407,1046,2,1046,2,0,0,78
10,720,21.600000,10000.000000,1,1,19078417,1107,2,1107,2,0,0,78
10,720,21.600000,10000.000000,1,1,19078428,1162,2,1162,2,0,0,78
10,720,21.600000,10000.000000,1,1,19078441,1202,2,1202,2,0,0,78
10,720,21.600000,10000.000000,1,1,19078453,1233,3,1233,3,0,0,78
10,720,21.600000,10000.000000,1,1,19078469,1249,4,1249,4,0,0,78
10,720,21.600000,10000.000000,1,1,19078478,1259,4,1259,4,0,0,78
10,720,21.600000,10000.000000,1,1,19078489,1261,4,1261,4,0,0,78
10,720,21.600000,10000.000000,1,1,19078500,1264,4,1264,4,0,0,78
10,720,21.600000,10000.000000,1,1,19078510,1269,4,1269,4,0,0,78
10,720,21.600000,10000.000000,1,1,19078520,1273,4,1273,4,0,0,78
10,720,21.600000,10000.000000,1,1,19078530,1278,4,1278,4,0,0,78
10,720,21.600000,10000.000000,1,1,19078541,1283,4,1283,4,0,0,78
10,720,21.600000,10000.000000,1,1,19078551,1287,4,1287,4,0,0,78
10,720,21.600000,10000.000000,1,1,19078561,1290,4,1290,4,0,0,78
10,720,21.600000,10000.000000,1,1,19078571,1294,4,1294,4,0,0,78
10,720,21.600000,10000.000000,1,1,19078582,1298,4,1298,4,0,0,78
10,720,21.600000,10000.000000,1,1,19078593,1302,4,1302,4,0,0,78
10,720,21.600000,10000.000000,1,1,19078604,1306,4,1306,4,0,0,78
10,720,21.600000,10000.000000,1,1,19078614,1312,4,1312,4,0,0,78
10,720,21.600000,10000.000000,1,1,19078626,1319,4,1319,4,0,0,78
10,720,21.600000,10000.000000,1,1,19078636,1326,5,1326,5,0,0,78
10,720,21.600000,10000.000000,1,1,19078645,1330,5,1330,5,0,0,78
10,720,21.600000,10000.000000,1,1,19078656,1334,5,1334,5,0,0,78
10,720,21.600000,10000.000000,1,1,19078666,1334,5,1334,5,0,0,78
10,720,21.600000,10000.000000,1,1,19078676,1334,5,1334,5,0,0,78
10,720,21.600000,10000.000000,1,1,19078686,1334,5,1334,5,0,0,78
10,720,21.600000,10000.000000,1,1,19078696,1334,5,1334,5,0,0,78
10,720,21.600000,10000.000000,1,1,19078708,1334,5,1334,5,0,0,78
10,720,21.600000,10000.000000,1,1,19078720,1333,5,1333,5,0,0,78
10,720,21.600000,10000.000000,1,1,19078736,1333,6,1333,6,0,0,78
10,720,21.600000,10000.000000,1,1,19078747,1331,6,1331,6,0,0,78
10,720,21.600000,10000.000000,1,1,19078757,1330,6,1330,6,0,0,78
10,720,21.600000,10000.000000,1,1,19078767,1327,6,1327,6,0,0,78
10,720,21.600000,10000.000000,1,1,19078783,1326,6,1326,6,0,0,78
10,720,21.600000,10000.000000,1,1,19078793,1324,7,1324,7,0,0,78
10,720,21.600000,10000.000000,1,1,19078803,1323,7,1323,7,0,0,78
10,720,21.600000,10000.000000,1,1,19078812,1322,7,1322,7,0,0,78
10,720,21.600000,10000.000000,1,1,19078821,1322,7,1322,7,0,0,78
10,720,21.600000,10000.000000,1,1,19078833,1321,7,1321,7,0,0,78
10,720,21.600000,10000.000000,1,1,19078843,1319,8,1319,8,0,0,78
10,720,21.600000,10000.000000,1,1,19078853,1316,8,1316,8,0,0,78
10,720,21.600000,10000.000000,1,1,19078863,1314,9,1314,9,0,0,78
10,720,21.600000,10000.000000,1,1,19078873,1313,9,1313,9,0,0,78
10,720,21.600000,10000.000000,1,1,19078883,1311,9,1311,9,0,0,78
10,720,21.600000,10000.000000,1,1,19078893,1311,9,1311,9,0,0,78
10,720,21.600000,10000.000000,1,1,19078903,1311,9,1311,9,0,0,78
10,720,21.600000,10000.000000,1,1,19078912,1311,9,1311,9,0,0,78
10,720,21.600000,10000.000000,1,1,19078922,1311,9,1311,9,0,0,78
10,720,21.600000,10000.000000,1,1,19078932,1311,9,1311,9,0,0,78
10,720,21.600000,10000.000000,1,1,19078942,1311,9,1311,9,0,0,78
10,720,21.600000,10000.000000,1,1,19078951,1311,9,1311,9,0,0,78
