10,360,50.400000,42.984000,0,1,18996796,780,22,780,22,0,0,16
10,360,50.400000,42.984000,0,1,18996797,780,22,780,22,0,0,16
10,360,50.400000,42.984000,0,1,18996807,780,22,780,22,0,0,16
10,360,50.400000,42.984000,0,1,18996817,780,22,780,22,0,0,16
10,360,50.400000,42.984000,0,1,18996826,781,22,781,22,0,0,16
10,360,50.400000,42.984000,0,1,18996837,782,22,782,22,0,0,16
10,360,50.400000,42.984000,0,1,18996848,783,22,783,22,0,0,16
10,360,50.400000,42.984000,0,1,18996859,788,22,788,22,0,0,16
10,360,50.400000,42.984000,0,1,18996870,799,21,799,21,0,0,16
10,360,50.400000,42.984000,0,1,18996881,813,19,813,19,0,0,16
10,360,50.400000,42.984000,0,1,18996897,838,16,838,16,0,0,16
10,360,50.400000,42.984000,0,1,18996908,879,12,879,12,0,0,16
10,360,50.400000,42.984000,0,1,18996919,900,10,900,10,0,0,16
10,360,50.400000,42.984000,0,1,18996930,917,7,917,7,0,0,16
10,360,50.400000,42.984000,0,1,18996944,935,4,935,4,0,0,16
10,360,50.400000,42.984000,0,1,18996955,954,0,954,0,0,0,16
10,360,50.400000,42.984000,0,1,18996966,968,0,968,-3,0,0,16
10,360,50.400000,42.984000,0,1,18996977,981,0,981,-6,0,0,16
10,360,50.400000,42.984000,0,1,18996988,993,0,993,-7,0,0,16
10,360,50.400000,42.984000,0,1,18996998,1007,0,1007,-7,0,0,16
10,360,50.400000,42.984000,0,1,18997009,1021,0,1021,-7,0,0,16
10,360,50.400000,42.984000,0,1,18997023,1036,0,1036,-7,0,0,16
10,360,50.400000,42.984000,0,1,18997039,1055,0,1055,-7,0,0,16
10,360,50.400000,42.984000,0,1,18997055,1073,0,1073,-7,0,0,16
10,360,50.400000,42.984000,0,1,18997072,1088,0,1088,-7,0,0,16
10,360,50.400000,42.984000,0,1,18997082,1104,1,1104,-6,0,0,16
10,360,50.400000,42.984000,0,1,18997092,1111,2,1111,-5,0,0,16
10,360,50.400000,42.984000,0,1,18997103,1113,2,1113,-5,0,0,16
10,360,50.400000,42.984000,0,1,18997113,1114,2,1114,-5,0,0,16
10,360,50.400000,42.984000,0,1,18997122,1114,2,1114,-5,0,0,16
10,360,50.400000,42.984000,0,1,18997133,1114,2,1114,-5,0,0,16
10,360,50.400000,42.984000,0,1,18997143,1115,2,1115,-5,0,0,16
10,360,50.400000,42.984000,0,1,18997153,1115,2,1115,-5,0,0,16
10,360,50.400000,42.984000,0,1,18997163,1115,2,1115,-5,0,0,16
10,360,50.400000,42.984000,0,1,18997173,1116,2,1116,-5,0,0,16
10,360,50.400000,42.984000,0,1,18997183,1117,2,1117,-5,0,0,16
10,360,50.400000,42.984000,0,1,18997193,1117,2,1117,-5,0,0,16
10,360,50.400000,42.984000,0,1,18997203,1117,2,1117,-5,0,0,16
10,360,50.400000,42.984000,0,1,18997213,1118,2,1118,-5,0,0,16
10,360,50.400000,42.984000,0,1,18997223,1119,2,1119,-5,0,0,16
10,360,50.400000,42.984000,0,1,18997233,1120,2,1120,-5,0,0,16
10,360,50.400000,42.984000,0,1,18997243,1121,2,1121,-5,0,0,16
10,360,50.400000,42.984000,0,1,18997258,1122,2,1122,-5,0,0,16
10,360,50.400000,42.984000,0,1,18997272,1124,2,1124,-5,0,0,16
10,360,50.400000,42.984000,0,1,18997284,1129,2,1129,-5,0,0,16
10,360,50.400000,42.984000,0,1,18997298,1134,2,1134,-5,0,0,16
10,360,50.400000,42.984000,0,1,18997308,1141,2,1141,-5,0,0,16
10,360,50.400000,42.984000,0,1,18997318,1143,2,1143,-5,0,0,16
10,360,50.400000,42.984000,0,1,18997328,1144,3,1144,-4,0,0,16
10,360,50.400000,42.984000,0,1,18997337,1144,3,1144,-4,0,0,16
10,360,50.400000,42.984000,0,1,18997346,1144,3,1144,-4,0,0,16
