10,720,82.800000,10000.000000,0,0,19131679,600,0,600,0,0,1,1
10,720,82.800000,10000.000000,0,0,19131680,600,0,600,0,0,1,1
10,720,82.800000,10000.000000,0,0,19131692,617,0,617,0,0,1,1
10,720,82.800000,10000.000000,0,0,19131707,634,0,634,-1,0,1,1
10,720,82.800000,10000.000000,0,0,19131717,657,0,657,-3,0,1,1
10,720,82.800000,10000.000000,0,0,19131728,673,0,673,-5,0,1,1
10,720,82.800000,10000.000000,0,0,19131739,689,0,689,-8,0,1,1
10,720,82.800000,10000.000000,0,0,19131749,702,0,702,-10,0,1,1
10,720,82.800000,10000.000000,0,0,19131760,717,0,717,-13,0,1,1
10,720,82.800000,10000.000000,0,0,19131771,732,0,732,-16,0,1,1
10,720,82.800000,10000.000000,0,0,19131785,757,0,757,-20,0,1,1
10,720,82.800000,10000.000000,0,0,19131796,814,0,814,-23,0,1,1
10,720,82.800000,10000.000000,0,0,19131806,864,0,864,-25,0,1,1
10,720,82.800000,10000.000000,0,0,19131818,930,0,930,-26,0,1,1
10,720,82.800000,10000.000000,0,0,19131828,985,0,985,-29,0,1,1
10,720,82.800000,10000.000000,0,0,19131839,1045,0,1045,-34,0,1,1
10,720,82.800000,10000.000000,0,0,19131851,1084,0,1084,-38,0,1,1
10,720,82.800000,10000.000000,0,0,19131862,1120,0,1120,-42,0,1,1
10,720,82.800000,10000.000000,0,0,19131872,1134,0,1134,-45,0,1,1
10,720,82.800000,10000.000000,0,0,19131883,1142,0,1142,-46,0,1,1
10,720,82.800000,10000.000000,0,0,19131894,1147,0,1147,-46,0,1,1
10,720,82.800000,10000.000000,0,0,19131905,1151,0,1151,-47,0,1,1
10,720,82.800000,10000.000000,0,0,19131915,1156,0,1156,-47,0,1,1
10,720,82.800000,10000.000000,0,0,19131926,1162,0,1162,-47,0,1,1
10,720,82.800000,10000.000000,0,0,19131942,1169,0,1169,-47,0,1,1
10,720,82.800000,10000.000000,0,0,19131957,1178,0,1178,-47,0,1,1
10,720,82.800000,10000.000000,0,0,19131967,1182,0,1182,-47,0,1,1
10,720,82.800000,10000.000000,0,0,19131977,1184,0,1184,-47,0,1,1
10,720,82.800000,10000.000000,0,0,19131987,1185,0,1185,-47,0,1,1
10,720,82.800000,10000.000000,0,0,19131998,1188,0,1188,-47,0,1,1
10,720,82.800000,10000.000000,0,0,19132008,1191,0,1191,-47,0,1,1
10,720,82.800000,10000.000000,0,0,19132018,1195,0,1195,-47,0,1,1
10,720,82.800000,10000.000000,0,0,19132028,1197,0,1197,-47,0,1,1
10,720,82.800000,10000.000000,0,0,19132038,1199,0,1199,-47,0,1,1
10,720,82.800000,10000.000000,0,0,19132048,1201,0,1201,-47,0,1,1
10,720,82.800000,10000.000000,0,0,19132058,1202,0,1202,-47,0,1,1
10,720,82.800000,10000.000000,0,0,19132068,1203,0,1203,-47,0,1,1
10,720,82.800000,10000.000000,0,0,19132084,1205,0,1205,-47,0,1,1
10,720,82.800000,10000.000000,0,0,19132099,1209,0,1209,-47,0,1,1
10,720,82.800000,10000.000000,0,0,19132109,1217,0,1217,-47,0,1,1
10,720,82.800000,10000.000000,0,0,19132121,1227,0,1227,-47,0,1,1
10,720,82.800000,10000.000000,0,0,19132130,1241,0,1241,-47,0,1,1
10,720,82.800000,10000.000000,0,0,19132141,1256,0,1256,-47,0,1,1
10,720,82.800000,10000.000000,0,0,19132152,1267,0,1267,-47,0,1,1
10,720,82.800000,10000.000000,0,0,19132162,1275,0,1275,-49,0,1,1
10,720,82.800000,10000.000000,0,0,19132177,1278,0,1278,-49,0,1,1
10,720,82.800000,10000.000000,0,0,19132193,1281,0,1281,-49,0,1,1
10,720,82.800000,10000.000000,0,0,19132208,1284,0,1284,-50,0,1,1
10,720,82.800000,10000.000000,0,0,19132218,1287,0,1287,-50,0,1,1
10,720,82.800000,10000.000000,0,0,19132228,1288,0,1288,-50,0,1,1
10,720,82.800000,10000.000000,0,0,19132237,1288,0,1288,-50,0,1,1
10,720,82.800000,10000.000000,0,0,19132247,1288,0,1288,-50,0,1,1
10,720,82.800000,10000.000000,0,0,19132257,1288,0,1288,-50,0,1,1
10,720,82.800000,10000.000000,0,0,19132272,1288,0,1288,-50,0,1,1
10,720,82.800000,10000.000000,0,0,19132282,1289,0,1289,-50,0,1,1
10,720,82.800000,10000.000000,0,0,19132291,1290,0,1290,-50,0,1,1
