10,720,21.600000,12.276000,0,1,19168846,600,22,600,22,0,1,30
10,720,21.600000,12.276000,0,1,19168846,600,22,600,22,0,1,30
10,720,21.600000,12.276000,0,1,19168857,600,22,600,22,0,1,30
10,720,21.600000,12.276000,0,1,19168867,600,22,600,22,0,1,30
10,720,21.600000,12.276000,0,1,19168878,602,22,602,22,0,1,30
10,720,21.600000,12.276000,0,1,19168890,609,21,609,21,0,1,30
10,720,21.600000,12.276000,0,1,19168901,622,18,622,18,0,1,30
10,720,21.600000,12.276000,0,1,19168912,649,14,649,14,0,1,30
10,720,21.600000,12.276000,0,1,19168923,697,9,697,9,0,1,30
10,720,21.600000,12.276000,0,1,19168934,748,4,748,4,0,1,30
10,720,21.600000,12.276000,0,1,19168944,811,0,811,-4,0,1,30
10,720,21.600000,12.276000,0,1,19168955,878,0,878,-13,0,1,30
10,720,21.600000,12.276000,0,1,19168966,955,0,955,-20,0,1,30
10,720,21.600000,12.276000,0,1,19168977,1039,0,1039,-28,0,1,30
10,720,21.600000,12.276000,0,1,19168988,1112,0,1112,-32,0,1,30
10,720,21.600000,12.276000,0,1,19169003,1164,0,1164,-35,0,1,30
10,720,21.600000,12.276000,0,1,19169014,1219,0,1219,-39,0,1,30
10,720,21.600000,12.276000,0,1,19169025,1247,0,1247,-40,0,1,30
10,720,21.600000,12.276000,0,1,19169035,1266,0,1266,-41,0,1,30
10,720,21.600000,12.276000,0,1,19169046,1280,0,1280,-41,0,1,30
10,720,21.600000,12.276000,0,1,19169057,1288,0,1288,-42,0,1,30
10,720,21.600000,12.276000,0,1,19169067,1292,0,1292,-42,0,1,30
10,720,21.600000,12.276000,0,1,19169078,1294,0,1294,-43,0,1,30
10,720,21.600000,12.276000,0,1,19169088,1297,0,1297,-43,0,1,30
10,720,21.600000,12.276000,0,1,19169098,1300,0,1300,-43,0,1,30
10,720,21.600000,12.276000,0,1,19169113,1304,0,1304,-43,0,1,30
10,720,21.600000,12.276000,0,1,19169128,1310,0,1310,-43,0,1,30
10,720,21.600000,12.276000,0,1,19169139,1317,0,1317,-43,0,1,30
10,720,21.600000,12.276000,0,1,19169149,1320,0,1320,-44,0,1,30
10,720,21.600000,12.276000,0,1,19169158,1320,0,1320,-44,0,1,30
10,720,21.600000,12.276000,0,1,19169169,1320,0,1320,-44,0,1,30
10,720,21.600000,12.276000,0,1,19169179,1320,0,1320,-44,0,1,30
10,720,21.600000,12.276000,0,1,19169189,1320,0,1320,-44,0,1,30
10,720,21.600000,12.276000,0,1,19169199,1320,0,1320,-44,0,1,30
10,720,21.600000,12.276000,0,1,19169209,1320,0,1320,-44,0,1,30
10,720,21.600000,12.276000,0,1,19169218,1320,0,1320,-44,0,1,30
10,720,21.600000,12.276000,0,1,19169228,1320,0,1320,-44,0,1,30
10,720,21.600000,12.276000,0,1,19169238,1320,0,1320,-44,0,1,30
10,720,21.600000,12.276000,0,1,19169249,1320,0,1320,-44,0,1,30
10,720,21.600000,12.276000,0,1,19169259,1320,0,1320,-44,0,1,30
10,720,21.600000,12.276000,0,1,19169269,1320,0,1320,-44,0,1,30
10,720,21.600000,12.276000,0,1,19169279,1320,0,1320,-44,0,1,30
10,720,21.600000,12.276000,0,1,19169289,1320,0,1320,-44,0,1,30
10,720,21.600000,12.276000,0,1,19169298,1320,0,1320,-44,0,1,30
10,720,21.600000,12.276000,0,1,19169308,1320,0,1320,-44,0,1,30
10,720,21.600000,12.276000,0,1,19169318,1320,0,1320,-44,0,1,30
10,720,21.600000,12.276000,0,1,19169328,1320,0,1320,-44,0,1,30
10,720,21.600000,12.276000,0,1,19169338,1320,0,1320,-44,0,1,30
10,720,21.600000,12.276000,0,1,19169348,1320,0,1320,-44,0,1,30
10,720,21.600000,12.276000,0,1,19169358,1320,0,1320,-44,0,1,30
10,720,21.600000,12.276000,0,1,19169370,1320,0,1320,-44,0,1,30
10,720,21.600000,12.276000,0,1,19169386,1320,0,1320,-44,0,1,30
