10,360,82.800000,42.984000,0,0,19145846,780,0,780,0,0,1,11
10,360,82.800000,42.984000,0,0,19145847,780,0,780,0,0,1,11
10,360,82.800000,42.984000,0,0,19145857,780,0,780,0,0,1,11
10,360,82.800000,42.984000,0,0,19145869,780,0,780,0,0,1,11
10,360,82.800000,42.984000,0,0,19145878,780,0,780,0,0,1,11
10,360,82.800000,42.984000,0,0,19145888,780,0,780,0,0,1,11
10,360,82.800000,42.984000,0,0,19145897,780,0,780,0,0,1,11
10,360,82.800000,42.984000,0,0,19145907,780,0,780,0,0,1,11
10,360,82.800000,42.984000,0,0,19145920,780,0,780,0,0,1,11
10,360,82.800000,42.984000,0,0,19145933,786,0,786,0,0,1,11
10,360,82.800000,42.984000,0,0,19145944,799,0,799,-3,0,1,11
10,360,82.800000,42.984000,0,0,19145955,817,0,817,-5,0,1,11
10,360,82.800000,42.984000,0,0,19145965,845,0,845,-8,0,1,11
10,360,82.800000,42.984000,0,0,19145980,871,0,871,-12,0,1,11
10,360,82.800000,42.984000,0,0,19145991,935,0,935,-23,0,1,11
10,360,82.800000,42.984000,0,0,19146002,952,0,952,-28,0,1,11
10,360,82.800000,42.984000,0,0,19146013,965,0,965,-31,0,1,11
10,360,82.800000,42.984000,0,0,19146023,979,0,979,-34,0,1,11
10,360,82.800000,42.984000,0,0,19146035,1002,0,1002,-36,0,1,11
10,360,82.800000,42.984000,0,0,19146046,1030,0,1030,-37,0,1,11
10,360,82.800000,42.984000,0,0,19146058,1055,0,1055,-37,0,1,11
10,360,82.800000,42.984000,0,0,19146069,1078,0,1078,-37,0,1,11
10,360,82.800000,42.984000,0,0,19146081,1098,0,1098,-37,0,1,11
10,360,82.800000,42.984000,0,0,19146091,1113,0,1113,-37,0,1,11
10,360,82.800000,42.984000,0,0,19146102,1121,0,1121,-37,0,1,11
10,360,82.800000,42.984000,0,0,19146112,1124,0,1124,-37,0,1,11
10,360,82.800000,42.984000,0,0,19146122,1126,0,1126,-37,0,1,11
10,360,82.800000,42.984000,0,0,19146136,1127,0,1127,-37,0,1,11
10,360,82.800000,42.984000,0,0,19146149,1130,0,1130,-37,0,1,11
10,360,82.800000,42.984000,0,0,19146164,1136,0,1136,-37,0,1,11
10,360,82.800000,42.984000,0,0,19146176,1147,0,1147,-37,0,1,11
10,360,82.800000,42.984000,0,0,19146187,1155,0,1155,-37,0,1,11
10,360,82.800000,42.984000,0,0,19146197,1162,0,1162,-37,0,1,11
10,360,82.800000,42.984000,0,0,19146208,1167,0,1167,-37,0,1,11
10,360,82.800000,42.984000,0,0,19146224,1171,0,1171,-37,0,1,11
10,360,82.800000,42.984000,0,0,19146234,1171,0,1171,-37,0,1,11
10,360,82.800000,42.984000,0,0,19146243,1171,0,1171,-37,0,1,11
10,360,82.800000,42.984000,0,0,19146254,1171,0,1171,-37,0,1,11
10,360,82.800000,42.984000,0,0,19146263,1171,0,1171,-37,0,1,11
10,360,82.800000,42.984000,0,0,19146274,1171,0,1171,-37,0,1,11
10,360,82.800000,42.984000,0,0,19146283,1171,0,1171,-37,0,1,11
10,360,82.800000,42.984000,0,0,19146293,1171,0,1171,-37,0,1,11
10,360,82.800000,42.984000,0,0,19146303,1171,0,1171,-37,0,1,11
10,360,82.800000,42.984000,0,0,19146312,1171,0,1171,-37,0,1,11
10,360,82.800000,42.984000,0,0,19146321,1171,0,1171,-37,0,1,11
10,360,82.800000,42.984000,0,0,19146330,1171,0,1171,-37,0,1,11
