10,720,21.600000,22.608000,1,1,19216011,600,22,600,22,0,1,68
10,720,21.600000,22.608000,1,1,19216011,600,22,600,22,0,1,68
10,720,21.600000,22.608000,1,1,19216021,600,22,600,22,0,1,68
10,720,21.600000,22.608000,1,1,19216031,600,22,600,22,0,1,68
10,720,21.600000,22.608000,1,1,19216041,600,22,600,22,0,1,68
10,720,21.600000,22.608000,1,1,19216053,600,22,600,22,0,1,68
10,720,21.600000,22.608000,1,1,19216063,602,22,602,22,0,1,68
10,720,21.600000,22.608000,1,1,19216077,610,21,610,21,0,1,68
10,720,21.600000,22.608000,1,1,19216088,629,18,629,18,0,1,68
10,720,21.600000,22.608000,1,1,19216100,655,16,655,16,0,1,68
10,720,21.600000,22.608000,1,1,19216111,684,16,684,16,0,1,68
10,720,21.600000,22.608000,1,1,19216122,719,14,719,14,0,1,68
10,720,21.600000,22.608000,1,1,19216134,752,11,752,11,0,1,68
10,720,21.600000,22.608000,1,1,19216145,781,6,781,6,0,1,68
10,720,21.600000,22.608000,1,1,19216156,824,1,824,1,0,1,68
10,720,21.600000,22.608000,1,1,19216166,874,0,874,-2,0,1,68
10,720,21.600000,22.608000,1,1,19216178,931,0,931,-4,0,1,68
10,720,21.600000,22.608000,1,1,19216190,993,0,993,-4,0,1,68
10,720,21.600000,22.608000,1,1,19216204,1050,0,1050,-5,0,1,68
10,720,21.600000,22.608000,1,1,19216214,1097,0,1097,-6,0,1,68
10,720,21.600000,22.608000,1,1,19216226,1136,0,1136,-8,0,1,68
10,720,21.600000,22.608000,1,1,19216237,1160,0,1160,-11,0,1,68
10,720,21.600000,22.608000,1,1,19216248,1172,0,1172,-14,0,1,68
10,720,21.600000,22.608000,1,1,19216258,1177,0,1177,-16,0,1,68
10,720,21.600000,22.608000,1,1,19216268,1178,0,1178,-17,0,1,68
10,720,21.600000,22.608000,1,1,19216278,1179,0,1179,-17,0,1,68
10,720,21.600000,22.608000,1,1,19216288,1180,0,1180,-17,0,1,68
10,720,21.600000,22.608000,1,1,19216299,1182,0,1182,-18,0,1,68
10,720,21.600000,22.608000,1,1,19216309,1185,0,1185,-18,0,1,68
10,720,21.600000,22.608000,1,1,19216319,1188,0,1188,-18,0,1,68
10,720,21.600000,22.608000,1,1,19216330,1192,0,1192,-19,0,1,68
10,720,21.600000,22.608000,1,1,19216340,1195,0,1195,-19,0,1,68
10,720,21.600000,22.608000,1,1,19216351,1196,0,1196,-19,0,1,68
10,720,21.600000,22.608000,1,1,19216363,1198,0,1198,-19,0,1,68
10,720,21.600000,22.608000,1,1,19216374,1202,0,1202,-19,0,1,68
10,720,21.600000,22.608000,1,1,19216386,1209,0,1209,-19,0,1,68
10,720,21.600000,22.608000,1,1,19216397,1220,0,1220,-19,0,1,68
10,720,21.600000,22.608000,1,1,19216408,1228,0,1228,-19,0,1,68
10,720,21.600000,22.608000,1,1,19216419,1233,0,1233,-19,0,1,68
10,720,21.600000,22.608000,1,1,19216429,1234,0,1234,-19,0,1,68
10,720,21.600000,22.608000,1,1,19216438,1235,0,1235,-19,0,1,68
10,720,21.600000,22.608000,1,1,19216448,1236,0,1236,-19,0,1,68
10,720,21.600000,22.608000,1,1,19216460,1238,0,1238,-19,0,1,68
10,720,21.600000,22.608000,1,1,19216471,1240,0,1240,-19,0,1,68
10,720,21.600000,22.608000,1,1,19216481,1245,0,1245,-19,0,1,68
10,720,21.600000,22.608000,1,1,19216493,1249,0,1249,-19,0,1,68
10,720,21.600000,22.608000,1,1,19216503,1254,0,1254,-19,0,1,68
10,720,21.600000,22.608000,1,1,19216513,1257,0,1257,-19,0,1,68
10,720,21.600000,22.608000,1,1,19216524,1258,0,1258,-19,0,1,68
10,720,21.600000,22.608000,1,1,19216533,1259,0,1259,-19,0,1,68
10,720,21.600000,22.608000,1,1,19216543,1260,0,1260,-19,0,1,68
10,720,21.600000,22.608000,1,1,19216553,1261,0,1261,-19,0,1,68
10,720,21.600000,22.608000,1,1,19216564,1261,0,1261,-19,0,1,68
10,720,21.600000,22.608000,1,1,19216577,1262,0,1262,-19,0,1,68
10,720,21.600000,22.608000,1,1,19216592,1263,0,1263,-19,0,1,68
10,720,21.600000,22.608000,1,1,19216602,1265,0,1265,-19,0,1,68
10,720,21.600000,22.608000,1,1,19216613,1266,0,1266,-19,0,1,68
10,720,21.600000,22.608000,1,1,19216622,1268,0,1268,-19,0,1,68
10,720,21.600000,22.608000,1,1,19216632,1268,0,1268,-19,0,1,68
10,720,21.600000,22.608000,1,1,19216648,1270,0,1270,-19,0,1,68
10,720,21.600000,22.608000,1,1,19216658,1273,0,1273,-19,0,1,68
10,720,21.600000,22.608000,1,1,19216668,1275,0,1275,-19,0,1,68
10,720,21.600000,22.608000,1,1,19216682,1276,0,1276,-19,0,1,68
10,720,21.600000,22.608000,1,1,19216694,1277,0,1277,-19,0,1,68
10,720,21.600000,22.608000,1,1,19216709,1277,0,1277,-19,0,1,68
10,720,21.600000,22.608000,1,1,19216719,1277,0,1277,-19,0,1,68
10,720,21.600000,22.608000,1,1,19216729,1278,0,1278,-19,0,1,68
10,720,21.600000,22.608000,1,1,19216739,1280,0,1280,-19,0,1,68
10,720,21.600000,22.608000,1,1,19216750,1281,0,1281,-19,0,1,68
10,720,21.600000,22.608000,1,1,19216761,1284,0,1284,-19,0,1,68
10,720,21.600000,22.608000,1,1,19216771,1285,0,1285,-19,0,1,68
10,720,21.600000,22.608000,1,1,19216781,1286,0,1286,-19,0,1,68
10,720,21.600000,22.608000,1,1,19216792,1286,0,1286,-19,0,1,68
10,720,21.600000,22.608000,1,1,19216801,1287,0,1287,-20,0,1,68
10,720,21.600000,22.608000,1,1,19216812,1289,0,1289,-20,0,1,68
10,720,21.600000,22.608000,1,1,19216824,1291,0,1291,-20,0,1,68
10,720,21.600000,22.608000,1,1,19216838,1294,0,1294,-21,0,1,68
10,720,21.600000,22.608000,1,1,19216849,1298,0,1298,-21,0,1,68
10,720,21.600000,22.608000,1,1,19216860,1301,0,1301,-21,0,1,68
10,720,21.600000,22.608000,1,1,19216871,1304,0,1304,-21,0,1,68
10,720,21.600000,22.608000,1,1,19216882,1307,0,1307,-21,0,1,68
10,720,21.600000,22.608000,1,1,19216894,1311,0,1311,-22,0,1,68
10,720,21.600000,22.608000,1,1,19216904,1316,0,1316,-22,0,1,68
10,720,21.600000,22.608000,1,1,19216914,1318,0,1318,-22,0,1,68
10,720,21.600000,22.608000,1,1,19216924,1318,0,1318,-22,0,1,68
10,720,21.600000,22.608000,1,1,19216935,1319,0,1319,-22,0,1,68
10,720,21.600000,22.608000,1,1,19216944,1319,0,1319,-23,0,1,68
10,720,21.600000,22.608000,1,1,19216954,1319,0,1319,-23,0,1,68
10,720,21.600000,22.608000,1,1,19216964,1319,0,1319,-23,0,1,68
10,720,21.600000,22.608000,1,1,19216973,1319,0,1319,-23,0,1,68
10,720,21.600000,22.608000,1,1,19216983,1319,0,1319,-23,0,1,68
