10,360,21.600000,0.000000,0,1,19175905,780,22,780,22,0,1,35
10,360,21.600000,0.000000,0,1,19175905,780,22,780,22,0,1,35
10,360,21.600000,0.000000,0,1,19175915,780,22,780,22,0,1,35
10,360,21.600000,0.000000,0,1,19175926,780,22,780,22,0,1,35
10,360,21.600000,0.000000,0,1,19175936,780,22,780,22,0,1,35
10,360,21.600000,0.000000,0,1,19175946,782,22,782,22,0,1,35
10,360,21.600000,0.000000,0,1,19175957,789,22,789,22,0,1,35
10,360,21.600000,0.000000,0,1,19175969,806,22,806,22,0,1,35
10,360,21.600000,0.000000,0,1,19175980,834,22,834,22,0,1,35
10,360,21.600000,0.000000,0,1,19175994,871,20,871,20,0,1,35
10,360,21.600000,0.000000,0,1,19176004,920,15,920,15,0,1,35
10,360,21.600000,0.000000,0,1,19176015,951,10,951,10,0,1,35
10,360,21.600000,0.000000,0,1,19176026,975,5,975,5,0,1,35
10,360,21.600000,0.000000,0,1,19176037,1006,2,1006,2,0,1,35
10,360,21.600000,0.000000,0,1,19176048,1046,0,1046,0,0,1,35
10,360,21.600000,0.000000,0,1,19176059,1087,0,1087,0,0,1,35
10,360,21.600000,0.000000,0,1,19176070,1123,0,1123,0,0,1,35
10,360,21.600000,0.000000,0,1,19176081,1151,0,1151,0,0,1,35
10,360,21.600000,0.000000,0,1,19176092,1174,0,1174,0,0,1,35
10,360,21.600000,0.000000,0,1,19176102,1187,0,1187,0,0,1,35
10,360,21.600000,0.000000,0,1,19176112,1194,0,1194,-1,0,1,35
10,360,21.600000,0.000000,0,1,19176123,1197,0,1197,-1,0,1,35
10,360,21.600000,0.000000,0,1,19176132,1197,0,1197,-1,0,1,35
10,360,21.600000,0.000000,0,1,19176142,1197,0,1197,-1,0,1,35
10,360,21.600000,0.000000,0,1,19176153,1198,0,1198,-1,0,1,35
10,360,21.600000,0.000000,0,1,19176163,1199,0,1199,-1,0,1,35
10,360,21.600000,0.000000,0,1,19176173,1201,0,1201,-1,0,1,35
10,360,21.600000,0.000000,0,1,19176183,1203,0,1203,-1,0,1,35
10,360,21.600000,0.000000,0,1,19176193,1206,0,1206,-1,0,1,35
10,360,21.600000,0.000000,0,1,19176203,1208,0,1208,-1,0,1,35
10,360,21.600000,0.000000,0,1,19176213,1209,0,1209,-1,0,1,35
10,360,21.600000,0.000000,0,1,19176222,1210,0,1210,-1,0,1,35
10,360,21.600000,0.000000,0,1,19176232,1210,0,1210,-1,0,1,35
10,360,21.600000,0.000000,0,1,19176248,1210,0,1210,-1,0,1,35
10,360,21.600000,0.000000,0,1,19176258,1210,0,1210,-1,0,1,35
10,360,21.600000,0.000000,0,1,19176268,1207,0,1207,-2,0,1,35
10,360,21.600000,0.000000,0,1,19176278,1205,0,1205,-2,0,1,35
10,360,21.600000,0.000000,0,1,19176289,1203,0,1203,-2,0,1,35
10,360,21.600000,0.000000,0,1,19176301,1199,0,1199,-2,0,1,35
10,360,21.600000,0.000000,0,1,19176310,1195,0,1195,-2,0,1,35
10,360,21.600000,0.000000,0,1,19176321,1189,0,1189,-2,0,1,35
10,360,21.600000,0.000000,0,1,19176332,1182,0,1182,-2,0,1,35
10,360,21.600000,0.000000,0,1,19176343,1176,1,1176,-1,0,1,35
10,360,21.600000,0.000000,0,1,19176355,1171,2,1171,0,0,1,35
10,360,21.600000,0.000000,0,1,19176365,1168,3,1168,1,0,1,35
10,360,21.600000,0.000000,0,1,19176375,1164,4,1164,2,0,1,35
10,360,21.600000,0.000000,0,1,19176391,1159,5,1159,3,0,1,35
10,360,21.600000,0.000000,0,1,19176401,1150,6,1150,4,0,1,35
10,360,21.600000,0.000000,0,1,19176412,1145,7,1145,5,0,1,35
10,360,21.600000,0.000000,0,1,19176421,1142,7,1142,5,0,1,35
10,360,21.600000,0.000000,0,1,19176432,1141,8,1141,6,0,1,35
10,360,21.600000,0.000000,0,1,19176441,1140,8,1140,6,0,1,35
10,360,21.600000,0.000000,0,1,19176452,1139,8,1139,6,0,1,35
10,360,21.600000,0.000000,0,1,19176461,1139,8,1139,6,0,1,35
10,360,21.600000,0.000000,0,1,19176471,1139,8,1139,6,0,1,35
10,360,21.600000,0.000000,0,1,19176487,1139,8,1139,6,0,1,35
10,360,21.600000,0.000000,0,1,19176497,1139,8,1139,6,0,1,35
10,360,21.600000,0.000000,0,1,19176506,1139,8,1139,6,0,1,35
10,360,21.600000,0.000000,0,1,19176515,1139,8,1139,6,0,1,35
