10,360,50.400000,42.984000,1,1,19211635,780,22,780,22,0,1,64
10,360,50.400000,42.984000,1,1,19211635,780,22,780,22,0,1,64
10,360,50.400000,42.984000,1,1,19211647,780,22,780,22,0,1,64
10,360,50.400000,42.984000,1,1,19211657,780,22,780,22,0,1,64
10,360,50.400000,42.984000,1,1,19211669,782,22,782,22,0,1,64
10,360,50.400000,42.984000,1,1,19211685,788,22,788,22,0,1,64
10,360,50.400000,42.984000,1,1,19211698,808,21,808,21,0,1,64
10,360,50.400000,42.984000,1,1,19211708,836,20,836,20,0,1,64
10,360,50.400000,42.984000,1,1,19211719,859,19,859,19,0,1,64
10,360,50.400000,42.984000,1,1,19211730,884,16,884,16,0,1,64
10,360,50.400000,42.984000,1,1,19211741,902,13,902,13,0,1,64
10,360,50.400000,42.984000,1,1,19211753,921,11,921,11,0,1,64
10,360,50.400000,42.984000,1,1,19211764,944,9,944,9,0,1,64
10,360,50.400000,42.984000,1,1,19211775,970,8,970,8,0,1,64
10,360,50.400000,42.984000,1,1,19211786,1008,7,1008,7,0,1,64
10,360,50.400000,42.984000,1,1,19211797,1037,7,1037,7,0,1,64
10,360,50.400000,42.984000,1,1,19211813,1079,7,1079,7,0,1,64
10,360,50.400000,42.984000,1,1,19211828,1134,8,1134,8,0,1,64
10,360,50.400000,42.984000,1,1,19211843,1177,9,1177,9,0,1,64
10,360,50.400000,42.984000,1,1,19211859,1201,9,1201,9,0,1,64
10,360,50.400000,42.984000,1,1,19211868,1205,9,1205,9,0,1,64
10,360,50.400000,42.984000,1,1,19211878,1209,9,1209,9,0,1,64
10,360,50.400000,42.984000,1,1,19211888,1209,9,1209,9,0,1,64
10,360,50.400000,42.984000,1,1,19211898,1209,9,1209,9,0,1,64
10,360,50.400000,42.984000,1,1,19211908,1209,9,1209,9,0,1,64
10,360,50.400000,42.984000,1,1,19211918,1209,9,1209,9,0,1,64
10,360,50.400000,42.984000,1,1,19211928,1209,9,1209,9,0,1,64
10,360,50.400000,42.984000,1,1,19211938,1209,8,1209,8,0,1,64
10,360,50.400000,42.984000,1,1,19211947,1209,8,1209,8,0,1,64
10,360,50.400000,42.984000,1,1,19211957,1209,8,1209,8,0,1,64
10,360,50.400000,42.984000,1,1,19211968,1208,8,1208,8,0,1,64
10,360,50.400000,42.984000,1,1,19211979,1207,8,1207,8,0,1,64
10,360,50.400000,42.984000,1,1,19211988,1207,8,1207,8,0,1,64
10,360,50.400000,42.984000,1,1,19211999,1206,8,1206,8,0,1,64
10,360,50.400000,42.984000,1,1,19212009,1205,8,1205,8,0,1,64
10,360,50.400000,42.984000,1,1,19212021,1203,8,1203,8,0,1,64
10,360,50.400000,42.984000,1,1,19212032,1201,8,1201,8,0,1,64
10,360,50.400000,42.984000,1,1,19212042,1198,8,1198,8,0,1,64
10,360,50.400000,42.984000,1,1,19212052,1195,8,1195,8,0,1,64
10,360,50.400000,42.984000,1,1,19212062,1194,8,1194,8,0,1,64
10,360,50.400000,42.984000,1,1,19212073,1191,8,1191,8,0,1,64
10,360,50.400000,42.984000,1,1,19212083,1188,8,1188,8,0,1,64
10,360,50.400000,42.984000,1,1,19212095,1181,9,1181,9,0,1,64
10,360,50.400000,42.984000,1,1,19212105,1171,9,1171,9,0,1,64
10,360,50.400000,42.984000,1,1,19212118,1163,10,1163,10,0,1,64
10,360,50.400000,42.984000,1,1,19212129,1157,11,1157,11,0,1,64
10,360,50.400000,42.984000,1,1,19212139,1154,11,1154,11,0,1,64
10,360,50.400000,42.984000,1,1,19212149,1153,12,1153,12,0,1,64
10,360,50.400000,42.984000,1,1,19212159,1152,12,1152,12,0,1,64
10,360,50.400000,42.984000,1,1,19212172,1151,12,1151,12,0,1,64
10,360,50.400000,42.984000,1,1,19212185,1151,12,1151,12,0,1,64
10,360,50.400000,42.984000,1,1,19212200,1151,12,1151,12,0,1,64
10,360,50.400000,42.984000,1,1,19212211,1150,12,1150,12,0,1,64
10,360,50.400000,42.984000,1,1,19212220,1149,12,1149,12,0,1,64
10,360,50.400000,42.984000,1,1,19212230,1149,12,1149,12,0,1,64
10,360,50.400000,42.984000,1,1,19212240,1149,12,1149,12,0,1,64
10,360,50.400000,42.984000,1,1,19212251,1149,12,1149,12,0,1,64
10,360,50.400000,42.984000,1,1,19212265,1149,12,1149,12,0,1,64
10,360,50.400000,42.984000,1,1,19212275,1149,12,1149,12,0,1,64
