10,720,82.800000,12.276000,1,1,19242141,600,22,600,22,0,1,90
10,720,82.800000,12.276000,1,1,19242142,600,22,600,22,0,1,90
10,720,82.800000,12.276000,1,1,19242152,601,22,601,22,0,1,90
10,720,82.800000,12.276000,1,1,19242162,601,22,601,22,0,1,90
10,720,82.800000,12.276000,1,1,19242173,601,22,601,22,0,1,90
10,720,82.800000,12.276000,1,1,19242184,603,22,603,22,0,1,90
10,720,82.800000,12.276000,1,1,19242195,613,21,613,21,0,1,90
10,720,82.800000,12.276000,1,1,19242207,638,17,638,17,0,1,90
10,720,82.800000,12.276000,1,1,19242219,674,13,674,13,0,1,90
10,720,82.800000,12.276000,1,1,19242230,736,11,736,11,0,1,90
10,720,82.800000,12.276000,1,1,19242244,790,6,790,6,0,1,90
10,720,82.800000,12.276000,1,1,19242259,894,0,894,-3,0,1,90
10,720,82.800000,12.276000,1,1,19242274,996,0,996,-8,0,1,90
10,720,82.800000,12.276000,1,1,19242285,1067,0,1067,-12,0,1,90
10,720,82.800000,12.276000,1,1,19242296,1095,0,1095,-14,0,1,90
10,720,82.800000,12.276000,1,1,19242308,1114,0,1114,-16,0,1,90
10,720,82.800000,12.276000,1,1,19242322,1127,0,1127,-17,0,1,90
10,720,82.800000,12.276000,1,1,19242333,1133,0,1133,-18,0,1,90
10,720,82.800000,12.276000,1,1,19242343,1134,0,1134,-18,0,1,90
10,720,82.800000,12.276000,1,1,19242353,1135,0,1135,-18,0,1,90
10,720,82.800000,12.276000,1,1,19242363,1135,0,1135,-18,0,1,90
10,720,82.800000,12.276000,1,1,19242374,1135,0,1135,-18,0,1,90
10,720,82.800000,12.276000,1,1,19242384,1135,0,1135,-18,0,1,90
10,720,82.800000,12.276000,1,1,19242394,1135,0,1135,-18,0,1,90
10,720,82.800000,12.276000,1,1,19242404,1137,0,1137,-18,0,1,90
10,720,82.800000,12.276000,1,1,19242419,1139,0,1139,-18,0,1,90
10,720,82.800000,12.276000,1,1,19242430,1143,0,1143,-18,0,1,90
10,720,82.800000,12.276000,1,1,19242443,1148,0,1148,-18,0,1,90
10,720,82.800000,12.276000,1,1,19242455,1156,0,1156,-18,0,1,90
10,720,82.800000,12.276000,1,1,19242466,1163,0,1163,-18,0,1,90
10,720,82.800000,12.276000,1,1,19242476,1167,0,1167,-18,0,1,90
10,720,82.800000,12.276000,1,1,19242487,1169,0,1169,-18,0,1,90
10,720,82.800000,12.276000,1,1,19242498,1171,0,1171,-18,0,1,90
10,720,82.800000,12.276000,1,1,19242516,1176,0,1176,-19,0,1,90
10,720,82.800000,12.276000,1,1,19242529,1195,0,1195,-19,0,1,90
10,720,82.800000,12.276000,1,1,19242543,1227,0,1227,-19,0,1,90
10,720,82.800000,12.276000,1,1,19242555,1257,0,1257,-19,0,1,90
10,720,82.800000,12.276000,1,1,19242565,1274,0,1274,-19,0,1,90
10,720,82.800000,12.276000,1,1,19242576,1284,0,1284,-20,0,1,90
10,720,82.800000,12.276000,1,1,19242590,1288,0,1288,-21,0,1,90
10,720,82.800000,12.276000,1,1,19242600,1289,0,1289,-21,0,1,90
10,720,82.800000,12.276000,1,1,19242610,1290,0,1290,-21,0,1,90
10,720,82.800000,12.276000,1,1,19242620,1291,0,1291,-21,0,1,90
10,720,82.800000,12.276000,1,1,19242630,1292,0,1292,-22,0,1,90
10,720,82.800000,12.276000,1,1,19242641,1294,0,1294,-22,0,1,90
10,720,82.800000,12.276000,1,1,19242650,1296,0,1296,-22,0,1,90
10,720,82.800000,12.276000,1,1,19242660,1296,0,1296,-23,0,1,90
10,720,82.800000,12.276000,1,1,19242670,1296,0,1296,-23,0,1,90
10,720,82.800000,12.276000,1,1,19242682,1296,0,1296,-23,0,1,90
