10,720,50.400000,10000.000000,1,1,19251458,600,22,600,22,0,1,97
10,720,50.400000,10000.000000,1,1,19251458,600,22,600,22,0,1,97
10,720,50.400000,10000.000000,1,1,19251468,600,22,600,22,0,1,97
10,720,50.400000,10000.000000,1,1,19251478,600,22,600,22,0,1,97
10,720,50.400000,10000.000000,1,1,19251488,601,22,601,22,0,1,97
10,720,50.400000,10000.000000,1,1,19251499,606,21,606,21,0,1,97
10,720,50.400000,10000.000000,1,1,19251511,622,21,622,21,0,1,97
10,720,50.400000,10000.000000,1,1,19251521,652,21,652,21,0,1,97
10,720,50.400000,10000.000000,1,1,19251533,697,23,697,23,0,1,97
10,720,50.400000,10000.000000,1,1,19251544,758,24,758,24,0,1,97
10,720,50.400000,10000.000000,1,1,19251555,824,25,824,25,0,1,97
10,720,50.400000,10000.000000,1,1,19251565,890,25,890,25,0,1,97
10,720,50.400000,10000.000000,1,1,19251576,966,25,966,25,0,1,97
10,720,50.400000,10000.000000,1,1,19251587,1031,26,1031,26,0,1,97
10,720,50.400000,10000.000000,1,1,19251598,1084,26,1084,26,0,1,97
10,720,50.400000,10000.000000,1,1,19251608,1117,27,1117,27,0,1,97
10,720,50.400000,10000.000000,1,1,19251619,1142,29,1142,29,0,1,97
10,720,50.400000,10000.000000,1,1,19251630,1166,30,1166,30,0,1,97
10,720,50.400000,10000.000000,1,1,19251642,1186,32,1186,32,0,1,97
10,720,50.400000,10000.000000,1,1,19251652,1199,34,1199,34,0,1,97
10,720,50.400000,10000.000000,1,1,19251662,1205,34,1205,34,0,1,97
10,720,50.400000,10000.000000,1,1,19251673,1207,34,1207,34,0,1,97
10,720,50.400000,10000.000000,1,1,19251684,1208,34,1208,34,0,1,97
10,720,50.400000,10000.000000,1,1,19251694,1209,34,1209,34,0,1,97
10,720,50.400000,10000.000000,1,1,19251703,1210,34,1210,34,0,1,97
10,720,50.400000,10000.000000,1,1,19251713,1211,34,1211,34,0,1,97
10,720,50.400000,10000.000000,1,1,19251724,1212,34,1212,34,0,1,97
10,720,50.400000,10000.000000,1,1,19251733,1213,34,1213,34,0,1,97
10,720,50.400000,10000.000000,1,1,19251744,1215,33,1215,33,0,1,97
10,720,50.400000,10000.000000,1,1,19251755,1218,32,1218,32,0,1,97
10,720,50.400000,10000.000000,1,1,19251765,1222,31,1222,31,0,1,97
10,720,50.400000,10000.000000,1,1,19251775,1225,31,1225,31,0,1,97
10,720,50.400000,10000.000000,1,1,19251788,1228,30,1228,30,0,1,97
10,720,50.400000,10000.000000,1,1,19251799,1230,30,1230,30,0,1,97
10,720,50.400000,10000.000000,1,1,19251815,1233,30,1233,30,0,1,97
10,720,50.400000,10000.000000,1,1,19251826,1241,29,1241,29,0,1,97
10,720,50.400000,10000.000000,1,1,19251837,1249,28,1249,28,0,1,97
10,720,50.400000,10000.000000,1,1,19251847,1256,28,1256,28,0,1,97
10,720,50.400000,10000.000000,1,1,19251858,1263,27,1263,27,0,1,97
10,720,50.400000,10000.000000,1,1,19251869,1267,25,1267,25,0,1,97
10,720,50.400000,10000.000000,1,1,19251879,1271,24,1271,24,0,1,97
10,720,50.400000,10000.000000,1,1,19251889,1275,22,1275,22,0,1,97
10,720,50.400000,10000.000000,1,1,19251902,1281,20,1281,20,0,1,97
10,720,50.400000,10000.000000,1,1,19251913,1288,18,1288,18,0,1,97
10,720,50.400000,10000.000000,1,1,19251923,1296,15,1296,15,0,1,97
10,720,50.400000,10000.000000,1,1,19251933,1301,14,1301,14,0,1,97
10,720,50.400000,10000.000000,1,1,19251944,1304,12,1304,12,0,1,97
10,720,50.400000,10000.000000,1,1,19251954,1307,11,1307,11,0,1,97
10,720,50.400000,10000.000000,1,1,19251964,1308,10,1308,10,0,1,97
10,720,50.400000,10000.000000,1,1,19251974,1309,9,1309,9,0,1,97
10,720,50.400000,10000.000000,1,1,19251985,1310,8,1310,8,0,1,97
10,720,50.400000,10000.000000,1,1,19251997,1313,7,1313,7,0,1,97
10,720,50.400000,10000.000000,1,1,19252013,1314,5,1314,5,0,1,97
10,720,50.400000,10000.000000,1,1,19252023,1315,5,1315,5,0,1,97
10,720,50.400000,10000.000000,1,1,19252032,1315,5,1315,5,0,1,97
