10,360,82.800000,22.608000,0,0,19231015,780,0,780,0,0,1,80
10,360,82.800000,22.608000,0,0,19231016,780,0,780,0,0,1,80
10,360,82.800000,22.608000,0,0,19231026,780,0,780,0,0,1,80
10,360,82.800000,22.608000,0,0,19231036,780,0,780,0,0,1,80
10,360,82.800000,22.608000,0,0,19231046,780,0,780,0,0,1,80
10,360,82.800000,22.608000,0,0,19231056,780,0,780,0,0,1,80
10,360,82.800000,22.608000,0,0,19231067,780,0,780,0,0,1,80
10,360,82.800000,22.608000,0,0,19231078,783,0,783,0,0,1,80
10,360,82.800000,22.608000,0,0,19231089,792,0,792,-1,0,1,80
10,360,82.800000,22.608000,0,0,19231099,804,0,804,-2,0,1,80
10,360,82.800000,22.608000,0,0,19231111,825,0,825,-4,0,1,80
10,360,82.800000,22.608000,0,0,19231123,848,0,848,-6,0,1,80
10,360,82.800000,22.608000,0,0,19231134,876,0,876,-8,0,1,80
10,360,82.800000,22.608000,0,0,19231144,903,0,903,-11,0,1,80
10,360,82.800000,22.608000,0,0,19231155,934,0,934,-14,0,1,80
10,360,82.800000,22.608000,0,0,19231165,963,0,963,-17,0,1,80
10,360,82.800000,22.608000,0,0,19231176,996,0,996,-17,0,1,80
10,360,82.800000,22.608000,0,0,19231187,1030,0,1030,-18,0,1,80
10,360,82.800000,22.608000,0,0,19231198,1057,0,1057,-18,0,1,80
10,360,82.800000,22.608000,0,0,19231211,1081,0,1081,-19,0,1,80
10,360,82.800000,22.608000,0,0,19231221,1104,0,1104,-19,0,1,80
10,360,82.800000,22.608000,0,0,19231232,1122,0,1122,-19,0,1,80
10,360,82.800000,22.608000,0,0,19231243,1133,0,1133,-19,0,1,80
10,360,82.800000,22.608000,0,0,19231253,1139,0,1139,-19,0,1,80
10,360,82.800000,22.608000,0,0,19231263,1140,0,1140,-19,0,1,80
10,360,82.800000,22.608000,0,0,19231273,1141,0,1141,-19,0,1,80
10,360,82.800000,22.608000,0,0,19231282,1141,0,1141,-19,0,1,80
10,360,82.800000,22.608000,0,0,19231292,1141,0,1141,-19,0,1,80
10,360,82.800000,22.608000,0,0,19231302,1143,0,1143,-19,0,1,80
10,360,82.800000,22.608000,0,0,19231314,1145,0,1145,-19,0,1,80
10,360,82.800000,22.608000,0,0,19231326,1150,0,1150,-19,0,1,80
10,360,82.800000,22.608000,0,0,19231336,1158,0,1158,-19,0,1,80
10,360,82.800000,22.608000,0,0,19231348,1166,0,1166,-19,0,1,80
10,360,82.800000,22.608000,0,0,19231358,1171,0,1171,-19,0,1,80
10,360,82.800000,22.608000,0,0,19231367,1172,0,1172,-19,0,1,80
10,360,82.800000,22.608000,0,0,19231378,1173,0,1173,-19,0,1,80
10,360,82.800000,22.608000,0,0,19231387,1173,0,1173,-19,0,1,80
10,360,82.800000,22.608000,0,0,19231402,1173,0,1173,-19,0,1,80
10,360,82.800000,22.608000,0,0,19231412,1173,0,1173,-19,0,1,80
10,360,82.800000,22.608000,0,0,19231421,1173,0,1173,-19,0,1,80
10,360,82.800000,22.608000,0,0,19231430,1173,0,1173,-19,0,1,80
