10,360,82.800000,0.000000,1,1,19165136,780,22,780,22,0,1,27
10,360,82.800000,0.000000,1,1,19165137,780,22,780,22,0,1,27
10,360,82.800000,0.000000,1,1,19165147,780,22,780,22,0,1,27
10,360,82.800000,0.000000,1,1,19165157,780,22,780,22,0,1,27
10,360,82.800000,0.000000,1,1,19165168,780,22,780,22,0,1,27
10,360,82.800000,0.000000,1,1,19165179,784,22,784,22,0,1,27
10,360,82.800000,0.000000,1,1,19165190,795,21,795,21,0,1,27
10,360,82.800000,0.000000,1,1,19165203,815,20,815,20,0,1,27
10,360,82.800000,0.000000,1,1,19165218,848,18,848,18,0,1,27
10,360,82.800000,0.000000,1,1,19165233,895,14,895,14,0,1,27
10,360,82.800000,0.000000,1,1,19165248,929,9,929,9,0,1,27
10,360,82.800000,0.000000,1,1,19165258,968,5,968,5,0,1,27
10,360,82.800000,0.000000,1,1,19165269,1001,3,1001,3,0,1,27
10,360,82.800000,0.000000,1,1,19165280,1026,2,1026,2,0,1,27
10,360,82.800000,0.000000,1,1,19165290,1049,1,1049,1,0,1,27
10,360,82.800000,0.000000,1,1,19165301,1066,1,1066,1,0,1,27
10,360,82.800000,0.000000,1,1,19165313,1076,1,1076,1,0,1,27
10,360,82.800000,0.000000,1,1,19165327,1080,1,1080,1,0,1,27
10,360,82.800000,0.000000,1,1,19165337,1082,1,1082,1,0,1,27
10,360,82.800000,0.000000,1,1,19165347,1082,1,1082,1,0,1,27
10,360,82.800000,0.000000,1,1,19165356,1082,1,1082,1,0,1,27
10,360,82.800000,0.000000,1,1,19165366,1082,1,1082,1,0,1,27
10,360,82.800000,0.000000,1,1,19165376,1082,1,1082,1,0,1,27
10,360,82.800000,0.000000,1,1,19165390,1082,1,1082,1,0,1,27
10,360,82.800000,0.000000,1,1,19165400,1085,1,1085,1,0,1,27
10,360,82.800000,0.000000,1,1,19165410,1086,1,1086,1,0,1,27
10,360,82.800000,0.000000,1,1,19165420,1088,1,1088,1,0,1,27
10,360,82.800000,0.000000,1,1,19165430,1090,1,1090,1,0,1,27
10,360,82.800000,0.000000,1,1,19165441,1093,1,1093,1,0,1,27
10,360,82.800000,0.000000,1,1,19165450,1096,1,1096,1,0,1,27
10,360,82.800000,0.000000,1,1,19165460,1097,1,1097,1,0,1,27
10,360,82.800000,0.000000,1,1,19165470,1097,1,1097,1,0,1,27
10,360,82.800000,0.000000,1,1,19165480,1097,1,1097,1,0,1,27
10,360,82.800000,0.000000,1,1,19165489,1097,1,1097,1,0,1,27
10,360,82.800000,0.000000,1,1,19165499,1097,1,1097,1,0,1,27
10,360,82.800000,0.000000,1,1,19165509,1097,1,1097,1,0,1,27
10,360,82.800000,0.000000,1,1,19165520,1098,1,1098,1,0,1,27
10,360,82.800000,0.000000,1,1,19165531,1100,1,1100,1,0,1,27
10,360,82.800000,0.000000,1,1,19165541,1102,1,1102,1,0,1,27
10,360,82.800000,0.000000,1,1,19165552,1106,1,1106,1,0,1,27
10,360,82.800000,0.000000,1,1,19165563,1110,1,1110,1,0,1,27
10,360,82.800000,0.000000,1,1,19165573,1114,2,1114,2,0,1,27
10,360,82.800000,0.000000,1,1,19165582,1117,3,1117,3,0,1,27
10,360,82.800000,0.000000,1,1,19165592,1118,3,1118,3,0,1,27
10,360,82.800000,0.000000,1,1,19165605,1120,3,1120,3,0,1,27
10,360,82.800000,0.000000,1,1,19165615,1120,4,1120,4,0,1,27
10,360,82.800000,0.000000,1,1,19165625,1121,4,1121,4,0,1,27
10,360,82.800000,0.000000,1,1,19165636,1122,4,1122,4,0,1,27
