10,720,50.400000,0.000000,1,1,19256891,600,22,600,22,0,1,101
10,720,50.400000,0.000000,1,1,19256892,600,22,600,22,0,1,101
10,720,50.400000,0.000000,1,1,19256902,600,22,600,22,0,1,101
10,720,50.400000,0.000000,1,1,19256912,600,22,600,22,0,1,101
10,720,50.400000,0.000000,1,1,19256923,600,22,600,22,0,1,101
10,720,50.400000,0.000000,1,1,19256933,600,22,600,22,0,1,101
10,720,50.400000,0.000000,1,1,19256942,600,22,600,22,0,1,101
10,720,50.400000,0.000000,1,1,19256955,602,21,602,21,0,1,101
10,720,50.400000,0.000000,1,1,19256966,616,17,616,17,0,1,101
10,720,50.400000,0.000000,1,1,19256977,637,14,637,14,0,1,101
10,720,50.400000,0.000000,1,1,19256987,671,11,671,11,0,1,101
10,720,50.400000,0.000000,1,1,19256998,718,9,718,9,0,1,101
10,720,50.400000,0.000000,1,1,19257009,790,3,790,3,0,1,101
10,720,50.400000,0.000000,1,1,19257020,855,0,855,-5,0,1,101
10,720,50.400000,0.000000,1,1,19257031,912,0,912,-12,0,1,101
10,720,50.400000,0.000000,1,1,19257042,961,0,961,-19,0,1,101
10,720,50.400000,0.000000,1,1,19257054,1010,0,1010,-23,0,1,101
10,720,50.400000,0.000000,1,1,19257070,1061,0,1061,-24,0,1,101
10,720,50.400000,0.000000,1,1,19257085,1127,0,1127,-24,0,1,101
10,720,50.400000,0.000000,1,1,19257095,1176,0,1176,-24,0,1,101
10,720,50.400000,0.000000,1,1,19257106,1200,0,1200,-24,0,1,101
10,720,50.400000,0.000000,1,1,19257121,1217,0,1217,-24,0,1,101
10,720,50.400000,0.000000,1,1,19257132,1231,0,1231,-24,0,1,101
10,720,50.400000,0.000000,1,1,19257143,1239,0,1239,-24,0,1,101
10,720,50.400000,0.000000,1,1,19257154,1247,0,1247,-24,0,1,101
10,720,50.400000,0.000000,1,1,19257165,1254,1,1254,-23,0,1,101
10,720,50.400000,0.000000,1,1,19257177,1264,1,1264,-23,0,1,101
10,720,50.400000,0.000000,1,1,19257188,1273,2,1273,-22,0,1,101
10,720,50.400000,0.000000,1,1,19257199,1282,2,1282,-22,0,1,101
10,720,50.400000,0.000000,1,1,19257209,1290,2,1290,-22,0,1,101
10,720,50.400000,0.000000,1,1,19257220,1296,2,1296,-22,0,1,101
10,720,50.400000,0.000000,1,1,19257230,1301,2,1301,-22,0,1,101
10,720,50.400000,0.000000,1,1,19257240,1304,2,1304,-22,0,1,101
10,720,50.400000,0.000000,1,1,19257251,1305,2,1305,-22,0,1,101
10,720,50.400000,0.000000,1,1,19257261,1308,1,1308,-23,0,1,101
10,720,50.400000,0.000000,1,1,19257272,1311,1,1311,-23,0,1,101
10,720,50.400000,0.000000,1,1,19257282,1315,1,1315,-23,0,1,101
10,720,50.400000,0.000000,1,1,19257293,1320,1,1320,-23,0,1,101
10,720,50.400000,0.000000,1,1,19257308,1326,1,1326,-23,0,1,101
10,720,50.400000,0.000000,1,1,19257317,1330,1,1330,-23,0,1,101
10,720,50.400000,0.000000,1,1,19257327,1330,1,1330,-23,0,1,101
10,720,50.400000,0.000000,1,1,19257337,1330,1,1330,-23,0,1,101
10,720,50.400000,0.000000,1,1,19257346,1330,1,1330,-23,0,1,101
10,720,50.400000,0.000000,1,1,19257356,1330,1,1330,-23,0,1,101
10,720,50.400000,0.000000,1,1,19257366,1330,1,1330,-23,0,1,101
10,720,50.400000,0.000000,1,1,19257375,1330,1,1330,-23,0,1,101
10,720,50.400000,0.000000,1,1,19257385,1330,1,1330,-23,0,1,101
10,720,50.400000,0.000000,1,1,19257394,1330,1,1330,-23,0,1,101
