10,720,50.400000,42.984000,1,0,19151831,600,0,600,0,0,1,16
10,720,50.400000,42.984000,1,0,19151831,600,0,600,0,0,1,16
10,720,50.400000,42.984000,1,0,19151841,600,0,600,0,0,1,16
10,720,50.400000,42.984000,1,0,19151851,600,0,600,0,0,1,16
10,720,50.400000,42.984000,1,0,19151861,600,0,600,0,0,1,16
10,720,50.400000,42.984000,1,0,19151873,600,0,600,0,0,1,16
10,720,50.400000,42.984000,1,0,19151884,604,0,604,0,0,1,16
10,720,50.400000,42.984000,1,0,19151895,615,0,615,0,0,1,16
10,720,50.400000,42.984000,1,0,19151906,637,0,637,-1,0,1,16
10,720,50.400000,42.984000,1,0,19151917,666,0,666,-2,0,1,16
10,720,50.400000,42.984000,1,0,19151927,706,0,706,-4,0,1,16
10,720,50.400000,42.984000,1,0,19151938,748,0,748,-7,0,1,16
10,720,50.400000,42.984000,1,0,19151949,783,0,783,-12,0,1,16
10,720,50.400000,42.984000,1,0,19151959,830,0,830,-18,0,1,16
10,720,50.400000,42.984000,1,0,19151970,892,0,892,-23,0,1,16
10,720,50.400000,42.984000,1,0,19151981,945,0,945,-25,0,1,16
10,720,50.400000,42.984000,1,0,19151992,999,0,999,-27,0,1,16
10,720,50.400000,42.984000,1,0,19152003,1049,0,1049,-28,0,1,16
10,720,50.400000,42.984000,1,0,19152014,1092,0,1092,-28,0,1,16
10,720,50.400000,42.984000,1,0,19152025,1128,0,1128,-28,0,1,16
10,720,50.400000,42.984000,1,0,19152035,1160,0,1160,-28,0,1,16
10,720,50.400000,42.984000,1,0,19152046,1186,1,1186,-27,0,1,16
10,720,50.400000,42.984000,1,0,19152058,1207,2,1207,-26,0,1,16
10,720,50.400000,42.984000,1,0,19152069,1223,2,1223,-26,0,1,16
10,720,50.400000,42.984000,1,0,19152080,1236,3,1236,-25,0,1,16
10,720,50.400000,42.984000,1,0,19152091,1245,4,1245,-24,0,1,16
10,720,50.400000,42.984000,1,0,19152101,1253,4,1253,-24,0,1,16
10,720,50.400000,42.984000,1,0,19152113,1257,4,1257,-24,0,1,16
10,720,50.400000,42.984000,1,0,19152122,1260,4,1260,-24,0,1,16
10,720,50.400000,42.984000,1,0,19152132,1260,4,1260,-24,0,1,16
10,720,50.400000,42.984000,1,0,19152142,1260,4,1260,-24,0,1,16
10,720,50.400000,42.984000,1,0,19152151,1260,4,1260,-24,0,1,16
10,720,50.400000,42.984000,1,0,19152161,1261,4,1261,-24,0,1,16
10,720,50.400000,42.984000,1,0,19152175,1263,4,1263,-24,0,1,16
10,720,50.400000,42.984000,1,0,19152190,1265,4,1265,-24,0,1,16
10,720,50.400000,42.984000,1,0,19152200,1266,4,1266,-24,0,1,16
10,720,50.400000,42.984000,1,0,19152211,1266,4,1266,-24,0,1,16
10,720,50.400000,42.984000,1,0,19152221,1266,4,1266,-24,0,1,16
10,720,50.400000,42.984000,1,0,19152230,1267,4,1267,-24,0,1,16
10,720,50.400000,42.984000,1,0,19152240,1269,4,1269,-24,0,1,16
10,720,50.400000,42.984000,1,0,19152251,1272,4,1272,-24,0,1,16
10,720,50.400000,42.984000,1,0,19152261,1276,4,1276,-24,0,1,16
10,720,50.400000,42.984000,1,0,19152271,1282,4,1282,-24,0,1,16
10,720,50.400000,42.984000,1,0,19152281,1286,4,1286,-24,0,1,16
10,720,50.400000,42.984000,1,0,19152292,1289,4,1289,-24,0,1,16
10,720,50.400000,42.984000,1,0,19152302,1290,4,1290,-24,0,1,16
10,720,50.400000,42.984000,1,0,19152311,1291,4,1291,-24,0,1,16
10,720,50.400000,42.984000,1,0,19152321,1292,4,1292,-24,0,1,16
10,720,50.400000,42.984000,1,0,19152331,1294,4,1294,-24,0,1,16
10,720,50.400000,42.984000,1,0,19152342,1296,4,1296,-24,0,1,16
10,720,50.400000,42.984000,1,0,19152352,1300,4,1300,-24,0,1,16
10,720,50.400000,42.984000,1,0,19152362,1303,4,1303,-24,0,1,16
10,720,50.400000,42.984000,1,0,19152372,1305,4,1305,-24,0,1,16
10,720,50.400000,42.984000,1,0,19152382,1306,4,1306,-24,0,1,16
10,720,50.400000,42.984000,1,0,19152392,1306,4,1306,-24,0,1,16
10,720,50.400000,42.984000,1,0,19152402,1306,4,1306,-24,0,1,16
10,720,50.400000,42.984000,1,0,19152412,1306,4,1306,-24,0,1,16
10,720,50.400000,42.984000,1,0,19152421,1306,4,1306,-24,0,1,16
10,720,50.400000,42.984000,1,0,19152431,1307,4,1307,-24,0,1,16
10,720,50.400000,42.984000,1,0,19152440,1308,4,1308,-24,0,1,16
10,720,50.400000,42.984000,1,0,19152451,1308,4,1308,-24,0,1,16
10,720,50.400000,42.984000,1,0,19152460,1308,4,1308,-24,0,1,16
10,720,50.400000,42.984000,1,0,19152469,1308,4,1308,-24,0,1,16
