10,360,82.800000,42.984000,1,1,19210562,780,22,780,22,1,1,63
10,360,82.800000,42.984000,1,1,19210563,780,22,780,22,1,1,63
10,360,82.800000,42.984000,1,1,19210577,779,22,779,22,1,1,63
10,360,82.800000,42.984000,1,1,19210587,779,22,779,22,1,1,63
10,360,82.800000,42.984000,1,1,19210597,779,22,779,22,1,1,63
10,360,82.800000,42.984000,1,1,19210606,779,22,779,22,1,1,63
10,360,82.800000,42.984000,1,1,19210616,779,22,779,22,1,1,63
10,360,82.800000,42.984000,1,1,19210629,779,22,779,22,1,1,63
10,360,82.800000,42.984000,1,1,19210640,783,21,783,21,1,1,63
10,360,82.800000,42.984000,1,1,19210654,791,20,791,20,1,1,63
10,360,82.800000,42.984000,1,1,19210665,810,16,810,16,1,1,63
10,360,82.800000,42.984000,1,1,19210681,836,13,836,13,1,1,63
10,360,82.800000,42.984000,1,1,19210693,913,10,913,10,1,1,63
10,360,82.800000,42.984000,1,1,19210703,972,8,972,8,1,1,63
10,360,82.800000,42.984000,1,1,19210714,1029,7,1029,7,1,1,63
10,360,82.800000,42.984000,1,1,19210725,1085,4,1085,4,1,1,63
10,360,82.800000,42.984000,1,1,19210735,1135,2,1135,2,1,1,63
10,360,82.800000,42.984000,1,1,19210746,1167,1,1167,1,1,1,63
10,360,82.800000,42.984000,1,1,19210757,1185,0,1185,-1,1,1,63
10,360,82.800000,42.984000,1,1,19210768,1193,0,1193,-3,1,1,63
10,360,82.800000,42.984000,1,1,19210782,1193,0,1193,-4,1,1,63
10,360,82.800000,42.984000,1,1,19210792,1193,0,1193,-5,1,1,63
10,360,82.800000,42.984000,1,1,19210802,1193,0,1193,-5,1,1,63
10,360,82.800000,42.984000,1,1,19210812,1193,0,1193,-5,1,1,63
10,360,82.800000,42.984000,1,1,19210821,1193,0,1193,-5,1,1,63
10,360,82.800000,42.984000,1,1,19210832,1193,0,1193,-5,1,1,63
10,360,82.800000,42.984000,1,1,19210841,1193,0,1193,-5,1,1,63
10,360,82.800000,42.984000,1,1,19210850,1193,0,1193,-5,1,1,63
10,360,82.800000,42.984000,1,1,19210860,1193,0,1193,-5,1,1,63
10,360,82.800000,42.984000,1,1,19210870,1193,0,1193,-5,1,1,63
10,360,82.800000,42.984000,1,1,19210880,1191,0,1191,-5,1,1,63
10,360,82.800000,42.984000,1,1,19210891,1191,0,1191,-6,1,1,63
10,360,82.800000,42.984000,1,1,19210900,1190,0,1190,-6,1,1,63
10,360,82.800000,42.984000,1,1,19210910,1190,0,1190,-6,1,1,63
10,360,82.800000,42.984000,1,1,19210925,1189,0,1189,-6,1,1,63
10,360,82.800000,42.984000,1,1,19210935,1189,0,1189,-6,1,1,63
10,360,82.800000,42.984000,1,1,19210945,1187,0,1187,-6,1,1,63
10,360,82.800000,42.984000,1,1,19210955,1186,0,1186,-6,1,1,63
10,360,82.800000,42.984000,1,1,19210965,1183,0,1183,-6,1,1,63
10,360,82.800000,42.984000,1,1,19210976,1177,0,1177,-6,1,1,63
10,360,82.800000,42.984000,1,1,19210986,1169,0,1169,-6,1,1,63
10,360,82.800000,42.984000,1,1,19210996,1160,0,1160,-6,1,1,63
10,360,82.800000,42.984000,1,1,19211008,1153,0,1153,-6,1,1,63
10,360,82.800000,42.984000,1,1,19211019,1146,0,1146,-6,1,1,63
10,360,82.800000,42.984000,1,1,19211029,1143,1,1143,-5,1,1,63
10,360,82.800000,42.984000,1,1,19211039,1141,1,1141,-5,1,1,63
10,360,82.800000,42.984000,1,1,19211050,1138,1,1138,-5,1,1,63
10,360,82.800000,42.984000,1,1,19211060,1138,1,1138,-5,1,1,63
10,360,82.800000,42.984000,1,1,19211071,1138,1,1138,-5,1,1,63
10,360,82.800000,42.984000,1,1,19211080,1138,1,1138,-5,1,1,63
10,360,82.800000,42.984000,1,1,19211090,1138,1,1138,-5,1,1,63
10,360,82.800000,42.984000,1,1,19211099,1138,1,1138,-5,1,1,63
10,360,82.800000,42.984000,1,1,19211109,1138,1,1138,-5,1,1,63
10,360,82.800000,42.984000,1,1,19211118,1138,1,1138,-5,0,1,63
