10,720,50.400000,12.276000,0,1,19220300,600,22,600,22,0,1,71
10,720,50.400000,12.276000,0,1,19220301,600,22,600,22,0,1,71
10,720,50.400000,12.276000,0,1,19220311,600,22,600,22,0,1,71
10,720,50.400000,12.276000,0,1,19220320,601,22,601,22,0,1,71
10,720,50.400000,12.276000,0,1,19220330,601,22,601,22,0,1,71
10,720,50.400000,12.276000,0,1,19220342,603,22,603,22,0,1,71
10,720,50.400000,12.276000,0,1,19220354,611,22,611,22,0,1,71
10,720,50.400000,12.276000,0,1,19220364,627,22,627,22,0,1,71
10,720,50.400000,12.276000,0,1,19220377,659,22,659,22,0,1,71
10,720,50.400000,12.276000,0,1,19220389,714,21,714,21,0,1,71
10,720,50.400000,12.276000,0,1,19220400,755,19,755,19,0,1,71
10,720,50.400000,12.276000,0,1,19220411,803,13,803,13,0,1,71
10,720,50.400000,12.276000,0,1,19220421,862,4,862,4,0,1,71
10,720,50.400000,12.276000,0,1,19220432,929,0,929,-4,0,1,71
10,720,50.400000,12.276000,0,1,19220444,1000,0,1000,-12,0,1,71
10,720,50.400000,12.276000,0,1,19220455,1062,0,1062,-19,0,1,71
10,720,50.400000,12.276000,0,1,19220465,1120,0,1120,-26,0,1,71
10,720,50.400000,12.276000,0,1,19220477,1164,0,1164,-30,0,1,71
10,720,50.400000,12.276000,0,1,19220487,1213,0,1213,-35,0,1,71
10,720,50.400000,12.276000,0,1,19220498,1239,0,1239,-37,0,1,71
10,720,50.400000,12.276000,0,1,19220508,1256,0,1256,-39,0,1,71
10,720,50.400000,12.276000,0,1,19220519,1265,0,1265,-40,0,1,71
10,720,50.400000,12.276000,0,1,19220530,1275,0,1275,-40,0,1,71
10,720,50.400000,12.276000,0,1,19220542,1284,0,1284,-40,0,1,71
10,720,50.400000,12.276000,0,1,19220552,1292,0,1292,-40,0,1,71
10,720,50.400000,12.276000,0,1,19220562,1297,0,1297,-40,0,1,71
10,720,50.400000,12.276000,0,1,19220573,1300,0,1300,-40,0,1,71
10,720,50.400000,12.276000,0,1,19220584,1301,0,1301,-40,0,1,71
10,720,50.400000,12.276000,0,1,19220595,1304,0,1304,-41,0,1,71
10,720,50.400000,12.276000,0,1,19220605,1306,0,1306,-41,0,1,71
10,720,50.400000,12.276000,0,1,19220615,1308,0,1308,-41,0,1,71
10,720,50.400000,12.276000,0,1,19220625,1309,0,1309,-42,0,1,71
10,720,50.400000,12.276000,0,1,19220636,1310,0,1310,-42,0,1,71
10,720,50.400000,12.276000,0,1,19220646,1311,0,1311,-42,0,1,71
10,720,50.400000,12.276000,0,1,19220656,1312,0,1312,-42,0,1,71
10,720,50.400000,12.276000,0,1,19220667,1313,0,1313,-42,0,1,71
10,720,50.400000,12.276000,0,1,19220677,1315,0,1315,-42,0,1,71
10,720,50.400000,12.276000,0,1,19220691,1315,0,1315,-42,0,1,71
10,720,50.400000,12.276000,0,1,19220702,1315,0,1315,-42,0,1,71
10,720,50.400000,12.276000,0,1,19220717,1315,0,1315,-42,0,1,71
10,720,50.400000,12.276000,0,1,19220727,1315,0,1315,-42,0,1,71
10,720,50.400000,12.276000,0,1,19220737,1315,0,1315,-42,0,1,71
10,720,50.400000,12.276000,0,1,19220746,1315,0,1315,-42,0,1,71
