10,720,21.600000,42.984000,0,0,19326104,600,0,600,0,0,2,36
10,720,21.600000,42.984000,0,0,19326105,600,0,600,0,0,2,36
10,720,21.600000,42.984000,0,0,19326115,600,0,600,0,0,2,36
10,720,21.600000,42.984000,0,0,19326126,600,0,600,0,0,2,36
10,720,21.600000,42.984000,0,0,19326136,600,0,600,0,0,2,36
10,720,21.600000,42.984000,0,0,19326146,600,0,600,0,0,2,36
10,720,21.600000,42.984000,0,0,19326156,601,0,601,0,0,2,36
10,720,21.600000,42.984000,0,0,19326168,606,0,606,0,0,2,36
10,720,21.600000,42.984000,0,0,19326180,617,0,617,0,0,2,36
10,720,21.600000,42.984000,0,0,19326192,641,0,641,0,0,2,36
10,720,21.600000,42.984000,0,0,19326204,677,0,677,-1,0,2,36
10,720,21.600000,42.984000,0,0,19326215,721,0,721,-5,0,2,36
10,720,21.600000,42.984000,0,0,19326225,760,0,760,-10,0,2,36
10,720,21.600000,42.984000,0,0,19326236,795,0,795,-15,0,2,36
10,720,21.600000,42.984000,0,0,19326246,844,0,844,-22,0,2,36
10,720,21.600000,42.984000,0,0,19326258,894,0,894,-26,0,2,36
10,720,21.600000,42.984000,0,0,19326269,955,0,955,-31,0,2,36
10,720,21.600000,42.984000,0,0,19326279,1004,0,1004,-34,0,2,36
10,720,21.600000,42.984000,0,0,19326290,1039,0,1039,-36,0,2,36
10,720,21.600000,42.984000,0,0,19326301,1087,0,1087,-36,0,2,36
10,720,21.600000,42.984000,0,0,19326311,1135,0,1135,-36,0,2,36
10,720,21.600000,42.984000,0,0,19326323,1180,1,1180,-35,0,2,36
10,720,21.600000,42.984000,0,0,19326334,1220,2,1220,-34,0,2,36
10,720,21.600000,42.984000,0,0,19326345,1243,2,1243,-34,0,2,36
10,720,21.600000,42.984000,0,0,19326356,1256,2,1256,-34,0,2,36
10,720,21.600000,42.984000,0,0,19326366,1263,2,1263,-34,0,2,36
10,720,21.600000,42.984000,0,0,19326377,1265,1,1265,-35,0,2,36
10,720,21.600000,42.984000,0,0,19326387,1267,0,1267,-36,0,2,36
10,720,21.600000,42.984000,0,0,19326396,1267,0,1267,-36,0,2,36
10,720,21.600000,42.984000,0,0,19326406,1267,0,1267,-36,0,2,36
10,720,21.600000,42.984000,0,0,19326416,1267,0,1267,-36,0,2,36
10,720,21.600000,42.984000,0,0,19326426,1268,0,1268,-36,0,2,36
10,720,21.600000,42.984000,0,0,19326438,1270,0,1270,-36,0,2,36
10,720,21.600000,42.984000,0,0,19326448,1272,0,1272,-36,0,2,36
10,720,21.600000,42.984000,0,0,19326458,1274,0,1274,-36,0,2,36
10,720,21.600000,42.984000,0,0,19326469,1276,0,1276,-36,0,2,36
10,720,21.600000,42.984000,0,0,19326482,1276,0,1276,-36,0,2,36
10,720,21.600000,42.984000,0,0,19326498,1277,1,1277,-35,0,2,36
10,720,21.600000,42.984000,0,0,19326510,1280,1,1280,-35,0,2,36
10,720,21.600000,42.984000,0,0,19326520,1284,1,1284,-35,0,2,36
10,720,21.600000,42.984000,0,0,19326531,1289,1,1289,-35,0,2,36
10,720,21.600000,42.984000,0,0,19326547,1294,1,1294,-35,0,2,36
10,720,21.600000,42.984000,0,0,19326556,1298,1,1298,-35,0,2,36
10,720,21.600000,42.984000,0,0,19326566,1299,0,1299,-36,0,2,36
10,720,21.600000,42.984000,0,0,19326577,1299,0,1299,-36,0,2,36
10,720,21.600000,42.984000,0,0,19326588,1299,0,1299,-36,0,2,36
10,720,21.600000,42.984000,0,0,19326600,1299,0,1299,-36,0,2,36
10,720,21.600000,42.984000,0,0,19326611,1299,0,1299,-36,0,2,36
10,720,21.600000,42.984000,0,0,19326622,1299,0,1299,-36,0,2,36
10,720,21.600000,42.984000,0,0,19326631,1299,0,1299,-36,0,2,36
10,720,21.600000,42.984000,0,0,19326642,1299,0,1299,-36,0,2,36
10,720,21.600000,42.984000,0,0,19326651,1299,0,1299,-36,0,2,36
10,720,21.600000,42.984000,0,0,19326662,1299,0,1299,-36,0,2,36
10,720,21.600000,42.984000,0,0,19326673,1300,0,1300,-36,0,2,36
10,720,21.600000,42.984000,0,0,19326683,1300,1,1300,-35,0,2,36
10,720,21.600000,42.984000,0,0,19326693,1301,1,1301,-35,0,2,36
10,720,21.600000,42.984000,0,0,19326703,1302,1,1302,-35,0,2,36
10,720,21.600000,42.984000,0,0,19326715,1303,1,1303,-35,0,2,36
10,720,21.600000,42.984000,0,0,19326725,1303,1,1303,-35,0,2,36
10,720,21.600000,42.984000,0,0,19326741,1303,1,1303,-35,0,2,36
10,720,21.600000,42.984000,0,0,19326751,1303,1,1303,-35,0,2,36
10,720,21.600000,42.984000,0,0,19326762,1303,1,1303,-35,0,2,36
10,720,21.600000,42.984000,0,0,19326772,1303,1,1303,-35,0,2,36
10,720,21.600000,42.984000,0,0,19326783,1304,1,1304,-35,0,2,36
10,720,21.600000,42.984000,0,0,19326793,1307,1,1307,-35,0,2,36
10,720,21.600000,42.984000,0,0,19326803,1308,1,1308,-35,0,2,36
10,720,21.600000,42.984000,0,0,19326813,1309,1,1309,-35,0,2,36
10,720,21.600000,42.984000,0,0,19326823,1310,1,1310,-35,0,2,36
10,720,21.600000,42.984000,0,0,19326833,1310,1,1310,-35,0,2,36
10,720,21.600000,42.984000,0,0,19326843,1310,1,1310,-35,0,2,36
10,720,21.600000,42.984000,0,0,19326853,1310,1,1310,-35,0,2,36
10,720,21.600000,42.984000,0,0,19326863,1310,1,1310,-35,0,2,36
10,720,21.600000,42.984000,0,0,19326873,1311,1,1311,-35,0,2,36
10,720,21.600000,42.984000,0,0,19326882,1311,1,1311,-35,0,2,36
10,720,21.600000,42.984000,0,0,19326893,1311,1,1311,-35,0,2,36
10,720,21.600000,42.984000,0,0,19326903,1311,1,1311,-35,0,2,36
10,720,21.600000,42.984000,0,0,19326913,1312,2,1312,-34,0,2,36
10,720,21.600000,42.984000,0,0,19326922,1312,3,1312,-33,0,2,36
10,720,21.600000,42.984000,0,0,19326936,1313,3,1313,-33,0,2,36
10,720,21.600000,42.984000,0,0,19326947,1314,4,1314,-32,0,2,36
10,720,21.600000,42.984000,0,0,19326958,1315,4,1315,-32,0,2,36
10,720,21.600000,42.984000,0,0,19326973,1315,4,1315,-32,0,2,36
10,720,21.600000,42.984000,0,0,19326982,1316,4,1316,-32,0,2,36
10,720,21.600000,42.984000,0,0,19326993,1316,4,1316,-32,0,2,36
10,720,21.600000,42.984000,0,0,19327003,1316,4,1316,-32,0,2,36
10,720,21.600000,42.984000,0,0,19327013,1316,4,1316,-32,0,2,36
10,720,21.600000,42.984000,0,0,19327022,1316,4,1316,-32,0,2,36
