10,360,50.400000,12.276000,0,0,19361303,780,0,780,0,0,2,63
10,360,50.400000,12.276000,0,0,19361304,780,0,780,0,0,2,63
10,360,50.400000,12.276000,0,0,19361314,780,0,780,0,0,2,63
10,360,50.400000,12.276000,0,0,19361325,780,0,780,0,0,2,63
10,360,50.400000,12.276000,0,0,19361335,780,0,780,0,0,2,63
10,360,50.400000,12.276000,0,0,19361347,781,1,781,1,0,2,63
10,360,50.400000,12.276000,0,0,19361361,784,2,784,2,0,2,63
10,360,50.400000,12.276000,0,0,19361375,793,3,793,3,0,2,63
10,360,50.400000,12.276000,0,0,19361389,816,5,816,5,0,2,63
10,360,50.400000,12.276000,0,0,19361405,846,6,846,6,0,2,63
10,360,50.400000,12.276000,0,0,19361417,879,6,879,6,0,2,63
10,360,50.400000,12.276000,0,0,19361429,901,5,901,5,0,2,63
10,360,50.400000,12.276000,0,0,19361439,922,3,922,3,0,2,63
10,360,50.400000,12.276000,0,0,19361450,938,2,938,2,0,2,63
10,360,50.400000,12.276000,0,0,19361461,954,0,954,0,0,2,63
10,360,50.400000,12.276000,0,0,19361471,972,0,972,0,0,2,63
10,360,50.400000,12.276000,0,0,19361482,994,0,994,0,0,2,63
10,360,50.400000,12.276000,0,0,19361493,1020,0,1020,0,0,2,63
10,360,50.400000,12.276000,0,0,19361504,1048,2,1048,2,0,2,63
10,360,50.400000,12.276000,0,0,19361515,1071,3,1071,3,0,2,63
10,360,50.400000,12.276000,0,0,19361526,1090,3,1090,3,0,2,63
10,360,50.400000,12.276000,0,0,19361538,1102,3,1102,3,0,2,63
10,360,50.400000,12.276000,0,0,19361548,1108,3,1108,3,0,2,63
10,360,50.400000,12.276000,0,0,19361558,1109,2,1109,2,0,2,63
10,360,50.400000,12.276000,0,0,19361569,1110,2,1110,2,0,2,63
10,360,50.400000,12.276000,0,0,19361579,1110,2,1110,2,0,2,63
10,360,50.400000,12.276000,0,0,19361590,1110,2,1110,2,0,2,63
10,360,50.400000,12.276000,0,0,19361600,1111,2,1111,2,0,2,63
10,360,50.400000,12.276000,0,0,19361611,1111,2,1111,2,0,2,63
10,360,50.400000,12.276000,0,0,19361622,1112,2,1112,2,0,2,63
10,360,50.400000,12.276000,0,0,19361632,1112,2,1112,2,0,2,63
10,360,50.400000,12.276000,0,0,19361644,1112,2,1112,2,0,2,63
10,360,50.400000,12.276000,0,0,19361654,1112,2,1112,2,0,2,63
10,360,50.400000,12.276000,0,0,19361664,1112,2,1112,2,0,2,63
10,360,50.400000,12.276000,0,0,19361674,1112,2,1112,2,0,2,63
10,360,50.400000,12.276000,0,0,19361685,1112,2,1112,2,0,2,63
10,360,50.400000,12.276000,0,0,19361695,1112,2,1112,2,0,2,63
10,360,50.400000,12.276000,0,0,19361705,1112,2,1112,2,0,2,63
10,360,50.400000,12.276000,0,0,19361715,1112,2,1112,2,0,2,63
10,360,50.400000,12.276000,0,0,19361725,1112,2,1112,2,0,2,63
10,360,50.400000,12.276000,0,0,19361735,1112,2,1112,2,0,2,63
10,360,50.400000,12.276000,0,0,19361745,1112,2,1112,2,0,2,63
10,360,50.400000,12.276000,0,0,19361755,1112,2,1112,2,0,2,63
10,360,50.400000,12.276000,0,0,19361764,1112,2,1112,2,1,2,63
