10,720,50.400000,42.984000,1,0,19304789,600,0,600,0,0,2,20
10,720,50.400000,42.984000,1,0,19304790,600,0,600,0,0,2,20
10,720,50.400000,42.984000,1,0,19304800,600,0,600,0,0,2,20
10,720,50.400000,42.984000,1,0,19304810,600,0,600,0,0,2,20
10,720,50.400000,42.984000,1,0,19304825,600,0,600,0,0,2,20
10,720,50.400000,42.984000,1,0,19304836,600,0,600,0,0,2,20
10,720,50.400000,42.984000,1,0,19304846,600,0,600,0,0,2,20
10,720,50.400000,42.984000,1,0,19304859,609,0,609,-2,0,2,20
10,720,50.400000,42.984000,1,0,19304872,637,0,637,-6,0,2,20
10,720,50.400000,42.984000,1,0,19304883,674,0,674,-10,0,2,20
10,720,50.400000,42.984000,1,0,19304894,724,0,724,-16,0,2,20
10,720,50.400000,42.984000,1,0,19304905,781,0,781,-25,0,2,20
10,720,50.400000,42.984000,1,0,19304919,835,0,835,-34,0,2,20
10,720,50.400000,42.984000,1,0,19304930,906,0,906,-48,0,2,20
10,720,50.400000,42.984000,1,0,19304946,964,0,964,-57,0,2,20
10,720,50.400000,42.984000,1,0,19304956,1045,0,1045,-66,0,2,20
10,720,50.400000,42.984000,1,0,19304967,1088,0,1088,-68,0,2,20
10,720,50.400000,42.984000,1,0,19304978,1128,0,1128,-68,0,2,20
10,720,50.400000,42.984000,1,0,19304993,1160,0,1160,-68,0,2,20
10,720,50.400000,42.984000,1,0,19305003,1185,1,1185,-67,0,2,20
10,720,50.400000,42.984000,1,0,19305014,1193,1,1193,-67,0,2,20
10,720,50.400000,42.984000,1,0,19305024,1196,1,1196,-67,0,2,20
10,720,50.400000,42.984000,1,0,19305035,1196,1,1196,-67,0,2,20
10,720,50.400000,42.984000,1,0,19305045,1196,1,1196,-67,0,2,20
10,720,50.400000,42.984000,1,0,19305055,1196,1,1196,-67,0,2,20
10,720,50.400000,42.984000,1,0,19305071,1196,1,1196,-67,0,2,20
10,720,50.400000,42.984000,1,0,19305081,1198,1,1198,-67,0,2,20
10,720,50.400000,42.984000,1,0,19305093,1200,1,1200,-67,0,2,20
10,720,50.400000,42.984000,1,0,19305103,1201,1,1201,-67,0,2,20
10,720,50.400000,42.984000,1,0,19305113,1202,1,1202,-67,0,2,20
10,720,50.400000,42.984000,1,0,19305123,1204,1,1204,-67,0,2,20
10,720,50.400000,42.984000,1,0,19305133,1205,0,1205,-68,0,2,20
10,720,50.400000,42.984000,1,0,19305143,1207,0,1207,-68,0,2,20
10,720,50.400000,42.984000,1,0,19305154,1210,0,1210,-68,0,2,20
10,720,50.400000,42.984000,1,0,19305164,1215,0,1215,-68,0,2,20
10,720,50.400000,42.984000,1,0,19305175,1220,0,1220,-68,0,2,20
10,720,50.400000,42.984000,1,0,19305185,1225,0,1225,-68,0,2,20
10,720,50.400000,42.984000,1,0,19305195,1227,0,1227,-68,0,2,20
10,720,50.400000,42.984000,1,0,19305206,1229,0,1229,-68,0,2,20
10,720,50.400000,42.984000,1,0,19305217,1231,0,1231,-68,0,2,20
10,720,50.400000,42.984000,1,0,19305229,1239,0,1239,-68,0,2,20
10,720,50.400000,42.984000,1,0,19305241,1251,0,1251,-68,0,2,20
10,720,50.400000,42.984000,1,0,19305252,1263,1,1263,-67,0,2,20
10,720,50.400000,42.984000,1,0,19305263,1274,1,1274,-67,0,2,20
10,720,50.400000,42.984000,1,0,19305273,1279,1,1279,-67,0,2,20
10,720,50.400000,42.984000,1,0,19305284,1281,1,1281,-67,0,2,20
10,720,50.400000,42.984000,1,0,19305295,1282,1,1282,-67,0,2,20
10,720,50.400000,42.984000,1,0,19305305,1283,1,1283,-67,0,2,20
10,720,50.400000,42.984000,1,0,19305315,1285,1,1285,-67,0,2,20
10,720,50.400000,42.984000,1,0,19305325,1287,1,1287,-67,0,2,20
10,720,50.400000,42.984000,1,0,19305335,1289,1,1289,-67,0,2,20
10,720,50.400000,42.984000,1,0,19305345,1290,1,1290,-67,0,2,20
10,720,50.400000,42.984000,1,0,19305356,1291,1,1291,-67,0,2,20
10,720,50.400000,42.984000,1,0,19305367,1292,1,1292,-67,0,2,20
10,720,50.400000,42.984000,1,0,19305377,1292,1,1292,-67,0,2,20
10,720,50.400000,42.984000,1,0,19305387,1292,1,1292,-67,0,2,20
10,720,50.400000,42.984000,1,0,19305397,1293,1,1293,-67,0,2,20
10,720,50.400000,42.984000,1,0,19305407,1294,1,1294,-67,0,2,20
10,720,50.400000,42.984000,1,0,19305417,1295,1,1295,-67,0,2,20
10,720,50.400000,42.984000,1,0,19305427,1296,1,1296,-67,0,2,20
10,720,50.400000,42.984000,1,0,19305437,1297,1,1297,-67,0,2,20
10,720,50.400000,42.984000,1,0,19305447,1298,1,1298,-67,0,2,20
10,720,50.400000,42.984000,1,0,19305456,1298,1,1298,-67,0,2,20
