10,360,21.600000,22.608000,0,0,19458103,780,0,780,0,0,3,20
10,360,21.600000,22.608000,0,0,19458104,780,0,780,0,0,3,20
10,360,21.600000,22.608000,0,0,19458114,780,1,780,1,0,3,20
10,360,21.600000,22.608000,0,0,19458123,780,1,780,1,0,3,20
10,360,21.600000,22.608000,0,0,19458133,780,1,780,1,0,3,20
10,360,21.600000,22.608000,0,0,19458143,781,1,781,1,0,3,20
10,360,21.600000,22.608000,0,0,19458155,786,1,786,1,0,3,20
10,360,21.600000,22.608000,0,0,19458168,800,1,800,1,0,3,20
10,360,21.600000,22.608000,0,0,19458184,830,1,830,1,0,3,20
10,360,21.600000,22.608000,0,0,19458199,892,3,892,3,0,3,20
10,360,21.600000,22.608000,0,0,19458215,992,4,992,4,0,3,20
10,360,21.600000,22.608000,0,0,19458230,1105,4,1105,4,0,3,20
10,360,21.600000,22.608000,0,0,19458242,1187,4,1187,4,0,3,20
10,360,21.600000,22.608000,0,0,19458258,1226,2,1226,2,0,3,20
10,360,21.600000,22.608000,0,0,19458274,1308,0,1308,-4,0,3,20
10,360,21.600000,22.608000,0,0,19458285,1328,0,1328,-5,0,3,20
10,360,21.600000,22.608000,0,0,19458296,1337,0,1337,-5,0,3,20
10,360,21.600000,22.608000,0,0,19458307,1342,0,1342,-5,0,3,20
10,360,21.600000,22.608000,0,0,19458317,1345,0,1345,-5,0,3,20
10,360,21.600000,22.608000,0,0,19458327,1348,0,1348,-5,0,3,20
10,360,21.600000,22.608000,0,0,19458337,1349,0,1349,-5,0,3,20
10,360,21.600000,22.608000,0,0,19458347,1349,0,1349,-5,0,3,20
10,360,21.600000,22.608000,0,0,19458358,1349,0,1349,-6,0,3,20
10,360,21.600000,22.608000,0,0,19458368,1350,0,1350,-6,0,3,20
10,360,21.600000,22.608000,0,0,19458378,1352,0,1352,-6,0,3,20
10,360,21.600000,22.608000,0,0,19458389,1353,0,1353,-6,0,3,20
10,360,21.600000,22.608000,0,0,19458403,1353,0,1353,-6,0,3,20
10,360,21.600000,22.608000,0,0,19458413,1353,0,1353,-6,0,3,20
10,360,21.600000,22.608000,0,0,19458423,1353,0,1353,-6,0,3,20
10,360,21.600000,22.608000,0,0,19458432,1353,0,1353,-6,0,3,20
10,360,21.600000,22.608000,0,0,19458442,1353,0,1353,-6,0,3,20
10,360,21.600000,22.608000,0,0,19458452,1353,0,1353,-6,0,3,20
10,360,21.600000,22.608000,0,0,19458462,1353,0,1353,-6,0,3,20
10,360,21.600000,22.608000,0,0,19458473,1350,0,1350,-6,0,3,20
10,360,21.600000,22.608000,0,0,19458483,1344,0,1344,-6,0,3,20
10,360,21.600000,22.608000,0,0,19458497,1337,1,1337,-5,0,3,20
10,360,21.600000,22.608000,0,0,19458508,1323,3,1323,-3,0,3,20
10,360,21.600000,22.608000,0,0,19458520,1311,4,1311,-2,0,3,20
10,360,21.600000,22.608000,0,0,19458531,1298,6,1298,0,0,3,20
10,360,21.600000,22.608000,0,0,19458542,1286,7,1286,1,0,3,20
10,360,21.600000,22.608000,0,0,19458553,1276,8,1276,2,0,3,20
10,360,21.600000,22.608000,0,0,19458564,1265,8,1265,2,0,3,20
10,360,21.600000,22.608000,0,0,19458575,1254,9,1254,3,0,3,20
10,360,21.600000,22.608000,0,0,19458586,1243,9,1243,3,0,3,20
10,360,21.600000,22.608000,0,0,19458596,1229,9,1229,3,0,3,20
10,360,21.600000,22.608000,0,0,19458610,1216,9,1216,3,0,3,20
10,360,21.600000,22.608000,0,0,19458624,1202,9,1202,3,0,3,20
10,360,21.600000,22.608000,0,0,19458640,1189,9,1189,3,0,3,20
10,360,21.600000,22.608000,0,0,19458654,1184,9,1184,3,0,3,20
10,360,21.600000,22.608000,0,0,19458669,1184,9,1184,3,0,3,20
10,360,21.600000,22.608000,0,0,19458680,1184,9,1184,3,0,3,20
10,360,21.600000,22.608000,0,0,19458690,1184,9,1184,3,0,3,20
10,360,21.600000,22.608000,0,0,19458700,1183,9,1183,3,0,3,20
10,360,21.600000,22.608000,0,0,19458711,1181,9,1181,3,0,3,20
10,360,21.600000,22.608000,0,0,19458721,1180,9,1180,3,0,3,20
10,360,21.600000,22.608000,0,0,19458732,1179,9,1179,3,0,3,20
10,360,21.600000,22.608000,0,0,19458742,1178,9,1178,3,0,3,20
10,360,21.600000,22.608000,0,0,19458752,1176,9,1176,3,0,3,20
10,360,21.600000,22.608000,0,0,19458766,1174,9,1174,3,0,3,20
10,360,21.600000,22.608000,0,0,19458776,1170,9,1170,3,0,3,20
10,360,21.600000,22.608000,0,0,19458787,1165,9,1165,3,0,3,20
10,360,21.600000,22.608000,0,0,19458796,1163,9,1163,3,0,3,20
10,360,21.600000,22.608000,0,0,19458807,1161,9,1161,3,0,3,20
10,360,21.600000,22.608000,0,0,19458817,1161,9,1161,3,0,3,20
10,360,21.600000,22.608000,0,0,19458827,1161,10,1161,4,0,3,20
10,360,21.600000,22.608000,0,0,19458837,1161,11,1161,5,0,3,20
10,360,21.600000,22.608000,0,0,19458847,1161,11,1161,5,0,3,20
10,360,21.600000,22.608000,0,0,19458856,1160,11,1160,5,0,3,20
10,360,21.600000,22.608000,0,0,19458867,1158,11,1158,5,0,3,20
10,360,21.600000,22.608000,0,0,19458878,1156,12,1156,6,0,3,20
10,360,21.600000,22.608000,0,0,19458888,1152,13,1152,7,0,3,20
10,360,21.600000,22.608000,0,0,19458898,1149,13,1149,7,0,3,20
10,360,21.600000,22.608000,0,0,19458909,1146,14,1146,8,0,3,20
10,360,21.600000,22.608000,0,0,19458923,1142,14,1142,8,0,3,20
10,360,21.600000,22.608000,0,0,19458939,1137,15,1137,9,0,3,20
10,360,21.600000,22.608000,0,0,19458955,1132,15,1132,9,0,3,20
10,360,21.600000,22.608000,0,0,19458964,1130,15,1130,9,0,3,20
10,360,21.600000,22.608000,0,0,19458975,1129,15,1129,9,0,3,20
10,360,21.600000,22.608000,0,0,19458988,1128,15,1128,9,0,3,20
10,360,21.600000,22.608000,0,0,19459004,1127,15,1127,9,0,3,20
10,360,21.600000,22.608000,0,0,19459018,1127,15,1127,9,0,3,20
10,360,21.600000,22.608000,0,0,19459034,1127,15,1127,9,0,3,20
10,360,21.600000,22.608000,0,0,19459050,1127,15,1127,9,1,3,20
