10,720,21.600000,12.276000,1,0,19500019,600,0,600,0,0,3,56
10,720,21.600000,12.276000,1,0,19500021,600,0,600,0,0,3,56
10,720,21.600000,12.276000,1,0,19500032,601,0,601,0,0,3,56
10,720,21.600000,12.276000,1,0,19500043,601,0,601,0,0,3,56
10,720,21.600000,12.276000,1,0,19500054,601,0,601,0,0,3,56
10,720,21.600000,12.276000,1,0,19500071,602,0,602,0,0,3,56
10,720,21.600000,12.276000,1,0,19500083,613,0,613,0,0,3,56
10,720,21.600000,12.276000,1,0,19500095,631,0,631,0,0,3,56
10,720,21.600000,12.276000,1,0,19500107,653,1,653,1,0,3,56
10,720,21.600000,12.276000,1,0,19500119,683,2,683,2,0,3,56
10,720,21.600000,12.276000,1,0,19500133,726,3,726,3,0,3,56
10,720,21.600000,12.276000,1,0,19500145,778,3,778,3,0,3,56
10,720,21.600000,12.276000,1,0,19500157,838,3,838,3,0,3,56
10,720,21.600000,12.276000,1,0,19500169,894,3,894,3,0,3,56
10,720,21.600000,12.276000,1,0,19500180,938,2,938,2,0,3,56
10,720,21.600000,12.276000,1,0,19500192,976,0,976,0,0,3,56
10,720,21.600000,12.276000,1,0,19500203,1005,0,1005,-2,0,3,56
10,720,21.600000,12.276000,1,0,19500215,1031,0,1031,-3,0,3,56
10,720,21.600000,12.276000,1,0,19500226,1057,0,1057,-3,0,3,56
10,720,21.600000,12.276000,1,0,19500237,1077,0,1077,-4,0,3,56
10,720,21.600000,12.276000,1,0,19500249,1093,0,1093,-5,0,3,56
10,720,21.600000,12.276000,1,0,19500260,1105,0,1105,-6,0,3,56
10,720,21.600000,12.276000,1,0,19500272,1113,0,1113,-7,0,3,56
10,720,21.600000,12.276000,1,0,19500283,1120,0,1120,-9,0,3,56
10,720,21.600000,12.276000,1,0,19500294,1124,0,1124,-9,0,3,56
10,720,21.600000,12.276000,1,0,19500305,1126,0,1126,-10,0,3,56
10,720,21.600000,12.276000,1,0,19500316,1127,0,1127,-10,0,3,56
10,720,21.600000,12.276000,1,0,19500325,1128,0,1128,-10,0,3,56
10,720,21.600000,12.276000,1,0,19500337,1129,0,1129,-10,0,3,56
10,720,21.600000,12.276000,1,0,19500349,1131,0,1131,-10,0,3,56
10,720,21.600000,12.276000,1,0,19500362,1135,0,1135,-10,0,3,56
10,720,21.600000,12.276000,1,0,19500375,1143,0,1143,-10,0,3,56
10,720,21.600000,12.276000,1,0,19500390,1156,0,1156,-10,0,3,56
10,720,21.600000,12.276000,1,0,19500401,1175,0,1175,-10,0,3,56
10,720,21.600000,12.276000,1,0,19500413,1188,0,1188,-11,0,3,56
10,720,21.600000,12.276000,1,0,19500425,1215,0,1215,-13,0,3,56
10,720,21.600000,12.276000,1,0,19500437,1225,0,1225,-14,0,3,56
10,720,21.600000,12.276000,1,0,19500448,1234,0,1234,-15,0,3,56
10,720,21.600000,12.276000,1,0,19500460,1243,0,1243,-16,0,3,56
10,720,21.600000,12.276000,1,0,19500472,1250,0,1250,-16,0,3,56
10,720,21.600000,12.276000,1,0,19500484,1256,0,1256,-16,0,3,56
10,720,21.600000,12.276000,1,0,19500495,1262,0,1262,-16,0,3,56
10,720,21.600000,12.276000,1,0,19500507,1267,0,1267,-16,0,3,56
10,720,21.600000,12.276000,1,0,19500519,1271,0,1271,-16,0,3,56
10,720,21.600000,12.276000,1,0,19500530,1275,0,1275,-16,0,3,56
10,720,21.600000,12.276000,1,0,19500540,1279,0,1279,-16,0,3,56
10,720,21.600000,12.276000,1,0,19500551,1282,0,1282,-16,0,3,56
10,720,21.600000,12.276000,1,0,19500562,1282,0,1282,-16,0,3,56
10,720,21.600000,12.276000,1,0,19500573,1282,0,1282,-16,0,3,56
10,720,21.600000,12.276000,1,0,19500586,1283,0,1283,-16,0,3,56
10,720,21.600000,12.276000,1,0,19500597,1283,0,1283,-16,0,3,56
10,720,21.600000,12.276000,1,0,19500613,1284,0,1284,-16,0,3,56
10,720,21.600000,12.276000,1,0,19500624,1286,0,1286,-16,0,3,56
10,720,21.600000,12.276000,1,0,19500635,1286,0,1286,-16,0,3,56
10,720,21.600000,12.276000,1,0,19500645,1286,0,1286,-16,0,3,56
10,720,21.600000,12.276000,1,0,19500656,1286,0,1286,-16,0,3,56
10,720,21.600000,12.276000,1,0,19500672,1286,0,1286,-16,0,3,56
10,720,21.600000,12.276000,1,0,19500683,1289,1,1289,-15,0,3,56
10,720,21.600000,12.276000,1,0,19500694,1292,2,1292,-14,0,3,56
10,720,21.600000,12.276000,1,0,19500705,1296,2,1296,-14,0,3,56
10,720,21.600000,12.276000,1,0,19500716,1298,2,1298,-14,0,3,56
10,720,21.600000,12.276000,1,0,19500727,1299,2,1299,-14,0,3,56
10,720,21.600000,12.276000,1,0,19500737,1299,2,1299,-14,0,3,56
10,720,21.600000,12.276000,1,0,19500748,1299,2,1299,-14,0,3,56
10,720,21.600000,12.276000,1,0,19500758,1299,2,1299,-14,0,3,56
10,720,21.600000,12.276000,1,0,19500769,1300,2,1300,-14,0,3,56
10,720,21.600000,12.276000,1,0,19500780,1301,3,1301,-13,0,3,56
10,720,21.600000,12.276000,1,0,19500790,1303,3,1303,-13,0,3,56
10,720,21.600000,12.276000,1,0,19500801,1305,4,1305,-12,0,3,56
10,720,21.600000,12.276000,1,0,19500811,1306,4,1306,-12,0,3,56
10,720,21.600000,12.276000,1,0,19500821,1306,4,1306,-12,0,3,56
10,720,21.600000,12.276000,1,0,19500832,1306,4,1306,-12,0,3,56
10,720,21.600000,12.276000,1,0,19500848,1306,4,1306,-12,0,3,56
10,720,21.600000,12.276000,1,0,19500858,1307,4,1307,-12,0,3,56
10,720,21.600000,12.276000,1,0,19500869,1309,5,1309,-11,0,3,56
10,720,21.600000,12.276000,1,0,19500880,1310,6,1310,-10,0,3,56
10,720,21.600000,12.276000,1,0,19500890,1311,6,1311,-10,0,3,56
10,720,21.600000,12.276000,1,0,19500900,1311,6,1311,-10,0,3,56
10,720,21.600000,12.276000,1,0,19500911,1311,6,1311,-10,0,3,56
10,720,21.600000,12.276000,1,0,19500921,1311,6,1311,-10,0,3,56
10,720,21.600000,12.276000,1,0,19500931,1311,6,1311,-10,0,3,56
10,720,21.600000,12.276000,1,0,19500942,1311,6,1311,-10,0,3,56
10,720,21.600000,12.276000,1,0,19500952,1311,6,1311,-10,0,3,56
10,720,21.600000,12.276000,1,0,19500962,1312,6,1312,-10,0,3,56
10,720,21.600000,12.276000,1,0,19500974,1313,6,1313,-10,0,3,56
10,720,21.600000,12.276000,1,0,19500984,1313,6,1313,-10,0,3,56
10,720,21.600000,12.276000,1,0,19500995,1313,6,1313,-10,0,3,56
10,720,21.600000,12.276000,1,0,19501006,1313,6,1313,-10,0,3,56
10,720,21.600000,12.276000,1,0,19501016,1313,6,1313,-10,0,3,56
