10,720,21.600000,42.984000,0,0,19463259,600,0,600,0,0,3,24
10,720,21.600000,42.984000,0,0,19463260,600,0,600,0,0,3,24
10,720,21.600000,42.984000,0,0,19463270,600,0,600,0,0,3,24
10,720,21.600000,42.984000,0,0,19463286,600,0,600,0,0,3,24
10,720,21.600000,42.984000,0,0,19463297,600,0,600,0,0,3,24
10,720,21.600000,42.984000,0,0,19463309,600,0,600,0,0,3,24
10,720,21.600000,42.984000,0,0,19463320,607,0,607,0,0,3,24
10,720,21.600000,42.984000,0,0,19463331,620,1,620,1,0,3,24
10,720,21.600000,42.984000,0,0,19463342,643,3,643,3,0,3,24
10,720,21.600000,42.984000,0,0,19463353,681,3,681,3,0,3,24
10,720,21.600000,42.984000,0,0,19463363,716,2,716,2,0,3,24
10,720,21.600000,42.984000,0,0,19463375,772,0,772,-1,0,3,24
10,720,21.600000,42.984000,0,0,19463386,840,0,840,-6,0,3,24
10,720,21.600000,42.984000,0,0,19463397,917,0,917,-11,0,3,24
10,720,21.600000,42.984000,0,0,19463407,998,0,998,-16,0,3,24
10,720,21.600000,42.984000,0,0,19463418,1057,0,1057,-19,0,3,24
10,720,21.600000,42.984000,0,0,19463429,1115,0,1115,-20,0,3,24
10,720,21.600000,42.984000,0,0,19463440,1159,0,1159,-20,0,3,24
10,720,21.600000,42.984000,0,0,19463450,1191,0,1191,-20,0,3,24
10,720,21.600000,42.984000,0,0,19463462,1220,2,1220,-18,0,3,24
10,720,21.600000,42.984000,0,0,19463472,1240,4,1240,-16,0,3,24
10,720,21.600000,42.984000,0,0,19463487,1258,6,1258,-14,0,3,24
10,720,21.600000,42.984000,0,0,19463499,1274,8,1274,-12,0,3,24
10,720,21.600000,42.984000,0,0,19463512,1284,9,1284,-11,0,3,24
10,720,21.600000,42.984000,0,0,19463523,1292,10,1292,-10,0,3,24
10,720,21.600000,42.984000,0,0,19463534,1297,10,1297,-10,0,3,24
10,720,21.600000,42.984000,0,0,19463545,1300,10,1300,-10,0,3,24
10,720,21.600000,42.984000,0,0,19463556,1301,10,1301,-10,0,3,24
10,720,21.600000,42.984000,0,0,19463567,1302,10,1302,-10,0,3,24
10,720,21.600000,42.984000,0,0,19463582,1304,10,1304,-10,0,3,24
10,720,21.600000,42.984000,0,0,19463593,1306,10,1306,-10,0,3,24
10,720,21.600000,42.984000,0,0,19463604,1309,10,1309,-10,0,3,24
10,720,21.600000,42.984000,0,0,19463615,1313,10,1313,-10,0,3,24
10,720,21.600000,42.984000,0,0,19463625,1318,10,1318,-10,0,3,24
10,720,21.600000,42.984000,0,0,19463636,1324,11,1324,-9,0,3,24
10,720,21.600000,42.984000,0,0,19463647,1331,11,1331,-9,0,3,24
10,720,21.600000,42.984000,0,0,19463658,1335,12,1335,-8,0,3,24
10,720,21.600000,42.984000,0,0,19463668,1335,12,1335,-8,0,3,24
10,720,21.600000,42.984000,0,0,19463679,1335,12,1335,-8,0,3,24
10,720,21.600000,42.984000,0,0,19463690,1335,12,1335,-8,0,3,24
10,720,21.600000,42.984000,0,0,19463701,1335,12,1335,-8,0,3,24
10,720,21.600000,42.984000,0,0,19463712,1335,12,1335,-8,0,3,24
10,720,21.600000,42.984000,0,0,19463723,1334,12,1334,-8,0,3,24
10,720,21.600000,42.984000,0,0,19463733,1333,12,1333,-8,0,3,24
10,720,21.600000,42.984000,0,0,19463743,1332,13,1332,-7,0,3,24
10,720,21.600000,42.984000,0,0,19463754,1332,13,1332,-7,0,3,24
10,720,21.600000,42.984000,0,0,19463764,1331,13,1331,-7,0,3,24
10,720,21.600000,42.984000,0,0,19463775,1330,14,1330,-6,0,3,24
10,720,21.600000,42.984000,0,0,19463786,1329,15,1329,-5,0,3,24
10,720,21.600000,42.984000,0,0,19463797,1329,15,1329,-5,0,3,24
10,720,21.600000,42.984000,0,0,19463807,1329,15,1329,-5,0,3,24
10,720,21.600000,42.984000,0,0,19463817,1329,15,1329,-5,0,3,24
10,720,21.600000,42.984000,0,0,19463828,1329,15,1329,-5,0,3,24
10,720,21.600000,42.984000,0,0,19463838,1328,15,1328,-5,0,3,24
10,720,21.600000,42.984000,0,0,19463849,1328,15,1328,-5,0,3,24
10,720,21.600000,42.984000,0,0,19463859,1328,15,1328,-5,0,3,24
10,720,21.600000,42.984000,0,0,19463869,1328,15,1328,-5,0,3,24
10,720,21.600000,42.984000,0,0,19463879,1328,15,1328,-5,0,3,24
