10,720,82.800000,12.276000,1,1,19441858,600,22,600,22,1,3,8
10,720,82.800000,12.276000,1,1,19441859,600,22,600,22,1,3,8
10,720,82.800000,12.276000,1,1,19441870,601,22,601,22,1,3,8
10,720,82.800000,12.276000,1,1,19441881,601,23,601,23,1,3,8
10,720,82.800000,12.276000,1,1,19441896,602,23,602,23,1,3,8
10,720,82.800000,12.276000,1,1,19441911,603,23,603,23,1,3,8
10,720,82.800000,12.276000,1,1,19441922,614,23,614,23,1,3,8
10,720,82.800000,12.276000,1,1,19441933,640,24,640,24,1,3,8
10,720,82.800000,12.276000,1,1,19441946,686,27,686,27,1,3,8
10,720,82.800000,12.276000,1,1,19441957,775,31,775,31,1,3,8
10,720,82.800000,12.276000,1,1,19441967,852,30,852,30,1,3,8
10,720,82.800000,12.276000,1,1,19441978,941,24,941,24,1,3,8
10,720,82.800000,12.276000,1,1,19441989,1033,15,1033,15,1,3,8
10,720,82.800000,12.276000,1,1,19442000,1113,1,1113,1,1,3,8
10,720,82.800000,12.276000,1,1,19442010,1179,0,1179,-13,1,3,8
10,720,82.800000,12.276000,1,1,19442022,1231,0,1231,-23,1,3,8
10,720,82.800000,12.276000,1,1,19442034,1259,0,1259,-29,1,3,8
10,720,82.800000,12.276000,1,1,19442045,1276,0,1276,-31,1,3,8
10,720,82.800000,12.276000,1,1,19442057,1282,0,1282,-31,1,3,8
10,720,82.800000,12.276000,1,1,19442068,1283,0,1283,-31,1,3,8
10,720,82.800000,12.276000,1,1,19442079,1283,0,1283,-31,1,3,8
10,720,82.800000,12.276000,1,1,19442089,1283,0,1283,-31,1,3,8
10,720,82.800000,12.276000,1,1,19442100,1283,0,1283,-31,1,3,8
10,720,82.800000,12.276000,1,1,19442113,1283,0,1283,-31,1,3,8
10,720,82.800000,12.276000,1,1,19442124,1283,0,1283,-31,1,3,8
10,720,82.800000,12.276000,1,1,19442141,1283,0,1283,-31,1,3,8
10,720,82.800000,12.276000,1,1,19442153,1283,0,1283,-31,1,3,8
10,720,82.800000,12.276000,1,1,19442163,1283,0,1283,-31,1,3,8
10,720,82.800000,12.276000,1,1,19442178,1285,0,1285,-31,1,3,8
10,720,82.800000,12.276000,1,1,19442194,1289,0,1289,-31,1,3,8
10,720,82.800000,12.276000,1,1,19442210,1298,0,1298,-31,1,3,8
10,720,82.800000,12.276000,1,1,19442220,1316,2,1316,-29,1,3,8
10,720,82.800000,12.276000,1,1,19442233,1327,4,1327,-27,1,3,8
10,720,82.800000,12.276000,1,1,19442245,1335,4,1335,-27,1,3,8
10,720,82.800000,12.276000,1,1,19442260,1336,4,1336,-27,1,3,8
10,720,82.800000,12.276000,1,1,19442271,1336,4,1336,-27,1,3,8
10,720,82.800000,12.276000,1,1,19442282,1333,3,1333,-28,1,3,8
10,720,82.800000,12.276000,1,1,19442293,1330,3,1330,-28,1,3,8
10,720,82.800000,12.276000,1,1,19442303,1326,3,1326,-28,0,3,8
