10,720,50.400000,22.608000,1,0,19478386,600,0,600,0,0,3,37
10,720,50.400000,22.608000,1,0,19478387,600,0,600,0,0,3,37
10,720,50.400000,22.608000,1,0,19478398,601,1,601,1,0,3,37
10,720,50.400000,22.608000,1,0,19478409,602,3,602,3,0,3,37
10,720,50.400000,22.608000,1,0,19478420,602,4,602,4,0,3,37
10,720,50.400000,22.608000,1,0,19478431,603,4,603,4,0,3,37
10,720,50.400000,22.608000,1,0,19478442,604,4,604,4,0,3,37
10,720,50.400000,22.608000,1,0,19478458,610,4,610,4,0,3,37
10,720,50.400000,22.608000,1,0,19478476,626,6,626,6,0,3,37
10,720,50.400000,22.608000,1,0,19478488,665,6,665,6,0,3,37
10,720,50.400000,22.608000,1,0,19478498,702,6,702,6,0,3,37
10,720,50.400000,22.608000,1,0,19478511,748,4,748,4,0,3,37
10,720,50.400000,22.608000,1,0,19478523,817,1,817,1,0,3,37
10,720,50.400000,22.608000,1,0,19478536,900,0,900,-4,0,3,37
10,720,50.400000,22.608000,1,0,19478547,991,0,991,-10,0,3,37
10,720,50.400000,22.608000,1,0,19478559,1067,0,1067,-17,0,3,37
10,720,50.400000,22.608000,1,0,19478572,1130,0,1130,-25,0,3,37
10,720,50.400000,22.608000,1,0,19478583,1186,0,1186,-35,0,3,37
10,720,50.400000,22.608000,1,0,19478593,1213,0,1213,-40,0,3,37
10,720,50.400000,22.608000,1,0,19478605,1236,0,1236,-46,0,3,37
10,720,50.400000,22.608000,1,0,19478616,1255,0,1255,-50,0,3,37
10,720,50.400000,22.608000,1,0,19478631,1274,0,1274,-53,0,3,37
10,720,50.400000,22.608000,1,0,19478647,1302,0,1302,-58,0,3,37
10,720,50.400000,22.608000,1,0,19478663,1323,0,1323,-60,0,3,37
10,720,50.400000,22.608000,1,0,19478674,1330,0,1330,-62,0,3,37
10,720,50.400000,22.608000,1,0,19478684,1331,0,1331,-63,0,3,37
10,720,50.400000,22.608000,1,0,19478695,1334,0,1334,-65,0,3,37
10,720,50.400000,22.608000,1,0,19478710,1336,0,1336,-66,0,3,37
10,720,50.400000,22.608000,1,0,19478727,1338,0,1338,-66,0,3,37
10,720,50.400000,22.608000,1,0,19478742,1339,0,1339,-66,0,3,37
10,720,50.400000,22.608000,1,0,19478752,1339,0,1339,-66,0,3,37
10,720,50.400000,22.608000,1,0,19478763,1340,0,1340,-66,0,3,37
10,720,50.400000,22.608000,1,0,19478773,1342,0,1342,-66,0,3,37
10,720,50.400000,22.608000,1,0,19478789,1344,0,1344,-66,0,3,37
10,720,50.400000,22.608000,1,0,19478799,1345,0,1345,-66,0,3,37
10,720,50.400000,22.608000,1,0,19478810,1345,0,1345,-66,0,3,37
10,720,50.400000,22.608000,1,0,19478821,1345,0,1345,-66,0,3,37
10,720,50.400000,22.608000,1,0,19478833,1345,0,1345,-66,0,3,37
10,720,50.400000,22.608000,1,0,19478849,1345,0,1345,-66,0,3,37
10,720,50.400000,22.608000,1,0,19478865,1345,0,1345,-66,0,3,37
