10,360,21.600000,42.984000,0,0,19471132,780,0,780,0,0,3,31
10,360,21.600000,42.984000,0,0,19471133,780,0,780,0,0,3,31
10,360,21.600000,42.984000,0,0,19471143,781,0,781,0,0,3,31
10,360,21.600000,42.984000,0,0,19471154,781,0,781,0,0,3,31
10,360,21.600000,42.984000,0,0,19471165,781,0,781,0,0,3,31
10,360,21.600000,42.984000,0,0,19471176,782,0,782,0,0,3,31
10,360,21.600000,42.984000,0,0,19471189,785,0,785,0,0,3,31
10,360,21.600000,42.984000,0,0,19471200,791,0,791,0,0,3,31
10,360,21.600000,42.984000,0,0,19471210,796,0,796,0,0,3,31
10,360,21.600000,42.984000,0,0,19471221,802,0,802,0,0,3,31
10,360,21.600000,42.984000,0,0,19471232,811,1,811,1,0,3,31
10,360,21.600000,42.984000,0,0,19471244,824,3,824,3,0,3,31
10,360,21.600000,42.984000,0,0,19471256,842,5,842,5,0,3,31
10,360,21.600000,42.984000,0,0,19471266,863,6,863,6,0,3,31
10,360,21.600000,42.984000,0,0,19471280,885,7,885,7,0,3,31
10,360,21.600000,42.984000,0,0,19471291,906,7,906,7,0,3,31
10,360,21.600000,42.984000,0,0,19471307,920,6,920,6,0,3,31
10,360,21.600000,42.984000,0,0,19471319,938,4,938,4,0,3,31
10,360,21.600000,42.984000,0,0,19471331,946,1,946,1,0,3,31
10,360,21.600000,42.984000,0,0,19471342,956,0,956,-2,0,3,31
10,360,21.600000,42.984000,0,0,19471352,965,0,965,-3,0,3,31
10,360,21.600000,42.984000,0,0,19471363,978,0,978,-4,0,3,31
10,360,21.600000,42.984000,0,0,19471375,994,0,994,-4,0,3,31
10,360,21.600000,42.984000,0,0,19471388,1011,0,1011,-4,0,3,31
10,360,21.600000,42.984000,0,0,19471400,1029,0,1029,-4,0,3,31
10,360,21.600000,42.984000,0,0,19471412,1040,0,1040,-4,0,3,31
10,360,21.600000,42.984000,0,0,19471423,1048,0,1048,-4,0,3,31
10,360,21.600000,42.984000,0,0,19471434,1055,0,1055,-4,0,3,31
10,360,21.600000,42.984000,0,0,19471445,1060,1,1060,-3,0,3,31
10,360,21.600000,42.984000,0,0,19471457,1067,2,1067,-2,0,3,31
10,360,21.600000,42.984000,0,0,19471469,1078,3,1078,-1,0,3,31
10,360,21.600000,42.984000,0,0,19471480,1089,3,1089,-1,0,3,31
10,360,21.600000,42.984000,0,0,19471491,1098,3,1098,-1,0,3,31
10,360,21.600000,42.984000,0,0,19471501,1106,3,1106,-1,0,3,31
10,360,21.600000,42.984000,0,0,19471512,1114,3,1114,-1,0,3,31
10,360,21.600000,42.984000,0,0,19471522,1123,3,1123,-1,0,3,31
10,360,21.600000,42.984000,0,0,19471536,1130,3,1130,-1,0,3,31
10,360,21.600000,42.984000,0,0,19471551,1134,2,1134,-2,0,3,31
10,360,21.600000,42.984000,0,0,19471568,1135,1,1135,-3,0,3,31
10,360,21.600000,42.984000,0,0,19471579,1135,1,1135,-3,0,3,31
10,360,21.600000,42.984000,0,0,19471590,1135,1,1135,-3,0,3,31
10,360,21.600000,42.984000,0,0,19471606,1135,1,1135,-3,0,3,31
10,360,21.600000,42.984000,0,0,19471616,1137,1,1137,-3,0,3,31
10,360,21.600000,42.984000,0,0,19471627,1139,1,1139,-3,0,3,31
10,360,21.600000,42.984000,0,0,19471638,1140,1,1140,-3,0,3,31
10,360,21.600000,42.984000,0,0,19471648,1140,1,1140,-3,0,3,31
10,360,21.600000,42.984000,0,0,19471660,1141,1,1141,-3,0,3,31
10,360,21.600000,42.984000,0,0,19471670,1141,1,1141,-3,0,3,31
10,360,21.600000,42.984000,0,0,19471681,1141,1,1141,-3,0,3,31
10,360,21.600000,42.984000,0,0,19471691,1141,1,1141,-3,0,3,31
10,360,21.600000,42.984000,0,0,19471702,1141,1,1141,-3,0,3,31
10,360,21.600000,42.984000,0,0,19471712,1141,1,1141,-3,0,3,31
10,360,21.600000,42.984000,0,0,19471722,1141,1,1141,-3,0,3,31
