10,720,82.800000,12.276000,0,0,19440452,600,0,600,0,0,3,7
10,720,82.800000,12.276000,0,0,19440453,600,0,600,0,0,3,7
10,720,82.800000,12.276000,0,0,19440464,600,0,600,0,0,3,7
10,720,82.800000,12.276000,0,0,19440474,600,0,600,0,0,3,7
10,720,82.800000,12.276000,0,0,19440485,600,0,600,0,0,3,7
10,720,82.800000,12.276000,0,0,19440495,600,0,600,0,0,3,7
10,720,82.800000,12.276000,0,0,19440506,601,1,601,1,0,3,7
10,720,82.800000,12.276000,0,0,19440518,604,2,604,2,0,3,7
10,720,82.800000,12.276000,0,0,19440530,610,2,610,2,0,3,7
10,720,82.800000,12.276000,0,0,19440542,624,2,624,2,0,3,7
10,720,82.800000,12.276000,0,0,19440554,658,1,658,1,0,3,7
10,720,82.800000,12.276000,0,0,19440566,707,0,707,-3,0,3,7
10,720,82.800000,12.276000,0,0,19440577,790,0,790,-12,0,3,7
10,720,82.800000,12.276000,0,0,19440587,882,0,882,-19,0,3,7
10,720,82.800000,12.276000,0,0,19440598,953,0,953,-29,0,3,7
10,720,82.800000,12.276000,0,0,19440609,1034,0,1034,-46,0,3,7
10,720,82.800000,12.276000,0,0,19440620,1095,0,1095,-62,0,3,7
10,720,82.800000,12.276000,0,0,19440631,1141,0,1141,-74,0,3,7
10,720,82.800000,12.276000,0,0,19440641,1174,0,1174,-83,0,3,7
10,720,82.800000,12.276000,0,0,19440653,1195,0,1195,-87,0,3,7
10,720,82.800000,12.276000,0,0,19440665,1204,0,1204,-89,0,3,7
10,720,82.800000,12.276000,0,0,19440676,1207,0,1207,-90,0,3,7
10,720,82.800000,12.276000,0,0,19440687,1209,0,1209,-90,0,3,7
10,720,82.800000,12.276000,0,0,19440697,1211,0,1211,-90,0,3,7
10,720,82.800000,12.276000,0,0,19440709,1214,0,1214,-90,0,3,7
10,720,82.800000,12.276000,0,0,19440720,1220,0,1220,-90,0,3,7
10,720,82.800000,12.276000,0,0,19440731,1230,0,1230,-90,0,3,7
10,720,82.800000,12.276000,0,0,19440742,1240,0,1240,-90,0,3,7
10,720,82.800000,12.276000,0,0,19440753,1252,0,1252,-90,0,3,7
10,720,82.800000,12.276000,0,0,19440764,1262,0,1262,-90,0,3,7
10,720,82.800000,12.276000,0,0,19440775,1269,0,1269,-90,0,3,7
10,720,82.800000,12.276000,0,0,19440791,1275,0,1275,-90,0,3,7
10,720,82.800000,12.276000,0,0,19440803,1285,0,1285,-90,0,3,7
10,720,82.800000,12.276000,0,0,19440814,1288,0,1288,-90,0,3,7
10,720,82.800000,12.276000,0,0,19440825,1289,0,1289,-90,0,3,7
10,720,82.800000,12.276000,0,0,19440835,1289,0,1289,-90,0,3,7
10,720,82.800000,12.276000,0,0,19440846,1289,0,1289,-91,0,3,7
10,720,82.800000,12.276000,0,0,19440857,1288,0,1288,-91,0,3,7
10,720,82.800000,12.276000,0,0,19440868,1284,0,1284,-93,0,3,7
10,720,82.800000,12.276000,0,0,19440879,1279,0,1279,-96,0,3,7
10,720,82.800000,12.276000,0,0,19440890,1277,0,1277,-96,0,3,7
10,720,82.800000,12.276000,0,0,19440900,1277,0,1277,-97,0,3,7
10,720,82.800000,12.276000,0,0,19440911,1277,0,1277,-98,0,3,7
10,720,82.800000,12.276000,0,0,19440923,1277,0,1277,-98,0,3,7
10,720,82.800000,12.276000,0,0,19440932,1277,0,1277,-98,0,3,7
10,720,82.800000,12.276000,0,0,19440942,1277,0,1277,-98,0,3,7
10,720,82.800000,12.276000,0,0,19440953,1277,0,1277,-98,0,3,7
10,720,82.800000,12.276000,0,0,19440964,1277,0,1277,-98,0,3,7
10,720,82.800000,12.276000,0,0,19440975,1277,0,1277,-98,0,3,7
10,720,82.800000,12.276000,0,0,19440985,1277,0,1277,-98,0,3,7
10,720,82.800000,12.276000,0,0,19440995,1277,0,1277,-98,0,3,7
10,720,82.800000,12.276000,0,0,19441006,1277,0,1277,-98,0,3,7
10,720,82.800000,12.276000,0,0,19441016,1277,0,1277,-98,0,3,7
10,720,82.800000,12.276000,0,0,19441027,1277,0,1277,-98,0,3,7
10,720,82.800000,12.276000,0,0,19441037,1277,0,1277,-98,0,3,7
10,720,82.800000,12.276000,0,0,19441047,1277,0,1277,-98,1,3,7
