10,360,50.400000,10000.000000,0,0,19552816,780,0,780,0,0,3,97
10,360,50.400000,10000.000000,0,0,19552817,780,0,780,0,0,3,97
10,360,50.400000,10000.000000,0,0,19552827,780,0,780,0,0,3,97
10,360,50.400000,10000.000000,0,0,19552838,780,0,780,0,0,3,97
10,360,50.400000,10000.000000,0,0,19552849,780,0,780,0,0,3,97
10,360,50.400000,10000.000000,0,0,19552860,782,0,782,0,0,3,97
10,360,50.400000,10000.000000,0,0,19552871,785,0,785,0,0,3,97
10,360,50.400000,10000.000000,0,0,19552882,792,1,792,1,0,3,97
10,360,50.400000,10000.000000,0,0,19552893,804,1,804,1,0,3,97
10,360,50.400000,10000.000000,0,0,19552905,822,1,822,1,0,3,97
10,360,50.400000,10000.000000,0,0,19552916,850,2,850,2,0,3,97
10,360,50.400000,10000.000000,0,0,19552926,886,3,886,3,0,3,97
10,360,50.400000,10000.000000,0,0,19552937,923,3,923,3,0,3,97
10,360,50.400000,10000.000000,0,0,19552947,962,3,962,3,0,3,97
10,360,50.400000,10000.000000,0,0,19552963,998,2,998,2,0,3,97
10,360,50.400000,10000.000000,0,0,19552978,1041,0,1041,-2,0,3,97
10,360,50.400000,10000.000000,0,0,19552994,1073,0,1073,-7,0,3,97
10,360,50.400000,10000.000000,0,0,19553005,1087,0,1087,-11,0,3,97
10,360,50.400000,10000.000000,0,0,19553015,1089,0,1089,-12,0,3,97
10,360,50.400000,10000.000000,0,0,19553026,1090,0,1090,-14,0,3,97
10,360,50.400000,10000.000000,0,0,19553037,1090,0,1090,-14,0,3,97
10,360,50.400000,10000.000000,0,0,19553047,1090,0,1090,-14,0,3,97
10,360,50.400000,10000.000000,0,0,19553057,1090,0,1090,-14,0,3,97
10,360,50.400000,10000.000000,0,0,19553068,1090,0,1090,-14,0,3,97
10,360,50.400000,10000.000000,0,0,19553078,1091,0,1091,-14,0,3,97
10,360,50.400000,10000.000000,0,0,19553089,1092,0,1092,-14,0,3,97
10,360,50.400000,10000.000000,0,0,19553100,1094,0,1094,-14,0,3,97
10,360,50.400000,10000.000000,0,0,19553110,1097,0,1097,-14,0,3,97
10,360,50.400000,10000.000000,0,0,19553122,1102,0,1102,-14,0,3,97
10,360,50.400000,10000.000000,0,0,19553133,1107,0,1107,-14,0,3,97
10,360,50.400000,10000.000000,0,0,19553142,1112,0,1112,-14,0,3,97
10,360,50.400000,10000.000000,0,0,19553152,1116,0,1116,-14,0,3,97
10,360,50.400000,10000.000000,0,0,19553164,1117,0,1117,-14,0,3,97
10,360,50.400000,10000.000000,0,0,19553173,1117,0,1117,-14,0,3,97
10,360,50.400000,10000.000000,0,0,19553185,1117,0,1117,-14,0,3,97
10,360,50.400000,10000.000000,0,0,19553195,1117,0,1117,-14,0,3,97
10,360,50.400000,10000.000000,0,0,19553205,1117,0,1117,-14,0,3,97
10,360,50.400000,10000.000000,0,0,19553216,1117,0,1117,-14,0,3,97
10,360,50.400000,10000.000000,0,0,19553226,1117,0,1117,-14,0,3,97
10,360,50.400000,10000.000000,0,0,19553236,1117,0,1117,-14,0,3,97
10,360,50.400000,10000.000000,0,0,19553246,1117,0,1117,-14,0,3,97
10,360,50.400000,10000.000000,0,0,19553257,1117,0,1117,-14,0,3,97
10,360,50.400000,10000.000000,0,0,19553268,1118,0,1118,-14,0,3,97
10,360,50.400000,10000.000000,0,0,19553279,1118,0,1118,-14,0,3,97
10,360,50.400000,10000.000000,0,0,19553290,1118,0,1118,-14,0,3,97
10,360,50.400000,10000.000000,0,0,19553300,1118,0,1118,-14,0,3,97
10,360,50.400000,10000.000000,0,0,19553311,1118,0,1118,-14,0,3,97
10,360,50.400000,10000.000000,0,0,19553320,1118,0,1118,-14,0,3,97
