10,360,21.600000,0.000000,1,0,19460585,780,0,780,0,0,3,22
10,360,21.600000,0.000000,1,0,19460586,780,0,780,0,0,3,22
10,360,21.600000,0.000000,1,0,19460601,781,0,781,0,0,3,22
10,360,21.600000,0.000000,1,0,19460618,782,0,782,0,0,3,22
10,360,21.600000,0.000000,1,0,19460634,782,0,782,0,0,3,22
10,360,21.600000,0.000000,1,0,19460651,789,1,789,1,0,3,22
10,360,21.600000,0.000000,1,0,19460665,818,3,818,3,0,3,22
10,360,21.600000,0.000000,1,0,19460679,860,7,860,7,0,3,22
10,360,21.600000,0.000000,1,0,19460691,927,11,927,11,0,3,22
10,360,21.600000,0.000000,1,0,19460703,973,12,973,12,0,3,22
10,360,21.600000,0.000000,1,0,19460715,1024,12,1024,12,0,3,22
10,360,21.600000,0.000000,1,0,19460726,1052,11,1052,11,0,3,22
10,360,21.600000,0.000000,1,0,19460741,1067,8,1067,8,0,3,22
10,360,21.600000,0.000000,1,0,19460757,1074,6,1074,6,0,3,22
10,360,21.600000,0.000000,1,0,19460768,1076,5,1076,5,0,3,22
10,360,21.600000,0.000000,1,0,19460779,1077,5,1077,5,0,3,22
10,360,21.600000,0.000000,1,0,19460790,1079,5,1079,5,0,3,22
10,360,21.600000,0.000000,1,0,19460804,1080,5,1080,5,0,3,22
10,360,21.600000,0.000000,1,0,19460819,1082,5,1082,5,0,3,22
10,360,21.600000,0.000000,1,0,19460835,1085,5,1085,5,0,3,22
10,360,21.600000,0.000000,1,0,19460846,1088,5,1088,5,0,3,22
10,360,21.600000,0.000000,1,0,19460857,1089,4,1089,4,0,3,22
10,360,21.600000,0.000000,1,0,19460873,1089,4,1089,4,0,3,22
10,360,21.600000,0.000000,1,0,19460883,1090,4,1090,4,0,3,22
10,360,21.600000,0.000000,1,0,19460894,1091,4,1091,4,0,3,22
10,360,21.600000,0.000000,1,0,19460905,1092,4,1092,4,0,3,22
10,360,21.600000,0.000000,1,0,19460916,1094,4,1094,4,0,3,22
10,360,21.600000,0.000000,1,0,19460926,1095,4,1095,4,0,3,22
10,360,21.600000,0.000000,1,0,19460937,1097,4,1097,4,0,3,22
10,360,21.600000,0.000000,1,0,19460947,1100,3,1100,3,0,3,22
10,360,21.600000,0.000000,1,0,19460958,1103,3,1103,3,0,3,22
10,360,21.600000,0.000000,1,0,19460969,1108,3,1108,3,0,3,22
10,360,21.600000,0.000000,1,0,19460981,1115,3,1115,3,0,3,22
10,360,21.600000,0.000000,1,0,19460993,1123,3,1123,3,0,3,22
10,360,21.600000,0.000000,1,0,19461006,1130,3,1130,3,0,3,22
10,360,21.600000,0.000000,1,0,19461021,1136,3,1136,3,0,3,22
10,360,21.600000,0.000000,1,0,19461032,1139,2,1139,2,0,3,22
10,360,21.600000,0.000000,1,0,19461042,1140,2,1140,2,0,3,22
10,360,21.600000,0.000000,1,0,19461054,1141,2,1141,2,0,3,22
10,360,21.600000,0.000000,1,0,19461065,1142,2,1142,2,0,3,22
10,360,21.600000,0.000000,1,0,19461075,1142,2,1142,2,0,3,22
10,360,21.600000,0.000000,1,0,19461086,1142,2,1142,2,0,3,22
10,360,21.600000,0.000000,1,0,19461100,1142,2,1142,2,0,3,22
10,360,21.600000,0.000000,1,0,19461110,1142,2,1142,2,0,3,22
10,360,21.600000,0.000000,1,0,19461121,1142,2,1142,2,0,3,22
10,360,21.600000,0.000000,1,0,19461132,1142,2,1142,2,0,3,22
10,360,21.600000,0.000000,1,0,19461142,1142,2,1142,2,0,3,22
10,360,21.600000,0.000000,1,0,19461153,1142,2,1142,2,0,3,22
