10,360,50.400000,0.000000,0,1,19725803,780,22,780,22,0,4,117
10,360,50.400000,0.000000,0,1,19725805,780,22,780,22,0,4,117
10,360,50.400000,0.000000,0,1,19725819,780,22,780,22,0,4,117
10,360,50.400000,0.000000,0,1,19725830,780,22,780,22,0,4,117
10,360,50.400000,0.000000,0,1,19725840,780,22,780,22,0,4,117
10,360,50.400000,0.000000,0,1,19725851,780,22,780,22,0,4,117
10,360,50.400000,0.000000,0,1,19725862,780,22,780,22,0,4,117
10,360,50.400000,0.000000,0,1,19725874,780,22,780,22,0,4,117
10,360,50.400000,0.000000,0,1,19725884,780,22,780,22,0,4,117
10,360,50.400000,0.000000,0,1,19725895,780,22,780,22,0,4,117
10,360,50.400000,0.000000,0,1,19725906,780,22,780,22,0,4,117
10,360,50.400000,0.000000,0,1,19725918,780,22,780,22,0,4,117
10,360,50.400000,0.000000,0,1,19725931,781,22,781,22,0,4,117
10,360,50.400000,0.000000,0,1,19725942,784,22,784,22,0,4,117
10,360,50.400000,0.000000,0,1,19725958,787,22,787,22,0,4,117
10,360,50.400000,0.000000,0,1,19725970,796,23,796,23,0,4,117
10,360,50.400000,0.000000,0,1,19725980,808,24,808,24,0,4,117
10,360,50.400000,0.000000,0,1,19725991,825,25,825,25,0,4,117
10,360,50.400000,0.000000,0,1,19726003,856,28,856,28,0,4,117
10,360,50.400000,0.000000,0,1,19726013,890,30,890,30,0,4,117
10,360,50.400000,0.000000,0,1,19726025,931,30,931,30,0,4,117
10,360,50.400000,0.000000,0,1,19726037,965,28,965,28,0,4,117
10,360,50.400000,0.000000,0,1,19726047,1000,22,1000,22,0,4,117
10,360,50.400000,0.000000,0,1,19726059,1023,16,1023,16,0,4,117
10,360,50.400000,0.000000,0,1,19726070,1045,10,1045,10,0,4,117
10,360,50.400000,0.000000,0,1,19726082,1069,6,1069,6,0,4,117
10,360,50.400000,0.000000,0,1,19726093,1086,6,1086,6,0,4,117
10,360,50.400000,0.000000,0,1,19726104,1099,5,1099,5,0,4,117
10,360,50.400000,0.000000,0,1,19726115,1108,4,1108,4,0,4,117
10,360,50.400000,0.000000,0,1,19726127,1124,1,1124,1,0,4,117
10,360,50.400000,0.000000,0,1,19726138,1126,0,1126,-1,0,4,117
10,360,50.400000,0.000000,0,1,19726149,1127,0,1127,-2,0,4,117
10,360,50.400000,0.000000,0,1,19726160,1130,0,1130,-3,0,4,117
10,360,50.400000,0.000000,0,1,19726171,1133,0,1133,-3,0,4,117
10,360,50.400000,0.000000,0,1,19726181,1136,0,1136,-4,0,4,117
10,360,50.400000,0.000000,0,1,19726192,1138,0,1138,-4,0,4,117
10,360,50.400000,0.000000,0,1,19726202,1139,0,1139,-4,0,4,117
10,360,50.400000,0.000000,0,1,19726213,1140,0,1140,-5,0,4,117
10,360,50.400000,0.000000,0,1,19726223,1141,0,1141,-5,0,4,117
10,360,50.400000,0.000000,0,1,19726234,1142,0,1142,-5,0,4,117
10,360,50.400000,0.000000,0,1,19726245,1142,0,1142,-5,0,4,117
10,360,50.400000,0.000000,0,1,19726256,1142,0,1142,-5,0,4,117
10,360,50.400000,0.000000,0,1,19726266,1141,0,1141,-6,0,4,117
10,360,50.400000,0.000000,0,1,19726277,1140,0,1140,-6,0,4,117
10,360,50.400000,0.000000,0,1,19726288,1140,0,1140,-6,0,4,117
10,360,50.400000,0.000000,0,1,19726299,1140,0,1140,-6,0,4,117
10,360,50.400000,0.000000,0,1,19726310,1140,0,1140,-6,0,4,117
10,360,50.400000,0.000000,0,1,19726321,1140,0,1140,-6,0,4,117
10,360,50.400000,0.000000,0,1,19726333,1139,0,1139,-6,0,4,117
10,360,50.400000,0.000000,0,1,19726343,1139,0,1139,-6,0,4,117
10,360,50.400000,0.000000,0,1,19726355,1138,0,1138,-6,0,4,117
10,360,50.400000,0.000000,0,1,19726365,1138,0,1138,-6,0,4,117
