10,720,82.800000,22.608000,1,0,19656042,600,0,600,0,0,4,62
10,720,82.800000,22.608000,1,0,19656043,600,0,600,0,0,4,62
10,720,82.800000,22.608000,1,0,19656054,600,0,600,0,0,4,62
10,720,82.800000,22.608000,1,0,19656069,600,0,600,0,0,4,62
10,720,82.800000,22.608000,1,0,19656086,600,0,600,0,0,4,62
10,720,82.800000,22.608000,1,0,19656102,600,0,600,0,0,4,62
10,720,82.800000,22.608000,1,0,19656114,607,0,607,0,0,4,62
10,720,82.800000,22.608000,1,0,19656125,621,0,621,-1,0,4,62
10,720,82.800000,22.608000,1,0,19656136,639,0,639,-2,0,4,62
10,720,82.800000,22.608000,1,0,19656147,663,0,663,-5,0,4,62
10,720,82.800000,22.608000,1,0,19656158,701,0,701,-10,0,4,62
10,720,82.800000,22.608000,1,0,19656170,749,0,749,-17,0,4,62
10,720,82.800000,22.608000,1,0,19656181,808,0,808,-28,0,4,62
10,720,82.800000,22.608000,1,0,19656192,867,0,867,-38,0,4,62
10,720,82.800000,22.608000,1,0,19656202,925,0,925,-49,0,4,62
10,720,82.800000,22.608000,1,0,19656212,984,0,984,-58,0,4,62
10,720,82.800000,22.608000,1,0,19656225,1035,0,1035,-65,0,4,62
10,720,82.800000,22.608000,1,0,19656235,1079,0,1079,-67,0,4,62
10,720,82.800000,22.608000,1,0,19656246,1111,0,1111,-67,0,4,62
10,720,82.800000,22.608000,1,0,19656256,1132,0,1132,-67,0,4,62
10,720,82.800000,22.608000,1,0,19656267,1150,0,1150,-67,0,4,62
10,720,82.800000,22.608000,1,0,19656279,1162,0,1162,-67,0,4,62
10,720,82.800000,22.608000,1,0,19656289,1170,0,1170,-67,0,4,62
10,720,82.800000,22.608000,1,0,19656302,1176,0,1176,-67,0,4,62
10,720,82.800000,22.608000,1,0,19656312,1180,0,1180,-67,0,4,62
10,720,82.800000,22.608000,1,0,19656323,1182,0,1182,-67,0,4,62
10,720,82.800000,22.608000,1,0,19656334,1183,0,1183,-68,0,4,62
10,720,82.800000,22.608000,1,0,19656345,1185,0,1185,-68,0,4,62
10,720,82.800000,22.608000,1,0,19656358,1188,0,1188,-68,0,4,62
10,720,82.800000,22.608000,1,0,19656369,1195,0,1195,-68,0,4,62
10,720,82.800000,22.608000,1,0,19656380,1205,1,1205,-67,0,4,62
10,720,82.800000,22.608000,1,0,19656392,1214,1,1214,-67,0,4,62
10,720,82.800000,22.608000,1,0,19656402,1221,1,1221,-67,0,4,62
10,720,82.800000,22.608000,1,0,19656416,1227,0,1227,-68,0,4,62
10,720,82.800000,22.608000,1,0,19656427,1233,0,1233,-70,0,4,62
10,720,82.800000,22.608000,1,0,19656438,1240,0,1240,-72,0,4,62
10,720,82.800000,22.608000,1,0,19656450,1247,0,1247,-73,0,4,62
10,720,82.800000,22.608000,1,0,19656465,1255,0,1255,-76,0,4,62
10,720,82.800000,22.608000,1,0,19656476,1264,0,1264,-79,0,4,62
10,720,82.800000,22.608000,1,0,19656488,1269,0,1269,-81,0,4,62
10,720,82.800000,22.608000,1,0,19656498,1273,0,1273,-83,0,4,62
10,720,82.800000,22.608000,1,0,19656515,1274,0,1274,-83,0,4,62
10,720,82.800000,22.608000,1,0,19656526,1276,0,1276,-84,0,4,62
10,720,82.800000,22.608000,1,0,19656536,1278,0,1278,-84,0,4,62
10,720,82.800000,22.608000,1,0,19656547,1282,0,1282,-84,0,4,62
10,720,82.800000,22.608000,1,0,19656558,1287,0,1287,-84,0,4,62
10,720,82.800000,22.608000,1,0,19656570,1292,0,1292,-85,0,4,62
10,720,82.800000,22.608000,1,0,19656582,1296,0,1296,-85,0,4,62
10,720,82.800000,22.608000,1,0,19656592,1297,0,1297,-86,0,4,62
10,720,82.800000,22.608000,1,0,19656604,1299,0,1299,-86,0,4,62
10,720,82.800000,22.608000,1,0,19656614,1300,0,1300,-86,0,4,62
10,720,82.800000,22.608000,1,0,19656625,1300,0,1300,-86,0,4,62
10,720,82.800000,22.608000,1,0,19656636,1301,0,1301,-86,0,4,62
10,720,82.800000,22.608000,1,0,19656646,1301,0,1301,-86,0,4,62
10,720,82.800000,22.608000,1,0,19656658,1301,0,1301,-86,0,4,62
10,720,82.800000,22.608000,1,0,19656668,1302,0,1302,-86,0,4,62
10,720,82.800000,22.608000,1,0,19656679,1302,0,1302,-86,0,4,62
10,720,82.800000,22.608000,1,0,19656694,1302,0,1302,-86,0,4,62
