10,360,21.600000,22.608000,0,0,19660096,780,0,780,0,0,4,65
10,360,21.600000,22.608000,0,0,19660097,780,0,780,0,0,4,65
10,360,21.600000,22.608000,0,0,19660107,780,0,780,0,0,4,65
10,360,21.600000,22.608000,0,0,19660121,780,0,780,0,0,4,65
10,360,21.600000,22.608000,0,0,19660137,780,0,780,0,0,4,65
10,360,21.600000,22.608000,0,0,19660148,790,1,790,1,0,4,65
10,360,21.600000,22.608000,0,0,19660159,806,2,806,2,0,4,65
10,360,21.600000,22.608000,0,0,19660172,830,2,830,2,0,4,65
10,360,21.600000,22.608000,0,0,19660183,860,1,860,1,0,4,65
10,360,21.600000,22.608000,0,0,19660194,886,0,886,-3,0,4,65
10,360,21.600000,22.608000,0,0,19660204,913,0,913,-7,0,4,65
10,360,21.600000,22.608000,0,0,19660216,934,0,934,-11,0,4,65
10,360,21.600000,22.608000,0,0,19660226,960,0,960,-16,0,4,65
10,360,21.600000,22.608000,0,0,19660237,986,0,986,-21,0,4,65
10,360,21.600000,22.608000,0,0,19660248,1009,0,1009,-25,0,4,65
10,360,21.600000,22.608000,0,0,19660258,1026,0,1026,-28,0,4,65
10,360,21.600000,22.608000,0,0,19660269,1047,0,1047,-31,0,4,65
10,360,21.600000,22.608000,0,0,19660280,1066,0,1066,-33,0,4,65
10,360,21.600000,22.608000,0,0,19660291,1084,0,1084,-35,0,4,65
10,360,21.600000,22.608000,0,0,19660301,1101,0,1101,-37,0,4,65
10,360,21.600000,22.608000,0,0,19660311,1114,0,1114,-38,0,4,65
10,360,21.600000,22.608000,0,0,19660322,1124,0,1124,-39,0,4,65
10,360,21.600000,22.608000,0,0,19660334,1131,0,1131,-40,0,4,65
10,360,21.600000,22.608000,0,0,19660345,1136,0,1136,-41,0,4,65
10,360,21.600000,22.608000,0,0,19660356,1140,0,1140,-41,0,4,65
10,360,21.600000,22.608000,0,0,19660367,1143,0,1143,-42,0,4,65
10,360,21.600000,22.608000,0,0,19660378,1144,0,1144,-42,0,4,65
10,360,21.600000,22.608000,0,0,19660388,1144,0,1144,-42,0,4,65
10,360,21.600000,22.608000,0,0,19660398,1144,0,1144,-42,0,4,65
10,360,21.600000,22.608000,0,0,19660408,1144,0,1144,-42,0,4,65
10,360,21.600000,22.608000,0,0,19660419,1144,0,1144,-42,0,4,65
10,360,21.600000,22.608000,0,0,19660429,1144,0,1144,-42,0,4,65
10,360,21.600000,22.608000,0,0,19660439,1144,0,1144,-42,0,4,65
10,360,21.600000,22.608000,0,0,19660450,1144,0,1144,-42,0,4,65
10,360,21.600000,22.608000,0,0,19660460,1144,0,1144,-42,0,4,65
10,360,21.600000,22.608000,0,0,19660471,1144,0,1144,-42,0,4,65
10,360,21.600000,22.608000,0,0,19660481,1144,0,1144,-42,0,4,65
10,360,21.600000,22.608000,0,0,19660491,1144,0,1144,-42,0,4,65
10,360,21.600000,22.608000,0,0,19660502,1144,0,1144,-42,0,4,65
10,360,21.600000,22.608000,0,0,19660513,1144,0,1144,-42,0,4,65
10,360,21.600000,22.608000,0,0,19660523,1144,0,1144,-42,0,4,65
10,360,21.600000,22.608000,0,0,19660533,1144,0,1144,-42,0,4,65
10,360,21.600000,22.608000,0,0,19660543,1144,0,1144,-42,0,4,65
10,360,21.600000,22.608000,0,0,19660555,1144,0,1144,-42,0,4,65
10,360,21.600000,22.608000,0,0,19660565,1144,0,1144,-42,0,4,65
10,360,21.600000,22.608000,0,0,19660575,1144,0,1144,-42,0,4,65
10,360,21.600000,22.608000,0,0,19660585,1144,0,1144,-42,0,4,65
