10,720,82.800000,0.000000,0,1,19588552,600,22,600,22,0,4,5
10,720,82.800000,0.000000,0,1,19588554,600,22,600,22,0,4,5
10,720,82.800000,0.000000,0,1,19588565,601,22,601,22,0,4,5
10,720,82.800000,0.000000,0,1,19588576,602,23,602,23,0,4,5
10,720,82.800000,0.000000,0,1,19588592,606,23,606,23,0,4,5
10,720,82.800000,0.000000,0,1,19588602,617,21,617,21,0,4,5
10,720,82.800000,0.000000,0,1,19588614,630,20,630,20,0,4,5
10,720,82.800000,0.000000,0,1,19588626,656,20,656,20,0,4,5
10,720,82.800000,0.000000,0,1,19588638,695,21,695,21,0,4,5
10,720,82.800000,0.000000,0,1,19588648,752,22,752,22,0,4,5
10,720,82.800000,0.000000,0,1,19588660,812,20,812,20,0,4,5
10,720,82.800000,0.000000,0,1,19588671,875,11,875,11,0,4,5
10,720,82.800000,0.000000,0,1,19588681,923,0,923,-1,0,4,5
10,720,82.800000,0.000000,0,1,19588693,963,0,963,-12,0,4,5
10,720,82.800000,0.000000,0,1,19588703,1003,0,1003,-21,0,4,5
10,720,82.800000,0.000000,0,1,19588714,1042,0,1042,-27,0,4,5
10,720,82.800000,0.000000,0,1,19588727,1077,0,1077,-31,0,4,5
10,720,82.800000,0.000000,0,1,19588738,1113,0,1113,-34,0,4,5
10,720,82.800000,0.000000,0,1,19588749,1139,0,1139,-35,0,4,5
10,720,82.800000,0.000000,0,1,19588759,1162,0,1162,-36,0,4,5
10,720,82.800000,0.000000,0,1,19588770,1187,0,1187,-36,0,4,5
10,720,82.800000,0.000000,0,1,19588782,1211,1,1211,-35,0,4,5
10,720,82.800000,0.000000,0,1,19588793,1236,2,1236,-34,0,4,5
10,720,82.800000,0.000000,0,1,19588803,1245,2,1245,-34,0,4,5
10,720,82.800000,0.000000,0,1,19588814,1248,2,1248,-34,0,4,5
10,720,82.800000,0.000000,0,1,19588824,1250,2,1250,-34,0,4,5
10,720,82.800000,0.000000,0,1,19588835,1252,2,1252,-34,0,4,5
10,720,82.800000,0.000000,0,1,19588846,1256,2,1256,-34,0,4,5
10,720,82.800000,0.000000,0,1,19588857,1262,2,1262,-34,0,4,5
10,720,82.800000,0.000000,0,1,19588867,1268,2,1268,-34,0,4,5
10,720,82.800000,0.000000,0,1,19588879,1274,0,1274,-36,0,4,5
10,720,82.800000,0.000000,0,1,19588889,1276,0,1276,-36,0,4,5
10,720,82.800000,0.000000,0,1,19588899,1277,0,1277,-36,0,4,5
10,720,82.800000,0.000000,0,1,19588910,1278,0,1278,-36,0,4,5
10,720,82.800000,0.000000,0,1,19588920,1278,0,1278,-36,0,4,5
10,720,82.800000,0.000000,0,1,19588931,1278,0,1278,-36,0,4,5
10,720,82.800000,0.000000,0,1,19588941,1278,0,1278,-36,0,4,5
10,720,82.800000,0.000000,0,1,19588951,1278,0,1278,-36,0,4,5
10,720,82.800000,0.000000,0,1,19588962,1278,0,1278,-36,0,4,5
10,720,82.800000,0.000000,0,1,19588976,1278,0,1278,-36,0,4,5
10,720,82.800000,0.000000,0,1,19588986,1278,0,1278,-36,0,4,5
10,720,82.800000,0.000000,0,1,19588997,1278,0,1278,-36,0,4,5
10,720,82.800000,0.000000,0,1,19589007,1278,0,1278,-36,0,4,5
10,720,82.800000,0.000000,0,1,19589017,1278,0,1278,-36,1,4,5
