10,720,21.600000,0.000000,0,0,19657210,600,0,600,0,0,4,63
10,720,21.600000,0.000000,0,0,19657211,600,0,600,0,0,4,63
10,720,21.600000,0.000000,0,0,19657222,600,0,600,0,0,4,63
10,720,21.600000,0.000000,0,0,19657233,600,0,600,0,0,4,63
10,720,21.600000,0.000000,0,0,19657244,600,0,600,0,0,4,63
10,720,21.600000,0.000000,0,0,19657255,600,0,600,0,0,4,63
10,720,21.600000,0.000000,0,0,19657267,600,0,600,0,0,4,63
10,720,21.600000,0.000000,0,0,19657279,600,0,600,0,0,4,63
10,720,21.600000,0.000000,0,0,19657291,608,0,608,0,0,4,63
10,720,21.600000,0.000000,0,0,19657302,626,1,626,1,0,4,63
10,720,21.600000,0.000000,0,0,19657314,652,1,652,1,0,4,63
10,720,21.600000,0.000000,0,0,19657326,696,3,696,3,0,4,63
10,720,21.600000,0.000000,0,0,19657337,752,4,752,4,0,4,63
10,720,21.600000,0.000000,0,0,19657349,828,4,828,4,0,4,63
10,720,21.600000,0.000000,0,0,19657364,912,0,912,-1,0,4,63
10,720,21.600000,0.000000,0,0,19657381,1008,0,1008,-10,0,4,63
10,720,21.600000,0.000000,0,0,19657394,1105,0,1105,-25,0,4,63
10,720,21.600000,0.000000,0,0,19657406,1149,0,1149,-32,0,4,63
10,720,21.600000,0.000000,0,0,19657419,1177,0,1177,-38,0,4,63
10,720,21.600000,0.000000,0,0,19657430,1194,0,1194,-42,0,4,63
10,720,21.600000,0.000000,0,0,19657442,1204,0,1204,-44,0,4,63
10,720,21.600000,0.000000,0,0,19657457,1228,0,1228,-49,0,4,63
10,720,21.600000,0.000000,0,0,19657468,1245,0,1245,-51,0,4,63
10,720,21.600000,0.000000,0,0,19657480,1254,0,1254,-52,0,4,63
10,720,21.600000,0.000000,0,0,19657490,1261,0,1261,-52,0,4,63
10,720,21.600000,0.000000,0,0,19657501,1268,0,1268,-53,0,4,63
10,720,21.600000,0.000000,0,0,19657514,1276,0,1276,-53,0,4,63
10,720,21.600000,0.000000,0,0,19657526,1283,0,1283,-53,0,4,63
10,720,21.600000,0.000000,0,0,19657538,1289,0,1289,-53,0,4,63
10,720,21.600000,0.000000,0,0,19657549,1293,0,1293,-53,0,4,63
10,720,21.600000,0.000000,0,0,19657561,1296,1,1296,-52,0,4,63
10,720,21.600000,0.000000,0,0,19657572,1296,1,1296,-52,0,4,63
10,720,21.600000,0.000000,0,0,19657585,1296,1,1296,-52,0,4,63
10,720,21.600000,0.000000,0,0,19657597,1298,1,1298,-52,0,4,63
10,720,21.600000,0.000000,0,0,19657609,1302,3,1302,-50,0,4,63
10,720,21.600000,0.000000,0,0,19657620,1307,4,1307,-49,0,4,63
10,720,21.600000,0.000000,0,0,19657631,1314,5,1314,-48,0,4,63
10,720,21.600000,0.000000,0,0,19657642,1318,6,1318,-47,0,4,63
10,720,21.600000,0.000000,0,0,19657653,1320,6,1320,-47,0,4,63
10,720,21.600000,0.000000,0,0,19657664,1320,6,1320,-47,0,4,63
10,720,21.600000,0.000000,0,0,19657675,1320,6,1320,-47,0,4,63
10,720,21.600000,0.000000,0,0,19657687,1320,6,1320,-47,0,4,63
10,720,21.600000,0.000000,0,0,19657698,1320,6,1320,-47,0,4,63
10,720,21.600000,0.000000,0,0,19657709,1321,6,1321,-47,0,4,63
10,720,21.600000,0.000000,0,0,19657719,1322,6,1322,-47,0,4,63
10,720,21.600000,0.000000,0,0,19657730,1324,6,1324,-47,0,4,63
10,720,21.600000,0.000000,0,0,19657742,1325,6,1325,-47,0,4,63
10,720,21.600000,0.000000,0,0,19657754,1325,6,1325,-47,0,4,63
10,720,21.600000,0.000000,0,0,19657770,1325,6,1325,-47,0,4,63
10,720,21.600000,0.000000,0,0,19657781,1325,6,1325,-47,0,4,63
10,720,21.600000,0.000000,0,0,19657793,1325,6,1325,-47,0,4,63
10,720,21.600000,0.000000,0,0,19657803,1326,6,1326,-47,0,4,63
10,720,21.600000,0.000000,0,0,19657815,1327,6,1327,-47,0,4,63
10,720,21.600000,0.000000,0,0,19657825,1329,6,1329,-47,0,4,63
10,720,21.600000,0.000000,0,0,19657836,1329,6,1329,-47,0,4,63
10,720,21.600000,0.000000,0,0,19657846,1329,6,1329,-47,0,4,63
10,720,21.600000,0.000000,0,0,19657857,1329,6,1329,-47,0,4,63
10,720,21.600000,0.000000,0,0,19657867,1329,6,1329,-47,0,4,63
10,720,21.600000,0.000000,0,0,19657879,1329,6,1329,-47,0,4,63
10,720,21.600000,0.000000,0,0,19657889,1329,6,1329,-47,0,4,63
10,720,21.600000,0.000000,0,0,19657900,1329,6,1329,-47,0,4,63
10,720,21.600000,0.000000,0,0,19657910,1329,6,1329,-47,0,4,63
