10,720,50.400000,42.984000,0,0,19661140,600,0,600,0,0,4,66
10,720,50.400000,42.984000,0,0,19661140,600,0,600,0,0,4,66
10,720,50.400000,42.984000,0,0,19661151,600,0,600,0,0,4,66
10,720,50.400000,42.984000,0,0,19661162,600,0,600,0,0,4,66
10,720,50.400000,42.984000,0,0,19661172,600,0,600,0,0,4,66
10,720,50.400000,42.984000,0,0,19661184,600,0,600,0,0,4,66
10,720,50.400000,42.984000,0,0,19661194,600,0,600,0,0,4,66
10,720,50.400000,42.984000,0,0,19661205,600,0,600,0,0,4,66
10,720,50.400000,42.984000,0,0,19661215,600,0,600,0,0,4,66
10,720,50.400000,42.984000,0,0,19661226,600,0,600,0,0,4,66
10,720,50.400000,42.984000,0,0,19661237,601,0,601,0,0,4,66
10,720,50.400000,42.984000,0,0,19661250,609,0,609,0,0,4,66
10,720,50.400000,42.984000,0,0,19661261,626,0,626,0,0,4,66
10,720,50.400000,42.984000,0,0,19661271,646,0,646,-1,0,4,66
10,720,50.400000,42.984000,0,0,19661282,688,0,688,-3,0,4,66
10,720,50.400000,42.984000,0,0,19661293,748,0,748,-5,0,4,66
10,720,50.400000,42.984000,0,0,19661303,823,0,823,-10,0,4,66
10,720,50.400000,42.984000,0,0,19661315,899,0,899,-15,0,4,66
10,720,50.400000,42.984000,0,0,19661326,983,0,983,-21,0,4,66
10,720,50.400000,42.984000,0,0,19661337,1051,0,1051,-27,0,4,66
10,720,50.400000,42.984000,0,0,19661349,1104,0,1104,-33,0,4,66
10,720,50.400000,42.984000,0,0,19661361,1138,0,1138,-38,0,4,66
10,720,50.400000,42.984000,0,0,19661371,1164,0,1164,-41,0,4,66
10,720,50.400000,42.984000,0,0,19661383,1185,0,1185,-42,0,4,66
10,720,50.400000,42.984000,0,0,19661394,1204,0,1204,-42,0,4,66
10,720,50.400000,42.984000,0,0,19661407,1220,0,1220,-42,0,4,66
10,720,50.400000,42.984000,0,0,19661420,1228,0,1228,-42,0,4,66
10,720,50.400000,42.984000,0,0,19661430,1233,0,1233,-43,0,4,66
10,720,50.400000,42.984000,0,0,19661446,1233,0,1233,-44,0,4,66
10,720,50.400000,42.984000,0,0,19661462,1234,0,1234,-44,0,4,66
10,720,50.400000,42.984000,0,0,19661478,1235,0,1235,-44,0,4,66
10,720,50.400000,42.984000,0,0,19661489,1239,0,1239,-44,0,4,66
10,720,50.400000,42.984000,0,0,19661500,1243,0,1243,-44,0,4,66
10,720,50.400000,42.984000,0,0,19661512,1247,0,1247,-44,0,4,66
10,720,50.400000,42.984000,0,0,19661522,1248,0,1248,-44,0,4,66
10,720,50.400000,42.984000,0,0,19661533,1248,0,1248,-44,0,4,66
10,720,50.400000,42.984000,0,0,19661543,1248,0,1248,-44,0,4,66
10,720,50.400000,42.984000,0,0,19661554,1248,0,1248,-45,0,4,66
10,720,50.400000,42.984000,0,0,19661564,1248,0,1248,-46,0,4,66
10,720,50.400000,42.984000,0,0,19661575,1248,0,1248,-46,0,4,66
10,720,50.400000,42.984000,0,0,19661590,1248,0,1248,-46,0,4,66
10,720,50.400000,42.984000,0,0,19661604,1248,0,1248,-46,0,4,66
10,720,50.400000,42.984000,0,0,19661615,1249,0,1249,-46,0,4,66
10,720,50.400000,42.984000,0,0,19661625,1250,0,1250,-46,0,4,66
10,720,50.400000,42.984000,0,0,19661636,1250,0,1250,-46,0,4,66
10,720,50.400000,42.984000,0,0,19661649,1250,0,1250,-46,0,4,66
10,720,50.400000,42.984000,0,0,19661666,1250,0,1250,-46,0,4,66
10,720,50.400000,42.984000,0,0,19661682,1252,0,1252,-48,0,4,66
10,720,50.400000,42.984000,0,0,19661694,1259,0,1259,-48,0,4,66
10,720,50.400000,42.984000,0,0,19661705,1267,0,1267,-49,0,4,66
10,720,50.400000,42.984000,0,0,19661716,1276,0,1276,-52,0,4,66
10,720,50.400000,42.984000,0,0,19661731,1283,0,1283,-54,0,4,66
10,720,50.400000,42.984000,0,0,19661744,1288,0,1288,-57,0,4,66
10,720,50.400000,42.984000,0,0,19661754,1291,0,1291,-58,0,4,66
10,720,50.400000,42.984000,0,0,19661771,1293,0,1293,-59,0,4,66
10,720,50.400000,42.984000,0,0,19661782,1299,0,1299,-60,0,4,66
10,720,50.400000,42.984000,0,0,19661791,1302,0,1302,-60,0,4,66
10,720,50.400000,42.984000,0,0,19661803,1304,0,1304,-60,0,4,66
10,720,50.400000,42.984000,0,0,19661814,1306,0,1306,-60,0,4,66
10,720,50.400000,42.984000,0,0,19661824,1306,0,1306,-60,0,4,66
10,720,50.400000,42.984000,0,0,19661835,1306,0,1306,-60,0,4,66
10,720,50.400000,42.984000,0,0,19661845,1306,0,1306,-60,0,4,66
10,720,50.400000,42.984000,0,0,19661856,1306,0,1306,-60,0,4,66
10,720,50.400000,42.984000,0,0,19661866,1306,0,1306,-60,0,4,66
10,720,50.400000,42.984000,0,0,19661877,1306,0,1306,-60,0,4,66
10,720,50.400000,42.984000,0,0,19661888,1306,0,1306,-60,0,4,66
10,720,50.400000,42.984000,0,0,19661898,1306,0,1306,-60,0,4,66
10,720,50.400000,42.984000,0,0,19661913,1306,0,1306,-60,0,4,66
