10,360,82.800000,22.608000,0,1,19875341,780,22,780,22,1,5,36
10,360,82.800000,22.608000,0,1,19875342,780,22,780,22,1,5,36
10,360,82.800000,22.608000,0,1,19875352,780,22,780,22,1,5,36
10,360,82.800000,22.608000,0,1,19875361,780,22,780,22,1,5,36
10,360,82.800000,22.608000,0,1,19875371,780,22,780,22,1,5,36
10,360,82.800000,22.608000,0,1,19875381,780,22,780,22,1,5,36
10,360,82.800000,22.608000,0,1,19875390,780,22,780,22,1,5,36
10,360,82.800000,22.608000,0,1,19875400,780,22,780,22,1,5,36
10,360,82.800000,22.608000,0,1,19875414,781,22,781,22,1,5,36
10,360,82.800000,22.608000,0,1,19875425,790,21,790,21,1,5,36
10,360,82.800000,22.608000,0,1,19875436,805,18,805,18,1,5,36
10,360,82.800000,22.608000,0,1,19875448,828,15,828,15,1,5,36
10,360,82.800000,22.608000,0,1,19875458,867,12,867,12,1,5,36
10,360,82.800000,22.608000,0,1,19875470,917,6,917,6,1,5,36
10,360,82.800000,22.608000,0,1,19875481,966,0,966,-1,1,5,36
10,360,82.800000,22.608000,0,1,19875496,1004,0,1004,-9,1,5,36
10,360,82.800000,22.608000,0,1,19875507,1047,0,1047,-18,1,5,36
10,360,82.800000,22.608000,0,1,19875519,1071,0,1071,-23,1,5,36
10,360,82.800000,22.608000,0,1,19875529,1093,0,1093,-27,1,5,36
10,360,82.800000,22.608000,0,1,19875540,1108,0,1108,-29,1,5,36
10,360,82.800000,22.608000,0,1,19875552,1122,0,1122,-31,1,5,36
10,360,82.800000,22.608000,0,1,19875562,1134,0,1134,-33,1,5,36
10,360,82.800000,22.608000,0,1,19875573,1145,0,1145,-33,1,5,36
10,360,82.800000,22.608000,0,1,19875589,1154,0,1154,-34,1,5,36
10,360,82.800000,22.608000,0,1,19875599,1163,0,1163,-34,1,5,36
10,360,82.800000,22.608000,0,1,19875610,1168,0,1168,-35,1,5,36
10,360,82.800000,22.608000,0,1,19875620,1172,0,1172,-35,1,5,36
10,360,82.800000,22.608000,0,1,19875629,1173,0,1173,-35,1,5,36
10,360,82.800000,22.608000,0,1,19875639,1174,0,1174,-35,1,5,36
10,360,82.800000,22.608000,0,1,19875650,1175,0,1175,-35,1,5,36
10,360,82.800000,22.608000,0,1,19875659,1177,0,1177,-35,1,5,36
10,360,82.800000,22.608000,0,1,19875669,1180,0,1180,-35,1,5,36
10,360,82.800000,22.608000,0,1,19875680,1183,0,1183,-35,1,5,36
10,360,82.800000,22.608000,0,1,19875693,1184,0,1184,-35,1,5,36
10,360,82.800000,22.608000,0,1,19875704,1184,0,1184,-35,1,5,36
10,360,82.800000,22.608000,0,1,19875714,1184,0,1184,-35,1,5,36
10,360,82.800000,22.608000,0,1,19875726,1184,0,1184,-35,1,5,36
10,360,82.800000,22.608000,0,1,19875741,1184,0,1184,-35,1,5,36
10,360,82.800000,22.608000,0,1,19875750,1184,0,1184,-35,1,5,36
10,360,82.800000,22.608000,0,1,19875760,1184,0,1184,-35,1,5,36
