10,720,82.800000,0.000000,1,0,19919684,600,0,600,0,0,5,73
10,720,82.800000,0.000000,1,0,19919685,600,0,600,0,0,5,73
10,720,82.800000,0.000000,1,0,19919695,600,0,600,0,0,5,73
10,720,82.800000,0.000000,1,0,19919707,600,0,600,0,0,5,73
10,720,82.800000,0.000000,1,0,19919717,600,0,600,0,0,5,73
10,720,82.800000,0.000000,1,0,19919727,600,0,600,0,0,5,73
10,720,82.800000,0.000000,1,0,19919739,600,0,600,0,0,5,73
10,720,82.800000,0.000000,1,0,19919754,600,0,600,0,0,5,73
10,720,82.800000,0.000000,1,0,19919768,600,0,600,0,0,5,73
10,720,82.800000,0.000000,1,0,19919779,606,0,606,0,0,5,73
10,720,82.800000,0.000000,1,0,19919790,621,0,621,0,0,5,73
10,720,82.800000,0.000000,1,0,19919800,644,0,644,-2,0,5,73
10,720,82.800000,0.000000,1,0,19919811,684,0,684,-3,0,5,73
10,720,82.800000,0.000000,1,0,19919822,741,0,741,-7,0,5,73
10,720,82.800000,0.000000,1,0,19919834,820,0,820,-14,0,5,73
10,720,82.800000,0.000000,1,0,19919845,895,0,895,-24,0,5,73
10,720,82.800000,0.000000,1,0,19919856,967,0,967,-34,0,5,73
10,720,82.800000,0.000000,1,0,19919868,1026,0,1026,-42,0,5,73
10,720,82.800000,0.000000,1,0,19919878,1078,0,1078,-48,0,5,73
10,720,82.800000,0.000000,1,0,19919890,1109,0,1109,-54,0,5,73
10,720,82.800000,0.000000,1,0,19919900,1135,0,1135,-61,0,5,73
10,720,82.800000,0.000000,1,0,19919911,1149,0,1149,-65,0,5,73
10,720,82.800000,0.000000,1,0,19919922,1160,0,1160,-67,0,5,73
10,720,82.800000,0.000000,1,0,19919935,1168,0,1168,-67,0,5,73
10,720,82.800000,0.000000,1,0,19919951,1181,0,1181,-67,0,5,73
10,720,82.800000,0.000000,1,0,19919961,1196,0,1196,-67,0,5,73
10,720,82.800000,0.000000,1,0,19919977,1207,0,1207,-67,0,5,73
10,720,82.800000,0.000000,1,0,19919993,1221,0,1221,-67,0,5,73
10,720,82.800000,0.000000,1,0,19920004,1232,0,1232,-67,0,5,73
10,720,82.800000,0.000000,1,0,19920013,1234,0,1234,-68,0,5,73
10,720,82.800000,0.000000,1,0,19920023,1234,0,1234,-68,0,5,73
10,720,82.800000,0.000000,1,0,19920039,1234,0,1234,-68,0,5,73
10,720,82.800000,0.000000,1,0,19920049,1234,0,1234,-68,0,5,73
10,720,82.800000,0.000000,1,0,19920059,1234,0,1234,-68,0,5,73
10,720,82.800000,0.000000,1,0,19920069,1234,0,1234,-68,0,5,73
10,720,82.800000,0.000000,1,0,19920080,1235,0,1235,-68,0,5,73
10,720,82.800000,0.000000,1,0,19920091,1237,0,1237,-68,0,5,73
10,720,82.800000,0.000000,1,0,19920102,1240,0,1240,-68,0,5,73
10,720,82.800000,0.000000,1,0,19920112,1244,0,1244,-68,0,5,73
10,720,82.800000,0.000000,1,0,19920123,1250,0,1250,-68,0,5,73
10,720,82.800000,0.000000,1,0,19920134,1257,0,1257,-68,0,5,73
10,720,82.800000,0.000000,1,0,19920144,1265,0,1265,-69,0,5,73
10,720,82.800000,0.000000,1,0,19920154,1270,0,1270,-70,0,5,73
10,720,82.800000,0.000000,1,0,19920166,1274,0,1274,-71,0,5,73
10,720,82.800000,0.000000,1,0,19920177,1277,0,1277,-72,0,5,73
10,720,82.800000,0.000000,1,0,19920187,1279,0,1279,-73,0,5,73
10,720,82.800000,0.000000,1,0,19920196,1280,0,1280,-73,0,5,73
10,720,82.800000,0.000000,1,0,19920207,1281,0,1281,-73,0,5,73
10,720,82.800000,0.000000,1,0,19920222,1281,0,1281,-73,0,5,73
10,720,82.800000,0.000000,1,0,19920232,1282,0,1282,-73,0,5,73
10,720,82.800000,0.000000,1,0,19920242,1283,0,1283,-73,0,5,73
10,720,82.800000,0.000000,1,0,19920252,1284,0,1284,-73,0,5,73
10,720,82.800000,0.000000,1,0,19920261,1286,0,1286,-73,0,5,73
10,720,82.800000,0.000000,1,0,19920271,1288,0,1288,-73,0,5,73
10,720,82.800000,0.000000,1,0,19920281,1288,0,1288,-73,0,5,73
10,720,82.800000,0.000000,1,0,19920290,1288,0,1288,-73,0,5,73
