10,720,21.600000,0.000000,1,1,19944616,600,22,600,22,0,5,93
10,720,21.600000,0.000000,1,1,19944617,600,22,600,22,0,5,93
10,720,21.600000,0.000000,1,1,19944628,600,22,600,22,0,5,93
10,720,21.600000,0.000000,1,1,19944641,600,22,600,22,0,5,93
10,720,21.600000,0.000000,1,1,19944651,600,22,600,22,0,5,93
10,720,21.600000,0.000000,1,1,19944661,600,22,600,22,0,5,93
10,720,21.600000,0.000000,1,1,19944671,600,22,600,22,0,5,93
10,720,21.600000,0.000000,1,1,19944682,600,22,600,22,0,5,93
10,720,21.600000,0.000000,1,1,19944695,601,22,601,22,0,5,93
10,720,21.600000,0.000000,1,1,19944705,610,22,610,22,0,5,93
10,720,21.600000,0.000000,1,1,19944721,633,23,633,23,0,5,93
10,720,21.600000,0.000000,1,1,19944737,695,24,695,24,0,5,93
10,720,21.600000,0.000000,1,1,19944752,802,24,802,24,0,5,93
10,720,21.600000,0.000000,1,1,19944768,908,22,908,22,0,5,93
10,720,21.600000,0.000000,1,1,19944779,1033,20,1033,20,0,5,93
10,720,21.600000,0.000000,1,1,19944791,1106,17,1106,17,0,5,93
10,720,21.600000,0.000000,1,1,19944803,1163,14,1163,14,0,5,93
10,720,21.600000,0.000000,1,1,19944814,1198,10,1198,10,0,5,93
10,720,21.600000,0.000000,1,1,19944829,1218,8,1218,8,0,5,93
10,720,21.600000,0.000000,1,1,19944844,1224,7,1224,7,0,5,93
10,720,21.600000,0.000000,1,1,19944854,1226,7,1226,7,0,5,93
10,720,21.600000,0.000000,1,1,19944864,1228,7,1228,7,0,5,93
10,720,21.600000,0.000000,1,1,19944874,1231,7,1231,7,0,5,93
10,720,21.600000,0.000000,1,1,19944885,1235,7,1235,7,0,5,93
10,720,21.600000,0.000000,1,1,19944895,1240,8,1240,8,0,5,93
10,720,21.600000,0.000000,1,1,19944906,1247,8,1247,8,0,5,93
10,720,21.600000,0.000000,1,1,19944917,1258,8,1258,8,0,5,93
10,720,21.600000,0.000000,1,1,19944927,1265,8,1265,8,0,5,93
10,720,21.600000,0.000000,1,1,19944939,1267,8,1267,8,0,5,93
10,720,21.600000,0.000000,1,1,19944948,1268,7,1268,7,0,5,93
10,720,21.600000,0.000000,1,1,19944959,1269,7,1269,7,0,5,93
10,720,21.600000,0.000000,1,1,19944969,1272,7,1272,7,0,5,93
10,720,21.600000,0.000000,1,1,19944979,1275,7,1275,7,0,5,93
10,720,21.600000,0.000000,1,1,19944990,1279,7,1279,7,0,5,93
10,720,21.600000,0.000000,1,1,19945000,1285,7,1285,7,0,5,93
10,720,21.600000,0.000000,1,1,19945011,1292,7,1292,7,0,5,93
10,720,21.600000,0.000000,1,1,19945021,1296,7,1296,7,0,5,93
10,720,21.600000,0.000000,1,1,19945032,1299,7,1299,7,0,5,93
10,720,21.600000,0.000000,1,1,19945042,1301,7,1301,7,0,5,93
10,720,21.600000,0.000000,1,1,19945052,1303,7,1303,7,0,5,93
10,720,21.600000,0.000000,1,1,19945062,1303,7,1303,7,0,5,93
10,720,21.600000,0.000000,1,1,19945072,1303,7,1303,7,0,5,93
10,720,21.600000,0.000000,1,1,19945082,1303,7,1303,7,0,5,93
10,720,21.600000,0.000000,1,1,19945092,1303,7,1303,7,0,5,93
10,720,21.600000,0.000000,1,1,19945102,1303,7,1303,7,0,5,93
10,720,21.600000,0.000000,1,1,19945112,1303,7,1303,7,0,5,93
10,720,21.600000,0.000000,1,1,19945122,1303,7,1303,7,0,5,93
10,720,21.600000,0.000000,1,1,19945133,1303,7,1303,7,0,5,93
10,720,21.600000,0.000000,1,1,19945142,1303,7,1303,7,0,5,93
10,720,21.600000,0.000000,1,1,19945152,1303,7,1303,7,0,5,93
10,720,21.600000,0.000000,1,1,19945163,1303,7,1303,7,0,5,93
10,720,21.600000,0.000000,1,1,19945175,1303,7,1303,7,0,5,93
10,720,21.600000,0.000000,1,1,19945192,1303,7,1303,7,0,5,93
10,720,21.600000,0.000000,1,1,19945203,1303,7,1303,7,0,5,93
10,720,21.600000,0.000000,1,1,19945213,1303,7,1303,7,0,5,93
10,720,21.600000,0.000000,1,1,19945223,1303,7,1303,7,0,5,93
10,720,21.600000,0.000000,1,1,19945237,1303,7,1303,7,1,5,93
