10,360,50.400000,12.276000,1,0,19915273,780,0,780,0,0,5,69
10,360,50.400000,12.276000,1,0,19915274,780,0,780,0,0,5,69
10,360,50.400000,12.276000,1,0,19915285,780,0,780,0,0,5,69
10,360,50.400000,12.276000,1,0,19915296,779,1,779,1,0,5,69
10,360,50.400000,12.276000,1,0,19915311,779,1,779,1,0,5,69
10,360,50.400000,12.276000,1,0,19915321,779,1,779,1,0,5,69
10,360,50.400000,12.276000,1,0,19915330,779,1,779,1,0,5,69
10,360,50.400000,12.276000,1,0,19915340,779,1,779,1,0,5,69
10,360,50.400000,12.276000,1,0,19915350,779,1,779,1,0,5,69
10,360,50.400000,12.276000,1,0,19915360,779,1,779,1,0,5,69
10,360,50.400000,12.276000,1,0,19915371,780,1,780,1,0,5,69
10,360,50.400000,12.276000,1,0,19915383,788,1,788,1,0,5,69
10,360,50.400000,12.276000,1,0,19915393,804,1,804,1,0,5,69
10,360,50.400000,12.276000,1,0,19915404,825,1,825,1,0,5,69
10,360,50.400000,12.276000,1,0,19915415,860,1,860,1,0,5,69
10,360,50.400000,12.276000,1,0,19915426,904,0,904,0,0,5,69
10,360,50.400000,12.276000,1,0,19915437,960,0,960,-3,0,5,69
10,360,50.400000,12.276000,1,0,19915448,1009,0,1009,-8,0,5,69
10,360,50.400000,12.276000,1,0,19915459,1043,0,1043,-13,0,5,69
10,360,50.400000,12.276000,1,0,19915471,1065,0,1065,-18,0,5,69
10,360,50.400000,12.276000,1,0,19915482,1076,0,1076,-22,0,5,69
10,360,50.400000,12.276000,1,0,19915493,1083,0,1083,-23,0,5,69
10,360,50.400000,12.276000,1,0,19915504,1088,0,1088,-24,0,5,69
10,360,50.400000,12.276000,1,0,19915514,1090,0,1090,-24,0,5,69
10,360,50.400000,12.276000,1,0,19915524,1092,0,1092,-24,0,5,69
10,360,50.400000,12.276000,1,0,19915536,1092,0,1092,-24,0,5,69
10,360,50.400000,12.276000,1,0,19915546,1094,0,1094,-24,0,5,69
10,360,50.400000,12.276000,1,0,19915557,1097,0,1097,-24,0,5,69
10,360,50.400000,12.276000,1,0,19915568,1101,0,1101,-24,0,5,69
10,360,50.400000,12.276000,1,0,19915578,1104,0,1104,-24,0,5,69
10,360,50.400000,12.276000,1,0,19915588,1106,0,1106,-24,0,5,69
10,360,50.400000,12.276000,1,0,19915601,1109,1,1109,-23,0,5,69
10,360,50.400000,12.276000,1,0,19915613,1115,2,1115,-22,0,5,69
10,360,50.400000,12.276000,1,0,19915624,1122,3,1122,-21,0,5,69
10,360,50.400000,12.276000,1,0,19915635,1128,3,1128,-21,0,5,69
10,360,50.400000,12.276000,1,0,19915645,1133,4,1133,-20,0,5,69
10,360,50.400000,12.276000,1,0,19915655,1134,4,1134,-20,0,5,69
10,360,50.400000,12.276000,1,0,19915669,1134,4,1134,-20,0,5,69
10,360,50.400000,12.276000,1,0,19915686,1134,4,1134,-20,0,5,69
10,360,50.400000,12.276000,1,0,19915700,1134,4,1134,-20,0,5,69
10,360,50.400000,12.276000,1,0,19915713,1134,4,1134,-20,0,5,69
10,360,50.400000,12.276000,1,0,19915727,1134,4,1134,-20,0,5,69
10,360,50.400000,12.276000,1,0,19915737,1134,4,1134,-20,0,5,69
10,360,50.400000,12.276000,1,0,19915746,1134,4,1134,-20,0,5,69
10,360,50.400000,12.276000,1,0,19915755,1134,4,1134,-20,0,5,69
