10,720,82.800000,42.984000,0,0,19850787,600,0,600,0,0,5,15
10,720,82.800000,42.984000,0,0,19850788,600,0,600,0,0,5,15
10,720,82.800000,42.984000,0,0,19850798,600,0,600,0,0,5,15
10,720,82.800000,42.984000,0,0,19850808,600,0,600,0,0,5,15
10,720,82.800000,42.984000,0,0,19850818,600,0,600,0,0,5,15
10,720,82.800000,42.984000,0,0,19850829,600,0,600,0,0,5,15
10,720,82.800000,42.984000,0,0,19850839,600,0,600,0,0,5,15
10,720,82.800000,42.984000,0,0,19850850,604,0,604,0,0,5,15
10,720,82.800000,42.984000,0,0,19850864,620,0,620,-1,0,5,15
10,720,82.800000,42.984000,0,0,19850874,668,0,668,-3,0,5,15
10,720,82.800000,42.984000,0,0,19850886,731,0,731,-3,0,5,15
10,720,82.800000,42.984000,0,0,19850896,805,0,805,-3,0,5,15
10,720,82.800000,42.984000,0,0,19850907,893,0,893,-8,0,5,15
10,720,82.800000,42.984000,0,0,19850921,1003,0,1003,-15,0,5,15
10,720,82.800000,42.984000,0,0,19850932,1148,0,1148,-27,0,5,15
10,720,82.800000,42.984000,0,0,19850943,1230,0,1230,-37,0,5,15
10,720,82.800000,42.984000,0,0,19850953,1273,0,1273,-45,0,5,15
10,720,82.800000,42.984000,0,0,19850968,1289,0,1289,-50,0,5,15
10,720,82.800000,42.984000,0,0,19850982,1295,0,1295,-54,0,5,15
10,720,82.800000,42.984000,0,0,19850992,1295,0,1295,-56,0,5,15
10,720,82.800000,42.984000,0,0,19851002,1295,0,1295,-57,0,5,15
10,720,82.800000,42.984000,0,0,19851012,1295,0,1295,-58,0,5,15
10,720,82.800000,42.984000,0,0,19851022,1295,0,1295,-59,0,5,15
10,720,82.800000,42.984000,0,0,19851031,1295,0,1295,-59,0,5,15
10,720,82.800000,42.984000,0,0,19851046,1295,0,1295,-59,0,5,15
10,720,82.800000,42.984000,0,0,19851056,1295,0,1295,-59,0,5,15
10,720,82.800000,42.984000,0,0,19851066,1295,0,1295,-59,0,5,15
10,720,82.800000,42.984000,0,0,19851076,1295,0,1295,-59,0,5,15
10,720,82.800000,42.984000,0,0,19851085,1295,0,1295,-59,0,5,15
10,720,82.800000,42.984000,0,0,19851095,1295,0,1295,-59,0,5,15
10,720,82.800000,42.984000,0,0,19851110,1295,0,1295,-59,0,5,15
10,720,82.800000,42.984000,0,0,19851121,1295,0,1295,-59,0,5,15
10,720,82.800000,42.984000,0,0,19851131,1295,0,1295,-61,0,5,15
10,720,82.800000,42.984000,0,0,19851141,1297,0,1297,-62,0,5,15
10,720,82.800000,42.984000,0,0,19851151,1298,0,1298,-62,0,5,15
10,720,82.800000,42.984000,0,0,19851161,1299,0,1299,-63,0,5,15
10,720,82.800000,42.984000,0,0,19851171,1300,0,1300,-63,0,5,15
10,720,82.800000,42.984000,0,0,19851183,1301,0,1301,-63,0,5,15
10,720,82.800000,42.984000,0,0,19851193,1301,0,1301,-63,0,5,15
10,720,82.800000,42.984000,0,0,19851202,1301,0,1301,-63,0,5,15
10,720,82.800000,42.984000,0,0,19851212,1301,0,1301,-63,0,5,15
10,720,82.800000,42.984000,0,0,19851222,1301,0,1301,-63,0,5,15
