10,360,21.600000,42.984000,0,1,19938425,780,22,780,22,0,5,88
10,360,21.600000,42.984000,0,1,19938425,780,22,780,22,0,5,88
10,360,21.600000,42.984000,0,1,19938437,780,22,780,22,0,5,88
10,360,21.600000,42.984000,0,1,19938447,780,22,780,22,0,5,88
10,360,21.600000,42.984000,0,1,19938458,780,22,780,22,0,5,88
10,360,21.600000,42.984000,0,1,19938467,780,22,780,22,0,5,88
10,360,21.600000,42.984000,0,1,19938478,780,22,780,22,0,5,88
10,360,21.600000,42.984000,0,1,19938489,780,22,780,22,0,5,88
10,360,21.600000,42.984000,0,1,19938499,780,22,780,22,0,5,88
10,360,21.600000,42.984000,0,1,19938509,780,22,780,22,0,5,88
10,360,21.600000,42.984000,0,1,19938522,783,22,783,22,0,5,88
10,360,21.600000,42.984000,0,1,19938534,799,24,799,24,0,5,88
10,360,21.600000,42.984000,0,1,19938550,829,26,829,26,0,5,88
10,360,21.600000,42.984000,0,1,19938560,890,26,890,26,0,5,88
10,360,21.600000,42.984000,0,1,19938571,937,26,937,26,0,5,88
10,360,21.600000,42.984000,0,1,19938581,995,24,995,24,0,5,88
10,360,21.600000,42.984000,0,1,19938592,1049,20,1049,20,0,5,88
10,360,21.600000,42.984000,0,1,19938604,1112,17,1112,17,0,5,88
10,360,21.600000,42.984000,0,1,19938616,1155,14,1155,14,0,5,88
10,360,21.600000,42.984000,0,1,19938628,1187,12,1187,12,0,5,88
10,360,21.600000,42.984000,0,1,19938638,1201,10,1201,10,0,5,88
10,360,21.600000,42.984000,0,1,19938648,1202,9,1202,9,0,5,88
10,360,21.600000,42.984000,0,1,19938658,1202,8,1202,8,0,5,88
10,360,21.600000,42.984000,0,1,19938669,1202,7,1202,7,0,5,88
10,360,21.600000,42.984000,0,1,19938679,1200,7,1200,7,0,5,88
10,360,21.600000,42.984000,0,1,19938689,1198,7,1198,7,0,5,88
10,360,21.600000,42.984000,0,1,19938700,1197,7,1197,7,0,5,88
10,360,21.600000,42.984000,0,1,19938710,1196,7,1196,7,0,5,88
10,360,21.600000,42.984000,0,1,19938720,1195,7,1195,7,0,5,88
10,360,21.600000,42.984000,0,1,19938733,1195,7,1195,7,0,5,88
10,360,21.600000,42.984000,0,1,19938743,1195,7,1195,7,0,5,88
10,360,21.600000,42.984000,0,1,19938758,1194,7,1194,7,0,5,88
10,360,21.600000,42.984000,0,1,19938769,1193,7,1193,7,0,5,88
10,360,21.600000,42.984000,0,1,19938780,1192,7,1192,7,0,5,88
10,360,21.600000,42.984000,0,1,19938791,1190,7,1190,7,0,5,88
10,360,21.600000,42.984000,0,1,19938801,1188,7,1188,7,0,5,88
10,360,21.600000,42.984000,0,1,19938811,1184,7,1184,7,0,5,88
10,360,21.600000,42.984000,0,1,19938821,1178,7,1178,7,0,5,88
10,360,21.600000,42.984000,0,1,19938831,1172,8,1172,8,0,5,88
10,360,21.600000,42.984000,0,1,19938843,1164,8,1164,8,0,5,88
10,360,21.600000,42.984000,0,1,19938853,1157,9,1157,9,0,5,88
10,360,21.600000,42.984000,0,1,19938865,1153,9,1153,9,0,5,88
10,360,21.600000,42.984000,0,1,19938876,1148,10,1148,10,0,5,88
10,360,21.600000,42.984000,0,1,19938887,1144,10,1144,10,0,5,88
10,360,21.600000,42.984000,0,1,19938897,1142,10,1142,10,0,5,88
10,360,21.600000,42.984000,0,1,19938908,1139,11,1139,11,0,5,88
10,360,21.600000,42.984000,0,1,19938918,1136,11,1136,11,0,5,88
10,360,21.600000,42.984000,0,1,19938927,1134,11,1134,11,0,5,88
10,360,21.600000,42.984000,0,1,19938938,1132,11,1132,11,0,5,88
10,360,21.600000,42.984000,0,1,19938947,1131,11,1131,11,0,5,88
10,360,21.600000,42.984000,0,1,19938957,1131,11,1131,11,0,5,88
10,360,21.600000,42.984000,0,1,19938967,1131,11,1131,11,0,5,88
10,360,21.600000,42.984000,0,1,19938977,1131,11,1131,11,0,5,88
10,360,21.600000,42.984000,0,1,19938987,1131,11,1131,11,0,5,88
10,360,21.600000,42.984000,0,1,19938997,1131,11,1131,11,0,5,88
10,360,21.600000,42.984000,0,1,19939007,1131,11,1131,11,0,5,88
10,360,21.600000,42.984000,0,1,19939018,1131,11,1131,11,0,5,88
10,360,21.600000,42.984000,0,1,19939028,1131,11,1131,11,0,5,88
10,360,21.600000,42.984000,0,1,19939037,1131,11,1131,11,0,5,88
10,360,21.600000,42.984000,0,1,19939047,1131,11,1131,11,0,5,88
