10,360,21.600000,42.984000,1,1,19883535,780,22,780,22,0,5,43
10,360,21.600000,42.984000,1,1,19883536,780,22,780,22,0,5,43
10,360,21.600000,42.984000,1,1,19883546,780,22,780,22,0,5,43
10,360,21.600000,42.984000,1,1,19883556,780,22,780,22,0,5,43
10,360,21.600000,42.984000,1,1,19883565,780,22,780,22,0,5,43
10,360,21.600000,42.984000,1,1,19883575,780,22,780,22,0,5,43
10,360,21.600000,42.984000,1,1,19883586,780,22,780,22,0,5,43
10,360,21.600000,42.984000,1,1,19883604,783,22,783,22,0,5,43
10,360,21.600000,42.984000,1,1,19883617,802,22,802,22,0,5,43
10,360,21.600000,42.984000,1,1,19883633,833,22,833,22,0,5,43
10,360,21.600000,42.984000,1,1,19883649,896,22,896,22,0,5,43
10,360,21.600000,42.984000,1,1,19883659,963,21,963,21,0,5,43
10,360,21.600000,42.984000,1,1,19883671,996,19,996,19,0,5,43
10,360,21.600000,42.984000,1,1,19883683,1022,17,1022,17,0,5,43
10,360,21.600000,42.984000,1,1,19883697,1041,14,1041,14,0,5,43
10,360,21.600000,42.984000,1,1,19883712,1050,12,1050,12,0,5,43
10,360,21.600000,42.984000,1,1,19883726,1053,11,1053,11,0,5,43
10,360,21.600000,42.984000,1,1,19883737,1054,10,1054,10,0,5,43
10,360,21.600000,42.984000,1,1,19883747,1055,10,1055,10,0,5,43
10,360,21.600000,42.984000,1,1,19883758,1056,9,1056,9,0,5,43
10,360,21.600000,42.984000,1,1,19883769,1057,9,1057,9,0,5,43
10,360,21.600000,42.984000,1,1,19883779,1059,9,1059,9,0,5,43
10,360,21.600000,42.984000,1,1,19883791,1062,9,1062,9,0,5,43
10,360,21.600000,42.984000,1,1,19883806,1066,9,1066,9,0,5,43
10,360,21.600000,42.984000,1,1,19883817,1072,9,1072,9,0,5,43
10,360,21.600000,42.984000,1,1,19883829,1078,9,1078,9,0,5,43
10,360,21.600000,42.984000,1,1,19883840,1086,9,1086,9,0,5,43
10,360,21.600000,42.984000,1,1,19883852,1095,9,1095,9,0,5,43
10,360,21.600000,42.984000,1,1,19883862,1101,9,1101,9,0,5,43
10,360,21.600000,42.984000,1,1,19883872,1104,9,1104,9,0,5,43
10,360,21.600000,42.984000,1,1,19883882,1106,9,1106,9,0,5,43
10,360,21.600000,42.984000,1,1,19883893,1108,8,1108,8,0,5,43
10,360,21.600000,42.984000,1,1,19883903,1111,7,1111,7,0,5,43
10,360,21.600000,42.984000,1,1,19883914,1113,6,1113,6,0,5,43
10,360,21.600000,42.984000,1,1,19883925,1115,5,1115,5,0,5,43
10,360,21.600000,42.984000,1,1,19883937,1119,5,1119,5,0,5,43
10,360,21.600000,42.984000,1,1,19883947,1123,4,1123,4,0,5,43
10,360,21.600000,42.984000,1,1,19883960,1126,3,1126,3,0,5,43
10,360,21.600000,42.984000,1,1,19883970,1129,3,1129,3,0,5,43
10,360,21.600000,42.984000,1,1,19883980,1132,2,1132,2,0,5,43
10,360,21.600000,42.984000,1,1,19883991,1135,2,1135,2,0,5,43
10,360,21.600000,42.984000,1,1,19884000,1137,1,1137,1,0,5,43
10,360,21.600000,42.984000,1,1,19884010,1138,1,1138,1,0,5,43
10,360,21.600000,42.984000,1,1,19884019,1139,1,1139,1,0,5,43
10,360,21.600000,42.984000,1,1,19884029,1139,0,1139,0,0,5,43
10,360,21.600000,42.984000,1,1,19884039,1139,0,1139,0,0,5,43
10,360,21.600000,42.984000,1,1,19884048,1139,0,1139,0,0,5,43
10,360,21.600000,42.984000,1,1,19884058,1139,0,1139,0,0,5,43
10,360,21.600000,42.984000,1,1,19884068,1139,0,1139,-1,0,5,43
10,360,21.600000,42.984000,1,1,19884078,1139,0,1139,-1,0,5,43
10,360,21.600000,42.984000,1,1,19884087,1139,0,1139,-1,0,5,43
10,360,21.600000,42.984000,1,1,19884097,1139,0,1139,-1,0,5,43
10,360,21.600000,42.984000,1,1,19884107,1139,0,1139,-1,0,5,43
10,360,21.600000,42.984000,1,1,19884116,1139,0,1139,-1,0,5,43
