10,720,50.400000,10000.000000,0,0,20068028,600,0,600,0,0,6,68
10,720,50.400000,10000.000000,0,0,20068029,600,0,600,0,0,6,68
10,720,50.400000,10000.000000,0,0,20068041,600,0,600,0,0,6,68
10,720,50.400000,10000.000000,0,0,20068052,601,0,601,0,0,6,68
10,720,50.400000,10000.000000,0,0,20068063,603,0,603,0,0,6,68
10,720,50.400000,10000.000000,0,0,20068075,605,0,605,0,0,6,68
10,720,50.400000,10000.000000,0,0,20068086,608,0,608,0,0,6,68
10,720,50.400000,10000.000000,0,0,20068102,614,0,614,0,0,6,68
10,720,50.400000,10000.000000,0,0,20068115,627,0,627,-2,0,6,68
10,720,50.400000,10000.000000,0,0,20068127,648,0,648,-3,0,6,68
10,720,50.400000,10000.000000,0,0,20068143,681,0,681,-3,0,6,68
10,720,50.400000,10000.000000,0,0,20068158,769,0,769,-4,0,6,68
10,720,50.400000,10000.000000,0,0,20068169,879,0,879,-5,0,6,68
10,720,50.400000,10000.000000,0,0,20068180,960,0,960,-9,0,6,68
10,720,50.400000,10000.000000,0,0,20068191,1033,0,1033,-14,0,6,68
10,720,50.400000,10000.000000,0,0,20068204,1098,0,1098,-16,0,6,68
10,720,50.400000,10000.000000,0,0,20068215,1161,0,1161,-16,0,6,68
10,720,50.400000,10000.000000,0,0,20068226,1192,1,1192,-15,0,6,68
10,720,50.400000,10000.000000,0,0,20068237,1215,2,1215,-14,0,6,68
10,720,50.400000,10000.000000,0,0,20068249,1233,2,1233,-14,0,6,68
10,720,50.400000,10000.000000,0,0,20068261,1257,5,1257,-11,0,6,68
10,720,50.400000,10000.000000,0,0,20068275,1282,8,1282,-8,0,6,68
10,720,50.400000,10000.000000,0,0,20068288,1308,10,1308,-6,0,6,68
10,720,50.400000,10000.000000,0,0,20068299,1320,10,1320,-6,0,6,68
10,720,50.400000,10000.000000,0,0,20068311,1327,10,1327,-6,0,6,68
10,720,50.400000,10000.000000,0,0,20068322,1333,10,1333,-6,0,6,68
10,720,50.400000,10000.000000,0,0,20068332,1337,10,1337,-6,0,6,68
10,720,50.400000,10000.000000,0,0,20068344,1342,10,1342,-6,0,6,68
10,720,50.400000,10000.000000,0,0,20068355,1346,10,1346,-6,0,6,68
10,720,50.400000,10000.000000,0,0,20068366,1346,10,1346,-6,0,6,68
10,720,50.400000,10000.000000,0,0,20068376,1346,10,1346,-6,0,6,68
10,720,50.400000,10000.000000,0,0,20068387,1346,10,1346,-6,0,6,68
10,720,50.400000,10000.000000,0,0,20068398,1346,10,1346,-6,0,6,68
10,720,50.400000,10000.000000,0,0,20068409,1346,10,1346,-6,0,6,68
10,720,50.400000,10000.000000,0,0,20068420,1346,10,1346,-6,0,6,68
10,720,50.400000,10000.000000,0,0,20068430,1346,10,1346,-6,0,6,68
10,720,50.400000,10000.000000,0,0,20068441,1346,10,1346,-6,0,6,68
10,720,50.400000,10000.000000,0,0,20068452,1346,10,1346,-6,0,6,68
10,720,50.400000,10000.000000,0,0,20068462,1346,10,1346,-6,0,6,68
10,720,50.400000,10000.000000,0,0,20068473,1346,10,1346,-6,0,6,68
10,720,50.400000,10000.000000,0,0,20068484,1346,10,1346,-6,0,6,68
10,720,50.400000,10000.000000,0,0,20068495,1346,10,1346,-6,0,6,68
10,720,50.400000,10000.000000,0,0,20068506,1346,10,1346,-6,0,6,68
10,720,50.400000,10000.000000,0,0,20068517,1346,10,1346,-6,0,6,68
10,720,50.400000,10000.000000,0,0,20068526,1346,10,1346,-6,1,6,68
