10,360,50.400000,0.000000,0,0,20067029,780,0,780,0,0,6,67
10,360,50.400000,0.000000,0,0,20067030,780,0,780,0,0,6,67
10,360,50.400000,0.000000,0,0,20067041,780,0,780,0,0,6,67
10,360,50.400000,0.000000,0,0,20067052,780,0,780,0,0,6,67
10,360,50.400000,0.000000,0,0,20067064,781,0,781,0,0,6,67
10,360,50.400000,0.000000,0,0,20067075,782,0,782,0,0,6,67
10,360,50.400000,0.000000,0,0,20067092,785,0,785,0,0,6,67
10,360,50.400000,0.000000,0,0,20067105,793,0,793,-1,0,6,67
10,360,50.400000,0.000000,0,0,20067123,808,0,808,-2,0,6,67
10,360,50.400000,0.000000,0,0,20067139,843,0,843,-2,0,6,67
10,360,50.400000,0.000000,0,0,20067155,892,0,892,-2,0,6,67
10,360,50.400000,0.000000,0,0,20067167,957,0,957,-2,0,6,67
10,360,50.400000,0.000000,0,0,20067179,1003,1,1003,-1,0,6,67
10,360,50.400000,0.000000,0,0,20067191,1045,2,1045,0,0,6,67
10,360,50.400000,0.000000,0,0,20067204,1079,4,1079,2,0,6,67
10,360,50.400000,0.000000,0,0,20067215,1103,5,1103,3,0,6,67
10,360,50.400000,0.000000,0,0,20067225,1113,5,1113,3,0,6,67
10,360,50.400000,0.000000,0,0,20067238,1116,5,1116,3,0,6,67
10,360,50.400000,0.000000,0,0,20067249,1117,5,1117,3,0,6,67
10,360,50.400000,0.000000,0,0,20067260,1117,6,1117,4,0,6,67
10,360,50.400000,0.000000,0,0,20067271,1118,6,1118,4,0,6,67
10,360,50.400000,0.000000,0,0,20067282,1119,6,1119,4,0,6,67
10,360,50.400000,0.000000,0,0,20067293,1121,6,1121,4,0,6,67
10,360,50.400000,0.000000,0,0,20067305,1126,7,1126,5,0,6,67
10,360,50.400000,0.000000,0,0,20067317,1132,7,1132,5,0,6,67
10,360,50.400000,0.000000,0,0,20067328,1138,7,1138,5,0,6,67
10,360,50.400000,0.000000,0,0,20067343,1141,7,1141,5,0,6,67
10,360,50.400000,0.000000,0,0,20067359,1143,7,1143,5,0,6,67
10,360,50.400000,0.000000,0,0,20067375,1144,7,1144,5,0,6,67
10,360,50.400000,0.000000,0,0,20067391,1144,7,1144,5,0,6,67
10,360,50.400000,0.000000,0,0,20067407,1144,6,1144,4,0,6,67
10,360,50.400000,0.000000,0,0,20067422,1144,6,1144,4,0,6,67
10,360,50.400000,0.000000,0,0,20067432,1144,6,1144,4,0,6,67
10,360,50.400000,0.000000,0,0,20067443,1144,6,1144,4,0,6,67
10,360,50.400000,0.000000,0,0,20067453,1144,6,1144,4,0,6,67
10,360,50.400000,0.000000,0,0,20067468,1144,6,1144,4,0,6,67
10,360,50.400000,0.000000,0,0,20067484,1144,6,1144,4,0,6,67
10,360,50.400000,0.000000,0,0,20067494,1144,6,1144,4,0,6,67
