10,720,82.800000,0.000000,0,1,20093251,600,22,600,22,0,6,87
10,720,82.800000,0.000000,0,1,20093252,600,22,600,22,0,6,87
10,720,82.800000,0.000000,0,1,20093263,601,21,601,21,0,6,87
10,720,82.800000,0.000000,0,1,20093275,601,21,601,21,0,6,87
10,720,82.800000,0.000000,0,1,20093286,601,21,601,21,0,6,87
10,720,82.800000,0.000000,0,1,20093297,601,21,601,21,0,6,87
10,720,82.800000,0.000000,0,1,20093308,601,21,601,21,0,6,87
10,720,82.800000,0.000000,0,1,20093321,601,21,601,21,0,6,87
10,720,82.800000,0.000000,0,1,20093339,607,21,607,21,0,6,87
10,720,82.800000,0.000000,0,1,20093353,624,18,624,18,0,6,87
10,720,82.800000,0.000000,0,1,20093369,653,12,653,12,0,6,87
10,720,82.800000,0.000000,0,1,20093379,700,3,700,3,0,6,87
10,720,82.800000,0.000000,0,1,20093391,750,0,750,-6,0,6,87
10,720,82.800000,0.000000,0,1,20093404,802,0,802,-13,0,6,87
10,720,82.800000,0.000000,0,1,20093415,876,0,876,-19,0,6,87
10,720,82.800000,0.000000,0,1,20093427,935,0,935,-23,0,6,87
10,720,82.800000,0.000000,0,1,20093439,991,0,991,-28,0,6,87
10,720,82.800000,0.000000,0,1,20093451,1038,0,1038,-32,0,6,87
10,720,82.800000,0.000000,0,1,20093462,1070,0,1070,-35,0,6,87
10,720,82.800000,0.000000,0,1,20093474,1091,0,1091,-35,0,6,87
10,720,82.800000,0.000000,0,1,20093484,1111,0,1111,-36,0,6,87
10,720,82.800000,0.000000,0,1,20093496,1126,0,1126,-37,0,6,87
10,720,82.800000,0.000000,0,1,20093507,1136,0,1136,-37,0,6,87
10,720,82.800000,0.000000,0,1,20093518,1146,0,1146,-37,0,6,87
10,720,82.800000,0.000000,0,1,20093530,1157,0,1157,-37,0,6,87
10,720,82.800000,0.000000,0,1,20093543,1170,0,1170,-37,0,6,87
10,720,82.800000,0.000000,0,1,20093554,1186,0,1186,-37,0,6,87
10,720,82.800000,0.000000,0,1,20093567,1200,0,1200,-37,0,6,87
10,720,82.800000,0.000000,0,1,20093578,1213,0,1213,-37,0,6,87
10,720,82.800000,0.000000,0,1,20093590,1223,0,1223,-37,0,6,87
10,720,82.800000,0.000000,0,1,20093605,1231,0,1231,-37,0,6,87
10,720,82.800000,0.000000,0,1,20093620,1237,0,1237,-37,0,6,87
10,720,82.800000,0.000000,0,1,20093635,1238,0,1238,-37,0,6,87
10,720,82.800000,0.000000,0,1,20093651,1238,0,1238,-38,0,6,87
10,720,82.800000,0.000000,0,1,20093662,1239,0,1239,-39,0,6,87
10,720,82.800000,0.000000,0,1,20093673,1240,0,1240,-39,0,6,87
10,720,82.800000,0.000000,0,1,20093684,1241,0,1241,-39,0,6,87
10,720,82.800000,0.000000,0,1,20093698,1242,0,1242,-39,0,6,87
10,720,82.800000,0.000000,0,1,20093714,1245,0,1245,-39,0,6,87
10,720,82.800000,0.000000,0,1,20093726,1252,0,1252,-39,0,6,87
10,720,82.800000,0.000000,0,1,20093741,1259,0,1259,-39,0,6,87
10,720,82.800000,0.000000,0,1,20093756,1265,0,1265,-40,0,6,87
10,720,82.800000,0.000000,0,1,20093767,1267,0,1267,-41,0,6,87
10,720,82.800000,0.000000,0,1,20093779,1269,0,1269,-41,0,6,87
10,720,82.800000,0.000000,0,1,20093794,1270,0,1270,-41,0,6,87
10,720,82.800000,0.000000,0,1,20093806,1275,0,1275,-41,0,6,87
10,720,82.800000,0.000000,0,1,20093817,1281,0,1281,-41,0,6,87
10,720,82.800000,0.000000,0,1,20093828,1285,0,1285,-41,0,6,87
10,720,82.800000,0.000000,0,1,20093838,1287,0,1287,-41,0,6,87
10,720,82.800000,0.000000,0,1,20093850,1287,0,1287,-41,0,6,87
10,720,82.800000,0.000000,0,1,20093861,1287,0,1287,-41,0,6,87
10,720,82.800000,0.000000,0,1,20093871,1287,0,1287,-41,0,6,87
10,720,82.800000,0.000000,0,1,20093883,1287,0,1287,-41,0,6,87
10,720,82.800000,0.000000,0,1,20093893,1287,0,1287,-41,0,6,87
10,720,82.800000,0.000000,0,1,20093904,1287,0,1287,-41,0,6,87
10,720,82.800000,0.000000,0,1,20093915,1287,0,1287,-41,0,6,87
10,720,82.800000,0.000000,0,1,20093925,1287,0,1287,-41,0,6,87
10,720,82.800000,0.000000,0,1,20093935,1287,0,1287,-41,0,6,87
