10,720,82.800000,10000.000000,1,1,20023071,600,22,600,22,0,6,34
10,720,82.800000,10000.000000,1,1,20023072,600,22,600,22,0,6,34
10,720,82.800000,10000.000000,1,1,20023083,600,22,600,22,0,6,34
10,720,82.800000,10000.000000,1,1,20023094,600,22,600,22,0,6,34
10,720,82.800000,10000.000000,1,1,20023105,600,22,600,22,0,6,34
10,720,82.800000,10000.000000,1,1,20023116,600,22,600,22,0,6,34
10,720,82.800000,10000.000000,1,1,20023127,600,22,600,22,0,6,34
10,720,82.800000,10000.000000,1,1,20023137,602,22,602,22,0,6,34
10,720,82.800000,10000.000000,1,1,20023153,606,23,606,23,0,6,34
10,720,82.800000,10000.000000,1,1,20023165,622,23,622,23,0,6,34
10,720,82.800000,10000.000000,1,1,20023175,649,23,649,23,0,6,34
10,720,82.800000,10000.000000,1,1,20023187,693,23,693,23,0,6,34
10,720,82.800000,10000.000000,1,1,20023200,759,22,759,22,0,6,34
10,720,82.800000,10000.000000,1,1,20023211,858,19,858,19,0,6,34
10,720,82.800000,10000.000000,1,1,20023224,958,17,958,17,0,6,34
10,720,82.800000,10000.000000,1,1,20023235,1174,12,1174,12,0,6,34
10,720,82.800000,10000.000000,1,1,20023246,1250,8,1250,8,0,6,34
10,720,82.800000,10000.000000,1,1,20023256,1300,5,1300,5,0,6,34
10,720,82.800000,10000.000000,1,1,20023268,1327,4,1327,4,0,6,34
10,720,82.800000,10000.000000,1,1,20023279,1340,4,1340,4,0,6,34
10,720,82.800000,10000.000000,1,1,20023294,1345,4,1345,4,0,6,34
10,720,82.800000,10000.000000,1,1,20023310,1345,4,1345,4,0,6,34
10,720,82.800000,10000.000000,1,1,20023320,1345,4,1345,4,0,6,34
10,720,82.800000,10000.000000,1,1,20023331,1345,4,1345,4,0,6,34
10,720,82.800000,10000.000000,1,1,20023342,1345,4,1345,4,0,6,34
10,720,82.800000,10000.000000,1,1,20023353,1345,4,1345,4,0,6,34
10,720,82.800000,10000.000000,1,1,20023364,1345,4,1345,4,0,6,34
10,720,82.800000,10000.000000,1,1,20023375,1346,4,1346,4,0,6,34
10,720,82.800000,10000.000000,1,1,20023386,1349,4,1349,4,0,6,34
10,720,82.800000,10000.000000,1,1,20023397,1351,4,1351,4,0,6,34
10,720,82.800000,10000.000000,1,1,20023408,1353,4,1353,4,0,6,34
10,720,82.800000,10000.000000,1,1,20023418,1356,4,1356,4,0,6,34
10,720,82.800000,10000.000000,1,1,20023428,1356,4,1356,4,0,6,34
10,720,82.800000,10000.000000,1,1,20023439,1356,4,1356,4,0,6,34
10,720,82.800000,10000.000000,1,1,20023449,1356,4,1356,4,0,6,34
10,720,82.800000,10000.000000,1,1,20023460,1356,4,1356,4,0,6,34
10,720,82.800000,10000.000000,1,1,20023471,1356,4,1356,4,0,6,34
10,720,82.800000,10000.000000,1,1,20023482,1356,4,1356,4,0,6,34
10,720,82.800000,10000.000000,1,1,20023493,1356,4,1356,4,0,6,34
10,720,82.800000,10000.000000,1,1,20023503,1356,4,1356,4,0,6,34
10,720,82.800000,10000.000000,1,1,20023514,1356,4,1356,4,0,6,34
10,720,82.800000,10000.000000,1,1,20023525,1356,4,1356,4,0,6,34
10,720,82.800000,10000.000000,1,1,20023536,1356,4,1356,4,0,6,34
10,720,82.800000,10000.000000,1,1,20023546,1356,4,1356,4,0,6,34
10,720,82.800000,10000.000000,1,1,20023556,1356,5,1356,5,0,6,34
10,720,82.800000,10000.000000,1,1,20023567,1355,5,1355,5,0,6,34
10,720,82.800000,10000.000000,1,1,20023578,1354,5,1354,5,0,6,34
10,720,82.800000,10000.000000,1,1,20023589,1353,6,1353,6,0,6,34
10,720,82.800000,10000.000000,1,1,20023601,1352,7,1352,7,0,6,34
10,720,82.800000,10000.000000,1,1,20023615,1350,8,1350,8,0,6,34
10,720,82.800000,10000.000000,1,1,20023627,1349,8,1349,8,0,6,34
10,720,82.800000,10000.000000,1,1,20023640,1349,9,1349,9,0,6,34
10,720,82.800000,10000.000000,1,1,20023656,1349,9,1349,9,0,6,34
10,720,82.800000,10000.000000,1,1,20023671,1348,9,1348,9,0,6,34
