10,720,21.600000,0.000000,0,1,20048228,600,22,600,22,0,6,53
10,720,21.600000,0.000000,0,1,20048229,600,22,600,22,0,6,53
10,720,21.600000,0.000000,0,1,20048240,600,22,600,22,0,6,53
10,720,21.600000,0.000000,0,1,20048257,601,22,601,22,0,6,53
10,720,21.600000,0.000000,0,1,20048271,602,22,602,22,0,6,53
10,720,21.600000,0.000000,0,1,20048281,603,22,603,22,0,6,53
10,720,21.600000,0.000000,0,1,20048292,607,22,607,22,0,6,53
10,720,21.600000,0.000000,0,1,20048304,615,22,615,22,0,6,53
10,720,21.600000,0.000000,0,1,20048314,629,20,629,20,0,6,53
10,720,21.600000,0.000000,0,1,20048327,654,18,654,18,0,6,53
10,720,21.600000,0.000000,0,1,20048338,695,17,695,17,0,6,53
10,720,21.600000,0.000000,0,1,20048348,748,12,748,12,0,6,53
10,720,21.600000,0.000000,0,1,20048359,810,7,810,7,0,6,53
10,720,21.600000,0.000000,0,1,20048369,873,3,873,3,0,6,53
10,720,21.600000,0.000000,0,1,20048380,948,1,948,1,0,6,53
10,720,21.600000,0.000000,0,1,20048391,1035,0,1035,-1,0,6,53
10,720,21.600000,0.000000,0,1,20048402,1105,0,1105,-2,0,6,53
10,720,21.600000,0.000000,0,1,20048414,1155,0,1155,-2,0,6,53
10,720,21.600000,0.000000,0,1,20048430,1184,1,1184,-1,0,6,53
10,720,21.600000,0.000000,0,1,20048445,1194,1,1194,-1,0,6,53
10,720,21.600000,0.000000,0,1,20048461,1194,1,1194,-1,0,6,53
10,720,21.600000,0.000000,0,1,20048472,1194,1,1194,-1,0,6,53
10,720,21.600000,0.000000,0,1,20048482,1194,1,1194,-1,0,6,53
10,720,21.600000,0.000000,0,1,20048498,1194,1,1194,-1,0,6,53
10,720,21.600000,0.000000,0,1,20048508,1201,1,1201,-1,0,6,53
10,720,21.600000,0.000000,0,1,20048520,1208,1,1208,-1,0,6,53
10,720,21.600000,0.000000,0,1,20048530,1213,1,1213,-1,0,6,53
10,720,21.600000,0.000000,0,1,20048540,1215,1,1215,-1,0,6,53
10,720,21.600000,0.000000,0,1,20048551,1216,1,1216,-1,0,6,53
10,720,21.600000,0.000000,0,1,20048563,1218,1,1218,-1,0,6,53
10,720,21.600000,0.000000,0,1,20048573,1221,1,1221,-1,0,6,53
10,720,21.600000,0.000000,0,1,20048584,1229,2,1229,0,0,6,53
10,720,21.600000,0.000000,0,1,20048595,1243,5,1243,3,0,6,53
10,720,21.600000,0.000000,0,1,20048608,1258,8,1258,6,0,6,53
10,720,21.600000,0.000000,0,1,20048619,1271,10,1271,8,0,6,53
10,720,21.600000,0.000000,0,1,20048630,1280,10,1280,8,0,6,53
10,720,21.600000,0.000000,0,1,20048641,1287,11,1287,9,0,6,53
10,720,21.600000,0.000000,0,1,20048652,1291,11,1291,9,0,6,53
10,720,21.600000,0.000000,0,1,20048663,1293,11,1293,9,0,6,53
10,720,21.600000,0.000000,0,1,20048674,1294,11,1294,9,0,6,53
10,720,21.600000,0.000000,0,1,20048690,1294,11,1294,9,0,6,53
10,720,21.600000,0.000000,0,1,20048701,1294,11,1294,9,0,6,53
10,720,21.600000,0.000000,0,1,20048712,1294,11,1294,9,0,6,53
10,720,21.600000,0.000000,0,1,20048723,1294,11,1294,9,0,6,53
10,720,21.600000,0.000000,0,1,20048734,1294,11,1294,9,0,6,53
10,720,21.600000,0.000000,0,1,20048744,1294,11,1294,9,0,6,53
10,720,21.600000,0.000000,0,1,20048755,1294,11,1294,9,0,6,53
10,720,21.600000,0.000000,0,1,20048766,1294,11,1294,9,0,6,53
10,720,21.600000,0.000000,0,1,20048777,1294,11,1294,9,0,6,53
10,720,21.600000,0.000000,0,1,20048787,1294,11,1294,9,0,6,53
10,720,21.600000,0.000000,0,1,20048798,1294,11,1294,9,0,6,53
10,720,21.600000,0.000000,0,1,20048809,1294,11,1294,9,0,6,53
10,720,21.600000,0.000000,0,1,20048819,1294,11,1294,9,0,6,53
10,720,21.600000,0.000000,0,1,20048829,1294,11,1294,9,0,6,53
10,720,21.600000,0.000000,0,1,20048839,1294,11,1294,9,0,6,53
10,720,21.600000,0.000000,0,1,20048855,1294,11,1294,9,0,6,53
10,720,21.600000,0.000000,0,1,20048866,1294,11,1294,9,0,6,53
10,720,21.600000,0.000000,0,1,20048877,1294,11,1294,9,0,6,53
10,720,21.600000,0.000000,0,1,20048890,1295,11,1295,9,0,6,53
10,720,21.600000,0.000000,0,1,20048900,1298,11,1298,9,0,6,53
10,720,21.600000,0.000000,0,1,20048912,1305,11,1305,9,0,6,53
10,720,21.600000,0.000000,0,1,20048923,1316,12,1316,10,0,6,53
10,720,21.600000,0.000000,0,1,20048934,1330,12,1330,10,0,6,53
10,720,21.600000,0.000000,0,1,20048950,1340,12,1340,10,0,6,53
10,720,21.600000,0.000000,0,1,20048965,1347,10,1347,8,0,6,53
10,720,21.600000,0.000000,0,1,20048980,1348,9,1348,7,0,6,53
10,720,21.600000,0.000000,0,1,20048991,1348,8,1348,6,0,6,53
10,720,21.600000,0.000000,0,1,20049000,1348,7,1348,5,0,6,53
10,720,21.600000,0.000000,0,1,20049011,1348,7,1348,5,0,6,53
10,720,21.600000,0.000000,0,1,20049022,1347,7,1347,5,0,6,53
10,720,21.600000,0.000000,0,1,20049033,1347,7,1347,5,0,6,53
10,720,21.600000,0.000000,0,1,20049043,1346,6,1346,4,0,6,53
10,720,21.600000,0.000000,0,1,20049053,1345,5,1345,3,0,6,53
10,720,21.600000,0.000000,0,1,20049064,1345,5,1345,3,0,6,53
10,720,21.600000,0.000000,0,1,20049075,1345,5,1345,3,0,6,53
10,720,21.600000,0.000000,0,1,20049086,1345,5,1345,3,0,6,53
10,720,21.600000,0.000000,0,1,20049097,1345,5,1345,3,0,6,53
10,720,21.600000,0.000000,0,1,20049109,1345,5,1345,3,0,6,53
10,720,21.600000,0.000000,0,1,20049119,1345,5,1345,3,0,6,53
10,720,21.600000,0.000000,0,1,20049130,1345,5,1345,3,0,6,53
10,720,21.600000,0.000000,0,1,20049145,1345,5,1345,3,0,6,53
10,720,21.600000,0.000000,0,1,20049155,1345,5,1345,3,0,6,53
10,720,21.600000,0.000000,0,1,20049166,1343,5,1343,3,0,6,53
10,720,21.600000,0.000000,0,1,20049176,1342,5,1342,3,0,6,53
10,720,21.600000,0.000000,0,1,20049188,1341,6,1341,4,0,6,53
10,720,21.600000,0.000000,0,1,20049203,1338,8,1338,6,0,6,53
10,720,21.600000,0.000000,0,1,20049222,1335,9,1335,7,0,6,53
10,720,21.600000,0.000000,0,1,20049233,1333,10,1333,8,0,6,53
10,720,21.600000,0.000000,0,1,20049244,1332,11,1332,9,0,6,53
10,720,21.600000,0.000000,0,1,20049254,1331,11,1331,9,0,6,53
10,720,21.600000,0.000000,0,1,20049264,1331,11,1331,9,0,6,53
10,720,21.600000,0.000000,0,1,20049275,1330,11,1330,9,0,6,53
10,720,21.600000,0.000000,0,1,20049285,1330,12,1330,10,0,6,53
10,720,21.600000,0.000000,0,1,20049295,1329,12,1329,10,0,6,53
10,720,21.600000,0.000000,0,1,20049306,1328,12,1328,10,0,6,53
10,720,21.600000,0.000000,0,1,20049317,1326,12,1326,10,0,6,53
10,720,21.600000,0.000000,0,1,20049329,1324,13,1324,11,0,6,53
10,720,21.600000,0.000000,0,1,20049339,1322,13,1322,11,0,6,53
10,720,21.600000,0.000000,0,1,20049350,1320,13,1320,11,0,6,53
10,720,21.600000,0.000000,0,1,20049359,1320,13,1320,11,0,6,53
10,720,21.600000,0.000000,0,1,20049369,1320,13,1320,11,0,6,53
10,720,21.600000,0.000000,0,1,20049379,1320,13,1320,11,0,6,53
10,720,21.600000,0.000000,0,1,20049389,1320,13,1320,11,0,6,53
10,720,21.600000,0.000000,0,1,20049398,1320,13,1320,11,0,6,53
