10,360,21.600000,12.276000,0,0,20149297,780,0,780,0,0,7,10
10,360,21.600000,12.276000,0,0,20149298,780,0,780,0,0,7,10
10,360,21.600000,12.276000,0,0,20149309,780,0,780,0,0,7,10
10,360,21.600000,12.276000,0,0,20149321,780,0,780,0,0,7,10
10,360,21.600000,12.276000,0,0,20149331,780,0,780,0,0,7,10
10,360,21.600000,12.276000,0,0,20149343,780,0,780,0,0,7,10
10,360,21.600000,12.276000,0,0,20149358,780,0,780,0,0,7,10
10,360,21.600000,12.276000,0,0,20149369,780,0,780,0,0,7,10
10,360,21.600000,12.276000,0,0,20149383,781,0,781,0,0,7,10
10,360,21.600000,12.276000,0,0,20149394,785,0,785,0,0,7,10
10,360,21.600000,12.276000,0,0,20149404,799,0,799,-1,0,7,10
10,360,21.600000,12.276000,0,0,20149416,827,0,827,-1,0,7,10
10,360,21.600000,12.276000,0,0,20149427,864,0,864,-1,0,7,10
10,360,21.600000,12.276000,0,0,20149438,919,0,919,-1,0,7,10
10,360,21.600000,12.276000,0,0,20149448,975,0,975,-1,0,7,10
10,360,21.600000,12.276000,0,0,20149459,1025,0,1025,-1,0,7,10
10,360,21.600000,12.276000,0,0,20149469,1062,0,1062,-1,0,7,10
10,360,21.600000,12.276000,0,0,20149480,1082,0,1082,-1,0,7,10
10,360,21.600000,12.276000,0,0,20149492,1092,0,1092,-1,0,7,10
10,360,21.600000,12.276000,0,0,20149502,1092,0,1092,-1,0,7,10
10,360,21.600000,12.276000,0,0,20149514,1092,0,1092,-1,0,7,10
10,360,21.600000,12.276000,0,0,20149525,1091,0,1091,-1,0,7,10
10,360,21.600000,12.276000,0,0,20149536,1089,0,1089,-1,0,7,10
10,360,21.600000,12.276000,0,0,20149546,1087,0,1087,-1,0,7,10
10,360,21.600000,12.276000,0,0,20149556,1087,0,1087,-1,0,7,10
10,360,21.600000,12.276000,0,0,20149566,1087,0,1087,-1,0,7,10
10,360,21.600000,12.276000,0,0,20149577,1087,0,1087,-1,0,7,10
10,360,21.600000,12.276000,0,0,20149587,1087,0,1087,-1,0,7,10
10,360,21.600000,12.276000,0,0,20149599,1087,0,1087,-1,0,7,10
10,360,21.600000,12.276000,0,0,20149609,1087,0,1087,-1,0,7,10
10,360,21.600000,12.276000,0,0,20149620,1087,0,1087,-1,0,7,10
10,360,21.600000,12.276000,0,0,20149631,1087,0,1087,-1,0,7,10
10,360,21.600000,12.276000,0,0,20149641,1087,0,1087,-1,0,7,10
10,360,21.600000,12.276000,0,0,20149652,1087,0,1087,-1,0,7,10
10,360,21.600000,12.276000,0,0,20149662,1087,0,1087,-1,0,7,10
10,360,21.600000,12.276000,0,0,20149672,1087,0,1087,-1,0,7,10
10,360,21.600000,12.276000,0,0,20149683,1087,0,1087,-1,0,7,10
10,360,21.600000,12.276000,0,0,20149693,1087,0,1087,-1,0,7,10
10,360,21.600000,12.276000,0,0,20149704,1087,0,1087,-1,0,7,10
10,360,21.600000,12.276000,0,0,20149716,1088,0,1088,-1,0,7,10
10,360,21.600000,12.276000,0,0,20149728,1090,0,1090,-1,0,7,10
10,360,21.600000,12.276000,0,0,20149738,1093,0,1093,-1,0,7,10
10,360,21.600000,12.276000,0,0,20149748,1096,0,1096,-2,0,7,10
10,360,21.600000,12.276000,0,0,20149759,1099,0,1099,-2,0,7,10
10,360,21.600000,12.276000,0,0,20149770,1101,0,1101,-3,0,7,10
10,360,21.600000,12.276000,0,0,20149781,1103,0,1103,-4,0,7,10
10,360,21.600000,12.276000,0,0,20149791,1104,0,1104,-4,0,7,10
10,360,21.600000,12.276000,0,0,20149801,1104,0,1104,-5,0,7,10
10,360,21.600000,12.276000,0,0,20149811,1105,0,1105,-5,0,7,10
10,360,21.600000,12.276000,0,0,20149821,1106,0,1106,-5,0,7,10
10,360,21.600000,12.276000,0,0,20149833,1107,0,1107,-6,0,7,10
10,360,21.600000,12.276000,0,0,20149843,1108,0,1108,-7,0,7,10
10,360,21.600000,12.276000,0,0,20149853,1109,0,1109,-7,0,7,10
10,360,21.600000,12.276000,0,0,20149863,1110,0,1110,-7,0,7,10
10,360,21.600000,12.276000,0,0,20149874,1112,0,1112,-8,0,7,10
10,360,21.600000,12.276000,0,0,20149884,1112,0,1112,-8,0,7,10
10,360,21.600000,12.276000,0,0,20149894,1113,0,1113,-8,0,7,10
10,360,21.600000,12.276000,0,0,20149904,1114,0,1114,-8,0,7,10
10,360,21.600000,12.276000,0,0,20149914,1114,0,1114,-8,0,7,10
10,360,21.600000,12.276000,0,0,20149925,1114,0,1114,-9,0,7,10
10,360,21.600000,12.276000,0,0,20149934,1114,0,1114,-9,0,7,10
10,360,21.600000,12.276000,0,0,20149944,1115,0,1115,-9,0,7,10
10,360,21.600000,12.276000,0,0,20149955,1116,0,1116,-9,0,7,10
10,360,21.600000,12.276000,0,0,20149965,1118,0,1118,-9,0,7,10
10,360,21.600000,12.276000,0,0,20149975,1120,0,1120,-9,0,7,10
10,360,21.600000,12.276000,0,0,20149986,1122,0,1122,-10,0,7,10
10,360,21.600000,12.276000,0,0,20149997,1125,0,1125,-10,0,7,10
10,360,21.600000,12.276000,0,0,20150007,1126,0,1126,-10,0,7,10
10,360,21.600000,12.276000,0,0,20150017,1127,0,1127,-10,0,7,10
10,360,21.600000,12.276000,0,0,20150027,1128,0,1128,-10,0,7,10
10,360,21.600000,12.276000,0,0,20150037,1129,0,1129,-10,0,7,10
10,360,21.600000,12.276000,0,0,20150050,1130,0,1130,-10,0,7,10
10,360,21.600000,12.276000,0,0,20150060,1133,0,1133,-10,0,7,10
10,360,21.600000,12.276000,0,0,20150070,1137,1,1137,-9,0,7,10
10,360,21.600000,12.276000,0,0,20150080,1141,1,1141,-9,0,7,10
10,360,21.600000,12.276000,0,0,20150091,1143,1,1143,-9,0,7,10
10,360,21.600000,12.276000,0,0,20150101,1144,2,1144,-8,0,7,10
10,360,21.600000,12.276000,0,0,20150111,1145,2,1145,-8,0,7,10
10,360,21.600000,12.276000,0,0,20150122,1145,2,1145,-8,0,7,10
10,360,21.600000,12.276000,0,0,20150133,1145,2,1145,-8,0,7,10
10,360,21.600000,12.276000,0,0,20150143,1145,2,1145,-8,0,7,10
10,360,21.600000,12.276000,0,0,20150153,1145,2,1145,-8,0,7,10
10,360,21.600000,12.276000,0,0,20150163,1145,2,1145,-8,0,7,10
10,360,21.600000,12.276000,0,0,20150173,1145,2,1145,-8,0,7,10
10,360,21.600000,12.276000,0,0,20150183,1145,2,1145,-8,0,7,10
10,360,21.600000,12.276000,0,0,20150193,1145,2,1145,-8,0,7,10
10,360,21.600000,12.276000,0,0,20150204,1145,2,1145,-8,0,7,10
10,360,21.600000,12.276000,0,0,20150213,1145,2,1145,-8,0,7,10
