10,360,21.600000,0.000000,0,0,20150880,780,0,780,0,0,7,11
10,360,21.600000,0.000000,0,0,20150881,780,0,780,0,0,7,11
10,360,21.600000,0.000000,0,0,20150892,780,0,780,0,0,7,11
10,360,21.600000,0.000000,0,0,20150902,780,0,780,0,0,7,11
10,360,21.600000,0.000000,0,0,20150913,780,0,780,0,0,7,11
10,360,21.600000,0.000000,0,0,20150923,780,0,780,0,0,7,11
10,360,21.600000,0.000000,0,0,20150934,780,0,780,0,0,7,11
10,360,21.600000,0.000000,0,0,20150945,780,0,780,0,0,7,11
10,360,21.600000,0.000000,0,0,20150955,780,0,780,0,0,7,11
10,360,21.600000,0.000000,0,0,20150968,781,0,781,0,0,7,11
10,360,21.600000,0.000000,0,0,20150980,783,0,783,0,0,7,11
10,360,21.600000,0.000000,0,0,20150991,789,1,789,1,0,7,11
10,360,21.600000,0.000000,0,0,20151001,799,2,799,2,0,7,11
10,360,21.600000,0.000000,0,0,20151011,808,2,808,2,0,7,11
10,360,21.600000,0.000000,0,0,20151023,824,2,824,2,0,7,11
10,360,21.600000,0.000000,0,0,20151035,844,2,844,2,0,7,11
10,360,21.600000,0.000000,0,0,20151046,867,2,867,2,0,7,11
10,360,21.600000,0.000000,0,0,20151057,888,0,888,0,0,7,11
10,360,21.600000,0.000000,0,0,20151068,907,0,907,-3,0,7,11
10,360,21.600000,0.000000,0,0,20151079,928,0,928,-6,0,7,11
10,360,21.600000,0.000000,0,0,20151090,945,0,945,-8,0,7,11
10,360,21.600000,0.000000,0,0,20151101,961,0,961,-10,0,7,11
10,360,21.600000,0.000000,0,0,20151111,972,0,972,-12,0,7,11
10,360,21.600000,0.000000,0,0,20151121,982,0,982,-13,0,7,11
10,360,21.600000,0.000000,0,0,20151131,989,0,989,-14,0,7,11
10,360,21.600000,0.000000,0,0,20151143,995,0,995,-15,0,7,11
10,360,21.600000,0.000000,0,0,20151153,1000,0,1000,-16,0,7,11
10,360,21.600000,0.000000,0,0,20151163,1005,0,1005,-16,0,7,11
10,360,21.600000,0.000000,0,0,20151174,1013,0,1013,-16,0,7,11
10,360,21.600000,0.000000,0,0,20151185,1021,0,1021,-16,0,7,11
10,360,21.600000,0.000000,0,0,20151196,1029,0,1029,-16,0,7,11
10,360,21.600000,0.000000,0,0,20151208,1036,0,1036,-16,0,7,11
10,360,21.600000,0.000000,0,0,20151219,1044,0,1044,-16,0,7,11
10,360,21.600000,0.000000,0,0,20151230,1055,0,1055,-16,0,7,11
10,360,21.600000,0.000000,0,0,20151241,1067,1,1067,-15,0,7,11
10,360,21.600000,0.000000,0,0,20151252,1080,1,1080,-15,0,7,11
10,360,21.600000,0.000000,0,0,20151262,1089,2,1089,-14,0,7,11
10,360,21.600000,0.000000,0,0,20151272,1096,3,1096,-13,0,7,11
10,360,21.600000,0.000000,0,0,20151283,1101,3,1101,-13,0,7,11
10,360,21.600000,0.000000,0,0,20151296,1104,3,1104,-13,0,7,11
10,360,21.600000,0.000000,0,0,20151313,1104,3,1104,-13,0,7,11
10,360,21.600000,0.000000,0,0,20151324,1104,3,1104,-13,0,7,11
10,360,21.600000,0.000000,0,0,20151335,1104,3,1104,-13,0,7,11
10,360,21.600000,0.000000,0,0,20151352,1104,3,1104,-13,0,7,11
10,360,21.600000,0.000000,0,0,20151363,1104,3,1104,-13,0,7,11
10,360,21.600000,0.000000,0,0,20151379,1104,3,1104,-13,0,7,11
10,360,21.600000,0.000000,0,0,20151390,1104,3,1104,-13,0,7,11
10,360,21.600000,0.000000,0,0,20151401,1104,3,1104,-13,0,7,11
10,360,21.600000,0.000000,0,0,20151413,1103,3,1103,-13,0,7,11
10,360,21.600000,0.000000,0,0,20151424,1102,3,1102,-13,0,7,11
10,360,21.600000,0.000000,0,0,20151434,1102,4,1102,-12,0,7,11
10,360,21.600000,0.000000,0,0,20151445,1102,4,1102,-12,0,7,11
10,360,21.600000,0.000000,0,0,20151456,1102,4,1102,-12,0,7,11
10,360,21.600000,0.000000,0,0,20151466,1102,4,1102,-12,0,7,11
10,360,21.600000,0.000000,0,0,20151477,1102,4,1102,-12,0,7,11
10,360,21.600000,0.000000,0,0,20151487,1102,4,1102,-12,0,7,11
10,360,21.600000,0.000000,0,0,20151498,1102,4,1102,-12,0,7,11
10,360,21.600000,0.000000,0,0,20151508,1102,4,1102,-12,0,7,11
10,360,21.600000,0.000000,0,0,20151518,1102,4,1102,-12,0,7,11
10,360,21.600000,0.000000,0,0,20151529,1102,4,1102,-12,0,7,11
10,360,21.600000,0.000000,0,0,20151539,1102,4,1102,-12,0,7,11
10,360,21.600000,0.000000,0,0,20151554,1102,4,1102,-12,0,7,11
10,360,21.600000,0.000000,0,0,20151566,1102,4,1102,-12,0,7,11
10,360,21.600000,0.000000,0,0,20151577,1102,4,1102,-12,0,7,11
10,360,21.600000,0.000000,0,0,20151587,1102,4,1102,-12,0,7,11
10,360,21.600000,0.000000,0,0,20151597,1102,4,1102,-12,0,7,11
10,360,21.600000,0.000000,0,0,20151608,1103,4,1103,-12,0,7,11
10,360,21.600000,0.000000,0,0,20151619,1104,4,1104,-12,0,7,11
10,360,21.600000,0.000000,0,0,20151630,1107,4,1107,-12,0,7,11
10,360,21.600000,0.000000,0,0,20151641,1111,4,1111,-12,0,7,11
10,360,21.600000,0.000000,0,0,20151651,1114,4,1114,-12,0,7,11
10,360,21.600000,0.000000,0,0,20151663,1116,4,1116,-12,0,7,11
10,360,21.600000,0.000000,0,0,20151674,1118,4,1118,-12,0,7,11
10,360,21.600000,0.000000,0,0,20151684,1119,4,1119,-12,0,7,11
10,360,21.600000,0.000000,0,0,20151694,1120,4,1120,-12,0,7,11
10,360,21.600000,0.000000,0,0,20151705,1121,4,1121,-12,0,7,11
10,360,21.600000,0.000000,0,0,20151715,1121,4,1121,-12,0,7,11
10,360,21.600000,0.000000,0,0,20151726,1121,4,1121,-12,0,7,11
10,360,21.600000,0.000000,0,0,20151737,1121,4,1121,-12,0,7,11
10,360,21.600000,0.000000,0,0,20151747,1121,4,1121,-12,0,7,11
10,360,21.600000,0.000000,0,0,20151758,1122,4,1122,-12,0,7,11
10,360,21.600000,0.000000,0,0,20151768,1123,4,1123,-12,0,7,11
10,360,21.600000,0.000000,0,0,20151778,1124,4,1124,-12,0,7,11
10,360,21.600000,0.000000,0,0,20151788,1125,4,1125,-12,0,7,11
10,360,21.600000,0.000000,0,0,20151798,1126,4,1126,-12,0,7,11
10,360,21.600000,0.000000,0,0,20151808,1127,4,1127,-12,0,7,11
10,360,21.600000,0.000000,0,0,20151819,1127,4,1127,-12,0,7,11
10,360,21.600000,0.000000,0,0,20151829,1127,4,1127,-12,0,7,11
10,360,21.600000,0.000000,0,0,20151839,1127,4,1127,-12,0,7,11
10,360,21.600000,0.000000,0,0,20151850,1127,4,1127,-12,0,7,11
10,360,21.600000,0.000000,0,0,20151862,1127,4,1127,-12,0,7,11
10,360,21.600000,0.000000,0,0,20151872,1128,4,1128,-12,0,7,11
10,360,21.600000,0.000000,0,0,20151882,1129,4,1129,-12,0,7,11
10,360,21.600000,0.000000,0,0,20151892,1131,4,1131,-12,0,7,11
10,360,21.600000,0.000000,0,0,20151903,1132,4,1132,-12,0,7,11
10,360,21.600000,0.000000,0,0,20151913,1133,4,1133,-12,0,7,11
10,360,21.600000,0.000000,0,0,20151924,1133,4,1133,-12,0,7,11
10,360,21.600000,0.000000,0,0,20151934,1133,4,1133,-12,0,7,11
10,360,21.600000,0.000000,0,0,20151944,1133,4,1133,-12,0,7,11
10,360,21.600000,0.000000,0,0,20151954,1133,4,1133,-12,0,7,11
10,360,21.600000,0.000000,0,0,20151965,1134,4,1134,-12,0,7,11
10,360,21.600000,0.000000,0,0,20151975,1136,4,1136,-12,0,7,11
10,360,21.600000,0.000000,0,0,20151986,1137,4,1137,-12,0,7,11
10,360,21.600000,0.000000,0,0,20151996,1138,4,1138,-12,0,7,11
10,360,21.600000,0.000000,0,0,20152006,1138,4,1138,-12,0,7,11
10,360,21.600000,0.000000,0,0,20152016,1138,4,1138,-12,0,7,11
10,360,21.600000,0.000000,0,0,20152026,1138,4,1138,-12,0,7,11
