10,720,21.600000,12.276000,1,1,20279675,600,22,600,22,0,7,119
10,720,21.600000,12.276000,1,1,20279677,600,22,600,22,0,7,119
10,720,21.600000,12.276000,1,1,20279693,600,23,600,23,0,7,119
10,720,21.600000,12.276000,1,1,20279709,602,23,602,23,0,7,119
10,720,21.600000,12.276000,1,1,20279726,607,23,607,23,0,7,119
10,720,21.600000,12.276000,1,1,20279739,622,23,622,23,0,7,119
10,720,21.600000,12.276000,1,1,20279753,649,22,649,22,0,7,119
10,720,21.600000,12.276000,1,1,20279768,705,21,705,21,0,7,119
10,720,21.600000,12.276000,1,1,20279780,786,21,786,21,0,7,119
10,720,21.600000,12.276000,1,1,20279792,849,19,849,19,0,7,119
10,720,21.600000,12.276000,1,1,20279805,924,15,924,15,0,7,119
10,720,21.600000,12.276000,1,1,20279817,993,12,993,12,0,7,119
10,720,21.600000,12.276000,1,1,20279830,1042,9,1042,9,0,7,119
10,720,21.600000,12.276000,1,1,20279846,1083,7,1083,7,0,7,119
10,720,21.600000,12.276000,1,1,20279862,1134,6,1134,6,0,7,119
10,720,21.600000,12.276000,1,1,20279879,1172,5,1172,5,0,7,119
10,720,21.600000,12.276000,1,1,20279892,1200,4,1200,4,0,7,119
10,720,21.600000,12.276000,1,1,20279902,1217,4,1217,4,0,7,119
10,720,21.600000,12.276000,1,1,20279914,1229,4,1229,4,0,7,119
10,720,21.600000,12.276000,1,1,20279929,1238,3,1238,3,0,7,119
10,720,21.600000,12.276000,1,1,20279944,1243,1,1243,1,0,7,119
10,720,21.600000,12.276000,1,1,20279956,1244,0,1244,0,0,7,119
10,720,21.600000,12.276000,1,1,20279967,1245,0,1245,0,0,7,119
10,720,21.600000,12.276000,1,1,20279978,1247,0,1247,0,0,7,119
10,720,21.600000,12.276000,1,1,20279991,1252,0,1252,0,0,7,119
10,720,21.600000,12.276000,1,1,20280003,1260,0,1260,0,0,7,119
10,720,21.600000,12.276000,1,1,20280017,1265,0,1265,0,0,7,119
10,720,21.600000,12.276000,1,1,20280033,1266,0,1266,0,0,7,119
10,720,21.600000,12.276000,1,1,20280044,1266,0,1266,0,0,7,119
10,720,21.600000,12.276000,1,1,20280057,1267,0,1267,0,0,7,119
10,720,21.600000,12.276000,1,1,20280069,1269,0,1269,0,0,7,119
10,720,21.600000,12.276000,1,1,20280081,1272,0,1272,0,0,7,119
10,720,21.600000,12.276000,1,1,20280092,1276,0,1276,0,0,7,119
10,720,21.600000,12.276000,1,1,20280102,1281,0,1281,0,0,7,119
10,720,21.600000,12.276000,1,1,20280113,1285,0,1285,0,0,7,119
10,720,21.600000,12.276000,1,1,20280129,1286,0,1286,0,0,7,119
10,720,21.600000,12.276000,1,1,20280144,1287,0,1287,0,0,7,119
10,720,21.600000,12.276000,1,1,20280159,1288,0,1288,0,0,7,119
10,720,21.600000,12.276000,1,1,20280174,1291,1,1291,1,0,7,119
10,720,21.600000,12.276000,1,1,20280191,1292,2,1292,2,0,7,119
10,720,21.600000,12.276000,1,1,20280206,1293,2,1293,2,0,7,119
10,720,21.600000,12.276000,1,1,20280222,1293,2,1293,2,0,7,119
10,720,21.600000,12.276000,1,1,20280237,1293,2,1293,2,0,7,119
10,720,21.600000,12.276000,1,1,20280248,1294,2,1294,2,0,7,119
10,720,21.600000,12.276000,1,1,20280258,1295,3,1295,3,0,7,119
10,720,21.600000,12.276000,1,1,20280269,1296,4,1296,4,0,7,119
10,720,21.600000,12.276000,1,1,20280279,1298,4,1298,4,0,7,119
10,720,21.600000,12.276000,1,1,20280290,1298,4,1298,4,0,7,119
10,720,21.600000,12.276000,1,1,20280300,1298,4,1298,4,0,7,119
10,720,21.600000,12.276000,1,1,20280311,1298,4,1298,4,0,7,119
10,720,21.600000,12.276000,1,1,20280321,1299,4,1299,4,0,7,119
10,720,21.600000,12.276000,1,1,20280332,1300,5,1300,5,0,7,119
10,720,21.600000,12.276000,1,1,20280343,1302,6,1302,6,0,7,119
10,720,21.600000,12.276000,1,1,20280354,1305,6,1305,6,0,7,119
10,720,21.600000,12.276000,1,1,20280364,1307,6,1307,6,0,7,119
10,720,21.600000,12.276000,1,1,20280379,1308,6,1308,6,0,7,119
10,720,21.600000,12.276000,1,1,20280394,1308,6,1308,6,0,7,119
10,720,21.600000,12.276000,1,1,20280404,1309,6,1309,6,0,7,119
10,720,21.600000,12.276000,1,1,20280414,1309,6,1309,6,0,7,119
10,720,21.600000,12.276000,1,1,20280424,1310,7,1310,7,0,7,119
10,720,21.600000,12.276000,1,1,20280436,1311,7,1311,7,0,7,119
10,720,21.600000,12.276000,1,1,20280446,1313,8,1313,8,0,7,119
10,720,21.600000,12.276000,1,1,20280456,1314,8,1314,8,0,7,119
10,720,21.600000,12.276000,1,1,20280466,1314,8,1314,8,0,7,119
10,720,21.600000,12.276000,1,1,20280477,1314,8,1314,8,0,7,119
10,720,21.600000,12.276000,1,1,20280487,1314,8,1314,8,0,7,119
10,720,21.600000,12.276000,1,1,20280497,1315,8,1315,8,0,7,119
10,720,21.600000,12.276000,1,1,20280508,1315,8,1315,8,0,7,119
10,720,21.600000,12.276000,1,1,20280519,1316,8,1316,8,0,7,119
10,720,21.600000,12.276000,1,1,20280530,1316,8,1316,8,0,7,119
10,720,21.600000,12.276000,1,1,20280540,1316,8,1316,8,0,7,119
10,720,21.600000,12.276000,1,1,20280550,1316,8,1316,8,0,7,119
10,720,21.600000,12.276000,1,1,20280560,1316,8,1316,8,0,7,119
10,720,21.600000,12.276000,1,1,20280571,1316,8,1316,8,0,7,119
10,720,21.600000,12.276000,1,1,20280581,1316,8,1316,8,0,7,119
10,720,21.600000,12.276000,1,1,20280591,1316,8,1316,8,0,7,119
10,720,21.600000,12.276000,1,1,20280601,1316,8,1316,8,0,7,119
10,720,21.600000,12.276000,1,1,20280611,1316,8,1316,8,0,7,119
10,720,21.600000,12.276000,1,1,20280621,1316,8,1316,8,0,7,119
10,720,21.600000,12.276000,1,1,20280631,1316,8,1316,8,0,7,119
10,720,21.600000,12.276000,1,1,20280641,1316,8,1316,8,0,7,119
10,720,21.600000,12.276000,1,1,20280652,1316,8,1316,8,0,7,119
