10,360,82.800000,42.984000,1,1,20192640,780,22,780,22,0,7,46
10,360,82.800000,42.984000,1,1,20192641,780,22,780,22,0,7,46
10,360,82.800000,42.984000,1,1,20192657,780,22,780,22,0,7,46
10,360,82.800000,42.984000,1,1,20192668,780,22,780,22,0,7,46
10,360,82.800000,42.984000,1,1,20192679,781,22,781,22,0,7,46
10,360,82.800000,42.984000,1,1,20192690,782,24,782,24,0,7,46
10,360,82.800000,42.984000,1,1,20192702,788,26,788,26,0,7,46
10,360,82.800000,42.984000,1,1,20192712,799,27,799,27,0,7,46
10,360,82.800000,42.984000,1,1,20192726,822,27,822,27,0,7,46
10,360,82.800000,42.984000,1,1,20192736,857,27,857,27,0,7,46
10,360,82.800000,42.984000,1,1,20192748,906,21,906,21,0,7,46
10,360,82.800000,42.984000,1,1,20192759,956,16,956,16,0,7,46
10,360,82.800000,42.984000,1,1,20192771,994,9,994,9,0,7,46
10,360,82.800000,42.984000,1,1,20192783,1039,1,1039,1,0,7,46
10,360,82.800000,42.984000,1,1,20192794,1070,0,1070,-4,0,7,46
10,360,82.800000,42.984000,1,1,20192806,1095,0,1095,-7,0,7,46
10,360,82.800000,42.984000,1,1,20192818,1112,0,1112,-9,0,7,46
10,360,82.800000,42.984000,1,1,20192829,1119,0,1119,-11,0,7,46
10,360,82.800000,42.984000,1,1,20192840,1122,0,1122,-13,0,7,46
10,360,82.800000,42.984000,1,1,20192851,1125,0,1125,-15,0,7,46
10,360,82.800000,42.984000,1,1,20192862,1126,0,1126,-16,0,7,46
10,360,82.800000,42.984000,1,1,20192873,1126,0,1126,-18,0,7,46
10,360,82.800000,42.984000,1,1,20192883,1128,0,1128,-19,0,7,46
10,360,82.800000,42.984000,1,1,20192894,1129,0,1129,-20,0,7,46
10,360,82.800000,42.984000,1,1,20192904,1130,0,1130,-22,0,7,46
10,360,82.800000,42.984000,1,1,20192916,1132,0,1132,-22,0,7,46
10,360,82.800000,42.984000,1,1,20192926,1133,0,1133,-23,0,7,46
10,360,82.800000,42.984000,1,1,20192937,1134,0,1134,-24,0,7,46
10,360,82.800000,42.984000,1,1,20192948,1135,0,1135,-24,0,7,46
10,360,82.800000,42.984000,1,1,20192958,1135,0,1135,-24,0,7,46
10,360,82.800000,42.984000,1,1,20192973,1135,0,1135,-24,0,7,46
10,360,82.800000,42.984000,1,1,20192990,1135,0,1135,-24,0,7,46
10,360,82.800000,42.984000,1,1,20193005,1135,0,1135,-24,0,7,46
10,360,82.800000,42.984000,1,1,20193020,1135,0,1135,-24,0,7,46
10,360,82.800000,42.984000,1,1,20193032,1133,1,1133,-23,0,7,46
10,360,82.800000,42.984000,1,1,20193044,1132,3,1132,-21,0,7,46
10,360,82.800000,42.984000,1,1,20193055,1129,4,1129,-20,0,7,46
10,360,82.800000,42.984000,1,1,20193065,1127,7,1127,-17,0,7,46
10,360,82.800000,42.984000,1,1,20193076,1125,9,1125,-15,0,7,46
