10,360,82.800000,22.608000,0,0,20216697,780,0,780,0,1,7,65
10,360,82.800000,22.608000,0,0,20216698,780,0,780,0,1,7,65
10,360,82.800000,22.608000,0,0,20216709,780,0,780,0,1,7,65
10,360,82.800000,22.608000,0,0,20216720,780,0,780,0,1,7,65
10,360,82.800000,22.608000,0,0,20216731,780,0,780,0,1,7,65
10,360,82.800000,22.608000,0,0,20216741,780,0,780,0,1,7,65
10,360,82.800000,22.608000,0,0,20216751,780,0,780,0,1,7,65
10,360,82.800000,22.608000,0,0,20216762,781,0,781,0,1,7,65
10,360,82.800000,22.608000,0,0,20216773,782,0,782,0,1,7,65
10,360,82.800000,22.608000,0,0,20216785,786,1,786,1,1,7,65
10,360,82.800000,22.608000,0,0,20216798,793,1,793,1,1,7,65
10,360,82.800000,22.608000,0,0,20216808,807,2,807,2,1,7,65
10,360,82.800000,22.608000,0,0,20216819,825,2,825,2,1,7,65
10,360,82.800000,22.608000,0,0,20216829,848,2,848,2,1,7,65
10,360,82.800000,22.608000,0,0,20216840,875,0,875,0,1,7,65
10,360,82.800000,22.608000,0,0,20216851,912,0,912,-1,1,7,65
10,360,82.800000,22.608000,0,0,20216862,955,0,955,-2,1,7,65
10,360,82.800000,22.608000,0,0,20216873,1004,0,1004,-2,1,7,65
10,360,82.800000,22.608000,0,0,20216885,1052,0,1052,-2,1,7,65
10,360,82.800000,22.608000,0,0,20216896,1092,0,1092,-2,1,7,65
10,360,82.800000,22.608000,0,0,20216908,1117,0,1117,-2,1,7,65
10,360,82.800000,22.608000,0,0,20216919,1132,0,1132,-2,1,7,65
10,360,82.800000,22.608000,0,0,20216931,1137,0,1137,-2,1,7,65
10,360,82.800000,22.608000,0,0,20216941,1139,0,1139,-2,1,7,65
10,360,82.800000,22.608000,0,0,20216952,1139,1,1139,-1,1,7,65
10,360,82.800000,22.608000,0,0,20216962,1139,1,1139,-1,1,7,65
10,360,82.800000,22.608000,0,0,20216973,1139,1,1139,-1,1,7,65
10,360,82.800000,22.608000,0,0,20216984,1139,1,1139,-1,1,7,65
10,360,82.800000,22.608000,0,0,20216995,1139,1,1139,-1,1,7,65
10,360,82.800000,22.608000,0,0,20217005,1139,1,1139,-1,1,7,65
10,360,82.800000,22.608000,0,0,20217016,1139,1,1139,-1,1,7,65
10,360,82.800000,22.608000,0,0,20217027,1140,1,1140,-1,1,7,65
10,360,82.800000,22.608000,0,0,20217038,1141,1,1141,-1,1,7,65
10,360,82.800000,22.608000,0,0,20217049,1141,1,1141,-1,1,7,65
10,360,82.800000,22.608000,0,0,20217059,1141,1,1141,-1,1,7,65
10,360,82.800000,22.608000,0,0,20217069,1141,1,1141,-1,1,7,65
10,360,82.800000,22.608000,0,0,20217080,1141,1,1141,-1,1,7,65
10,360,82.800000,22.608000,0,0,20217091,1141,1,1141,-1,1,7,65
10,360,82.800000,22.608000,0,0,20217101,1141,1,1141,-1,1,7,65
10,360,82.800000,22.608000,0,0,20217112,1141,1,1141,-1,1,7,65
10,360,82.800000,22.608000,0,0,20217122,1141,1,1141,-1,1,7,65
10,360,82.800000,22.608000,0,0,20217133,1141,1,1141,-1,0,7,65
