10,720,82.800000,42.984000,1,1,20385844,600,22,600,22,0,8,88
10,720,82.800000,42.984000,1,1,20385845,600,22,600,22,0,8,88
10,720,82.800000,42.984000,1,1,20385856,600,22,600,22,0,8,88
10,720,82.800000,42.984000,1,1,20385868,601,22,601,22,0,8,88
10,720,82.800000,42.984000,1,1,20385879,601,22,601,22,0,8,88
10,720,82.800000,42.984000,1,1,20385890,603,22,603,22,0,8,88
10,720,82.800000,42.984000,1,1,20385902,605,22,605,22,0,8,88
10,720,82.800000,42.984000,1,1,20385913,609,21,609,21,0,8,88
10,720,82.800000,42.984000,1,1,20385926,616,20,616,20,0,8,88
10,720,82.800000,42.984000,1,1,20385937,630,17,630,17,0,8,88
10,720,82.800000,42.984000,1,1,20385947,653,14,653,14,0,8,88
10,720,82.800000,42.984000,1,1,20385958,688,13,688,13,0,8,88
10,720,82.800000,42.984000,1,1,20385970,733,12,733,12,0,8,88
10,720,82.800000,42.984000,1,1,20385980,808,11,808,11,0,8,88
10,720,82.800000,42.984000,1,1,20385993,898,11,898,11,0,8,88
10,720,82.800000,42.984000,1,1,20386005,1003,11,1003,11,0,8,88
10,720,82.800000,42.984000,1,1,20386021,1105,12,1105,12,0,8,88
10,720,82.800000,42.984000,1,1,20386034,1204,14,1204,14,0,8,88
10,720,82.800000,42.984000,1,1,20386046,1249,14,1249,14,0,8,88
10,720,82.800000,42.984000,1,1,20386056,1274,14,1274,14,0,8,88
10,720,82.800000,42.984000,1,1,20386068,1288,13,1288,13,0,8,88
10,720,82.800000,42.984000,1,1,20386081,1295,12,1295,12,0,8,88
10,720,82.800000,42.984000,1,1,20386091,1297,11,1297,11,0,8,88
10,720,82.800000,42.984000,1,1,20386103,1300,10,1300,10,0,8,88
10,720,82.800000,42.984000,1,1,20386114,1300,10,1300,10,0,8,88
10,720,82.800000,42.984000,1,1,20386125,1303,10,1303,10,0,8,88
10,720,82.800000,42.984000,1,1,20386137,1307,10,1307,10,0,8,88
10,720,82.800000,42.984000,1,1,20386147,1314,11,1314,11,0,8,88
10,720,82.800000,42.984000,1,1,20386158,1322,12,1322,12,0,8,88
10,720,82.800000,42.984000,1,1,20386169,1329,13,1329,13,0,8,88
10,720,82.800000,42.984000,1,1,20386180,1334,13,1334,13,0,8,88
10,720,82.800000,42.984000,1,1,20386192,1336,13,1336,13,0,8,88
10,720,82.800000,42.984000,1,1,20386204,1337,13,1337,13,0,8,88
10,720,82.800000,42.984000,1,1,20386215,1340,12,1340,12,0,8,88
10,720,82.800000,42.984000,1,1,20386226,1343,12,1343,12,0,8,88
10,720,82.800000,42.984000,1,1,20386238,1346,11,1346,11,0,8,88
10,720,82.800000,42.984000,1,1,20386249,1348,11,1348,11,0,8,88
10,720,82.800000,42.984000,1,1,20386260,1349,11,1349,11,0,8,88
10,720,82.800000,42.984000,1,1,20386271,1349,11,1349,11,0,8,88
10,720,82.800000,42.984000,1,1,20386282,1349,11,1349,11,0,8,88
10,720,82.800000,42.984000,1,1,20386293,1349,11,1349,11,0,8,88
10,720,82.800000,42.984000,1,1,20386304,1348,11,1348,11,0,8,88
10,720,82.800000,42.984000,1,1,20386315,1347,10,1347,10,0,8,88
10,720,82.800000,42.984000,1,1,20386326,1345,10,1345,10,0,8,88
10,720,82.800000,42.984000,1,1,20386336,1345,10,1345,10,0,8,88
10,720,82.800000,42.984000,1,1,20386347,1344,10,1344,10,0,8,88
10,720,82.800000,42.984000,1,1,20386359,1343,10,1343,10,0,8,88
10,720,82.800000,42.984000,1,1,20386374,1342,10,1342,10,0,8,88
10,720,82.800000,42.984000,1,1,20386390,1340,10,1340,10,0,8,88
10,720,82.800000,42.984000,1,1,20386406,1335,10,1335,10,0,8,88
10,720,82.800000,42.984000,1,1,20386420,1330,9,1330,9,0,8,88
10,720,82.800000,42.984000,1,1,20386432,1328,9,1328,9,0,8,88
10,720,82.800000,42.984000,1,1,20386443,1328,9,1328,9,0,8,88
10,720,82.800000,42.984000,1,1,20386454,1328,9,1328,9,0,8,88
10,720,82.800000,42.984000,1,1,20386464,1328,8,1328,8,0,8,88
10,720,82.800000,42.984000,1,1,20386475,1328,7,1328,7,0,8,88
