10,720,82.800000,12.276000,1,0,20337189,600,0,600,0,1,8,46
10,720,82.800000,12.276000,1,0,20337190,600,0,600,0,1,8,46
10,720,82.800000,12.276000,1,0,20337205,600,0,600,0,1,8,46
10,720,82.800000,12.276000,1,0,20337221,600,0,600,0,1,8,46
10,720,82.800000,12.276000,1,0,20337233,600,0,600,0,1,8,46
10,720,82.800000,12.276000,1,0,20337246,600,0,600,0,1,8,46
10,720,82.800000,12.276000,1,0,20337258,601,1,601,1,1,8,46
10,720,82.800000,12.276000,1,0,20337271,606,2,606,2,1,8,46
10,720,82.800000,12.276000,1,0,20337285,616,2,616,2,1,8,46
10,720,82.800000,12.276000,1,0,20337297,634,3,634,3,1,8,46
10,720,82.800000,12.276000,1,0,20337311,668,6,668,6,1,8,46
10,720,82.800000,12.276000,1,0,20337322,737,12,737,12,1,8,46
10,720,82.800000,12.276000,1,0,20337335,840,21,840,21,1,8,46
10,720,82.800000,12.276000,1,0,20337347,976,34,976,34,1,8,46
10,720,82.800000,12.276000,1,0,20337362,1111,45,1111,45,1,8,46
10,720,82.800000,12.276000,1,0,20337374,1225,51,1225,51,1,8,46
10,720,82.800000,12.276000,1,0,20337394,1280,51,1280,51,1,8,46
10,720,82.800000,12.276000,1,0,20337407,1303,47,1303,47,1,8,46
10,720,82.800000,12.276000,1,0,20337419,1304,44,1304,44,1,8,46
10,720,82.800000,12.276000,1,0,20337432,1302,41,1302,41,1,8,46
10,720,82.800000,12.276000,1,0,20337444,1298,36,1298,36,1,8,46
10,720,82.800000,12.276000,1,0,20337456,1294,33,1294,33,1,8,46
10,720,82.800000,12.276000,1,0,20337468,1293,32,1293,32,1,8,46
10,720,82.800000,12.276000,1,0,20337480,1293,31,1293,31,1,8,46
10,720,82.800000,12.276000,1,0,20337492,1293,30,1293,30,1,8,46
10,720,82.800000,12.276000,1,0,20337503,1295,30,1295,30,1,8,46
10,720,82.800000,12.276000,1,0,20337515,1296,29,1296,29,1,8,46
10,720,82.800000,12.276000,1,0,20337529,1296,28,1296,28,1,8,46
10,720,82.800000,12.276000,1,0,20337541,1295,26,1295,26,1,8,46
10,720,82.800000,12.276000,1,0,20337553,1293,24,1293,24,1,8,46
10,720,82.800000,12.276000,1,0,20337565,1293,23,1293,23,1,8,46
10,720,82.800000,12.276000,1,0,20337577,1293,21,1293,21,1,8,46
10,720,82.800000,12.276000,1,0,20337589,1293,19,1293,19,1,8,46
10,720,82.800000,12.276000,1,0,20337601,1294,16,1294,16,1,8,46
10,720,82.800000,12.276000,1,0,20337614,1296,14,1296,14,1,8,46
10,720,82.800000,12.276000,1,0,20337625,1299,12,1299,12,1,8,46
10,720,82.800000,12.276000,1,0,20337638,1303,9,1303,9,1,8,46
10,720,82.800000,12.276000,1,0,20337650,1308,4,1308,4,1,8,46
10,720,82.800000,12.276000,1,0,20337663,1311,1,1311,1,1,8,46
10,720,82.800000,12.276000,1,0,20337675,1311,0,1311,-1,1,8,46
10,720,82.800000,12.276000,1,0,20337687,1311,0,1311,-1,1,8,46
10,720,82.800000,12.276000,1,0,20337699,1311,0,1311,-1,0,8,46
