10,360,82.800000,22.608000,1,1,20420859,780,22,780,22,0,8,117
10,360,82.800000,22.608000,1,1,20420860,780,22,780,22,0,8,117
10,360,82.800000,22.608000,1,1,20420876,780,22,780,22,0,8,117
10,360,82.800000,22.608000,1,1,20420891,780,22,780,22,0,8,117
10,360,82.800000,22.608000,1,1,20420907,780,22,780,22,0,8,117
10,360,82.800000,22.608000,1,1,20420922,780,22,780,22,0,8,117
10,360,82.800000,22.608000,1,1,20420937,789,22,789,22,0,8,117
10,360,82.800000,22.608000,1,1,20420953,810,26,810,26,0,8,117
10,360,82.800000,22.608000,1,1,20420968,868,34,868,34,0,8,117
10,360,82.800000,22.608000,1,1,20420985,942,41,942,41,0,8,117
10,360,82.800000,22.608000,1,1,20420999,1025,44,1025,44,0,8,117
10,360,82.800000,22.608000,1,1,20421010,1069,41,1069,41,0,8,117
10,360,82.800000,22.608000,1,1,20421020,1088,38,1088,38,0,8,117
10,360,82.800000,22.608000,1,1,20421032,1100,35,1100,35,0,8,117
10,360,82.800000,22.608000,1,1,20421043,1107,34,1107,34,0,8,117
10,360,82.800000,22.608000,1,1,20421056,1109,33,1109,33,0,8,117
10,360,82.800000,22.608000,1,1,20421067,1109,32,1109,32,0,8,117
10,360,82.800000,22.608000,1,1,20421079,1108,31,1108,31,0,8,117
10,360,82.800000,22.608000,1,1,20421095,1108,31,1108,31,0,8,117
10,360,82.800000,22.608000,1,1,20421106,1108,31,1108,31,0,8,117
10,360,82.800000,22.608000,1,1,20421116,1108,31,1108,31,0,8,117
10,360,82.800000,22.608000,1,1,20421127,1108,31,1108,31,0,8,117
10,360,82.800000,22.608000,1,1,20421138,1108,31,1108,31,0,8,117
10,360,82.800000,22.608000,1,1,20421148,1108,31,1108,31,0,8,117
10,360,82.800000,22.608000,1,1,20421159,1108,30,1108,30,0,8,117
10,360,82.800000,22.608000,1,1,20421169,1109,29,1109,29,0,8,117
10,360,82.800000,22.608000,1,1,20421180,1110,29,1110,29,0,8,117
10,360,82.800000,22.608000,1,1,20421191,1112,28,1112,28,0,8,117
10,360,82.800000,22.608000,1,1,20421202,1114,26,1114,26,0,8,117
10,360,82.800000,22.608000,1,1,20421213,1116,25,1116,25,0,8,117
10,360,82.800000,22.608000,1,1,20421224,1117,24,1117,24,0,8,117
10,360,82.800000,22.608000,1,1,20421235,1117,23,1117,23,0,8,117
10,360,82.800000,22.608000,1,1,20421245,1117,21,1117,21,0,8,117
10,360,82.800000,22.608000,1,1,20421256,1118,20,1118,20,0,8,117
10,360,82.800000,22.608000,1,1,20421267,1119,17,1119,17,0,8,117
10,360,82.800000,22.608000,1,1,20421283,1120,15,1120,15,0,8,117
10,360,82.800000,22.608000,1,1,20421299,1121,13,1121,13,0,8,117
10,360,82.800000,22.608000,1,1,20421314,1121,11,1121,11,0,8,117
10,360,82.800000,22.608000,1,1,20421329,1121,11,1121,11,0,8,117
