10,360,82.800000,0.000000,0,0,20327182,780,0,780,0,0,8,37
10,360,82.800000,0.000000,0,0,20327184,780,0,780,0,0,8,37
10,360,82.800000,0.000000,0,0,20327198,783,0,783,0,0,8,37
10,360,82.800000,0.000000,0,0,20327218,787,1,787,1,0,8,37
10,360,82.800000,0.000000,0,0,20327231,795,4,795,4,0,8,37
10,360,82.800000,0.000000,0,0,20327244,803,6,803,6,0,8,37
10,360,82.800000,0.000000,0,0,20327258,816,8,816,8,0,8,37
10,360,82.800000,0.000000,0,0,20327276,848,13,848,13,0,8,37
10,360,82.800000,0.000000,0,0,20327291,932,24,932,24,0,8,37
10,360,82.800000,0.000000,0,0,20327303,1012,29,1012,29,0,8,37
10,360,82.800000,0.000000,0,0,20327317,1084,31,1084,31,0,8,37
10,360,82.800000,0.000000,0,0,20327330,1133,31,1133,31,0,8,37
10,360,82.800000,0.000000,0,0,20327343,1157,26,1157,26,0,8,37
10,360,82.800000,0.000000,0,0,20327356,1167,23,1167,23,0,8,37
10,360,82.800000,0.000000,0,0,20327369,1171,20,1171,20,0,8,37
10,360,82.800000,0.000000,0,0,20327381,1171,18,1171,18,0,8,37
10,360,82.800000,0.000000,0,0,20327395,1170,14,1170,14,0,8,37
10,360,82.800000,0.000000,0,0,20327406,1169,12,1169,12,0,8,37
10,360,82.800000,0.000000,0,0,20327418,1168,11,1168,11,0,8,37
10,360,82.800000,0.000000,0,0,20327430,1168,11,1168,11,0,8,37
10,360,82.800000,0.000000,0,0,20327443,1168,11,1168,11,0,8,37
10,360,82.800000,0.000000,0,0,20327458,1168,11,1168,11,0,8,37
10,360,82.800000,0.000000,0,0,20327471,1168,11,1168,11,0,8,37
10,360,82.800000,0.000000,0,0,20327483,1168,9,1168,9,0,8,37
10,360,82.800000,0.000000,0,0,20327497,1169,8,1169,8,0,8,37
10,360,82.800000,0.000000,0,0,20327509,1171,6,1171,6,0,8,37
10,360,82.800000,0.000000,0,0,20327522,1171,5,1171,5,0,8,37
10,360,82.800000,0.000000,0,0,20327534,1171,4,1171,4,0,8,37
10,360,82.800000,0.000000,0,0,20327546,1171,4,1171,4,0,8,37
10,360,82.800000,0.000000,0,0,20327558,1171,4,1171,4,0,8,37
10,360,82.800000,0.000000,0,0,20327570,1171,4,1171,4,0,8,37
10,360,82.800000,0.000000,0,0,20327582,1171,4,1171,4,0,8,37
10,360,82.800000,0.000000,0,0,20327593,1171,4,1171,4,0,8,37
