10,360,50.400000,22.608000,1,0,20305728,780,0,780,0,0,8,19
10,360,50.400000,22.608000,1,0,20305729,780,0,780,0,0,8,19
10,360,50.400000,22.608000,1,0,20305741,780,0,780,0,0,8,19
10,360,50.400000,22.608000,1,0,20305751,780,0,780,0,0,8,19
10,360,50.400000,22.608000,1,0,20305764,781,0,781,0,0,8,19
10,360,50.400000,22.608000,1,0,20305777,782,0,782,0,0,8,19
10,360,50.400000,22.608000,1,0,20305794,785,0,785,0,0,8,19
10,360,50.400000,22.608000,1,0,20305805,789,0,789,0,0,8,19
10,360,50.400000,22.608000,1,0,20305815,794,0,794,-1,0,8,19
10,360,50.400000,22.608000,1,0,20305826,802,0,802,-4,0,8,19
10,360,50.400000,22.608000,1,0,20305841,816,0,816,-6,0,8,19
10,360,50.400000,22.608000,1,0,20305851,858,0,858,-8,0,8,19
10,360,50.400000,22.608000,1,0,20305862,902,0,902,-8,0,8,19
10,360,50.400000,22.608000,1,0,20305873,961,0,961,-9,0,8,19
10,360,50.400000,22.608000,1,0,20305883,1020,0,1020,-9,0,8,19
10,360,50.400000,22.608000,1,0,20305895,1066,0,1066,-10,0,8,19
10,360,50.400000,22.608000,1,0,20305906,1101,0,1101,-11,0,8,19
10,360,50.400000,22.608000,1,0,20305917,1125,0,1125,-12,0,8,19
10,360,50.400000,22.608000,1,0,20305928,1136,0,1136,-13,0,8,19
10,360,50.400000,22.608000,1,0,20305939,1140,0,1140,-15,0,8,19
10,360,50.400000,22.608000,1,0,20305950,1142,0,1142,-15,0,8,19
10,360,50.400000,22.608000,1,0,20305961,1143,0,1143,-15,0,8,19
10,360,50.400000,22.608000,1,0,20305972,1144,0,1144,-15,0,8,19
10,360,50.400000,22.608000,1,0,20305982,1145,0,1145,-16,0,8,19
10,360,50.400000,22.608000,1,0,20305993,1146,0,1146,-16,0,8,19
10,360,50.400000,22.608000,1,0,20306004,1148,0,1148,-16,0,8,19
10,360,50.400000,22.608000,1,0,20306014,1150,0,1150,-16,0,8,19
10,360,50.400000,22.608000,1,0,20306025,1152,0,1152,-16,0,8,19
10,360,50.400000,22.608000,1,0,20306035,1153,0,1153,-16,0,8,19
10,360,50.400000,22.608000,1,0,20306051,1154,0,1154,-17,0,8,19
10,360,50.400000,22.608000,1,0,20306062,1156,0,1156,-17,0,8,19
10,360,50.400000,22.608000,1,0,20306075,1156,0,1156,-17,0,8,19
10,360,50.400000,22.608000,1,0,20306086,1156,0,1156,-17,0,8,19
10,360,50.400000,22.608000,1,0,20306097,1156,0,1156,-17,0,8,19
10,360,50.400000,22.608000,1,0,20306107,1156,0,1156,-17,0,8,19
10,360,50.400000,22.608000,1,0,20306117,1156,0,1156,-17,0,8,19
10,360,50.400000,22.608000,1,0,20306128,1156,0,1156,-17,0,8,19
10,360,50.400000,22.608000,1,0,20306139,1156,0,1156,-17,0,8,19
10,360,50.400000,22.608000,1,0,20306149,1156,0,1156,-17,0,8,19
10,360,50.400000,22.608000,1,0,20306160,1156,0,1156,-17,0,8,19
10,360,50.400000,22.608000,1,0,20306170,1156,0,1156,-17,0,8,19
10,360,50.400000,22.608000,1,0,20306180,1156,0,1156,-17,0,8,19
