10,720,21.600000,42.984000,0,0,20324506,600,0,600,0,0,8,35
10,720,21.600000,42.984000,0,0,20324507,600,0,600,0,0,8,35
10,720,21.600000,42.984000,0,0,20324520,601,1,601,1,0,8,35
10,720,21.600000,42.984000,0,0,20324532,603,2,603,2,0,8,35
10,720,21.600000,42.984000,0,0,20324546,605,3,605,3,0,8,35
10,720,21.600000,42.984000,0,0,20324559,609,6,609,6,0,8,35
10,720,21.600000,42.984000,0,0,20324571,617,8,617,8,0,8,35
10,720,21.600000,42.984000,0,0,20324584,626,10,626,10,0,8,35
10,720,21.600000,42.984000,0,0,20324600,641,12,641,12,0,8,35
10,720,21.600000,42.984000,0,0,20324612,687,20,687,20,0,8,35
10,720,21.600000,42.984000,0,0,20324625,736,26,736,26,0,8,35
10,720,21.600000,42.984000,0,0,20324640,802,31,802,31,0,8,35
10,720,21.600000,42.984000,0,0,20324659,899,38,899,38,0,8,35
10,720,21.600000,42.984000,0,0,20324672,1027,40,1027,40,0,8,35
10,720,21.600000,42.984000,0,0,20324685,1087,36,1087,36,0,8,35
10,720,21.600000,42.984000,0,0,20324699,1129,28,1129,28,0,8,35
10,720,21.600000,42.984000,0,0,20324712,1156,21,1156,21,0,8,35
10,720,21.600000,42.984000,0,0,20324726,1165,16,1165,16,0,8,35
10,720,21.600000,42.984000,0,0,20324738,1168,12,1168,12,0,8,35
10,720,21.600000,42.984000,0,0,20324751,1169,9,1169,9,0,8,35
10,720,21.600000,42.984000,0,0,20324763,1171,6,1171,6,0,8,35
10,720,21.600000,42.984000,0,0,20324776,1173,4,1173,4,0,8,35
10,720,21.600000,42.984000,0,0,20324789,1177,2,1177,2,0,8,35
10,720,21.600000,42.984000,0,0,20324805,1182,1,1182,1,0,8,35
10,720,21.600000,42.984000,0,0,20324818,1189,0,1189,0,0,8,35
10,720,21.600000,42.984000,0,0,20324829,1195,0,1195,-1,0,8,35
10,720,21.600000,42.984000,0,0,20324843,1199,0,1199,-3,0,8,35
10,720,21.600000,42.984000,0,0,20324855,1202,0,1202,-4,0,8,35
10,720,21.600000,42.984000,0,0,20324867,1204,0,1204,-5,0,8,35
10,720,21.600000,42.984000,0,0,20324881,1205,0,1205,-6,0,8,35
10,720,21.600000,42.984000,0,0,20324892,1207,0,1207,-6,0,8,35
10,720,21.600000,42.984000,0,0,20324905,1210,0,1210,-6,0,8,35
10,720,21.600000,42.984000,0,0,20324917,1216,0,1216,-6,0,8,35
10,720,21.600000,42.984000,0,0,20324930,1225,1,1225,-5,0,8,35
10,720,21.600000,42.984000,0,0,20324943,1238,3,1238,-3,0,8,35
10,720,21.600000,42.984000,0,0,20324957,1256,5,1256,-1,0,8,35
10,720,21.600000,42.984000,0,0,20324969,1275,7,1275,1,0,8,35
10,720,21.600000,42.984000,0,0,20324983,1291,9,1291,3,0,8,35
10,720,21.600000,42.984000,0,0,20324995,1310,12,1310,6,0,8,35
10,720,21.600000,42.984000,0,0,20325007,1327,14,1327,8,0,8,35
10,720,21.600000,42.984000,0,0,20325019,1342,16,1342,10,0,8,35
10,720,21.600000,42.984000,0,0,20325032,1349,16,1349,10,0,8,35
10,720,21.600000,42.984000,0,0,20325044,1350,16,1350,10,0,8,35
10,720,21.600000,42.984000,0,0,20325057,1351,16,1351,10,0,8,35
10,720,21.600000,42.984000,0,0,20325068,1351,16,1351,10,0,8,35
10,720,21.600000,42.984000,0,0,20325081,1351,16,1351,10,0,8,35
10,720,21.600000,42.984000,0,0,20325093,1351,16,1351,10,0,8,35
10,720,21.600000,42.984000,0,0,20325105,1351,16,1351,10,0,8,35
10,720,21.600000,42.984000,0,0,20325117,1351,16,1351,10,0,8,35
10,720,21.600000,42.984000,0,0,20325129,1351,16,1351,10,0,8,35
10,720,21.600000,42.984000,0,0,20325141,1351,16,1351,10,0,8,35
10,720,21.600000,42.984000,0,0,20325153,1351,16,1351,10,0,8,35
10,720,21.600000,42.984000,0,0,20325167,1351,16,1351,10,0,8,35
10,720,21.600000,42.984000,0,0,20325180,1351,16,1351,10,0,8,35
10,720,21.600000,42.984000,0,0,20325192,1351,16,1351,10,0,8,35
10,720,21.600000,42.984000,0,0,20325204,1351,15,1351,9,0,8,35
10,720,21.600000,42.984000,0,0,20325217,1349,15,1349,9,0,8,35
10,720,21.600000,42.984000,0,0,20325228,1346,15,1346,9,0,8,35
10,720,21.600000,42.984000,0,0,20325242,1341,15,1341,9,0,8,35
10,720,21.600000,42.984000,0,0,20325254,1336,15,1336,9,0,8,35
10,720,21.600000,42.984000,0,0,20325266,1333,15,1333,9,0,8,35
10,720,21.600000,42.984000,0,0,20325279,1332,15,1332,9,0,8,35
10,720,21.600000,42.984000,0,0,20325291,1331,15,1331,9,0,8,35
10,720,21.600000,42.984000,0,0,20325303,1330,15,1330,9,0,8,35
10,720,21.600000,42.984000,0,0,20325315,1329,15,1329,9,0,8,35
10,720,21.600000,42.984000,0,0,20325327,1329,15,1329,9,0,8,35
10,720,21.600000,42.984000,0,0,20325339,1329,15,1329,9,0,8,35
10,720,21.600000,42.984000,0,0,20325353,1329,15,1329,9,0,8,35
10,720,21.600000,42.984000,0,0,20325364,1329,15,1329,9,0,8,35
10,720,21.600000,42.984000,0,0,20325376,1328,15,1328,9,0,8,35
10,720,21.600000,42.984000,0,0,20325389,1328,15,1328,9,0,8,35
10,720,21.600000,42.984000,0,0,20325402,1328,15,1328,9,0,8,35
10,720,21.600000,42.984000,0,0,20325413,1328,15,1328,9,0,8,35
10,720,21.600000,42.984000,0,0,20325425,1327,15,1327,9,0,8,35
10,720,21.600000,42.984000,0,0,20325437,1327,15,1327,9,0,8,35
10,720,21.600000,42.984000,0,0,20325448,1327,15,1327,9,0,8,35
10,720,21.600000,42.984000,0,0,20325460,1327,15,1327,9,0,8,35
10,720,21.600000,42.984000,0,0,20325472,1327,15,1327,9,0,8,35
10,720,21.600000,42.984000,0,0,20325484,1327,15,1327,9,0,8,35
10,720,21.600000,42.984000,0,0,20325496,1327,15,1327,9,0,8,35
10,720,21.600000,42.984000,0,0,20325509,1327,15,1327,9,0,8,35
10,720,21.600000,42.984000,0,0,20325521,1327,15,1327,9,0,8,35
10,720,21.600000,42.984000,0,0,20325532,1327,15,1327,9,0,8,35
10,720,21.600000,42.984000,0,0,20325544,1327,15,1327,9,0,8,35
10,720,21.600000,42.984000,0,0,20325555,1327,15,1327,9,0,8,35
10,720,21.600000,42.984000,0,0,20325567,1327,15,1327,9,0,8,35
10,720,21.600000,42.984000,0,0,20325579,1327,15,1327,9,0,8,35
10,720,21.600000,42.984000,0,0,20325590,1327,15,1327,9,0,8,35
10,720,21.600000,42.984000,0,0,20325602,1327,15,1327,9,0,8,35
10,720,21.600000,42.984000,0,0,20325614,1327,15,1327,9,0,8,35
10,720,21.600000,42.984000,0,0,20325624,1327,15,1327,9,0,8,35
