10,360,50.400000,10000.000000,1,1,20321129,780,22,780,22,0,8,32
10,360,50.400000,10000.000000,1,1,20321130,780,22,780,22,0,8,32
10,360,50.400000,10000.000000,1,1,20321143,780,22,780,22,0,8,32
10,360,50.400000,10000.000000,1,1,20321155,780,22,780,22,0,8,32
10,360,50.400000,10000.000000,1,1,20321167,780,22,780,22,0,8,32
10,360,50.400000,10000.000000,1,1,20321179,780,22,780,22,0,8,32
10,360,50.400000,10000.000000,1,1,20321193,780,22,780,22,0,8,32
10,360,50.400000,10000.000000,1,1,20321206,784,23,784,23,0,8,32
10,360,50.400000,10000.000000,1,1,20321218,793,24,793,24,0,8,32
10,360,50.400000,10000.000000,1,1,20321230,810,25,810,25,0,8,32
10,360,50.400000,10000.000000,1,1,20321242,843,27,843,27,0,8,32
10,360,50.400000,10000.000000,1,1,20321255,897,29,897,29,0,8,32
10,360,50.400000,10000.000000,1,1,20321268,955,30,955,30,0,8,32
10,360,50.400000,10000.000000,1,1,20321282,1031,29,1031,29,0,8,32
10,360,50.400000,10000.000000,1,1,20321296,1100,23,1100,23,0,8,32
10,360,50.400000,10000.000000,1,1,20321308,1145,19,1145,19,0,8,32
10,360,50.400000,10000.000000,1,1,20321321,1168,16,1168,16,0,8,32
10,360,50.400000,10000.000000,1,1,20321334,1179,14,1179,14,0,8,32
10,360,50.400000,10000.000000,1,1,20321346,1184,13,1184,13,0,8,32
10,360,50.400000,10000.000000,1,1,20321359,1187,12,1187,12,0,8,32
10,360,50.400000,10000.000000,1,1,20321372,1188,12,1188,12,0,8,32
10,360,50.400000,10000.000000,1,1,20321384,1190,12,1190,12,0,8,32
10,360,50.400000,10000.000000,1,1,20321398,1192,11,1192,11,0,8,32
10,360,50.400000,10000.000000,1,1,20321410,1195,11,1195,11,0,8,32
10,360,50.400000,10000.000000,1,1,20321426,1197,11,1197,11,0,8,32
10,360,50.400000,10000.000000,1,1,20321439,1201,10,1201,10,0,8,32
10,360,50.400000,10000.000000,1,1,20321450,1203,10,1203,10,0,8,32
10,360,50.400000,10000.000000,1,1,20321463,1203,9,1203,9,0,8,32
10,360,50.400000,10000.000000,1,1,20321475,1203,8,1203,8,0,8,32
10,360,50.400000,10000.000000,1,1,20321487,1203,8,1203,8,0,8,32
10,360,50.400000,10000.000000,1,1,20321502,1203,8,1203,8,0,8,32
10,360,50.400000,10000.000000,1,1,20321514,1203,8,1203,8,0,8,32
10,360,50.400000,10000.000000,1,1,20321527,1202,8,1202,8,0,8,32
10,360,50.400000,10000.000000,1,1,20321539,1201,8,1201,8,0,8,32
10,360,50.400000,10000.000000,1,1,20321552,1197,8,1197,8,0,8,32
10,360,50.400000,10000.000000,1,1,20321564,1194,8,1194,8,0,8,32
10,360,50.400000,10000.000000,1,1,20321579,1185,9,1185,9,0,8,32
10,360,50.400000,10000.000000,1,1,20321591,1167,10,1167,10,0,8,32
10,360,50.400000,10000.000000,1,1,20321603,1152,10,1152,10,0,8,32
10,360,50.400000,10000.000000,1,1,20321615,1142,10,1142,10,0,8,32
10,360,50.400000,10000.000000,1,1,20321627,1138,10,1138,10,0,8,32
10,360,50.400000,10000.000000,1,1,20321639,1134,10,1134,10,0,8,32
10,360,50.400000,10000.000000,1,1,20321652,1134,10,1134,10,0,8,32
10,360,50.400000,10000.000000,1,1,20321665,1134,10,1134,10,0,8,32
10,360,50.400000,10000.000000,1,1,20321683,1134,10,1134,10,0,8,32
10,360,50.400000,10000.000000,1,1,20321695,1134,10,1134,10,0,8,32
10,360,50.400000,10000.000000,1,1,20321708,1134,10,1134,10,0,8,32
10,360,50.400000,10000.000000,1,1,20321720,1134,10,1134,10,0,8,32
10,360,50.400000,10000.000000,1,1,20321735,1134,10,1134,10,0,8,32
