10,360,82.800000,10000.000000,1,1,20381157,780,22,780,22,0,8,84
10,360,82.800000,10000.000000,1,1,20381158,780,22,780,22,0,8,84
10,360,82.800000,10000.000000,1,1,20381170,780,22,780,22,0,8,84
10,360,82.800000,10000.000000,1,1,20381180,779,22,779,22,0,8,84
10,360,82.800000,10000.000000,1,1,20381191,778,22,778,22,0,8,84
10,360,82.800000,10000.000000,1,1,20381207,778,22,778,22,0,8,84
10,360,82.800000,10000.000000,1,1,20381221,778,22,778,22,0,8,84
10,360,82.800000,10000.000000,1,1,20381237,779,22,779,22,0,8,84
10,360,82.800000,10000.000000,1,1,20381249,788,22,788,22,0,8,84
10,360,82.800000,10000.000000,1,1,20381260,803,22,803,22,0,8,84
10,360,82.800000,10000.000000,1,1,20381271,832,21,832,21,0,8,84
10,360,82.800000,10000.000000,1,1,20381282,867,21,867,21,0,8,84
10,360,82.800000,10000.000000,1,1,20381293,917,21,917,21,0,8,84
10,360,82.800000,10000.000000,1,1,20381306,972,20,972,20,0,8,84
10,360,82.800000,10000.000000,1,1,20381316,1028,19,1028,19,0,8,84
10,360,82.800000,10000.000000,1,1,20381327,1082,17,1082,17,0,8,84
10,360,82.800000,10000.000000,1,1,20381338,1121,16,1121,16,0,8,84
10,360,82.800000,10000.000000,1,1,20381349,1146,13,1146,13,0,8,84
10,360,82.800000,10000.000000,1,1,20381361,1153,11,1153,11,0,8,84
10,360,82.800000,10000.000000,1,1,20381377,1153,10,1153,10,0,8,84
10,360,82.800000,10000.000000,1,1,20381393,1149,8,1149,8,0,8,84
10,360,82.800000,10000.000000,1,1,20381404,1142,6,1142,6,0,8,84
10,360,82.800000,10000.000000,1,1,20381415,1139,6,1139,6,0,8,84
10,360,82.800000,10000.000000,1,1,20381425,1138,6,1138,6,0,8,84
10,360,82.800000,10000.000000,1,1,20381435,1138,6,1138,6,0,8,84
10,360,82.800000,10000.000000,1,1,20381446,1138,6,1138,6,0,8,84
10,360,82.800000,10000.000000,1,1,20381456,1138,6,1138,6,0,8,84
10,360,82.800000,10000.000000,1,1,20381473,1138,6,1138,6,0,8,84
10,360,82.800000,10000.000000,1,1,20381489,1138,6,1138,6,0,8,84
10,360,82.800000,10000.000000,1,1,20381505,1138,6,1138,6,0,8,84
10,360,82.800000,10000.000000,1,1,20381521,1138,6,1138,6,0,8,84
10,360,82.800000,10000.000000,1,1,20381532,1138,6,1138,6,0,8,84
10,360,82.800000,10000.000000,1,1,20381542,1138,6,1138,6,0,8,84
10,360,82.800000,10000.000000,1,1,20381553,1138,6,1138,6,0,8,84
10,360,82.800000,10000.000000,1,1,20381569,1138,6,1138,6,0,8,84
