10,360,21.600000,10000.000000,0,0,20297303,780,0,780,0,0,8,13
10,360,21.600000,10000.000000,0,0,20297304,780,0,780,0,0,8,13
10,360,21.600000,10000.000000,0,0,20297315,779,0,779,0,0,8,13
10,360,21.600000,10000.000000,0,0,20297326,779,0,779,0,0,8,13
10,360,21.600000,10000.000000,0,0,20297336,779,0,779,0,0,8,13
10,360,21.600000,10000.000000,0,0,20297346,779,0,779,0,0,8,13
10,360,21.600000,10000.000000,0,0,20297356,779,0,779,0,0,8,13
10,360,21.600000,10000.000000,0,0,20297368,779,0,779,0,0,8,13
10,360,21.600000,10000.000000,0,0,20297379,779,0,779,-1,0,8,13
10,360,21.600000,10000.000000,0,0,20297391,786,0,786,-2,0,8,13
10,360,21.600000,10000.000000,0,0,20297402,801,0,801,-4,0,8,13
10,360,21.600000,10000.000000,0,0,20297413,833,0,833,-4,0,8,13
10,360,21.600000,10000.000000,0,0,20297424,876,1,876,-3,0,8,13
10,360,21.600000,10000.000000,0,0,20297435,933,5,933,1,0,8,13
10,360,21.600000,10000.000000,0,0,20297445,990,8,990,4,0,8,13
10,360,21.600000,10000.000000,0,0,20297456,1039,9,1039,5,0,8,13
10,360,21.600000,10000.000000,0,0,20297467,1070,10,1070,6,0,8,13
10,360,21.600000,10000.000000,0,0,20297478,1093,10,1093,6,0,8,13
10,360,21.600000,10000.000000,0,0,20297488,1107,10,1107,6,0,8,13
10,360,21.600000,10000.000000,0,0,20297499,1109,9,1109,5,0,8,13
10,360,21.600000,10000.000000,0,0,20297509,1109,8,1109,4,0,8,13
10,360,21.600000,10000.000000,0,0,20297520,1109,6,1109,2,0,8,13
10,360,21.600000,10000.000000,0,0,20297531,1108,5,1108,1,0,8,13
10,360,21.600000,10000.000000,0,0,20297542,1108,5,1108,1,0,8,13
10,360,21.600000,10000.000000,0,0,20297553,1108,5,1108,1,0,8,13
10,360,21.600000,10000.000000,0,0,20297564,1108,5,1108,1,0,8,13
10,360,21.600000,10000.000000,0,0,20297581,1108,5,1108,1,0,8,13
10,360,21.600000,10000.000000,0,0,20297598,1108,5,1108,1,0,8,13
10,360,21.600000,10000.000000,0,0,20297609,1108,5,1108,1,0,8,13
10,360,21.600000,10000.000000,0,0,20297619,1107,5,1107,1,0,8,13
10,360,21.600000,10000.000000,0,0,20297635,1107,5,1107,1,0,8,13
10,360,21.600000,10000.000000,0,0,20297646,1107,5,1107,1,0,8,13
10,360,21.600000,10000.000000,0,0,20297656,1107,5,1107,1,0,8,13
10,360,21.600000,10000.000000,0,0,20297667,1107,5,1107,1,0,8,13
10,360,21.600000,10000.000000,0,0,20297677,1107,5,1107,1,0,8,13
10,360,21.600000,10000.000000,0,0,20297690,1108,5,1108,1,0,8,13
10,360,21.600000,10000.000000,0,0,20297701,1112,5,1112,1,0,8,13
10,360,21.600000,10000.000000,0,0,20297711,1116,5,1116,1,0,8,13
10,360,21.600000,10000.000000,0,0,20297723,1119,6,1119,2,0,8,13
10,360,21.600000,10000.000000,0,0,20297735,1122,6,1122,2,0,8,13
10,360,21.600000,10000.000000,0,0,20297747,1123,6,1123,2,0,8,13
10,360,21.600000,10000.000000,0,0,20297763,1123,6,1123,2,0,8,13
10,360,21.600000,10000.000000,0,0,20297774,1123,6,1123,2,0,8,13
10,360,21.600000,10000.000000,0,0,20297785,1124,6,1124,2,0,8,13
10,360,21.600000,10000.000000,0,0,20297795,1126,7,1126,3,0,8,13
10,360,21.600000,10000.000000,0,0,20297808,1129,8,1129,4,0,8,13
10,360,21.600000,10000.000000,0,0,20297818,1134,9,1134,5,0,8,13
10,360,21.600000,10000.000000,0,0,20297833,1136,9,1136,5,0,8,13
10,360,21.600000,10000.000000,0,0,20297844,1137,9,1137,5,0,8,13
10,360,21.600000,10000.000000,0,0,20297855,1138,9,1138,5,0,8,13
10,360,21.600000,10000.000000,0,0,20297865,1138,9,1138,5,0,8,13
10,360,21.600000,10000.000000,0,0,20297875,1138,9,1138,5,0,8,13
10,360,21.600000,10000.000000,0,0,20297886,1138,9,1138,5,0,8,13
10,360,21.600000,10000.000000,0,0,20297896,1138,9,1138,5,0,8,13
