10,360,50.400000,42.984000,1,1,20292234,780,22,780,22,0,8,9
10,360,50.400000,42.984000,1,1,20292235,780,22,780,22,0,8,9
10,360,50.400000,42.984000,1,1,20292245,779,23,779,23,0,8,9
10,360,50.400000,42.984000,1,1,20292257,777,25,777,25,0,8,9
10,360,50.400000,42.984000,1,1,20292268,777,29,777,29,0,8,9
10,360,50.400000,42.984000,1,1,20292279,776,32,776,32,0,8,9
10,360,50.400000,42.984000,1,1,20292290,776,33,776,33,0,8,9
10,360,50.400000,42.984000,1,1,20292300,776,34,776,34,0,8,9
10,360,50.400000,42.984000,1,1,20292311,776,34,776,34,0,8,9
10,360,50.400000,42.984000,1,1,20292322,776,34,776,34,0,8,9
10,360,50.400000,42.984000,1,1,20292332,776,34,776,34,0,8,9
10,360,50.400000,42.984000,1,1,20292344,776,34,776,34,0,8,9
10,360,50.400000,42.984000,1,1,20292354,775,33,775,33,0,8,9
10,360,50.400000,42.984000,1,1,20292365,775,33,775,33,0,8,9
10,360,50.400000,42.984000,1,1,20292375,775,33,775,33,0,8,9
10,360,50.400000,42.984000,1,1,20292386,775,33,775,33,0,8,9
10,360,50.400000,42.984000,1,1,20292397,775,32,775,32,0,8,9
10,360,50.400000,42.984000,1,1,20292409,778,31,778,31,0,8,9
10,360,50.400000,42.984000,1,1,20292420,782,30,782,30,0,8,9
10,360,50.400000,42.984000,1,1,20292431,787,29,787,29,0,8,9
10,360,50.400000,42.984000,1,1,20292442,793,27,793,27,0,8,9
10,360,50.400000,42.984000,1,1,20292454,801,26,801,26,0,8,9
10,360,50.400000,42.984000,1,1,20292465,813,25,813,25,0,8,9
10,360,50.400000,42.984000,1,1,20292475,834,24,834,24,0,8,9
10,360,50.400000,42.984000,1,1,20292486,856,24,856,24,0,8,9
10,360,50.400000,42.984000,1,1,20292497,879,24,879,24,0,8,9
10,360,50.400000,42.984000,1,1,20292508,906,24,906,24,0,8,9
10,360,50.400000,42.984000,1,1,20292518,933,24,933,24,0,8,9
10,360,50.400000,42.984000,1,1,20292528,966,24,966,24,0,8,9
10,360,50.400000,42.984000,1,1,20292539,990,24,990,24,0,8,9
10,360,50.400000,42.984000,1,1,20292550,1004,24,1004,24,0,8,9
10,360,50.400000,42.984000,1,1,20292561,1011,24,1011,24,0,8,9
10,360,50.400000,42.984000,1,1,20292573,1015,24,1015,24,0,8,9
10,360,50.400000,42.984000,1,1,20292583,1019,24,1019,24,0,8,9
10,360,50.400000,42.984000,1,1,20292594,1024,22,1024,22,0,8,9
10,360,50.400000,42.984000,1,1,20292605,1030,22,1030,22,0,8,9
10,360,50.400000,42.984000,1,1,20292617,1035,21,1035,21,0,8,9
10,360,50.400000,42.984000,1,1,20292627,1039,21,1039,21,0,8,9
10,360,50.400000,42.984000,1,1,20292638,1043,20,1043,20,0,8,9
10,360,50.400000,42.984000,1,1,20292649,1049,20,1049,20,0,8,9
10,360,50.400000,42.984000,1,1,20292660,1058,20,1058,20,0,8,9
10,360,50.400000,42.984000,1,1,20292672,1072,20,1072,20,0,8,9
10,360,50.400000,42.984000,1,1,20292684,1089,20,1089,20,0,8,9
10,360,50.400000,42.984000,1,1,20292694,1105,20,1105,20,0,8,9
10,360,50.400000,42.984000,1,1,20292705,1116,20,1116,20,0,8,9
10,360,50.400000,42.984000,1,1,20292716,1121,20,1121,20,0,8,9
10,360,50.400000,42.984000,1,1,20292727,1123,20,1123,20,0,8,9
10,360,50.400000,42.984000,1,1,20292740,1125,20,1125,20,0,8,9
10,360,50.400000,42.984000,1,1,20292751,1127,20,1127,20,0,8,9
10,360,50.400000,42.984000,1,1,20292768,1130,20,1130,20,0,8,9
10,360,50.400000,42.984000,1,1,20292779,1136,20,1136,20,0,8,9
10,360,50.400000,42.984000,1,1,20292789,1139,20,1139,20,0,8,9
10,360,50.400000,42.984000,1,1,20292800,1141,19,1141,19,0,8,9
10,360,50.400000,42.984000,1,1,20292810,1141,18,1141,18,0,8,9
10,360,50.400000,42.984000,1,1,20292821,1141,18,1141,18,0,8,9
10,360,50.400000,42.984000,1,1,20292831,1141,18,1141,18,0,8,9
10,360,50.400000,42.984000,1,1,20292842,1142,18,1142,18,0,8,9
10,360,50.400000,42.984000,1,1,20292852,1143,18,1143,18,0,8,9
