10,360,50.400000,0.000000,1,0,20339683,780,0,780,0,0,8,48
10,360,50.400000,0.000000,1,0,20339684,780,0,780,0,0,8,48
10,360,50.400000,0.000000,1,0,20339697,780,0,780,0,0,8,48
10,360,50.400000,0.000000,1,0,20339709,780,0,780,0,0,8,48
10,360,50.400000,0.000000,1,0,20339721,780,1,780,1,0,8,48
10,360,50.400000,0.000000,1,0,20339732,781,1,781,1,0,8,48
10,360,50.400000,0.000000,1,0,20339744,785,2,785,2,0,8,48
10,360,50.400000,0.000000,1,0,20339757,791,3,791,3,0,8,48
10,360,50.400000,0.000000,1,0,20339768,808,3,808,3,0,8,48
10,360,50.400000,0.000000,1,0,20339781,836,4,836,4,0,8,48
10,360,50.400000,0.000000,1,0,20339794,875,7,875,7,0,8,48
10,360,50.400000,0.000000,1,0,20339805,921,11,921,11,0,8,48
10,360,50.400000,0.000000,1,0,20339819,970,13,970,13,0,8,48
10,360,50.400000,0.000000,1,0,20339832,1064,16,1064,16,0,8,48
10,360,50.400000,0.000000,1,0,20339850,1093,16,1093,16,0,8,48
10,360,50.400000,0.000000,1,0,20339863,1111,15,1111,15,0,8,48
10,360,50.400000,0.000000,1,0,20339875,1115,13,1115,13,0,8,48
10,360,50.400000,0.000000,1,0,20339888,1115,12,1115,12,0,8,48
10,360,50.400000,0.000000,1,0,20339902,1115,11,1115,11,0,8,48
10,360,50.400000,0.000000,1,0,20339919,1117,10,1117,10,0,8,48
10,360,50.400000,0.000000,1,0,20339931,1120,9,1120,9,0,8,48
10,360,50.400000,0.000000,1,0,20339947,1122,8,1122,8,0,8,48
10,360,50.400000,0.000000,1,0,20339964,1123,8,1123,8,0,8,48
10,360,50.400000,0.000000,1,0,20339980,1123,7,1123,7,0,8,48
10,360,50.400000,0.000000,1,0,20339991,1125,6,1125,6,0,8,48
10,360,50.400000,0.000000,1,0,20340004,1128,6,1128,6,0,8,48
10,360,50.400000,0.000000,1,0,20340016,1130,6,1130,6,0,8,48
10,360,50.400000,0.000000,1,0,20340028,1132,6,1132,6,0,8,48
10,360,50.400000,0.000000,1,0,20340041,1133,5,1133,5,0,8,48
10,360,50.400000,0.000000,1,0,20340057,1133,5,1133,5,0,8,48
10,360,50.400000,0.000000,1,0,20340074,1133,5,1133,5,0,8,48
10,360,50.400000,0.000000,1,0,20340089,1133,5,1133,5,0,8,48
10,360,50.400000,0.000000,1,0,20340101,1133,4,1133,4,0,8,48
10,360,50.400000,0.000000,1,0,20340112,1133,3,1133,3,0,8,48
