10,720,82.800000,42.984000,0,1,20382195,600,22,600,22,0,8,85
10,720,82.800000,42.984000,0,1,20382196,600,22,600,22,0,8,85
10,720,82.800000,42.984000,0,1,20382207,600,22,600,22,0,8,85
10,720,82.800000,42.984000,0,1,20382219,602,22,602,22,0,8,85
10,720,82.800000,42.984000,0,1,20382229,604,22,604,22,0,8,85
10,720,82.800000,42.984000,0,1,20382240,605,22,605,22,0,8,85
10,720,82.800000,42.984000,0,1,20382251,606,22,606,22,0,8,85
10,720,82.800000,42.984000,0,1,20382262,608,22,608,22,0,8,85
10,720,82.800000,42.984000,0,1,20382278,611,22,611,22,0,8,85
10,720,82.800000,42.984000,0,1,20382290,623,20,623,20,0,8,85
10,720,82.800000,42.984000,0,1,20382302,640,20,640,20,0,8,85
10,720,82.800000,42.984000,0,1,20382313,670,20,670,20,0,8,85
10,720,82.800000,42.984000,0,1,20382324,727,20,727,20,0,8,85
10,720,82.800000,42.984000,0,1,20382336,803,25,803,25,0,8,85
10,720,82.800000,42.984000,0,1,20382347,902,32,902,32,0,8,85
10,720,82.800000,42.984000,0,1,20382358,1003,39,1003,39,0,8,85
10,720,82.800000,42.984000,0,1,20382370,1091,44,1091,44,0,8,85
10,720,82.800000,42.984000,0,1,20382382,1155,45,1155,45,0,8,85
10,720,82.800000,42.984000,0,1,20382394,1189,45,1189,45,0,8,85
10,720,82.800000,42.984000,0,1,20382407,1207,42,1207,42,0,8,85
10,720,82.800000,42.984000,0,1,20382418,1208,38,1208,38,0,8,85
10,720,82.800000,42.984000,0,1,20382430,1208,34,1208,34,0,8,85
10,720,82.800000,42.984000,0,1,20382445,1208,30,1208,30,0,8,85
10,720,82.800000,42.984000,0,1,20382461,1207,27,1207,27,0,8,85
10,720,82.800000,42.984000,0,1,20382478,1207,27,1207,27,0,8,85
10,720,82.800000,42.984000,0,1,20382493,1213,27,1213,27,0,8,85
10,720,82.800000,42.984000,0,1,20382509,1218,27,1218,27,0,8,85
10,720,82.800000,42.984000,0,1,20382524,1221,25,1221,25,0,8,85
10,720,82.800000,42.984000,0,1,20382539,1223,22,1223,22,0,8,85
10,720,82.800000,42.984000,0,1,20382554,1225,19,1225,19,0,8,85
10,720,82.800000,42.984000,0,1,20382570,1226,18,1226,18,0,8,85
10,720,82.800000,42.984000,0,1,20382581,1226,18,1226,18,0,8,85
10,720,82.800000,42.984000,0,1,20382591,1227,18,1227,18,0,8,85
10,720,82.800000,42.984000,0,1,20382602,1229,18,1229,18,0,8,85
10,720,82.800000,42.984000,0,1,20382617,1233,18,1233,18,0,8,85
10,720,82.800000,42.984000,0,1,20382633,1243,19,1243,19,0,8,85
10,720,82.800000,42.984000,0,1,20382644,1259,21,1259,21,0,8,85
10,720,82.800000,42.984000,0,1,20382655,1270,21,1270,21,0,8,85
10,720,82.800000,42.984000,0,1,20382666,1279,21,1279,21,0,8,85
10,720,82.800000,42.984000,0,1,20382677,1284,21,1284,21,0,8,85
10,720,82.800000,42.984000,0,1,20382688,1287,21,1287,21,0,8,85
10,720,82.800000,42.984000,0,1,20382698,1288,18,1288,18,0,8,85
10,720,82.800000,42.984000,0,1,20382709,1289,17,1289,17,0,8,85
10,720,82.800000,42.984000,0,1,20382719,1290,15,1290,15,0,8,85
10,720,82.800000,42.984000,0,1,20382731,1290,15,1290,15,0,8,85
10,720,82.800000,42.984000,0,1,20382741,1290,14,1290,14,0,8,85
10,720,82.800000,42.984000,0,1,20382752,1290,13,1290,13,0,8,85
10,720,82.800000,42.984000,0,1,20382762,1290,13,1290,13,0,8,85
10,720,82.800000,42.984000,0,1,20382773,1290,13,1290,13,0,8,85
10,720,82.800000,42.984000,0,1,20382784,1291,13,1291,13,0,8,85
10,720,82.800000,42.984000,0,1,20382795,1292,13,1292,13,0,8,85
10,720,82.800000,42.984000,0,1,20382806,1292,12,1292,12,0,8,85
10,720,82.800000,42.984000,0,1,20382816,1292,12,1292,12,0,8,85
10,720,82.800000,42.984000,0,1,20382826,1292,12,1292,12,0,8,85
