10,720,50.400000,42.984000,1,1,20538942,600,22,600,22,0,9,99
10,720,50.400000,42.984000,1,1,20538943,600,22,600,22,0,9,99
10,720,50.400000,42.984000,1,1,20538955,600,22,600,22,0,9,99
10,720,50.400000,42.984000,1,1,20538966,600,22,600,22,0,9,99
10,720,50.400000,42.984000,1,1,20538978,601,22,601,22,0,9,99
10,720,50.400000,42.984000,1,1,20538989,607,22,607,22,0,9,99
10,720,50.400000,42.984000,1,1,20539002,617,24,617,24,0,9,99
10,720,50.400000,42.984000,1,1,20539014,638,24,638,24,0,9,99
10,720,50.400000,42.984000,1,1,20539026,670,22,670,22,0,9,99
10,720,50.400000,42.984000,1,1,20539039,719,15,719,15,0,9,99
10,720,50.400000,42.984000,1,1,20539052,796,6,796,6,0,9,99
10,720,50.400000,42.984000,1,1,20539064,894,0,894,-9,0,9,99
10,720,50.400000,42.984000,1,1,20539077,993,0,993,-27,0,9,99
10,720,50.400000,42.984000,1,1,20539091,1074,0,1074,-38,0,9,99
10,720,50.400000,42.984000,1,1,20539102,1132,0,1132,-45,0,9,99
10,720,50.400000,42.984000,1,1,20539114,1154,0,1154,-48,0,9,99
10,720,50.400000,42.984000,1,1,20539125,1164,0,1164,-50,0,9,99
10,720,50.400000,42.984000,1,1,20539135,1166,0,1166,-51,0,9,99
10,720,50.400000,42.984000,1,1,20539147,1166,0,1166,-51,0,9,99
10,720,50.400000,42.984000,1,1,20539157,1166,0,1166,-51,0,9,99
10,720,50.400000,42.984000,1,1,20539169,1167,0,1167,-51,0,9,99
10,720,50.400000,42.984000,1,1,20539180,1167,0,1167,-51,0,9,99
10,720,50.400000,42.984000,1,1,20539190,1170,2,1170,-49,0,9,99
10,720,50.400000,42.984000,1,1,20539202,1172,3,1172,-48,0,9,99
10,720,50.400000,42.984000,1,1,20539214,1175,6,1175,-45,0,9,99
10,720,50.400000,42.984000,1,1,20539225,1178,7,1178,-44,0,9,99
10,720,50.400000,42.984000,1,1,20539236,1179,7,1179,-44,0,9,99
10,720,50.400000,42.984000,1,1,20539247,1181,8,1181,-43,0,9,99
10,720,50.400000,42.984000,1,1,20539259,1183,9,1183,-42,0,9,99
10,720,50.400000,42.984000,1,1,20539269,1186,10,1186,-41,0,9,99
10,720,50.400000,42.984000,1,1,20539281,1189,11,1189,-40,0,9,99
10,720,50.400000,42.984000,1,1,20539292,1192,12,1192,-39,0,9,99
10,720,50.400000,42.984000,1,1,20539303,1195,12,1195,-39,0,9,99
10,720,50.400000,42.984000,1,1,20539315,1200,13,1200,-38,0,9,99
10,720,50.400000,42.984000,1,1,20539326,1209,13,1209,-38,0,9,99
10,720,50.400000,42.984000,1,1,20539338,1225,13,1225,-38,0,9,99
10,720,50.400000,42.984000,1,1,20539350,1242,13,1242,-38,0,9,99
10,720,50.400000,42.984000,1,1,20539362,1263,11,1263,-40,0,9,99
10,720,50.400000,42.984000,1,1,20539374,1273,8,1273,-43,0,9,99
10,720,50.400000,42.984000,1,1,20539385,1281,4,1281,-47,0,9,99
10,720,50.400000,42.984000,1,1,20539402,1283,2,1283,-49,0,9,99
10,720,50.400000,42.984000,1,1,20539412,1284,0,1284,-51,0,9,99
10,720,50.400000,42.984000,1,1,20539423,1284,0,1284,-52,0,9,99
10,720,50.400000,42.984000,1,1,20539434,1284,0,1284,-52,0,9,99
10,720,50.400000,42.984000,1,1,20539446,1286,0,1286,-53,0,9,99
10,720,50.400000,42.984000,1,1,20539456,1288,0,1288,-53,0,9,99
10,720,50.400000,42.984000,1,1,20539467,1291,0,1291,-54,0,9,99
10,720,50.400000,42.984000,1,1,20539478,1294,0,1294,-55,0,9,99
10,720,50.400000,42.984000,1,1,20539489,1297,0,1297,-55,0,9,99
10,720,50.400000,42.984000,1,1,20539499,1298,0,1298,-55,0,9,99
10,720,50.400000,42.984000,1,1,20539509,1298,0,1298,-56,0,9,99
10,720,50.400000,42.984000,1,1,20539519,1298,0,1298,-56,0,9,99
10,720,50.400000,42.984000,1,1,20539530,1298,0,1298,-56,0,9,99
10,720,50.400000,42.984000,1,1,20539541,1298,0,1298,-56,0,9,99
10,720,50.400000,42.984000,1,1,20539552,1298,0,1298,-56,0,9,99
10,720,50.400000,42.984000,1,1,20539562,1298,0,1298,-56,0,9,99
10,720,50.400000,42.984000,1,1,20539572,1298,0,1298,-56,0,9,99
10,720,50.400000,42.984000,1,1,20539585,1299,0,1299,-56,0,9,99
10,720,50.400000,42.984000,1,1,20539595,1301,0,1301,-56,0,9,99
10,720,50.400000,42.984000,1,1,20539606,1303,0,1303,-56,0,9,99
10,720,50.400000,42.984000,1,1,20539617,1305,0,1305,-56,0,9,99
10,720,50.400000,42.984000,1,1,20539628,1306,0,1306,-56,0,9,99
10,720,50.400000,42.984000,1,1,20539639,1308,0,1308,-56,0,9,99
10,720,50.400000,42.984000,1,1,20539650,1309,0,1309,-56,0,9,99
10,720,50.400000,42.984000,1,1,20539660,1310,0,1310,-56,0,9,99
10,720,50.400000,42.984000,1,1,20539670,1310,0,1310,-56,0,9,99
10,720,50.400000,42.984000,1,1,20539681,1310,0,1310,-56,0,9,99
10,720,50.400000,42.984000,1,1,20539691,1310,0,1310,-56,0,9,99
10,720,50.400000,42.984000,1,1,20539702,1310,0,1310,-56,0,9,99
