10,720,21.600000,12.276000,1,1,20485903,600,22,600,22,0,9,53
10,720,21.600000,12.276000,1,1,20485904,600,22,600,22,0,9,53
10,720,21.600000,12.276000,1,1,20485916,601,22,601,22,0,9,53
10,720,21.600000,12.276000,1,1,20485927,603,22,603,22,0,9,53
10,720,21.600000,12.276000,1,1,20485938,607,24,607,24,0,9,53
10,720,21.600000,12.276000,1,1,20485949,614,25,614,25,0,9,53
10,720,21.600000,12.276000,1,1,20485962,629,27,629,27,0,9,53
10,720,21.600000,12.276000,1,1,20485977,654,29,654,29,0,9,53
10,720,21.600000,12.276000,1,1,20485991,719,34,719,34,0,9,53
10,720,21.600000,12.276000,1,1,20486008,821,37,821,37,0,9,53
10,720,21.600000,12.276000,1,1,20486025,939,40,939,40,0,9,53
10,720,21.600000,12.276000,1,1,20486036,1060,41,1060,41,0,9,53
10,720,21.600000,12.276000,1,1,20486048,1118,41,1118,41,0,9,53
10,720,21.600000,12.276000,1,1,20486060,1167,40,1167,40,0,9,53
10,720,21.600000,12.276000,1,1,20486072,1192,37,1192,37,0,9,53
10,720,21.600000,12.276000,1,1,20486083,1206,33,1206,33,0,9,53
10,720,21.600000,12.276000,1,1,20486094,1212,29,1212,29,0,9,53
10,720,21.600000,12.276000,1,1,20486105,1215,26,1215,26,0,9,53
10,720,21.600000,12.276000,1,1,20486116,1217,23,1217,23,0,9,53
10,720,21.600000,12.276000,1,1,20486127,1217,21,1217,21,0,9,53
10,720,21.600000,12.276000,1,1,20486138,1217,19,1217,19,0,9,53
10,720,21.600000,12.276000,1,1,20486148,1218,19,1218,19,0,9,53
10,720,21.600000,12.276000,1,1,20486159,1219,19,1219,19,0,9,53
10,720,21.600000,12.276000,1,1,20486171,1221,19,1221,19,0,9,53
10,720,21.600000,12.276000,1,1,20486182,1223,19,1223,19,0,9,53
10,720,21.600000,12.276000,1,1,20486192,1223,19,1223,19,0,9,53
10,720,21.600000,12.276000,1,1,20486203,1223,19,1223,19,0,9,53
10,720,21.600000,12.276000,1,1,20486215,1224,19,1224,19,0,9,53
10,720,21.600000,12.276000,1,1,20486230,1227,18,1227,18,0,9,53
10,720,21.600000,12.276000,1,1,20486245,1233,18,1233,18,0,9,53
10,720,21.600000,12.276000,1,1,20486260,1239,18,1239,18,0,9,53
10,720,21.600000,12.276000,1,1,20486271,1242,17,1242,17,0,9,53
10,720,21.600000,12.276000,1,1,20486282,1244,17,1244,17,0,9,53
10,720,21.600000,12.276000,1,1,20486293,1248,17,1248,17,0,9,53
10,720,21.600000,12.276000,1,1,20486308,1254,17,1254,17,0,9,53
10,720,21.600000,12.276000,1,1,20486325,1265,17,1265,17,0,9,53
10,720,21.600000,12.276000,1,1,20486340,1277,18,1277,18,0,9,53
10,720,21.600000,12.276000,1,1,20486356,1284,18,1284,18,0,9,53
10,720,21.600000,12.276000,1,1,20486367,1288,18,1288,18,0,9,53
10,720,21.600000,12.276000,1,1,20486379,1290,18,1290,18,0,9,53
10,720,21.600000,12.276000,1,1,20486390,1293,17,1293,17,0,9,53
10,720,21.600000,12.276000,1,1,20486400,1296,17,1296,17,0,9,53
10,720,21.600000,12.276000,1,1,20486412,1298,16,1298,16,0,9,53
10,720,21.600000,12.276000,1,1,20486422,1300,15,1300,15,0,9,53
10,720,21.600000,12.276000,1,1,20486433,1301,15,1301,15,0,9,53
10,720,21.600000,12.276000,1,1,20486444,1301,14,1301,14,0,9,53
10,720,21.600000,12.276000,1,1,20486457,1301,14,1301,14,0,9,53
10,720,21.600000,12.276000,1,1,20486473,1301,14,1301,14,0,9,53
10,720,21.600000,12.276000,1,1,20486484,1301,14,1301,14,0,9,53
10,720,21.600000,12.276000,1,1,20486499,1303,14,1303,14,0,9,53
10,720,21.600000,12.276000,1,1,20486517,1305,14,1305,14,0,9,53
10,720,21.600000,12.276000,1,1,20486533,1307,12,1307,12,0,9,53
10,720,21.600000,12.276000,1,1,20486543,1308,11,1308,11,0,9,53
10,720,21.600000,12.276000,1,1,20486554,1308,11,1308,11,0,9,53
10,720,21.600000,12.276000,1,1,20486565,1308,10,1308,10,0,9,53
10,720,21.600000,12.276000,1,1,20486576,1309,10,1309,10,0,9,53
10,720,21.600000,12.276000,1,1,20486588,1312,9,1312,9,0,9,53
10,720,21.600000,12.276000,1,1,20486600,1313,8,1313,8,0,9,53
10,720,21.600000,12.276000,1,1,20486611,1314,7,1314,7,0,9,53
10,720,21.600000,12.276000,1,1,20486621,1315,6,1315,6,0,9,53
10,720,21.600000,12.276000,1,1,20486632,1315,5,1315,5,0,9,53
10,720,21.600000,12.276000,1,1,20486643,1315,3,1315,3,0,9,53
10,720,21.600000,12.276000,1,1,20486653,1316,3,1316,3,0,9,53
10,720,21.600000,12.276000,1,1,20486663,1316,3,1316,3,0,9,53
10,720,21.600000,12.276000,1,1,20486674,1316,3,1316,3,0,9,53
10,720,21.600000,12.276000,1,1,20486684,1316,3,1316,3,0,9,53
10,720,21.600000,12.276000,1,1,20486694,1316,3,1316,3,0,9,53
10,720,21.600000,12.276000,1,1,20486704,1316,3,1316,3,0,9,53
10,720,21.600000,12.276000,1,1,20486718,1316,3,1316,3,0,9,53
