10,360,82.800000,10000.000000,0,0,20506692,780,0,780,0,0,9,70
10,360,82.800000,10000.000000,0,0,20506693,780,0,780,0,0,9,70
10,360,82.800000,10000.000000,0,0,20506704,780,0,780,0,0,9,70
10,360,82.800000,10000.000000,0,0,20506716,781,1,781,1,0,9,70
10,360,82.800000,10000.000000,0,0,20506727,781,2,781,2,0,9,70
10,360,82.800000,10000.000000,0,0,20506739,782,3,782,3,0,9,70
10,360,82.800000,10000.000000,0,0,20506751,784,5,784,5,0,9,70
10,360,82.800000,10000.000000,0,0,20506765,790,7,790,7,0,9,70
10,360,82.800000,10000.000000,0,0,20506777,804,9,804,9,0,9,70
10,360,82.800000,10000.000000,0,0,20506789,828,11,828,11,0,9,70
10,360,82.800000,10000.000000,0,0,20506801,856,13,856,13,0,9,70
10,360,82.800000,10000.000000,0,0,20506813,899,17,899,17,0,9,70
10,360,82.800000,10000.000000,0,0,20506825,946,19,946,19,0,9,70
10,360,82.800000,10000.000000,0,0,20506837,988,19,988,19,0,9,70
10,360,82.800000,10000.000000,0,0,20506849,1022,19,1022,19,0,9,70
10,360,82.800000,10000.000000,0,0,20506860,1046,16,1046,16,0,9,70
10,360,82.800000,10000.000000,0,0,20506872,1068,14,1068,14,0,9,70
10,360,82.800000,10000.000000,0,0,20506884,1084,12,1084,12,0,9,70
10,360,82.800000,10000.000000,0,0,20506895,1091,11,1091,11,0,9,70
10,360,82.800000,10000.000000,0,0,20506906,1092,9,1092,9,0,9,70
10,360,82.800000,10000.000000,0,0,20506917,1093,7,1093,7,0,9,70
10,360,82.800000,10000.000000,0,0,20506928,1094,5,1094,5,0,9,70
10,360,82.800000,10000.000000,0,0,20506939,1095,4,1095,4,0,9,70
10,360,82.800000,10000.000000,0,0,20506950,1096,3,1096,3,0,9,70
10,360,82.800000,10000.000000,0,0,20506961,1098,1,1098,1,0,9,70
10,360,82.800000,10000.000000,0,0,20506973,1100,0,1100,0,0,9,70
10,360,82.800000,10000.000000,0,0,20506983,1102,0,1102,-2,0,9,70
10,360,82.800000,10000.000000,0,0,20506996,1104,0,1104,-4,0,9,70
10,360,82.800000,10000.000000,0,0,20507007,1106,0,1106,-5,0,9,70
10,360,82.800000,10000.000000,0,0,20507017,1106,0,1106,-7,0,9,70
10,360,82.800000,10000.000000,0,0,20507028,1107,0,1107,-8,0,9,70
10,360,82.800000,10000.000000,0,0,20507040,1108,0,1108,-9,0,9,70
10,360,82.800000,10000.000000,0,0,20507050,1108,0,1108,-10,0,9,70
10,360,82.800000,10000.000000,0,0,20507061,1108,0,1108,-10,0,9,70
10,360,82.800000,10000.000000,0,0,20507072,1109,0,1109,-10,0,9,70
10,360,82.800000,10000.000000,0,0,20507082,1109,0,1109,-10,0,9,70
10,360,82.800000,10000.000000,0,0,20507094,1109,0,1109,-10,0,9,70
10,360,82.800000,10000.000000,0,0,20507103,1109,0,1109,-10,0,9,70
