10,360,82.800000,12.276000,0,1,20508577,780,22,780,22,0,9,72
10,360,82.800000,12.276000,0,1,20508578,780,22,780,22,0,9,72
10,360,82.800000,12.276000,0,1,20508591,781,23,781,23,0,9,72
10,360,82.800000,12.276000,0,1,20508602,784,26,784,26,0,9,72
10,360,82.800000,12.276000,0,1,20508613,785,27,785,27,0,9,72
10,360,82.800000,12.276000,0,1,20508624,788,29,788,29,0,9,72
10,360,82.800000,12.276000,0,1,20508636,793,30,793,30,0,9,72
10,360,82.800000,12.276000,0,1,20508647,802,32,802,32,0,9,72
10,360,82.800000,12.276000,0,1,20508659,816,35,816,35,0,9,72
10,360,82.800000,12.276000,0,1,20508672,839,37,839,37,0,9,72
10,360,82.800000,12.276000,0,1,20508685,878,39,878,39,0,9,72
10,360,82.800000,12.276000,0,1,20508698,934,40,934,40,0,9,72
10,360,82.800000,12.276000,0,1,20508709,975,40,975,40,0,9,72
10,360,82.800000,12.276000,0,1,20508720,1008,37,1008,37,0,9,72
10,360,82.800000,12.276000,0,1,20508732,1034,33,1034,33,0,9,72
10,360,82.800000,12.276000,0,1,20508743,1053,30,1053,30,0,9,72
10,360,82.800000,12.276000,0,1,20508754,1068,27,1068,27,0,9,72
10,360,82.800000,12.276000,0,1,20508765,1078,24,1078,24,0,9,72
10,360,82.800000,12.276000,0,1,20508776,1082,22,1082,22,0,9,72
10,360,82.800000,12.276000,0,1,20508787,1085,21,1085,21,0,9,72
10,360,82.800000,12.276000,0,1,20508798,1087,20,1087,20,0,9,72
10,360,82.800000,12.276000,0,1,20508808,1088,19,1088,19,0,9,72
10,360,82.800000,12.276000,0,1,20508819,1089,18,1089,18,0,9,72
10,360,82.800000,12.276000,0,1,20508831,1092,17,1092,17,0,9,72
10,360,82.800000,12.276000,0,1,20508841,1097,15,1097,15,0,9,72
10,360,82.800000,12.276000,0,1,20508852,1102,15,1102,15,0,9,72
10,360,82.800000,12.276000,0,1,20508864,1108,14,1108,14,0,9,72
10,360,82.800000,12.276000,0,1,20508875,1114,13,1114,13,0,9,72
10,360,82.800000,12.276000,0,1,20508886,1118,12,1118,12,0,9,72
10,360,82.800000,12.276000,0,1,20508897,1120,10,1120,10,0,9,72
10,360,82.800000,12.276000,0,1,20508908,1121,9,1121,9,0,9,72
10,360,82.800000,12.276000,0,1,20508919,1122,8,1122,8,0,9,72
10,360,82.800000,12.276000,0,1,20508929,1122,8,1122,8,0,9,72
10,360,82.800000,12.276000,0,1,20508940,1122,8,1122,8,0,9,72
10,360,82.800000,12.276000,0,1,20508951,1122,7,1122,7,0,9,72
10,360,82.800000,12.276000,0,1,20508962,1122,7,1122,7,0,9,72
10,360,82.800000,12.276000,0,1,20508972,1122,7,1122,7,0,9,72
10,360,82.800000,12.276000,0,1,20508983,1122,7,1122,7,0,9,72
10,360,82.800000,12.276000,0,1,20508994,1122,7,1122,7,0,9,72
10,360,82.800000,12.276000,0,1,20509004,1122,7,1122,7,0,9,72
