10,720,50.400000,0.000000,0,0,20447150,600,0,600,0,0,9,20
10,720,50.400000,0.000000,0,0,20447151,600,0,600,0,0,9,20
10,720,50.400000,0.000000,0,0,20447165,600,0,600,0,0,9,20
10,720,50.400000,0.000000,0,0,20447180,600,0,600,0,0,9,20
10,720,50.400000,0.000000,0,0,20447196,601,0,601,0,0,9,20
10,720,50.400000,0.000000,0,0,20447207,608,0,608,0,0,9,20
10,720,50.400000,0.000000,0,0,20447221,620,0,620,0,0,9,20
10,720,50.400000,0.000000,0,0,20447233,641,0,641,0,0,9,20
10,720,50.400000,0.000000,0,0,20447244,681,1,681,1,0,9,20
10,720,50.400000,0.000000,0,0,20447255,731,5,731,5,0,9,20
10,720,50.400000,0.000000,0,0,20447266,803,12,803,12,0,9,20
10,720,50.400000,0.000000,0,0,20447277,887,19,887,19,0,9,20
10,720,50.400000,0.000000,0,0,20447288,957,24,957,24,0,9,20
10,720,50.400000,0.000000,0,0,20447300,1026,25,1026,25,0,9,20
10,720,50.400000,0.000000,0,0,20447312,1095,25,1095,25,0,9,20
10,720,50.400000,0.000000,0,0,20447324,1148,22,1148,22,0,9,20
10,720,50.400000,0.000000,0,0,20447336,1182,21,1182,21,0,9,20
10,720,50.400000,0.000000,0,0,20447352,1208,19,1208,19,0,9,20
10,720,50.400000,0.000000,0,0,20447366,1220,16,1220,16,0,9,20
10,720,50.400000,0.000000,0,0,20447378,1225,14,1225,14,0,9,20
10,720,50.400000,0.000000,0,0,20447388,1226,12,1226,12,0,9,20
10,720,50.400000,0.000000,0,0,20447399,1226,12,1226,12,0,9,20
10,720,50.400000,0.000000,0,0,20447410,1226,11,1226,11,0,9,20
10,720,50.400000,0.000000,0,0,20447420,1226,11,1226,11,0,9,20
10,720,50.400000,0.000000,0,0,20447431,1226,11,1226,11,0,9,20
10,720,50.400000,0.000000,0,0,20447443,1227,11,1227,11,0,9,20
10,720,50.400000,0.000000,0,0,20447454,1230,10,1230,10,0,9,20
10,720,50.400000,0.000000,0,0,20447466,1234,10,1234,10,0,9,20
10,720,50.400000,0.000000,0,0,20447477,1236,8,1236,8,0,9,20
10,720,50.400000,0.000000,0,0,20447487,1236,8,1236,8,0,9,20
10,720,50.400000,0.000000,0,0,20447498,1236,7,1236,7,0,9,20
10,720,50.400000,0.000000,0,0,20447508,1236,6,1236,6,0,9,20
10,720,50.400000,0.000000,0,0,20447524,1236,5,1236,5,0,9,20
10,720,50.400000,0.000000,0,0,20447535,1238,5,1238,5,0,9,20
10,720,50.400000,0.000000,0,0,20447547,1240,4,1240,4,0,9,20
10,720,50.400000,0.000000,0,0,20447560,1244,3,1244,3,0,9,20
10,720,50.400000,0.000000,0,0,20447571,1247,3,1247,3,0,9,20
10,720,50.400000,0.000000,0,0,20447587,1251,3,1251,3,0,9,20
10,720,50.400000,0.000000,0,0,20447604,1261,3,1261,3,0,9,20
10,720,50.400000,0.000000,0,0,20447619,1273,3,1273,3,0,9,20
10,720,50.400000,0.000000,0,0,20447634,1282,3,1282,3,0,9,20
10,720,50.400000,0.000000,0,0,20447645,1289,2,1289,2,0,9,20
10,720,50.400000,0.000000,0,0,20447655,1291,1,1291,1,0,9,20
10,720,50.400000,0.000000,0,0,20447671,1292,0,1292,0,0,9,20
10,720,50.400000,0.000000,0,0,20447683,1292,0,1292,0,0,9,20
10,720,50.400000,0.000000,0,0,20447694,1292,0,1292,0,0,9,20
10,720,50.400000,0.000000,0,0,20447705,1292,0,1292,0,0,9,20
10,720,50.400000,0.000000,0,0,20447715,1294,0,1294,0,0,9,20
10,720,50.400000,0.000000,0,0,20447726,1296,0,1296,0,0,9,20
10,720,50.400000,0.000000,0,0,20447737,1299,1,1299,1,0,9,20
10,720,50.400000,0.000000,0,0,20447747,1301,1,1301,1,0,9,20
10,720,50.400000,0.000000,0,0,20447758,1301,1,1301,1,0,9,20
10,720,50.400000,0.000000,0,0,20447768,1302,1,1302,1,0,9,20
10,720,50.400000,0.000000,0,0,20447779,1302,1,1302,1,0,9,20
10,720,50.400000,0.000000,0,0,20447790,1302,1,1302,1,0,9,20
10,720,50.400000,0.000000,0,0,20447802,1302,1,1302,1,0,9,20
10,720,50.400000,0.000000,0,0,20447812,1302,1,1302,1,0,9,20
10,720,50.400000,0.000000,0,0,20447826,1302,1,1302,1,0,9,20
