10,720,21.600000,0.000000,0,0,20562304,600,0,600,0,0,9,118
10,720,21.600000,0.000000,0,0,20562305,600,0,600,0,0,9,118
10,720,21.600000,0.000000,0,0,20562315,600,0,600,0,0,9,118
10,720,21.600000,0.000000,0,0,20562327,600,0,600,0,0,9,118
10,720,21.600000,0.000000,0,0,20562339,602,0,602,0,0,9,118
10,720,21.600000,0.000000,0,0,20562356,609,0,609,0,0,9,118
10,720,21.600000,0.000000,0,0,20562368,634,0,634,0,0,9,118
10,720,21.600000,0.000000,0,0,20562380,663,2,663,2,0,9,118
10,720,21.600000,0.000000,0,0,20562393,723,5,723,5,0,9,118
10,720,21.600000,0.000000,0,0,20562405,807,8,807,8,0,9,118
10,720,21.600000,0.000000,0,0,20562418,893,10,893,10,0,9,118
10,720,21.600000,0.000000,0,0,20562430,990,10,990,10,0,9,118
10,720,21.600000,0.000000,0,0,20562441,1075,2,1075,2,0,9,118
10,720,21.600000,0.000000,0,0,20562453,1133,0,1133,-5,0,9,118
10,720,21.600000,0.000000,0,0,20562463,1185,0,1185,-7,0,9,118
10,720,21.600000,0.000000,0,0,20562475,1217,0,1217,-8,0,9,118
10,720,21.600000,0.000000,0,0,20562487,1246,0,1246,-10,0,9,118
10,720,21.600000,0.000000,0,0,20562499,1265,0,1265,-10,0,9,118
10,720,21.600000,0.000000,0,0,20562513,1278,0,1278,-10,0,9,118
10,720,21.600000,0.000000,0,0,20562527,1287,0,1287,-10,0,9,118
10,720,21.600000,0.000000,0,0,20562540,1293,0,1293,-10,0,9,118
10,720,21.600000,0.000000,0,0,20562556,1297,0,1297,-10,0,9,118
10,720,21.600000,0.000000,0,0,20562572,1298,0,1298,-10,0,9,118
10,720,21.600000,0.000000,0,0,20562583,1300,0,1300,-10,0,9,118
10,720,21.600000,0.000000,0,0,20562595,1301,0,1301,-10,0,9,118
10,720,21.600000,0.000000,0,0,20562606,1302,0,1302,-10,0,9,118
10,720,21.600000,0.000000,0,0,20562618,1304,1,1304,-9,0,9,118
10,720,21.600000,0.000000,0,0,20562629,1307,1,1307,-9,0,9,118
10,720,21.600000,0.000000,0,0,20562640,1311,1,1311,-9,0,9,118
10,720,21.600000,0.000000,0,0,20562654,1314,1,1314,-9,0,9,118
10,720,21.600000,0.000000,0,0,20562671,1314,1,1314,-9,0,9,118
10,720,21.600000,0.000000,0,0,20562685,1314,1,1314,-9,0,9,118
10,720,21.600000,0.000000,0,0,20562703,1314,1,1314,-9,0,9,118
10,720,21.600000,0.000000,0,0,20562718,1314,1,1314,-9,0,9,118
10,720,21.600000,0.000000,0,0,20562733,1314,1,1314,-9,0,9,118
10,720,21.600000,0.000000,0,0,20562744,1314,1,1314,-9,0,9,118
10,720,21.600000,0.000000,0,0,20562754,1315,1,1315,-9,0,9,118
10,720,21.600000,0.000000,0,0,20562766,1316,1,1316,-9,0,9,118
10,720,21.600000,0.000000,0,0,20562783,1318,1,1318,-9,0,9,118
10,720,21.600000,0.000000,0,0,20562797,1323,2,1323,-8,0,9,118
10,720,21.600000,0.000000,0,0,20562808,1328,2,1328,-8,0,9,118
10,720,21.600000,0.000000,0,0,20562818,1329,2,1329,-8,0,9,118
10,720,21.600000,0.000000,0,0,20562828,1329,2,1329,-8,0,9,118
10,720,21.600000,0.000000,0,0,20562842,1329,2,1329,-8,0,9,118
10,720,21.600000,0.000000,0,0,20562858,1329,2,1329,-8,0,9,118
10,720,21.600000,0.000000,0,0,20562873,1329,2,1329,-8,0,9,118
10,720,21.600000,0.000000,0,0,20562885,1328,2,1328,-8,0,9,118
10,720,21.600000,0.000000,0,0,20562896,1328,2,1328,-8,0,9,118
10,720,21.600000,0.000000,0,0,20562906,1328,2,1328,-8,0,9,118
10,720,21.600000,0.000000,0,0,20562919,1328,2,1328,-8,0,9,118
