10,720,21.600000,42.984000,0,0,20460075,600,0,600,0,1,9,30
10,720,21.600000,42.984000,0,0,20460076,600,0,600,0,1,9,30
10,720,21.600000,42.984000,0,0,20460087,600,0,600,0,1,9,30
10,720,21.600000,42.984000,0,0,20460097,600,0,600,0,1,9,30
10,720,21.600000,42.984000,0,0,20460107,600,0,600,0,1,9,30
10,720,21.600000,42.984000,0,0,20460117,601,0,601,0,1,9,30
10,720,21.600000,42.984000,0,0,20460128,602,0,602,0,1,9,30
10,720,21.600000,42.984000,0,0,20460139,607,0,607,0,1,9,30
10,720,21.600000,42.984000,0,0,20460152,614,0,614,0,1,9,30
10,720,21.600000,42.984000,0,0,20460163,636,0,636,-1,1,9,30
10,720,21.600000,42.984000,0,0,20460175,670,0,670,-3,1,9,30
10,720,21.600000,42.984000,0,0,20460185,715,0,715,-5,1,9,30
10,720,21.600000,42.984000,0,0,20460198,774,0,774,-7,1,9,30
10,720,21.600000,42.984000,0,0,20460209,861,0,861,-8,1,9,30
10,720,21.600000,42.984000,0,0,20460220,955,0,955,-8,1,9,30
10,720,21.600000,42.984000,0,0,20460236,1038,0,1038,-9,1,9,30
10,720,21.600000,42.984000,0,0,20460247,1131,0,1131,-10,1,9,30
10,720,21.600000,42.984000,0,0,20460259,1167,0,1167,-12,1,9,30
10,720,21.600000,42.984000,0,0,20460269,1191,0,1191,-13,1,9,30
10,720,21.600000,42.984000,0,0,20460280,1203,0,1203,-15,1,9,30
10,720,21.600000,42.984000,0,0,20460291,1208,0,1208,-16,1,9,30
10,720,21.600000,42.984000,0,0,20460302,1214,0,1214,-17,1,9,30
10,720,21.600000,42.984000,0,0,20460313,1214,0,1214,-17,1,9,30
10,720,21.600000,42.984000,0,0,20460323,1214,0,1214,-17,1,9,30
10,720,21.600000,42.984000,0,0,20460334,1214,0,1214,-17,1,9,30
10,720,21.600000,42.984000,0,0,20460346,1216,0,1216,-17,1,9,30
10,720,21.600000,42.984000,0,0,20460358,1217,2,1217,-15,1,9,30
10,720,21.600000,42.984000,0,0,20460370,1218,4,1218,-13,1,9,30
10,720,21.600000,42.984000,0,0,20460380,1219,6,1219,-11,1,9,30
10,720,21.600000,42.984000,0,0,20460394,1219,6,1219,-11,1,9,30
10,720,21.600000,42.984000,0,0,20460410,1220,6,1220,-11,1,9,30
10,720,21.600000,42.984000,0,0,20460427,1221,7,1221,-10,1,9,30
10,720,21.600000,42.984000,0,0,20460442,1228,8,1228,-9,1,9,30
10,720,21.600000,42.984000,0,0,20460457,1244,10,1244,-7,1,9,30
10,720,21.600000,42.984000,0,0,20460472,1266,12,1266,-5,1,9,30
10,720,21.600000,42.984000,0,0,20460488,1287,14,1287,-3,1,9,30
10,720,21.600000,42.984000,0,0,20460502,1299,15,1299,-2,1,9,30
10,720,21.600000,42.984000,0,0,20460512,1302,15,1302,-2,1,9,30
10,720,21.600000,42.984000,0,0,20460522,1302,15,1302,-2,1,9,30
10,720,21.600000,42.984000,0,0,20460533,1302,15,1302,-2,1,9,30
10,720,21.600000,42.984000,0,0,20460543,1303,15,1303,-2,1,9,30
10,720,21.600000,42.984000,0,0,20460554,1304,15,1304,-2,1,9,30
10,720,21.600000,42.984000,0,0,20460564,1305,15,1305,-2,1,9,30
10,720,21.600000,42.984000,0,0,20460574,1306,15,1306,-2,1,9,30
10,720,21.600000,42.984000,0,0,20460585,1307,15,1307,-2,1,9,30
10,720,21.600000,42.984000,0,0,20460595,1308,15,1308,-2,1,9,30
10,720,21.600000,42.984000,0,0,20460605,1309,15,1309,-2,1,9,30
10,720,21.600000,42.984000,0,0,20460615,1309,15,1309,-2,1,9,30
10,720,21.600000,42.984000,0,0,20460629,1310,15,1310,-2,1,9,30
10,720,21.600000,42.984000,0,0,20460639,1311,15,1311,-2,1,9,30
10,720,21.600000,42.984000,0,0,20460649,1312,14,1312,-3,1,9,30
10,720,21.600000,42.984000,0,0,20460660,1314,14,1314,-3,1,9,30
10,720,21.600000,42.984000,0,0,20460672,1316,14,1316,-3,1,9,30
10,720,21.600000,42.984000,0,0,20460681,1317,14,1317,-3,1,9,30
10,720,21.600000,42.984000,0,0,20460692,1318,14,1318,-3,1,9,30
10,720,21.600000,42.984000,0,0,20460702,1319,14,1319,-3,1,9,30
10,720,21.600000,42.984000,0,0,20460712,1319,14,1319,-3,1,9,30
10,720,21.600000,42.984000,0,0,20460722,1319,14,1319,-3,1,9,30
10,720,21.600000,42.984000,0,0,20460733,1319,14,1319,-3,1,9,30
10,720,21.600000,42.984000,0,0,20460743,1319,14,1319,-3,1,9,30
10,720,21.600000,42.984000,0,0,20460754,1320,14,1320,-3,1,9,30
10,720,21.600000,42.984000,0,0,20460763,1320,14,1320,-3,1,9,30
10,720,21.600000,42.984000,0,0,20460774,1320,14,1320,-3,1,9,30
10,720,21.600000,42.984000,0,0,20460784,1320,14,1320,-3,1,9,30
10,720,21.600000,42.984000,0,0,20460795,1320,13,1320,-4,1,9,30
10,720,21.600000,42.984000,0,0,20460805,1320,13,1320,-4,1,9,30
10,720,21.600000,42.984000,0,0,20460815,1320,13,1320,-4,0,9,30
