13,360,82.800000,22.608000,1,1,102453586,780,22,780,22,0,0,1
13,360,82.800000,22.608000,1,1,102453587,780,22,780,22,0,0,1
13,360,82.800000,22.608000,1,1,102453597,780,22,780,22,0,0,1
13,360,82.800000,22.608000,1,1,102453607,780,22,780,22,0,0,1
13,360,82.800000,22.608000,1,1,102453617,780,22,780,22,0,0,1
13,360,82.800000,22.608000,1,1,102453627,780,22,780,22,0,0,1
13,360,82.800000,22.608000,1,1,102453637,780,22,780,22,0,0,1
13,360,82.800000,22.608000,1,1,102453646,780,22,780,22,0,0,1
13,360,82.800000,22.608000,1,1,102453657,780,22,780,22,0,0,1
13,360,82.800000,22.608000,1,1,102453675,780,22,780,22,0,0,1
13,360,82.800000,22.608000,1,1,102453687,782,22,782,22,0,0,1
13,360,82.800000,22.608000,1,1,102453698,787,22,787,22,0,0,1
13,360,82.800000,22.608000,1,1,102453708,795,21,795,21,0,0,1
13,360,82.800000,22.608000,1,1,102453718,802,21,802,21,0,0,1
13,360,82.800000,22.608000,1,1,102453738,811,20,811,20,0,0,1
13,360,82.800000,22.608000,1,1,102453748,838,19,838,19,0,0,1
13,360,82.800000,22.608000,1,1,102453759,854,19,854,19,0,0,1
13,360,82.800000,22.608000,1,1,102453771,872,19,872,19,0,0,1
13,360,82.800000,22.608000,1,1,102453782,891,19,891,19,0,0,1
13,360,82.800000,22.608000,1,1,102453793,908,18,908,18,0,0,1
13,360,82.800000,22.608000,1,1,102453806,922,17,922,17,0,0,1
13,360,82.800000,22.608000,1,1,102453817,932,16,932,16,0,0,1
13,360,82.800000,22.608000,1,1,102453828,939,14,939,14,0,0,1
13,360,82.800000,22.608000,1,1,102453847,945,14,945,14,0,0,1
13,360,82.800000,22.608000,1,1,102453857,957,12,957,12,0,0,1
13,360,82.800000,22.608000,1,1,102453868,966,11,966,11,0,0,1
13,360,82.800000,22.608000,1,1,102453879,975,10,975,10,0,0,1
13,360,82.800000,22.608000,1,1,102453889,987,8,987,8,0,0,1
13,360,82.800000,22.608000,1,1,102453899,996,7,996,7,0,0,1
13,360,82.800000,22.608000,1,1,102453910,1005,5,1005,5,0,0,1
13,360,82.800000,22.608000,1,1,102453921,1012,4,1012,4,0,0,1
13,360,82.800000,22.608000,1,1,102453931,1020,3,1020,3,0,0,1
13,360,82.800000,22.608000,1,1,102453942,1031,2,1031,2,0,0,1
13,360,82.800000,22.608000,1,1,102453952,1043,0,1043,0,0,0,1
13,360,82.800000,22.608000,1,1,102453962,1053,0,1053,-2,0,0,1
13,360,82.800000,22.608000,1,1,102453973,1060,0,1060,-3,0,0,1
13,360,82.800000,22.608000,1,1,102453983,1065,0,1065,-4,0,0,1
13,360,82.800000,22.608000,1,1,102453993,1068,0,1068,-5,0,0,1
13,360,82.800000,22.608000,1,1,102454004,1070,0,1070,-5,0,0,1
13,360,82.800000,22.608000,1,1,102454014,1070,0,1070,-5,0,0,1
13,360,82.800000,22.608000,1,1,102454024,1070,0,1070,-5,0,0,1
13,360,82.800000,22.608000,1,1,102454035,1071,0,1071,-5,0,0,1
13,360,82.800000,22.608000,1,1,102454046,1073,0,1073,-5,0,0,1
13,360,82.800000,22.608000,1,1,102454057,1080,0,1080,-6,0,0,1
13,360,82.800000,22.608000,1,1,102454068,1091,0,1091,-7,0,0,1
13,360,82.800000,22.608000,1,1,102454079,1103,0,1103,-8,0,0,1
13,360,82.800000,22.608000,1,1,102454090,1110,0,1110,-9,0,0,1
13,360,82.800000,22.608000,1,1,102454100,1114,0,1114,-10,0,0,1
13,360,82.800000,22.608000,1,1,102454110,1116,0,1116,-11,0,0,1
13,360,82.800000,22.608000,1,1,102454120,1117,0,1117,-11,0,0,1
13,360,82.800000,22.608000,1,1,102454130,1117,0,1117,-12,0,0,1
13,360,82.800000,22.608000,1,1,102454139,1117,0,1117,-12,0,0,1
13,360,82.800000,22.608000,1,1,102454149,1117,0,1117,-12,0,0,1
13,360,82.800000,22.608000,1,1,102454159,1117,0,1117,-12,0,0,1
13,360,82.800000,22.608000,1,1,102454171,1119,0,1119,-12,0,0,1
13,360,82.800000,22.608000,1,1,102454180,1122,0,1122,-12,0,0,1
13,360,82.800000,22.608000,1,1,102454190,1123,0,1123,-13,0,0,1
13,360,82.800000,22.608000,1,1,102454199,1124,0,1124,-13,0,0,1
