13,360,50.400000,12.276000,1,1,102475446,780,22,780,22,0,0,14
13,360,50.400000,12.276000,1,1,102475447,780,22,780,22,0,0,14
13,360,50.400000,12.276000,1,1,102475458,780,22,780,22,0,0,14
13,360,50.400000,12.276000,1,1,102475468,780,22,780,22,0,0,14
13,360,50.400000,12.276000,1,1,102475478,781,22,781,22,0,0,14
13,360,50.400000,12.276000,1,1,102475489,782,22,782,22,0,0,14
13,360,50.400000,12.276000,1,1,102475499,783,22,783,22,0,0,14
13,360,50.400000,12.276000,1,1,102475509,786,22,786,22,0,0,14
13,360,50.400000,12.276000,1,1,102475519,790,22,790,22,0,0,14
13,360,50.400000,12.276000,1,1,102475532,796,22,796,22,0,0,14
13,360,50.400000,12.276000,1,1,102475543,808,22,808,22,0,0,14
13,360,50.400000,12.276000,1,1,102475554,825,20,825,20,0,0,14
13,360,50.400000,12.276000,1,1,102475564,846,19,846,19,0,0,14
13,360,50.400000,12.276000,1,1,102475575,865,17,865,17,0,0,14
13,360,50.400000,12.276000,1,1,102475585,888,15,888,15,0,0,14
13,360,50.400000,12.276000,1,1,102475596,911,13,911,13,0,0,14
13,360,50.400000,12.276000,1,1,102475607,931,11,931,11,0,0,14
13,360,50.400000,12.276000,1,1,102475618,950,8,950,8,0,0,14
13,360,50.400000,12.276000,1,1,102475629,963,6,963,6,0,0,14
13,360,50.400000,12.276000,1,1,102475639,978,4,978,4,0,0,14
13,360,50.400000,12.276000,1,1,102475651,992,2,992,2,0,0,14
13,360,50.400000,12.276000,1,1,102475662,1005,0,1005,0,0,0,14
13,360,50.400000,12.276000,1,1,102475673,1016,0,1016,-2,0,0,14
13,360,50.400000,12.276000,1,1,102475684,1025,0,1025,-3,0,0,14
13,360,50.400000,12.276000,1,1,102475695,1033,0,1033,-4,0,0,14
13,360,50.400000,12.276000,1,1,102475705,1040,0,1040,-5,0,0,14
13,360,50.400000,12.276000,1,1,102475716,1047,0,1047,-6,0,0,14
13,360,50.400000,12.276000,1,1,102475726,1056,0,1056,-7,0,0,14
13,360,50.400000,12.276000,1,1,102475737,1064,0,1064,-8,0,0,14
13,360,50.400000,12.276000,1,1,102475747,1071,0,1071,-9,0,0,14
13,360,50.400000,12.276000,1,1,102475758,1078,0,1078,-10,0,0,14
13,360,50.400000,12.276000,1,1,102475779,1085,0,1085,-12,0,0,14
13,360,50.400000,12.276000,1,1,102475789,1095,0,1095,-13,0,0,14
13,360,50.400000,12.276000,1,1,102475799,1097,0,1097,-13,0,0,14
13,360,50.400000,12.276000,1,1,102475809,1097,0,1097,-13,0,0,14
13,360,50.400000,12.276000,1,1,102475819,1097,0,1097,-13,0,0,14
13,360,50.400000,12.276000,1,1,102475830,1097,0,1097,-13,0,0,14
13,360,50.400000,12.276000,1,1,102475840,1097,0,1097,-13,0,0,14
13,360,50.400000,12.276000,1,1,102475850,1097,0,1097,-13,0,0,14
13,360,50.400000,12.276000,1,1,102475860,1097,0,1097,-13,0,0,14
13,360,50.400000,12.276000,1,1,102475869,1097,0,1097,-13,0,0,14
13,360,50.400000,12.276000,1,1,102475880,1098,0,1098,-13,0,0,14
13,360,50.400000,12.276000,1,1,102475891,1100,0,1100,-13,0,0,14
13,360,50.400000,12.276000,1,1,102475901,1102,0,1102,-13,0,0,14
13,360,50.400000,12.276000,1,1,102475911,1104,0,1104,-13,0,0,14
13,360,50.400000,12.276000,1,1,102475921,1106,0,1106,-14,0,0,14
13,360,50.400000,12.276000,1,1,102475931,1107,0,1107,-14,0,0,14
13,360,50.400000,12.276000,1,1,102475941,1108,0,1108,-14,0,0,14
13,360,50.400000,12.276000,1,1,102475953,1112,0,1112,-15,0,0,14
13,360,50.400000,12.276000,1,1,102475964,1117,0,1117,-16,0,0,14
13,360,50.400000,12.276000,1,1,102475974,1125,0,1125,-17,0,0,14
13,360,50.400000,12.276000,1,1,102475985,1132,0,1132,-18,0,0,14
13,360,50.400000,12.276000,1,1,102475995,1138,0,1138,-20,0,0,14
13,360,50.400000,12.276000,1,1,102476005,1139,0,1139,-20,0,0,14
13,360,50.400000,12.276000,1,1,102476014,1139,0,1139,-20,0,0,14
13,360,50.400000,12.276000,1,1,102476024,1139,0,1139,-20,0,0,14
13,360,50.400000,12.276000,1,1,102476034,1139,0,1139,-20,0,0,14
13,360,50.400000,12.276000,1,1,102476044,1139,0,1139,-20,0,0,14
13,360,50.400000,12.276000,1,1,102476054,1139,0,1139,-20,0,0,14
13,360,50.400000,12.276000,1,1,102476063,1139,0,1139,-20,0,0,14
13,360,50.400000,12.276000,1,1,102476073,1139,0,1139,-20,0,0,14
13,360,50.400000,12.276000,1,1,102476083,1139,0,1139,-20,0,0,14
