13,360,21.600000,42.984000,1,0,102567713,780,0,780,0,0,0,68
13,360,21.600000,42.984000,1,0,102567714,780,0,780,0,0,0,68
13,360,21.600000,42.984000,1,0,102567723,780,0,780,0,0,0,68
13,360,21.600000,42.984000,1,0,102567733,780,0,780,0,0,0,68
13,360,21.600000,42.984000,1,0,102567743,780,0,780,0,0,0,68
13,360,21.600000,42.984000,1,0,102567753,780,0,780,0,0,0,68
13,360,21.600000,42.984000,1,0,102567763,780,0,780,0,0,0,68
13,360,21.600000,42.984000,1,0,102567773,780,0,780,0,0,0,68
13,360,21.600000,42.984000,1,0,102567782,780,0,780,0,0,0,68
13,360,21.600000,42.984000,1,0,102567794,781,0,781,0,0,0,68
13,360,21.600000,42.984000,1,0,102567806,784,0,784,0,0,0,68
13,360,21.600000,42.984000,1,0,102567816,790,0,790,0,0,0,68
13,360,21.600000,42.984000,1,0,102567828,799,0,799,-2,0,0,68
13,360,21.600000,42.984000,1,0,102567839,813,0,813,-4,0,0,68
13,360,21.600000,42.984000,1,0,102567849,829,0,829,-7,0,0,68
13,360,21.600000,42.984000,1,0,102567859,848,0,848,-9,0,0,68
13,360,21.600000,42.984000,1,0,102567870,868,0,868,-12,0,0,68
13,360,21.600000,42.984000,1,0,102567880,889,0,889,-16,0,0,68
13,360,21.600000,42.984000,1,0,102567891,915,0,915,-21,0,0,68
13,360,21.600000,42.984000,1,0,102567901,935,0,935,-24,0,0,68
13,360,21.600000,42.984000,1,0,102567912,956,0,956,-28,0,0,68
13,360,21.600000,42.984000,1,0,102567922,980,0,980,-32,0,0,68
13,360,21.600000,42.984000,1,0,102567933,1000,0,1000,-35,0,0,68
13,360,21.600000,42.984000,1,0,102567943,1017,0,1017,-37,0,0,68
13,360,21.600000,42.984000,1,0,102567954,1031,0,1031,-38,0,0,68
13,360,21.600000,42.984000,1,0,102567964,1044,0,1044,-39,0,0,68
13,360,21.600000,42.984000,1,0,102567975,1054,0,1054,-40,0,0,68
13,360,21.600000,42.984000,1,0,102567985,1065,0,1065,-41,0,0,68
13,360,21.600000,42.984000,1,0,102567996,1073,0,1073,-41,0,0,68
13,360,21.600000,42.984000,1,0,102568007,1081,0,1081,-42,0,0,68
13,360,21.600000,42.984000,1,0,102568017,1088,0,1088,-43,0,0,68
13,360,21.600000,42.984000,1,0,102568028,1093,0,1093,-43,0,0,68
13,360,21.600000,42.984000,1,0,102568038,1097,0,1097,-43,0,0,68
13,360,21.600000,42.984000,1,0,102568049,1101,0,1101,-44,0,0,68
13,360,21.600000,42.984000,1,0,102568059,1105,0,1105,-44,0,0,68
13,360,21.600000,42.984000,1,0,102568068,1106,0,1106,-44,0,0,68
13,360,21.600000,42.984000,1,0,102568078,1107,0,1107,-44,0,0,68
13,360,21.600000,42.984000,1,0,102568088,1108,0,1108,-44,0,0,68
13,360,21.600000,42.984000,1,0,102568098,1108,0,1108,-44,0,0,68
13,360,21.600000,42.984000,1,0,102568107,1108,0,1108,-44,0,0,68
13,360,21.600000,42.984000,1,0,102568117,1108,0,1108,-44,0,0,68
13,360,21.600000,42.984000,1,0,102568127,1108,0,1108,-44,0,0,68
13,360,21.600000,42.984000,1,0,102568137,1108,0,1108,-44,0,0,68
13,360,21.600000,42.984000,1,0,102568146,1108,0,1108,-44,0,0,68
13,360,21.600000,42.984000,1,0,102568156,1108,0,1108,-44,0,0,68
13,360,21.600000,42.984000,1,0,102568166,1108,0,1108,-44,0,0,68
13,360,21.600000,42.984000,1,0,102568176,1108,0,1108,-45,0,0,68
13,360,21.600000,42.984000,1,0,102568186,1110,0,1110,-45,0,0,68
13,360,21.600000,42.984000,1,0,102568196,1111,0,1111,-45,0,0,68
13,360,21.600000,42.984000,1,0,102568208,1113,0,1113,-45,0,0,68
13,360,21.600000,42.984000,1,0,102568228,1118,0,1118,-46,0,0,68
13,360,21.600000,42.984000,1,0,102568239,1132,0,1132,-48,0,0,68
13,360,21.600000,42.984000,1,0,102568250,1140,0,1140,-49,0,0,68
13,360,21.600000,42.984000,1,0,102568261,1147,0,1147,-50,0,0,68
13,360,21.600000,42.984000,1,0,102568271,1151,0,1151,-51,0,0,68
13,360,21.600000,42.984000,1,0,102568281,1153,0,1153,-52,0,0,68
13,360,21.600000,42.984000,1,0,102568290,1154,0,1154,-52,0,0,68
13,360,21.600000,42.984000,1,0,102568300,1155,0,1155,-52,0,0,68
13,360,21.600000,42.984000,1,0,102568310,1155,0,1155,-52,0,0,68
13,360,21.600000,42.984000,1,0,102568320,1155,0,1155,-52,0,0,68
13,360,21.600000,42.984000,1,0,102568330,1155,0,1155,-52,0,0,68
13,360,21.600000,42.984000,1,0,102568339,1155,0,1155,-52,0,0,68
13,360,21.600000,42.984000,1,0,102568349,1155,0,1155,-52,0,0,68
13,360,21.600000,42.984000,1,0,102568359,1155,0,1155,-52,0,0,68
13,360,21.600000,42.984000,1,0,102568368,1155,0,1155,-52,0,0,68
13,360,21.600000,42.984000,1,0,102568378,1155,0,1155,-52,0,0,68
13,360,21.600000,42.984000,1,0,102568388,1155,0,1155,-52,0,0,68
13,360,21.600000,42.984000,1,0,102568398,1155,0,1155,-52,0,0,68
13,360,21.600000,42.984000,1,0,102568407,1155,0,1155,-52,0,0,68
13,360,21.600000,42.984000,1,0,102568417,1155,0,1155,-52,0,0,68
13,360,21.600000,42.984000,1,0,102568427,1155,0,1155,-52,0,0,68
13,360,21.600000,42.984000,1,0,102568437,1155,0,1155,-52,0,0,68
13,360,21.600000,42.984000,1,0,102568446,1155,0,1155,-52,0,0,68
13,360,21.600000,42.984000,1,0,102568456,1155,0,1155,-52,0,0,68
13,360,21.600000,42.984000,1,0,102568466,1155,0,1155,-52,0,0,68
13,360,21.600000,42.984000,1,0,102568475,1155,0,1155,-52,0,0,68
13,360,21.600000,42.984000,1,0,102568485,1155,0,1155,-52,0,0,68
13,360,21.600000,42.984000,1,0,102568495,1155,0,1155,-52,0,0,68
13,360,21.600000,42.984000,1,0,102568505,1155,0,1155,-52,0,0,68
13,360,21.600000,42.984000,1,0,102568515,1154,0,1154,-52,0,0,68
13,360,21.600000,42.984000,1,0,102568525,1152,0,1152,-52,0,0,68
13,360,21.600000,42.984000,1,0,102568535,1150,0,1150,-52,0,0,68
13,360,21.600000,42.984000,1,0,102568545,1149,0,1149,-52,0,0,68
13,360,21.600000,42.984000,1,0,102568555,1148,0,1148,-52,0,0,68
13,360,21.600000,42.984000,1,0,102568564,1148,0,1148,-52,0,0,68
13,360,21.600000,42.984000,1,0,102568574,1148,0,1148,-52,0,0,68
13,360,21.600000,42.984000,1,0,102568583,1148,0,1148,-52,0,0,68
13,360,21.600000,42.984000,1,0,102568594,1148,0,1148,-52,0,0,68
13,360,21.600000,42.984000,1,0,102568603,1148,0,1148,-52,0,0,68
13,360,21.600000,42.984000,1,0,102568613,1148,0,1148,-52,0,0,68
13,360,21.600000,42.984000,1,0,102568623,1148,0,1148,-52,0,0,68
13,360,21.600000,42.984000,1,0,102568633,1147,0,1147,-52,0,0,68
13,360,21.600000,42.984000,1,0,102568642,1147,0,1147,-52,0,0,68
13,360,21.600000,42.984000,1,0,102568652,1147,0,1147,-52,0,0,68
13,360,21.600000,42.984000,1,0,102568662,1145,0,1145,-52,0,0,68
13,360,21.600000,42.984000,1,0,102568671,1143,0,1143,-52,0,0,68
13,360,21.600000,42.984000,1,0,102568681,1143,0,1143,-52,0,0,68
13,360,21.600000,42.984000,1,0,102568692,1143,0,1143,-52,0,0,68
13,360,21.600000,42.984000,1,0,102568702,1143,0,1143,-52,0,0,68
