13,360,50.400000,10000.000000,0,0,102456951,780,0,780,0,0,0,3
13,360,50.400000,10000.000000,0,0,102456952,780,0,780,0,0,0,3
13,360,50.400000,10000.000000,0,0,102456962,780,0,780,0,0,0,3
13,360,50.400000,10000.000000,0,0,102456972,780,0,780,0,0,0,3
13,360,50.400000,10000.000000,0,0,102456981,780,0,780,0,0,0,3
13,360,50.400000,10000.000000,0,0,102456991,780,0,780,0,0,0,3
13,360,50.400000,10000.000000,0,0,102457000,780,0,780,0,0,0,3
13,360,50.400000,10000.000000,0,0,102457010,780,0,780,0,0,0,3
13,360,50.400000,10000.000000,0,0,102457019,780,0,780,0,0,0,3
13,360,50.400000,10000.000000,0,0,102457029,780,0,780,0,0,0,3
13,360,50.400000,10000.000000,0,0,102457040,780,0,780,0,0,0,3
13,360,50.400000,10000.000000,0,0,102457050,781,0,781,-1,0,0,3
13,360,50.400000,10000.000000,0,0,102457062,784,0,784,-1,0,0,3
13,360,50.400000,10000.000000,0,0,102457073,790,0,790,-2,0,0,3
13,360,50.400000,10000.000000,0,0,102457083,799,0,799,-4,0,0,3
13,360,50.400000,10000.000000,0,0,102457093,811,0,811,-5,0,0,3
13,360,50.400000,10000.000000,0,0,102457104,829,0,829,-6,0,0,3
13,360,50.400000,10000.000000,0,0,102457114,846,0,846,-8,0,0,3
13,360,50.400000,10000.000000,0,0,102457125,865,0,865,-9,0,0,3
13,360,50.400000,10000.000000,0,0,102457136,885,0,885,-10,0,0,3
13,360,50.400000,10000.000000,0,0,102457147,900,0,900,-12,0,0,3
13,360,50.400000,10000.000000,0,0,102457158,913,0,913,-13,0,0,3
13,360,50.400000,10000.000000,0,0,102457168,924,0,924,-15,0,0,3
13,360,50.400000,10000.000000,0,0,102457188,933,0,933,-16,0,0,3
13,360,50.400000,10000.000000,0,0,102457199,955,0,955,-21,0,0,3
13,360,50.400000,10000.000000,0,0,102457218,968,0,968,-23,0,0,3
13,360,50.400000,10000.000000,0,0,102457229,993,0,993,-27,0,0,3
13,360,50.400000,10000.000000,0,0,102457239,1007,0,1007,-29,0,0,3
13,360,50.400000,10000.000000,0,0,102457250,1021,0,1021,-31,0,0,3
13,360,50.400000,10000.000000,0,0,102457261,1032,0,1032,-32,0,0,3
13,360,50.400000,10000.000000,0,0,102457271,1042,0,1042,-33,0,0,3
13,360,50.400000,10000.000000,0,0,102457282,1050,0,1050,-34,0,0,3
13,360,50.400000,10000.000000,0,0,102457293,1057,0,1057,-36,0,0,3
13,360,50.400000,10000.000000,0,0,102457313,1063,0,1063,-37,0,0,3
13,360,50.400000,10000.000000,0,0,102457324,1076,0,1076,-39,0,0,3
13,360,50.400000,10000.000000,0,0,102457336,1083,0,1083,-41,0,0,3
13,360,50.400000,10000.000000,0,0,102457346,1090,0,1090,-42,0,0,3
13,360,50.400000,10000.000000,0,0,102457357,1094,0,1094,-43,0,0,3
13,360,50.400000,10000.000000,0,0,102457367,1096,0,1096,-44,0,0,3
13,360,50.400000,10000.000000,0,0,102457379,1098,0,1098,-44,0,0,3
13,360,50.400000,10000.000000,0,0,102457389,1101,0,1101,-44,0,0,3
13,360,50.400000,10000.000000,0,0,102457401,1104,0,1104,-44,0,0,3
13,360,50.400000,10000.000000,0,0,102457411,1109,0,1109,-45,0,0,3
13,360,50.400000,10000.000000,0,0,102457421,1114,0,1114,-46,0,0,3
13,360,50.400000,10000.000000,0,0,102457431,1118,0,1118,-47,0,0,3
13,360,50.400000,10000.000000,0,0,102457441,1120,0,1120,-47,0,0,3
13,360,50.400000,10000.000000,0,0,102457451,1120,0,1120,-47,0,0,3
13,360,50.400000,10000.000000,0,0,102457460,1120,0,1120,-47,0,0,3
13,360,50.400000,10000.000000,0,0,102457470,1120,0,1120,-47,0,0,3
13,360,50.400000,10000.000000,0,0,102457480,1120,0,1120,-47,0,0,3
13,360,50.400000,10000.000000,0,0,102457489,1120,0,1120,-47,0,0,3
13,360,50.400000,10000.000000,0,0,102457499,1120,0,1120,-47,0,0,3
13,360,50.400000,10000.000000,0,0,102457509,1120,0,1120,-47,0,0,3
13,360,50.400000,10000.000000,0,0,102457520,1120,0,1120,-47,0,0,3
13,360,50.400000,10000.000000,0,0,102457532,1122,0,1122,-47,0,0,3
13,360,50.400000,10000.000000,0,0,102457551,1124,0,1124,-48,0,0,3
13,360,50.400000,10000.000000,0,0,102457561,1131,0,1131,-49,0,0,3
13,360,50.400000,10000.000000,0,0,102457571,1134,0,1134,-51,0,0,3
13,360,50.400000,10000.000000,0,0,102457581,1137,0,1137,-51,0,0,3
13,360,50.400000,10000.000000,0,0,102457591,1139,0,1139,-52,0,0,3
13,360,50.400000,10000.000000,0,0,102457601,1141,0,1141,-52,0,0,3
13,360,50.400000,10000.000000,0,0,102457611,1143,0,1143,-53,0,0,3
13,360,50.400000,10000.000000,0,0,102457631,1146,0,1146,-54,0,0,3
13,360,50.400000,10000.000000,0,0,102457641,1149,0,1149,-55,0,0,3
13,360,50.400000,10000.000000,0,0,102457650,1149,0,1149,-55,0,0,3
13,360,50.400000,10000.000000,0,0,102457660,1149,0,1149,-55,0,0,3
