13,360,21.600000,42.984000,0,0,102506127,780,0,780,0,0,0,32
13,360,21.600000,42.984000,0,0,102506128,780,0,780,0,0,0,32
13,360,21.600000,42.984000,0,0,102506138,780,0,780,0,0,0,32
13,360,21.600000,42.984000,0,0,102506148,780,0,780,0,0,0,32
13,360,21.600000,42.984000,0,0,102506158,780,0,780,0,0,0,32
13,360,21.600000,42.984000,0,0,102506168,780,0,780,0,0,0,32
13,360,21.600000,42.984000,0,0,102506178,780,0,780,0,0,0,32
13,360,21.600000,42.984000,0,0,102506188,781,0,781,0,0,0,32
13,360,21.600000,42.984000,0,0,102506198,782,0,782,0,0,0,32
13,360,21.600000,42.984000,0,0,102506208,784,0,784,0,0,0,32
13,360,21.600000,42.984000,0,0,102506219,787,0,787,0,0,0,32
13,360,21.600000,42.984000,0,0,102506230,791,0,791,0,0,0,32
13,360,21.600000,42.984000,0,0,102506240,799,0,799,-1,0,0,32
13,360,21.600000,42.984000,0,0,102506251,812,0,812,-2,0,0,32
13,360,21.600000,42.984000,0,0,102506262,829,0,829,-4,0,0,32
13,360,21.600000,42.984000,0,0,102506273,852,0,852,-7,0,0,32
13,360,21.600000,42.984000,0,0,102506283,879,0,879,-10,0,0,32
13,360,21.600000,42.984000,0,0,102506294,906,0,906,-13,0,0,32
13,360,21.600000,42.984000,0,0,102506304,926,0,926,-15,0,0,32
13,360,21.600000,42.984000,0,0,102506315,947,0,947,-18,0,0,32
13,360,21.600000,42.984000,0,0,102506326,961,0,961,-20,0,0,32
13,360,21.600000,42.984000,0,0,102506337,974,0,974,-21,0,0,32
13,360,21.600000,42.984000,0,0,102506348,986,0,986,-22,0,0,32
13,360,21.600000,42.984000,0,0,102506359,996,0,996,-23,0,0,32
13,360,21.600000,42.984000,0,0,102506369,1003,0,1003,-24,0,0,32
13,360,21.600000,42.984000,0,0,102506381,1011,0,1011,-25,0,0,32
13,360,21.600000,42.984000,0,0,102506392,1020,0,1020,-26,0,0,32
13,360,21.600000,42.984000,0,0,102506402,1030,0,1030,-27,0,0,32
13,360,21.600000,42.984000,0,0,102506413,1042,0,1042,-28,0,0,32
13,360,21.600000,42.984000,0,0,102506423,1056,0,1056,-29,0,0,32
13,360,21.600000,42.984000,0,0,102506434,1068,0,1068,-31,0,0,32
13,360,21.600000,42.984000,0,0,102506444,1082,0,1082,-32,0,0,32
13,360,21.600000,42.984000,0,0,102506455,1092,0,1092,-32,0,0,32
13,360,21.600000,42.984000,0,0,102506465,1100,0,1100,-33,0,0,32
13,360,21.600000,42.984000,0,0,102506475,1104,0,1104,-33,0,0,32
13,360,21.600000,42.984000,0,0,102506486,1108,0,1108,-33,0,0,32
13,360,21.600000,42.984000,0,0,102506496,1111,0,1111,-33,0,0,32
13,360,21.600000,42.984000,0,0,102506507,1114,0,1114,-33,0,0,32
13,360,21.600000,42.984000,0,0,102506519,1116,0,1116,-33,0,0,32
13,360,21.600000,42.984000,0,0,102506530,1119,0,1119,-33,0,0,32
13,360,21.600000,42.984000,0,0,102506540,1122,0,1122,-33,0,0,32
13,360,21.600000,42.984000,0,0,102506550,1123,0,1123,-34,0,0,32
13,360,21.600000,42.984000,0,0,102506560,1123,0,1123,-34,0,0,32
13,360,21.600000,42.984000,0,0,102506570,1123,0,1123,-34,0,0,32
13,360,21.600000,42.984000,0,0,102506580,1123,0,1123,-34,0,0,32
13,360,21.600000,42.984000,0,0,102506591,1123,0,1123,-34,0,0,32
13,360,21.600000,42.984000,0,0,102506600,1123,0,1123,-34,0,0,32
13,360,21.600000,42.984000,0,0,102506611,1123,0,1123,-34,0,0,32
13,360,21.600000,42.984000,0,0,102506621,1123,0,1123,-34,0,0,32
13,360,21.600000,42.984000,0,0,102506631,1123,0,1123,-34,0,0,32
13,360,21.600000,42.984000,0,0,102506641,1123,0,1123,-34,0,0,32
13,360,21.600000,42.984000,0,0,102506651,1123,0,1123,-34,0,0,32
13,360,21.600000,42.984000,0,0,102506661,1123,0,1123,-34,0,0,32
13,360,21.600000,42.984000,0,0,102506672,1123,0,1123,-34,0,0,32
13,360,21.600000,42.984000,0,0,102506681,1123,0,1123,-34,0,0,32
13,360,21.600000,42.984000,0,0,102506691,1123,0,1123,-34,0,0,32
13,360,21.600000,42.984000,0,0,102506701,1123,0,1123,-34,0,0,32
13,360,21.600000,42.984000,0,0,102506711,1123,0,1123,-34,0,0,32
13,360,21.600000,42.984000,0,0,102506721,1123,0,1123,-34,0,0,32
13,360,21.600000,42.984000,0,0,102506731,1124,0,1124,-34,0,0,32
13,360,21.600000,42.984000,0,0,102506741,1126,0,1126,-34,0,0,32
13,360,21.600000,42.984000,0,0,102506753,1130,0,1130,-35,0,0,32
13,360,21.600000,42.984000,0,0,102506762,1134,0,1134,-35,0,0,32
13,360,21.600000,42.984000,0,0,102506772,1137,0,1137,-35,0,0,32
13,360,21.600000,42.984000,0,0,102506782,1139,0,1139,-35,0,0,32
13,360,21.600000,42.984000,0,0,102506793,1140,0,1140,-36,0,0,32
13,360,21.600000,42.984000,0,0,102506802,1140,0,1140,-36,0,0,32
13,360,21.600000,42.984000,0,0,102506812,1141,0,1141,-36,0,0,32
13,360,21.600000,42.984000,0,0,102506823,1142,0,1142,-36,0,0,32
13,360,21.600000,42.984000,0,0,102506833,1143,0,1143,-36,0,0,32
13,360,21.600000,42.984000,0,0,102506843,1143,0,1143,-36,0,0,32
13,360,21.600000,42.984000,0,0,102506853,1143,0,1143,-36,0,0,32
13,360,21.600000,42.984000,0,0,102506862,1143,0,1143,-36,0,0,32
13,360,21.600000,42.984000,0,0,102506872,1143,0,1143,-36,0,0,32
13,360,21.600000,42.984000,0,0,102506882,1143,0,1143,-36,0,0,32
13,360,21.600000,42.984000,0,0,102506892,1143,0,1143,-36,0,0,32
13,360,21.600000,42.984000,0,0,102506902,1143,0,1143,-36,0,0,32
13,360,21.600000,42.984000,0,0,102506912,1143,0,1143,-36,0,0,32
13,360,21.600000,42.984000,0,0,102506921,1143,0,1143,-36,0,0,32
13,360,21.600000,42.984000,0,0,102506932,1143,0,1143,-36,0,0,32
13,360,21.600000,42.984000,0,0,102506942,1143,0,1143,-36,0,0,32
13,360,21.600000,42.984000,0,0,102506951,1143,0,1143,-36,0,0,32
13,360,21.600000,42.984000,0,0,102506961,1143,0,1143,-36,0,0,32
13,360,21.600000,42.984000,0,0,102506972,1143,0,1143,-36,0,0,32
13,360,21.600000,42.984000,0,0,102506982,1143,0,1143,-36,0,0,32
13,360,21.600000,42.984000,0,0,102506991,1143,0,1143,-36,0,0,32
13,360,21.600000,42.984000,0,0,102507001,1143,0,1143,-36,0,0,32
13,360,21.600000,42.984000,0,0,102507011,1143,0,1143,-36,0,0,32
