13,720,21.600000,22.608000,0,0,102590371,600,0,600,0,0,0,82
13,720,21.600000,22.608000,0,0,102590372,600,0,600,0,0,0,82
13,720,21.600000,22.608000,0,0,102590381,600,0,600,0,0,0,82
13,720,21.600000,22.608000,0,0,102590391,600,0,600,0,0,0,82
13,720,21.600000,22.608000,0,0,102590400,600,0,600,0,0,0,82
13,720,21.600000,22.608000,0,0,102590411,600,0,600,0,0,0,82
13,720,21.600000,22.608000,0,0,102590420,600,0,600,0,0,0,82
13,720,21.600000,22.608000,0,0,102590430,600,0,600,0,0,0,82
13,720,21.600000,22.608000,0,0,102590440,600,0,600,0,0,0,82
13,720,21.600000,22.608000,0,0,102590459,600,0,600,0,0,0,82
13,720,21.600000,22.608000,0,0,102590470,606,0,606,0,0,0,82
13,720,21.600000,22.608000,0,0,102590483,612,0,612,-1,0,0,82
13,720,21.600000,22.608000,0,0,102590494,624,0,624,-3,0,0,82
13,720,21.600000,22.608000,0,0,102590505,638,0,638,-5,0,0,82
13,720,21.600000,22.608000,0,0,102590516,661,0,661,-10,0,0,82
13,720,21.600000,22.608000,0,0,102590526,684,0,684,-14,0,0,82
13,720,21.600000,22.608000,0,0,102590536,708,0,708,-19,0,0,82
13,720,21.600000,22.608000,0,0,102590547,730,0,730,-23,0,0,82
13,720,21.600000,22.608000,0,0,102590557,751,0,751,-27,0,0,82
13,720,21.600000,22.608000,0,0,102590568,770,0,770,-31,0,0,82
13,720,21.600000,22.608000,0,0,102590578,788,0,788,-34,0,0,82
13,720,21.600000,22.608000,0,0,102590589,808,0,808,-38,0,0,82
13,720,21.600000,22.608000,0,0,102590600,824,0,824,-41,0,0,82
13,720,21.600000,22.608000,0,0,102590610,843,0,843,-44,0,0,82
13,720,21.600000,22.608000,0,0,102590622,862,0,862,-47,0,0,82
13,720,21.600000,22.608000,0,0,102590633,878,0,878,-49,0,0,82
13,720,21.600000,22.608000,0,0,102590643,892,0,892,-50,0,0,82
13,720,21.600000,22.608000,0,0,102590654,905,0,905,-52,0,0,82
13,720,21.600000,22.608000,0,0,102590664,921,0,921,-54,0,0,82
13,720,21.600000,22.608000,0,0,102590674,935,0,935,-55,0,0,82
13,720,21.600000,22.608000,0,0,102590684,953,0,953,-58,0,0,82
13,720,21.600000,22.608000,0,0,102590697,974,0,974,-61,0,0,82
13,720,21.600000,22.608000,0,0,102590707,1005,0,1005,-65,0,0,82
13,720,21.600000,22.608000,0,0,102590725,1033,0,1033,-69,0,0,82
13,720,21.600000,22.608000,0,0,102590738,1081,0,1081,-75,0,0,82
13,720,21.600000,22.608000,0,0,102590749,1110,0,1110,-78,0,0,82
13,720,21.600000,22.608000,0,0,102590760,1128,0,1128,-80,0,0,82
13,720,21.600000,22.608000,0,0,102590771,1143,0,1143,-82,0,0,82
13,720,21.600000,22.608000,0,0,102590781,1151,0,1151,-84,0,0,82
13,720,21.600000,22.608000,0,0,102590792,1158,0,1158,-85,0,0,82
13,720,21.600000,22.608000,0,0,102590803,1163,0,1163,-86,0,0,82
13,720,21.600000,22.608000,0,0,102590814,1168,0,1168,-86,0,0,82
13,720,21.600000,22.608000,0,0,102590824,1173,0,1173,-87,0,0,82
13,720,21.600000,22.608000,0,0,102590835,1177,0,1177,-88,0,0,82
13,720,21.600000,22.608000,0,0,102590846,1183,0,1183,-89,0,0,82
13,720,21.600000,22.608000,0,0,102590857,1190,0,1190,-90,0,0,82
13,720,21.600000,22.608000,0,0,102590867,1198,0,1198,-91,0,0,82
13,720,21.600000,22.608000,0,0,102590878,1205,0,1205,-91,0,0,82
13,720,21.600000,22.608000,0,0,102590897,1211,0,1211,-92,0,0,82
13,720,21.600000,22.608000,0,0,102590908,1220,0,1220,-94,0,0,82
13,720,21.600000,22.608000,0,0,102590920,1224,0,1224,-94,0,0,82
13,720,21.600000,22.608000,0,0,102590931,1227,0,1227,-95,0,0,82
13,720,21.600000,22.608000,0,0,102590941,1230,0,1230,-96,0,0,82
13,720,21.600000,22.608000,0,0,102590951,1233,0,1233,-97,0,0,82
13,720,21.600000,22.608000,0,0,102590962,1235,0,1235,-97,0,0,82
13,720,21.600000,22.608000,0,0,102590972,1238,0,1238,-98,0,0,82
13,720,21.600000,22.608000,0,0,102590992,1241,0,1241,-98,0,0,82
13,720,21.600000,22.608000,0,0,102591002,1249,0,1249,-100,0,0,82
13,720,21.600000,22.608000,0,0,102591013,1253,0,1253,-101,0,0,82
13,720,21.600000,22.608000,0,0,102591023,1258,0,1258,-102,0,0,82
13,720,21.600000,22.608000,0,0,102591034,1260,0,1260,-102,0,0,82
13,720,21.600000,22.608000,0,0,102591043,1263,0,1263,-104,0,0,82
13,720,21.600000,22.608000,0,0,102591054,1266,0,1266,-106,0,0,82
13,720,21.600000,22.608000,0,0,102591063,1266,0,1266,-106,0,0,82
13,720,21.600000,22.608000,0,0,102591073,1266,0,1266,-106,0,0,82
13,720,21.600000,22.608000,0,0,102591082,1266,0,1266,-106,0,0,82
13,720,21.600000,22.608000,0,0,102591092,1266,0,1266,-106,0,0,82
13,720,21.600000,22.608000,0,0,102591102,1266,0,1266,-106,0,0,82
13,720,21.600000,22.608000,0,0,102591114,1266,0,1266,-106,0,0,82
13,720,21.600000,22.608000,0,0,102591124,1267,0,1267,-106,0,0,82
13,720,21.600000,22.608000,0,0,102591135,1270,0,1270,-107,0,0,82
13,720,21.600000,22.608000,0,0,102591145,1272,0,1272,-108,0,0,82
13,720,21.600000,22.608000,0,0,102591155,1274,0,1274,-109,0,0,82
13,720,21.600000,22.608000,0,0,102591165,1277,0,1277,-110,0,0,82
13,720,21.600000,22.608000,0,0,102591175,1280,0,1280,-111,0,0,82
13,720,21.600000,22.608000,0,0,102591186,1283,0,1283,-112,0,0,82
13,720,21.600000,22.608000,0,0,102591196,1287,0,1287,-113,0,0,82
13,720,21.600000,22.608000,0,0,102591206,1291,0,1291,-114,0,0,82
13,720,21.600000,22.608000,0,0,102591217,1293,0,1293,-115,0,0,82
13,720,21.600000,22.608000,0,0,102591227,1295,0,1295,-115,0,0,82
13,720,21.600000,22.608000,0,0,102591237,1296,0,1296,-116,0,0,82
13,720,21.600000,22.608000,0,0,102591247,1296,0,1296,-116,0,0,82
13,720,21.600000,22.608000,0,0,102591257,1296,0,1296,-116,0,0,82
13,720,21.600000,22.608000,0,0,102591267,1296,0,1296,-116,0,0,82
13,720,21.600000,22.608000,0,0,102591277,1296,0,1296,-116,0,0,82
13,720,21.600000,22.608000,0,0,102591287,1296,0,1296,-116,0,0,82
13,720,21.600000,22.608000,0,0,102591297,1297,0,1297,-116,0,0,82
13,720,21.600000,22.608000,0,0,102591307,1298,0,1298,-116,0,0,82
13,720,21.600000,22.608000,0,0,102591324,1299,0,1299,-117,0,0,82
13,720,21.600000,22.608000,0,0,102591336,1303,0,1303,-119,0,0,82
13,720,21.600000,22.608000,0,0,102591355,1307,0,1307,-120,0,0,82
13,720,21.600000,22.608000,0,0,102591366,1312,0,1312,-122,0,0,82
13,720,21.600000,22.608000,0,0,102591375,1313,0,1313,-122,0,0,82
13,720,21.600000,22.608000,0,0,102591385,1313,0,1313,-122,0,0,82
13,720,21.600000,22.608000,0,0,102591395,1313,0,1313,-122,0,0,82
13,720,21.600000,22.608000,0,0,102591404,1313,0,1313,-122,0,0,82
13,720,21.600000,22.608000,0,0,102591414,1313,0,1313,-122,0,0,82
13,720,21.600000,22.608000,0,0,102591423,1313,0,1313,-122,0,0,82
13,720,21.600000,22.608000,0,0,102591433,1313,0,1313,-122,0,0,82
13,720,21.600000,22.608000,0,0,102591443,1313,0,1313,-122,0,0,82
13,720,21.600000,22.608000,0,0,102591452,1313,0,1313,-122,0,0,82
13,720,21.600000,22.608000,0,0,102591462,1313,0,1313,-122,0,0,82
13,720,21.600000,22.608000,0,0,102591472,1313,0,1313,-122,0,0,82
13,720,21.600000,22.608000,0,0,102591482,1313,0,1313,-122,0,0,82
13,720,21.600000,22.608000,0,0,102591492,1314,0,1314,-122,0,0,82
13,720,21.600000,22.608000,0,0,102591501,1314,0,1314,-122,0,0,82
13,720,21.600000,22.608000,0,0,102591510,1314,0,1314,-122,0,0,82
13,720,21.600000,22.608000,0,0,102591520,1314,0,1314,-122,0,0,82
13,720,21.600000,22.608000,0,0,102591530,1314,0,1314,-123,0,0,82
13,720,21.600000,22.608000,0,0,102591539,1314,0,1314,-123,0,0,82
13,720,21.600000,22.608000,0,0,102591549,1314,0,1314,-123,0,0,82
13,720,21.600000,22.608000,0,0,102591559,1314,0,1314,-123,0,0,82
13,720,21.600000,22.608000,0,0,102591568,1314,0,1314,-123,0,0,82
