13,720,82.800000,42.984000,0,1,102512961,600,22,600,22,0,0,36
13,720,82.800000,42.984000,0,1,102512961,600,22,600,22,0,0,36
13,720,82.800000,42.984000,0,1,102512971,600,22,600,22,0,0,36
13,720,82.800000,42.984000,0,1,102512981,600,22,600,22,0,0,36
13,720,82.800000,42.984000,0,1,102512992,600,22,600,22,0,0,36
13,720,82.800000,42.984000,0,1,102513001,600,22,600,22,0,0,36
13,720,82.800000,42.984000,0,1,102513011,600,22,600,22,0,0,36
13,720,82.800000,42.984000,0,1,102513021,601,22,601,22,0,0,36
13,720,82.800000,42.984000,0,1,102513031,601,22,601,22,0,0,36
13,720,82.800000,42.984000,0,1,102513041,603,22,603,22,0,0,36
13,720,82.800000,42.984000,0,1,102513052,605,21,605,21,0,0,36
13,720,82.800000,42.984000,0,1,102513063,609,21,609,21,0,0,36
13,720,82.800000,42.984000,0,1,102513074,617,19,617,19,0,0,36
13,720,82.800000,42.984000,0,1,102513086,630,17,630,17,0,0,36
13,720,82.800000,42.984000,0,1,102513097,651,13,651,13,0,0,36
13,720,82.800000,42.984000,0,1,102513108,677,10,677,10,0,0,36
13,720,82.800000,42.984000,0,1,102513118,705,8,705,8,0,0,36
13,720,82.800000,42.984000,0,1,102513129,736,5,736,5,0,0,36
13,720,82.800000,42.984000,0,1,102513140,764,2,764,2,0,0,36
13,720,82.800000,42.984000,0,1,102513151,791,0,791,0,0,0,36
13,720,82.800000,42.984000,0,1,102513163,816,0,816,-2,0,0,36
13,720,82.800000,42.984000,0,1,102513172,843,0,843,-5,0,0,36
13,720,82.800000,42.984000,0,1,102513183,863,0,863,-6,0,0,36
13,720,82.800000,42.984000,0,1,102513194,884,0,884,-8,0,0,36
13,720,82.800000,42.984000,0,1,102513204,908,0,908,-10,0,0,36
13,720,82.800000,42.984000,0,1,102513215,933,0,933,-11,0,0,36
13,720,82.800000,42.984000,0,1,102513226,960,0,960,-13,0,0,36
13,720,82.800000,42.984000,0,1,102513238,990,0,990,-15,0,0,36
13,720,82.800000,42.984000,0,1,102513249,1021,0,1021,-17,0,0,36
13,720,82.800000,42.984000,0,1,102513260,1048,0,1048,-18,0,0,36
13,720,82.800000,42.984000,0,1,102513271,1076,0,1076,-21,0,0,36
13,720,82.800000,42.984000,0,1,102513282,1099,0,1099,-22,0,0,36
13,720,82.800000,42.984000,0,1,102513292,1119,0,1119,-23,0,0,36
13,720,82.800000,42.984000,0,1,102513303,1132,0,1132,-25,0,0,36
13,720,82.800000,42.984000,0,1,102513314,1143,0,1143,-25,0,0,36
13,720,82.800000,42.984000,0,1,102513325,1151,0,1151,-26,0,0,36
13,720,82.800000,42.984000,0,1,102513336,1156,0,1156,-27,0,0,36
13,720,82.800000,42.984000,0,1,102513347,1160,0,1160,-27,0,0,36
13,720,82.800000,42.984000,0,1,102513358,1165,0,1165,-28,0,0,36
13,720,82.800000,42.984000,0,1,102513369,1171,0,1171,-29,0,0,36
13,720,82.800000,42.984000,0,1,102513379,1177,0,1177,-30,0,0,36
13,720,82.800000,42.984000,0,1,102513390,1183,0,1183,-31,0,0,36
13,720,82.800000,42.984000,0,1,102513401,1190,0,1190,-33,0,0,36
13,720,82.800000,42.984000,0,1,102513411,1196,0,1196,-34,0,0,36
13,720,82.800000,42.984000,0,1,102513431,1202,0,1202,-35,0,0,36
13,720,82.800000,42.984000,0,1,102513442,1214,0,1214,-37,0,0,36
13,720,82.800000,42.984000,0,1,102513454,1219,0,1219,-37,0,0,36
13,720,82.800000,42.984000,0,1,102513464,1222,0,1222,-38,0,0,36
13,720,82.800000,42.984000,0,1,102513474,1225,0,1225,-38,0,0,36
13,720,82.800000,42.984000,0,1,102513484,1226,0,1226,-38,0,0,36
13,720,82.800000,42.984000,0,1,102513494,1228,0,1228,-39,0,0,36
13,720,82.800000,42.984000,0,1,102513506,1233,0,1233,-39,0,0,36
13,720,82.800000,42.984000,0,1,102513525,1241,0,1241,-41,0,0,36
13,720,82.800000,42.984000,0,1,102513536,1259,0,1259,-43,0,0,36
13,720,82.800000,42.984000,0,1,102513548,1266,0,1266,-44,0,0,36
13,720,82.800000,42.984000,0,1,102513558,1270,0,1270,-44,0,0,36
13,720,82.800000,42.984000,0,1,102513568,1271,0,1271,-45,0,0,36
13,720,82.800000,42.984000,0,1,102513578,1271,0,1271,-45,0,0,36
13,720,82.800000,42.984000,0,1,102513587,1271,0,1271,-45,0,0,36
13,720,82.800000,42.984000,0,1,102513597,1271,0,1271,-45,0,0,36
13,720,82.800000,42.984000,0,1,102513607,1271,0,1271,-45,0,0,36
13,720,82.800000,42.984000,0,1,102513616,1271,0,1271,-45,0,0,36
13,720,82.800000,42.984000,0,1,102513626,1271,0,1271,-45,0,0,36
13,720,82.800000,42.984000,0,1,102513636,1271,0,1271,-45,0,0,36
13,720,82.800000,42.984000,0,1,102513645,1271,0,1271,-45,0,0,36
13,720,82.800000,42.984000,0,1,102513655,1271,0,1271,-45,0,0,36
13,720,82.800000,42.984000,0,1,102513664,1271,0,1271,-45,0,0,36
13,720,82.800000,42.984000,0,1,102513674,1271,0,1271,-45,0,0,36
13,720,82.800000,42.984000,0,1,102513684,1272,0,1272,-45,0,0,36
13,720,82.800000,42.984000,0,1,102513695,1274,0,1274,-45,0,0,36
13,720,82.800000,42.984000,0,1,102513706,1276,0,1276,-45,0,0,36
13,720,82.800000,42.984000,0,1,102513716,1279,0,1279,-46,0,0,36
13,720,82.800000,42.984000,0,1,102513727,1283,0,1283,-46,0,0,36
13,720,82.800000,42.984000,0,1,102513738,1289,0,1289,-47,0,0,36
13,720,82.800000,42.984000,0,1,102513748,1295,0,1295,-48,0,0,36
13,720,82.800000,42.984000,0,1,102513758,1303,0,1303,-49,0,0,36
13,720,82.800000,42.984000,0,1,102513768,1310,0,1310,-50,0,0,36
13,720,82.800000,42.984000,0,1,102513779,1316,0,1316,-52,0,0,36
13,720,82.800000,42.984000,0,1,102513789,1321,0,1321,-53,0,0,36
13,720,82.800000,42.984000,0,1,102513799,1324,0,1324,-53,0,0,36
13,720,82.800000,42.984000,0,1,102513809,1324,0,1324,-53,0,0,36
13,720,82.800000,42.984000,0,1,102513819,1324,0,1324,-53,0,0,36
13,720,82.800000,42.984000,0,1,102513828,1324,0,1324,-53,0,0,36
13,720,82.800000,42.984000,0,1,102513838,1324,0,1324,-53,0,0,36
13,720,82.800000,42.984000,0,1,102513848,1324,0,1324,-53,0,0,36
13,720,82.800000,42.984000,0,1,102513857,1324,0,1324,-53,0,0,36
13,720,82.800000,42.984000,0,1,102513867,1324,0,1324,-53,0,0,36
13,720,82.800000,42.984000,0,1,102513877,1324,0,1324,-53,0,0,36
13,720,82.800000,42.984000,0,1,102513886,1324,0,1324,-53,0,0,36
