13,360,50.400000,0.000000,0,0,102631334,780,0,780,0,0,0,103
13,360,50.400000,0.000000,0,0,102631335,780,0,780,0,0,0,103
13,360,50.400000,0.000000,0,0,102631346,783,0,783,0,0,0,103
13,360,50.400000,0.000000,0,0,102631356,790,0,790,-2,0,0,103
13,360,50.400000,0.000000,0,0,102631368,799,0,799,-3,0,0,103
13,360,50.400000,0.000000,0,0,102631378,815,0,815,-6,0,0,103
13,360,50.400000,0.000000,0,0,102631389,831,0,831,-8,0,0,103
13,360,50.400000,0.000000,0,0,102631399,846,0,846,-10,0,0,103
13,360,50.400000,0.000000,0,0,102631411,860,0,860,-12,0,0,103
13,360,50.400000,0.000000,0,0,102631421,874,0,874,-14,0,0,103
13,360,50.400000,0.000000,0,0,102631433,885,0,885,-16,0,0,103
13,360,50.400000,0.000000,0,0,102631444,898,0,898,-18,0,0,103
13,360,50.400000,0.000000,0,0,102631455,915,0,915,-20,0,0,103
13,360,50.400000,0.000000,0,0,102631466,932,0,932,-22,0,0,103
13,360,50.400000,0.000000,0,0,102631477,949,0,949,-24,0,0,103
13,360,50.400000,0.000000,0,0,102631488,965,0,965,-26,0,0,103
13,360,50.400000,0.000000,0,0,102631499,978,0,978,-28,0,0,103
13,360,50.400000,0.000000,0,0,102631509,991,0,991,-30,0,0,103
13,360,50.400000,0.000000,0,0,102631520,1004,0,1004,-31,0,0,103
13,360,50.400000,0.000000,0,0,102631530,1015,0,1015,-32,0,0,103
13,360,50.400000,0.000000,0,0,102631541,1027,0,1027,-33,0,0,103
13,360,50.400000,0.000000,0,0,102631551,1036,0,1036,-34,0,0,103
13,360,50.400000,0.000000,0,0,102631561,1043,0,1043,-35,0,0,103
13,360,50.400000,0.000000,0,0,102631572,1048,0,1048,-36,0,0,103
13,360,50.400000,0.000000,0,0,102631582,1051,0,1051,-37,0,0,103
13,360,50.400000,0.000000,0,0,102631591,1054,0,1054,-38,0,0,103
13,360,50.400000,0.000000,0,0,102631602,1055,0,1055,-38,0,0,103
13,360,50.400000,0.000000,0,0,102631612,1056,0,1056,-38,0,0,103
13,360,50.400000,0.000000,0,0,102631621,1056,0,1056,-38,0,0,103
13,360,50.400000,0.000000,0,0,102631632,1056,0,1056,-38,0,0,103
13,360,50.400000,0.000000,0,0,102631641,1056,0,1056,-38,0,0,103
13,360,50.400000,0.000000,0,0,102631650,1056,0,1056,-38,0,0,103
13,360,50.400000,0.000000,0,0,102631660,1056,0,1056,-38,0,0,103
13,360,50.400000,0.000000,0,0,102631669,1056,0,1056,-38,0,0,103
13,360,50.400000,0.000000,0,0,102631680,1057,0,1057,-38,0,0,103
13,360,50.400000,0.000000,0,0,102631690,1060,0,1060,-39,0,0,103
13,360,50.400000,0.000000,0,0,102631702,1064,0,1064,-40,0,0,103
13,360,50.400000,0.000000,0,0,102631714,1071,0,1071,-42,0,0,103
13,360,50.400000,0.000000,0,0,102631723,1079,0,1079,-44,0,0,103
13,360,50.400000,0.000000,0,0,102631742,1088,0,1088,-46,0,0,103
13,360,50.400000,0.000000,0,0,102631753,1099,0,1099,-49,0,0,103
13,360,50.400000,0.000000,0,0,102631763,1101,0,1101,-49,0,0,103
13,360,50.400000,0.000000,0,0,102631772,1101,0,1101,-49,0,0,103
13,360,50.400000,0.000000,0,0,102631781,1101,0,1101,-49,0,0,103
13,360,50.400000,0.000000,0,0,102631791,1101,0,1101,-49,0,0,103
13,360,50.400000,0.000000,0,0,102631800,1101,0,1101,-49,0,0,103
13,360,50.400000,0.000000,0,0,102631810,1101,0,1101,-49,0,0,103
13,360,50.400000,0.000000,0,0,102631821,1101,0,1101,-49,0,0,103
13,360,50.400000,0.000000,0,0,102631831,1101,0,1101,-49,0,0,103
13,360,50.400000,0.000000,0,0,102631841,1101,0,1101,-49,0,0,103
13,360,50.400000,0.000000,0,0,102631851,1101,0,1101,-49,0,0,103
13,360,50.400000,0.000000,0,0,102631860,1101,0,1101,-49,0,0,103
13,360,50.400000,0.000000,0,0,102631870,1101,0,1101,-49,0,0,103
13,360,50.400000,0.000000,0,0,102631880,1101,0,1101,-50,0,0,103
13,360,50.400000,0.000000,0,0,102631899,1102,0,1102,-50,0,0,103
13,360,50.400000,0.000000,0,0,102631908,1103,0,1103,-50,0,0,103
13,360,50.400000,0.000000,0,0,102631919,1103,0,1103,-51,0,0,103
13,360,50.400000,0.000000,0,0,102631930,1104,0,1104,-51,0,0,103
13,360,50.400000,0.000000,0,0,102631940,1106,0,1106,-51,0,0,103
13,360,50.400000,0.000000,0,0,102631950,1108,0,1108,-52,0,0,103
13,360,50.400000,0.000000,0,0,102631961,1110,0,1110,-52,0,0,103
13,360,50.400000,0.000000,0,0,102631971,1111,0,1111,-53,0,0,103
13,360,50.400000,0.000000,0,0,102631981,1113,0,1113,-54,0,0,103
13,360,50.400000,0.000000,0,0,102631991,1115,0,1115,-55,0,0,103
13,360,50.400000,0.000000,0,0,102632008,1115,0,1115,-55,0,0,103
13,360,50.400000,0.000000,0,0,102632018,1116,0,1116,-55,0,0,103
13,360,50.400000,0.000000,0,0,102632028,1118,0,1118,-56,0,0,103
13,360,50.400000,0.000000,0,0,102632039,1119,0,1119,-56,0,0,103
13,360,50.400000,0.000000,0,0,102632049,1122,0,1122,-57,0,0,103
13,360,50.400000,0.000000,0,0,102632059,1125,0,1125,-58,0,0,103
13,360,50.400000,0.000000,0,0,102632070,1128,0,1128,-60,0,0,103
13,360,50.400000,0.000000,0,0,102632079,1131,0,1131,-61,0,0,103
13,360,50.400000,0.000000,0,0,102632089,1133,0,1133,-62,0,0,103
13,360,50.400000,0.000000,0,0,102632099,1134,0,1134,-63,0,0,103
13,360,50.400000,0.000000,0,0,102632108,1135,0,1135,-64,0,0,103
13,360,50.400000,0.000000,0,0,102632118,1135,0,1135,-64,0,0,103
13,360,50.400000,0.000000,0,0,102632127,1135,0,1135,-64,0,0,103
13,360,50.400000,0.000000,0,0,102632137,1135,0,1135,-64,0,0,103
13,360,50.400000,0.000000,0,0,102632147,1135,0,1135,-64,0,0,103
13,360,50.400000,0.000000,0,0,102632156,1135,0,1135,-64,0,0,103
13,360,50.400000,0.000000,0,0,102632166,1135,0,1135,-64,0,0,103
13,360,50.400000,0.000000,0,0,102632175,1135,0,1135,-64,0,0,103
13,360,50.400000,0.000000,0,0,102632185,1135,0,1135,-64,0,0,103
13,360,50.400000,0.000000,0,0,102632195,1135,0,1135,-64,0,0,103
13,360,50.400000,0.000000,0,0,102632203,1135,0,1135,-64,0,0,103
