13,720,82.800000,0.000000,1,0,102531980,600,0,600,0,0,0,46
13,720,82.800000,0.000000,1,0,102531981,600,0,600,0,0,0,46
13,720,82.800000,0.000000,1,0,102531990,600,0,600,0,0,0,46
13,720,82.800000,0.000000,1,0,102532000,600,0,600,0,0,0,46
13,720,82.800000,0.000000,1,0,102532010,600,0,600,0,0,0,46
13,720,82.800000,0.000000,1,0,102532019,600,0,600,0,0,0,46
13,720,82.800000,0.000000,1,0,102532029,600,0,600,0,0,0,46
13,720,82.800000,0.000000,1,0,102532039,600,0,600,0,0,0,46
13,720,82.800000,0.000000,1,0,102532048,600,0,600,0,0,0,46
13,720,82.800000,0.000000,1,0,102532058,600,0,600,0,0,0,46
13,720,82.800000,0.000000,1,0,102532068,600,0,600,0,0,0,46
13,720,82.800000,0.000000,1,0,102532078,600,0,600,0,0,0,46
13,720,82.800000,0.000000,1,0,102532088,601,0,601,0,0,0,46
13,720,82.800000,0.000000,1,0,102532099,603,0,603,0,0,0,46
13,720,82.800000,0.000000,1,0,102532110,608,0,608,0,0,0,46
13,720,82.800000,0.000000,1,0,102532120,616,0,616,0,0,0,46
13,720,82.800000,0.000000,1,0,102532131,626,0,626,0,0,0,46
13,720,82.800000,0.000000,1,0,102532141,640,0,640,-1,0,0,46
13,720,82.800000,0.000000,1,0,102532151,658,0,658,-2,0,0,46
13,720,82.800000,0.000000,1,0,102532162,682,0,682,-4,0,0,46
13,720,82.800000,0.000000,1,0,102532173,708,0,708,-5,0,0,46
13,720,82.800000,0.000000,1,0,102532183,733,0,733,-7,0,0,46
13,720,82.800000,0.000000,1,0,102532194,760,0,760,-8,0,0,46
13,720,82.800000,0.000000,1,0,102532205,783,0,783,-10,0,0,46
13,720,82.800000,0.000000,1,0,102532215,801,0,801,-11,0,0,46
13,720,82.800000,0.000000,1,0,102532226,815,0,815,-12,0,0,46
13,720,82.800000,0.000000,1,0,102532237,832,0,832,-14,0,0,46
13,720,82.800000,0.000000,1,0,102532247,850,0,850,-15,0,0,46
13,720,82.800000,0.000000,1,0,102532258,871,0,871,-16,0,0,46
13,720,82.800000,0.000000,1,0,102532270,894,0,894,-18,0,0,46
13,720,82.800000,0.000000,1,0,102532281,928,0,928,-21,0,0,46
13,720,82.800000,0.000000,1,0,102532291,957,0,957,-23,0,0,46
13,720,82.800000,0.000000,1,0,102532302,986,0,986,-25,0,0,46
13,720,82.800000,0.000000,1,0,102532313,1019,0,1019,-27,0,0,46
13,720,82.800000,0.000000,1,0,102532324,1049,0,1049,-29,0,0,46
13,720,82.800000,0.000000,1,0,102532335,1079,0,1079,-32,0,0,46
13,720,82.800000,0.000000,1,0,102532345,1104,0,1104,-34,0,0,46
13,720,82.800000,0.000000,1,0,102532356,1125,0,1125,-37,0,0,46
13,720,82.800000,0.000000,1,0,102532367,1140,0,1140,-39,0,0,46
13,720,82.800000,0.000000,1,0,102532377,1157,0,1157,-42,0,0,46
13,720,82.800000,0.000000,1,0,102532387,1172,0,1172,-44,0,0,46
13,720,82.800000,0.000000,1,0,102532398,1189,0,1189,-47,0,0,46
13,720,82.800000,0.000000,1,0,102532409,1205,0,1205,-50,0,0,46
13,720,82.800000,0.000000,1,0,102532419,1215,0,1215,-52,0,0,46
13,720,82.800000,0.000000,1,0,102532429,1221,0,1221,-53,0,0,46
13,720,82.800000,0.000000,1,0,102532439,1222,0,1222,-54,0,0,46
13,720,82.800000,0.000000,1,0,102532450,1222,0,1222,-54,0,0,46
13,720,82.800000,0.000000,1,0,102532460,1222,0,1222,-54,0,0,46
13,720,82.800000,0.000000,1,0,102532470,1222,0,1222,-54,0,0,46
13,720,82.800000,0.000000,1,0,102532480,1222,0,1222,-54,0,0,46
13,720,82.800000,0.000000,1,0,102532489,1222,0,1222,-54,0,0,46
13,720,82.800000,0.000000,1,0,102532499,1222,0,1222,-54,0,0,46
13,720,82.800000,0.000000,1,0,102532509,1222,0,1222,-54,0,0,46
13,720,82.800000,0.000000,1,0,102532519,1222,0,1222,-54,0,0,46
13,720,82.800000,0.000000,1,0,102532529,1222,0,1222,-54,0,0,46
13,720,82.800000,0.000000,1,0,102532539,1222,0,1222,-54,0,0,46
13,720,82.800000,0.000000,1,0,102532549,1222,0,1222,-54,0,0,46
13,720,82.800000,0.000000,1,0,102532558,1222,0,1222,-54,0,0,46
13,720,82.800000,0.000000,1,0,102532568,1222,0,1222,-54,0,0,46
13,720,82.800000,0.000000,1,0,102532577,1222,0,1222,-54,0,0,46
13,720,82.800000,0.000000,1,0,102532587,1222,0,1222,-54,0,0,46
13,720,82.800000,0.000000,1,0,102532597,1222,0,1222,-54,0,0,46
13,720,82.800000,0.000000,1,0,102532607,1222,0,1222,-54,0,0,46
13,720,82.800000,0.000000,1,0,102532617,1222,0,1222,-54,0,0,46
13,720,82.800000,0.000000,1,0,102532627,1222,0,1222,-54,0,0,46
13,720,82.800000,0.000000,1,0,102532636,1222,0,1222,-54,0,0,46
13,720,82.800000,0.000000,1,0,102532646,1222,0,1222,-54,0,0,46
13,720,82.800000,0.000000,1,0,102532655,1222,0,1222,-54,0,0,46
13,720,82.800000,0.000000,1,0,102532665,1222,0,1222,-54,0,0,46
13,720,82.800000,0.000000,1,0,102532675,1222,0,1222,-54,0,0,46
13,720,82.800000,0.000000,1,0,102532684,1222,0,1222,-54,0,0,46
13,720,82.800000,0.000000,1,0,102532694,1222,0,1222,-54,0,0,46
13,720,82.800000,0.000000,1,0,102532704,1224,0,1224,-54,0,0,46
13,720,82.800000,0.000000,1,0,102532715,1228,0,1228,-55,0,0,46
13,720,82.800000,0.000000,1,0,102532726,1235,0,1235,-56,0,0,46
13,720,82.800000,0.000000,1,0,102532737,1243,0,1243,-57,0,0,46
13,720,82.800000,0.000000,1,0,102532747,1254,0,1254,-60,0,0,46
13,720,82.800000,0.000000,1,0,102532758,1264,0,1264,-61,0,0,46
13,720,82.800000,0.000000,1,0,102532768,1271,0,1271,-63,0,0,46
13,720,82.800000,0.000000,1,0,102532778,1279,0,1279,-64,0,0,46
13,720,82.800000,0.000000,1,0,102532789,1286,0,1286,-66,0,0,46
13,720,82.800000,0.000000,1,0,102532799,1291,0,1291,-67,0,0,46
13,720,82.800000,0.000000,1,0,102532810,1297,0,1297,-68,0,0,46
13,720,82.800000,0.000000,1,0,102532820,1302,0,1302,-70,0,0,46
13,720,82.800000,0.000000,1,0,102532831,1307,0,1307,-71,0,0,46
13,720,82.800000,0.000000,1,0,102532842,1311,0,1311,-71,0,0,46
13,720,82.800000,0.000000,1,0,102532852,1314,0,1314,-72,0,0,46
13,720,82.800000,0.000000,1,0,102532862,1315,0,1315,-72,0,0,46
13,720,82.800000,0.000000,1,0,102532872,1316,0,1316,-73,0,0,46
13,720,82.800000,0.000000,1,0,102532881,1317,0,1317,-73,0,0,46
13,720,82.800000,0.000000,1,0,102532891,1317,0,1317,-73,0,0,46
13,720,82.800000,0.000000,1,0,102532901,1317,0,1317,-73,0,0,46
13,720,82.800000,0.000000,1,0,102532911,1317,0,1317,-73,0,0,46
13,720,82.800000,0.000000,1,0,102532921,1317,0,1317,-73,0,0,46
13,720,82.800000,0.000000,1,0,102532930,1317,0,1317,-73,0,0,46
