13,360,82.800000,42.984000,1,1,102696869,780,22,780,22,0,1,20
13,360,82.800000,42.984000,1,1,102696870,780,22,780,22,0,1,20
13,360,82.800000,42.984000,1,1,102696880,781,22,781,22,0,1,20
13,360,82.800000,42.984000,1,1,102696890,781,22,781,22,0,1,20
13,360,82.800000,42.984000,1,1,102696900,782,22,782,22,0,1,20
13,360,82.800000,42.984000,1,1,102696912,785,22,785,22,0,1,20
13,360,82.800000,42.984000,1,1,102696923,789,21,789,21,0,1,20
13,360,82.800000,42.984000,1,1,102696936,794,20,794,20,0,1,20
13,360,82.800000,42.984000,1,1,102696946,803,18,803,18,0,1,20
13,360,82.800000,42.984000,1,1,102696957,818,16,818,16,0,1,20
13,360,82.800000,42.984000,1,1,102696968,834,13,834,13,0,1,20
13,360,82.800000,42.984000,1,1,102696978,851,10,851,10,0,1,20
13,360,82.800000,42.984000,1,1,102696989,872,7,872,7,0,1,20
13,360,82.800000,42.984000,1,1,102697000,893,4,893,4,0,1,20
13,360,82.800000,42.984000,1,1,102697020,908,2,908,2,0,1,20
13,360,82.800000,42.984000,1,1,102697031,938,0,938,-3,0,1,20
13,360,82.800000,42.984000,1,1,102697041,952,0,952,-5,0,1,20
13,360,82.800000,42.984000,1,1,102697053,964,0,964,-7,0,1,20
13,360,82.800000,42.984000,1,1,102697063,979,0,979,-9,0,1,20
13,360,82.800000,42.984000,1,1,102697083,991,0,991,-11,0,1,20
13,360,82.800000,42.984000,1,1,102697094,1019,0,1019,-14,0,1,20
13,360,82.800000,42.984000,1,1,102697105,1033,0,1033,-16,0,1,20
13,360,82.800000,42.984000,1,1,102697116,1048,0,1048,-18,0,1,20
13,360,82.800000,42.984000,1,1,102697127,1063,0,1063,-21,0,1,20
13,360,82.800000,42.984000,1,1,102697137,1077,0,1077,-22,0,1,20
13,360,82.800000,42.984000,1,1,102697148,1091,0,1091,-23,0,1,20
13,360,82.800000,42.984000,1,1,102697160,1102,0,1102,-24,0,1,20
13,360,82.800000,42.984000,1,1,102697170,1114,0,1114,-26,0,1,20
13,360,82.800000,42.984000,1,1,102697181,1123,0,1123,-27,0,1,20
13,360,82.800000,42.984000,1,1,102697192,1130,0,1130,-28,0,1,20
13,360,82.800000,42.984000,1,1,102697202,1136,0,1136,-28,0,1,20
13,360,82.800000,42.984000,1,1,102697213,1142,0,1142,-28,0,1,20
13,360,82.800000,42.984000,1,1,102697224,1146,0,1146,-28,0,1,20
13,360,82.800000,42.984000,1,1,102697235,1150,0,1150,-28,0,1,20
13,360,82.800000,42.984000,1,1,102697245,1153,0,1153,-28,0,1,20
13,360,82.800000,42.984000,1,1,102697255,1155,0,1155,-28,0,1,20
13,360,82.800000,42.984000,1,1,102697266,1155,0,1155,-28,0,1,20
13,360,82.800000,42.984000,1,1,102697276,1155,0,1155,-29,0,1,20
13,360,82.800000,42.984000,1,1,102697287,1155,0,1155,-29,0,1,20
13,360,82.800000,42.984000,1,1,102697297,1155,0,1155,-29,0,1,20
13,360,82.800000,42.984000,1,1,102697307,1155,0,1155,-29,0,1,20
13,360,82.800000,42.984000,1,1,102697317,1155,0,1155,-29,0,1,20
13,360,82.800000,42.984000,1,1,102697328,1155,0,1155,-29,0,1,20
13,360,82.800000,42.984000,1,1,102697338,1155,0,1155,-29,0,1,20
13,360,82.800000,42.984000,1,1,102697348,1155,0,1155,-29,0,1,20
13,360,82.800000,42.984000,1,1,102697367,1155,0,1155,-29,0,1,20
13,360,82.800000,42.984000,1,1,102697378,1155,0,1155,-29,0,1,20
13,360,82.800000,42.984000,1,1,102697390,1155,0,1155,-29,0,1,20
13,360,82.800000,42.984000,1,1,102697401,1155,0,1155,-29,0,1,20
13,360,82.800000,42.984000,1,1,102697411,1155,0,1155,-29,0,1,20
13,360,82.800000,42.984000,1,1,102697434,1155,0,1155,-29,0,1,20
