13,720,21.600000,22.608000,0,1,102744152,600,22,600,22,0,1,51
13,720,21.600000,22.608000,0,1,102744153,600,22,600,22,0,1,51
13,720,21.600000,22.608000,0,1,102744163,600,22,600,22,0,1,51
13,720,21.600000,22.608000,0,1,102744174,600,22,600,22,0,1,51
13,720,21.600000,22.608000,0,1,102744184,600,22,600,22,0,1,51
13,720,21.600000,22.608000,0,1,102744194,600,22,600,22,0,1,51
13,720,21.600000,22.608000,0,1,102744204,600,22,600,22,0,1,51
13,720,21.600000,22.608000,0,1,102744215,600,22,600,22,0,1,51
13,720,21.600000,22.608000,0,1,102744225,600,22,600,22,0,1,51
13,720,21.600000,22.608000,0,1,102744235,600,22,600,22,0,1,51
13,720,21.600000,22.608000,0,1,102744246,602,22,602,22,0,1,51
13,720,21.600000,22.608000,0,1,102744257,606,22,606,22,0,1,51
13,720,21.600000,22.608000,0,1,102744268,615,22,615,22,0,1,51
13,720,21.600000,22.608000,0,1,102744282,629,20,629,20,0,1,51
13,720,21.600000,22.608000,0,1,102744293,663,16,663,16,0,1,51
13,720,21.600000,22.608000,0,1,102744303,696,12,696,12,0,1,51
13,720,21.600000,22.608000,0,1,102744314,734,7,734,7,0,1,51
13,720,21.600000,22.608000,0,1,102744326,781,1,781,1,0,1,51
13,720,21.600000,22.608000,0,1,102744337,813,0,813,-3,0,1,51
13,720,21.600000,22.608000,0,1,102744348,847,0,847,-8,0,1,51
13,720,21.600000,22.608000,0,1,102744360,874,0,874,-11,0,1,51
13,720,21.600000,22.608000,0,1,102744370,904,0,904,-16,0,1,51
13,720,21.600000,22.608000,0,1,102744381,927,0,927,-19,0,1,51
13,720,21.600000,22.608000,0,1,102744392,959,0,959,-22,0,1,51
13,720,21.600000,22.608000,0,1,102744402,986,0,986,-24,0,1,51
13,720,21.600000,22.608000,0,1,102744414,1012,0,1012,-26,0,1,51
13,720,21.600000,22.608000,0,1,102744425,1042,0,1042,-28,0,1,51
13,720,21.600000,22.608000,0,1,102744436,1068,0,1068,-30,0,1,51
13,720,21.600000,22.608000,0,1,102744447,1094,0,1094,-33,0,1,51
13,720,21.600000,22.608000,0,1,102744457,1112,0,1112,-34,0,1,51
13,720,21.600000,22.608000,0,1,102744467,1127,0,1127,-36,0,1,51
13,720,21.600000,22.608000,0,1,102744478,1137,0,1137,-37,0,1,51
13,720,21.600000,22.608000,0,1,102744489,1145,0,1145,-38,0,1,51
13,720,21.600000,22.608000,0,1,102744499,1152,0,1152,-39,0,1,51
13,720,21.600000,22.608000,0,1,102744510,1157,0,1157,-39,0,1,51
13,720,21.600000,22.608000,0,1,102744521,1161,0,1161,-39,0,1,51
13,720,21.600000,22.608000,0,1,102744531,1165,0,1165,-40,0,1,51
13,720,21.600000,22.608000,0,1,102744542,1171,0,1171,-40,0,1,51
13,720,21.600000,22.608000,0,1,102744553,1175,0,1175,-40,0,1,51
13,720,21.600000,22.608000,0,1,102744564,1180,0,1180,-41,0,1,51
13,720,21.600000,22.608000,0,1,102744575,1184,0,1184,-41,0,1,51
13,720,21.600000,22.608000,0,1,102744585,1189,0,1189,-42,0,1,51
13,720,21.600000,22.608000,0,1,102744596,1193,0,1193,-42,0,1,51
13,720,21.600000,22.608000,0,1,102744606,1197,0,1197,-43,0,1,51
13,720,21.600000,22.608000,0,1,102744617,1200,0,1200,-43,0,1,51
13,720,21.600000,22.608000,0,1,102744628,1205,0,1205,-43,0,1,51
13,720,21.600000,22.608000,0,1,102744638,1212,0,1212,-43,0,1,51
13,720,21.600000,22.608000,0,1,102744649,1221,0,1221,-43,0,1,51
13,720,21.600000,22.608000,0,1,102744659,1231,0,1231,-44,0,1,51
13,720,21.600000,22.608000,0,1,102744671,1242,0,1242,-44,0,1,51
13,720,21.600000,22.608000,0,1,102744681,1258,0,1258,-46,0,1,51
13,720,21.600000,22.608000,0,1,102744692,1271,0,1271,-46,0,1,51
13,720,21.600000,22.608000,0,1,102744703,1282,0,1282,-47,0,1,51
13,720,21.600000,22.608000,0,1,102744713,1288,0,1288,-47,0,1,51
13,720,21.600000,22.608000,0,1,102744724,1291,0,1291,-47,0,1,51
13,720,21.600000,22.608000,0,1,102744735,1293,0,1293,-47,0,1,51
13,720,21.600000,22.608000,0,1,102744745,1295,0,1295,-47,0,1,51
13,720,21.600000,22.608000,0,1,102744756,1297,0,1297,-47,0,1,51
13,720,21.600000,22.608000,0,1,102744766,1297,0,1297,-47,0,1,51
13,720,21.600000,22.608000,0,1,102744776,1297,0,1297,-47,0,1,51
13,720,21.600000,22.608000,0,1,102744786,1297,0,1297,-47,0,1,51
13,720,21.600000,22.608000,0,1,102744797,1297,0,1297,-47,0,1,51
13,720,21.600000,22.608000,0,1,102744807,1297,0,1297,-47,0,1,51
13,720,21.600000,22.608000,0,1,102744817,1297,0,1297,-47,0,1,51
13,720,21.600000,22.608000,0,1,102744828,1298,0,1298,-47,0,1,51
13,720,21.600000,22.608000,0,1,102744838,1300,0,1300,-47,0,1,51
13,720,21.600000,22.608000,0,1,102744849,1302,0,1302,-47,0,1,51
13,720,21.600000,22.608000,0,1,102744859,1304,0,1304,-47,0,1,51
13,720,21.600000,22.608000,0,1,102744869,1306,0,1306,-47,0,1,51
13,720,21.600000,22.608000,0,1,102744879,1308,0,1308,-47,0,1,51
13,720,21.600000,22.608000,0,1,102744888,1309,1,1309,-46,0,1,51
13,720,21.600000,22.608000,0,1,102744899,1310,1,1310,-46,0,1,51
13,720,21.600000,22.608000,0,1,102744909,1311,1,1311,-46,0,1,51
13,720,21.600000,22.608000,0,1,102744920,1312,2,1312,-45,0,1,51
13,720,21.600000,22.608000,0,1,102744930,1314,2,1314,-45,0,1,51
13,720,21.600000,22.608000,0,1,102744941,1315,3,1315,-44,0,1,51
13,720,21.600000,22.608000,0,1,102744951,1318,4,1318,-43,0,1,51
13,720,21.600000,22.608000,0,1,102744962,1319,5,1319,-42,0,1,51
13,720,21.600000,22.608000,0,1,102744972,1321,5,1321,-42,0,1,51
13,720,21.600000,22.608000,0,1,102744983,1322,6,1322,-41,0,1,51
13,720,21.600000,22.608000,0,1,102744993,1323,6,1323,-41,0,1,51
13,720,21.600000,22.608000,0,1,102745003,1323,6,1323,-41,0,1,51
13,720,21.600000,22.608000,0,1,102745013,1323,6,1323,-41,0,1,51
13,720,21.600000,22.608000,0,1,102745022,1323,6,1323,-41,0,1,51
13,720,21.600000,22.608000,0,1,102745032,1323,6,1323,-41,0,1,51
13,720,21.600000,22.608000,0,1,102745042,1323,6,1323,-41,0,1,51
13,720,21.600000,22.608000,0,1,102745052,1323,6,1323,-41,0,1,51
13,720,21.600000,22.608000,0,1,102745063,1323,6,1323,-41,0,1,51
13,720,21.600000,22.608000,0,1,102745074,1323,6,1323,-41,0,1,51
13,720,21.600000,22.608000,0,1,102745084,1323,6,1323,-41,0,1,51
13,720,21.600000,22.608000,0,1,102745094,1323,6,1323,-41,0,1,51
13,720,21.600000,22.608000,0,1,102745104,1323,6,1323,-41,0,1,51
13,720,21.600000,22.608000,0,1,102745115,1323,6,1323,-41,0,1,51
13,720,21.600000,22.608000,0,1,102745125,1323,6,1323,-41,0,1,51
13,720,21.600000,22.608000,0,1,102745135,1323,6,1323,-41,0,1,51
13,720,21.600000,22.608000,0,1,102745146,1323,6,1323,-41,0,1,51
13,720,21.600000,22.608000,0,1,102745156,1323,6,1323,-41,0,1,51
13,720,21.600000,22.608000,0,1,102745166,1323,6,1323,-41,0,1,51
13,720,21.600000,22.608000,0,1,102745176,1323,6,1323,-41,0,1,51
13,720,21.600000,22.608000,0,1,102745187,1323,6,1323,-41,0,1,51
13,720,21.600000,22.608000,0,1,102745197,1323,6,1323,-41,0,1,51
13,720,21.600000,22.608000,0,1,102745208,1323,6,1323,-41,0,1,51
13,720,21.600000,22.608000,0,1,102745218,1323,6,1323,-41,0,1,51
