13,720,50.400000,12.276000,1,1,102821916,600,22,600,22,0,1,96
13,720,50.400000,12.276000,1,1,102821916,600,22,600,22,0,1,96
13,720,50.400000,12.276000,1,1,102821927,600,22,600,22,0,1,96
13,720,50.400000,12.276000,1,1,102821937,600,22,600,22,0,1,96
13,720,50.400000,12.276000,1,1,102821948,601,22,601,22,0,1,96
13,720,50.400000,12.276000,1,1,102821958,604,22,604,22,0,1,96
13,720,50.400000,12.276000,1,1,102821969,608,22,608,22,0,1,96
13,720,50.400000,12.276000,1,1,102821980,615,22,615,22,0,1,96
13,720,50.400000,12.276000,1,1,102821992,623,21,623,21,0,1,96
13,720,50.400000,12.276000,1,1,102822003,634,20,634,20,0,1,96
13,720,50.400000,12.276000,1,1,102822014,650,18,650,18,0,1,96
13,720,50.400000,12.276000,1,1,102822024,667,16,667,16,0,1,96
13,720,50.400000,12.276000,1,1,102822035,690,14,690,14,0,1,96
13,720,50.400000,12.276000,1,1,102822046,715,12,715,12,0,1,96
13,720,50.400000,12.276000,1,1,102822058,747,8,747,8,0,1,96
13,720,50.400000,12.276000,1,1,102822069,787,5,787,5,0,1,96
13,720,50.400000,12.276000,1,1,102822080,828,2,828,2,0,1,96
13,720,50.400000,12.276000,1,1,102822090,867,0,867,-2,0,1,96
13,720,50.400000,12.276000,1,1,102822101,907,0,907,-5,0,1,96
13,720,50.400000,12.276000,1,1,102822112,941,0,941,-9,0,1,96
13,720,50.400000,12.276000,1,1,102822123,976,0,976,-13,0,1,96
13,720,50.400000,12.276000,1,1,102822134,1010,0,1010,-17,0,1,96
13,720,50.400000,12.276000,1,1,102822144,1041,0,1041,-21,0,1,96
13,720,50.400000,12.276000,1,1,102822155,1071,0,1071,-25,0,1,96
13,720,50.400000,12.276000,1,1,102822176,1102,0,1102,-28,0,1,96
13,720,50.400000,12.276000,1,1,102822187,1155,0,1155,-34,0,1,96
13,720,50.400000,12.276000,1,1,102822197,1185,0,1185,-37,0,1,96
13,720,50.400000,12.276000,1,1,102822208,1209,0,1209,-39,0,1,96
13,720,50.400000,12.276000,1,1,102822218,1232,0,1232,-41,0,1,96
13,720,50.400000,12.276000,1,1,102822229,1247,0,1247,-43,0,1,96
13,720,50.400000,12.276000,1,1,102822240,1262,0,1262,-44,0,1,96
13,720,50.400000,12.276000,1,1,102822252,1274,0,1274,-45,0,1,96
13,720,50.400000,12.276000,1,1,102822262,1284,0,1284,-46,0,1,96
13,720,50.400000,12.276000,1,1,102822273,1291,0,1291,-47,0,1,96
13,720,50.400000,12.276000,1,1,102822284,1296,0,1296,-47,0,1,96
13,720,50.400000,12.276000,1,1,102822295,1301,0,1301,-48,0,1,96
13,720,50.400000,12.276000,1,1,102822305,1305,0,1305,-48,0,1,96
13,720,50.400000,12.276000,1,1,102822315,1306,0,1306,-48,0,1,96
13,720,50.400000,12.276000,1,1,102822325,1306,0,1306,-48,0,1,96
13,720,50.400000,12.276000,1,1,102822335,1306,0,1306,-48,0,1,96
13,720,50.400000,12.276000,1,1,102822346,1306,0,1306,-48,0,1,96
13,720,50.400000,12.276000,1,1,102822357,1306,0,1306,-48,0,1,96
13,720,50.400000,12.276000,1,1,102822367,1306,0,1306,-48,0,1,96
13,720,50.400000,12.276000,1,1,102822377,1306,0,1306,-48,0,1,96
13,720,50.400000,12.276000,1,1,102822388,1306,0,1306,-48,0,1,96
13,720,50.400000,12.276000,1,1,102822398,1306,0,1306,-48,0,1,96
13,720,50.400000,12.276000,1,1,102822408,1306,0,1306,-48,0,1,96
13,720,50.400000,12.276000,1,1,102822418,1306,0,1306,-48,0,1,96
13,720,50.400000,12.276000,1,1,102822429,1306,0,1306,-48,0,1,96
13,720,50.400000,12.276000,1,1,102822438,1306,0,1306,-48,0,1,96
13,720,50.400000,12.276000,1,1,102822449,1306,0,1306,-48,0,1,96
13,720,50.400000,12.276000,1,1,102822459,1306,0,1306,-48,0,1,96
13,720,50.400000,12.276000,1,1,102822469,1306,0,1306,-48,0,1,96
13,720,50.400000,12.276000,1,1,102822479,1306,0,1306,-48,0,1,96
13,720,50.400000,12.276000,1,1,102822489,1306,0,1306,-48,0,1,96
13,720,50.400000,12.276000,1,1,102822498,1306,0,1306,-48,0,1,96
