13,720,50.400000,10000.000000,0,1,102753579,600,22,600,22,0,1,56
13,720,50.400000,10000.000000,0,1,102753580,600,22,600,22,0,1,56
13,720,50.400000,10000.000000,0,1,102753591,601,22,601,22,0,1,56
13,720,50.400000,10000.000000,0,1,102753601,601,22,601,22,0,1,56
13,720,50.400000,10000.000000,0,1,102753612,601,22,601,22,0,1,56
13,720,50.400000,10000.000000,0,1,102753622,601,22,601,22,0,1,56
13,720,50.400000,10000.000000,0,1,102753633,601,22,601,22,0,1,56
13,720,50.400000,10000.000000,0,1,102753644,602,22,602,22,0,1,56
13,720,50.400000,10000.000000,0,1,102753654,603,22,603,22,0,1,56
13,720,50.400000,10000.000000,0,1,102753665,606,22,606,22,0,1,56
13,720,50.400000,10000.000000,0,1,102753676,611,22,611,22,0,1,56
13,720,50.400000,10000.000000,0,1,102753700,622,20,622,20,0,1,56
13,720,50.400000,10000.000000,0,1,102753711,662,16,662,16,0,1,56
13,720,50.400000,10000.000000,0,1,102753722,690,13,690,13,0,1,56
13,720,50.400000,10000.000000,0,1,102753733,718,11,718,11,0,1,56
13,720,50.400000,10000.000000,0,1,102753744,754,8,754,8,0,1,56
13,720,50.400000,10000.000000,0,1,102753754,794,6,794,6,0,1,56
13,720,50.400000,10000.000000,0,1,102753766,834,3,834,3,0,1,56
13,720,50.400000,10000.000000,0,1,102753777,887,0,887,-2,0,1,56
13,720,50.400000,10000.000000,0,1,102753789,940,0,940,-6,0,1,56
13,720,50.400000,10000.000000,0,1,102753799,983,0,983,-11,0,1,56
13,720,50.400000,10000.000000,0,1,102753810,1024,0,1024,-14,0,1,56
13,720,50.400000,10000.000000,0,1,102753820,1063,0,1063,-18,0,1,56
13,720,50.400000,10000.000000,0,1,102753831,1100,0,1100,-22,0,1,56
13,720,50.400000,10000.000000,0,1,102753843,1124,0,1124,-24,0,1,56
13,720,50.400000,10000.000000,0,1,102753853,1150,0,1150,-26,0,1,56
13,720,50.400000,10000.000000,0,1,102753864,1171,0,1171,-28,0,1,56
13,720,50.400000,10000.000000,0,1,102753875,1189,0,1189,-30,0,1,56
13,720,50.400000,10000.000000,0,1,102753885,1202,0,1202,-31,0,1,56
13,720,50.400000,10000.000000,0,1,102753896,1215,0,1215,-33,0,1,56
13,720,50.400000,10000.000000,0,1,102753907,1227,0,1227,-34,0,1,56
13,720,50.400000,10000.000000,0,1,102753918,1236,0,1236,-34,0,1,56
13,720,50.400000,10000.000000,0,1,102753930,1243,0,1243,-35,0,1,56
13,720,50.400000,10000.000000,0,1,102753949,1249,0,1249,-35,0,1,56
13,720,50.400000,10000.000000,0,1,102753959,1255,0,1255,-36,0,1,56
13,720,50.400000,10000.000000,0,1,102753970,1256,0,1256,-36,0,1,56
13,720,50.400000,10000.000000,0,1,102753980,1256,0,1256,-36,0,1,56
13,720,50.400000,10000.000000,0,1,102753991,1256,0,1256,-36,0,1,56
13,720,50.400000,10000.000000,0,1,102754001,1257,0,1257,-36,0,1,56
13,720,50.400000,10000.000000,0,1,102754012,1258,0,1258,-36,0,1,56
13,720,50.400000,10000.000000,0,1,102754022,1259,0,1259,-36,0,1,56
13,720,50.400000,10000.000000,0,1,102754033,1260,0,1260,-37,0,1,56
13,720,50.400000,10000.000000,0,1,102754045,1264,0,1264,-37,0,1,56
13,720,50.400000,10000.000000,0,1,102754057,1268,0,1268,-38,0,1,56
13,720,50.400000,10000.000000,0,1,102754067,1274,0,1274,-39,0,1,56
13,720,50.400000,10000.000000,0,1,102754077,1279,0,1279,-40,0,1,56
13,720,50.400000,10000.000000,0,1,102754088,1285,0,1285,-41,0,1,56
13,720,50.400000,10000.000000,0,1,102754098,1292,0,1292,-42,0,1,56
13,720,50.400000,10000.000000,0,1,102754109,1298,0,1298,-43,0,1,56
13,720,50.400000,10000.000000,0,1,102754119,1303,0,1303,-44,0,1,56
13,720,50.400000,10000.000000,0,1,102754130,1306,0,1306,-44,0,1,56
13,720,50.400000,10000.000000,0,1,102754140,1308,0,1308,-44,0,1,56
13,720,50.400000,10000.000000,0,1,102754150,1308,0,1308,-44,0,1,56
13,720,50.400000,10000.000000,0,1,102754161,1308,0,1308,-44,0,1,56
13,720,50.400000,10000.000000,0,1,102754171,1308,0,1308,-44,0,1,56
13,720,50.400000,10000.000000,0,1,102754182,1308,0,1308,-44,0,1,56
13,720,50.400000,10000.000000,0,1,102754192,1308,0,1308,-44,0,1,56
13,720,50.400000,10000.000000,0,1,102754203,1308,0,1308,-44,0,1,56
13,720,50.400000,10000.000000,0,1,102754213,1308,0,1308,-44,0,1,56
13,720,50.400000,10000.000000,0,1,102754224,1309,0,1309,-44,0,1,56
13,720,50.400000,10000.000000,0,1,102754234,1309,0,1309,-44,0,1,56
13,720,50.400000,10000.000000,0,1,102754244,1309,0,1309,-44,0,1,56
13,720,50.400000,10000.000000,0,1,102754254,1309,0,1309,-44,0,1,56
13,720,50.400000,10000.000000,0,1,102754265,1309,0,1309,-44,0,1,56
13,720,50.400000,10000.000000,0,1,102754275,1309,0,1309,-44,0,1,56
13,720,50.400000,10000.000000,0,1,102754285,1309,0,1309,-44,0,1,56
13,720,50.400000,10000.000000,0,1,102754295,1309,0,1309,-44,0,1,56
13,720,50.400000,10000.000000,0,1,102754305,1309,0,1309,-44,0,1,56
13,720,50.400000,10000.000000,0,1,102754315,1309,0,1309,-44,0,1,56
