13,360,21.600000,22.608000,1,0,102833840,780,0,780,0,0,1,104
13,360,21.600000,22.608000,1,0,102833841,780,0,780,0,0,1,104
13,360,21.600000,22.608000,1,0,102833861,780,0,780,0,0,1,104
13,360,21.600000,22.608000,1,0,102833872,780,0,780,0,0,1,104
13,360,21.600000,22.608000,1,0,102833884,780,0,780,0,0,1,104
13,360,21.600000,22.608000,1,0,102833895,781,0,781,0,0,1,104
13,360,21.600000,22.608000,1,0,102833906,784,0,784,0,0,1,104
13,360,21.600000,22.608000,1,0,102833925,790,0,790,0,0,1,104
13,360,21.600000,22.608000,1,0,102833936,803,0,803,0,0,1,104
13,360,21.600000,22.608000,1,0,102833948,813,0,813,-1,0,1,104
13,360,21.600000,22.608000,1,0,102833958,824,0,824,-2,0,1,104
13,360,21.600000,22.608000,1,0,102833969,837,0,837,-3,0,1,104
13,360,21.600000,22.608000,1,0,102833989,850,0,850,-3,0,1,104
13,360,21.600000,22.608000,1,0,102834000,881,0,881,-3,0,1,104
13,360,21.600000,22.608000,1,0,102834018,899,0,899,-3,0,1,104
13,360,21.600000,22.608000,1,0,102834029,936,0,936,-3,0,1,104
13,360,21.600000,22.608000,1,0,102834040,956,0,956,-4,0,1,104
13,360,21.600000,22.608000,1,0,102834050,978,0,978,-5,0,1,104
13,360,21.600000,22.608000,1,0,102834062,993,0,993,-6,0,1,104
13,360,21.600000,22.608000,1,0,102834073,1009,0,1009,-7,0,1,104
13,360,21.600000,22.608000,1,0,102834085,1020,0,1020,-8,0,1,104
13,360,21.600000,22.608000,1,0,102834097,1028,0,1028,-9,0,1,104
13,360,21.600000,22.608000,1,0,102834107,1033,0,1033,-9,0,1,104
13,360,21.600000,22.608000,1,0,102834118,1036,0,1036,-9,0,1,104
13,360,21.600000,22.608000,1,0,102834128,1038,0,1038,-10,0,1,104
13,360,21.600000,22.608000,1,0,102834138,1040,0,1040,-10,0,1,104
13,360,21.600000,22.608000,1,0,102834148,1042,0,1042,-10,0,1,104
13,360,21.600000,22.608000,1,0,102834158,1045,0,1045,-10,0,1,104
13,360,21.600000,22.608000,1,0,102834168,1048,0,1048,-10,0,1,104
13,360,21.600000,22.608000,1,0,102834179,1051,0,1051,-10,0,1,104
13,360,21.600000,22.608000,1,0,102834190,1057,0,1057,-11,0,1,104
13,360,21.600000,22.608000,1,0,102834201,1064,0,1064,-11,0,1,104
13,360,21.600000,22.608000,1,0,102834213,1071,0,1071,-11,0,1,104
13,360,21.600000,22.608000,1,0,102834225,1082,0,1082,-12,0,1,104
13,360,21.600000,22.608000,1,0,102834236,1093,0,1093,-13,0,1,104
13,360,21.600000,22.608000,1,0,102834255,1101,0,1101,-14,0,1,104
13,360,21.600000,22.608000,1,0,102834265,1122,0,1122,-16,0,1,104
13,360,21.600000,22.608000,1,0,102834275,1125,0,1125,-16,0,1,104
13,360,21.600000,22.608000,1,0,102834285,1126,0,1126,-16,0,1,104
13,360,21.600000,22.608000,1,0,102834296,1127,0,1127,-17,0,1,104
13,360,21.600000,22.608000,1,0,102834306,1127,0,1127,-17,0,1,104
13,360,21.600000,22.608000,1,0,102834317,1127,0,1127,-17,0,1,104
13,360,21.600000,22.608000,1,0,102834327,1128,0,1128,-17,0,1,104
13,360,21.600000,22.608000,1,0,102834337,1129,0,1129,-17,0,1,104
13,360,21.600000,22.608000,1,0,102834348,1131,0,1131,-17,0,1,104
13,360,21.600000,22.608000,1,0,102834359,1134,0,1134,-17,0,1,104
13,360,21.600000,22.608000,1,0,102834369,1137,0,1137,-18,0,1,104
13,360,21.600000,22.608000,1,0,102834380,1139,0,1139,-18,0,1,104
13,360,21.600000,22.608000,1,0,102834390,1141,0,1141,-18,0,1,104
13,360,21.600000,22.608000,1,0,102834401,1143,0,1143,-18,0,1,104
13,360,21.600000,22.608000,1,0,102834411,1144,0,1144,-18,0,1,104
13,360,21.600000,22.608000,1,0,102834421,1144,0,1144,-18,0,1,104
13,360,21.600000,22.608000,1,0,102834432,1144,0,1144,-18,0,1,104
13,360,21.600000,22.608000,1,0,102834443,1144,0,1144,-18,0,1,104
13,360,21.600000,22.608000,1,0,102834453,1144,0,1144,-18,0,1,104
13,360,21.600000,22.608000,1,0,102834462,1144,0,1144,-18,0,1,104
13,360,21.600000,22.608000,1,0,102834473,1144,0,1144,-18,0,1,104
13,360,21.600000,22.608000,1,0,102834482,1144,0,1144,-18,0,1,104
