13,360,82.800000,42.984000,1,0,102694203,780,0,780,0,0,1,18
13,360,82.800000,42.984000,1,0,102694205,780,0,780,0,0,1,18
13,360,82.800000,42.984000,1,0,102694215,780,0,780,0,0,1,18
13,360,82.800000,42.984000,1,0,102694225,780,0,780,0,0,1,18
13,360,82.800000,42.984000,1,0,102694235,780,0,780,0,0,1,18
13,360,82.800000,42.984000,1,0,102694245,780,0,780,0,0,1,18
13,360,82.800000,42.984000,1,0,102694255,780,0,780,0,0,1,18
13,360,82.800000,42.984000,1,0,102694265,783,0,783,0,0,1,18
13,360,82.800000,42.984000,1,0,102694276,788,0,788,0,0,1,18
13,360,82.800000,42.984000,1,0,102694287,797,0,797,-1,0,1,18
13,360,82.800000,42.984000,1,0,102694297,811,0,811,-3,0,1,18
13,360,82.800000,42.984000,1,0,102694308,829,0,829,-7,0,1,18
13,360,82.800000,42.984000,1,0,102694318,846,0,846,-9,0,1,18
13,360,82.800000,42.984000,1,0,102694329,868,0,868,-13,0,1,18
13,360,82.800000,42.984000,1,0,102694340,889,0,889,-16,0,1,18
13,360,82.800000,42.984000,1,0,102694351,911,0,911,-19,0,1,18
13,360,82.800000,42.984000,1,0,102694362,935,0,935,-23,0,1,18
13,360,82.800000,42.984000,1,0,102694372,953,0,953,-25,0,1,18
13,360,82.800000,42.984000,1,0,102694382,973,0,973,-28,0,1,18
13,360,82.800000,42.984000,1,0,102694393,994,0,994,-31,0,1,18
13,360,82.800000,42.984000,1,0,102694403,1012,0,1012,-33,0,1,18
13,360,82.800000,42.984000,1,0,102694414,1035,0,1035,-36,0,1,18
13,360,82.800000,42.984000,1,0,102694425,1058,0,1058,-38,0,1,18
13,360,82.800000,42.984000,1,0,102694436,1075,0,1075,-40,0,1,18
13,360,82.800000,42.984000,1,0,102694456,1086,0,1086,-41,0,1,18
13,360,82.800000,42.984000,1,0,102694467,1098,0,1098,-43,0,1,18
13,360,82.800000,42.984000,1,0,102694477,1101,0,1101,-44,0,1,18
13,360,82.800000,42.984000,1,0,102694486,1102,0,1102,-44,0,1,18
13,360,82.800000,42.984000,1,0,102694497,1102,0,1102,-44,0,1,18
13,360,82.800000,42.984000,1,0,102694508,1102,0,1102,-44,0,1,18
13,360,82.800000,42.984000,1,0,102694517,1102,0,1102,-44,0,1,18
13,360,82.800000,42.984000,1,0,102694528,1102,0,1102,-44,0,1,18
13,360,82.800000,42.984000,1,0,102694537,1102,0,1102,-44,0,1,18
13,360,82.800000,42.984000,1,0,102694548,1102,0,1102,-44,0,1,18
13,360,82.800000,42.984000,1,0,102694557,1102,0,1102,-44,0,1,18
13,360,82.800000,42.984000,1,0,102694568,1102,0,1102,-44,0,1,18
13,360,82.800000,42.984000,1,0,102694579,1102,0,1102,-44,0,1,18
13,360,82.800000,42.984000,1,0,102694590,1102,0,1102,-44,0,1,18
13,360,82.800000,42.984000,1,0,102694600,1102,0,1102,-44,0,1,18
13,360,82.800000,42.984000,1,0,102694610,1102,0,1102,-44,0,1,18
13,360,82.800000,42.984000,1,0,102694621,1102,0,1102,-44,0,1,18
13,360,82.800000,42.984000,1,0,102694632,1102,0,1102,-44,0,1,18
13,360,82.800000,42.984000,1,0,102694642,1102,0,1102,-44,0,1,18
13,360,82.800000,42.984000,1,0,102694652,1102,0,1102,-44,0,1,18
13,360,82.800000,42.984000,1,0,102694662,1102,0,1102,-44,0,1,18
13,360,82.800000,42.984000,1,0,102694672,1103,0,1103,-44,0,1,18
13,360,82.800000,42.984000,1,0,102694683,1104,0,1104,-44,0,1,18
13,360,82.800000,42.984000,1,0,102694693,1105,0,1105,-44,0,1,18
13,360,82.800000,42.984000,1,0,102694703,1105,0,1105,-44,0,1,18
13,360,82.800000,42.984000,1,0,102694713,1105,0,1105,-44,0,1,18
13,360,82.800000,42.984000,1,0,102694723,1105,0,1105,-44,0,1,18
