13,720,21.600000,42.984000,1,1,102826200,600,22,600,22,0,1,99
13,720,21.600000,42.984000,1,1,102826201,600,22,600,22,0,1,99
13,720,21.600000,42.984000,1,1,102826211,603,22,603,22,0,1,99
13,720,21.600000,42.984000,1,1,102826222,605,22,605,22,0,1,99
13,720,21.600000,42.984000,1,1,102826232,605,22,605,22,0,1,99
13,720,21.600000,42.984000,1,1,102826243,606,22,606,22,0,1,99
13,720,21.600000,42.984000,1,1,102826253,607,22,607,22,0,1,99
13,720,21.600000,42.984000,1,1,102826264,608,22,608,22,0,1,99
13,720,21.600000,42.984000,1,1,102826275,611,22,611,22,0,1,99
13,720,21.600000,42.984000,1,1,102826286,615,22,615,22,0,1,99
13,720,21.600000,42.984000,1,1,102826297,621,22,621,22,0,1,99
13,720,21.600000,42.984000,1,1,102826308,628,21,628,21,0,1,99
13,720,21.600000,42.984000,1,1,102826318,637,20,637,20,0,1,99
13,720,21.600000,42.984000,1,1,102826329,647,19,647,19,0,1,99
13,720,21.600000,42.984000,1,1,102826349,658,17,658,17,0,1,99
13,720,21.600000,42.984000,1,1,102826360,691,13,691,13,0,1,99
13,720,21.600000,42.984000,1,1,102826370,713,10,713,10,0,1,99
13,720,21.600000,42.984000,1,1,102826381,736,8,736,8,0,1,99
13,720,21.600000,42.984000,1,1,102826392,759,6,759,6,0,1,99
13,720,21.600000,42.984000,1,1,102826403,785,4,785,4,0,1,99
13,720,21.600000,42.984000,1,1,102826413,809,1,809,1,0,1,99
13,720,21.600000,42.984000,1,1,102826424,832,0,832,-2,0,1,99
13,720,21.600000,42.984000,1,1,102826435,858,0,858,-5,0,1,99
13,720,21.600000,42.984000,1,1,102826446,884,0,884,-8,0,1,99
13,720,21.600000,42.984000,1,1,102826456,908,0,908,-11,0,1,99
13,720,21.600000,42.984000,1,1,102826467,939,0,939,-15,0,1,99
13,720,21.600000,42.984000,1,1,102826478,968,0,968,-19,0,1,99
13,720,21.600000,42.984000,1,1,102826489,999,0,999,-23,0,1,99
13,720,21.600000,42.984000,1,1,102826500,1032,0,1032,-26,0,1,99
13,720,21.600000,42.984000,1,1,102826510,1069,0,1069,-30,0,1,99
13,720,21.600000,42.984000,1,1,102826522,1099,0,1099,-33,0,1,99
13,720,21.600000,42.984000,1,1,102826533,1130,0,1130,-36,0,1,99
13,720,21.600000,42.984000,1,1,102826543,1160,0,1160,-38,0,1,99
13,720,21.600000,42.984000,1,1,102826556,1180,0,1180,-40,0,1,99
13,720,21.600000,42.984000,1,1,102826566,1203,0,1203,-42,0,1,99
13,720,21.600000,42.984000,1,1,102826577,1222,0,1222,-44,0,1,99
13,720,21.600000,42.984000,1,1,102826588,1240,0,1240,-46,0,1,99
13,720,21.600000,42.984000,1,1,102826598,1256,0,1256,-47,0,1,99
13,720,21.600000,42.984000,1,1,102826609,1267,0,1267,-48,0,1,99
13,720,21.600000,42.984000,1,1,102826621,1277,0,1277,-49,0,1,99
13,720,21.600000,42.984000,1,1,102826632,1296,0,1296,-52,0,1,99
13,720,21.600000,42.984000,1,1,102826644,1301,0,1301,-52,0,1,99
13,720,21.600000,42.984000,1,1,102826654,1303,0,1303,-52,0,1,99
13,720,21.600000,42.984000,1,1,102826664,1306,0,1306,-52,0,1,99
13,720,21.600000,42.984000,1,1,102826675,1306,0,1306,-52,0,1,99
13,720,21.600000,42.984000,1,1,102826685,1306,0,1306,-52,0,1,99
13,720,21.600000,42.984000,1,1,102826696,1306,0,1306,-52,0,1,99
13,720,21.600000,42.984000,1,1,102826706,1306,0,1306,-52,0,1,99
13,720,21.600000,42.984000,1,1,102826717,1306,0,1306,-52,0,1,99
13,720,21.600000,42.984000,1,1,102826730,1306,0,1306,-52,0,1,99
13,720,21.600000,42.984000,1,1,102826742,1306,0,1306,-52,0,1,99
13,720,21.600000,42.984000,1,1,102826752,1306,0,1306,-52,0,1,99
13,720,21.600000,42.984000,1,1,102826763,1306,0,1306,-52,0,1,99
13,720,21.600000,42.984000,1,1,102826774,1306,0,1306,-52,0,1,99
13,720,21.600000,42.984000,1,1,102826784,1306,0,1306,-52,0,1,99
13,720,21.600000,42.984000,1,1,102826794,1306,0,1306,-52,0,1,99
13,720,21.600000,42.984000,1,1,102826805,1306,0,1306,-52,0,1,99
13,720,21.600000,42.984000,1,1,102826815,1306,0,1306,-52,0,1,99
13,720,21.600000,42.984000,1,1,102826825,1306,0,1306,-52,0,1,99
13,720,21.600000,42.984000,1,1,102826836,1306,0,1306,-52,0,1,99
13,720,21.600000,42.984000,1,1,102826846,1306,0,1306,-52,0,1,99
13,720,21.600000,42.984000,1,1,102826857,1306,0,1306,-52,0,1,99
13,720,21.600000,42.984000,1,1,102826867,1306,0,1306,-52,0,1,99
13,720,21.600000,42.984000,1,1,102826878,1306,0,1306,-52,0,1,99
13,720,21.600000,42.984000,1,1,102826888,1306,0,1306,-52,0,1,99
13,720,21.600000,42.984000,1,1,102826898,1306,0,1306,-52,0,1,99
13,720,21.600000,42.984000,1,1,102826909,1306,0,1306,-52,0,1,99
13,720,21.600000,42.984000,1,1,102826919,1306,0,1306,-52,0,1,99
13,720,21.600000,42.984000,1,1,102826929,1306,0,1306,-52,0,1,99
13,720,21.600000,42.984000,1,1,102826939,1306,0,1306,-52,0,1,99
13,720,21.600000,42.984000,1,1,102826949,1306,0,1306,-52,0,1,99
13,720,21.600000,42.984000,1,1,102826959,1307,0,1307,-52,0,1,99
13,720,21.600000,42.984000,1,1,102826970,1307,0,1307,-52,0,1,99
13,720,21.600000,42.984000,1,1,102826979,1307,0,1307,-52,0,1,99
13,720,21.600000,42.984000,1,1,102826989,1307,0,1307,-52,0,1,99
13,720,21.600000,42.984000,1,1,102826999,1307,0,1307,-52,0,1,99
13,720,21.600000,42.984000,1,1,102827009,1307,0,1307,-52,0,1,99
13,720,21.600000,42.984000,1,1,102827028,1308,0,1308,-52,0,1,99
13,720,21.600000,42.984000,1,1,102827039,1309,2,1309,-50,0,1,99
13,720,21.600000,42.984000,1,1,102827051,1310,2,1310,-50,0,1,99
13,720,21.600000,42.984000,1,1,102827062,1310,3,1310,-49,0,1,99
13,720,21.600000,42.984000,1,1,102827072,1310,4,1310,-48,0,1,99
13,720,21.600000,42.984000,1,1,102827082,1310,5,1310,-47,0,1,99
13,720,21.600000,42.984000,1,1,102827093,1311,5,1311,-47,0,1,99
13,720,21.600000,42.984000,1,1,102827104,1311,6,1311,-46,0,1,99
13,720,21.600000,42.984000,1,1,102827114,1312,7,1312,-45,0,1,99
13,720,21.600000,42.984000,1,1,102827123,1312,7,1312,-45,0,1,99
13,720,21.600000,42.984000,1,1,102827133,1312,7,1312,-45,0,1,99
13,720,21.600000,42.984000,1,1,102827143,1312,7,1312,-45,0,1,99
13,720,21.600000,42.984000,1,1,102827154,1313,7,1313,-45,0,1,99
13,720,21.600000,42.984000,1,1,102827165,1313,7,1313,-45,0,1,99
13,720,21.600000,42.984000,1,1,102827176,1313,7,1313,-45,0,1,99
13,720,21.600000,42.984000,1,1,102827186,1313,7,1313,-45,0,1,99
13,720,21.600000,42.984000,1,1,102827196,1313,7,1313,-45,0,1,99
13,720,21.600000,42.984000,1,1,102827207,1313,7,1313,-45,0,1,99
13,720,21.600000,42.984000,1,1,102827217,1313,7,1313,-45,0,1,99
13,720,21.600000,42.984000,1,1,102827227,1313,7,1313,-45,0,1,99
13,720,21.600000,42.984000,1,1,102827238,1313,7,1313,-45,0,1,99
13,720,21.600000,42.984000,1,1,102827248,1313,7,1313,-45,0,1,99
13,720,21.600000,42.984000,1,1,102827258,1313,7,1313,-45,0,1,99
13,720,21.600000,42.984000,1,1,102827268,1313,7,1313,-45,0,1,99
13,720,21.600000,42.984000,1,1,102827279,1313,7,1313,-45,0,1,99
13,720,21.600000,42.984000,1,1,102827289,1313,7,1313,-45,0,1,99
13,720,21.600000,42.984000,1,1,102827299,1313,7,1313,-45,0,1,99
13,720,21.600000,42.984000,1,1,102827309,1313,7,1313,-45,0,1,99
