13,360,50.400000,12.276000,1,1,102740763,780,22,780,22,0,1,49
13,360,50.400000,12.276000,1,1,102740764,780,22,780,22,0,1,49
13,360,50.400000,12.276000,1,1,102740774,780,22,780,22,0,1,49
13,360,50.400000,12.276000,1,1,102740784,780,22,780,22,0,1,49
13,360,50.400000,12.276000,1,1,102740794,780,22,780,22,0,1,49
13,360,50.400000,12.276000,1,1,102740803,780,22,780,22,0,1,49
13,360,50.400000,12.276000,1,1,102740813,780,22,780,22,0,1,49
13,360,50.400000,12.276000,1,1,102740824,780,22,780,22,0,1,49
13,360,50.400000,12.276000,1,1,102740834,780,22,780,22,0,1,49
13,360,50.400000,12.276000,1,1,102740844,780,22,780,22,0,1,49
13,360,50.400000,12.276000,1,1,102740854,780,22,780,22,0,1,49
13,360,50.400000,12.276000,1,1,102740864,780,22,780,22,0,1,49
13,360,50.400000,12.276000,1,1,102740874,780,22,780,22,0,1,49
13,360,50.400000,12.276000,1,1,102740886,780,22,780,22,0,1,49
13,360,50.400000,12.276000,1,1,102740896,782,20,782,20,0,1,49
13,360,50.400000,12.276000,1,1,102740907,786,18,786,18,0,1,49
13,360,50.400000,12.276000,1,1,102740918,794,16,794,16,0,1,49
13,360,50.400000,12.276000,1,1,102740929,803,13,803,13,0,1,49
13,360,50.400000,12.276000,1,1,102740939,815,10,815,10,0,1,49
13,360,50.400000,12.276000,1,1,102740950,824,7,824,7,0,1,49
13,360,50.400000,12.276000,1,1,102740960,834,5,834,5,0,1,49
13,360,50.400000,12.276000,1,1,102740971,844,3,844,3,0,1,49
13,360,50.400000,12.276000,1,1,102740984,851,2,851,2,0,1,49
13,360,50.400000,12.276000,1,1,102740994,858,1,858,1,0,1,49
13,360,50.400000,12.276000,1,1,102741005,862,0,862,0,0,1,49
13,360,50.400000,12.276000,1,1,102741016,868,0,868,-1,0,1,49
13,360,50.400000,12.276000,1,1,102741027,874,0,874,-1,0,1,49
13,360,50.400000,12.276000,1,1,102741039,882,0,882,-2,0,1,49
13,360,50.400000,12.276000,1,1,102741052,895,0,895,-4,0,1,49
13,360,50.400000,12.276000,1,1,102741063,912,0,912,-7,0,1,49
13,360,50.400000,12.276000,1,1,102741074,931,0,931,-11,0,1,49
13,360,50.400000,12.276000,1,1,102741084,950,0,950,-15,0,1,49
13,360,50.400000,12.276000,1,1,102741096,968,0,968,-18,0,1,49
13,360,50.400000,12.276000,1,1,102741107,988,0,988,-22,0,1,49
13,360,50.400000,12.276000,1,1,102741118,1005,0,1005,-24,0,1,49
13,360,50.400000,12.276000,1,1,102741129,1017,0,1017,-27,0,1,49
13,360,50.400000,12.276000,1,1,102741139,1027,0,1027,-29,0,1,49
13,360,50.400000,12.276000,1,1,102741150,1034,0,1034,-30,0,1,49
13,360,50.400000,12.276000,1,1,102741160,1038,0,1038,-31,0,1,49
13,360,50.400000,12.276000,1,1,102741170,1041,0,1041,-31,0,1,49
13,360,50.400000,12.276000,1,1,102741180,1042,0,1042,-31,0,1,49
13,360,50.400000,12.276000,1,1,102741191,1043,0,1043,-32,0,1,49
13,360,50.400000,12.276000,1,1,102741201,1046,0,1046,-32,0,1,49
13,360,50.400000,12.276000,1,1,102741212,1050,0,1050,-33,0,1,49
13,360,50.400000,12.276000,1,1,102741223,1057,0,1057,-34,0,1,49
13,360,50.400000,12.276000,1,1,102741233,1065,0,1065,-36,0,1,49
13,360,50.400000,12.276000,1,1,102741245,1075,0,1075,-39,0,1,49
13,360,50.400000,12.276000,1,1,102741256,1086,0,1086,-42,0,1,49
13,360,50.400000,12.276000,1,1,102741266,1092,0,1092,-43,0,1,49
13,360,50.400000,12.276000,1,1,102741277,1093,0,1093,-43,0,1,49
13,360,50.400000,12.276000,1,1,102741288,1094,0,1094,-43,0,1,49
13,360,50.400000,12.276000,1,1,102741298,1094,0,1094,-43,0,1,49
13,360,50.400000,12.276000,1,1,102741307,1094,0,1094,-43,0,1,49
13,360,50.400000,12.276000,1,1,102741318,1094,0,1094,-43,0,1,49
13,360,50.400000,12.276000,1,1,102741327,1094,0,1094,-43,0,1,49
13,360,50.400000,12.276000,1,1,102741347,1094,0,1094,-43,0,1,49
13,360,50.400000,12.276000,1,1,102741358,1094,0,1094,-43,0,1,49
13,360,50.400000,12.276000,1,1,102741369,1095,0,1095,-43,0,1,49
13,360,50.400000,12.276000,1,1,102741380,1096,0,1096,-43,0,1,49
13,360,50.400000,12.276000,1,1,102741390,1098,0,1098,-43,0,1,49
13,360,50.400000,12.276000,1,1,102741400,1102,0,1102,-43,0,1,49
13,360,50.400000,12.276000,1,1,102741411,1106,0,1106,-43,0,1,49
13,360,50.400000,12.276000,1,1,102741420,1111,0,1111,-44,0,1,49
13,360,50.400000,12.276000,1,1,102741431,1116,0,1116,-46,0,1,49
13,360,50.400000,12.276000,1,1,102741442,1121,0,1121,-48,0,1,49
13,360,50.400000,12.276000,1,1,102741452,1123,0,1123,-48,0,1,49
13,360,50.400000,12.276000,1,1,102741463,1123,0,1123,-49,0,1,49
13,360,50.400000,12.276000,1,1,102741473,1123,0,1123,-50,0,1,49
13,360,50.400000,12.276000,1,1,102741483,1123,0,1123,-50,0,1,49
13,360,50.400000,12.276000,1,1,102741493,1123,0,1123,-50,0,1,49
13,360,50.400000,12.276000,1,1,102741503,1123,0,1123,-50,0,1,49
13,360,50.400000,12.276000,1,1,102741514,1123,0,1123,-50,0,1,49
13,360,50.400000,12.276000,1,1,102741525,1125,0,1125,-50,0,1,49
13,360,50.400000,12.276000,1,1,102741535,1125,0,1125,-50,0,1,49
13,360,50.400000,12.276000,1,1,102741545,1126,0,1126,-50,0,1,49
13,360,50.400000,12.276000,1,1,102741555,1127,0,1127,-50,0,1,49
13,360,50.400000,12.276000,1,1,102741565,1127,0,1127,-51,0,1,49
13,360,50.400000,12.276000,1,1,102741575,1128,0,1128,-51,0,1,49
13,360,50.400000,12.276000,1,1,102741585,1128,0,1128,-51,0,1,49
13,360,50.400000,12.276000,1,1,102741596,1128,0,1128,-51,0,1,49
13,360,50.400000,12.276000,1,1,102741607,1128,0,1128,-51,0,1,49
