13,720,50.400000,42.984000,1,1,102835173,600,22,600,22,0,1,105
13,720,50.400000,42.984000,1,1,102835174,600,22,600,22,0,1,105
13,720,50.400000,42.984000,1,1,102835183,600,22,600,22,0,1,105
13,720,50.400000,42.984000,1,1,102835195,600,22,600,22,0,1,105
13,720,50.400000,42.984000,1,1,102835204,600,22,600,22,0,1,105
13,720,50.400000,42.984000,1,1,102835216,600,22,600,22,0,1,105
13,720,50.400000,42.984000,1,1,102835225,600,22,600,22,0,1,105
13,720,50.400000,42.984000,1,1,102835235,600,22,600,22,0,1,105
13,720,50.400000,42.984000,1,1,102835247,600,22,600,22,0,1,105
13,720,50.400000,42.984000,1,1,102835258,603,22,603,22,0,1,105
13,720,50.400000,42.984000,1,1,102835269,608,23,608,23,0,1,105
13,720,50.400000,42.984000,1,1,102835280,618,23,618,23,0,1,105
13,720,50.400000,42.984000,1,1,102835291,634,23,634,23,0,1,105
13,720,50.400000,42.984000,1,1,102835303,655,21,655,21,0,1,105
13,720,50.400000,42.984000,1,1,102835314,685,19,685,19,0,1,105
13,720,50.400000,42.984000,1,1,102835324,723,17,723,17,0,1,105
13,720,50.400000,42.984000,1,1,102835335,766,15,766,15,0,1,105
13,720,50.400000,42.984000,1,1,102835346,813,13,813,13,0,1,105
13,720,50.400000,42.984000,1,1,102835357,856,11,856,11,0,1,105
13,720,50.400000,42.984000,1,1,102835369,901,8,901,8,0,1,105
13,720,50.400000,42.984000,1,1,102835379,947,4,947,4,0,1,105
13,720,50.400000,42.984000,1,1,102835390,994,0,994,0,0,1,105
13,720,50.400000,42.984000,1,1,102835402,1024,0,1024,-3,0,1,105
13,720,50.400000,42.984000,1,1,102835413,1057,0,1057,-7,0,1,105
13,720,50.400000,42.984000,1,1,102835424,1083,0,1083,-10,0,1,105
13,720,50.400000,42.984000,1,1,102835436,1106,0,1106,-12,0,1,105
13,720,50.400000,42.984000,1,1,102835447,1130,0,1130,-14,0,1,105
13,720,50.400000,42.984000,1,1,102835458,1148,0,1148,-15,0,1,105
13,720,50.400000,42.984000,1,1,102835469,1162,0,1162,-16,0,1,105
13,720,50.400000,42.984000,1,1,102835480,1174,0,1174,-17,0,1,105
13,720,50.400000,42.984000,1,1,102835490,1185,0,1185,-17,0,1,105
13,720,50.400000,42.984000,1,1,102835501,1193,0,1193,-17,0,1,105
13,720,50.400000,42.984000,1,1,102835521,1199,0,1199,-17,0,1,105
13,720,50.400000,42.984000,1,1,102835531,1204,0,1204,-17,0,1,105
13,720,50.400000,42.984000,1,1,102835542,1205,0,1205,-17,0,1,105
13,720,50.400000,42.984000,1,1,102835552,1206,0,1206,-17,0,1,105
13,720,50.400000,42.984000,1,1,102835563,1207,0,1207,-17,0,1,105
13,720,50.400000,42.984000,1,1,102835573,1207,0,1207,-17,0,1,105
13,720,50.400000,42.984000,1,1,102835584,1207,0,1207,-17,0,1,105
13,720,50.400000,42.984000,1,1,102835594,1208,0,1208,-17,0,1,105
13,720,50.400000,42.984000,1,1,102835605,1209,0,1209,-17,0,1,105
13,720,50.400000,42.984000,1,1,102835616,1211,0,1211,-17,0,1,105
13,720,50.400000,42.984000,1,1,102835626,1213,0,1213,-17,0,1,105
13,720,50.400000,42.984000,1,1,102835637,1217,0,1217,-17,0,1,105
13,720,50.400000,42.984000,1,1,102835647,1220,0,1220,-17,0,1,105
13,720,50.400000,42.984000,1,1,102835658,1224,0,1224,-17,0,1,105
13,720,50.400000,42.984000,1,1,102835669,1229,1,1229,-16,0,1,105
13,720,50.400000,42.984000,1,1,102835681,1236,1,1236,-16,0,1,105
13,720,50.400000,42.984000,1,1,102835692,1245,1,1245,-16,0,1,105
13,720,50.400000,42.984000,1,1,102835702,1253,1,1253,-16,0,1,105
13,720,50.400000,42.984000,1,1,102835713,1263,1,1263,-16,0,1,105
13,720,50.400000,42.984000,1,1,102835723,1272,1,1272,-16,0,1,105
13,720,50.400000,42.984000,1,1,102835733,1279,1,1279,-16,0,1,105
13,720,50.400000,42.984000,1,1,102835744,1285,0,1285,-17,0,1,105
13,720,50.400000,42.984000,1,1,102835755,1289,0,1289,-17,0,1,105
13,720,50.400000,42.984000,1,1,102835766,1293,0,1293,-18,0,1,105
13,720,50.400000,42.984000,1,1,102835776,1295,0,1295,-18,0,1,105
13,720,50.400000,42.984000,1,1,102835785,1297,0,1297,-18,0,1,105
13,720,50.400000,42.984000,1,1,102835796,1298,0,1298,-18,0,1,105
13,720,50.400000,42.984000,1,1,102835806,1298,0,1298,-18,0,1,105
13,720,50.400000,42.984000,1,1,102835817,1298,0,1298,-18,0,1,105
13,720,50.400000,42.984000,1,1,102835830,1298,0,1298,-18,0,1,105
13,720,50.400000,42.984000,1,1,102835840,1298,0,1298,-18,0,1,105
13,720,50.400000,42.984000,1,1,102835851,1298,0,1298,-18,0,1,105
13,720,50.400000,42.984000,1,1,102835862,1298,0,1298,-18,0,1,105
13,720,50.400000,42.984000,1,1,102835872,1298,0,1298,-18,0,1,105
13,720,50.400000,42.984000,1,1,102835883,1298,0,1298,-18,0,1,105
13,720,50.400000,42.984000,1,1,102835892,1298,0,1298,-18,0,1,105
