13,360,50.400000,22.608000,1,0,102668495,780,0,780,0,0,1,3
13,360,50.400000,22.608000,1,0,102668495,780,0,780,0,0,1,3
13,360,50.400000,22.608000,1,0,102668505,780,0,780,0,0,1,3
13,360,50.400000,22.608000,1,0,102668515,780,0,780,0,0,1,3
13,360,50.400000,22.608000,1,0,102668525,780,0,780,0,0,1,3
13,360,50.400000,22.608000,1,0,102668536,780,0,780,0,0,1,3
13,360,50.400000,22.608000,1,0,102668546,781,0,781,0,0,1,3
13,360,50.400000,22.608000,1,0,102668556,783,0,783,0,0,1,3
13,360,50.400000,22.608000,1,0,102668568,787,0,787,0,0,1,3
13,360,50.400000,22.608000,1,0,102668579,796,0,796,0,0,1,3
13,360,50.400000,22.608000,1,0,102668590,811,0,811,0,0,1,3
13,360,50.400000,22.608000,1,0,102668601,834,0,834,0,0,1,3
13,360,50.400000,22.608000,1,0,102668612,857,0,857,0,0,1,3
13,360,50.400000,22.608000,1,0,102668633,889,0,889,-1,0,1,3
13,360,50.400000,22.608000,1,0,102668643,933,0,933,-3,0,1,3
13,360,50.400000,22.608000,1,0,102668663,951,0,951,-5,0,1,3
13,360,50.400000,22.608000,1,0,102668674,974,0,974,-7,0,1,3
13,360,50.400000,22.608000,1,0,102668684,982,0,982,-8,0,1,3
13,360,50.400000,22.608000,1,0,102668695,989,0,989,-8,0,1,3
13,360,50.400000,22.608000,1,0,102668705,995,0,995,-9,0,1,3
13,360,50.400000,22.608000,1,0,102668726,1001,0,1001,-9,0,1,3
13,360,50.400000,22.608000,1,0,102668736,1015,0,1015,-10,0,1,3
13,360,50.400000,22.608000,1,0,102668747,1024,0,1024,-10,0,1,3
13,360,50.400000,22.608000,1,0,102668758,1032,0,1032,-11,0,1,3
13,360,50.400000,22.608000,1,0,102668769,1044,0,1044,-12,0,1,3
13,360,50.400000,22.608000,1,0,102668779,1054,0,1054,-13,0,1,3
13,360,50.400000,22.608000,1,0,102668790,1065,0,1065,-13,0,1,3
13,360,50.400000,22.608000,1,0,102668800,1077,0,1077,-15,0,1,3
13,360,50.400000,22.608000,1,0,102668810,1088,0,1088,-16,0,1,3
13,360,50.400000,22.608000,1,0,102668821,1100,0,1100,-16,0,1,3
13,360,50.400000,22.608000,1,0,102668831,1110,0,1110,-17,0,1,3
13,360,50.400000,22.608000,1,0,102668841,1120,0,1120,-18,0,1,3
13,360,50.400000,22.608000,1,0,102668852,1126,0,1126,-18,0,1,3
13,360,50.400000,22.608000,1,0,102668862,1130,0,1130,-19,0,1,3
13,360,50.400000,22.608000,1,0,102668872,1131,0,1131,-19,0,1,3
13,360,50.400000,22.608000,1,0,102668881,1131,0,1131,-19,0,1,3
13,360,50.400000,22.608000,1,0,102668891,1131,0,1131,-19,0,1,3
13,360,50.400000,22.608000,1,0,102668901,1131,0,1131,-19,0,1,3
13,360,50.400000,22.608000,1,0,102668912,1131,0,1131,-19,0,1,3
13,360,50.400000,22.608000,1,0,102668922,1131,0,1131,-19,0,1,3
13,360,50.400000,22.608000,1,0,102668933,1131,0,1131,-19,0,1,3
13,360,50.400000,22.608000,1,0,102668944,1131,0,1131,-19,0,1,3
13,360,50.400000,22.608000,1,0,102668954,1131,0,1131,-19,0,1,3
13,360,50.400000,22.608000,1,0,102668965,1131,0,1131,-19,0,1,3
13,360,50.400000,22.608000,1,0,102668975,1131,0,1131,-19,0,1,3
13,360,50.400000,22.608000,1,0,102668985,1131,0,1131,-19,0,1,3
13,360,50.400000,22.608000,1,0,102669004,1131,0,1131,-19,0,1,3
13,360,50.400000,22.608000,1,0,102669014,1131,0,1131,-19,0,1,3
13,360,50.400000,22.608000,1,0,102669025,1131,0,1131,-19,0,1,3
13,360,50.400000,22.608000,1,0,102669036,1131,0,1131,-19,0,1,3
13,360,50.400000,22.608000,1,0,102669046,1131,0,1131,-19,0,1,3
13,360,50.400000,22.608000,1,0,102669056,1131,0,1131,-19,0,1,3
13,360,50.400000,22.608000,1,0,102669066,1131,0,1131,-19,0,1,3
13,360,50.400000,22.608000,1,0,102669076,1131,0,1131,-19,0,1,3
13,360,50.400000,22.608000,1,0,102669085,1131,0,1131,-19,0,1,3
