13,720,21.600000,0.000000,1,1,102852373,600,22,600,22,0,1,116
13,720,21.600000,0.000000,1,1,102852374,600,22,600,22,0,1,116
13,720,21.600000,0.000000,1,1,102852384,600,22,600,22,0,1,116
13,720,21.600000,0.000000,1,1,102852395,600,22,600,22,0,1,116
13,720,21.600000,0.000000,1,1,102852405,600,22,600,22,0,1,116
13,720,21.600000,0.000000,1,1,102852416,600,22,600,22,0,1,116
13,720,21.600000,0.000000,1,1,102852427,601,22,601,22,0,1,116
13,720,21.600000,0.000000,1,1,102852437,602,22,602,22,0,1,116
13,720,21.600000,0.000000,1,1,102852448,605,21,605,21,0,1,116
13,720,21.600000,0.000000,1,1,102852460,608,21,608,21,0,1,116
13,720,21.600000,0.000000,1,1,102852471,613,19,613,19,0,1,116
13,720,21.600000,0.000000,1,1,102852482,619,19,619,19,0,1,116
13,720,21.600000,0.000000,1,1,102852493,626,18,626,18,0,1,116
13,720,21.600000,0.000000,1,1,102852503,636,16,636,16,0,1,116
13,720,21.600000,0.000000,1,1,102852514,650,14,650,14,0,1,116
13,720,21.600000,0.000000,1,1,102852525,662,11,662,11,0,1,116
13,720,21.600000,0.000000,1,1,102852535,677,8,677,8,0,1,116
13,720,21.600000,0.000000,1,1,102852547,698,5,698,5,0,1,116
13,720,21.600000,0.000000,1,1,102852558,717,2,717,2,0,1,116
13,720,21.600000,0.000000,1,1,102852568,736,0,736,0,0,1,116
13,720,21.600000,0.000000,1,1,102852579,758,0,758,-2,0,1,116
13,720,21.600000,0.000000,1,1,102852590,783,0,783,-4,0,1,116
13,720,21.600000,0.000000,1,1,102852600,811,0,811,-6,0,1,116
13,720,21.600000,0.000000,1,1,102852611,843,0,843,-9,0,1,116
13,720,21.600000,0.000000,1,1,102852621,872,0,872,-12,0,1,116
13,720,21.600000,0.000000,1,1,102852632,905,0,905,-15,0,1,116
13,720,21.600000,0.000000,1,1,102852643,934,0,934,-18,0,1,116
13,720,21.600000,0.000000,1,1,102852653,969,0,969,-21,0,1,116
13,720,21.600000,0.000000,1,1,102852663,996,0,996,-24,0,1,116
13,720,21.600000,0.000000,1,1,102852674,1030,0,1030,-27,0,1,116
13,720,21.600000,0.000000,1,1,102852684,1053,0,1053,-29,0,1,116
13,720,21.600000,0.000000,1,1,102852695,1084,0,1084,-31,0,1,116
13,720,21.600000,0.000000,1,1,102852705,1106,0,1106,-33,0,1,116
13,720,21.600000,0.000000,1,1,102852716,1129,0,1129,-35,0,1,116
13,720,21.600000,0.000000,1,1,102852726,1147,0,1147,-36,0,1,116
13,720,21.600000,0.000000,1,1,102852737,1165,0,1165,-38,0,1,116
13,720,21.600000,0.000000,1,1,102852748,1183,0,1183,-39,0,1,116
13,720,21.600000,0.000000,1,1,102852760,1195,0,1195,-40,0,1,116
13,720,21.600000,0.000000,1,1,102852770,1207,0,1207,-41,0,1,116
13,720,21.600000,0.000000,1,1,102852781,1214,0,1214,-42,0,1,116
13,720,21.600000,0.000000,1,1,102852801,1218,0,1218,-42,0,1,116
13,720,21.600000,0.000000,1,1,102852813,1220,0,1220,-42,0,1,116
13,720,21.600000,0.000000,1,1,102852822,1222,0,1222,-42,0,1,116
13,720,21.600000,0.000000,1,1,102852833,1222,0,1222,-42,0,1,116
13,720,21.600000,0.000000,1,1,102852843,1222,0,1222,-42,0,1,116
13,720,21.600000,0.000000,1,1,102852853,1222,0,1222,-42,0,1,116
13,720,21.600000,0.000000,1,1,102852864,1222,0,1222,-42,0,1,116
13,720,21.600000,0.000000,1,1,102852874,1222,0,1222,-42,0,1,116
13,720,21.600000,0.000000,1,1,102852884,1223,0,1223,-42,0,1,116
13,720,21.600000,0.000000,1,1,102852895,1226,0,1226,-42,0,1,116
13,720,21.600000,0.000000,1,1,102852905,1228,0,1228,-43,0,1,116
13,720,21.600000,0.000000,1,1,102852916,1231,0,1231,-43,0,1,116
13,720,21.600000,0.000000,1,1,102852927,1235,0,1235,-44,0,1,116
13,720,21.600000,0.000000,1,1,102852937,1239,0,1239,-44,0,1,116
13,720,21.600000,0.000000,1,1,102852948,1246,0,1246,-45,0,1,116
13,720,21.600000,0.000000,1,1,102852959,1253,0,1253,-45,0,1,116
13,720,21.600000,0.000000,1,1,102852969,1261,0,1261,-46,0,1,116
13,720,21.600000,0.000000,1,1,102852981,1269,0,1269,-46,0,1,116
13,720,21.600000,0.000000,1,1,102852992,1278,0,1278,-48,0,1,116
13,720,21.600000,0.000000,1,1,102853002,1283,0,1283,-48,0,1,116
13,720,21.600000,0.000000,1,1,102853013,1286,0,1286,-49,0,1,116
13,720,21.600000,0.000000,1,1,102853023,1289,0,1289,-50,0,1,116
13,720,21.600000,0.000000,1,1,102853033,1289,0,1289,-50,0,1,116
13,720,21.600000,0.000000,1,1,102853043,1289,0,1289,-50,0,1,116
13,720,21.600000,0.000000,1,1,102853054,1289,0,1289,-50,0,1,116
13,720,21.600000,0.000000,1,1,102853066,1289,0,1289,-50,0,1,116
13,720,21.600000,0.000000,1,1,102853077,1289,0,1289,-50,0,1,116
13,720,21.600000,0.000000,1,1,102853087,1289,0,1289,-50,0,1,116
13,720,21.600000,0.000000,1,1,102853097,1289,0,1289,-50,0,1,116
13,720,21.600000,0.000000,1,1,102853107,1289,0,1289,-50,0,1,116
13,720,21.600000,0.000000,1,1,102853118,1289,0,1289,-50,0,1,116
13,720,21.600000,0.000000,1,1,102853129,1289,0,1289,-50,0,1,116
13,720,21.600000,0.000000,1,1,102853139,1289,0,1289,-50,0,1,116
13,720,21.600000,0.000000,1,1,102853150,1289,0,1289,-50,0,1,116
13,720,21.600000,0.000000,1,1,102853160,1289,0,1289,-50,0,1,116
13,720,21.600000,0.000000,1,1,102853170,1289,0,1289,-50,0,1,116
13,720,21.600000,0.000000,1,1,102853180,1289,0,1289,-50,0,1,116
13,720,21.600000,0.000000,1,1,102853190,1289,0,1289,-50,0,1,116
13,720,21.600000,0.000000,1,1,102853200,1289,0,1289,-50,0,1,116
13,720,21.600000,0.000000,1,1,102853210,1289,0,1289,-50,0,1,116
13,720,21.600000,0.000000,1,1,102853221,1289,0,1289,-50,0,1,116
13,720,21.600000,0.000000,1,1,102853231,1291,0,1291,-50,0,1,116
13,720,21.600000,0.000000,1,1,102853242,1294,0,1294,-50,0,1,116
13,720,21.600000,0.000000,1,1,102853252,1299,0,1299,-50,0,1,116
13,720,21.600000,0.000000,1,1,102853263,1304,0,1304,-51,0,1,116
13,720,21.600000,0.000000,1,1,102853274,1308,0,1308,-51,0,1,116
13,720,21.600000,0.000000,1,1,102853284,1311,0,1311,-51,0,1,116
13,720,21.600000,0.000000,1,1,102853294,1312,0,1312,-52,0,1,116
13,720,21.600000,0.000000,1,1,102853303,1312,0,1312,-52,0,1,116
13,720,21.600000,0.000000,1,1,102853313,1312,0,1312,-52,0,1,116
13,720,21.600000,0.000000,1,1,102853323,1312,0,1312,-52,0,1,116
13,720,21.600000,0.000000,1,1,102853333,1312,0,1312,-52,0,1,116
13,720,21.600000,0.000000,1,1,102853342,1312,0,1312,-52,0,1,116
13,720,21.600000,0.000000,1,1,102853352,1312,0,1312,-52,0,1,116
13,720,21.600000,0.000000,1,1,102853362,1312,0,1312,-52,0,1,116
13,720,21.600000,0.000000,1,1,102853371,1312,0,1312,-52,0,1,116
13,720,21.600000,0.000000,1,1,102853381,1312,0,1312,-52,0,1,116
13,720,21.600000,0.000000,1,1,102853391,1312,0,1312,-52,0,1,116
13,720,21.600000,0.000000,1,1,102853401,1312,0,1312,-52,0,1,116
13,720,21.600000,0.000000,1,1,102853411,1312,0,1312,-52,0,1,116
13,720,21.600000,0.000000,1,1,102853420,1312,0,1312,-52,0,1,116
13,720,21.600000,0.000000,1,1,102853430,1312,0,1312,-52,0,1,116
13,720,21.600000,0.000000,1,1,102853440,1312,0,1312,-52,0,1,116
13,720,21.600000,0.000000,1,1,102853450,1312,0,1312,-52,0,1,116
13,720,21.600000,0.000000,1,1,102853461,1312,0,1312,-52,0,1,116
13,720,21.600000,0.000000,1,1,102853471,1313,0,1313,-52,0,1,116
13,720,21.600000,0.000000,1,1,102853482,1316,0,1316,-52,0,1,116
13,720,21.600000,0.000000,1,1,102853492,1320,0,1320,-52,0,1,116
13,720,21.600000,0.000000,1,1,102853503,1324,0,1324,-52,0,1,116
13,720,21.600000,0.000000,1,1,102853513,1327,0,1327,-53,0,1,116
13,720,21.600000,0.000000,1,1,102853523,1327,0,1327,-53,0,1,116
13,720,21.600000,0.000000,1,1,102853534,1327,0,1327,-53,0,1,116
13,720,21.600000,0.000000,1,1,102853544,1327,0,1327,-53,0,1,116
13,720,21.600000,0.000000,1,1,102853554,1327,0,1327,-53,0,1,116
13,720,21.600000,0.000000,1,1,102853563,1327,0,1327,-53,0,1,116
