13,360,50.400000,10000.000000,1,0,103001330,780,0,780,0,0,2,83
13,360,50.400000,10000.000000,1,0,103001331,780,0,780,0,0,2,83
13,360,50.400000,10000.000000,1,0,103001342,780,0,780,0,0,2,83
13,360,50.400000,10000.000000,1,0,103001361,780,0,780,0,0,2,83
13,360,50.400000,10000.000000,1,0,103001372,780,0,780,0,0,2,83
13,360,50.400000,10000.000000,1,0,103001383,780,0,780,0,0,2,83
13,360,50.400000,10000.000000,1,0,103001394,780,0,780,0,0,2,83
13,360,50.400000,10000.000000,1,0,103001404,780,0,780,0,0,2,83
13,360,50.400000,10000.000000,1,0,103001415,780,0,780,0,0,2,83
13,360,50.400000,10000.000000,1,0,103001429,782,0,782,0,0,2,83
13,360,50.400000,10000.000000,1,0,103001440,789,0,789,-1,0,2,83
13,360,50.400000,10000.000000,1,0,103001451,800,0,800,-3,0,2,83
13,360,50.400000,10000.000000,1,0,103001462,812,0,812,-5,0,2,83
13,360,50.400000,10000.000000,1,0,103001473,828,0,828,-7,0,2,83
13,360,50.400000,10000.000000,1,0,103001484,847,0,847,-10,0,2,83
13,360,50.400000,10000.000000,1,0,103001494,866,0,866,-13,0,2,83
13,360,50.400000,10000.000000,1,0,103001506,884,0,884,-15,0,2,83
13,360,50.400000,10000.000000,1,0,103001517,903,0,903,-17,0,2,83
13,360,50.400000,10000.000000,1,0,103001527,919,0,919,-19,0,2,83
13,360,50.400000,10000.000000,1,0,103001540,933,0,933,-20,0,2,83
13,360,50.400000,10000.000000,1,0,103001550,950,0,950,-22,0,2,83
13,360,50.400000,10000.000000,1,0,103001561,963,0,963,-22,0,2,83
13,360,50.400000,10000.000000,1,0,103001571,978,0,978,-24,0,2,83
13,360,50.400000,10000.000000,1,0,103001582,993,0,993,-24,0,2,83
13,360,50.400000,10000.000000,1,0,103001592,1005,0,1005,-25,0,2,83
13,360,50.400000,10000.000000,1,0,103001603,1021,0,1021,-26,0,2,83
13,360,50.400000,10000.000000,1,0,103001614,1035,0,1035,-26,0,2,83
13,360,50.400000,10000.000000,1,0,103001625,1048,0,1048,-26,0,2,83
13,360,50.400000,10000.000000,1,0,103001635,1060,0,1060,-27,0,2,83
13,360,50.400000,10000.000000,1,0,103001646,1069,0,1069,-27,0,2,83
13,360,50.400000,10000.000000,1,0,103001656,1077,0,1077,-27,0,2,83
13,360,50.400000,10000.000000,1,0,103001666,1083,0,1083,-28,0,2,83
13,360,50.400000,10000.000000,1,0,103001676,1090,0,1090,-28,0,2,83
13,360,50.400000,10000.000000,1,0,103001687,1096,0,1096,-28,0,2,83
13,360,50.400000,10000.000000,1,0,103001697,1102,0,1102,-28,0,2,83
13,360,50.400000,10000.000000,1,0,103001708,1106,0,1106,-29,0,2,83
13,360,50.400000,10000.000000,1,0,103001719,1109,0,1109,-29,0,2,83
13,360,50.400000,10000.000000,1,0,103001730,1111,0,1111,-29,0,2,83
13,360,50.400000,10000.000000,1,0,103001741,1113,0,1113,-30,0,2,83
13,360,50.400000,10000.000000,1,0,103001751,1115,0,1115,-30,0,2,83
13,360,50.400000,10000.000000,1,0,103001762,1116,0,1116,-30,0,2,83
13,360,50.400000,10000.000000,1,0,103001772,1119,0,1119,-30,0,2,83
13,360,50.400000,10000.000000,1,0,103001784,1121,0,1121,-30,0,2,83
13,360,50.400000,10000.000000,1,0,103001794,1124,0,1124,-31,0,2,83
13,360,50.400000,10000.000000,1,0,103001806,1127,0,1127,-32,0,2,83
13,360,50.400000,10000.000000,1,0,103001817,1129,0,1129,-32,0,2,83
13,360,50.400000,10000.000000,1,0,103001827,1131,0,1131,-32,0,2,83
13,360,50.400000,10000.000000,1,0,103001838,1131,0,1131,-32,0,2,83
13,360,50.400000,10000.000000,1,0,103001848,1131,0,1131,-32,0,2,83
13,360,50.400000,10000.000000,1,0,103001867,1131,0,1131,-32,0,2,83
13,360,50.400000,10000.000000,1,0,103001877,1131,0,1131,-32,0,2,83
13,360,50.400000,10000.000000,1,0,103001887,1131,0,1131,-32,0,2,83
13,360,50.400000,10000.000000,1,0,103001897,1131,0,1131,-32,0,2,83
13,360,50.400000,10000.000000,1,0,103001908,1131,0,1131,-32,0,2,83
13,360,50.400000,10000.000000,1,0,103001919,1131,0,1131,-32,0,2,83
13,360,50.400000,10000.000000,1,0,103001929,1131,0,1131,-32,0,2,83
