13,720,82.800000,10000.000000,0,1,102896898,600,22,600,22,0,2,21
13,720,82.800000,10000.000000,0,1,102896899,600,22,600,22,0,2,21
13,720,82.800000,10000.000000,0,1,102896910,600,22,600,22,0,2,21
13,720,82.800000,10000.000000,0,1,102896920,600,22,600,22,0,2,21
13,720,82.800000,10000.000000,0,1,102896931,600,22,600,22,0,2,21
13,720,82.800000,10000.000000,0,1,102896950,602,22,602,22,0,2,21
13,720,82.800000,10000.000000,0,1,102896961,608,22,608,22,0,2,21
13,720,82.800000,10000.000000,0,1,102896972,614,22,614,22,0,2,21
13,720,82.800000,10000.000000,0,1,102896982,621,22,621,22,0,2,21
13,720,82.800000,10000.000000,0,1,102896995,630,22,630,22,0,2,21
13,720,82.800000,10000.000000,0,1,102897006,646,21,646,21,0,2,21
13,720,82.800000,10000.000000,0,1,102897017,666,20,666,20,0,2,21
13,720,82.800000,10000.000000,0,1,102897027,691,18,691,18,0,2,21
13,720,82.800000,10000.000000,0,1,102897038,723,16,723,16,0,2,21
13,720,82.800000,10000.000000,0,1,102897048,762,13,762,13,0,2,21
13,720,82.800000,10000.000000,0,1,102897059,803,11,803,11,0,2,21
13,720,82.800000,10000.000000,0,1,102897069,849,9,849,9,0,2,21
13,720,82.800000,10000.000000,0,1,102897080,887,8,887,8,0,2,21
13,720,82.800000,10000.000000,0,1,102897090,925,8,925,8,0,2,21
13,720,82.800000,10000.000000,0,1,102897101,964,7,964,7,0,2,21
13,720,82.800000,10000.000000,0,1,102897114,992,6,992,6,0,2,21
13,720,82.800000,10000.000000,0,1,102897124,1021,6,1021,6,0,2,21
13,720,82.800000,10000.000000,0,1,102897135,1046,6,1046,6,0,2,21
13,720,82.800000,10000.000000,0,1,102897147,1063,6,1063,6,0,2,21
13,720,82.800000,10000.000000,0,1,102897158,1077,6,1077,6,0,2,21
13,720,82.800000,10000.000000,0,1,102897169,1087,7,1087,7,0,2,21
13,720,82.800000,10000.000000,0,1,102897179,1097,7,1097,7,0,2,21
13,720,82.800000,10000.000000,0,1,102897190,1105,7,1105,7,0,2,21
13,720,82.800000,10000.000000,0,1,102897201,1112,7,1112,7,0,2,21
13,720,82.800000,10000.000000,0,1,102897211,1120,7,1120,7,0,2,21
13,720,82.800000,10000.000000,0,1,102897232,1127,7,1127,7,0,2,21
13,720,82.800000,10000.000000,0,1,102897243,1149,7,1149,7,0,2,21
13,720,82.800000,10000.000000,0,1,102897254,1165,7,1165,7,0,2,21
13,720,82.800000,10000.000000,0,1,102897265,1183,7,1183,7,0,2,21
13,720,82.800000,10000.000000,0,1,102897276,1201,7,1201,7,0,2,21
13,720,82.800000,10000.000000,0,1,102897288,1214,7,1214,7,0,2,21
13,720,82.800000,10000.000000,0,1,102897308,1224,7,1224,7,0,2,21
13,720,82.800000,10000.000000,0,1,102897319,1235,6,1235,6,0,2,21
13,720,82.800000,10000.000000,0,1,102897330,1239,6,1239,6,0,2,21
13,720,82.800000,10000.000000,0,1,102897341,1245,6,1245,6,0,2,21
13,720,82.800000,10000.000000,0,1,102897354,1251,5,1251,5,0,2,21
13,720,82.800000,10000.000000,0,1,102897365,1257,5,1257,5,0,2,21
13,720,82.800000,10000.000000,0,1,102897376,1264,4,1264,4,0,2,21
13,720,82.800000,10000.000000,0,1,102897387,1270,3,1270,3,0,2,21
13,720,82.800000,10000.000000,0,1,102897398,1275,3,1275,3,0,2,21
13,720,82.800000,10000.000000,0,1,102897408,1279,2,1279,2,0,2,21
13,720,82.800000,10000.000000,0,1,102897419,1283,1,1283,1,0,2,21
13,720,82.800000,10000.000000,0,1,102897429,1287,1,1287,1,0,2,21
13,720,82.800000,10000.000000,0,1,102897439,1291,0,1291,0,0,2,21
13,720,82.800000,10000.000000,0,1,102897450,1295,0,1295,0,0,2,21
13,720,82.800000,10000.000000,0,1,102897460,1299,0,1299,-1,0,2,21
13,720,82.800000,10000.000000,0,1,102897471,1302,0,1302,-2,0,2,21
13,720,82.800000,10000.000000,0,1,102897482,1304,0,1304,-3,0,2,21
13,720,82.800000,10000.000000,0,1,102897494,1306,0,1306,-4,0,2,21
13,720,82.800000,10000.000000,0,1,102897504,1306,0,1306,-4,0,2,21
13,720,82.800000,10000.000000,0,1,102897515,1306,0,1306,-4,0,2,21
13,720,82.800000,10000.000000,0,1,102897525,1306,0,1306,-4,0,2,21
13,720,82.800000,10000.000000,0,1,102897536,1306,0,1306,-4,0,2,21
13,720,82.800000,10000.000000,0,1,102897545,1306,0,1306,-4,0,2,21
