13,720,82.800000,12.276000,1,1,102882375,600,22,600,22,0,2,11
13,720,82.800000,12.276000,1,1,102882376,600,22,600,22,0,2,11
13,720,82.800000,12.276000,1,1,102882386,600,22,600,22,0,2,11
13,720,82.800000,12.276000,1,1,102882396,600,22,600,22,0,2,11
13,720,82.800000,12.276000,1,1,102882407,600,22,600,22,0,2,11
13,720,82.800000,12.276000,1,1,102882418,600,22,600,22,0,2,11
13,720,82.800000,12.276000,1,1,102882428,600,22,600,22,0,2,11
13,720,82.800000,12.276000,1,1,102882439,600,22,600,22,0,2,11
13,720,82.800000,12.276000,1,1,102882450,600,22,600,22,0,2,11
13,720,82.800000,12.276000,1,1,102882460,600,22,600,22,0,2,11
13,720,82.800000,12.276000,1,1,102882473,602,22,602,22,0,2,11
13,720,82.800000,12.276000,1,1,102882484,609,21,609,21,0,2,11
13,720,82.800000,12.276000,1,1,102882495,627,19,627,19,0,2,11
13,720,82.800000,12.276000,1,1,102882505,648,17,648,17,0,2,11
13,720,82.800000,12.276000,1,1,102882517,680,14,680,14,0,2,11
13,720,82.800000,12.276000,1,1,102882528,726,10,726,10,0,2,11
13,720,82.800000,12.276000,1,1,102882539,773,6,773,6,0,2,11
13,720,82.800000,12.276000,1,1,102882550,820,3,820,3,0,2,11
13,720,82.800000,12.276000,1,1,102882560,860,0,860,0,0,2,11
13,720,82.800000,12.276000,1,1,102882571,897,0,897,-2,0,2,11
13,720,82.800000,12.276000,1,1,102882582,941,0,941,-5,0,2,11
13,720,82.800000,12.276000,1,1,102882593,981,0,981,-7,0,2,11
13,720,82.800000,12.276000,1,1,102882604,1026,0,1026,-9,0,2,11
13,720,82.800000,12.276000,1,1,102882614,1062,0,1062,-10,0,2,11
13,720,82.800000,12.276000,1,1,102882625,1095,0,1095,-11,0,2,11
13,720,82.800000,12.276000,1,1,102882636,1125,0,1125,-12,0,2,11
13,720,82.800000,12.276000,1,1,102882647,1155,0,1155,-13,0,2,11
13,720,82.800000,12.276000,1,1,102882657,1185,0,1185,-14,0,2,11
13,720,82.800000,12.276000,1,1,102882669,1208,0,1208,-14,0,2,11
13,720,82.800000,12.276000,1,1,102882680,1235,0,1235,-14,0,2,11
13,720,82.800000,12.276000,1,1,102882691,1252,0,1252,-15,0,2,11
13,720,82.800000,12.276000,1,1,102882701,1266,0,1266,-16,0,2,11
13,720,82.800000,12.276000,1,1,102882713,1276,0,1276,-16,0,2,11
13,720,82.800000,12.276000,1,1,102882722,1283,0,1283,-17,0,2,11
13,720,82.800000,12.276000,1,1,102882733,1287,0,1287,-18,0,2,11
13,720,82.800000,12.276000,1,1,102882744,1289,0,1289,-19,0,2,11
13,720,82.800000,12.276000,1,1,102882755,1291,0,1291,-20,0,2,11
13,720,82.800000,12.276000,1,1,102882765,1291,0,1291,-20,0,2,11
13,720,82.800000,12.276000,1,1,102882775,1291,0,1291,-20,0,2,11
13,720,82.800000,12.276000,1,1,102882786,1291,0,1291,-20,0,2,11
13,720,82.800000,12.276000,1,1,102882796,1291,0,1291,-20,0,2,11
13,720,82.800000,12.276000,1,1,102882807,1291,0,1291,-20,0,2,11
13,720,82.800000,12.276000,1,1,102882817,1291,0,1291,-20,0,2,11
13,720,82.800000,12.276000,1,1,102882829,1291,0,1291,-20,0,2,11
13,720,82.800000,12.276000,1,1,102882839,1292,0,1292,-20,0,2,11
13,720,82.800000,12.276000,1,1,102882849,1293,0,1293,-20,0,2,11
13,720,82.800000,12.276000,1,1,102882859,1297,0,1297,-20,0,2,11
13,720,82.800000,12.276000,1,1,102882869,1301,0,1301,-20,0,2,11
13,720,82.800000,12.276000,1,1,102882879,1305,0,1305,-21,0,2,11
13,720,82.800000,12.276000,1,1,102882890,1308,0,1308,-21,0,2,11
13,720,82.800000,12.276000,1,1,102882900,1309,0,1309,-21,0,2,11
13,720,82.800000,12.276000,1,1,102882910,1309,0,1309,-21,0,2,11
13,720,82.800000,12.276000,1,1,102882921,1309,0,1309,-21,0,2,11
13,720,82.800000,12.276000,1,1,102882931,1309,0,1309,-21,0,2,11
13,720,82.800000,12.276000,1,1,102882941,1309,0,1309,-21,0,2,11
13,720,82.800000,12.276000,1,1,102882951,1309,0,1309,-21,0,2,11
13,720,82.800000,12.276000,1,1,102882960,1309,0,1309,-21,0,2,11
