13,720,50.400000,42.984000,1,0,102981208,600,0,600,0,0,2,71
13,720,50.400000,42.984000,1,0,102981209,600,0,600,0,0,2,71
13,720,50.400000,42.984000,1,0,102981220,600,0,600,0,0,2,71
13,720,50.400000,42.984000,1,0,102981230,600,0,600,0,0,2,71
13,720,50.400000,42.984000,1,0,102981241,600,0,600,0,0,2,71
13,720,50.400000,42.984000,1,0,102981252,600,0,600,0,0,2,71
13,720,50.400000,42.984000,1,0,102981271,602,0,602,0,0,2,71
13,720,50.400000,42.984000,1,0,102981281,611,0,611,-2,0,2,71
13,720,50.400000,42.984000,1,0,102981293,620,0,620,-3,0,2,71
13,720,50.400000,42.984000,1,0,102981305,634,0,634,-5,0,2,71
13,720,50.400000,42.984000,1,0,102981315,653,0,653,-6,0,2,71
13,720,50.400000,42.984000,1,0,102981326,674,0,674,-8,0,2,71
13,720,50.400000,42.984000,1,0,102981337,699,0,699,-9,0,2,71
13,720,50.400000,42.984000,1,0,102981348,730,0,730,-11,0,2,71
13,720,50.400000,42.984000,1,0,102981360,768,0,768,-12,0,2,71
13,720,50.400000,42.984000,1,0,102981371,813,0,813,-12,0,2,71
13,720,50.400000,42.984000,1,0,102981381,865,0,865,-14,0,2,71
13,720,50.400000,42.984000,1,0,102981392,914,0,914,-16,0,2,71
13,720,50.400000,42.984000,1,0,102981403,957,0,957,-19,0,2,71
13,720,50.400000,42.984000,1,0,102981413,994,0,994,-21,0,2,71
13,720,50.400000,42.984000,1,0,102981425,1023,0,1023,-23,0,2,71
13,720,50.400000,42.984000,1,0,102981435,1052,0,1052,-25,0,2,71
13,720,50.400000,42.984000,1,0,102981446,1072,0,1072,-26,0,2,71
13,720,50.400000,42.984000,1,0,102981456,1092,0,1092,-27,0,2,71
13,720,50.400000,42.984000,1,0,102981467,1108,0,1108,-28,0,2,71
13,720,50.400000,42.984000,1,0,102981477,1124,0,1124,-30,0,2,71
13,720,50.400000,42.984000,1,0,102981488,1138,0,1138,-31,0,2,71
13,720,50.400000,42.984000,1,0,102981498,1155,0,1155,-31,0,2,71
13,720,50.400000,42.984000,1,0,102981509,1170,0,1170,-32,0,2,71
13,720,50.400000,42.984000,1,0,102981519,1187,0,1187,-32,0,2,71
13,720,50.400000,42.984000,1,0,102981530,1201,0,1201,-33,0,2,71
13,720,50.400000,42.984000,1,0,102981540,1217,0,1217,-33,0,2,71
13,720,50.400000,42.984000,1,0,102981551,1228,0,1228,-33,0,2,71
13,720,50.400000,42.984000,1,0,102981561,1238,0,1238,-34,0,2,71
13,720,50.400000,42.984000,1,0,102981571,1243,0,1243,-35,0,2,71
13,720,50.400000,42.984000,1,0,102981582,1246,0,1246,-35,0,2,71
13,720,50.400000,42.984000,1,0,102981601,1249,0,1249,-35,0,2,71
13,720,50.400000,42.984000,1,0,102981612,1249,0,1249,-35,0,2,71
13,720,50.400000,42.984000,1,0,102981622,1249,0,1249,-35,0,2,71
13,720,50.400000,42.984000,1,0,102981633,1249,0,1249,-35,0,2,71
13,720,50.400000,42.984000,1,0,102981644,1250,0,1250,-35,0,2,71
13,720,50.400000,42.984000,1,0,102981654,1251,0,1251,-35,0,2,71
13,720,50.400000,42.984000,1,0,102981664,1252,0,1252,-35,0,2,71
13,720,50.400000,42.984000,1,0,102981674,1255,0,1255,-36,0,2,71
13,720,50.400000,42.984000,1,0,102981685,1258,0,1258,-36,0,2,71
13,720,50.400000,42.984000,1,0,102981696,1261,0,1261,-36,0,2,71
13,720,50.400000,42.984000,1,0,102981706,1263,0,1263,-36,0,2,71
13,720,50.400000,42.984000,1,0,102981716,1265,0,1265,-36,0,2,71
13,720,50.400000,42.984000,1,0,102981726,1267,0,1267,-37,0,2,71
13,720,50.400000,42.984000,1,0,102981737,1270,0,1270,-37,0,2,71
13,720,50.400000,42.984000,1,0,102981748,1274,0,1274,-37,0,2,71
13,720,50.400000,42.984000,1,0,102981759,1277,0,1277,-38,0,2,71
13,720,50.400000,42.984000,1,0,102981770,1281,0,1281,-39,0,2,71
13,720,50.400000,42.984000,1,0,102981780,1284,0,1284,-39,0,2,71
13,720,50.400000,42.984000,1,0,102981791,1287,0,1287,-39,0,2,71
13,720,50.400000,42.984000,1,0,102981801,1292,0,1292,-40,0,2,71
13,720,50.400000,42.984000,1,0,102981811,1296,0,1296,-40,0,2,71
13,720,50.400000,42.984000,1,0,102981821,1301,0,1301,-40,0,2,71
13,720,50.400000,42.984000,1,0,102981832,1305,0,1305,-40,0,2,71
13,720,50.400000,42.984000,1,0,102981842,1309,0,1309,-41,0,2,71
13,720,50.400000,42.984000,1,0,102981853,1311,0,1311,-42,0,2,71
13,720,50.400000,42.984000,1,0,102981863,1313,0,1313,-42,0,2,71
13,720,50.400000,42.984000,1,0,102981873,1314,0,1314,-42,0,2,71
13,720,50.400000,42.984000,1,0,102981883,1315,0,1315,-42,0,2,71
13,720,50.400000,42.984000,1,0,102981903,1315,0,1315,-42,0,2,71
13,720,50.400000,42.984000,1,0,102981915,1315,0,1315,-42,0,2,71
13,720,50.400000,42.984000,1,0,102981933,1315,0,1315,-42,0,2,71
13,720,50.400000,42.984000,1,0,102981944,1315,0,1315,-42,0,2,71
13,720,50.400000,42.984000,1,0,102981954,1315,0,1315,-42,0,2,71
13,720,50.400000,42.984000,1,0,102981963,1315,0,1315,-42,0,2,71
13,720,50.400000,42.984000,1,0,102981982,1315,0,1315,-42,0,2,71
13,720,50.400000,42.984000,1,0,102981994,1315,0,1315,-42,0,2,71
13,720,50.400000,42.984000,1,0,102982007,1315,0,1315,-42,0,2,71
