13,720,50.400000,0.000000,0,0,102883783,600,0,600,0,0,2,12
13,720,50.400000,0.000000,0,0,102883784,600,0,600,0,0,2,12
13,720,50.400000,0.000000,0,0,102883795,600,0,600,0,0,2,12
13,720,50.400000,0.000000,0,0,102883806,600,0,600,0,0,2,12
13,720,50.400000,0.000000,0,0,102883816,600,0,600,0,0,2,12
13,720,50.400000,0.000000,0,0,102883827,600,0,600,0,0,2,12
13,720,50.400000,0.000000,0,0,102883838,600,0,600,0,0,2,12
13,720,50.400000,0.000000,0,0,102883849,600,0,600,0,0,2,12
13,720,50.400000,0.000000,0,0,102883860,601,0,601,-1,0,2,12
13,720,50.400000,0.000000,0,0,102883872,603,0,603,-2,0,2,12
13,720,50.400000,0.000000,0,0,102883885,606,0,606,-4,0,2,12
13,720,50.400000,0.000000,0,0,102883896,611,0,611,-5,0,2,12
13,720,50.400000,0.000000,0,0,102883907,618,0,618,-7,0,2,12
13,720,50.400000,0.000000,0,0,102883918,629,0,629,-9,0,2,12
13,720,50.400000,0.000000,0,0,102883929,645,0,645,-12,0,2,12
13,720,50.400000,0.000000,0,0,102883939,670,0,670,-15,0,2,12
13,720,50.400000,0.000000,0,0,102883951,694,0,694,-18,0,2,12
13,720,50.400000,0.000000,0,0,102883961,718,0,718,-21,0,2,12
13,720,50.400000,0.000000,0,0,102883971,749,0,749,-24,0,2,12
13,720,50.400000,0.000000,0,0,102883982,776,0,776,-26,0,2,12
13,720,50.400000,0.000000,0,0,102883992,808,0,808,-28,0,2,12
13,720,50.400000,0.000000,0,0,102884002,842,0,842,-30,0,2,12
13,720,50.400000,0.000000,0,0,102884014,873,0,873,-33,0,2,12
13,720,50.400000,0.000000,0,0,102884024,912,0,912,-35,0,2,12
13,720,50.400000,0.000000,0,0,102884035,941,0,941,-37,0,2,12
13,720,50.400000,0.000000,0,0,102884045,969,0,969,-39,0,2,12
13,720,50.400000,0.000000,0,0,102884056,993,0,993,-41,0,2,12
13,720,50.400000,0.000000,0,0,102884066,1014,0,1014,-42,0,2,12
13,720,50.400000,0.000000,0,0,102884077,1037,0,1037,-42,0,2,12
13,720,50.400000,0.000000,0,0,102884087,1056,0,1056,-43,0,2,12
13,720,50.400000,0.000000,0,0,102884098,1073,0,1073,-43,0,2,12
13,720,50.400000,0.000000,0,0,102884109,1088,0,1088,-43,0,2,12
13,720,50.400000,0.000000,0,0,102884119,1105,0,1105,-43,0,2,12
13,720,50.400000,0.000000,0,0,102884129,1120,0,1120,-43,0,2,12
13,720,50.400000,0.000000,0,0,102884140,1138,0,1138,-43,0,2,12
13,720,50.400000,0.000000,0,0,102884150,1159,1,1159,-42,0,2,12
13,720,50.400000,0.000000,0,0,102884161,1177,1,1177,-42,0,2,12
13,720,50.400000,0.000000,0,0,102884171,1196,1,1196,-42,0,2,12
13,720,50.400000,0.000000,0,0,102884182,1216,1,1216,-42,0,2,12
13,720,50.400000,0.000000,0,0,102884194,1232,1,1232,-42,0,2,12
13,720,50.400000,0.000000,0,0,102884204,1244,0,1244,-43,0,2,12
13,720,50.400000,0.000000,0,0,102884215,1248,0,1248,-43,0,2,12
13,720,50.400000,0.000000,0,0,102884225,1249,0,1249,-44,0,2,12
13,720,50.400000,0.000000,0,0,102884236,1250,0,1250,-45,0,2,12
13,720,50.400000,0.000000,0,0,102884248,1250,0,1250,-45,0,2,12
13,720,50.400000,0.000000,0,0,102884259,1250,0,1250,-45,0,2,12
13,720,50.400000,0.000000,0,0,102884271,1250,0,1250,-45,0,2,12
13,720,50.400000,0.000000,0,0,102884285,1250,0,1250,-45,0,2,12
13,720,50.400000,0.000000,0,0,102884297,1253,0,1253,-45,0,2,12
13,720,50.400000,0.000000,0,0,102884309,1257,0,1257,-45,0,2,12
13,720,50.400000,0.000000,0,0,102884322,1264,0,1264,-46,0,2,12
13,720,50.400000,0.000000,0,0,102884333,1271,0,1271,-47,0,2,12
13,720,50.400000,0.000000,0,0,102884346,1277,0,1277,-48,0,2,12
13,720,50.400000,0.000000,0,0,102884359,1287,0,1287,-49,0,2,12
13,720,50.400000,0.000000,0,0,102884370,1300,0,1300,-51,0,2,12
13,720,50.400000,0.000000,0,0,102884381,1312,0,1312,-53,0,2,12
13,720,50.400000,0.000000,0,0,102884392,1322,0,1322,-55,0,2,12
13,720,50.400000,0.000000,0,0,102884403,1328,0,1328,-56,0,2,12
13,720,50.400000,0.000000,0,0,102884414,1329,0,1329,-57,0,2,12
13,720,50.400000,0.000000,0,0,102884425,1329,0,1329,-57,0,2,12
13,720,50.400000,0.000000,0,0,102884436,1329,0,1329,-57,0,2,12
13,720,50.400000,0.000000,0,0,102884447,1329,0,1329,-57,0,2,12
13,720,50.400000,0.000000,0,0,102884458,1329,0,1329,-57,0,2,12
13,720,50.400000,0.000000,0,0,102884469,1329,0,1329,-57,0,2,12
13,720,50.400000,0.000000,0,0,102884480,1329,0,1329,-57,0,2,12
13,720,50.400000,0.000000,0,0,102884491,1329,0,1329,-57,0,2,12
13,720,50.400000,0.000000,0,0,102884502,1329,0,1329,-57,0,2,12
13,720,50.400000,0.000000,0,0,102884513,1329,0,1329,-57,0,2,12
13,720,50.400000,0.000000,0,0,102884524,1329,0,1329,-57,0,2,12
13,720,50.400000,0.000000,0,0,102884535,1329,0,1329,-57,0,2,12
13,720,50.400000,0.000000,0,0,102884546,1329,0,1329,-57,0,2,12
13,720,50.400000,0.000000,0,0,102884558,1329,0,1329,-57,0,2,12
13,720,50.400000,0.000000,0,0,102884569,1329,0,1329,-57,0,2,12
13,720,50.400000,0.000000,0,0,102884580,1329,0,1329,-57,0,2,12
13,720,50.400000,0.000000,0,0,102884590,1329,0,1329,-57,0,2,12
13,720,50.400000,0.000000,0,0,102884601,1329,0,1329,-57,0,2,12
13,720,50.400000,0.000000,0,0,102884611,1329,0,1329,-57,0,2,12
13,720,50.400000,0.000000,0,0,102884622,1329,0,1329,-57,0,2,12
13,720,50.400000,0.000000,0,0,102884633,1329,0,1329,-57,0,2,12
13,720,50.400000,0.000000,0,0,102884644,1329,0,1329,-57,0,2,12
13,720,50.400000,0.000000,0,0,102884653,1329,0,1329,-57,0,2,12
