13,360,82.800000,22.608000,0,1,103008289,780,22,780,22,0,2,88
13,360,82.800000,22.608000,0,1,103008290,780,22,780,22,0,2,88
13,360,82.800000,22.608000,0,1,103008300,780,22,780,22,0,2,88
13,360,82.800000,22.608000,0,1,103008311,780,22,780,22,0,2,88
13,360,82.800000,22.608000,0,1,103008322,780,22,780,22,0,2,88
13,360,82.800000,22.608000,0,1,103008332,780,22,780,22,0,2,88
13,360,82.800000,22.608000,0,1,103008343,780,22,780,22,0,2,88
13,360,82.800000,22.608000,0,1,103008352,780,22,780,22,0,2,88
13,360,82.800000,22.608000,0,1,103008364,780,22,780,22,0,2,88
13,360,82.800000,22.608000,0,1,103008374,780,22,780,22,0,2,88
13,360,82.800000,22.608000,0,1,103008385,780,22,780,22,0,2,88
13,360,82.800000,22.608000,0,1,103008404,781,22,781,22,0,2,88
13,360,82.800000,22.608000,0,1,103008415,785,22,785,22,0,2,88
13,360,82.800000,22.608000,0,1,103008426,790,20,790,20,0,2,88
13,360,82.800000,22.608000,0,1,103008437,796,18,796,18,0,2,88
13,360,82.800000,22.608000,0,1,103008448,803,16,803,16,0,2,88
13,360,82.800000,22.608000,0,1,103008468,810,13,810,13,0,2,88
13,360,82.800000,22.608000,0,1,103008479,824,10,824,10,0,2,88
13,360,82.800000,22.608000,0,1,103008498,834,8,834,8,0,2,88
13,360,82.800000,22.608000,0,1,103008508,858,5,858,5,0,2,88
13,360,82.800000,22.608000,0,1,103008519,873,3,873,3,0,2,88
13,360,82.800000,22.608000,0,1,103008530,886,2,886,2,0,2,88
13,360,82.800000,22.608000,0,1,103008541,899,1,899,1,0,2,88
13,360,82.800000,22.608000,0,1,103008560,914,0,914,0,0,2,88
13,360,82.800000,22.608000,0,1,103008571,943,0,943,-1,0,2,88
13,360,82.800000,22.608000,0,1,103008582,955,0,955,-1,0,2,88
13,360,82.800000,22.608000,0,1,103008593,972,0,972,-1,0,2,88
13,360,82.800000,22.608000,0,1,103008603,985,0,985,-2,0,2,88
13,360,82.800000,22.608000,0,1,103008615,997,0,997,-2,0,2,88
13,360,82.800000,22.608000,0,1,103008626,1009,0,1009,-3,0,2,88
13,360,82.800000,22.608000,0,1,103008637,1022,0,1022,-3,0,2,88
13,360,82.800000,22.608000,0,1,103008656,1033,0,1033,-3,0,2,88
13,360,82.800000,22.608000,0,1,103008667,1052,0,1052,-3,0,2,88
13,360,82.800000,22.608000,0,1,103008686,1059,0,1059,-4,0,2,88
13,360,82.800000,22.608000,0,1,103008697,1071,0,1071,-4,0,2,88
13,360,82.800000,22.608000,0,1,103008708,1075,0,1075,-4,0,2,88
13,360,82.800000,22.608000,0,1,103008719,1077,0,1077,-4,0,2,88
13,360,82.800000,22.608000,0,1,103008730,1079,0,1079,-4,0,2,88
13,360,82.800000,22.608000,0,1,103008741,1079,0,1079,-4,0,2,88
13,360,82.800000,22.608000,0,1,103008752,1079,0,1079,-4,0,2,88
13,360,82.800000,22.608000,0,1,103008763,1079,0,1079,-4,0,2,88
13,360,82.800000,22.608000,0,1,103008774,1079,0,1079,-4,0,2,88
13,360,82.800000,22.608000,0,1,103008785,1079,0,1079,-4,0,2,88
13,360,82.800000,22.608000,0,1,103008796,1080,0,1080,-4,0,2,88
13,360,82.800000,22.608000,0,1,103008807,1081,0,1081,-4,0,2,88
13,360,82.800000,22.608000,0,1,103008817,1082,0,1082,-5,0,2,88
13,360,82.800000,22.608000,0,1,103008827,1083,0,1083,-5,0,2,88
13,360,82.800000,22.608000,0,1,103008839,1083,0,1083,-5,0,2,88
13,360,82.800000,22.608000,0,1,103008862,1084,0,1084,-6,0,2,88
13,360,82.800000,22.608000,0,1,103008874,1088,0,1088,-6,0,2,88
13,360,82.800000,22.608000,0,1,103008884,1090,0,1090,-6,0,2,88
13,360,82.800000,22.608000,0,1,103008896,1092,0,1092,-6,0,2,88
13,360,82.800000,22.608000,0,1,103008906,1093,0,1093,-7,0,2,88
13,360,82.800000,22.608000,0,1,103008916,1094,0,1094,-7,0,2,88
13,360,82.800000,22.608000,0,1,103008926,1096,0,1096,-7,0,2,88
13,360,82.800000,22.608000,0,1,103008936,1098,0,1098,-7,0,2,88
13,360,82.800000,22.608000,0,1,103008947,1101,0,1101,-8,0,2,88
13,360,82.800000,22.608000,0,1,103008959,1105,0,1105,-8,0,2,88
13,360,82.800000,22.608000,0,1,103008969,1111,0,1111,-9,0,2,88
13,360,82.800000,22.608000,0,1,103008980,1116,0,1116,-10,0,2,88
13,360,82.800000,22.608000,0,1,103008990,1120,0,1120,-10,0,2,88
13,360,82.800000,22.608000,0,1,103009000,1124,0,1124,-11,0,2,88
13,360,82.800000,22.608000,0,1,103009010,1127,0,1127,-11,0,2,88
13,360,82.800000,22.608000,0,1,103009020,1128,0,1128,-12,0,2,88
13,360,82.800000,22.608000,0,1,103009030,1128,0,1128,-12,0,2,88
13,360,82.800000,22.608000,0,1,103009040,1129,0,1129,-12,0,2,88
13,360,82.800000,22.608000,0,1,103009049,1129,0,1129,-12,0,2,88
13,360,82.800000,22.608000,0,1,103009060,1129,0,1129,-12,0,2,88
13,360,82.800000,22.608000,0,1,103009070,1129,0,1129,-12,0,2,88
13,360,82.800000,22.608000,0,1,103009080,1129,0,1129,-12,0,2,88
13,360,82.800000,22.608000,0,1,103009089,1129,0,1129,-12,0,2,88
13,360,82.800000,22.608000,0,1,103009099,1129,0,1129,-12,0,2,88
13,360,82.800000,22.608000,0,1,103009108,1129,0,1129,-12,0,2,88
