13,360,82.800000,0.000000,1,1,103053389,780,22,780,22,0,2,112
13,360,82.800000,0.000000,1,1,103053390,780,22,780,22,0,2,112
13,360,82.800000,0.000000,1,1,103053400,780,22,780,22,0,2,112
13,360,82.800000,0.000000,1,1,103053411,781,22,781,22,0,2,112
13,360,82.800000,0.000000,1,1,103053421,782,22,782,22,0,2,112
13,360,82.800000,0.000000,1,1,103053432,783,22,783,22,0,2,112
13,360,82.800000,0.000000,1,1,103053444,784,22,784,22,0,2,112
13,360,82.800000,0.000000,1,1,103053455,787,21,787,21,0,2,112
13,360,82.800000,0.000000,1,1,103053467,792,19,792,19,0,2,112
13,360,82.800000,0.000000,1,1,103053477,799,18,799,18,0,2,112
13,360,82.800000,0.000000,1,1,103053488,808,16,808,16,0,2,112
13,360,82.800000,0.000000,1,1,103053498,823,14,823,14,0,2,112
13,360,82.800000,0.000000,1,1,103053510,837,12,837,12,0,2,112
13,360,82.800000,0.000000,1,1,103053522,861,10,861,10,0,2,112
13,360,82.800000,0.000000,1,1,103053532,883,7,883,7,0,2,112
13,360,82.800000,0.000000,1,1,103053542,902,5,902,5,0,2,112
13,360,82.800000,0.000000,1,1,103053553,917,4,917,4,0,2,112
13,360,82.800000,0.000000,1,1,103053564,932,3,932,3,0,2,112
13,360,82.800000,0.000000,1,1,103053575,943,2,943,2,0,2,112
13,360,82.800000,0.000000,1,1,103053586,953,0,953,0,0,2,112
13,360,82.800000,0.000000,1,1,103053597,962,0,962,-1,0,2,112
13,360,82.800000,0.000000,1,1,103053608,971,0,971,-1,0,2,112
13,360,82.800000,0.000000,1,1,103053618,981,0,981,-3,0,2,112
13,360,82.800000,0.000000,1,1,103053629,991,0,991,-4,0,2,112
13,360,82.800000,0.000000,1,1,103053641,1003,0,1003,-5,0,2,112
13,360,82.800000,0.000000,1,1,103053652,1015,0,1015,-6,0,2,112
13,360,82.800000,0.000000,1,1,103053662,1028,0,1028,-6,0,2,112
13,360,82.800000,0.000000,1,1,103053673,1040,0,1040,-7,0,2,112
13,360,82.800000,0.000000,1,1,103053683,1051,0,1051,-8,0,2,112
13,360,82.800000,0.000000,1,1,103053694,1063,0,1063,-9,0,2,112
13,360,82.800000,0.000000,1,1,103053704,1077,0,1077,-11,0,2,112
13,360,82.800000,0.000000,1,1,103053716,1089,0,1089,-12,0,2,112
13,360,82.800000,0.000000,1,1,103053727,1101,0,1101,-13,0,2,112
13,360,82.800000,0.000000,1,1,103053738,1113,0,1113,-14,0,2,112
13,360,82.800000,0.000000,1,1,103053748,1124,0,1124,-16,0,2,112
13,360,82.800000,0.000000,1,1,103053758,1133,0,1133,-17,0,2,112
13,360,82.800000,0.000000,1,1,103053769,1140,0,1140,-17,0,2,112
13,360,82.800000,0.000000,1,1,103053779,1145,0,1145,-17,0,2,112
13,360,82.800000,0.000000,1,1,103053790,1148,0,1148,-18,0,2,112
13,360,82.800000,0.000000,1,1,103053800,1150,0,1150,-18,0,2,112
13,360,82.800000,0.000000,1,1,103053810,1151,0,1151,-19,0,2,112
13,360,82.800000,0.000000,1,1,103053820,1151,0,1151,-19,0,2,112
13,360,82.800000,0.000000,1,1,103053831,1152,0,1152,-19,0,2,112
13,360,82.800000,0.000000,1,1,103053842,1152,0,1152,-19,0,2,112
13,360,82.800000,0.000000,1,1,103053852,1153,0,1153,-19,0,2,112
13,360,82.800000,0.000000,1,1,103053863,1154,0,1154,-19,0,2,112
13,360,82.800000,0.000000,1,1,103053873,1155,0,1155,-19,0,2,112
13,360,82.800000,0.000000,1,1,103053883,1155,0,1155,-19,0,2,112
13,360,82.800000,0.000000,1,1,103053893,1155,0,1155,-19,0,2,112
13,360,82.800000,0.000000,1,1,103053904,1155,0,1155,-19,0,2,112
13,360,82.800000,0.000000,1,1,103053914,1155,0,1155,-19,0,2,112
13,360,82.800000,0.000000,1,1,103053925,1155,0,1155,-19,0,2,112
13,360,82.800000,0.000000,1,1,103053935,1155,0,1155,-19,0,2,112
13,360,82.800000,0.000000,1,1,103053946,1155,0,1155,-19,0,2,112
13,360,82.800000,0.000000,1,1,103053957,1155,0,1155,-19,0,2,112
13,360,82.800000,0.000000,1,1,103053967,1155,0,1155,-19,0,2,112
13,360,82.800000,0.000000,1,1,103053978,1155,0,1155,-19,0,2,112
13,360,82.800000,0.000000,1,1,103053988,1155,0,1155,-19,0,2,112
13,360,82.800000,0.000000,1,1,103053998,1155,0,1155,-19,0,2,112
13,360,82.800000,0.000000,1,1,103054008,1155,0,1155,-19,0,2,112
13,360,82.800000,0.000000,1,1,103054018,1155,0,1155,-19,0,2,112
13,360,82.800000,0.000000,1,1,103054028,1155,0,1155,-19,0,2,112
13,360,82.800000,0.000000,1,1,103054037,1155,0,1155,-19,0,2,112
