13,360,21.600000,12.276000,1,1,102951189,780,22,780,22,0,2,54
13,360,21.600000,12.276000,1,1,102951190,780,22,780,22,0,2,54
13,360,21.600000,12.276000,1,1,102951200,780,22,780,22,0,2,54
13,360,21.600000,12.276000,1,1,102951211,780,22,780,22,0,2,54
13,360,21.600000,12.276000,1,1,102951221,780,22,780,22,0,2,54
13,360,21.600000,12.276000,1,1,102951232,780,22,780,22,0,2,54
13,360,21.600000,12.276000,1,1,102951243,780,22,780,22,0,2,54
13,360,21.600000,12.276000,1,1,102951253,780,22,780,22,0,2,54
13,360,21.600000,12.276000,1,1,102951263,782,22,782,22,0,2,54
13,360,21.600000,12.276000,1,1,102951274,784,22,784,22,0,2,54
13,360,21.600000,12.276000,1,1,102951285,790,22,790,22,0,2,54
13,360,21.600000,12.276000,1,1,102951296,797,21,797,21,0,2,54
13,360,21.600000,12.276000,1,1,102951306,808,19,808,19,0,2,54
13,360,21.600000,12.276000,1,1,102951318,827,16,827,16,0,2,54
13,360,21.600000,12.276000,1,1,102951329,851,13,851,13,0,2,54
13,360,21.600000,12.276000,1,1,102951340,886,10,886,10,0,2,54
13,360,21.600000,12.276000,1,1,102951351,920,7,920,7,0,2,54
13,360,21.600000,12.276000,1,1,102951361,958,6,958,6,0,2,54
13,360,21.600000,12.276000,1,1,102951372,997,4,997,4,0,2,54
13,360,21.600000,12.276000,1,1,102951382,1033,4,1033,4,0,2,54
13,360,21.600000,12.276000,1,1,102951392,1063,3,1063,3,0,2,54
13,360,21.600000,12.276000,1,1,102951403,1090,2,1090,2,0,2,54
13,360,21.600000,12.276000,1,1,102951414,1109,2,1109,2,0,2,54
13,360,21.600000,12.276000,1,1,102951425,1123,1,1123,1,0,2,54
13,360,21.600000,12.276000,1,1,102951436,1131,0,1131,0,0,2,54
13,360,21.600000,12.276000,1,1,102951446,1134,0,1134,0,0,2,54
13,360,21.600000,12.276000,1,1,102951456,1135,0,1135,0,0,2,54
13,360,21.600000,12.276000,1,1,102951467,1136,0,1136,0,0,2,54
13,360,21.600000,12.276000,1,1,102951478,1136,0,1136,0,0,2,54
13,360,21.600000,12.276000,1,1,102951488,1136,0,1136,0,0,2,54
13,360,21.600000,12.276000,1,1,102951498,1136,0,1136,0,0,2,54
13,360,21.600000,12.276000,1,1,102951509,1137,0,1137,0,0,2,54
13,360,21.600000,12.276000,1,1,102951519,1137,0,1137,0,0,2,54
13,360,21.600000,12.276000,1,1,102951529,1137,0,1137,0,0,2,54
13,360,21.600000,12.276000,1,1,102951540,1137,0,1137,0,0,2,54
13,360,21.600000,12.276000,1,1,102951550,1137,0,1137,0,0,2,54
13,360,21.600000,12.276000,1,1,102951560,1137,0,1137,0,0,2,54
13,360,21.600000,12.276000,1,1,102951571,1137,0,1137,0,0,2,54
13,360,21.600000,12.276000,1,1,102951581,1137,0,1137,0,0,2,54
13,360,21.600000,12.276000,1,1,102951592,1137,0,1137,0,0,2,54
13,360,21.600000,12.276000,1,1,102951602,1137,0,1137,0,0,2,54
13,360,21.600000,12.276000,1,1,102951612,1137,0,1137,0,0,2,54
13,360,21.600000,12.276000,1,1,102951622,1137,0,1137,0,0,2,54
13,360,21.600000,12.276000,1,1,102951633,1137,0,1137,0,0,2,54
13,360,21.600000,12.276000,1,1,102951643,1137,0,1137,0,0,2,54
13,360,21.600000,12.276000,1,1,102951654,1137,0,1137,0,0,2,54
13,360,21.600000,12.276000,1,1,102951664,1137,0,1137,0,0,2,54
13,360,21.600000,12.276000,1,1,102951675,1137,0,1137,0,0,2,54
13,360,21.600000,12.276000,1,1,102951685,1137,0,1137,0,0,2,54
13,360,21.600000,12.276000,1,1,102951695,1137,0,1137,0,0,2,54
13,360,21.600000,12.276000,1,1,102951706,1137,0,1137,0,0,2,54
13,360,21.600000,12.276000,1,1,102951716,1137,0,1137,0,0,2,54
13,360,21.600000,12.276000,1,1,102951726,1137,0,1137,0,0,2,54
