13,720,21.600000,0.000000,1,1,102993973,600,22,600,22,0,2,79
13,720,21.600000,0.000000,1,1,102993975,600,22,600,22,0,2,79
13,720,21.600000,0.000000,1,1,102993985,600,22,600,22,0,2,79
13,720,21.600000,0.000000,1,1,102993996,600,22,600,22,0,2,79
13,720,21.600000,0.000000,1,1,102994005,600,22,600,22,0,2,79
13,720,21.600000,0.000000,1,1,102994016,601,22,601,22,0,2,79
13,720,21.600000,0.000000,1,1,102994026,603,21,603,21,0,2,79
13,720,21.600000,0.000000,1,1,102994038,606,19,606,19,0,2,79
13,720,21.600000,0.000000,1,1,102994049,610,18,610,18,0,2,79
13,720,21.600000,0.000000,1,1,102994060,615,16,615,16,0,2,79
13,720,21.600000,0.000000,1,1,102994071,622,13,622,13,0,2,79
13,720,21.600000,0.000000,1,1,102994082,632,9,632,9,0,2,79
13,720,21.600000,0.000000,1,1,102994093,643,6,643,6,0,2,79
13,720,21.600000,0.000000,1,1,102994103,658,2,658,2,0,2,79
13,720,21.600000,0.000000,1,1,102994114,677,0,677,-2,0,2,79
13,720,21.600000,0.000000,1,1,102994126,695,0,695,-5,0,2,79
13,720,21.600000,0.000000,1,1,102994137,718,0,718,-9,0,2,79
13,720,21.600000,0.000000,1,1,102994148,744,0,744,-12,0,2,79
13,720,21.600000,0.000000,1,1,102994158,768,0,768,-15,0,2,79
13,720,21.600000,0.000000,1,1,102994168,795,0,795,-18,0,2,79
13,720,21.600000,0.000000,1,1,102994180,826,0,826,-20,0,2,79
13,720,21.600000,0.000000,1,1,102994192,855,0,855,-22,0,2,79
13,720,21.600000,0.000000,1,1,102994202,887,0,887,-22,0,2,79
13,720,21.600000,0.000000,1,1,102994213,919,0,919,-23,0,2,79
13,720,21.600000,0.000000,1,1,102994224,952,0,952,-24,0,2,79
13,720,21.600000,0.000000,1,1,102994236,976,0,976,-24,0,2,79
13,720,21.600000,0.000000,1,1,102994246,1010,0,1010,-24,0,2,79
13,720,21.600000,0.000000,1,1,102994258,1036,0,1036,-24,0,2,79
13,720,21.600000,0.000000,1,1,102994269,1062,0,1062,-24,0,2,79
13,720,21.600000,0.000000,1,1,102994280,1084,0,1084,-24,0,2,79
13,720,21.600000,0.000000,1,1,102994290,1110,0,1110,-25,0,2,79
13,720,21.600000,0.000000,1,1,102994300,1131,0,1131,-25,0,2,79
13,720,21.600000,0.000000,1,1,102994311,1153,0,1153,-26,0,2,79
13,720,21.600000,0.000000,1,1,102994321,1176,0,1176,-27,0,2,79
13,720,21.600000,0.000000,1,1,102994332,1197,0,1197,-28,0,2,79
13,720,21.600000,0.000000,1,1,102994343,1215,0,1215,-28,0,2,79
13,720,21.600000,0.000000,1,1,102994353,1232,0,1232,-29,0,2,79
13,720,21.600000,0.000000,1,1,102994364,1243,0,1243,-30,0,2,79
13,720,21.600000,0.000000,1,1,102994375,1252,0,1252,-31,0,2,79
13,720,21.600000,0.000000,1,1,102994385,1258,0,1258,-31,0,2,79
13,720,21.600000,0.000000,1,1,102994396,1262,0,1262,-31,0,2,79
13,720,21.600000,0.000000,1,1,102994406,1265,0,1265,-31,0,2,79
13,720,21.600000,0.000000,1,1,102994417,1266,0,1266,-32,0,2,79
13,720,21.600000,0.000000,1,1,102994428,1266,0,1266,-32,0,2,79
13,720,21.600000,0.000000,1,1,102994438,1266,0,1266,-32,0,2,79
13,720,21.600000,0.000000,1,1,102994449,1266,0,1266,-32,0,2,79
13,720,21.600000,0.000000,1,1,102994467,1267,0,1267,-32,0,2,79
13,720,21.600000,0.000000,1,1,102994477,1267,0,1267,-32,0,2,79
13,720,21.600000,0.000000,1,1,102994492,1267,0,1267,-32,0,2,79
13,720,21.600000,0.000000,1,1,102994505,1267,0,1267,-32,0,2,79
13,720,21.600000,0.000000,1,1,102994516,1267,0,1267,-32,0,2,79
13,720,21.600000,0.000000,1,1,102994526,1268,0,1268,-32,0,2,79
13,720,21.600000,0.000000,1,1,102994537,1269,0,1269,-32,0,2,79
13,720,21.600000,0.000000,1,1,102994548,1272,0,1272,-32,0,2,79
13,720,21.600000,0.000000,1,1,102994559,1274,0,1274,-32,0,2,79
13,720,21.600000,0.000000,1,1,102994569,1275,0,1275,-33,0,2,79
13,720,21.600000,0.000000,1,1,102994579,1276,0,1276,-33,0,2,79
13,720,21.600000,0.000000,1,1,102994590,1276,0,1276,-33,0,2,79
13,720,21.600000,0.000000,1,1,102994600,1277,0,1277,-33,0,2,79
13,720,21.600000,0.000000,1,1,102994610,1278,0,1278,-33,0,2,79
13,720,21.600000,0.000000,1,1,102994621,1280,0,1280,-33,0,2,79
13,720,21.600000,0.000000,1,1,102994632,1283,0,1283,-33,0,2,79
13,720,21.600000,0.000000,1,1,102994643,1287,0,1287,-33,0,2,79
13,720,21.600000,0.000000,1,1,102994654,1290,0,1290,-34,0,2,79
13,720,21.600000,0.000000,1,1,102994664,1293,0,1293,-34,0,2,79
13,720,21.600000,0.000000,1,1,102994674,1295,0,1295,-35,0,2,79
13,720,21.600000,0.000000,1,1,102994685,1296,0,1296,-35,0,2,79
13,720,21.600000,0.000000,1,1,102994695,1298,0,1298,-35,0,2,79
13,720,21.600000,0.000000,1,1,102994705,1300,0,1300,-35,0,2,79
13,720,21.600000,0.000000,1,1,102994715,1302,0,1302,-35,0,2,79
13,720,21.600000,0.000000,1,1,102994727,1302,0,1302,-35,0,2,79
13,720,21.600000,0.000000,1,1,102994737,1303,0,1303,-35,0,2,79
13,720,21.600000,0.000000,1,1,102994748,1303,0,1303,-35,0,2,79
13,720,21.600000,0.000000,1,1,102994758,1303,0,1303,-35,0,2,79
13,720,21.600000,0.000000,1,1,102994768,1303,0,1303,-35,0,2,79
13,720,21.600000,0.000000,1,1,102994778,1303,0,1303,-35,0,2,79
13,720,21.600000,0.000000,1,1,102994789,1303,0,1303,-35,0,2,79
13,720,21.600000,0.000000,1,1,102994799,1305,0,1305,-36,0,2,79
13,720,21.600000,0.000000,1,1,102994809,1307,0,1307,-36,0,2,79
13,720,21.600000,0.000000,1,1,102994819,1309,0,1309,-36,0,2,79
13,720,21.600000,0.000000,1,1,102994830,1312,0,1312,-36,0,2,79
13,720,21.600000,0.000000,1,1,102994840,1314,0,1314,-37,0,2,79
13,720,21.600000,0.000000,1,1,102994850,1315,0,1315,-37,0,2,79
13,720,21.600000,0.000000,1,1,102994861,1316,0,1316,-37,0,2,79
13,720,21.600000,0.000000,1,1,102994871,1316,0,1316,-37,0,2,79
13,720,21.600000,0.000000,1,1,102994881,1316,0,1316,-37,0,2,79
13,720,21.600000,0.000000,1,1,102994891,1316,0,1316,-37,0,2,79
13,720,21.600000,0.000000,1,1,102994902,1317,0,1317,-37,0,2,79
13,720,21.600000,0.000000,1,1,102994912,1317,0,1317,-37,0,2,79
13,720,21.600000,0.000000,1,1,102994922,1317,0,1317,-37,0,2,79
13,720,21.600000,0.000000,1,1,102994933,1317,0,1317,-37,0,2,79
13,720,21.600000,0.000000,1,1,102994944,1317,0,1317,-37,0,2,79
13,720,21.600000,0.000000,1,1,102994955,1317,0,1317,-37,0,2,79
13,720,21.600000,0.000000,1,1,102994965,1317,0,1317,-37,0,2,79
13,720,21.600000,0.000000,1,1,102994974,1317,0,1317,-37,0,2,79
