13,360,21.600000,12.276000,0,0,103011578,780,0,780,0,0,2,90
13,360,21.600000,12.276000,0,0,103011579,780,0,780,0,0,2,90
13,360,21.600000,12.276000,0,0,103011590,782,0,782,-1,0,2,90
13,360,21.600000,12.276000,0,0,103011601,785,0,785,-2,0,2,90
13,360,21.600000,12.276000,0,0,103011613,790,0,790,-4,0,2,90
13,360,21.600000,12.276000,0,0,103011624,797,0,797,-5,0,2,90
13,360,21.600000,12.276000,0,0,103011643,806,0,806,-8,0,2,90
13,360,21.600000,12.276000,0,0,103011654,830,0,830,-12,0,2,90
13,360,21.600000,12.276000,0,0,103011674,847,0,847,-15,0,2,90
13,360,21.600000,12.276000,0,0,103011685,887,0,887,-21,0,2,90
13,360,21.600000,12.276000,0,0,103011696,909,0,909,-23,0,2,90
13,360,21.600000,12.276000,0,0,103011707,934,0,934,-26,0,2,90
13,360,21.600000,12.276000,0,0,103011718,956,0,956,-28,0,2,90
13,360,21.600000,12.276000,0,0,103011738,975,0,975,-29,0,2,90
13,360,21.600000,12.276000,0,0,103011749,1007,0,1007,-30,0,2,90
13,360,21.600000,12.276000,0,0,103011760,1022,0,1022,-30,0,2,90
13,360,21.600000,12.276000,0,0,103011771,1037,0,1037,-30,0,2,90
13,360,21.600000,12.276000,0,0,103011783,1050,0,1050,-31,0,2,90
13,360,21.600000,12.276000,0,0,103011795,1064,0,1064,-31,0,2,90
13,360,21.600000,12.276000,0,0,103011805,1079,0,1079,-32,0,2,90
13,360,21.600000,12.276000,0,0,103011816,1090,0,1090,-32,0,2,90
13,360,21.600000,12.276000,0,0,103011826,1100,0,1100,-32,0,2,90
13,360,21.600000,12.276000,0,0,103011838,1108,0,1108,-33,0,2,90
13,360,21.600000,12.276000,0,0,103011849,1117,0,1117,-34,0,2,90
13,360,21.600000,12.276000,0,0,103011859,1123,0,1123,-34,0,2,90
13,360,21.600000,12.276000,0,0,103011870,1128,0,1128,-34,0,2,90
13,360,21.600000,12.276000,0,0,103011880,1130,0,1130,-35,0,2,90
13,360,21.600000,12.276000,0,0,103011891,1130,0,1130,-35,0,2,90
13,360,21.600000,12.276000,0,0,103011901,1130,0,1130,-35,0,2,90
13,360,21.600000,12.276000,0,0,103011912,1130,0,1130,-35,0,2,90
13,360,21.600000,12.276000,0,0,103011922,1130,0,1130,-35,0,2,90
13,360,21.600000,12.276000,0,0,103011932,1130,0,1130,-35,0,2,90
13,360,21.600000,12.276000,0,0,103011942,1130,0,1130,-35,0,2,90
13,360,21.600000,12.276000,0,0,103011960,1130,0,1130,-35,0,2,90
13,360,21.600000,12.276000,0,0,103011970,1130,0,1130,-35,0,2,90
13,360,21.600000,12.276000,0,0,103011981,1130,0,1130,-35,0,2,90
13,360,21.600000,12.276000,0,0,103011991,1130,0,1130,-35,0,2,90
13,360,21.600000,12.276000,0,0,103012001,1130,0,1130,-35,0,2,90
13,360,21.600000,12.276000,0,0,103012011,1130,0,1130,-35,0,2,90
13,360,21.600000,12.276000,0,0,103012022,1130,0,1130,-35,0,2,90
13,360,21.600000,12.276000,0,0,103012032,1130,0,1130,-35,0,2,90
13,360,21.600000,12.276000,0,0,103012042,1130,0,1130,-35,0,2,90
13,360,21.600000,12.276000,0,0,103012052,1130,0,1130,-35,0,2,90
13,360,21.600000,12.276000,0,0,103012071,1130,0,1130,-35,0,2,90
13,360,21.600000,12.276000,0,0,103012081,1130,0,1130,-35,0,2,90
13,360,21.600000,12.276000,0,0,103012091,1130,0,1130,-35,0,2,90
13,360,21.600000,12.276000,0,0,103012101,1130,0,1130,-35,0,2,90
13,360,21.600000,12.276000,0,0,103012111,1130,0,1130,-35,0,2,90
13,360,21.600000,12.276000,0,0,103012121,1130,0,1130,-35,0,2,90
13,360,21.600000,12.276000,0,0,103012131,1130,0,1130,-35,0,2,90
13,360,21.600000,12.276000,0,0,103012142,1130,0,1130,-35,0,2,90
13,360,21.600000,12.276000,0,0,103012152,1130,0,1130,-35,0,2,90
13,360,21.600000,12.276000,0,0,103012162,1130,0,1130,-35,0,2,90
13,360,21.600000,12.276000,0,0,103012181,1130,0,1130,-35,0,2,90
13,360,21.600000,12.276000,0,0,103012193,1130,0,1130,-35,0,2,90
13,360,21.600000,12.276000,0,0,103012203,1130,0,1130,-35,0,2,90
13,360,21.600000,12.276000,0,0,103012213,1130,0,1130,-35,0,2,90
13,360,21.600000,12.276000,0,0,103012223,1130,0,1130,-35,0,2,90
13,360,21.600000,12.276000,0,0,103012233,1130,0,1130,-35,0,2,90
13,360,21.600000,12.276000,0,0,103012243,1130,0,1130,-35,0,2,90
13,360,21.600000,12.276000,0,0,103012253,1130,0,1130,-35,0,2,90
13,360,21.600000,12.276000,0,0,103012263,1130,0,1130,-35,0,2,90
13,360,21.600000,12.276000,0,0,103012273,1130,0,1130,-35,0,2,90
13,360,21.600000,12.276000,0,0,103012283,1130,0,1130,-35,0,2,90
13,360,21.600000,12.276000,0,0,103012293,1130,0,1130,-35,0,2,90
13,360,21.600000,12.276000,0,0,103012303,1130,0,1130,-35,0,2,90
13,360,21.600000,12.276000,0,0,103012313,1130,0,1130,-35,0,2,90
13,360,21.600000,12.276000,0,0,103012323,1130,0,1130,-35,0,2,90
13,360,21.600000,12.276000,0,0,103012333,1130,0,1130,-35,0,2,90
13,360,21.600000,12.276000,0,0,103012343,1130,0,1130,-35,0,2,90
13,360,21.600000,12.276000,0,0,103012353,1130,0,1130,-35,0,2,90
13,360,21.600000,12.276000,0,0,103012363,1130,0,1130,-35,0,2,90
13,360,21.600000,12.276000,0,0,103012372,1130,0,1130,-35,0,2,90
13,360,21.600000,12.276000,0,0,103012383,1131,0,1131,-35,0,2,90
13,360,21.600000,12.276000,0,0,103012392,1131,0,1131,-35,0,2,90
13,360,21.600000,12.276000,0,0,103012402,1132,0,1132,-35,0,2,90
13,360,21.600000,12.276000,0,0,103012412,1132,0,1132,-35,0,2,90
13,360,21.600000,12.276000,0,0,103012422,1133,0,1133,-35,0,2,90
13,360,21.600000,12.276000,0,0,103012432,1133,0,1133,-35,0,2,90
13,360,21.600000,12.276000,0,0,103012443,1133,0,1133,-35,0,2,90
13,360,21.600000,12.276000,0,0,103012453,1133,0,1133,-35,0,2,90
13,360,21.600000,12.276000,0,0,103012463,1133,0,1133,-35,0,2,90
13,360,21.600000,12.276000,0,0,103012473,1133,0,1133,-35,0,2,90
13,360,21.600000,12.276000,0,0,103012483,1133,0,1133,-35,0,2,90
13,360,21.600000,12.276000,0,0,103012493,1133,0,1133,-35,0,2,90
13,360,21.600000,12.276000,0,0,103012503,1134,0,1134,-35,0,2,90
13,360,21.600000,12.276000,0,0,103012513,1137,0,1137,-35,0,2,90
13,360,21.600000,12.276000,0,0,103012523,1139,0,1139,-35,0,2,90
13,360,21.600000,12.276000,0,0,103012534,1141,0,1141,-35,0,2,90
13,360,21.600000,12.276000,0,0,103012546,1144,0,1144,-35,0,2,90
13,360,21.600000,12.276000,0,0,103012556,1144,0,1144,-35,0,2,90
13,360,21.600000,12.276000,0,0,103012566,1144,0,1144,-35,0,2,90
13,360,21.600000,12.276000,0,0,103012576,1144,0,1144,-35,0,2,90
13,360,21.600000,12.276000,0,0,103012587,1144,0,1144,-35,0,2,90
13,360,21.600000,12.276000,0,0,103012597,1144,0,1144,-35,0,2,90
13,360,21.600000,12.276000,0,0,103012608,1144,0,1144,-35,0,2,90
13,360,21.600000,12.276000,0,0,103012619,1144,0,1144,-35,0,2,90
13,360,21.600000,12.276000,0,0,103012629,1144,0,1144,-35,0,2,90
13,360,21.600000,12.276000,0,0,103012640,1144,0,1144,-35,0,2,90
13,360,21.600000,12.276000,0,0,103012649,1144,0,1144,-35,0,2,90
