13,360,21.600000,42.984000,1,1,103117500,780,22,780,22,0,3,30
13,360,21.600000,42.984000,1,1,103117501,780,22,780,22,0,3,30
13,360,21.600000,42.984000,1,1,103117511,781,22,781,22,0,3,30
13,360,21.600000,42.984000,1,1,103117521,782,22,782,22,0,3,30
13,360,21.600000,42.984000,1,1,103117532,783,22,783,22,0,3,30
13,360,21.600000,42.984000,1,1,103117542,783,21,783,21,0,3,30
13,360,21.600000,42.984000,1,1,103117554,784,21,784,21,0,3,30
13,360,21.600000,42.984000,1,1,103117566,787,21,787,21,0,3,30
13,360,21.600000,42.984000,1,1,103117576,791,21,791,21,0,3,30
13,360,21.600000,42.984000,1,1,103117587,796,20,796,20,0,3,30
13,360,21.600000,42.984000,1,1,103117598,804,19,804,19,0,3,30
13,360,21.600000,42.984000,1,1,103117609,815,18,815,18,0,3,30
13,360,21.600000,42.984000,1,1,103117622,828,16,828,16,0,3,30
13,360,21.600000,42.984000,1,1,103117633,849,14,849,14,0,3,30
13,360,21.600000,42.984000,1,1,103117645,872,12,872,12,0,3,30
13,360,21.600000,42.984000,1,1,103117656,903,8,903,8,0,3,30
13,360,21.600000,42.984000,1,1,103117667,939,5,939,5,0,3,30
13,360,21.600000,42.984000,1,1,103117678,976,1,976,1,0,3,30
13,360,21.600000,42.984000,1,1,103117688,1013,0,1013,-3,0,3,30
13,360,21.600000,42.984000,1,1,103117708,1052,0,1052,-7,0,3,30
13,360,21.600000,42.984000,1,1,103117719,1104,0,1104,-12,0,3,30
13,360,21.600000,42.984000,1,1,103117730,1123,0,1123,-14,0,3,30
13,360,21.600000,42.984000,1,1,103117742,1137,0,1137,-15,0,3,30
13,360,21.600000,42.984000,1,1,103117752,1145,0,1145,-16,0,3,30
13,360,21.600000,42.984000,1,1,103117763,1149,0,1149,-17,0,3,30
13,360,21.600000,42.984000,1,1,103117773,1151,0,1151,-17,0,3,30
13,360,21.600000,42.984000,1,1,103117784,1153,0,1153,-17,0,3,30
13,360,21.600000,42.984000,1,1,103117795,1154,0,1154,-17,0,3,30
13,360,21.600000,42.984000,1,1,103117807,1155,0,1155,-17,0,3,30
13,360,21.600000,42.984000,1,1,103117817,1159,0,1159,-18,0,3,30
13,360,21.600000,42.984000,1,1,103117829,1163,0,1163,-18,0,3,30
13,360,21.600000,42.984000,1,1,103117840,1170,0,1170,-19,0,3,30
13,360,21.600000,42.984000,1,1,103117851,1176,0,1176,-20,0,3,30
13,360,21.600000,42.984000,1,1,103117862,1180,0,1180,-21,0,3,30
13,360,21.600000,42.984000,1,1,103117873,1182,0,1182,-21,0,3,30
13,360,21.600000,42.984000,1,1,103117884,1183,0,1183,-21,0,3,30
13,360,21.600000,42.984000,1,1,103117895,1184,0,1184,-21,0,3,30
13,360,21.600000,42.984000,1,1,103117904,1184,0,1184,-21,0,3,30
13,360,21.600000,42.984000,1,1,103117916,1184,0,1184,-21,0,3,30
13,360,21.600000,42.984000,1,1,103117926,1184,0,1184,-21,0,3,30
13,360,21.600000,42.984000,1,1,103117937,1184,0,1184,-21,0,3,30
13,360,21.600000,42.984000,1,1,103117946,1184,0,1184,-21,0,3,30
13,360,21.600000,42.984000,1,1,103117955,1184,0,1184,-21,0,3,30
13,360,21.600000,42.984000,1,1,103117973,1184,0,1184,-21,0,3,30
13,360,21.600000,42.984000,1,1,103117983,1183,0,1183,-21,0,3,30
13,360,21.600000,42.984000,1,1,103117993,1183,0,1183,-21,0,3,30
13,360,21.600000,42.984000,1,1,103118004,1182,0,1182,-21,0,3,30
13,360,21.600000,42.984000,1,1,103118014,1180,0,1180,-21,0,3,30
13,360,21.600000,42.984000,1,1,103118026,1177,0,1177,-21,0,3,30
13,360,21.600000,42.984000,1,1,103118037,1173,0,1173,-21,0,3,30
13,360,21.600000,42.984000,1,1,103118046,1170,0,1170,-21,0,3,30
13,360,21.600000,42.984000,1,1,103118057,1168,0,1168,-21,0,3,30
13,360,21.600000,42.984000,1,1,103118069,1166,0,1166,-21,0,3,30
13,360,21.600000,42.984000,1,1,103118081,1163,0,1163,-21,0,3,30
13,360,21.600000,42.984000,1,1,103118100,1159,0,1159,-21,0,3,30
13,360,21.600000,42.984000,1,1,103118110,1153,0,1153,-21,0,3,30
13,360,21.600000,42.984000,1,1,103118120,1152,0,1152,-21,0,3,30
13,360,21.600000,42.984000,1,1,103118131,1151,0,1151,-21,0,3,30
13,360,21.600000,42.984000,1,1,103118141,1150,0,1150,-21,0,3,30
13,360,21.600000,42.984000,1,1,103118151,1149,0,1149,-21,0,3,30
13,360,21.600000,42.984000,1,1,103118161,1149,0,1149,-21,0,3,30
13,360,21.600000,42.984000,1,1,103118180,1149,0,1149,-21,0,3,30
13,360,21.600000,42.984000,1,1,103118190,1149,0,1149,-21,0,3,30
13,360,21.600000,42.984000,1,1,103118200,1149,0,1149,-21,0,3,30
13,360,21.600000,42.984000,1,1,103118210,1149,0,1149,-21,0,3,30
13,360,21.600000,42.984000,1,1,103118219,1149,0,1149,-21,0,3,30
13,360,21.600000,42.984000,1,1,103118229,1149,0,1149,-21,0,3,30
13,360,21.600000,42.984000,1,1,103118239,1149,0,1149,-21,0,3,30
13,360,21.600000,42.984000,1,1,103118259,1149,0,1149,-21,0,3,30
13,360,21.600000,42.984000,1,1,103118269,1149,0,1149,-21,0,3,30
13,360,21.600000,42.984000,1,1,103118279,1149,0,1149,-21,0,3,30
13,360,21.600000,42.984000,1,1,103118289,1149,0,1149,-21,0,3,30
13,360,21.600000,42.984000,1,1,103118299,1149,0,1149,-21,0,3,30
13,360,21.600000,42.984000,1,1,103118309,1149,0,1149,-21,0,3,30
13,360,21.600000,42.984000,1,1,103118318,1149,0,1149,-21,0,3,30
