13,720,50.400000,22.608000,1,0,103244350,600,0,600,0,0,3,103
13,720,50.400000,22.608000,1,0,103244351,600,0,600,0,0,3,103
13,720,50.400000,22.608000,1,0,103244361,600,0,600,0,0,3,103
13,720,50.400000,22.608000,1,0,103244372,600,0,600,0,0,3,103
13,720,50.400000,22.608000,1,0,103244382,600,0,600,0,0,3,103
13,720,50.400000,22.608000,1,0,103244392,600,0,600,0,0,3,103
13,720,50.400000,22.608000,1,0,103244403,600,0,600,0,0,3,103
13,720,50.400000,22.608000,1,0,103244413,600,0,600,0,0,3,103
13,720,50.400000,22.608000,1,0,103244424,600,0,600,0,0,3,103
13,720,50.400000,22.608000,1,0,103244435,602,0,602,0,0,3,103
13,720,50.400000,22.608000,1,0,103244455,607,0,607,0,0,3,103
13,720,50.400000,22.608000,1,0,103244465,626,0,626,-3,0,3,103
13,720,50.400000,22.608000,1,0,103244477,642,0,642,-5,0,3,103
13,720,50.400000,22.608000,1,0,103244488,666,0,666,-8,0,3,103
13,720,50.400000,22.608000,1,0,103244498,693,0,693,-11,0,3,103
13,720,50.400000,22.608000,1,0,103244510,722,0,722,-15,0,3,103
13,720,50.400000,22.608000,1,0,103244520,754,0,754,-19,0,3,103
13,720,50.400000,22.608000,1,0,103244530,783,0,783,-23,0,3,103
13,720,50.400000,22.608000,1,0,103244542,811,0,811,-27,0,3,103
13,720,50.400000,22.608000,1,0,103244552,842,0,842,-32,0,3,103
13,720,50.400000,22.608000,1,0,103244563,872,0,872,-37,0,3,103
13,720,50.400000,22.608000,1,0,103244574,904,0,904,-43,0,3,103
13,720,50.400000,22.608000,1,0,103244585,928,0,928,-48,0,3,103
13,720,50.400000,22.608000,1,0,103244596,954,0,954,-53,0,3,103
13,720,50.400000,22.608000,1,0,103244607,978,0,978,-57,0,3,103
13,720,50.400000,22.608000,1,0,103244618,1000,0,1000,-60,0,3,103
13,720,50.400000,22.608000,1,0,103244629,1023,0,1023,-65,0,3,103
13,720,50.400000,22.608000,1,0,103244641,1046,0,1046,-69,0,3,103
13,720,50.400000,22.608000,1,0,103244652,1068,0,1068,-73,0,3,103
13,720,50.400000,22.608000,1,0,103244662,1087,0,1087,-76,0,3,103
13,720,50.400000,22.608000,1,0,103244673,1102,0,1102,-79,0,3,103
13,720,50.400000,22.608000,1,0,103244683,1117,0,1117,-81,0,3,103
13,720,50.400000,22.608000,1,0,103244694,1129,0,1129,-83,0,3,103
13,720,50.400000,22.608000,1,0,103244705,1142,0,1142,-85,0,3,103
13,720,50.400000,22.608000,1,0,103244715,1155,0,1155,-87,0,3,103
13,720,50.400000,22.608000,1,0,103244725,1166,0,1166,-89,0,3,103
13,720,50.400000,22.608000,1,0,103244736,1175,0,1175,-90,0,3,103
13,720,50.400000,22.608000,1,0,103244747,1182,0,1182,-92,0,3,103
13,720,50.400000,22.608000,1,0,103244758,1189,0,1189,-93,0,3,103
13,720,50.400000,22.608000,1,0,103244768,1194,0,1194,-94,0,3,103
13,720,50.400000,22.608000,1,0,103244778,1199,0,1199,-95,0,3,103
13,720,50.400000,22.608000,1,0,103244790,1203,0,1203,-96,0,3,103
13,720,50.400000,22.608000,1,0,103244800,1207,0,1207,-96,0,3,103
13,720,50.400000,22.608000,1,0,103244812,1210,0,1210,-97,0,3,103
13,720,50.400000,22.608000,1,0,103244822,1216,0,1216,-98,0,3,103
13,720,50.400000,22.608000,1,0,103244833,1224,0,1224,-100,0,3,103
13,720,50.400000,22.608000,1,0,103244844,1230,0,1230,-101,0,3,103
13,720,50.400000,22.608000,1,0,103244855,1237,0,1237,-103,0,3,103
13,720,50.400000,22.608000,1,0,103244867,1246,0,1246,-105,0,3,103
13,720,50.400000,22.608000,1,0,103244879,1256,0,1256,-107,0,3,103
13,720,50.400000,22.608000,1,0,103244891,1266,0,1266,-110,0,3,103
13,720,50.400000,22.608000,1,0,103244901,1273,0,1273,-112,0,3,103
13,720,50.400000,22.608000,1,0,103244912,1279,0,1279,-114,0,3,103
13,720,50.400000,22.608000,1,0,103244924,1284,0,1284,-116,0,3,103
13,720,50.400000,22.608000,1,0,103244935,1286,0,1286,-117,0,3,103
13,720,50.400000,22.608000,1,0,103244946,1288,0,1288,-118,0,3,103
13,720,50.400000,22.608000,1,0,103244957,1288,0,1288,-118,0,3,103
13,720,50.400000,22.608000,1,0,103244967,1289,0,1289,-118,0,3,103
13,720,50.400000,22.608000,1,0,103244977,1289,0,1289,-118,0,3,103
13,720,50.400000,22.608000,1,0,103244988,1289,0,1289,-119,0,3,103
13,720,50.400000,22.608000,1,0,103244999,1289,0,1289,-120,0,3,103
13,720,50.400000,22.608000,1,0,103245009,1289,0,1289,-120,0,3,103
13,720,50.400000,22.608000,1,0,103245019,1289,0,1289,-120,0,3,103
13,720,50.400000,22.608000,1,0,103245030,1289,0,1289,-120,0,3,103
13,720,50.400000,22.608000,1,0,103245040,1289,0,1289,-120,0,3,103
13,720,50.400000,22.608000,1,0,103245051,1290,0,1290,-120,0,3,103
13,720,50.400000,22.608000,1,0,103245062,1291,0,1291,-120,0,3,103
13,720,50.400000,22.608000,1,0,103245072,1292,0,1292,-121,0,3,103
13,720,50.400000,22.608000,1,0,103245083,1293,0,1293,-121,0,3,103
13,720,50.400000,22.608000,1,0,103245093,1294,0,1294,-122,0,3,103
13,720,50.400000,22.608000,1,0,103245106,1297,0,1297,-122,0,3,103
13,720,50.400000,22.608000,1,0,103245117,1301,0,1301,-124,0,3,103
13,720,50.400000,22.608000,1,0,103245128,1304,0,1304,-125,0,3,103
13,720,50.400000,22.608000,1,0,103245138,1307,0,1307,-126,0,3,103
13,720,50.400000,22.608000,1,0,103245149,1308,0,1308,-127,0,3,103
13,720,50.400000,22.608000,1,0,103245160,1310,0,1310,-128,0,3,103
13,720,50.400000,22.608000,1,0,103245170,1310,0,1310,-128,0,3,103
