13,720,82.800000,12.276000,1,0,103086411,600,0,600,0,0,3,11
13,720,82.800000,12.276000,1,0,103086413,600,0,600,0,0,3,11
13,720,82.800000,12.276000,1,0,103086423,600,0,600,0,0,3,11
13,720,82.800000,12.276000,1,0,103086433,600,0,600,0,0,3,11
13,720,82.800000,12.276000,1,0,103086444,600,0,600,0,0,3,11
13,720,82.800000,12.276000,1,0,103086455,600,0,600,0,0,3,11
13,720,82.800000,12.276000,1,0,103086464,600,0,600,0,0,3,11
13,720,82.800000,12.276000,1,0,103086475,600,0,600,0,0,3,11
13,720,82.800000,12.276000,1,0,103086486,600,0,600,0,0,3,11
13,720,82.800000,12.276000,1,0,103086496,600,0,600,0,0,3,11
13,720,82.800000,12.276000,1,0,103086509,601,0,601,0,0,3,11
13,720,82.800000,12.276000,1,0,103086520,605,0,605,0,0,3,11
13,720,82.800000,12.276000,1,0,103086532,612,0,612,0,0,3,11
13,720,82.800000,12.276000,1,0,103086543,623,0,623,-2,0,3,11
13,720,82.800000,12.276000,1,0,103086553,639,0,639,-3,0,3,11
13,720,82.800000,12.276000,1,0,103086563,658,0,658,-5,0,3,11
13,720,82.800000,12.276000,1,0,103086574,682,0,682,-7,0,3,11
13,720,82.800000,12.276000,1,0,103086584,706,0,706,-8,0,3,11
13,720,82.800000,12.276000,1,0,103086594,735,0,735,-10,0,3,11
13,720,82.800000,12.276000,1,0,103086605,773,0,773,-13,0,3,11
13,720,82.800000,12.276000,1,0,103086615,807,0,807,-15,0,3,11
13,720,82.800000,12.276000,1,0,103086627,843,0,843,-18,0,3,11
13,720,82.800000,12.276000,1,0,103086638,887,0,887,-21,0,3,11
13,720,82.800000,12.276000,1,0,103086648,921,0,921,-25,0,3,11
13,720,82.800000,12.276000,1,0,103086659,952,0,952,-28,0,3,11
13,720,82.800000,12.276000,1,0,103086670,977,0,977,-30,0,3,11
13,720,82.800000,12.276000,1,0,103086682,1003,0,1003,-33,0,3,11
13,720,82.800000,12.276000,1,0,103086693,1027,0,1027,-35,0,3,11
13,720,82.800000,12.276000,1,0,103086704,1047,0,1047,-37,0,3,11
13,720,82.800000,12.276000,1,0,103086714,1066,0,1066,-40,0,3,11
13,720,82.800000,12.276000,1,0,103086725,1080,0,1080,-42,0,3,11
13,720,82.800000,12.276000,1,0,103086737,1096,0,1096,-44,0,3,11
13,720,82.800000,12.276000,1,0,103086748,1111,0,1111,-45,0,3,11
13,720,82.800000,12.276000,1,0,103086759,1123,0,1123,-46,0,3,11
13,720,82.800000,12.276000,1,0,103086770,1135,0,1135,-48,0,3,11
13,720,82.800000,12.276000,1,0,103086781,1145,0,1145,-49,0,3,11
13,720,82.800000,12.276000,1,0,103086792,1154,0,1154,-50,0,3,11
13,720,82.800000,12.276000,1,0,103086803,1161,0,1161,-51,0,3,11
13,720,82.800000,12.276000,1,0,103086813,1168,0,1168,-52,0,3,11
13,720,82.800000,12.276000,1,0,103086824,1175,0,1175,-53,0,3,11
13,720,82.800000,12.276000,1,0,103086836,1181,0,1181,-53,0,3,11
13,720,82.800000,12.276000,1,0,103086846,1187,0,1187,-55,0,3,11
13,720,82.800000,12.276000,1,0,103086856,1192,0,1192,-55,0,3,11
13,720,82.800000,12.276000,1,0,103086867,1196,0,1196,-56,0,3,11
13,720,82.800000,12.276000,1,0,103086878,1201,0,1201,-57,0,3,11
13,720,82.800000,12.276000,1,0,103086889,1205,0,1205,-58,0,3,11
13,720,82.800000,12.276000,1,0,103086900,1209,0,1209,-59,0,3,11
13,720,82.800000,12.276000,1,0,103086911,1213,0,1213,-60,0,3,11
13,720,82.800000,12.276000,1,0,103086922,1218,0,1218,-61,0,3,11
13,720,82.800000,12.276000,1,0,103086932,1222,0,1222,-62,0,3,11
13,720,82.800000,12.276000,1,0,103086943,1229,0,1229,-63,0,3,11
13,720,82.800000,12.276000,1,0,103086953,1237,0,1237,-65,0,3,11
13,720,82.800000,12.276000,1,0,103086965,1245,0,1245,-67,0,3,11
13,720,82.800000,12.276000,1,0,103086976,1254,0,1254,-69,0,3,11
13,720,82.800000,12.276000,1,0,103086987,1263,0,1263,-71,0,3,11
13,720,82.800000,12.276000,1,0,103086998,1271,0,1271,-73,0,3,11
13,720,82.800000,12.276000,1,0,103087009,1280,0,1280,-76,0,3,11
13,720,82.800000,12.276000,1,0,103087020,1287,0,1287,-78,0,3,11
13,720,82.800000,12.276000,1,0,103087030,1292,0,1292,-80,0,3,11
13,720,82.800000,12.276000,1,0,103087041,1296,0,1296,-81,0,3,11
13,720,82.800000,12.276000,1,0,103087052,1299,0,1299,-82,0,3,11
13,720,82.800000,12.276000,1,0,103087062,1299,0,1299,-82,0,3,11
13,720,82.800000,12.276000,1,0,103087072,1299,0,1299,-83,0,3,11
13,720,82.800000,12.276000,1,0,103087083,1299,0,1299,-83,0,3,11
13,720,82.800000,12.276000,1,0,103087093,1299,0,1299,-83,0,3,11
13,720,82.800000,12.276000,1,0,103087104,1299,0,1299,-83,0,3,11
13,720,82.800000,12.276000,1,0,103087114,1299,0,1299,-83,0,3,11
13,720,82.800000,12.276000,1,0,103087124,1299,0,1299,-83,0,3,11
