13,720,82.800000,0.000000,1,0,103205426,600,0,600,0,0,3,80
13,720,82.800000,0.000000,1,0,103205427,600,0,600,0,0,3,80
13,720,82.800000,0.000000,1,0,103205437,600,0,600,0,0,3,80
13,720,82.800000,0.000000,1,0,103205447,600,0,600,0,0,3,80
13,720,82.800000,0.000000,1,0,103205458,600,0,600,0,0,3,80
13,720,82.800000,0.000000,1,0,103205468,600,0,600,0,0,3,80
13,720,82.800000,0.000000,1,0,103205479,600,0,600,0,0,3,80
13,720,82.800000,0.000000,1,0,103205491,600,0,600,0,0,3,80
13,720,82.800000,0.000000,1,0,103205502,600,0,600,0,0,3,80
13,720,82.800000,0.000000,1,0,103205513,600,0,600,0,0,3,80
13,720,82.800000,0.000000,1,0,103205524,602,0,602,0,0,3,80
13,720,82.800000,0.000000,1,0,103205536,607,0,607,0,0,3,80
13,720,82.800000,0.000000,1,0,103205547,620,0,620,-2,0,3,80
13,720,82.800000,0.000000,1,0,103205559,639,0,639,-4,0,3,80
13,720,82.800000,0.000000,1,0,103205571,667,0,667,-7,0,3,80
13,720,82.800000,0.000000,1,0,103205582,698,0,698,-9,0,3,80
13,720,82.800000,0.000000,1,0,103205593,728,0,728,-11,0,3,80
13,720,82.800000,0.000000,1,0,103205603,765,0,765,-14,0,3,80
13,720,82.800000,0.000000,1,0,103205614,812,0,812,-18,0,3,80
13,720,82.800000,0.000000,1,0,103205625,863,0,863,-24,0,3,80
13,720,82.800000,0.000000,1,0,103205637,904,0,904,-28,0,3,80
13,720,82.800000,0.000000,1,0,103205654,948,0,948,-34,0,3,80
13,720,82.800000,0.000000,1,0,103205664,1013,0,1013,-41,0,3,80
13,720,82.800000,0.000000,1,0,103205674,1048,0,1048,-44,0,3,80
13,720,82.800000,0.000000,1,0,103205686,1079,0,1079,-47,0,3,80
13,720,82.800000,0.000000,1,0,103205696,1105,0,1105,-50,0,3,80
13,720,82.800000,0.000000,1,0,103205708,1127,0,1127,-52,0,3,80
13,720,82.800000,0.000000,1,0,103205718,1144,0,1144,-53,0,3,80
13,720,82.800000,0.000000,1,0,103205729,1156,0,1156,-54,0,3,80
13,720,82.800000,0.000000,1,0,103205749,1165,0,1165,-55,0,3,80
13,720,82.800000,0.000000,1,0,103205760,1174,0,1174,-56,0,3,80
13,720,82.800000,0.000000,1,0,103205771,1177,0,1177,-56,0,3,80
13,720,82.800000,0.000000,1,0,103205781,1179,0,1179,-56,0,3,80
13,720,82.800000,0.000000,1,0,103205792,1180,0,1180,-56,0,3,80
13,720,82.800000,0.000000,1,0,103205802,1181,0,1181,-56,0,3,80
13,720,82.800000,0.000000,1,0,103205812,1182,0,1182,-56,0,3,80
13,720,82.800000,0.000000,1,0,103205824,1184,0,1184,-56,0,3,80
13,720,82.800000,0.000000,1,0,103205835,1187,0,1187,-56,0,3,80
13,720,82.800000,0.000000,1,0,103205847,1191,0,1191,-56,0,3,80
13,720,82.800000,0.000000,1,0,103205858,1198,0,1198,-57,0,3,80
13,720,82.800000,0.000000,1,0,103205869,1208,0,1208,-58,0,3,80
13,720,82.800000,0.000000,1,0,103205880,1217,0,1217,-59,0,3,80
13,720,82.800000,0.000000,1,0,103205891,1225,0,1225,-60,0,3,80
13,720,82.800000,0.000000,1,0,103205902,1232,0,1232,-61,0,3,80
13,720,82.800000,0.000000,1,0,103205922,1237,0,1237,-61,0,3,80
13,720,82.800000,0.000000,1,0,103205932,1241,0,1241,-62,0,3,80
13,720,82.800000,0.000000,1,0,103205944,1243,0,1243,-62,0,3,80
13,720,82.800000,0.000000,1,0,103205955,1246,0,1246,-62,0,3,80
13,720,82.800000,0.000000,1,0,103205967,1250,0,1250,-62,0,3,80
13,720,82.800000,0.000000,1,0,103205978,1256,0,1256,-64,0,3,80
13,720,82.800000,0.000000,1,0,103205989,1265,0,1265,-65,0,3,80
13,720,82.800000,0.000000,1,0,103206000,1272,0,1272,-66,0,3,80
13,720,82.800000,0.000000,1,0,103206010,1281,0,1281,-67,0,3,80
13,720,82.800000,0.000000,1,0,103206021,1290,0,1290,-68,0,3,80
13,720,82.800000,0.000000,1,0,103206031,1300,0,1300,-70,0,3,80
13,720,82.800000,0.000000,1,0,103206043,1308,0,1308,-71,0,3,80
13,720,82.800000,0.000000,1,0,103206053,1314,0,1314,-72,0,3,80
13,720,82.800000,0.000000,1,0,103206064,1318,0,1318,-73,0,3,80
13,720,82.800000,0.000000,1,0,103206074,1320,0,1320,-74,0,3,80
13,720,82.800000,0.000000,1,0,103206085,1321,0,1321,-74,0,3,80
13,720,82.800000,0.000000,1,0,103206095,1321,0,1321,-74,0,3,80
13,720,82.800000,0.000000,1,0,103206106,1321,0,1321,-74,0,3,80
13,720,82.800000,0.000000,1,0,103206117,1321,0,1321,-74,0,3,80
13,720,82.800000,0.000000,1,0,103206127,1321,0,1321,-74,0,3,80
13,720,82.800000,0.000000,1,0,103206137,1321,0,1321,-74,0,3,80
13,720,82.800000,0.000000,1,0,103206146,1321,0,1321,-74,0,3,80
