13,720,50.400000,12.276000,0,0,103203697,600,0,600,0,0,3,79
13,720,50.400000,12.276000,0,0,103203698,600,0,600,0,0,3,79
13,720,50.400000,12.276000,0,0,103203708,600,0,600,0,0,3,79
13,720,50.400000,12.276000,0,0,103203718,600,0,600,0,0,3,79
13,720,50.400000,12.276000,0,0,103203728,600,0,600,0,0,3,79
13,720,50.400000,12.276000,0,0,103203738,600,0,600,0,0,3,79
13,720,50.400000,12.276000,0,0,103203748,600,0,600,0,0,3,79
13,720,50.400000,12.276000,0,0,103203759,600,0,600,0,0,3,79
13,720,50.400000,12.276000,0,0,103203769,600,0,600,0,0,3,79
13,720,50.400000,12.276000,0,0,103203780,600,0,600,0,0,3,79
13,720,50.400000,12.276000,0,0,103203790,600,0,600,0,0,3,79
13,720,50.400000,12.276000,0,0,103203800,600,0,600,0,0,3,79
13,720,50.400000,12.276000,0,0,103203811,600,0,600,0,0,3,79
13,720,50.400000,12.276000,0,0,103203821,600,0,600,0,0,3,79
13,720,50.400000,12.276000,0,0,103203833,601,0,601,0,0,3,79
13,720,50.400000,12.276000,0,0,103203844,604,0,604,-1,0,3,79
13,720,50.400000,12.276000,0,0,103203854,611,0,611,-2,0,3,79
13,720,50.400000,12.276000,0,0,103203865,619,0,619,-3,0,3,79
13,720,50.400000,12.276000,0,0,103203876,627,0,627,-4,0,3,79
13,720,50.400000,12.276000,0,0,103203887,636,0,636,-6,0,3,79
13,720,50.400000,12.276000,0,0,103203898,644,0,644,-8,0,3,79
13,720,50.400000,12.276000,0,0,103203908,656,0,656,-11,0,3,79
13,720,50.400000,12.276000,0,0,103203920,670,0,670,-13,0,3,79
13,720,50.400000,12.276000,0,0,103203930,687,0,687,-16,0,3,79
13,720,50.400000,12.276000,0,0,103203941,705,0,705,-19,0,3,79
13,720,50.400000,12.276000,0,0,103203952,724,0,724,-22,0,3,79
13,720,50.400000,12.276000,0,0,103203964,748,0,748,-26,0,3,79
13,720,50.400000,12.276000,0,0,103203975,782,0,782,-31,0,3,79
13,720,50.400000,12.276000,0,0,103203986,818,0,818,-36,0,3,79
13,720,50.400000,12.276000,0,0,103203997,858,0,858,-41,0,3,79
13,720,50.400000,12.276000,0,0,103204008,901,0,901,-46,0,3,79
13,720,50.400000,12.276000,0,0,103204018,947,0,947,-51,0,3,79
13,720,50.400000,12.276000,0,0,103204028,985,0,985,-54,0,3,79
13,720,50.400000,12.276000,0,0,103204039,1019,0,1019,-57,0,3,79
13,720,50.400000,12.276000,0,0,103204050,1048,0,1048,-60,0,3,79
13,720,50.400000,12.276000,0,0,103204062,1072,0,1072,-62,0,3,79
13,720,50.400000,12.276000,0,0,103204073,1094,0,1094,-63,0,3,79
13,720,50.400000,12.276000,0,0,103204085,1116,0,1116,-65,0,3,79
13,720,50.400000,12.276000,0,0,103204096,1134,0,1134,-67,0,3,79
13,720,50.400000,12.276000,0,0,103204107,1149,0,1149,-68,0,3,79
13,720,50.400000,12.276000,0,0,103204116,1159,0,1159,-69,0,3,79
13,720,50.400000,12.276000,0,0,103204127,1168,0,1168,-70,0,3,79
13,720,50.400000,12.276000,0,0,103204139,1175,0,1175,-71,0,3,79
13,720,50.400000,12.276000,0,0,103204151,1182,0,1182,-72,0,3,79
13,720,50.400000,12.276000,0,0,103204161,1187,0,1187,-72,0,3,79
13,720,50.400000,12.276000,0,0,103204172,1190,0,1190,-72,0,3,79
13,720,50.400000,12.276000,0,0,103204182,1194,0,1194,-73,0,3,79
13,720,50.400000,12.276000,0,0,103204192,1198,0,1198,-73,0,3,79
13,720,50.400000,12.276000,0,0,103204204,1203,0,1203,-74,0,3,79
13,720,50.400000,12.276000,0,0,103204214,1210,0,1210,-74,0,3,79
13,720,50.400000,12.276000,0,0,103204225,1219,0,1219,-75,0,3,79
13,720,50.400000,12.276000,0,0,103204237,1230,0,1230,-76,0,3,79
13,720,50.400000,12.276000,0,0,103204247,1243,0,1243,-77,0,3,79
13,720,50.400000,12.276000,0,0,103204258,1257,0,1257,-78,0,3,79
13,720,50.400000,12.276000,0,0,103204268,1273,0,1273,-80,0,3,79
13,720,50.400000,12.276000,0,0,103204279,1285,0,1285,-81,0,3,79
13,720,50.400000,12.276000,0,0,103204289,1297,0,1297,-82,0,3,79
13,720,50.400000,12.276000,0,0,103204300,1306,0,1306,-83,0,3,79
13,720,50.400000,12.276000,0,0,103204311,1311,0,1311,-84,0,3,79
13,720,50.400000,12.276000,0,0,103204321,1315,0,1315,-84,0,3,79
13,720,50.400000,12.276000,0,0,103204332,1317,0,1317,-84,0,3,79
13,720,50.400000,12.276000,0,0,103204343,1319,0,1319,-84,0,3,79
13,720,50.400000,12.276000,0,0,103204353,1319,0,1319,-84,0,3,79
13,720,50.400000,12.276000,0,0,103204364,1319,0,1319,-84,0,3,79
13,720,50.400000,12.276000,0,0,103204374,1319,0,1319,-84,0,3,79
13,720,50.400000,12.276000,0,0,103204384,1319,0,1319,-85,0,3,79
13,720,50.400000,12.276000,0,0,103204395,1319,0,1319,-86,0,3,79
13,720,50.400000,12.276000,0,0,103204405,1319,0,1319,-86,0,3,79
13,720,50.400000,12.276000,0,0,103204416,1319,0,1319,-86,0,3,79
13,720,50.400000,12.276000,0,0,103204426,1319,0,1319,-86,0,3,79
13,720,50.400000,12.276000,0,0,103204436,1319,0,1319,-86,0,3,79
13,720,50.400000,12.276000,0,0,103204446,1319,0,1319,-86,0,3,79
13,720,50.400000,12.276000,0,0,103204456,1319,0,1319,-86,0,3,79
13,720,50.400000,12.276000,0,0,103204466,1319,0,1319,-86,0,3,79
13,720,50.400000,12.276000,0,0,103204477,1319,0,1319,-86,0,3,79
13,720,50.400000,12.276000,0,0,103204487,1319,0,1319,-86,0,3,79
13,720,50.400000,12.276000,0,0,103204498,1319,0,1319,-86,0,3,79
13,720,50.400000,12.276000,0,0,103204508,1319,0,1319,-86,0,3,79
13,720,50.400000,12.276000,0,0,103204518,1319,0,1319,-86,0,3,79
13,720,50.400000,12.276000,0,0,103204528,1319,0,1319,-86,0,3,79
13,720,50.400000,12.276000,0,0,103204538,1319,0,1319,-86,0,3,79
13,720,50.400000,12.276000,0,0,103204549,1319,0,1319,-86,0,3,79
13,720,50.400000,12.276000,0,0,103204559,1319,0,1319,-86,0,3,79
13,720,50.400000,12.276000,0,0,103204569,1319,0,1319,-86,0,3,79
13,720,50.400000,12.276000,0,0,103204577,1319,0,1319,-86,0,3,79
