13,360,21.600000,10000.000000,0,0,103069187,780,0,780,0,0,3,2
13,360,21.600000,10000.000000,0,0,103069188,780,0,780,0,0,3,2
13,360,21.600000,10000.000000,0,0,103069199,780,0,780,0,0,3,2
13,360,21.600000,10000.000000,0,0,103069209,780,0,780,0,0,3,2
13,360,21.600000,10000.000000,0,0,103069219,780,0,780,0,0,3,2
13,360,21.600000,10000.000000,0,0,103069230,781,0,781,0,0,3,2
13,360,21.600000,10000.000000,0,0,103069241,783,0,783,0,0,3,2
13,360,21.600000,10000.000000,0,0,103069251,787,0,787,0,0,3,2
13,360,21.600000,10000.000000,0,0,103069262,793,0,793,-2,0,3,2
13,360,21.600000,10000.000000,0,0,103069274,802,0,802,-4,0,3,2
13,360,21.600000,10000.000000,0,0,103069285,814,0,814,-5,0,3,2
13,360,21.600000,10000.000000,0,0,103069296,829,0,829,-8,0,3,2
13,360,21.600000,10000.000000,0,0,103069309,846,0,846,-11,0,3,2
13,360,21.600000,10000.000000,0,0,103069320,865,0,865,-14,0,3,2
13,360,21.600000,10000.000000,0,0,103069332,888,0,888,-17,0,3,2
13,360,21.600000,10000.000000,0,0,103069342,913,0,913,-19,0,3,2
13,360,21.600000,10000.000000,0,0,103069353,933,0,933,-20,0,3,2
13,360,21.600000,10000.000000,0,0,103069363,953,0,953,-21,0,3,2
13,360,21.600000,10000.000000,0,0,103069374,972,0,972,-23,0,3,2
13,360,21.600000,10000.000000,0,0,103069385,984,0,984,-24,0,3,2
13,360,21.600000,10000.000000,0,0,103069395,995,0,995,-25,0,3,2
13,360,21.600000,10000.000000,0,0,103069405,1003,0,1003,-26,0,3,2
13,360,21.600000,10000.000000,0,0,103069416,1010,0,1010,-27,0,3,2
13,360,21.600000,10000.000000,0,0,103069426,1015,0,1015,-27,0,3,2
13,360,21.600000,10000.000000,0,0,103069437,1019,0,1019,-27,0,3,2
13,360,21.600000,10000.000000,0,0,103069448,1023,0,1023,-28,0,3,2
13,360,21.600000,10000.000000,0,0,103069459,1027,0,1027,-28,0,3,2
13,360,21.600000,10000.000000,0,0,103069470,1030,0,1030,-28,0,3,2
13,360,21.600000,10000.000000,0,0,103069481,1034,0,1034,-28,0,3,2
13,360,21.600000,10000.000000,0,0,103069492,1038,0,1038,-28,0,3,2
13,360,21.600000,10000.000000,0,0,103069502,1042,0,1042,-28,0,3,2
13,360,21.600000,10000.000000,0,0,103069514,1046,0,1046,-28,0,3,2
13,360,21.600000,10000.000000,0,0,103069525,1052,0,1052,-29,0,3,2
13,360,21.600000,10000.000000,0,0,103069536,1058,0,1058,-29,0,3,2
13,360,21.600000,10000.000000,0,0,103069547,1063,0,1063,-29,0,3,2
13,360,21.600000,10000.000000,0,0,103069558,1068,0,1068,-29,0,3,2
13,360,21.600000,10000.000000,0,0,103069569,1073,0,1073,-30,0,3,2
13,360,21.600000,10000.000000,0,0,103069595,1077,0,1077,-31,0,3,2
13,360,21.600000,10000.000000,0,0,103069606,1083,0,1083,-31,0,3,2
13,360,21.600000,10000.000000,0,0,103069617,1085,0,1085,-31,0,3,2
13,360,21.600000,10000.000000,0,0,103069628,1089,0,1089,-32,0,3,2
13,360,21.600000,10000.000000,0,0,103069638,1093,0,1093,-32,0,3,2
13,360,21.600000,10000.000000,0,0,103069649,1101,0,1101,-32,0,3,2
13,360,21.600000,10000.000000,0,0,103069660,1110,0,1110,-33,0,3,2
13,360,21.600000,10000.000000,0,0,103069671,1120,0,1120,-34,0,3,2
13,360,21.600000,10000.000000,0,0,103069682,1130,0,1130,-35,0,3,2
13,360,21.600000,10000.000000,0,0,103069692,1139,0,1139,-36,0,3,2
13,360,21.600000,10000.000000,0,0,103069703,1144,0,1144,-37,0,3,2
13,360,21.600000,10000.000000,0,0,103069714,1149,0,1149,-38,0,3,2
13,360,21.600000,10000.000000,0,0,103069725,1152,0,1152,-38,0,3,2
13,360,21.600000,10000.000000,0,0,103069736,1153,0,1153,-38,0,3,2
13,360,21.600000,10000.000000,0,0,103069747,1153,0,1153,-38,0,3,2
13,360,21.600000,10000.000000,0,0,103069757,1153,0,1153,-38,0,3,2
13,360,21.600000,10000.000000,0,0,103069767,1153,0,1153,-38,0,3,2
13,360,21.600000,10000.000000,0,0,103069778,1153,0,1153,-38,0,3,2
13,360,21.600000,10000.000000,0,0,103069788,1153,0,1153,-38,0,3,2
13,360,21.600000,10000.000000,0,0,103069799,1153,0,1153,-38,0,3,2
13,360,21.600000,10000.000000,0,0,103069810,1153,0,1153,-38,0,3,2
13,360,21.600000,10000.000000,0,0,103069821,1153,0,1153,-38,0,3,2
13,360,21.600000,10000.000000,0,0,103069832,1153,0,1153,-38,0,3,2
13,360,21.600000,10000.000000,0,0,103069843,1153,0,1153,-38,0,3,2
13,360,21.600000,10000.000000,0,0,103069854,1153,0,1153,-38,0,3,2
13,360,21.600000,10000.000000,0,0,103069864,1153,0,1153,-38,0,3,2
13,360,21.600000,10000.000000,0,0,103069875,1153,0,1153,-38,0,3,2
13,360,21.600000,10000.000000,0,0,103069885,1153,0,1153,-38,0,3,2
13,360,21.600000,10000.000000,0,0,103069896,1153,0,1153,-38,0,3,2
13,360,21.600000,10000.000000,0,0,103069907,1153,0,1153,-38,0,3,2
13,360,21.600000,10000.000000,0,0,103069917,1152,0,1152,-38,0,3,2
13,360,21.600000,10000.000000,0,0,103069927,1152,0,1152,-38,0,3,2
13,360,21.600000,10000.000000,0,0,103069938,1151,0,1151,-38,0,3,2
13,360,21.600000,10000.000000,0,0,103069949,1148,0,1148,-38,0,3,2
13,360,21.600000,10000.000000,0,0,103069960,1144,0,1144,-38,0,3,2
13,360,21.600000,10000.000000,0,0,103069970,1140,0,1140,-38,0,3,2
13,360,21.600000,10000.000000,0,0,103069980,1138,1,1138,-37,0,3,2
13,360,21.600000,10000.000000,0,0,103069990,1137,1,1137,-37,0,3,2
13,360,21.600000,10000.000000,0,0,103070000,1137,1,1137,-37,0,3,2
13,360,21.600000,10000.000000,0,0,103070011,1137,1,1137,-37,0,3,2
13,360,21.600000,10000.000000,0,0,103070021,1137,1,1137,-37,0,3,2
13,360,21.600000,10000.000000,0,0,103070031,1137,1,1137,-37,0,3,2
13,360,21.600000,10000.000000,0,0,103070041,1137,1,1137,-37,0,3,2
13,360,21.600000,10000.000000,0,0,103070051,1137,1,1137,-37,0,3,2
13,360,21.600000,10000.000000,0,0,103070061,1137,1,1137,-37,0,3,2
13,360,21.600000,10000.000000,0,0,103070071,1137,1,1137,-37,0,3,2
13,360,21.600000,10000.000000,0,0,103070081,1137,1,1137,-37,0,3,2
13,360,21.600000,10000.000000,0,0,103070091,1137,1,1137,-37,0,3,2
13,360,21.600000,10000.000000,0,0,103070101,1137,1,1137,-37,0,3,2
13,360,21.600000,10000.000000,0,0,103070111,1137,1,1137,-37,0,3,2
13,360,21.600000,10000.000000,0,0,103070121,1137,1,1137,-37,0,3,2
13,360,21.600000,10000.000000,0,0,103070131,1137,1,1137,-37,0,3,2
