13,360,50.400000,12.276000,0,1,103112871,780,22,780,22,0,3,27
13,360,50.400000,12.276000,0,1,103112872,780,22,780,22,0,3,27
13,360,50.400000,12.276000,0,1,103112883,780,22,780,22,0,3,27
13,360,50.400000,12.276000,0,1,103112894,780,22,780,22,0,3,27
13,360,50.400000,12.276000,0,1,103112904,780,22,780,22,0,3,27
13,360,50.400000,12.276000,0,1,103112915,780,22,780,22,0,3,27
13,360,50.400000,12.276000,0,1,103112936,780,22,780,22,0,3,27
13,360,50.400000,12.276000,0,1,103112947,784,22,784,22,0,3,27
13,360,50.400000,12.276000,0,1,103112958,788,22,788,22,0,3,27
13,360,50.400000,12.276000,0,1,103112969,794,22,794,22,0,3,27
13,360,50.400000,12.276000,0,1,103112980,802,22,802,22,0,3,27
13,360,50.400000,12.276000,0,1,103112992,815,20,815,20,0,3,27
13,360,50.400000,12.276000,0,1,103113003,834,17,834,17,0,3,27
13,360,50.400000,12.276000,0,1,103113015,862,14,862,14,0,3,27
13,360,50.400000,12.276000,0,1,103113026,894,10,894,10,0,3,27
13,360,50.400000,12.276000,0,1,103113048,927,7,927,7,0,3,27
13,360,50.400000,12.276000,0,1,103113059,987,0,987,0,0,3,27
13,360,50.400000,12.276000,0,1,103113068,1011,0,1011,-3,0,3,27
13,360,50.400000,12.276000,0,1,103113079,1036,0,1036,-6,0,3,27
13,360,50.400000,12.276000,0,1,103113090,1053,0,1053,-8,0,3,27
13,360,50.400000,12.276000,0,1,103113101,1066,0,1066,-10,0,3,27
13,360,50.400000,12.276000,0,1,103113112,1074,0,1074,-11,0,3,27
13,360,50.400000,12.276000,0,1,103113122,1080,0,1080,-12,0,3,27
13,360,50.400000,12.276000,0,1,103113133,1083,0,1083,-13,0,3,27
13,360,50.400000,12.276000,0,1,103113145,1086,0,1086,-13,0,3,27
13,360,50.400000,12.276000,0,1,103113155,1088,0,1088,-13,0,3,27
13,360,50.400000,12.276000,0,1,103113172,1090,0,1090,-14,0,3,27
13,360,50.400000,12.276000,0,1,103113183,1094,0,1094,-15,0,3,27
13,360,50.400000,12.276000,0,1,103113193,1098,0,1098,-15,0,3,27
13,360,50.400000,12.276000,0,1,103113205,1102,0,1102,-16,0,3,27
13,360,50.400000,12.276000,0,1,103113217,1108,0,1108,-16,0,3,27
13,360,50.400000,12.276000,0,1,103113228,1115,0,1115,-17,0,3,27
13,360,50.400000,12.276000,0,1,103113238,1122,0,1122,-19,0,3,27
13,360,50.400000,12.276000,0,1,103113248,1129,0,1129,-19,0,3,27
13,360,50.400000,12.276000,0,1,103113267,1133,0,1133,-20,0,3,27
13,360,50.400000,12.276000,0,1,103113277,1138,0,1138,-21,0,3,27
13,360,50.400000,12.276000,0,1,103113287,1138,0,1138,-21,0,3,27
13,360,50.400000,12.276000,0,1,103113298,1139,0,1139,-21,0,3,27
13,360,50.400000,12.276000,0,1,103113308,1140,0,1140,-21,0,3,27
13,360,50.400000,12.276000,0,1,103113318,1140,0,1140,-21,0,3,27
13,360,50.400000,12.276000,0,1,103113328,1141,0,1141,-21,0,3,27
13,360,50.400000,12.276000,0,1,103113345,1142,0,1142,-21,0,3,27
13,360,50.400000,12.276000,0,1,103113355,1145,0,1145,-22,0,3,27
13,360,50.400000,12.276000,0,1,103113365,1146,0,1146,-22,0,3,27
13,360,50.400000,12.276000,0,1,103113376,1147,0,1147,-22,0,3,27
13,360,50.400000,12.276000,0,1,103113387,1147,0,1147,-23,0,3,27
13,360,50.400000,12.276000,0,1,103113396,1147,0,1147,-23,0,3,27
13,360,50.400000,12.276000,0,1,103113408,1147,0,1147,-23,0,3,27
13,360,50.400000,12.276000,0,1,103113425,1147,0,1147,-23,0,3,27
13,360,50.400000,12.276000,0,1,103113435,1147,0,1147,-23,0,3,27
13,360,50.400000,12.276000,0,1,103113445,1147,0,1147,-23,0,3,27
13,360,50.400000,12.276000,0,1,103113456,1147,0,1147,-23,0,3,27
13,360,50.400000,12.276000,0,1,103113466,1147,0,1147,-23,0,3,27
