13,720,21.600000,10000.000000,0,1,103143449,600,22,600,22,0,3,44
13,720,21.600000,10000.000000,0,1,103143450,600,22,600,22,0,3,44
13,720,21.600000,10000.000000,0,1,103143461,600,22,600,22,0,3,44
13,720,21.600000,10000.000000,0,1,103143471,600,22,600,22,0,3,44
13,720,21.600000,10000.000000,0,1,103143483,600,22,600,22,0,3,44
13,720,21.600000,10000.000000,0,1,103143494,600,22,600,22,0,3,44
13,720,21.600000,10000.000000,0,1,103143505,600,22,600,22,0,3,44
13,720,21.600000,10000.000000,0,1,103143516,600,22,600,22,0,3,44
13,720,21.600000,10000.000000,0,1,103143526,600,22,600,22,0,3,44
13,720,21.600000,10000.000000,0,1,103143537,601,22,601,22,0,3,44
13,720,21.600000,10000.000000,0,1,103143548,603,22,603,22,0,3,44
13,720,21.600000,10000.000000,0,1,103143558,604,22,604,22,0,3,44
13,720,21.600000,10000.000000,0,1,103143570,607,20,607,20,0,3,44
13,720,21.600000,10000.000000,0,1,103143581,611,19,611,19,0,3,44
13,720,21.600000,10000.000000,0,1,103143591,618,17,618,17,0,3,44
13,720,21.600000,10000.000000,0,1,103143601,626,16,626,16,0,3,44
13,720,21.600000,10000.000000,0,1,103143613,636,14,636,14,0,3,44
13,720,21.600000,10000.000000,0,1,103143624,650,11,650,11,0,3,44
13,720,21.600000,10000.000000,0,1,103143635,669,7,669,7,0,3,44
13,720,21.600000,10000.000000,0,1,103143654,691,4,691,4,0,3,44
13,720,21.600000,10000.000000,0,1,103143665,742,0,742,-3,0,3,44
13,720,21.600000,10000.000000,0,1,103143676,777,0,777,-7,0,3,44
13,720,21.600000,10000.000000,0,1,103143687,811,0,811,-11,0,3,44
13,720,21.600000,10000.000000,0,1,103143697,848,0,848,-14,0,3,44
13,720,21.600000,10000.000000,0,1,103143707,878,0,878,-16,0,3,44
13,720,21.600000,10000.000000,0,1,103143718,911,0,911,-19,0,3,44
13,720,21.600000,10000.000000,0,1,103143728,938,0,938,-20,0,3,44
13,720,21.600000,10000.000000,0,1,103143739,960,0,960,-22,0,3,44
13,720,21.600000,10000.000000,0,1,103143750,986,0,986,-24,0,3,44
13,720,21.600000,10000.000000,0,1,103143760,1010,0,1010,-25,0,3,44
13,720,21.600000,10000.000000,0,1,103143771,1036,0,1036,-27,0,3,44
13,720,21.600000,10000.000000,0,1,103143782,1055,0,1055,-28,0,3,44
13,720,21.600000,10000.000000,0,1,103143792,1081,0,1081,-29,0,3,44
13,720,21.600000,10000.000000,0,1,103143803,1105,0,1105,-32,0,3,44
13,720,21.600000,10000.000000,0,1,103143813,1131,0,1131,-34,0,3,44
13,720,21.600000,10000.000000,0,1,103143824,1150,0,1150,-36,0,3,44
13,720,21.600000,10000.000000,0,1,103143835,1173,0,1173,-38,0,3,44
13,720,21.600000,10000.000000,0,1,103143845,1190,0,1190,-41,0,3,44
13,720,21.600000,10000.000000,0,1,103143856,1203,0,1203,-42,0,3,44
13,720,21.600000,10000.000000,0,1,103143868,1213,0,1213,-43,0,3,44
13,720,21.600000,10000.000000,0,1,103143878,1221,0,1221,-45,0,3,44
13,720,21.600000,10000.000000,0,1,103143890,1229,0,1229,-46,0,3,44
13,720,21.600000,10000.000000,0,1,103143909,1235,0,1235,-46,0,3,44
13,720,21.600000,10000.000000,0,1,103143920,1245,0,1245,-48,0,3,44
13,720,21.600000,10000.000000,0,1,103143931,1248,0,1248,-49,0,3,44
13,720,21.600000,10000.000000,0,1,103143942,1251,0,1251,-49,0,3,44
13,720,21.600000,10000.000000,0,1,103143953,1254,0,1254,-50,0,3,44
13,720,21.600000,10000.000000,0,1,103143964,1256,0,1256,-50,0,3,44
13,720,21.600000,10000.000000,0,1,103143974,1259,0,1259,-50,0,3,44
13,720,21.600000,10000.000000,0,1,103143986,1262,0,1262,-51,0,3,44
13,720,21.600000,10000.000000,0,1,103143997,1264,0,1264,-51,0,3,44
13,720,21.600000,10000.000000,0,1,103144008,1267,0,1267,-51,0,3,44
13,720,21.600000,10000.000000,0,1,103144019,1270,0,1270,-51,0,3,44
13,720,21.600000,10000.000000,0,1,103144029,1271,0,1271,-51,0,3,44
13,720,21.600000,10000.000000,0,1,103144040,1272,0,1272,-51,0,3,44
13,720,21.600000,10000.000000,0,1,103144051,1275,0,1275,-52,0,3,44
13,720,21.600000,10000.000000,0,1,103144063,1278,0,1278,-53,0,3,44
13,720,21.600000,10000.000000,0,1,103144074,1286,0,1286,-55,0,3,44
13,720,21.600000,10000.000000,0,1,103144085,1290,0,1290,-56,0,3,44
13,720,21.600000,10000.000000,0,1,103144095,1295,0,1295,-56,0,3,44
13,720,21.600000,10000.000000,0,1,103144106,1298,0,1298,-57,0,3,44
13,720,21.600000,10000.000000,0,1,103144116,1300,0,1300,-57,0,3,44
13,720,21.600000,10000.000000,0,1,103144127,1301,0,1301,-57,0,3,44
13,720,21.600000,10000.000000,0,1,103144137,1301,0,1301,-57,0,3,44
13,720,21.600000,10000.000000,0,1,103144147,1301,0,1301,-57,0,3,44
13,720,21.600000,10000.000000,0,1,103144158,1301,0,1301,-57,0,3,44
13,720,21.600000,10000.000000,0,1,103144176,1301,0,1301,-57,0,3,44
13,720,21.600000,10000.000000,0,1,103144187,1301,0,1301,-57,0,3,44
13,720,21.600000,10000.000000,0,1,103144198,1301,0,1301,-57,0,3,44
13,720,21.600000,10000.000000,0,1,103144209,1301,0,1301,-57,0,3,44
13,720,21.600000,10000.000000,0,1,103144220,1301,0,1301,-57,0,3,44
13,720,21.600000,10000.000000,0,1,103144231,1301,0,1301,-57,0,3,44
13,720,21.600000,10000.000000,0,1,103144242,1301,0,1301,-57,0,3,44
13,720,21.600000,10000.000000,0,1,103144253,1301,0,1301,-57,0,3,44
13,720,21.600000,10000.000000,0,1,103144272,1302,0,1302,-57,0,3,44
13,720,21.600000,10000.000000,0,1,103144284,1305,0,1305,-58,0,3,44
13,720,21.600000,10000.000000,0,1,103144294,1306,0,1306,-58,0,3,44
13,720,21.600000,10000.000000,0,1,103144304,1307,0,1307,-58,0,3,44
13,720,21.600000,10000.000000,0,1,103144314,1307,0,1307,-58,0,3,44
13,720,21.600000,10000.000000,0,1,103144325,1307,0,1307,-58,0,3,44
13,720,21.600000,10000.000000,0,1,103144335,1307,0,1307,-58,0,3,44
13,720,21.600000,10000.000000,0,1,103144345,1307,0,1307,-58,0,3,44
13,720,21.600000,10000.000000,0,1,103144355,1307,0,1307,-58,0,3,44
13,720,21.600000,10000.000000,0,1,103144366,1307,0,1307,-58,0,3,44
13,720,21.600000,10000.000000,0,1,103144376,1308,0,1308,-59,0,3,44
13,720,21.600000,10000.000000,0,1,103144386,1309,0,1309,-59,0,3,44
13,720,21.600000,10000.000000,0,1,103144396,1310,0,1310,-59,0,3,44
13,720,21.600000,10000.000000,0,1,103144407,1312,0,1312,-60,0,3,44
13,720,21.600000,10000.000000,0,1,103144417,1313,0,1313,-60,0,3,44
13,720,21.600000,10000.000000,0,1,103144427,1316,0,1316,-61,0,3,44
13,720,21.600000,10000.000000,0,1,103144439,1318,0,1318,-62,0,3,44
13,720,21.600000,10000.000000,0,1,103144448,1320,0,1320,-62,0,3,44
13,720,21.600000,10000.000000,0,1,103144458,1320,0,1320,-62,0,3,44
13,720,21.600000,10000.000000,0,1,103144470,1320,0,1320,-62,0,3,44
13,720,21.600000,10000.000000,0,1,103144480,1320,0,1320,-62,0,3,44
13,720,21.600000,10000.000000,0,1,103144490,1320,0,1320,-62,0,3,44
13,720,21.600000,10000.000000,0,1,103144500,1320,0,1320,-62,0,3,44
13,720,21.600000,10000.000000,0,1,103144510,1320,0,1320,-62,0,3,44
13,720,21.600000,10000.000000,0,1,103144520,1320,0,1320,-62,0,3,44
