13,720,50.400000,10000.000000,1,0,103470227,600,0,600,0,0,4,114
13,720,50.400000,10000.000000,1,0,103470229,600,0,600,0,0,4,114
13,720,50.400000,10000.000000,1,0,103470250,600,0,600,0,0,4,114
13,720,50.400000,10000.000000,1,0,103470261,600,0,600,0,0,4,114
13,720,50.400000,10000.000000,1,0,103470272,601,0,601,0,0,4,114
13,720,50.400000,10000.000000,1,0,103470284,604,0,604,-1,0,4,114
13,720,50.400000,10000.000000,1,0,103470294,610,0,610,-3,0,4,114
13,720,50.400000,10000.000000,1,0,103470309,618,0,618,-4,0,4,114
13,720,50.400000,10000.000000,1,0,103470319,634,0,634,-6,0,4,114
13,720,50.400000,10000.000000,1,0,103470330,649,0,649,-8,0,4,114
13,720,50.400000,10000.000000,1,0,103470341,672,0,672,-9,0,4,114
13,720,50.400000,10000.000000,1,0,103470352,697,0,697,-10,0,4,114
13,720,50.400000,10000.000000,1,0,103470363,728,0,728,-12,0,4,114
13,720,50.400000,10000.000000,1,0,103470374,768,0,768,-13,0,4,114
13,720,50.400000,10000.000000,1,0,103470384,810,0,810,-13,0,4,114
13,720,50.400000,10000.000000,1,0,103470395,853,0,853,-14,0,4,114
13,720,50.400000,10000.000000,1,0,103470405,902,0,902,-16,0,4,114
13,720,50.400000,10000.000000,1,0,103470416,944,0,944,-18,0,4,114
13,720,50.400000,10000.000000,1,0,103470427,992,0,992,-20,0,4,114
13,720,50.400000,10000.000000,1,0,103470438,1032,0,1032,-23,0,4,114
13,720,50.400000,10000.000000,1,0,103470449,1077,0,1077,-27,0,4,114
13,720,50.400000,10000.000000,1,0,103470460,1112,0,1112,-30,0,4,114
13,720,50.400000,10000.000000,1,0,103470470,1155,0,1155,-33,0,4,114
13,720,50.400000,10000.000000,1,0,103470481,1187,0,1187,-36,0,4,114
13,720,50.400000,10000.000000,1,0,103470491,1216,0,1216,-39,0,4,114
13,720,50.400000,10000.000000,1,0,103470501,1237,0,1237,-42,0,4,114
13,720,50.400000,10000.000000,1,0,103470512,1255,0,1255,-44,0,4,114
13,720,50.400000,10000.000000,1,0,103470522,1268,0,1268,-46,0,4,114
13,720,50.400000,10000.000000,1,0,103470532,1276,0,1276,-48,0,4,114
13,720,50.400000,10000.000000,1,0,103470543,1281,0,1281,-48,0,4,114
13,720,50.400000,10000.000000,1,0,103470561,1285,0,1285,-48,0,4,114
13,720,50.400000,10000.000000,1,0,103470572,1287,0,1287,-49,0,4,114
13,720,50.400000,10000.000000,1,0,103470583,1288,0,1288,-49,0,4,114
13,720,50.400000,10000.000000,1,0,103470594,1288,0,1288,-49,0,4,114
13,720,50.400000,10000.000000,1,0,103470604,1288,0,1288,-49,0,4,114
13,720,50.400000,10000.000000,1,0,103470615,1288,0,1288,-49,0,4,114
13,720,50.400000,10000.000000,1,0,103470625,1288,0,1288,-49,0,4,114
13,720,50.400000,10000.000000,1,0,103470636,1288,0,1288,-49,0,4,114
13,720,50.400000,10000.000000,1,0,103470646,1288,0,1288,-49,0,4,114
13,720,50.400000,10000.000000,1,0,103470657,1288,0,1288,-49,0,4,114
13,720,50.400000,10000.000000,1,0,103470667,1289,0,1289,-49,0,4,114
13,720,50.400000,10000.000000,1,0,103470678,1291,0,1291,-50,0,4,114
13,720,50.400000,10000.000000,1,0,103470689,1293,0,1293,-50,0,4,114
13,720,50.400000,10000.000000,1,0,103470700,1295,0,1295,-51,0,4,114
13,720,50.400000,10000.000000,1,0,103470710,1296,0,1296,-51,0,4,114
13,720,50.400000,10000.000000,1,0,103470721,1297,0,1297,-51,0,4,114
13,720,50.400000,10000.000000,1,0,103470731,1298,0,1298,-52,0,4,114
13,720,50.400000,10000.000000,1,0,103470742,1299,0,1299,-52,0,4,114
13,720,50.400000,10000.000000,1,0,103470752,1299,0,1299,-52,0,4,114
13,720,50.400000,10000.000000,1,0,103470762,1300,0,1300,-52,0,4,114
13,720,50.400000,10000.000000,1,0,103470772,1301,0,1301,-52,0,4,114
13,720,50.400000,10000.000000,1,0,103470783,1302,0,1302,-53,0,4,114
13,720,50.400000,10000.000000,1,0,103470794,1305,0,1305,-53,0,4,114
13,720,50.400000,10000.000000,1,0,103470805,1308,0,1308,-54,0,4,114
13,720,50.400000,10000.000000,1,0,103470816,1311,0,1311,-55,0,4,114
13,720,50.400000,10000.000000,1,0,103470826,1315,0,1315,-56,0,4,114
13,720,50.400000,10000.000000,1,0,103470837,1318,0,1318,-57,0,4,114
13,720,50.400000,10000.000000,1,0,103470848,1321,0,1321,-58,0,4,114
13,720,50.400000,10000.000000,1,0,103470858,1322,0,1322,-58,0,4,114
13,720,50.400000,10000.000000,1,0,103470869,1323,0,1323,-58,0,4,114
13,720,50.400000,10000.000000,1,0,103470879,1324,0,1324,-58,0,4,114
13,720,50.400000,10000.000000,1,0,103470890,1324,0,1324,-58,0,4,114
13,720,50.400000,10000.000000,1,0,103470900,1324,0,1324,-58,0,4,114
13,720,50.400000,10000.000000,1,0,103470911,1324,0,1324,-58,0,4,114
13,720,50.400000,10000.000000,1,0,103470921,1324,0,1324,-58,0,4,114
13,720,50.400000,10000.000000,1,0,103470931,1324,0,1324,-58,0,4,114
