13,720,82.800000,42.984000,0,1,103302606,600,22,600,22,0,4,18
13,720,82.800000,42.984000,0,1,103302606,600,22,600,22,0,4,18
13,720,82.800000,42.984000,0,1,103302616,600,22,600,22,0,4,18
13,720,82.800000,42.984000,0,1,103302627,600,22,600,22,0,4,18
13,720,82.800000,42.984000,0,1,103302637,600,22,600,22,0,4,18
13,720,82.800000,42.984000,0,1,103302648,600,22,600,22,0,4,18
13,720,82.800000,42.984000,0,1,103302658,600,22,600,22,0,4,18
13,720,82.800000,42.984000,0,1,103302668,600,22,600,22,0,4,18
13,720,82.800000,42.984000,0,1,103302678,600,22,600,22,0,4,18
13,720,82.800000,42.984000,0,1,103302688,600,22,600,22,0,4,18
13,720,82.800000,42.984000,0,1,103302699,602,21,602,21,0,4,18
13,720,82.800000,42.984000,0,1,103302709,605,20,605,20,0,4,18
13,720,82.800000,42.984000,0,1,103302720,610,18,610,18,0,4,18
13,720,82.800000,42.984000,0,1,103302730,616,15,616,15,0,4,18
13,720,82.800000,42.984000,0,1,103302742,627,13,627,13,0,4,18
13,720,82.800000,42.984000,0,1,103302752,641,10,641,10,0,4,18
13,720,82.800000,42.984000,0,1,103302763,661,7,661,7,0,4,18
13,720,82.800000,42.984000,0,1,103302773,681,3,681,3,0,4,18
13,720,82.800000,42.984000,0,1,103302784,713,0,713,-3,0,4,18
13,720,82.800000,42.984000,0,1,103302794,749,0,749,-9,0,4,18
13,720,82.800000,42.984000,0,1,103302804,789,0,789,-17,0,4,18
13,720,82.800000,42.984000,0,1,103302815,829,0,829,-24,0,4,18
13,720,82.800000,42.984000,0,1,103302826,874,0,874,-32,0,4,18
13,720,82.800000,42.984000,0,1,103302838,925,0,925,-42,0,4,18
13,720,82.800000,42.984000,0,1,103302849,960,0,960,-48,0,4,18
13,720,82.800000,42.984000,0,1,103302859,995,0,995,-55,0,4,18
13,720,82.800000,42.984000,0,1,103302869,1024,0,1024,-62,0,4,18
13,720,82.800000,42.984000,0,1,103302880,1052,0,1052,-67,0,4,18
13,720,82.800000,42.984000,0,1,103302890,1082,0,1082,-72,0,4,18
13,720,82.800000,42.984000,0,1,103302902,1111,0,1111,-78,0,4,18
13,720,82.800000,42.984000,0,1,103302913,1143,0,1143,-84,0,4,18
13,720,82.800000,42.984000,0,1,103302924,1167,0,1167,-89,0,4,18
13,720,82.800000,42.984000,0,1,103302935,1192,0,1192,-94,0,4,18
13,720,82.800000,42.984000,0,1,103302946,1214,0,1214,-98,0,4,18
13,720,82.800000,42.984000,0,1,103302956,1231,0,1231,-102,0,4,18
13,720,82.800000,42.984000,0,1,103302966,1244,0,1244,-105,0,4,18
13,720,82.800000,42.984000,0,1,103302977,1256,0,1256,-108,0,4,18
13,720,82.800000,42.984000,0,1,103302988,1266,0,1266,-110,0,4,18
13,720,82.800000,42.984000,0,1,103302999,1287,0,1287,-115,0,4,18
13,720,82.800000,42.984000,0,1,103303009,1293,0,1293,-117,0,4,18
13,720,82.800000,42.984000,0,1,103303019,1298,0,1298,-119,0,4,18
13,720,82.800000,42.984000,0,1,103303030,1302,0,1302,-120,0,4,18
13,720,82.800000,42.984000,0,1,103303040,1304,0,1304,-121,0,4,18
13,720,82.800000,42.984000,0,1,103303050,1304,0,1304,-121,0,4,18
13,720,82.800000,42.984000,0,1,103303061,1305,0,1305,-121,0,4,18
13,720,82.800000,42.984000,0,1,103303071,1306,0,1306,-121,0,4,18
13,720,82.800000,42.984000,0,1,103303081,1306,0,1306,-121,0,4,18
13,720,82.800000,42.984000,0,1,103303091,1306,0,1306,-121,0,4,18
13,720,82.800000,42.984000,0,1,103303101,1306,0,1306,-121,0,4,18
13,720,82.800000,42.984000,0,1,103303113,1307,0,1307,-122,0,4,18
13,720,82.800000,42.984000,0,1,103303123,1310,0,1310,-123,0,4,18
13,720,82.800000,42.984000,0,1,103303134,1312,0,1312,-124,0,4,18
13,720,82.800000,42.984000,0,1,103303144,1315,0,1315,-125,0,4,18
13,720,82.800000,42.984000,0,1,103303155,1317,0,1317,-126,0,4,18
13,720,82.800000,42.984000,0,1,103303165,1319,0,1319,-126,0,4,18
13,720,82.800000,42.984000,0,1,103303176,1321,0,1321,-127,0,4,18
13,720,82.800000,42.984000,0,1,103303187,1322,0,1322,-128,0,4,18
13,720,82.800000,42.984000,0,1,103303198,1322,0,1322,-128,0,4,18
13,720,82.800000,42.984000,0,1,103303209,1322,0,1322,-128,0,4,18
13,720,82.800000,42.984000,0,1,103303219,1322,0,1322,-128,0,4,18
13,720,82.800000,42.984000,0,1,103303229,1322,0,1322,-128,0,4,18
13,720,82.800000,42.984000,0,1,103303240,1322,0,1322,-128,0,4,18
13,720,82.800000,42.984000,0,1,103303251,1322,0,1322,-128,0,4,18
13,720,82.800000,42.984000,0,1,103303261,1322,0,1322,-128,0,4,18
