13,720,21.600000,12.276000,0,0,103309598,600,0,600,0,0,4,22
13,720,21.600000,12.276000,0,0,103309599,600,0,600,0,0,4,22
13,720,21.600000,12.276000,0,0,103309609,600,0,600,0,0,4,22
13,720,21.600000,12.276000,0,0,103309620,600,0,600,0,0,4,22
13,720,21.600000,12.276000,0,0,103309630,600,0,600,0,0,4,22
13,720,21.600000,12.276000,0,0,103309641,600,0,600,0,0,4,22
13,720,21.600000,12.276000,0,0,103309651,600,0,600,0,0,4,22
13,720,21.600000,12.276000,0,0,103309661,601,0,601,0,0,4,22
13,720,21.600000,12.276000,0,0,103309672,602,0,602,0,0,4,22
13,720,21.600000,12.276000,0,0,103309683,607,0,607,-1,0,4,22
13,720,21.600000,12.276000,0,0,103309694,616,0,616,-2,0,4,22
13,720,21.600000,12.276000,0,0,103309705,628,0,628,-3,0,4,22
13,720,21.600000,12.276000,0,0,103309716,648,0,648,-5,0,4,22
13,720,21.600000,12.276000,0,0,103309728,675,0,675,-7,0,4,22
13,720,21.600000,12.276000,0,0,103309738,711,0,711,-10,0,4,22
13,720,21.600000,12.276000,0,0,103309750,746,0,746,-11,0,4,22
13,720,21.600000,12.276000,0,0,103309760,784,0,784,-13,0,4,22
13,720,21.600000,12.276000,0,0,103309771,825,0,825,-15,0,4,22
13,720,21.600000,12.276000,0,0,103309783,864,0,864,-17,0,4,22
13,720,21.600000,12.276000,0,0,103309794,907,0,907,-21,0,4,22
13,720,21.600000,12.276000,0,0,103309805,946,0,946,-24,0,4,22
13,720,21.600000,12.276000,0,0,103309817,981,0,981,-28,0,4,22
13,720,21.600000,12.276000,0,0,103309828,1021,0,1021,-33,0,4,22
13,720,21.600000,12.276000,0,0,103309840,1051,0,1051,-37,0,4,22
13,720,21.600000,12.276000,0,0,103309851,1083,0,1083,-41,0,4,22
13,720,21.600000,12.276000,0,0,103309862,1115,0,1115,-44,0,4,22
13,720,21.600000,12.276000,0,0,103309872,1143,0,1143,-48,0,4,22
13,720,21.600000,12.276000,0,0,103309883,1177,0,1177,-52,0,4,22
13,720,21.600000,12.276000,0,0,103309893,1207,0,1207,-55,0,4,22
13,720,21.600000,12.276000,0,0,103309905,1237,0,1237,-59,0,4,22
13,720,21.600000,12.276000,0,0,103309915,1262,0,1262,-62,0,4,22
13,720,21.600000,12.276000,0,0,103309925,1281,0,1281,-64,0,4,22
13,720,21.600000,12.276000,0,0,103309936,1294,0,1294,-66,0,4,22
13,720,21.600000,12.276000,0,0,103309947,1304,0,1304,-68,0,4,22
13,720,21.600000,12.276000,0,0,103309959,1310,0,1310,-69,0,4,22
13,720,21.600000,12.276000,0,0,103309970,1314,0,1314,-70,0,4,22
13,720,21.600000,12.276000,0,0,103309980,1315,0,1315,-70,0,4,22
13,720,21.600000,12.276000,0,0,103309990,1315,0,1315,-70,0,4,22
13,720,21.600000,12.276000,0,0,103310001,1315,0,1315,-70,0,4,22
13,720,21.600000,12.276000,0,0,103310011,1315,0,1315,-70,0,4,22
13,720,21.600000,12.276000,0,0,103310021,1315,0,1315,-70,0,4,22
13,720,21.600000,12.276000,0,0,103310041,1315,0,1315,-70,0,4,22
13,720,21.600000,12.276000,0,0,103310051,1315,0,1315,-70,0,4,22
13,720,21.600000,12.276000,0,0,103310075,1315,0,1315,-70,0,4,22
13,720,21.600000,12.276000,0,0,103310086,1315,0,1315,-70,0,4,22
13,720,21.600000,12.276000,0,0,103310097,1315,0,1315,-70,0,4,22
13,720,21.600000,12.276000,0,0,103310108,1315,0,1315,-70,0,4,22
13,720,21.600000,12.276000,0,0,103310118,1315,0,1315,-70,0,4,22
13,720,21.600000,12.276000,0,0,103310128,1315,0,1315,-70,0,4,22
13,720,21.600000,12.276000,0,0,103310138,1315,0,1315,-70,0,4,22
13,720,21.600000,12.276000,0,0,103310149,1315,0,1315,-70,0,4,22
13,720,21.600000,12.276000,0,0,103310159,1315,0,1315,-70,0,4,22
13,720,21.600000,12.276000,0,0,103310169,1315,0,1315,-70,0,4,22
13,720,21.600000,12.276000,0,0,103310179,1315,0,1315,-70,0,4,22
13,720,21.600000,12.276000,0,0,103310190,1315,0,1315,-70,0,4,22
13,720,21.600000,12.276000,0,0,103310200,1315,0,1315,-70,0,4,22
13,720,21.600000,12.276000,0,0,103310210,1315,0,1315,-70,0,4,22
13,720,21.600000,12.276000,0,0,103310220,1315,0,1315,-70,0,4,22
13,720,21.600000,12.276000,0,0,103310230,1315,0,1315,-70,0,4,22
13,720,21.600000,12.276000,0,0,103310241,1315,0,1315,-70,0,4,22
13,720,21.600000,12.276000,0,0,103310250,1315,0,1315,-70,0,4,22
13,720,21.600000,12.276000,0,0,103310260,1315,0,1315,-70,0,4,22
13,720,21.600000,12.276000,0,0,103310270,1315,0,1315,-70,0,4,22
13,720,21.600000,12.276000,0,0,103310280,1315,0,1315,-70,0,4,22
13,720,21.600000,12.276000,0,0,103310290,1315,0,1315,-70,0,4,22
13,720,21.600000,12.276000,0,0,103310300,1315,0,1315,-70,0,4,22
