13,720,21.600000,42.984000,1,1,103340772,600,22,600,22,0,4,41
13,720,21.600000,42.984000,1,1,103340773,600,22,600,22,0,4,41
13,720,21.600000,42.984000,1,1,103340783,600,22,600,22,0,4,41
13,720,21.600000,42.984000,1,1,103340794,600,22,600,22,0,4,41
13,720,21.600000,42.984000,1,1,103340804,600,22,600,22,0,4,41
13,720,21.600000,42.984000,1,1,103340815,600,22,600,22,0,4,41
13,720,21.600000,42.984000,1,1,103340825,600,22,600,22,0,4,41
13,720,21.600000,42.984000,1,1,103340835,601,22,601,22,0,4,41
13,720,21.600000,42.984000,1,1,103340846,602,22,602,22,0,4,41
13,720,21.600000,42.984000,1,1,103340858,607,22,607,22,0,4,41
13,720,21.600000,42.984000,1,1,103340870,616,22,616,22,0,4,41
13,720,21.600000,42.984000,1,1,103340880,634,19,634,19,0,4,41
13,720,21.600000,42.984000,1,1,103340891,661,16,661,16,0,4,41
13,720,21.600000,42.984000,1,1,103340901,689,13,689,13,0,4,41
13,720,21.600000,42.984000,1,1,103340912,727,9,727,9,0,4,41
13,720,21.600000,42.984000,1,1,103340922,760,6,760,6,0,4,41
13,720,21.600000,42.984000,1,1,103340934,790,3,790,3,0,4,41
13,720,21.600000,42.984000,1,1,103340945,822,0,822,0,0,4,41
13,720,21.600000,42.984000,1,1,103340955,850,0,850,-3,0,4,41
13,720,21.600000,42.984000,1,1,103340967,877,0,877,-6,0,4,41
13,720,21.600000,42.984000,1,1,103340978,906,0,906,-8,0,4,41
13,720,21.600000,42.984000,1,1,103340989,933,0,933,-11,0,4,41
13,720,21.600000,42.984000,1,1,103340999,959,0,959,-12,0,4,41
13,720,21.600000,42.984000,1,1,103341010,989,0,989,-13,0,4,41
13,720,21.600000,42.984000,1,1,103341021,1015,0,1015,-14,0,4,41
13,720,21.600000,42.984000,1,1,103341032,1041,0,1041,-15,0,4,41
13,720,21.600000,42.984000,1,1,103341043,1067,0,1067,-16,0,4,41
13,720,21.600000,42.984000,1,1,103341054,1093,0,1093,-16,0,4,41
13,720,21.600000,42.984000,1,1,103341064,1121,0,1121,-16,0,4,41
13,720,21.600000,42.984000,1,1,103341074,1145,0,1145,-17,0,4,41
13,720,21.600000,42.984000,1,1,103341085,1166,0,1166,-17,0,4,41
13,720,21.600000,42.984000,1,1,103341097,1184,0,1184,-18,0,4,41
13,720,21.600000,42.984000,1,1,103341107,1197,0,1197,-19,0,4,41
13,720,21.600000,42.984000,1,1,103341118,1206,0,1206,-20,0,4,41
13,720,21.600000,42.984000,1,1,103341128,1212,0,1212,-20,0,4,41
13,720,21.600000,42.984000,1,1,103341138,1214,0,1214,-20,0,4,41
13,720,21.600000,42.984000,1,1,103341149,1215,0,1215,-20,0,4,41
13,720,21.600000,42.984000,1,1,103341159,1215,0,1215,-20,0,4,41
13,720,21.600000,42.984000,1,1,103341170,1215,0,1215,-20,0,4,41
13,720,21.600000,42.984000,1,1,103341181,1215,0,1215,-20,0,4,41
13,720,21.600000,42.984000,1,1,103341191,1215,0,1215,-20,0,4,41
13,720,21.600000,42.984000,1,1,103341202,1215,0,1215,-20,0,4,41
13,720,21.600000,42.984000,1,1,103341213,1215,0,1215,-20,0,4,41
13,720,21.600000,42.984000,1,1,103341223,1215,0,1215,-20,0,4,41
13,720,21.600000,42.984000,1,1,103341234,1215,0,1215,-20,0,4,41
13,720,21.600000,42.984000,1,1,103341244,1215,0,1215,-20,0,4,41
13,720,21.600000,42.984000,1,1,103341255,1216,0,1216,-20,0,4,41
13,720,21.600000,42.984000,1,1,103341267,1219,0,1219,-21,0,4,41
13,720,21.600000,42.984000,1,1,103341278,1225,0,1225,-21,0,4,41
13,720,21.600000,42.984000,1,1,103341291,1232,0,1232,-22,0,4,41
13,720,21.600000,42.984000,1,1,103341302,1238,0,1238,-23,0,4,41
13,720,21.600000,42.984000,1,1,103341313,1243,0,1243,-23,0,4,41
13,720,21.600000,42.984000,1,1,103341323,1247,0,1247,-24,0,4,41
13,720,21.600000,42.984000,1,1,103341334,1251,0,1251,-24,0,4,41
13,720,21.600000,42.984000,1,1,103341344,1254,0,1254,-25,0,4,41
13,720,21.600000,42.984000,1,1,103341355,1258,0,1258,-25,0,4,41
13,720,21.600000,42.984000,1,1,103341366,1264,0,1264,-26,0,4,41
13,720,21.600000,42.984000,1,1,103341378,1273,0,1273,-27,0,4,41
13,720,21.600000,42.984000,1,1,103341388,1281,0,1281,-28,0,4,41
13,720,21.600000,42.984000,1,1,103341400,1290,0,1290,-29,0,4,41
13,720,21.600000,42.984000,1,1,103341411,1297,0,1297,-30,0,4,41
13,720,21.600000,42.984000,1,1,103341421,1302,0,1302,-32,0,4,41
13,720,21.600000,42.984000,1,1,103341432,1304,0,1304,-32,0,4,41
13,720,21.600000,42.984000,1,1,103341442,1305,0,1305,-32,0,4,41
13,720,21.600000,42.984000,1,1,103341453,1305,0,1305,-32,0,4,41
13,720,21.600000,42.984000,1,1,103341465,1305,0,1305,-32,0,4,41
13,720,21.600000,42.984000,1,1,103341475,1305,0,1305,-32,0,4,41
13,720,21.600000,42.984000,1,1,103341486,1305,0,1305,-32,0,4,41
13,720,21.600000,42.984000,1,1,103341497,1305,0,1305,-32,0,4,41
13,720,21.600000,42.984000,1,1,103341509,1305,0,1305,-32,0,4,41
13,720,21.600000,42.984000,1,1,103341520,1305,0,1305,-32,0,4,41
13,720,21.600000,42.984000,1,1,103341531,1305,0,1305,-32,0,4,41
13,720,21.600000,42.984000,1,1,103341542,1305,0,1305,-32,0,4,41
13,720,21.600000,42.984000,1,1,103341553,1305,0,1305,-32,0,4,41
13,720,21.600000,42.984000,1,1,103341563,1305,0,1305,-32,0,4,41
13,720,21.600000,42.984000,1,1,103341574,1305,0,1305,-32,0,4,41
13,720,21.600000,42.984000,1,1,103341586,1305,0,1305,-32,0,4,41
13,720,21.600000,42.984000,1,1,103341596,1305,0,1305,-32,0,4,41
13,720,21.600000,42.984000,1,1,103341607,1305,0,1305,-32,0,4,41
13,720,21.600000,42.984000,1,1,103341617,1305,0,1305,-32,0,4,41
13,720,21.600000,42.984000,1,1,103341628,1305,0,1305,-32,0,4,41
13,720,21.600000,42.984000,1,1,103341640,1305,0,1305,-32,0,4,41
13,720,21.600000,42.984000,1,1,103341651,1305,0,1305,-32,0,4,41
13,720,21.600000,42.984000,1,1,103341661,1305,0,1305,-32,0,4,41
13,720,21.600000,42.984000,1,1,103341672,1305,0,1305,-32,0,4,41
13,720,21.600000,42.984000,1,1,103341682,1305,0,1305,-32,0,4,41
13,720,21.600000,42.984000,1,1,103341693,1305,0,1305,-32,0,4,41
13,720,21.600000,42.984000,1,1,103341703,1306,0,1306,-32,0,4,41
13,720,21.600000,42.984000,1,1,103341714,1307,0,1307,-32,0,4,41
13,720,21.600000,42.984000,1,1,103341724,1307,0,1307,-32,0,4,41
13,720,21.600000,42.984000,1,1,103341735,1307,0,1307,-32,0,4,41
13,720,21.600000,42.984000,1,1,103341745,1307,0,1307,-32,0,4,41
13,720,21.600000,42.984000,1,1,103341755,1307,0,1307,-32,0,4,41
13,720,21.600000,42.984000,1,1,103341765,1307,0,1307,-32,0,4,41
13,720,21.600000,42.984000,1,1,103341775,1307,0,1307,-32,0,4,41
13,720,21.600000,42.984000,1,1,103341785,1307,0,1307,-32,0,4,41
13,720,21.600000,42.984000,1,1,103341795,1307,0,1307,-32,0,4,41
13,720,21.600000,42.984000,1,1,103341805,1307,0,1307,-32,0,4,41
13,720,21.600000,42.984000,1,1,103341815,1307,0,1307,-32,0,4,41
13,720,21.600000,42.984000,1,1,103341825,1307,0,1307,-33,0,4,41
13,720,21.600000,42.984000,1,1,103341836,1307,0,1307,-34,0,4,41
13,720,21.600000,42.984000,1,1,103341846,1308,0,1308,-34,0,4,41
13,720,21.600000,42.984000,1,1,103341856,1308,0,1308,-34,0,4,41
13,720,21.600000,42.984000,1,1,103341866,1308,0,1308,-34,0,4,41
13,720,21.600000,42.984000,1,1,103341876,1308,0,1308,-34,0,4,41
13,720,21.600000,42.984000,1,1,103341886,1308,0,1308,-34,0,4,41
13,720,21.600000,42.984000,1,1,103341895,1308,0,1308,-34,0,4,41
13,720,21.600000,42.984000,1,1,103341905,1308,0,1308,-34,0,4,41
13,720,21.600000,42.984000,1,1,103341915,1308,0,1308,-34,0,4,41
13,720,21.600000,42.984000,1,1,103341926,1308,0,1308,-34,0,4,41
13,720,21.600000,42.984000,1,1,103341936,1308,0,1308,-34,0,4,41
13,720,21.600000,42.984000,1,1,103341947,1308,0,1308,-34,0,4,41
13,720,21.600000,42.984000,1,1,103341957,1308,0,1308,-34,0,4,41
13,720,21.600000,42.984000,1,1,103341966,1308,0,1308,-34,0,4,41
13,720,21.600000,42.984000,1,1,103341977,1308,0,1308,-34,0,4,41
13,720,21.600000,42.984000,1,1,103341987,1308,0,1308,-34,0,4,41
13,720,21.600000,42.984000,1,1,103341996,1308,0,1308,-34,0,4,41
13,720,21.600000,42.984000,1,1,103342006,1309,0,1309,-34,0,4,41
13,720,21.600000,42.984000,1,1,103342016,1310,0,1310,-34,0,4,41
13,720,21.600000,42.984000,1,1,103342026,1311,0,1311,-34,0,4,41
13,720,21.600000,42.984000,1,1,103342036,1312,0,1312,-35,0,4,41
13,720,21.600000,42.984000,1,1,103342046,1313,0,1313,-36,0,4,41
13,720,21.600000,42.984000,1,1,103342056,1313,0,1313,-36,0,4,41
13,720,21.600000,42.984000,1,1,103342067,1313,0,1313,-36,0,4,41
13,720,21.600000,42.984000,1,1,103342078,1313,0,1313,-36,0,4,41
13,720,21.600000,42.984000,1,1,103342088,1313,0,1313,-36,0,4,41
13,720,21.600000,42.984000,1,1,103342098,1313,0,1313,-36,0,4,41
13,720,21.600000,42.984000,1,1,103342108,1313,0,1313,-36,0,4,41
13,720,21.600000,42.984000,1,1,103342129,1313,0,1313,-36,0,4,41
13,720,21.600000,42.984000,1,1,103342139,1313,0,1313,-36,0,4,41
13,720,21.600000,42.984000,1,1,103342149,1313,0,1313,-36,0,4,41
13,720,21.600000,42.984000,1,1,103342159,1313,0,1313,-36,0,4,41
13,720,21.600000,42.984000,1,1,103342169,1313,0,1313,-36,0,4,41
13,720,21.600000,42.984000,1,1,103342179,1313,0,1313,-36,0,4,41
13,720,21.600000,42.984000,1,1,103342189,1313,0,1313,-36,0,4,41
13,720,21.600000,42.984000,1,1,103342199,1313,0,1313,-36,0,4,41
13,720,21.600000,42.984000,1,1,103342209,1313,0,1313,-36,0,4,41
13,720,21.600000,42.984000,1,1,103342219,1313,0,1313,-36,0,4,41
13,720,21.600000,42.984000,1,1,103342229,1313,0,1313,-36,0,4,41
13,720,21.600000,42.984000,1,1,103342239,1313,0,1313,-36,0,4,41
13,720,21.600000,42.984000,1,1,103342249,1313,0,1313,-36,0,4,41
13,720,21.600000,42.984000,1,1,103342259,1313,0,1313,-36,0,4,41
13,720,21.600000,42.984000,1,1,103342269,1313,0,1313,-36,0,4,41
13,720,21.600000,42.984000,1,1,103342279,1313,0,1313,-36,0,4,41
13,720,21.600000,42.984000,1,1,103342288,1313,0,1313,-36,0,4,41
