13,360,50.400000,42.984000,0,1,103438144,780,22,780,22,0,4,97
13,360,50.400000,42.984000,0,1,103438145,780,22,780,22,0,4,97
13,360,50.400000,42.984000,0,1,103438156,780,22,780,22,0,4,97
13,360,50.400000,42.984000,0,1,103438167,780,22,780,22,0,4,97
13,360,50.400000,42.984000,0,1,103438177,780,22,780,22,0,4,97
13,360,50.400000,42.984000,0,1,103438188,780,22,780,22,0,4,97
13,360,50.400000,42.984000,0,1,103438199,781,22,781,22,0,4,97
13,360,50.400000,42.984000,0,1,103438210,781,22,781,22,0,4,97
13,360,50.400000,42.984000,0,1,103438220,784,21,784,21,0,4,97
13,360,50.400000,42.984000,0,1,103438232,788,19,788,19,0,4,97
13,360,50.400000,42.984000,0,1,103438244,796,16,796,16,0,4,97
13,360,50.400000,42.984000,0,1,103438255,810,12,810,12,0,4,97
13,360,50.400000,42.984000,0,1,103438266,825,8,825,8,0,4,97
13,360,50.400000,42.984000,0,1,103438277,846,3,846,3,0,4,97
13,360,50.400000,42.984000,0,1,103438287,863,0,863,-2,0,4,97
13,360,50.400000,42.984000,0,1,103438297,885,0,885,-8,0,4,97
13,360,50.400000,42.984000,0,1,103438307,911,0,911,-15,0,4,97
13,360,50.400000,42.984000,0,1,103438318,935,0,935,-21,0,4,97
13,360,50.400000,42.984000,0,1,103438328,959,0,959,-26,0,4,97
13,360,50.400000,42.984000,0,1,103438339,986,0,986,-32,0,4,97
13,360,50.400000,42.984000,0,1,103438349,1013,0,1013,-38,0,4,97
13,360,50.400000,42.984000,0,1,103438360,1037,0,1037,-44,0,4,97
13,360,50.400000,42.984000,0,1,103438371,1063,0,1063,-51,0,4,97
13,360,50.400000,42.984000,0,1,103438381,1085,0,1085,-57,0,4,97
13,360,50.400000,42.984000,0,1,103438391,1105,0,1105,-63,0,4,97
13,360,50.400000,42.984000,0,1,103438402,1123,0,1123,-68,0,4,97
13,360,50.400000,42.984000,0,1,103438412,1136,0,1136,-72,0,4,97
13,360,50.400000,42.984000,0,1,103438423,1149,0,1149,-75,0,4,97
13,360,50.400000,42.984000,0,1,103438433,1158,0,1158,-77,0,4,97
13,360,50.400000,42.984000,0,1,103438443,1164,0,1164,-79,0,4,97
13,360,50.400000,42.984000,0,1,103438454,1169,0,1169,-81,0,4,97
13,360,50.400000,42.984000,0,1,103438464,1172,0,1172,-82,0,4,97
13,360,50.400000,42.984000,0,1,103438475,1174,0,1174,-82,0,4,97
13,360,50.400000,42.984000,0,1,103438486,1175,0,1175,-82,0,4,97
13,360,50.400000,42.984000,0,1,103438496,1175,0,1175,-82,0,4,97
13,360,50.400000,42.984000,0,1,103438507,1175,0,1175,-82,0,4,97
13,360,50.400000,42.984000,0,1,103438517,1175,0,1175,-82,0,4,97
13,360,50.400000,42.984000,0,1,103438528,1175,0,1175,-82,0,4,97
13,360,50.400000,42.984000,0,1,103438539,1175,0,1175,-82,0,4,97
13,360,50.400000,42.984000,0,1,103438549,1175,0,1175,-82,0,4,97
13,360,50.400000,42.984000,0,1,103438559,1175,0,1175,-82,0,4,97
13,360,50.400000,42.984000,0,1,103438570,1175,0,1175,-82,0,4,97
13,360,50.400000,42.984000,0,1,103438580,1175,0,1175,-82,0,4,97
13,360,50.400000,42.984000,0,1,103438590,1175,0,1175,-82,0,4,97
13,360,50.400000,42.984000,0,1,103438601,1175,0,1175,-82,0,4,97
13,360,50.400000,42.984000,0,1,103438611,1175,0,1175,-82,0,4,97
13,360,50.400000,42.984000,0,1,103438621,1175,0,1175,-82,0,4,97
13,360,50.400000,42.984000,0,1,103438632,1175,0,1175,-82,0,4,97
13,360,50.400000,42.984000,0,1,103438643,1175,0,1175,-82,0,4,97
13,360,50.400000,42.984000,0,1,103438654,1175,0,1175,-82,0,4,97
13,360,50.400000,42.984000,0,1,103438664,1174,0,1174,-82,0,4,97
13,360,50.400000,42.984000,0,1,103438676,1172,0,1172,-82,0,4,97
13,360,50.400000,42.984000,0,1,103438686,1168,0,1168,-82,0,4,97
13,360,50.400000,42.984000,0,1,103438698,1163,0,1163,-82,0,4,97
13,360,50.400000,42.984000,0,1,103438709,1159,0,1159,-83,0,4,97
13,360,50.400000,42.984000,0,1,103438720,1155,0,1155,-83,0,4,97
13,360,50.400000,42.984000,0,1,103438731,1152,0,1152,-83,0,4,97
13,360,50.400000,42.984000,0,1,103438741,1150,0,1150,-83,0,4,97
13,360,50.400000,42.984000,0,1,103438752,1148,0,1148,-83,0,4,97
13,360,50.400000,42.984000,0,1,103438762,1148,0,1148,-83,0,4,97
13,360,50.400000,42.984000,0,1,103438772,1148,0,1148,-83,0,4,97
13,360,50.400000,42.984000,0,1,103438783,1148,0,1148,-83,0,4,97
13,360,50.400000,42.984000,0,1,103438793,1148,0,1148,-83,0,4,97
13,360,50.400000,42.984000,0,1,103438803,1147,0,1147,-83,0,4,97
13,360,50.400000,42.984000,0,1,103438814,1145,0,1145,-84,0,4,97
13,360,50.400000,42.984000,0,1,103438824,1144,0,1144,-84,0,4,97
13,360,50.400000,42.984000,0,1,103438834,1143,0,1143,-84,0,4,97
13,360,50.400000,42.984000,0,1,103438845,1142,0,1142,-84,0,4,97
13,360,50.400000,42.984000,0,1,103438855,1142,0,1142,-84,0,4,97
13,360,50.400000,42.984000,0,1,103438865,1142,0,1142,-84,0,4,97
