13,720,21.600000,0.000000,1,0,103441657,600,0,600,0,1,4,99
13,720,21.600000,0.000000,1,0,103441658,600,0,600,0,1,4,99
13,720,21.600000,0.000000,1,0,103441668,600,0,600,0,1,4,99
13,720,21.600000,0.000000,1,0,103441678,600,0,600,0,1,4,99
13,720,21.600000,0.000000,1,0,103441688,600,0,600,0,1,4,99
13,720,21.600000,0.000000,1,0,103441698,600,0,600,0,1,4,99
13,720,21.600000,0.000000,1,0,103441707,600,0,600,0,1,4,99
13,720,21.600000,0.000000,1,0,103441717,600,0,600,0,1,4,99
13,720,21.600000,0.000000,1,0,103441727,600,0,600,0,1,4,99
13,720,21.600000,0.000000,1,0,103441737,600,0,600,0,1,4,99
13,720,21.600000,0.000000,1,0,103441747,600,0,600,0,1,4,99
13,720,21.600000,0.000000,1,0,103441759,601,0,601,0,1,4,99
13,720,21.600000,0.000000,1,0,103441770,604,0,604,0,1,4,99
13,720,21.600000,0.000000,1,0,103441781,608,0,608,0,1,4,99
13,720,21.600000,0.000000,1,0,103441792,616,0,616,-2,1,4,99
13,720,21.600000,0.000000,1,0,103441803,626,0,626,-3,1,4,99
13,720,21.600000,0.000000,1,0,103441814,643,0,643,-7,1,4,99
13,720,21.600000,0.000000,1,0,103441825,662,0,662,-11,1,4,99
13,720,21.600000,0.000000,1,0,103441836,689,0,689,-16,1,4,99
13,720,21.600000,0.000000,1,0,103441846,720,0,720,-23,1,4,99
13,720,21.600000,0.000000,1,0,103441858,749,0,749,-28,1,4,99
13,720,21.600000,0.000000,1,0,103441869,781,0,781,-35,1,4,99
13,720,21.600000,0.000000,1,0,103441879,809,0,809,-42,1,4,99
13,720,21.600000,0.000000,1,0,103441890,834,0,834,-47,1,4,99
13,720,21.600000,0.000000,1,0,103441901,864,0,864,-54,1,4,99
13,720,21.600000,0.000000,1,0,103441911,893,0,893,-60,1,4,99
13,720,21.600000,0.000000,1,0,103441921,922,0,922,-65,1,4,99
13,720,21.600000,0.000000,1,0,103441933,950,0,950,-71,1,4,99
13,720,21.600000,0.000000,1,0,103441944,980,0,980,-77,1,4,99
13,720,21.600000,0.000000,1,0,103441954,1008,0,1008,-82,1,4,99
13,720,21.600000,0.000000,1,0,103441965,1037,0,1037,-87,1,4,99
13,720,21.600000,0.000000,1,0,103441975,1063,0,1063,-91,1,4,99
13,720,21.600000,0.000000,1,0,103441986,1086,0,1086,-94,1,4,99
13,720,21.600000,0.000000,1,0,103441997,1109,0,1109,-98,1,4,99
13,720,21.600000,0.000000,1,0,103442007,1127,0,1127,-101,1,4,99
13,720,21.600000,0.000000,1,0,103442018,1139,0,1139,-103,1,4,99
13,720,21.600000,0.000000,1,0,103442028,1152,0,1152,-105,1,4,99
13,720,21.600000,0.000000,1,0,103442038,1162,0,1162,-107,1,4,99
13,720,21.600000,0.000000,1,0,103442049,1170,0,1170,-108,1,4,99
13,720,21.600000,0.000000,1,0,103442060,1177,0,1177,-110,1,4,99
13,720,21.600000,0.000000,1,0,103442071,1182,0,1182,-111,1,4,99
13,720,21.600000,0.000000,1,0,103442082,1187,0,1187,-111,1,4,99
13,720,21.600000,0.000000,1,0,103442092,1191,0,1191,-112,1,4,99
13,720,21.600000,0.000000,1,0,103442103,1196,0,1196,-113,1,4,99
13,720,21.600000,0.000000,1,0,103442113,1201,0,1201,-114,1,4,99
13,720,21.600000,0.000000,1,0,103442125,1210,0,1210,-116,1,4,99
13,720,21.600000,0.000000,1,0,103442136,1219,0,1219,-117,1,4,99
13,720,21.600000,0.000000,1,0,103442147,1228,0,1228,-119,1,4,99
13,720,21.600000,0.000000,1,0,103442158,1235,0,1235,-120,1,4,99
13,720,21.600000,0.000000,1,0,103442168,1239,0,1239,-121,1,4,99
13,720,21.600000,0.000000,1,0,103442178,1241,0,1241,-121,1,4,99
13,720,21.600000,0.000000,1,0,103442189,1242,0,1242,-122,1,4,99
13,720,21.600000,0.000000,1,0,103442199,1243,0,1243,-122,1,4,99
13,720,21.600000,0.000000,1,0,103442209,1244,0,1244,-122,1,4,99
13,720,21.600000,0.000000,1,0,103442220,1246,0,1246,-122,1,4,99
13,720,21.600000,0.000000,1,0,103442230,1247,0,1247,-122,1,4,99
13,720,21.600000,0.000000,1,0,103442241,1248,0,1248,-123,1,4,99
13,720,21.600000,0.000000,1,0,103442252,1249,0,1249,-123,1,4,99
13,720,21.600000,0.000000,1,0,103442261,1252,0,1252,-123,1,4,99
13,720,21.600000,0.000000,1,0,103442272,1255,0,1255,-124,1,4,99
13,720,21.600000,0.000000,1,0,103442282,1259,0,1259,-125,1,4,99
13,720,21.600000,0.000000,1,0,103442293,1267,0,1267,-126,1,4,99
13,720,21.600000,0.000000,1,0,103442304,1276,0,1276,-128,1,4,99
13,720,21.600000,0.000000,1,0,103442316,1287,0,1287,-130,1,4,99
13,720,21.600000,0.000000,1,0,103442327,1297,0,1297,-131,1,4,99
13,720,21.600000,0.000000,1,0,103442338,1306,0,1306,-132,1,4,99
13,720,21.600000,0.000000,1,0,103442349,1313,0,1313,-133,1,4,99
13,720,21.600000,0.000000,1,0,103442359,1317,0,1317,-135,1,4,99
13,720,21.600000,0.000000,1,0,103442369,1319,0,1319,-135,1,4,99
13,720,21.600000,0.000000,1,0,103442379,1321,0,1321,-135,1,4,99
13,720,21.600000,0.000000,1,0,103442389,1321,0,1321,-135,1,4,99
13,720,21.600000,0.000000,1,0,103442399,1321,0,1321,-135,1,4,99
13,720,21.600000,0.000000,1,0,103442410,1321,0,1321,-135,1,4,99
13,720,21.600000,0.000000,1,0,103442421,1321,0,1321,-135,1,4,99
13,720,21.600000,0.000000,1,0,103442432,1321,0,1321,-135,1,4,99
13,720,21.600000,0.000000,1,0,103442442,1321,0,1321,-135,1,4,99
13,720,21.600000,0.000000,1,0,103442453,1321,0,1321,-135,1,4,99
13,720,21.600000,0.000000,1,0,103442464,1321,0,1321,-135,1,4,99
13,720,21.600000,0.000000,1,0,103442474,1321,0,1321,-135,1,4,99
13,720,21.600000,0.000000,1,0,103442485,1321,0,1321,-135,1,4,99
13,720,21.600000,0.000000,1,0,103442495,1321,0,1321,-135,1,4,99
13,720,21.600000,0.000000,1,0,103442506,1321,0,1321,-135,1,4,99
13,720,21.600000,0.000000,1,0,103442517,1321,0,1321,-135,1,4,99
13,720,21.600000,0.000000,1,0,103442527,1320,0,1320,-135,1,4,99
13,720,21.600000,0.000000,1,0,103442538,1319,0,1319,-135,1,4,99
13,720,21.600000,0.000000,1,0,103442548,1318,0,1318,-135,1,4,99
13,720,21.600000,0.000000,1,0,103442559,1317,0,1317,-135,1,4,99
13,720,21.600000,0.000000,1,0,103442569,1316,0,1316,-135,1,4,99
13,720,21.600000,0.000000,1,0,103442580,1315,0,1315,-135,1,4,99
13,720,21.600000,0.000000,1,0,103442590,1315,0,1315,-135,1,4,99
13,720,21.600000,0.000000,1,0,103442600,1315,0,1315,-135,1,4,99
13,720,21.600000,0.000000,1,0,103442611,1315,0,1315,-135,1,4,99
13,720,21.600000,0.000000,1,0,103442621,1315,0,1315,-135,0,4,99
