13,360,82.800000,12.276000,0,0,103451535,780,0,780,0,0,4,103
13,360,82.800000,12.276000,0,0,103451536,780,0,780,0,0,4,103
13,360,82.800000,12.276000,0,0,103451546,780,0,780,0,0,4,103
13,360,82.800000,12.276000,0,0,103451557,781,0,781,-1,0,4,103
13,360,82.800000,12.276000,0,0,103451567,781,0,781,-1,0,4,103
13,360,82.800000,12.276000,0,0,103451577,782,0,782,-1,0,4,103
13,360,82.800000,12.276000,0,0,103451588,782,0,782,-1,0,4,103
13,360,82.800000,12.276000,0,0,103451599,783,0,783,-1,0,4,103
13,360,82.800000,12.276000,0,0,103451609,784,0,784,-1,0,4,103
13,360,82.800000,12.276000,0,0,103451619,785,0,785,-1,0,4,103
13,360,82.800000,12.276000,0,0,103451629,787,0,787,-2,0,4,103
13,360,82.800000,12.276000,0,0,103451640,790,0,790,-4,0,4,103
13,360,82.800000,12.276000,0,0,103451650,795,0,795,-7,0,4,103
13,360,82.800000,12.276000,0,0,103451660,803,0,803,-9,0,4,103
13,360,82.800000,12.276000,0,0,103451671,813,0,813,-13,0,4,103
13,360,82.800000,12.276000,0,0,103451681,828,0,828,-18,0,4,103
13,360,82.800000,12.276000,0,0,103451691,844,0,844,-22,0,4,103
13,360,82.800000,12.276000,0,0,103451701,860,0,860,-26,0,4,103
13,360,82.800000,12.276000,0,0,103451713,876,0,876,-29,0,4,103
13,360,82.800000,12.276000,0,0,103451724,894,0,894,-34,0,4,103
13,360,82.800000,12.276000,0,0,103451734,912,0,912,-37,0,4,103
13,360,82.800000,12.276000,0,0,103451745,926,0,926,-40,0,4,103
13,360,82.800000,12.276000,0,0,103451756,940,0,940,-43,0,4,103
13,360,82.800000,12.276000,0,0,103451766,952,0,952,-45,0,4,103
13,360,82.800000,12.276000,0,0,103451777,961,0,961,-46,0,4,103
13,360,82.800000,12.276000,0,0,103451788,968,0,968,-47,0,4,103
13,360,82.800000,12.276000,0,0,103451798,976,0,976,-49,0,4,103
13,360,82.800000,12.276000,0,0,103451808,983,0,983,-50,0,4,103
13,360,82.800000,12.276000,0,0,103451827,989,0,989,-51,0,4,103
13,360,82.800000,12.276000,0,0,103451837,999,0,999,-53,0,4,103
13,360,82.800000,12.276000,0,0,103451848,1004,0,1004,-54,0,4,103
13,360,82.800000,12.276000,0,0,103451859,1010,0,1010,-55,0,4,103
13,360,82.800000,12.276000,0,0,103451869,1017,0,1017,-57,0,4,103
13,360,82.800000,12.276000,0,0,103451880,1022,0,1022,-57,0,4,103
13,360,82.800000,12.276000,0,0,103451891,1028,0,1028,-58,0,4,103
13,360,82.800000,12.276000,0,0,103451902,1034,0,1034,-59,0,4,103
13,360,82.800000,12.276000,0,0,103451920,1040,0,1040,-60,0,4,103
13,360,82.800000,12.276000,0,0,103451931,1052,0,1052,-63,0,4,103
13,360,82.800000,12.276000,0,0,103451943,1058,0,1058,-65,0,4,103
13,360,82.800000,12.276000,0,0,103451954,1063,0,1063,-67,0,4,103
13,360,82.800000,12.276000,0,0,103451966,1069,0,1069,-69,0,4,103
13,360,82.800000,12.276000,0,0,103451975,1074,0,1074,-70,0,4,103
13,360,82.800000,12.276000,0,0,103451985,1078,0,1078,-72,0,4,103
13,360,82.800000,12.276000,0,0,103451995,1082,0,1082,-73,0,4,103
13,360,82.800000,12.276000,0,0,103452015,1085,0,1085,-74,0,4,103
13,360,82.800000,12.276000,0,0,103452026,1088,0,1088,-76,0,4,103
13,360,82.800000,12.276000,0,0,103452037,1091,0,1091,-78,0,4,103
13,360,82.800000,12.276000,0,0,103452048,1091,0,1091,-78,0,4,103
13,360,82.800000,12.276000,0,0,103452058,1091,0,1091,-78,0,4,103
13,360,82.800000,12.276000,0,0,103452069,1091,0,1091,-78,0,4,103
13,360,82.800000,12.276000,0,0,103452079,1091,0,1091,-78,0,4,103
13,360,82.800000,12.276000,0,0,103452090,1091,0,1091,-78,0,4,103
13,360,82.800000,12.276000,0,0,103452101,1091,0,1091,-78,0,4,103
13,360,82.800000,12.276000,0,0,103452111,1092,0,1092,-78,0,4,103
13,360,82.800000,12.276000,0,0,103452121,1094,0,1094,-79,0,4,103
13,360,82.800000,12.276000,0,0,103452131,1098,0,1098,-81,0,4,103
13,360,82.800000,12.276000,0,0,103452141,1103,0,1103,-83,0,4,103
13,360,82.800000,12.276000,0,0,103452151,1107,0,1107,-85,0,4,103
13,360,82.800000,12.276000,0,0,103452162,1111,0,1111,-88,0,4,103
13,360,82.800000,12.276000,0,0,103452173,1115,0,1115,-90,0,4,103
13,360,82.800000,12.276000,0,0,103452184,1118,0,1118,-92,0,4,103
13,360,82.800000,12.276000,0,0,103452194,1120,0,1120,-94,0,4,103
13,360,82.800000,12.276000,0,0,103452204,1121,0,1121,-94,0,4,103
13,360,82.800000,12.276000,0,0,103452215,1122,0,1122,-95,0,4,103
13,360,82.800000,12.276000,0,0,103452226,1122,0,1122,-95,0,4,103
13,360,82.800000,12.276000,0,0,103452236,1122,0,1122,-95,0,4,103
13,360,82.800000,12.276000,0,0,103452255,1122,0,1122,-95,0,4,103
13,360,82.800000,12.276000,0,0,103452265,1122,0,1122,-95,0,4,103
13,360,82.800000,12.276000,0,0,103452276,1122,0,1122,-95,0,4,103
13,360,82.800000,12.276000,0,0,103452285,1122,0,1122,-95,0,4,103
13,360,82.800000,12.276000,0,0,103452296,1122,0,1122,-95,0,4,103
13,360,82.800000,12.276000,0,0,103452307,1122,0,1122,-95,0,4,103
13,360,82.800000,12.276000,0,0,103452318,1122,0,1122,-95,0,4,103
13,360,82.800000,12.276000,0,0,103452328,1122,0,1122,-95,0,4,103
13,360,82.800000,12.276000,0,0,103452338,1122,0,1122,-95,0,4,103
