13,720,21.600000,22.608000,1,0,103416763,600,0,600,0,0,4,86
13,720,21.600000,22.608000,1,0,103416764,600,0,600,0,0,4,86
13,720,21.600000,22.608000,1,0,103416775,600,0,600,0,0,4,86
13,720,21.600000,22.608000,1,0,103416785,600,0,600,0,0,4,86
13,720,21.600000,22.608000,1,0,103416795,600,0,600,0,0,4,86
13,720,21.600000,22.608000,1,0,103416813,600,0,600,0,0,4,86
13,720,21.600000,22.608000,1,0,103416824,601,0,601,-1,0,4,86
13,720,21.600000,22.608000,1,0,103416835,603,0,603,-2,0,4,86
13,720,21.600000,22.608000,1,0,103416847,607,0,607,-3,0,4,86
13,720,21.600000,22.608000,1,0,103416859,611,0,611,-4,0,4,86
13,720,21.600000,22.608000,1,0,103416872,618,0,618,-6,0,4,86
13,720,21.600000,22.608000,1,0,103416883,632,0,632,-9,0,4,86
13,720,21.600000,22.608000,1,0,103416893,648,0,648,-11,0,4,86
13,720,21.600000,22.608000,1,0,103416904,670,0,670,-13,0,4,86
13,720,21.600000,22.608000,1,0,103416915,696,0,696,-15,0,4,86
13,720,21.600000,22.608000,1,0,103416926,727,0,727,-17,0,4,86
13,720,21.600000,22.608000,1,0,103416937,760,0,760,-19,0,4,86
13,720,21.600000,22.608000,1,0,103416948,797,0,797,-22,0,4,86
13,720,21.600000,22.608000,1,0,103416959,835,0,835,-24,0,4,86
13,720,21.600000,22.608000,1,0,103416969,874,0,874,-28,0,4,86
13,720,21.600000,22.608000,1,0,103416980,903,0,903,-30,0,4,86
13,720,21.600000,22.608000,1,0,103416991,935,0,935,-34,0,4,86
13,720,21.600000,22.608000,1,0,103417002,962,0,962,-37,0,4,86
13,720,21.600000,22.608000,1,0,103417012,988,0,988,-40,0,4,86
13,720,21.600000,22.608000,1,0,103417023,1010,0,1010,-42,0,4,86
13,720,21.600000,22.608000,1,0,103417035,1033,0,1033,-45,0,4,86
13,720,21.600000,22.608000,1,0,103417046,1051,0,1051,-45,0,4,86
13,720,21.600000,22.608000,1,0,103417056,1071,0,1071,-46,0,4,86
13,720,21.600000,22.608000,1,0,103417067,1089,0,1089,-47,0,4,86
13,720,21.600000,22.608000,1,0,103417078,1112,0,1112,-47,0,4,86
13,720,21.600000,22.608000,1,0,103417089,1134,0,1134,-47,0,4,86
13,720,21.600000,22.608000,1,0,103417099,1156,0,1156,-47,0,4,86
13,720,21.600000,22.608000,1,0,103417109,1178,0,1178,-47,0,4,86
13,720,21.600000,22.608000,1,0,103417120,1197,0,1197,-47,0,4,86
13,720,21.600000,22.608000,1,0,103417132,1218,0,1218,-48,0,4,86
13,720,21.600000,22.608000,1,0,103417141,1237,0,1237,-48,0,4,86
13,720,21.600000,22.608000,1,0,103417160,1252,0,1252,-49,0,4,86
13,720,21.600000,22.608000,1,0,103417172,1272,0,1272,-50,0,4,86
13,720,21.600000,22.608000,1,0,103417182,1280,0,1280,-51,0,4,86
13,720,21.600000,22.608000,1,0,103417194,1286,0,1286,-51,0,4,86
13,720,21.600000,22.608000,1,0,103417204,1290,0,1290,-52,0,4,86
13,720,21.600000,22.608000,1,0,103417216,1292,0,1292,-52,0,4,86
13,720,21.600000,22.608000,1,0,103417226,1293,0,1293,-52,0,4,86
13,720,21.600000,22.608000,1,0,103417237,1294,0,1294,-52,0,4,86
13,720,21.600000,22.608000,1,0,103417254,1294,0,1294,-52,0,4,86
13,720,21.600000,22.608000,1,0,103417265,1294,0,1294,-52,0,4,86
13,720,21.600000,22.608000,1,0,103417276,1294,0,1294,-52,0,4,86
13,720,21.600000,22.608000,1,0,103417286,1294,0,1294,-52,0,4,86
13,720,21.600000,22.608000,1,0,103417296,1294,0,1294,-52,0,4,86
13,720,21.600000,22.608000,1,0,103417307,1295,0,1295,-52,0,4,86
13,720,21.600000,22.608000,1,0,103417317,1298,0,1298,-52,0,4,86
13,720,21.600000,22.608000,1,0,103417328,1301,0,1301,-52,0,4,86
13,720,21.600000,22.608000,1,0,103417338,1304,0,1304,-53,0,4,86
13,720,21.600000,22.608000,1,0,103417348,1307,0,1307,-54,0,4,86
13,720,21.600000,22.608000,1,0,103417359,1310,0,1310,-54,0,4,86
13,720,21.600000,22.608000,1,0,103417369,1312,0,1312,-54,0,4,86
13,720,21.600000,22.608000,1,0,103417379,1313,0,1313,-54,0,4,86
13,720,21.600000,22.608000,1,0,103417389,1314,0,1314,-54,0,4,86
13,720,21.600000,22.608000,1,0,103417400,1314,0,1314,-54,0,4,86
13,720,21.600000,22.608000,1,0,103417412,1315,0,1315,-54,0,4,86
13,720,21.600000,22.608000,1,0,103417423,1316,0,1316,-55,0,4,86
13,720,21.600000,22.608000,1,0,103417434,1317,0,1317,-55,0,4,86
13,720,21.600000,22.608000,1,0,103417445,1320,0,1320,-55,0,4,86
13,720,21.600000,22.608000,1,0,103417455,1322,0,1322,-55,0,4,86
13,720,21.600000,22.608000,1,0,103417466,1324,0,1324,-56,0,4,86
13,720,21.600000,22.608000,1,0,103417476,1326,0,1326,-57,0,4,86
13,720,21.600000,22.608000,1,0,103417486,1327,0,1327,-57,0,4,86
13,720,21.600000,22.608000,1,0,103417496,1327,0,1327,-57,0,4,86
13,720,21.600000,22.608000,1,0,103417506,1327,0,1327,-57,0,4,86
13,720,21.600000,22.608000,1,0,103417515,1327,0,1327,-57,0,4,86
13,720,21.600000,22.608000,1,0,103417525,1327,0,1327,-57,0,4,86
13,720,21.600000,22.608000,1,0,103417536,1327,0,1327,-57,0,4,86
13,720,21.600000,22.608000,1,0,103417545,1327,0,1327,-57,0,4,86
13,720,21.600000,22.608000,1,0,103417555,1327,0,1327,-57,0,4,86
13,720,21.600000,22.608000,1,0,103417565,1327,0,1327,-57,0,4,86
13,720,21.600000,22.608000,1,0,103417575,1327,0,1327,-57,0,4,86
13,720,21.600000,22.608000,1,0,103417585,1327,0,1327,-57,0,4,86
13,720,21.600000,22.608000,1,0,103417595,1327,0,1327,-57,0,4,86
