13,360,21.600000,10000.000000,1,0,103279086,780,0,780,0,0,4,4
13,360,21.600000,10000.000000,1,0,103279087,780,0,780,0,0,4,4
13,360,21.600000,10000.000000,1,0,103279098,780,0,780,0,0,4,4
13,360,21.600000,10000.000000,1,0,103279108,780,0,780,0,0,4,4
13,360,21.600000,10000.000000,1,0,103279118,780,0,780,0,0,4,4
13,360,21.600000,10000.000000,1,0,103279129,780,0,780,0,0,4,4
13,360,21.600000,10000.000000,1,0,103279139,780,0,780,0,0,4,4
13,360,21.600000,10000.000000,1,0,103279150,780,0,780,0,0,4,4
13,360,21.600000,10000.000000,1,0,103279160,780,0,780,0,0,4,4
13,360,21.600000,10000.000000,1,0,103279172,783,0,783,0,0,4,4
13,360,21.600000,10000.000000,1,0,103279183,790,0,790,0,0,4,4
13,360,21.600000,10000.000000,1,0,103279193,799,0,799,-1,0,4,4
13,360,21.600000,10000.000000,1,0,103279214,810,0,810,-2,0,4,4
13,360,21.600000,10000.000000,1,0,103279224,845,0,845,-7,0,4,4
13,360,21.600000,10000.000000,1,0,103279235,861,0,861,-9,0,4,4
13,360,21.600000,10000.000000,1,0,103279245,882,0,882,-12,0,4,4
13,360,21.600000,10000.000000,1,0,103279256,906,0,906,-15,0,4,4
13,360,21.600000,10000.000000,1,0,103279266,933,0,933,-19,0,4,4
13,360,21.600000,10000.000000,1,0,103279277,956,0,956,-24,0,4,4
13,360,21.600000,10000.000000,1,0,103279288,977,0,977,-28,0,4,4
13,360,21.600000,10000.000000,1,0,103279299,1003,0,1003,-33,0,4,4
13,360,21.600000,10000.000000,1,0,103279310,1021,0,1021,-37,0,4,4
13,360,21.600000,10000.000000,1,0,103279322,1040,0,1040,-40,0,4,4
13,360,21.600000,10000.000000,1,0,103279334,1054,0,1054,-42,0,4,4
13,360,21.600000,10000.000000,1,0,103279345,1066,0,1066,-44,0,4,4
13,360,21.600000,10000.000000,1,0,103279356,1074,0,1074,-45,0,4,4
13,360,21.600000,10000.000000,1,0,103279368,1079,0,1079,-47,0,4,4
13,360,21.600000,10000.000000,1,0,103279379,1083,0,1083,-47,0,4,4
13,360,21.600000,10000.000000,1,0,103279389,1085,0,1085,-48,0,4,4
13,360,21.600000,10000.000000,1,0,103279399,1086,0,1086,-48,0,4,4
13,360,21.600000,10000.000000,1,0,103279410,1087,0,1087,-48,0,4,4
13,360,21.600000,10000.000000,1,0,103279422,1087,0,1087,-48,0,4,4
13,360,21.600000,10000.000000,1,0,103279432,1089,0,1089,-48,0,4,4
13,360,21.600000,10000.000000,1,0,103279443,1091,0,1091,-48,0,4,4
13,360,21.600000,10000.000000,1,0,103279455,1094,0,1094,-49,0,4,4
13,360,21.600000,10000.000000,1,0,103279466,1100,0,1100,-50,0,4,4
13,360,21.600000,10000.000000,1,0,103279478,1105,0,1105,-51,0,4,4
13,360,21.600000,10000.000000,1,0,103279489,1111,0,1111,-52,0,4,4
13,360,21.600000,10000.000000,1,0,103279501,1115,0,1115,-54,0,4,4
13,360,21.600000,10000.000000,1,0,103279511,1117,0,1117,-54,0,4,4
13,360,21.600000,10000.000000,1,0,103279522,1117,0,1117,-54,0,4,4
13,360,21.600000,10000.000000,1,0,103279532,1117,0,1117,-54,0,4,4
13,360,21.600000,10000.000000,1,0,103279542,1117,0,1117,-54,0,4,4
13,360,21.600000,10000.000000,1,0,103279553,1117,0,1117,-54,0,4,4
13,360,21.600000,10000.000000,1,0,103279563,1117,0,1117,-54,0,4,4
13,360,21.600000,10000.000000,1,0,103279573,1117,0,1117,-54,0,4,4
13,360,21.600000,10000.000000,1,0,103279584,1117,0,1117,-54,0,4,4
13,360,21.600000,10000.000000,1,0,103279594,1117,0,1117,-54,0,4,4
13,360,21.600000,10000.000000,1,0,103279605,1117,0,1117,-54,0,4,4
13,360,21.600000,10000.000000,1,0,103279616,1117,0,1117,-54,0,4,4
13,360,21.600000,10000.000000,1,0,103279626,1117,0,1117,-54,0,4,4
13,360,21.600000,10000.000000,1,0,103279637,1117,0,1117,-54,0,4,4
13,360,21.600000,10000.000000,1,0,103279647,1117,0,1117,-54,0,4,4
13,360,21.600000,10000.000000,1,0,103279657,1117,0,1117,-54,0,4,4
13,360,21.600000,10000.000000,1,0,103279667,1117,0,1117,-54,0,4,4
13,360,21.600000,10000.000000,1,0,103279678,1117,0,1117,-54,0,4,4
13,360,21.600000,10000.000000,1,0,103279688,1117,0,1117,-54,0,4,4
13,360,21.600000,10000.000000,1,0,103279698,1117,0,1117,-54,0,4,4
13,360,21.600000,10000.000000,1,0,103279709,1117,0,1117,-54,0,4,4
13,360,21.600000,10000.000000,1,0,103279719,1117,0,1117,-54,0,4,4
13,360,21.600000,10000.000000,1,0,103279729,1117,0,1117,-54,0,4,4
13,360,21.600000,10000.000000,1,0,103279748,1117,0,1117,-54,0,4,4
13,360,21.600000,10000.000000,1,0,103279759,1120,0,1120,-55,0,4,4
13,360,21.600000,10000.000000,1,0,103279769,1123,0,1123,-56,0,4,4
13,360,21.600000,10000.000000,1,0,103279779,1126,0,1126,-57,0,4,4
13,360,21.600000,10000.000000,1,0,103279789,1129,0,1129,-58,0,4,4
13,360,21.600000,10000.000000,1,0,103279800,1132,0,1132,-59,0,4,4
13,360,21.600000,10000.000000,1,0,103279810,1135,0,1135,-60,0,4,4
13,360,21.600000,10000.000000,1,0,103279820,1136,0,1136,-60,0,4,4
13,360,21.600000,10000.000000,1,0,103279830,1136,0,1136,-60,0,4,4
13,360,21.600000,10000.000000,1,0,103279841,1136,0,1136,-60,0,4,4
13,360,21.600000,10000.000000,1,0,103279851,1136,0,1136,-60,0,4,4
13,360,21.600000,10000.000000,1,0,103279861,1136,0,1136,-60,0,4,4
13,360,21.600000,10000.000000,1,0,103279880,1136,0,1136,-60,0,4,4
13,360,21.600000,10000.000000,1,0,103279890,1137,0,1137,-60,0,4,4
13,360,21.600000,10000.000000,1,0,103279900,1137,0,1137,-60,0,4,4
13,360,21.600000,10000.000000,1,0,103279910,1137,0,1137,-60,0,4,4
13,360,21.600000,10000.000000,1,0,103279920,1137,0,1137,-60,0,4,4
13,360,21.600000,10000.000000,1,0,103279931,1137,0,1137,-60,0,4,4
13,360,21.600000,10000.000000,1,0,103279941,1137,0,1137,-60,0,4,4
13,360,21.600000,10000.000000,1,0,103279951,1137,0,1137,-60,0,4,4
13,360,21.600000,10000.000000,1,0,103279961,1137,0,1137,-60,0,4,4
13,360,21.600000,10000.000000,1,0,103279971,1137,0,1137,-60,0,4,4
13,360,21.600000,10000.000000,1,0,103279981,1137,0,1137,-60,0,4,4
13,360,21.600000,10000.000000,1,0,103280001,1137,0,1137,-60,0,4,4
