13,720,82.800000,0.000000,0,0,103334993,600,0,600,0,0,4,37
13,720,82.800000,0.000000,0,0,103334993,600,0,600,0,0,4,37
13,720,82.800000,0.000000,0,0,103335004,600,0,600,0,0,4,37
13,720,82.800000,0.000000,0,0,103335014,600,0,600,0,0,4,37
13,720,82.800000,0.000000,0,0,103335025,600,0,600,0,0,4,37
13,720,82.800000,0.000000,0,0,103335036,600,0,600,0,0,4,37
13,720,82.800000,0.000000,0,0,103335047,601,0,601,0,0,4,37
13,720,82.800000,0.000000,0,0,103335057,602,0,602,0,0,4,37
13,720,82.800000,0.000000,0,0,103335068,604,0,604,0,0,4,37
13,720,82.800000,0.000000,0,0,103335079,606,0,606,0,0,4,37
13,720,82.800000,0.000000,0,0,103335089,607,0,607,0,0,4,37
13,720,82.800000,0.000000,0,0,103335100,608,0,608,0,0,4,37
13,720,82.800000,0.000000,0,0,103335110,609,0,609,0,0,4,37
13,720,82.800000,0.000000,0,0,103335121,610,0,610,-1,0,4,37
13,720,82.800000,0.000000,0,0,103335131,611,0,611,-1,0,4,37
13,720,82.800000,0.000000,0,0,103335141,613,0,613,-1,0,4,37
13,720,82.800000,0.000000,0,0,103335152,614,0,614,-1,0,4,37
13,720,82.800000,0.000000,0,0,103335162,616,0,616,-1,0,4,37
13,720,82.800000,0.000000,0,0,103335174,618,0,618,-2,0,4,37
13,720,82.800000,0.000000,0,0,103335185,623,0,623,-2,0,4,37
13,720,82.800000,0.000000,0,0,103335197,632,0,632,-4,0,4,37
13,720,82.800000,0.000000,0,0,103335207,648,0,648,-6,0,4,37
13,720,82.800000,0.000000,0,0,103335217,670,0,670,-9,0,4,37
13,720,82.800000,0.000000,0,0,103335228,695,0,695,-12,0,4,37
13,720,82.800000,0.000000,0,0,103335239,729,0,729,-15,0,4,37
13,720,82.800000,0.000000,0,0,103335250,769,0,769,-19,0,4,37
13,720,82.800000,0.000000,0,0,103335260,812,0,812,-23,0,4,37
13,720,82.800000,0.000000,0,0,103335270,854,0,854,-28,0,4,37
13,720,82.800000,0.000000,0,0,103335281,904,0,904,-33,0,4,37
13,720,82.800000,0.000000,0,0,103335292,954,0,954,-39,0,4,37
13,720,82.800000,0.000000,0,0,103335303,1010,0,1010,-44,0,4,37
13,720,82.800000,0.000000,0,0,103335314,1050,0,1050,-48,0,4,37
13,720,82.800000,0.000000,0,0,103335326,1088,0,1088,-51,0,4,37
13,720,82.800000,0.000000,0,0,103335337,1118,0,1118,-53,0,4,37
13,720,82.800000,0.000000,0,0,103335348,1140,0,1140,-55,0,4,37
13,720,82.800000,0.000000,0,0,103335359,1156,0,1156,-56,0,4,37
13,720,82.800000,0.000000,0,0,103335371,1164,0,1164,-57,0,4,37
13,720,82.800000,0.000000,0,0,103335381,1168,0,1168,-58,0,4,37
13,720,82.800000,0.000000,0,0,103335393,1169,0,1169,-58,0,4,37
13,720,82.800000,0.000000,0,0,103335403,1169,0,1169,-58,0,4,37
13,720,82.800000,0.000000,0,0,103335413,1169,0,1169,-58,0,4,37
13,720,82.800000,0.000000,0,0,103335424,1170,0,1170,-58,0,4,37
13,720,82.800000,0.000000,0,0,103335434,1171,0,1171,-58,0,4,37
13,720,82.800000,0.000000,0,0,103335444,1172,0,1172,-58,0,4,37
13,720,82.800000,0.000000,0,0,103335455,1173,0,1173,-59,0,4,37
13,720,82.800000,0.000000,0,0,103335466,1173,0,1173,-59,0,4,37
13,720,82.800000,0.000000,0,0,103335476,1173,0,1173,-59,0,4,37
13,720,82.800000,0.000000,0,0,103335487,1173,0,1173,-59,0,4,37
13,720,82.800000,0.000000,0,0,103335496,1173,0,1173,-59,0,4,37
13,720,82.800000,0.000000,0,0,103335507,1173,0,1173,-59,0,4,37
13,720,82.800000,0.000000,0,0,103335517,1173,0,1173,-59,0,4,37
13,720,82.800000,0.000000,0,0,103335527,1173,0,1173,-59,0,4,37
13,720,82.800000,0.000000,0,0,103335537,1173,0,1173,-59,0,4,37
13,720,82.800000,0.000000,0,0,103335547,1175,0,1175,-59,0,4,37
13,720,82.800000,0.000000,0,0,103335557,1177,0,1177,-60,0,4,37
13,720,82.800000,0.000000,0,0,103335569,1181,0,1181,-60,0,4,37
13,720,82.800000,0.000000,0,0,103335580,1186,0,1186,-60,0,4,37
13,720,82.800000,0.000000,0,0,103335591,1192,0,1192,-62,0,4,37
13,720,82.800000,0.000000,0,0,103335603,1196,0,1196,-62,0,4,37
13,720,82.800000,0.000000,0,0,103335615,1203,0,1203,-63,0,4,37
13,720,82.800000,0.000000,0,0,103335626,1212,0,1212,-65,0,4,37
13,720,82.800000,0.000000,0,0,103335638,1222,0,1222,-67,0,4,37
13,720,82.800000,0.000000,0,0,103335649,1238,0,1238,-69,0,4,37
13,720,82.800000,0.000000,0,0,103335660,1253,0,1253,-71,0,4,37
13,720,82.800000,0.000000,0,0,103335671,1270,0,1270,-74,0,4,37
13,720,82.800000,0.000000,0,0,103335682,1281,0,1281,-76,0,4,37
13,720,82.800000,0.000000,0,0,103335692,1291,0,1291,-77,0,4,37
13,720,82.800000,0.000000,0,0,103335704,1296,0,1296,-77,0,4,37
13,720,82.800000,0.000000,0,0,103335714,1298,0,1298,-78,0,4,37
13,720,82.800000,0.000000,0,0,103335724,1300,0,1300,-79,0,4,37
13,720,82.800000,0.000000,0,0,103335735,1300,0,1300,-79,0,4,37
13,720,82.800000,0.000000,0,0,103335746,1300,0,1300,-79,0,4,37
13,720,82.800000,0.000000,0,0,103335756,1300,0,1300,-79,0,4,37
13,720,82.800000,0.000000,0,0,103335766,1300,0,1300,-79,0,4,37
13,720,82.800000,0.000000,0,0,103335776,1300,0,1300,-79,0,4,37
13,720,82.800000,0.000000,0,0,103335786,1300,0,1300,-79,0,4,37
13,720,82.800000,0.000000,0,0,103335797,1300,0,1300,-79,0,4,37
13,720,82.800000,0.000000,0,0,103335807,1300,0,1300,-79,0,4,37
13,720,82.800000,0.000000,0,0,103335817,1300,0,1300,-79,0,4,37
13,720,82.800000,0.000000,0,0,103335827,1300,0,1300,-79,0,4,37
13,720,82.800000,0.000000,0,0,103335838,1300,0,1300,-79,0,4,37
13,720,82.800000,0.000000,0,0,103335848,1300,0,1300,-79,0,4,37
13,720,82.800000,0.000000,0,0,103335859,1300,0,1300,-79,0,4,37
13,720,82.800000,0.000000,0,0,103335869,1300,0,1300,-79,0,4,37
13,720,82.800000,0.000000,0,0,103335879,1300,0,1300,-79,0,4,37
13,720,82.800000,0.000000,0,0,103335890,1300,0,1300,-79,0,4,37
13,720,82.800000,0.000000,0,0,103335900,1300,0,1300,-79,0,4,37
13,720,82.800000,0.000000,0,0,103335911,1300,0,1300,-79,0,4,37
13,720,82.800000,0.000000,0,0,103335921,1300,0,1300,-79,0,4,37
13,720,82.800000,0.000000,0,0,103335931,1300,0,1300,-79,0,4,37
13,720,82.800000,0.000000,0,0,103335942,1300,0,1300,-79,0,4,37
13,720,82.800000,0.000000,0,0,103335951,1300,0,1300,-79,0,4,37
