13,360,82.800000,22.608000,0,0,103765663,780,0,780,0,0,5,94
13,360,82.800000,22.608000,0,0,103765664,780,0,780,0,0,5,94
13,360,82.800000,22.608000,0,0,103765674,780,0,780,0,0,5,94
13,360,82.800000,22.608000,0,0,103765685,780,0,780,0,0,5,94
13,360,82.800000,22.608000,0,0,103765695,780,0,780,0,0,5,94
13,360,82.800000,22.608000,0,0,103765705,780,0,780,0,0,5,94
13,360,82.800000,22.608000,0,0,103765716,780,0,780,0,0,5,94
13,360,82.800000,22.608000,0,0,103765726,780,0,780,0,0,5,94
13,360,82.800000,22.608000,0,0,103765736,780,0,780,0,0,5,94
13,360,82.800000,22.608000,0,0,103765747,783,0,783,0,0,5,94
13,360,82.800000,22.608000,0,0,103765760,787,0,787,0,0,5,94
13,360,82.800000,22.608000,0,0,103765771,797,0,797,-1,0,5,94
13,360,82.800000,22.608000,0,0,103765782,811,0,811,-3,0,5,94
13,360,82.800000,22.608000,0,0,103765792,827,0,827,-6,0,5,94
13,360,82.800000,22.608000,0,0,103765803,850,0,850,-9,0,5,94
13,360,82.800000,22.608000,0,0,103765814,876,0,876,-13,0,5,94
13,360,82.800000,22.608000,0,0,103765825,901,0,901,-16,0,5,94
13,360,82.800000,22.608000,0,0,103765836,931,0,931,-19,0,5,94
13,360,82.800000,22.608000,0,0,103765847,960,0,960,-23,0,5,94
13,360,82.800000,22.608000,0,0,103765857,985,0,985,-28,0,5,94
13,360,82.800000,22.608000,0,0,103765868,1010,0,1010,-33,0,5,94
13,360,82.800000,22.608000,0,0,103765878,1030,0,1030,-37,0,5,94
13,360,82.800000,22.608000,0,0,103765889,1053,0,1053,-42,0,5,94
13,360,82.800000,22.608000,0,0,103765899,1071,0,1071,-46,0,5,94
13,360,82.800000,22.608000,0,0,103765910,1088,0,1088,-49,0,5,94
13,360,82.800000,22.608000,0,0,103765920,1101,0,1101,-51,0,5,94
13,360,82.800000,22.608000,0,0,103765931,1111,0,1111,-53,0,5,94
13,360,82.800000,22.608000,0,0,103765941,1118,0,1118,-54,0,5,94
13,360,82.800000,22.608000,0,0,103765952,1120,0,1120,-54,0,5,94
13,360,82.800000,22.608000,0,0,103765962,1121,0,1121,-55,0,5,94
13,360,82.800000,22.608000,0,0,103765974,1121,0,1121,-55,0,5,94
13,360,82.800000,22.608000,0,0,103765984,1121,0,1121,-55,0,5,94
13,360,82.800000,22.608000,0,0,103765995,1121,0,1121,-55,0,5,94
13,360,82.800000,22.608000,0,0,103766005,1121,0,1121,-55,0,5,94
13,360,82.800000,22.608000,0,0,103766015,1121,0,1121,-55,0,5,94
13,360,82.800000,22.608000,0,0,103766025,1122,0,1122,-55,0,5,94
13,360,82.800000,22.608000,0,0,103766035,1123,0,1123,-55,0,5,94
13,360,82.800000,22.608000,0,0,103766045,1123,0,1123,-55,0,5,94
13,360,82.800000,22.608000,0,0,103766056,1123,0,1123,-55,0,5,94
13,360,82.800000,22.608000,0,0,103766066,1123,0,1123,-55,0,5,94
13,360,82.800000,22.608000,0,0,103766077,1123,0,1123,-55,0,5,94
13,360,82.800000,22.608000,0,0,103766087,1123,0,1123,-55,0,5,94
13,360,82.800000,22.608000,0,0,103766097,1123,0,1123,-55,0,5,94
13,360,82.800000,22.608000,0,0,103766107,1123,0,1123,-55,0,5,94
13,360,82.800000,22.608000,0,0,103766117,1123,0,1123,-55,0,5,94
13,360,82.800000,22.608000,0,0,103766128,1124,0,1124,-55,0,5,94
13,360,82.800000,22.608000,0,0,103766138,1124,0,1124,-55,0,5,94
13,360,82.800000,22.608000,0,0,103766149,1124,0,1124,-55,0,5,94
13,360,82.800000,22.608000,0,0,103766161,1124,0,1124,-55,0,5,94
13,360,82.800000,22.608000,0,0,103766171,1124,0,1124,-55,0,5,94
13,360,82.800000,22.608000,0,0,103766181,1124,0,1124,-55,0,5,94
