13,360,82.800000,12.276000,0,1,103649953,780,22,780,22,1,5,26
13,360,82.800000,12.276000,0,1,103649953,780,22,780,22,1,5,26
13,360,82.800000,12.276000,0,1,103649963,780,22,780,22,1,5,26
13,360,82.800000,12.276000,0,1,103649973,780,22,780,22,1,5,26
13,360,82.800000,12.276000,0,1,103649982,780,22,780,22,1,5,26
13,360,82.800000,12.276000,0,1,103649992,780,22,780,22,1,5,26
13,360,82.800000,12.276000,0,1,103650001,780,22,780,22,1,5,26
13,360,82.800000,12.276000,0,1,103650011,780,22,780,22,1,5,26
13,360,82.800000,12.276000,0,1,103650020,780,22,780,22,1,5,26
13,360,82.800000,12.276000,0,1,103650030,780,22,780,22,1,5,26
13,360,82.800000,12.276000,0,1,103650040,780,22,780,22,1,5,26
13,360,82.800000,12.276000,0,1,103650050,780,22,780,22,1,5,26
13,360,82.800000,12.276000,0,1,103650060,780,22,780,22,1,5,26
13,360,82.800000,12.276000,0,1,103650070,780,22,780,22,1,5,26
13,360,82.800000,12.276000,0,1,103650080,781,22,781,22,1,5,26
13,360,82.800000,12.276000,0,1,103650091,785,22,785,22,1,5,26
13,360,82.800000,12.276000,0,1,103650102,796,20,796,20,1,5,26
13,360,82.800000,12.276000,0,1,103650113,813,16,813,16,1,5,26
13,360,82.800000,12.276000,0,1,103650124,837,10,837,10,1,5,26
13,360,82.800000,12.276000,0,1,103650135,869,3,869,3,1,5,26
13,360,82.800000,12.276000,0,1,103650146,902,0,902,-4,1,5,26
13,360,82.800000,12.276000,0,1,103650157,934,0,934,-11,1,5,26
13,360,82.800000,12.276000,0,1,103650168,964,0,964,-17,1,5,26
13,360,82.800000,12.276000,0,1,103650178,990,0,990,-22,1,5,26
13,360,82.800000,12.276000,0,1,103650190,1013,0,1013,-26,1,5,26
13,360,82.800000,12.276000,0,1,103650201,1033,0,1033,-30,1,5,26
13,360,82.800000,12.276000,0,1,103650212,1053,0,1053,-33,1,5,26
13,360,82.800000,12.276000,0,1,103650222,1071,0,1071,-37,1,5,26
13,360,82.800000,12.276000,0,1,103650233,1083,0,1083,-39,1,5,26
13,360,82.800000,12.276000,0,1,103650244,1091,0,1091,-40,1,5,26
13,360,82.800000,12.276000,0,1,103650255,1097,0,1097,-41,1,5,26
13,360,82.800000,12.276000,0,1,103650265,1100,0,1100,-41,1,5,26
13,360,82.800000,12.276000,0,1,103650275,1101,0,1101,-41,1,5,26
13,360,82.800000,12.276000,0,1,103650285,1102,0,1102,-41,1,5,26
13,360,82.800000,12.276000,0,1,103650295,1102,0,1102,-41,1,5,26
13,360,82.800000,12.276000,0,1,103650305,1102,0,1102,-41,1,5,26
13,360,82.800000,12.276000,0,1,103650315,1102,0,1102,-41,1,5,26
13,360,82.800000,12.276000,0,1,103650325,1102,0,1102,-41,1,5,26
13,360,82.800000,12.276000,0,1,103650335,1102,0,1102,-42,1,5,26
13,360,82.800000,12.276000,0,1,103650345,1103,0,1103,-42,1,5,26
13,360,82.800000,12.276000,0,1,103650357,1105,0,1105,-42,1,5,26
13,360,82.800000,12.276000,0,1,103650367,1109,0,1109,-43,1,5,26
13,360,82.800000,12.276000,0,1,103650378,1114,0,1114,-44,1,5,26
13,360,82.800000,12.276000,0,1,103650388,1120,0,1120,-45,1,5,26
13,360,82.800000,12.276000,0,1,103650399,1127,0,1127,-46,1,5,26
13,360,82.800000,12.276000,0,1,103650409,1131,0,1131,-48,1,5,26
13,360,82.800000,12.276000,0,1,103650418,1134,0,1134,-48,1,5,26
13,360,82.800000,12.276000,0,1,103650428,1134,0,1134,-48,1,5,26
13,360,82.800000,12.276000,0,1,103650438,1134,0,1134,-48,1,5,26
13,360,82.800000,12.276000,0,1,103650447,1134,0,1134,-48,1,5,26
13,360,82.800000,12.276000,0,1,103650457,1134,0,1134,-48,1,5,26
13,360,82.800000,12.276000,0,1,103650467,1134,0,1134,-48,1,5,26
13,360,82.800000,12.276000,0,1,103650476,1134,0,1134,-48,1,5,26
13,360,82.800000,12.276000,0,1,103650485,1134,0,1134,-48,1,5,26
13,360,82.800000,12.276000,0,1,103650495,1134,0,1134,-48,1,5,26
13,360,82.800000,12.276000,0,1,103650505,1134,0,1134,-48,1,5,26
13,360,82.800000,12.276000,0,1,103650514,1134,0,1134,-48,1,5,26
13,360,82.800000,12.276000,0,1,103650524,1134,0,1134,-48,1,5,26
13,360,82.800000,12.276000,0,1,103650533,1134,0,1134,-48,1,5,26
13,360,82.800000,12.276000,0,1,103650543,1134,0,1134,-48,1,5,26
13,360,82.800000,12.276000,0,1,103650553,1134,0,1134,-48,1,5,26
13,360,82.800000,12.276000,0,1,103650563,1134,0,1134,-48,0,5,26
