13,360,50.400000,0.000000,1,0,103697138,780,0,780,0,0,5,54
13,360,50.400000,0.000000,1,0,103697139,780,0,780,0,0,5,54
13,360,50.400000,0.000000,1,0,103697149,781,0,781,-1,0,5,54
13,360,50.400000,0.000000,1,0,103697160,781,0,781,-1,0,5,54
13,360,50.400000,0.000000,1,0,103697170,781,0,781,-1,0,5,54
13,360,50.400000,0.000000,1,0,103697180,781,0,781,-1,0,5,54
13,360,50.400000,0.000000,1,0,103697191,781,0,781,-1,0,5,54
13,360,50.400000,0.000000,1,0,103697201,781,0,781,-1,0,5,54
13,360,50.400000,0.000000,1,0,103697212,782,0,782,-1,0,5,54
13,360,50.400000,0.000000,1,0,103697222,783,0,783,-1,0,5,54
13,360,50.400000,0.000000,1,0,103697233,784,0,784,-1,0,5,54
13,360,50.400000,0.000000,1,0,103697245,787,0,787,-1,0,5,54
13,360,50.400000,0.000000,1,0,103697255,791,0,791,-2,0,5,54
13,360,50.400000,0.000000,1,0,103697266,797,0,797,-3,0,5,54
13,360,50.400000,0.000000,1,0,103697277,804,0,804,-5,0,5,54
13,360,50.400000,0.000000,1,0,103697289,810,0,810,-6,0,5,54
13,360,50.400000,0.000000,1,0,103697300,817,0,817,-7,0,5,54
13,360,50.400000,0.000000,1,0,103697311,826,0,826,-9,0,5,54
13,360,50.400000,0.000000,1,0,103697322,834,0,834,-11,0,5,54
13,360,50.400000,0.000000,1,0,103697332,842,0,842,-12,0,5,54
13,360,50.400000,0.000000,1,0,103697344,851,0,851,-14,0,5,54
13,360,50.400000,0.000000,1,0,103697355,864,0,864,-17,0,5,54
13,360,50.400000,0.000000,1,0,103697366,881,0,881,-19,0,5,54
13,360,50.400000,0.000000,1,0,103697377,899,0,899,-22,0,5,54
13,360,50.400000,0.000000,1,0,103697387,919,0,919,-25,0,5,54
13,360,50.400000,0.000000,1,0,103697398,940,0,940,-28,0,5,54
13,360,50.400000,0.000000,1,0,103697408,987,0,987,-35,0,5,54
13,360,50.400000,0.000000,1,0,103697419,1007,0,1007,-38,0,5,54
13,360,50.400000,0.000000,1,0,103697430,1026,0,1026,-41,0,5,54
13,360,50.400000,0.000000,1,0,103697442,1045,0,1045,-44,0,5,54
13,360,50.400000,0.000000,1,0,103697452,1065,0,1065,-48,0,5,54
13,360,50.400000,0.000000,1,0,103697463,1078,0,1078,-50,0,5,54
13,360,50.400000,0.000000,1,0,103697473,1092,0,1092,-52,0,5,54
13,360,50.400000,0.000000,1,0,103697484,1102,0,1102,-54,0,5,54
13,360,50.400000,0.000000,1,0,103697495,1108,0,1108,-56,0,5,54
13,360,50.400000,0.000000,1,0,103697506,1115,0,1115,-57,0,5,54
13,360,50.400000,0.000000,1,0,103697517,1122,0,1122,-59,0,5,54
13,360,50.400000,0.000000,1,0,103697528,1127,0,1127,-60,0,5,54
13,360,50.400000,0.000000,1,0,103697548,1130,0,1130,-61,0,5,54
13,360,50.400000,0.000000,1,0,103697559,1134,0,1134,-62,0,5,54
13,360,50.400000,0.000000,1,0,103697570,1136,0,1136,-63,0,5,54
13,360,50.400000,0.000000,1,0,103697581,1138,0,1138,-63,0,5,54
13,360,50.400000,0.000000,1,0,103697593,1141,0,1141,-64,0,5,54
13,360,50.400000,0.000000,1,0,103697613,1145,0,1145,-64,0,5,54
13,360,50.400000,0.000000,1,0,103697624,1149,0,1149,-66,0,5,54
13,360,50.400000,0.000000,1,0,103697634,1153,0,1153,-68,0,5,54
13,360,50.400000,0.000000,1,0,103697644,1153,0,1153,-68,0,5,54
13,360,50.400000,0.000000,1,0,103697655,1153,0,1153,-68,0,5,54
13,360,50.400000,0.000000,1,0,103697665,1153,0,1153,-68,0,5,54
13,360,50.400000,0.000000,1,0,103697675,1153,0,1153,-68,0,5,54
13,360,50.400000,0.000000,1,0,103697686,1153,0,1153,-68,0,5,54
13,360,50.400000,0.000000,1,0,103697696,1153,0,1153,-68,0,5,54
13,360,50.400000,0.000000,1,0,103697706,1153,0,1153,-68,0,5,54
13,360,50.400000,0.000000,1,0,103697717,1153,0,1153,-68,0,5,54
13,360,50.400000,0.000000,1,0,103697727,1153,0,1153,-68,0,5,54
13,360,50.400000,0.000000,1,0,103697737,1153,0,1153,-68,0,5,54
13,360,50.400000,0.000000,1,0,103697747,1153,0,1153,-68,0,5,54
13,360,50.400000,0.000000,1,0,103697756,1153,0,1153,-68,0,5,54
