13,720,50.400000,10000.000000,1,0,103651453,600,0,600,0,0,5,27
13,720,50.400000,10000.000000,1,0,103651454,600,0,600,0,0,5,27
13,720,50.400000,10000.000000,1,0,103651465,600,0,600,0,0,5,27
13,720,50.400000,10000.000000,1,0,103651474,600,0,600,0,0,5,27
13,720,50.400000,10000.000000,1,0,103651484,600,0,600,0,0,5,27
13,720,50.400000,10000.000000,1,0,103651494,600,0,600,0,0,5,27
13,720,50.400000,10000.000000,1,0,103651505,600,0,600,0,0,5,27
13,720,50.400000,10000.000000,1,0,103651514,600,0,600,0,0,5,27
13,720,50.400000,10000.000000,1,0,103651525,601,0,601,0,0,5,27
13,720,50.400000,10000.000000,1,0,103651538,603,0,603,0,0,5,27
13,720,50.400000,10000.000000,1,0,103651549,608,0,608,0,0,5,27
13,720,50.400000,10000.000000,1,0,103651560,617,0,617,-2,0,5,27
13,720,50.400000,10000.000000,1,0,103651571,631,0,631,-4,0,5,27
13,720,50.400000,10000.000000,1,0,103651583,657,0,657,-9,0,5,27
13,720,50.400000,10000.000000,1,0,103651594,688,0,688,-14,0,5,27
13,720,50.400000,10000.000000,1,0,103651605,728,0,728,-20,0,5,27
13,720,50.400000,10000.000000,1,0,103651616,777,0,777,-29,0,5,27
13,720,50.400000,10000.000000,1,0,103651627,828,0,828,-37,0,5,27
13,720,50.400000,10000.000000,1,0,103651638,890,0,890,-45,0,5,27
13,720,50.400000,10000.000000,1,0,103651649,933,0,933,-51,0,5,27
13,720,50.400000,10000.000000,1,0,103651660,979,0,979,-57,0,5,27
13,720,50.400000,10000.000000,1,0,103651671,1018,0,1018,-64,0,5,27
13,720,50.400000,10000.000000,1,0,103651682,1056,0,1056,-69,0,5,27
13,720,50.400000,10000.000000,1,0,103651693,1080,0,1080,-72,0,5,27
13,720,50.400000,10000.000000,1,0,103651703,1107,0,1107,-75,0,5,27
13,720,50.400000,10000.000000,1,0,103651714,1127,0,1127,-77,0,5,27
13,720,50.400000,10000.000000,1,0,103651724,1150,0,1150,-79,0,5,27
13,720,50.400000,10000.000000,1,0,103651734,1171,0,1171,-80,0,5,27
13,720,50.400000,10000.000000,1,0,103651745,1191,0,1191,-82,0,5,27
13,720,50.400000,10000.000000,1,0,103651756,1209,0,1209,-84,0,5,27
13,720,50.400000,10000.000000,1,0,103651767,1225,0,1225,-87,0,5,27
13,720,50.400000,10000.000000,1,0,103651778,1257,0,1257,-92,0,5,27
13,720,50.400000,10000.000000,1,0,103651788,1266,0,1266,-93,0,5,27
13,720,50.400000,10000.000000,1,0,103651799,1274,0,1274,-94,0,5,27
13,720,50.400000,10000.000000,1,0,103651809,1283,0,1283,-95,0,5,27
13,720,50.400000,10000.000000,1,0,103651820,1291,0,1291,-97,0,5,27
13,720,50.400000,10000.000000,1,0,103651831,1297,0,1297,-98,0,5,27
13,720,50.400000,10000.000000,1,0,103651841,1301,0,1301,-99,0,5,27
13,720,50.400000,10000.000000,1,0,103651851,1302,0,1302,-99,0,5,27
13,720,50.400000,10000.000000,1,0,103651860,1303,0,1303,-100,0,5,27
13,720,50.400000,10000.000000,1,0,103651869,1304,0,1304,-101,0,5,27
13,720,50.400000,10000.000000,1,0,103651879,1304,0,1304,-101,0,5,27
13,720,50.400000,10000.000000,1,0,103651889,1304,0,1304,-101,0,5,27
13,720,50.400000,10000.000000,1,0,103651899,1304,0,1304,-101,0,5,27
13,720,50.400000,10000.000000,1,0,103651908,1305,0,1305,-101,0,5,27
13,720,50.400000,10000.000000,1,0,103651918,1306,0,1306,-101,0,5,27
13,720,50.400000,10000.000000,1,0,103651928,1307,0,1307,-101,0,5,27
13,720,50.400000,10000.000000,1,0,103651938,1308,0,1308,-101,0,5,27
13,720,50.400000,10000.000000,1,0,103651948,1309,0,1309,-102,0,5,27
13,720,50.400000,10000.000000,1,0,103651958,1310,0,1310,-102,0,5,27
13,720,50.400000,10000.000000,1,0,103651967,1310,0,1310,-102,0,5,27
13,720,50.400000,10000.000000,1,0,103651977,1310,0,1310,-102,0,5,27
13,720,50.400000,10000.000000,1,0,103651987,1311,0,1311,-102,0,5,27
13,720,50.400000,10000.000000,1,0,103651997,1311,0,1311,-102,0,5,27
13,720,50.400000,10000.000000,1,0,103652006,1311,0,1311,-102,0,5,27
13,720,50.400000,10000.000000,1,0,103652016,1311,0,1311,-102,0,5,27
13,720,50.400000,10000.000000,1,0,103652026,1311,0,1311,-102,0,5,27
13,720,50.400000,10000.000000,1,0,103652035,1311,0,1311,-102,0,5,27
13,720,50.400000,10000.000000,1,0,103652045,1311,0,1311,-102,0,5,27
13,720,50.400000,10000.000000,1,0,103652055,1311,0,1311,-102,0,5,27
13,720,50.400000,10000.000000,1,0,103652065,1311,0,1311,-102,0,5,27
13,720,50.400000,10000.000000,1,0,103652074,1311,0,1311,-102,0,5,27
13,720,50.400000,10000.000000,1,0,103652084,1311,0,1311,-102,0,5,27
13,720,50.400000,10000.000000,1,0,103652093,1311,0,1311,-102,0,5,27
