13,720,82.800000,12.276000,1,1,103724294,600,22,600,22,0,5,69
13,720,82.800000,12.276000,1,1,103724295,600,22,600,22,0,5,69
13,720,82.800000,12.276000,1,1,103724306,600,22,600,22,0,5,69
13,720,82.800000,12.276000,1,1,103724317,600,22,600,22,0,5,69
13,720,82.800000,12.276000,1,1,103724327,600,22,600,22,0,5,69
13,720,82.800000,12.276000,1,1,103724338,600,22,600,22,0,5,69
13,720,82.800000,12.276000,1,1,103724348,600,22,600,22,0,5,69
13,720,82.800000,12.276000,1,1,103724359,601,22,601,22,0,5,69
13,720,82.800000,12.276000,1,1,103724370,603,22,603,22,0,5,69
13,720,82.800000,12.276000,1,1,103724381,608,21,608,21,0,5,69
13,720,82.800000,12.276000,1,1,103724393,618,19,618,19,0,5,69
13,720,82.800000,12.276000,1,1,103724404,633,17,633,17,0,5,69
13,720,82.800000,12.276000,1,1,103724414,651,15,651,15,0,5,69
13,720,82.800000,12.276000,1,1,103724425,675,12,675,12,0,5,69
13,720,82.800000,12.276000,1,1,103724435,706,9,706,9,0,5,69
13,720,82.800000,12.276000,1,1,103724446,736,5,736,5,0,5,69
13,720,82.800000,12.276000,1,1,103724456,774,2,774,2,0,5,69
13,720,82.800000,12.276000,1,1,103724467,816,0,816,-2,0,5,69
13,720,82.800000,12.276000,1,1,103724477,863,0,863,-8,0,5,69
13,720,82.800000,12.276000,1,1,103724488,903,0,903,-13,0,5,69
13,720,82.800000,12.276000,1,1,103724498,944,0,944,-19,0,5,69
13,720,82.800000,12.276000,1,1,103724509,982,0,982,-24,0,5,69
13,720,82.800000,12.276000,1,1,103724519,1020,0,1020,-30,0,5,69
13,720,82.800000,12.276000,1,1,103724529,1056,0,1056,-35,0,5,69
13,720,82.800000,12.276000,1,1,103724540,1090,0,1090,-40,0,5,69
13,720,82.800000,12.276000,1,1,103724550,1119,0,1119,-43,0,5,69
13,720,82.800000,12.276000,1,1,103724561,1152,0,1152,-48,0,5,69
13,720,82.800000,12.276000,1,1,103724572,1179,0,1179,-52,0,5,69
13,720,82.800000,12.276000,1,1,103724582,1201,0,1201,-55,0,5,69
13,720,82.800000,12.276000,1,1,103724592,1221,0,1221,-58,0,5,69
13,720,82.800000,12.276000,1,1,103724603,1238,0,1238,-60,0,5,69
13,720,82.800000,12.276000,1,1,103724613,1250,0,1250,-62,0,5,69
13,720,82.800000,12.276000,1,1,103724624,1261,0,1261,-65,0,5,69
13,720,82.800000,12.276000,1,1,103724634,1272,0,1272,-67,0,5,69
13,720,82.800000,12.276000,1,1,103724645,1281,0,1281,-68,0,5,69
13,720,82.800000,12.276000,1,1,103724656,1287,0,1287,-70,0,5,69
13,720,82.800000,12.276000,1,1,103724666,1292,0,1292,-71,0,5,69
13,720,82.800000,12.276000,1,1,103724677,1296,0,1296,-72,0,5,69
13,720,82.800000,12.276000,1,1,103724687,1299,0,1299,-72,0,5,69
13,720,82.800000,12.276000,1,1,103724698,1301,0,1301,-73,0,5,69
13,720,82.800000,12.276000,1,1,103724709,1303,0,1303,-74,0,5,69
13,720,82.800000,12.276000,1,1,103724719,1305,0,1305,-74,0,5,69
13,720,82.800000,12.276000,1,1,103724731,1307,0,1307,-75,0,5,69
13,720,82.800000,12.276000,1,1,103724741,1310,0,1310,-76,0,5,69
13,720,82.800000,12.276000,1,1,103724752,1313,0,1313,-76,0,5,69
13,720,82.800000,12.276000,1,1,103724762,1315,0,1315,-77,0,5,69
13,720,82.800000,12.276000,1,1,103724773,1315,0,1315,-77,0,5,69
13,720,82.800000,12.276000,1,1,103724784,1315,0,1315,-77,0,5,69
13,720,82.800000,12.276000,1,1,103724795,1315,0,1315,-77,0,5,69
13,720,82.800000,12.276000,1,1,103724806,1315,0,1315,-77,0,5,69
13,720,82.800000,12.276000,1,1,103724816,1315,0,1315,-77,0,5,69
13,720,82.800000,12.276000,1,1,103724826,1315,0,1315,-77,0,5,69
13,720,82.800000,12.276000,1,1,103724836,1315,0,1315,-77,0,5,69
13,720,82.800000,12.276000,1,1,103724847,1315,0,1315,-77,0,5,69
13,720,82.800000,12.276000,1,1,103724857,1315,0,1315,-77,0,5,69
