13,720,21.600000,10000.000000,1,1,103668876,600,22,600,22,0,5,37
13,720,21.600000,10000.000000,1,1,103668877,600,22,600,22,0,5,37
13,720,21.600000,10000.000000,1,1,103668887,600,22,600,22,0,5,37
13,720,21.600000,10000.000000,1,1,103668897,600,22,600,22,0,5,37
13,720,21.600000,10000.000000,1,1,103668908,600,22,600,22,0,5,37
13,720,21.600000,10000.000000,1,1,103668918,600,22,600,22,0,5,37
13,720,21.600000,10000.000000,1,1,103668929,601,22,601,22,0,5,37
13,720,21.600000,10000.000000,1,1,103668939,602,22,602,22,0,5,37
13,720,21.600000,10000.000000,1,1,103668951,606,21,606,21,0,5,37
13,720,21.600000,10000.000000,1,1,103668962,614,20,614,20,0,5,37
13,720,21.600000,10000.000000,1,1,103668974,630,17,630,17,0,5,37
13,720,21.600000,10000.000000,1,1,103668984,652,13,652,13,0,5,37
13,720,21.600000,10000.000000,1,1,103668994,676,9,676,9,0,5,37
13,720,21.600000,10000.000000,1,1,103669005,709,3,709,3,0,5,37
13,720,21.600000,10000.000000,1,1,103669015,749,0,749,-4,0,5,37
13,720,21.600000,10000.000000,1,1,103669026,791,0,791,-10,0,5,37
13,720,21.600000,10000.000000,1,1,103669037,843,0,843,-18,0,5,37
13,720,21.600000,10000.000000,1,1,103669049,897,0,897,-27,0,5,37
13,720,21.600000,10000.000000,1,1,103669059,948,0,948,-35,0,5,37
13,720,21.600000,10000.000000,1,1,103669070,985,0,985,-42,0,5,37
13,720,21.600000,10000.000000,1,1,103669081,1029,0,1029,-50,0,5,37
13,720,21.600000,10000.000000,1,1,103669091,1064,0,1064,-56,0,5,37
13,720,21.600000,10000.000000,1,1,103669103,1110,0,1110,-64,0,5,37
13,720,21.600000,10000.000000,1,1,103669113,1145,0,1145,-70,0,5,37
13,720,21.600000,10000.000000,1,1,103669132,1178,0,1178,-75,0,5,37
13,720,21.600000,10000.000000,1,1,103669143,1235,0,1235,-85,0,5,37
13,720,21.600000,10000.000000,1,1,103669163,1259,0,1259,-89,0,5,37
13,720,21.600000,10000.000000,1,1,103669174,1285,0,1285,-94,0,5,37
13,720,21.600000,10000.000000,1,1,103669184,1291,0,1291,-95,0,5,37
13,720,21.600000,10000.000000,1,1,103669195,1292,0,1292,-95,0,5,37
13,720,21.600000,10000.000000,1,1,103669205,1293,0,1293,-95,0,5,37
13,720,21.600000,10000.000000,1,1,103669216,1293,0,1293,-95,0,5,37
13,720,21.600000,10000.000000,1,1,103669227,1293,0,1293,-95,0,5,37
13,720,21.600000,10000.000000,1,1,103669237,1293,0,1293,-95,0,5,37
13,720,21.600000,10000.000000,1,1,103669247,1293,0,1293,-95,0,5,37
13,720,21.600000,10000.000000,1,1,103669258,1293,0,1293,-95,0,5,37
13,720,21.600000,10000.000000,1,1,103669269,1293,0,1293,-95,0,5,37
13,720,21.600000,10000.000000,1,1,103669279,1293,0,1293,-95,0,5,37
13,720,21.600000,10000.000000,1,1,103669289,1293,0,1293,-95,0,5,37
13,720,21.600000,10000.000000,1,1,103669300,1293,0,1293,-95,0,5,37
13,720,21.600000,10000.000000,1,1,103669310,1293,0,1293,-95,0,5,37
13,720,21.600000,10000.000000,1,1,103669321,1293,0,1293,-95,0,5,37
13,720,21.600000,10000.000000,1,1,103669331,1293,0,1293,-95,0,5,37
13,720,21.600000,10000.000000,1,1,103669342,1293,0,1293,-95,0,5,37
13,720,21.600000,10000.000000,1,1,103669352,1293,0,1293,-95,0,5,37
13,720,21.600000,10000.000000,1,1,103669363,1293,0,1293,-95,0,5,37
13,720,21.600000,10000.000000,1,1,103669373,1293,0,1293,-95,0,5,37
13,720,21.600000,10000.000000,1,1,103669383,1293,0,1293,-95,0,5,37
13,720,21.600000,10000.000000,1,1,103669401,1293,0,1293,-95,0,5,37
13,720,21.600000,10000.000000,1,1,103669412,1295,0,1295,-96,0,5,37
13,720,21.600000,10000.000000,1,1,103669422,1297,0,1297,-96,0,5,37
13,720,21.600000,10000.000000,1,1,103669433,1300,0,1300,-97,0,5,37
13,720,21.600000,10000.000000,1,1,103669444,1303,0,1303,-97,0,5,37
13,720,21.600000,10000.000000,1,1,103669455,1304,0,1304,-97,0,5,37
13,720,21.600000,10000.000000,1,1,103669465,1307,0,1307,-98,0,5,37
13,720,21.600000,10000.000000,1,1,103669475,1308,0,1308,-98,0,5,37
13,720,21.600000,10000.000000,1,1,103669485,1310,0,1310,-99,0,5,37
13,720,21.600000,10000.000000,1,1,103669495,1311,0,1311,-99,0,5,37
13,720,21.600000,10000.000000,1,1,103669505,1313,0,1313,-99,0,5,37
13,720,21.600000,10000.000000,1,1,103669517,1313,0,1313,-99,0,5,37
13,720,21.600000,10000.000000,1,1,103669527,1314,0,1314,-99,0,5,37
13,720,21.600000,10000.000000,1,1,103669537,1314,0,1314,-99,0,5,37
13,720,21.600000,10000.000000,1,1,103669548,1314,0,1314,-99,0,5,37
13,720,21.600000,10000.000000,1,1,103669558,1314,0,1314,-99,0,5,37
13,720,21.600000,10000.000000,1,1,103669576,1314,0,1314,-99,0,5,37
13,720,21.600000,10000.000000,1,1,103669586,1314,0,1314,-100,0,5,37
13,720,21.600000,10000.000000,1,1,103669597,1314,0,1314,-101,0,5,37
13,720,21.600000,10000.000000,1,1,103669606,1314,0,1314,-101,0,5,37
13,720,21.600000,10000.000000,1,1,103669617,1314,0,1314,-101,0,5,37
13,720,21.600000,10000.000000,1,1,103669627,1314,0,1314,-101,0,5,37
13,720,21.600000,10000.000000,1,1,103669637,1314,0,1314,-101,0,5,37
13,720,21.600000,10000.000000,1,1,103669648,1314,0,1314,-101,0,5,37
13,720,21.600000,10000.000000,1,1,103669658,1314,0,1314,-101,0,5,37
13,720,21.600000,10000.000000,1,1,103669668,1314,0,1314,-101,0,5,37
13,720,21.600000,10000.000000,1,1,103669678,1314,0,1314,-101,0,5,37
13,720,21.600000,10000.000000,1,1,103669687,1314,0,1314,-101,0,5,37
