13,360,50.400000,12.276000,0,1,103759605,780,22,780,22,0,5,90
13,360,50.400000,12.276000,0,1,103759605,780,22,780,22,0,5,90
13,360,50.400000,12.276000,0,1,103759616,780,22,780,22,0,5,90
13,360,50.400000,12.276000,0,1,103759627,780,22,780,22,0,5,90
13,360,50.400000,12.276000,0,1,103759637,780,22,780,22,0,5,90
13,360,50.400000,12.276000,0,1,103759647,780,22,780,22,0,5,90
13,360,50.400000,12.276000,0,1,103759658,780,22,780,22,0,5,90
13,360,50.400000,12.276000,0,1,103759668,780,22,780,22,0,5,90
13,360,50.400000,12.276000,0,1,103759678,780,22,780,22,0,5,90
13,360,50.400000,12.276000,0,1,103759689,780,22,780,22,0,5,90
13,360,50.400000,12.276000,0,1,103759699,780,22,780,22,0,5,90
13,360,50.400000,12.276000,0,1,103759709,780,22,780,22,0,5,90
13,360,50.400000,12.276000,0,1,103759720,780,22,780,22,0,5,90
13,360,50.400000,12.276000,0,1,103759730,781,22,781,22,0,5,90
13,360,50.400000,12.276000,0,1,103759740,782,21,782,21,0,5,90
13,360,50.400000,12.276000,0,1,103759750,784,21,784,21,0,5,90
13,360,50.400000,12.276000,0,1,103759761,786,20,786,20,0,5,90
13,360,50.400000,12.276000,0,1,103759771,790,20,790,20,0,5,90
13,360,50.400000,12.276000,0,1,103759782,794,20,794,20,0,5,90
13,360,50.400000,12.276000,0,1,103759792,801,18,801,18,0,5,90
13,360,50.400000,12.276000,0,1,103759805,808,17,808,17,0,5,90
13,360,50.400000,12.276000,0,1,103759815,818,15,818,15,0,5,90
13,360,50.400000,12.276000,0,1,103759826,829,13,829,13,0,5,90
13,360,50.400000,12.276000,0,1,103759837,843,10,843,10,0,5,90
13,360,50.400000,12.276000,0,1,103759847,857,8,857,8,0,5,90
13,360,50.400000,12.276000,0,1,103759858,873,5,873,5,0,5,90
13,360,50.400000,12.276000,0,1,103759870,892,3,892,3,0,5,90
13,360,50.400000,12.276000,0,1,103759881,912,0,912,0,0,5,90
13,360,50.400000,12.276000,0,1,103759892,937,0,937,-3,0,5,90
13,360,50.400000,12.276000,0,1,103759904,960,0,960,-7,0,5,90
13,360,50.400000,12.276000,0,1,103759915,981,0,981,-10,0,5,90
13,360,50.400000,12.276000,0,1,103759926,1005,0,1005,-13,0,5,90
13,360,50.400000,12.276000,0,1,103759937,1027,0,1027,-17,0,5,90
13,360,50.400000,12.276000,0,1,103759948,1050,0,1050,-21,0,5,90
13,360,50.400000,12.276000,0,1,103759960,1073,0,1073,-26,0,5,90
13,360,50.400000,12.276000,0,1,103759971,1095,0,1095,-30,0,5,90
13,360,50.400000,12.276000,0,1,103759982,1112,0,1112,-33,0,5,90
13,360,50.400000,12.276000,0,1,103759993,1127,0,1127,-36,0,5,90
13,360,50.400000,12.276000,0,1,103760003,1141,0,1141,-40,0,5,90
13,360,50.400000,12.276000,0,1,103760014,1148,0,1148,-43,0,5,90
13,360,50.400000,12.276000,0,1,103760024,1151,0,1151,-44,0,5,90
13,360,50.400000,12.276000,0,1,103760035,1154,0,1154,-45,0,5,90
13,360,50.400000,12.276000,0,1,103760045,1154,0,1154,-45,0,5,90
13,360,50.400000,12.276000,0,1,103760055,1154,0,1154,-45,0,5,90
13,360,50.400000,12.276000,0,1,103760066,1154,0,1154,-45,0,5,90
13,360,50.400000,12.276000,0,1,103760076,1154,0,1154,-45,0,5,90
13,360,50.400000,12.276000,0,1,103760086,1154,0,1154,-45,0,5,90
13,360,50.400000,12.276000,0,1,103760096,1154,0,1154,-45,0,5,90
13,360,50.400000,12.276000,0,1,103760107,1154,0,1154,-45,0,5,90
13,360,50.400000,12.276000,0,1,103760117,1154,0,1154,-45,0,5,90
13,360,50.400000,12.276000,0,1,103760127,1154,0,1154,-45,0,5,90
13,360,50.400000,12.276000,0,1,103760138,1154,0,1154,-45,0,5,90
13,360,50.400000,12.276000,0,1,103760148,1154,0,1154,-45,0,5,90
13,360,50.400000,12.276000,0,1,103760158,1154,0,1154,-45,0,5,90
13,360,50.400000,12.276000,0,1,103760168,1154,0,1154,-45,0,5,90
13,360,50.400000,12.276000,0,1,103760178,1154,0,1154,-45,0,5,90
13,360,50.400000,12.276000,0,1,103760188,1154,0,1154,-45,0,5,90
13,360,50.400000,12.276000,0,1,103760198,1154,0,1154,-45,0,5,90
13,360,50.400000,12.276000,0,1,103760209,1154,0,1154,-45,0,5,90
13,360,50.400000,12.276000,0,1,103760219,1154,0,1154,-45,0,5,90
13,360,50.400000,12.276000,0,1,103760229,1154,0,1154,-45,0,5,90
13,360,50.400000,12.276000,0,1,103760239,1154,0,1154,-45,0,5,90
13,360,50.400000,12.276000,0,1,103760249,1154,0,1154,-45,0,5,90
13,360,50.400000,12.276000,0,1,103760260,1154,0,1154,-45,0,5,90
13,360,50.400000,12.276000,0,1,103760271,1154,0,1154,-45,0,5,90
13,360,50.400000,12.276000,0,1,103760281,1153,0,1153,-45,0,5,90
13,360,50.400000,12.276000,0,1,103760292,1153,0,1153,-45,0,5,90
13,360,50.400000,12.276000,0,1,103760301,1153,0,1153,-45,0,5,90
