13,360,50.400000,0.000000,1,0,103967254,780,0,780,0,0,6,100
13,360,50.400000,0.000000,1,0,103967255,780,0,780,0,0,6,100
13,360,50.400000,0.000000,1,0,103967266,780,0,780,0,0,6,100
13,360,50.400000,0.000000,1,0,103967277,780,0,780,0,0,6,100
13,360,50.400000,0.000000,1,0,103967288,780,0,780,0,0,6,100
13,360,50.400000,0.000000,1,0,103967299,780,0,780,0,0,6,100
13,360,50.400000,0.000000,1,0,103967309,780,0,780,0,0,6,100
13,360,50.400000,0.000000,1,0,103967320,780,0,780,0,0,6,100
13,360,50.400000,0.000000,1,0,103967332,782,0,782,0,0,6,100
13,360,50.400000,0.000000,1,0,103967342,788,0,788,-1,0,6,100
13,360,50.400000,0.000000,1,0,103967353,798,0,798,-4,0,6,100
13,360,50.400000,0.000000,1,0,103967364,816,0,816,-7,0,6,100
13,360,50.400000,0.000000,1,0,103967376,843,0,843,-11,0,6,100
13,360,50.400000,0.000000,1,0,103967386,875,0,875,-16,0,6,100
13,360,50.400000,0.000000,1,0,103967397,907,0,907,-20,0,6,100
13,360,50.400000,0.000000,1,0,103967408,942,0,942,-24,0,6,100
13,360,50.400000,0.000000,1,0,103967418,971,0,971,-28,0,6,100
13,360,50.400000,0.000000,1,0,103967429,997,0,997,-31,0,6,100
13,360,50.400000,0.000000,1,0,103967439,1020,0,1020,-33,0,6,100
13,360,50.400000,0.000000,1,0,103967450,1040,0,1040,-36,0,6,100
13,360,50.400000,0.000000,1,0,103967460,1056,0,1056,-39,0,6,100
13,360,50.400000,0.000000,1,0,103967471,1069,0,1069,-41,0,6,100
13,360,50.400000,0.000000,1,0,103967481,1082,0,1082,-43,0,6,100
13,360,50.400000,0.000000,1,0,103967493,1091,0,1091,-44,0,6,100
13,360,50.400000,0.000000,1,0,103967503,1099,0,1099,-45,0,6,100
13,360,50.400000,0.000000,1,0,103967513,1105,0,1105,-47,0,6,100
13,360,50.400000,0.000000,1,0,103967524,1109,0,1109,-47,0,6,100
13,360,50.400000,0.000000,1,0,103967535,1114,0,1114,-47,0,6,100
13,360,50.400000,0.000000,1,0,103967545,1118,0,1118,-47,0,6,100
13,360,50.400000,0.000000,1,0,103967557,1120,0,1120,-48,0,6,100
13,360,50.400000,0.000000,1,0,103967568,1123,0,1123,-48,0,6,100
13,360,50.400000,0.000000,1,0,103967578,1125,0,1125,-49,0,6,100
13,360,50.400000,0.000000,1,0,103967589,1128,0,1128,-50,0,6,100
13,360,50.400000,0.000000,1,0,103967600,1131,0,1131,-50,0,6,100
13,360,50.400000,0.000000,1,0,103967611,1135,0,1135,-51,0,6,100
13,360,50.400000,0.000000,1,0,103967621,1137,0,1137,-51,0,6,100
13,360,50.400000,0.000000,1,0,103967632,1138,0,1138,-51,0,6,100
13,360,50.400000,0.000000,1,0,103967643,1138,0,1138,-51,0,6,100
13,360,50.400000,0.000000,1,0,103967654,1138,0,1138,-51,0,6,100
13,360,50.400000,0.000000,1,0,103967664,1138,0,1138,-51,0,6,100
13,360,50.400000,0.000000,1,0,103967675,1138,0,1138,-51,0,6,100
13,360,50.400000,0.000000,1,0,103967685,1138,0,1138,-51,0,6,100
13,360,50.400000,0.000000,1,0,103967695,1138,0,1138,-51,0,6,100
13,360,50.400000,0.000000,1,0,103967707,1138,0,1138,-51,0,6,100
13,360,50.400000,0.000000,1,0,103967717,1138,0,1138,-51,0,6,100
13,360,50.400000,0.000000,1,0,103967728,1138,0,1138,-51,0,6,100
13,360,50.400000,0.000000,1,0,103967738,1138,0,1138,-51,0,6,100
13,360,50.400000,0.000000,1,0,103967748,1138,0,1138,-51,0,6,100
13,360,50.400000,0.000000,1,0,103967758,1138,0,1138,-51,0,6,100
