13,360,21.600000,0.000000,0,0,103858749,780,0,780,0,0,6,32
13,360,21.600000,0.000000,0,0,103858750,780,0,780,0,0,6,32
13,360,21.600000,0.000000,0,0,103858760,780,0,780,0,0,6,32
13,360,21.600000,0.000000,0,0,103858771,780,0,780,0,0,6,32
13,360,21.600000,0.000000,0,0,103858782,780,0,780,0,0,6,32
13,360,21.600000,0.000000,0,0,103858793,780,0,780,0,0,6,32
13,360,21.600000,0.000000,0,0,103858804,780,0,780,0,0,6,32
13,360,21.600000,0.000000,0,0,103858814,780,0,780,0,0,6,32
13,360,21.600000,0.000000,0,0,103858825,781,0,781,0,0,6,32
13,360,21.600000,0.000000,0,0,103858836,783,0,783,0,0,6,32
13,360,21.600000,0.000000,0,0,103858848,786,0,786,0,0,6,32
13,360,21.600000,0.000000,0,0,103858859,792,0,792,0,0,6,32
13,360,21.600000,0.000000,0,0,103858871,800,0,800,0,0,6,32
13,360,21.600000,0.000000,0,0,103858892,814,0,814,-1,0,6,32
13,360,21.600000,0.000000,0,0,103858913,850,0,850,-6,0,6,32
13,360,21.600000,0.000000,0,0,103858924,891,0,891,-12,0,6,32
13,360,21.600000,0.000000,0,0,103858935,915,0,915,-16,0,6,32
13,360,21.600000,0.000000,0,0,103858946,934,0,934,-19,0,6,32
13,360,21.600000,0.000000,0,0,103858957,962,0,962,-25,0,6,32
13,360,21.600000,0.000000,0,0,103858967,981,0,981,-29,0,6,32
13,360,21.600000,0.000000,0,0,103858980,1003,0,1003,-33,0,6,32
13,360,21.600000,0.000000,0,0,103858991,1025,0,1025,-37,0,6,32
13,360,21.600000,0.000000,0,0,103859004,1044,0,1044,-42,0,6,32
13,360,21.600000,0.000000,0,0,103859015,1071,0,1071,-47,0,6,32
13,360,21.600000,0.000000,0,0,103859025,1086,0,1086,-49,0,6,32
13,360,21.600000,0.000000,0,0,103859036,1101,0,1101,-51,0,6,32
13,360,21.600000,0.000000,0,0,103859048,1114,0,1114,-54,0,6,32
13,360,21.600000,0.000000,0,0,103859058,1123,0,1123,-55,0,6,32
13,360,21.600000,0.000000,0,0,103859069,1130,0,1130,-57,0,6,32
13,360,21.600000,0.000000,0,0,103859079,1135,0,1135,-58,0,6,32
13,360,21.600000,0.000000,0,0,103859090,1140,0,1140,-59,0,6,32
13,360,21.600000,0.000000,0,0,103859101,1145,0,1145,-61,0,6,32
13,360,21.600000,0.000000,0,0,103859112,1151,0,1151,-61,0,6,32
13,360,21.600000,0.000000,0,0,103859123,1154,0,1154,-62,0,6,32
13,360,21.600000,0.000000,0,0,103859133,1157,0,1157,-63,0,6,32
13,360,21.600000,0.000000,0,0,103859144,1158,0,1158,-64,0,6,32
13,360,21.600000,0.000000,0,0,103859154,1158,0,1158,-64,0,6,32
13,360,21.600000,0.000000,0,0,103859165,1158,0,1158,-64,0,6,32
13,360,21.600000,0.000000,0,0,103859176,1158,0,1158,-64,0,6,32
13,360,21.600000,0.000000,0,0,103859186,1158,0,1158,-64,0,6,32
13,360,21.600000,0.000000,0,0,103859197,1158,0,1158,-64,0,6,32
13,360,21.600000,0.000000,0,0,103859208,1158,0,1158,-64,0,6,32
13,360,21.600000,0.000000,0,0,103859219,1158,0,1158,-64,0,6,32
13,360,21.600000,0.000000,0,0,103859229,1158,0,1158,-64,0,6,32
13,360,21.600000,0.000000,0,0,103859240,1158,0,1158,-64,0,6,32
13,360,21.600000,0.000000,0,0,103859251,1158,0,1158,-64,0,6,32
13,360,21.600000,0.000000,0,0,103859261,1158,0,1158,-64,0,6,32
13,360,21.600000,0.000000,0,0,103859272,1158,0,1158,-64,0,6,32
13,360,21.600000,0.000000,0,0,103859282,1158,0,1158,-64,0,6,32
13,360,21.600000,0.000000,0,0,103859292,1158,0,1158,-64,0,6,32
13,360,21.600000,0.000000,0,0,103859303,1158,0,1158,-64,0,6,32
13,360,21.600000,0.000000,0,0,103859314,1158,0,1158,-64,0,6,32
13,360,21.600000,0.000000,0,0,103859324,1158,0,1158,-64,0,6,32
13,360,21.600000,0.000000,0,0,103859334,1158,0,1158,-64,0,6,32
13,360,21.600000,0.000000,0,0,103859345,1156,0,1156,-64,0,6,32
13,360,21.600000,0.000000,0,0,103859356,1153,0,1153,-64,0,6,32
13,360,21.600000,0.000000,0,0,103859368,1149,0,1149,-64,0,6,32
13,360,21.600000,0.000000,0,0,103859379,1146,0,1146,-64,0,6,32
13,360,21.600000,0.000000,0,0,103859389,1143,0,1143,-64,0,6,32
13,360,21.600000,0.000000,0,0,103859400,1141,0,1141,-64,0,6,32
13,360,21.600000,0.000000,0,0,103859410,1141,0,1141,-64,0,6,32
13,360,21.600000,0.000000,0,0,103859420,1141,0,1141,-64,0,6,32
13,360,21.600000,0.000000,0,0,103859430,1141,0,1141,-64,0,6,32
13,360,21.600000,0.000000,0,0,103859441,1141,0,1141,-64,0,6,32
13,360,21.600000,0.000000,0,0,103859451,1141,0,1141,-64,0,6,32
13,360,21.600000,0.000000,0,0,103859461,1141,0,1141,-64,0,6,32
13,360,21.600000,0.000000,0,0,103859471,1141,0,1141,-64,0,6,32
13,360,21.600000,0.000000,0,0,103859481,1141,0,1141,-64,0,6,32
13,360,21.600000,0.000000,0,0,103859492,1141,0,1141,-64,0,6,32
13,360,21.600000,0.000000,0,0,103859502,1141,0,1141,-64,0,6,32
13,360,21.600000,0.000000,0,0,103859513,1141,0,1141,-64,0,6,32
13,360,21.600000,0.000000,0,0,103859524,1141,0,1141,-64,0,6,32
13,360,21.600000,0.000000,0,0,103859535,1141,0,1141,-64,0,6,32
13,360,21.600000,0.000000,0,0,103859544,1141,0,1141,-64,0,6,32
