13,720,82.800000,42.984000,1,1,103856177,600,22,600,22,0,6,30
13,720,82.800000,42.984000,1,1,103856178,600,22,600,22,0,6,30
13,720,82.800000,42.984000,1,1,103856188,600,22,600,22,0,6,30
13,720,82.800000,42.984000,1,1,103856198,600,22,600,22,0,6,30
13,720,82.800000,42.984000,1,1,103856209,600,22,600,22,0,6,30
13,720,82.800000,42.984000,1,1,103856220,600,22,600,22,0,6,30
13,720,82.800000,42.984000,1,1,103856231,600,22,600,22,0,6,30
13,720,82.800000,42.984000,1,1,103856241,600,22,600,22,0,6,30
13,720,82.800000,42.984000,1,1,103856251,600,22,600,22,0,6,30
13,720,82.800000,42.984000,1,1,103856262,601,22,601,22,0,6,30
13,720,82.800000,42.984000,1,1,103856273,602,22,602,22,0,6,30
13,720,82.800000,42.984000,1,1,103856283,603,22,603,22,0,6,30
13,720,82.800000,42.984000,1,1,103856294,606,22,606,22,0,6,30
13,720,82.800000,42.984000,1,1,103856305,608,21,608,21,0,6,30
13,720,82.800000,42.984000,1,1,103856316,612,20,612,20,0,6,30
13,720,82.800000,42.984000,1,1,103856327,617,18,617,18,0,6,30
13,720,82.800000,42.984000,1,1,103856337,624,17,624,17,0,6,30
13,720,82.800000,42.984000,1,1,103856348,633,14,633,14,0,6,30
13,720,82.800000,42.984000,1,1,103856359,652,9,652,9,0,6,30
13,720,82.800000,42.984000,1,1,103856369,671,5,671,5,0,6,30
13,720,82.800000,42.984000,1,1,103856380,695,0,695,0,0,6,30
13,720,82.800000,42.984000,1,1,103856390,729,0,729,-7,0,6,30
13,720,82.800000,42.984000,1,1,103856400,763,0,763,-15,0,6,30
13,720,82.800000,42.984000,1,1,103856411,807,0,807,-24,0,6,30
13,720,82.800000,42.984000,1,1,103856422,859,0,859,-37,0,6,30
13,720,82.800000,42.984000,1,1,103856432,918,0,918,-50,0,6,30
13,720,82.800000,42.984000,1,1,103856443,971,0,971,-63,0,6,30
13,720,82.800000,42.984000,1,1,103856453,1021,0,1021,-75,0,6,30
13,720,82.800000,42.984000,1,1,103856464,1068,0,1068,-87,0,6,30
13,720,82.800000,42.984000,1,1,103856474,1108,0,1108,-96,0,6,30
13,720,82.800000,42.984000,1,1,103856485,1149,0,1149,-106,0,6,30
13,720,82.800000,42.984000,1,1,103856495,1183,0,1183,-114,0,6,30
13,720,82.800000,42.984000,1,1,103856505,1211,0,1211,-121,0,6,30
13,720,82.800000,42.984000,1,1,103856516,1237,0,1237,-127,0,6,30
13,720,82.800000,42.984000,1,1,103856526,1258,0,1258,-132,0,6,30
13,720,82.800000,42.984000,1,1,103856537,1274,0,1274,-136,0,6,30
13,720,82.800000,42.984000,1,1,103856548,1286,0,1286,-139,0,6,30
13,720,82.800000,42.984000,1,1,103856559,1293,0,1293,-141,0,6,30
13,720,82.800000,42.984000,1,1,103856569,1298,0,1298,-142,0,6,30
13,720,82.800000,42.984000,1,1,103856579,1300,0,1300,-143,0,6,30
13,720,82.800000,42.984000,1,1,103856590,1302,0,1302,-144,0,6,30
13,720,82.800000,42.984000,1,1,103856600,1302,0,1302,-144,0,6,30
13,720,82.800000,42.984000,1,1,103856611,1302,0,1302,-144,0,6,30
13,720,82.800000,42.984000,1,1,103856621,1302,0,1302,-144,0,6,30
13,720,82.800000,42.984000,1,1,103856631,1302,0,1302,-144,0,6,30
13,720,82.800000,42.984000,1,1,103856643,1302,0,1302,-144,0,6,30
13,720,82.800000,42.984000,1,1,103856652,1302,0,1302,-144,0,6,30
13,720,82.800000,42.984000,1,1,103856663,1302,0,1302,-144,0,6,30
13,720,82.800000,42.984000,1,1,103856672,1302,0,1302,-144,0,6,30
13,720,82.800000,42.984000,1,1,103856683,1302,0,1302,-144,0,6,30
13,720,82.800000,42.984000,1,1,103856693,1302,0,1302,-144,0,6,30
13,720,82.800000,42.984000,1,1,103856703,1302,0,1302,-144,0,6,30
13,720,82.800000,42.984000,1,1,103856713,1302,0,1302,-144,0,6,30
13,720,82.800000,42.984000,1,1,103856723,1302,0,1302,-144,0,6,30
13,720,82.800000,42.984000,1,1,103856734,1302,0,1302,-144,0,6,30
13,720,82.800000,42.984000,1,1,103856755,1302,0,1302,-144,0,6,30
13,720,82.800000,42.984000,1,1,103856765,1302,0,1302,-144,0,6,30
13,720,82.800000,42.984000,1,1,103856775,1302,0,1302,-144,0,6,30
13,720,82.800000,42.984000,1,1,103856785,1302,0,1302,-144,0,6,30
13,720,82.800000,42.984000,1,1,103856795,1302,0,1302,-144,0,6,30
13,720,82.800000,42.984000,1,1,103856804,1302,0,1302,-144,0,6,30
