13,360,82.800000,22.608000,0,1,103923430,780,22,780,22,0,6,70
13,360,82.800000,22.608000,0,1,103923431,780,22,780,22,0,6,70
13,360,82.800000,22.608000,0,1,103923442,780,22,780,22,0,6,70
13,360,82.800000,22.608000,0,1,103923452,780,22,780,22,0,6,70
13,360,82.800000,22.608000,0,1,103923462,780,22,780,22,0,6,70
13,360,82.800000,22.608000,0,1,103923472,780,22,780,22,0,6,70
13,360,82.800000,22.608000,0,1,103923482,780,22,780,22,0,6,70
13,360,82.800000,22.608000,0,1,103923493,780,22,780,22,0,6,70
13,360,82.800000,22.608000,0,1,103923503,780,22,780,22,0,6,70
13,360,82.800000,22.608000,0,1,103923513,780,22,780,22,0,6,70
13,360,82.800000,22.608000,0,1,103923523,782,20,782,20,0,6,70
13,360,82.800000,22.608000,0,1,103923533,786,19,786,19,0,6,70
13,360,82.800000,22.608000,0,1,103923553,793,16,793,16,0,6,70
13,360,82.800000,22.608000,0,1,103923564,813,9,813,9,0,6,70
13,360,82.800000,22.608000,0,1,103923575,831,5,831,5,0,6,70
13,360,82.800000,22.608000,0,1,103923586,845,2,845,2,0,6,70
13,360,82.800000,22.608000,0,1,103923597,862,0,862,-2,0,6,70
13,360,82.800000,22.608000,0,1,103923608,881,0,881,-6,0,6,70
13,360,82.800000,22.608000,0,1,103923619,897,0,897,-10,0,6,70
13,360,82.800000,22.608000,0,1,103923630,915,0,915,-13,0,6,70
13,360,82.800000,22.608000,0,1,103923641,937,0,937,-17,0,6,70
13,360,82.800000,22.608000,0,1,103923652,959,0,959,-21,0,6,70
13,360,82.800000,22.608000,0,1,103923662,977,0,977,-25,0,6,70
13,360,82.800000,22.608000,0,1,103923673,992,0,992,-28,0,6,70
13,360,82.800000,22.608000,0,1,103923684,1009,0,1009,-30,0,6,70
13,360,82.800000,22.608000,0,1,103923695,1019,0,1019,-32,0,6,70
13,360,82.800000,22.608000,0,1,103923706,1027,0,1027,-34,0,6,70
13,360,82.800000,22.608000,0,1,103923716,1037,0,1037,-38,0,6,70
13,360,82.800000,22.608000,0,1,103923727,1047,0,1047,-42,0,6,70
13,360,82.800000,22.608000,0,1,103923738,1055,0,1055,-45,0,6,70
13,360,82.800000,22.608000,0,1,103923748,1063,0,1063,-48,0,6,70
13,360,82.800000,22.608000,0,1,103923759,1072,0,1072,-51,0,6,70
13,360,82.800000,22.608000,0,1,103923770,1080,0,1080,-54,0,6,70
13,360,82.800000,22.608000,0,1,103923781,1089,0,1089,-57,0,6,70
13,360,82.800000,22.608000,0,1,103923792,1095,0,1095,-59,0,6,70
13,360,82.800000,22.608000,0,1,103923804,1099,0,1099,-61,0,6,70
13,360,82.800000,22.608000,0,1,103923815,1103,0,1103,-63,0,6,70
13,360,82.800000,22.608000,0,1,103923824,1105,0,1105,-64,0,6,70
13,360,82.800000,22.608000,0,1,103923834,1105,0,1105,-64,0,6,70
13,360,82.800000,22.608000,0,1,103923844,1105,0,1105,-64,0,6,70
13,360,82.800000,22.608000,0,1,103923854,1105,0,1105,-64,0,6,70
13,360,82.800000,22.608000,0,1,103923864,1105,0,1105,-64,0,6,70
13,360,82.800000,22.608000,0,1,103923875,1106,0,1106,-64,0,6,70
13,360,82.800000,22.608000,0,1,103923886,1107,0,1107,-65,0,6,70
13,360,82.800000,22.608000,0,1,103923896,1109,0,1109,-66,0,6,70
13,360,82.800000,22.608000,0,1,103923907,1112,0,1112,-67,0,6,70
13,360,82.800000,22.608000,0,1,103923917,1115,0,1115,-68,0,6,70
13,360,82.800000,22.608000,0,1,103923928,1117,0,1117,-69,0,6,70
13,360,82.800000,22.608000,0,1,103923938,1118,0,1118,-69,0,6,70
13,360,82.800000,22.608000,0,1,103923948,1119,0,1119,-70,0,6,70
13,360,82.800000,22.608000,0,1,103923959,1119,0,1119,-70,0,6,70
13,360,82.800000,22.608000,0,1,103923969,1120,0,1120,-70,0,6,70
13,360,82.800000,22.608000,0,1,103923979,1120,0,1120,-70,0,6,70
13,360,82.800000,22.608000,0,1,103923990,1122,0,1122,-71,0,6,70
13,360,82.800000,22.608000,0,1,103924000,1124,0,1124,-72,0,6,70
13,360,82.800000,22.608000,0,1,103924011,1125,0,1125,-73,0,6,70
13,360,82.800000,22.608000,0,1,103924020,1125,0,1125,-73,0,6,70
13,360,82.800000,22.608000,0,1,103924030,1126,0,1126,-73,0,6,70
13,360,82.800000,22.608000,0,1,103924041,1127,0,1127,-73,0,6,70
