13,360,82.800000,0.000000,0,1,103899511,780,22,780,22,0,6,57
13,360,82.800000,0.000000,0,1,103899512,780,22,780,22,0,6,57
13,360,82.800000,0.000000,0,1,103899524,780,22,780,22,0,6,57
13,360,82.800000,0.000000,0,1,103899533,780,22,780,22,0,6,57
13,360,82.800000,0.000000,0,1,103899546,780,22,780,22,0,6,57
13,360,82.800000,0.000000,0,1,103899556,780,22,780,22,0,6,57
13,360,82.800000,0.000000,0,1,103899567,780,22,780,22,0,6,57
13,360,82.800000,0.000000,0,1,103899578,780,22,780,22,0,6,57
13,360,82.800000,0.000000,0,1,103899588,781,22,781,22,0,6,57
13,360,82.800000,0.000000,0,1,103899599,782,22,782,22,0,6,57
13,360,82.800000,0.000000,0,1,103899609,782,22,782,22,0,6,57
13,360,82.800000,0.000000,0,1,103899622,786,22,786,22,0,6,57
13,360,82.800000,0.000000,0,1,103899632,794,22,794,22,0,6,57
13,360,82.800000,0.000000,0,1,103899643,806,22,806,22,0,6,57
13,360,82.800000,0.000000,0,1,103899654,821,21,821,21,0,6,57
13,360,82.800000,0.000000,0,1,103899665,838,19,838,19,0,6,57
13,360,82.800000,0.000000,0,1,103899676,866,16,866,16,0,6,57
13,360,82.800000,0.000000,0,1,103899687,892,12,892,12,0,6,57
13,360,82.800000,0.000000,0,1,103899697,921,8,921,8,0,6,57
13,360,82.800000,0.000000,0,1,103899707,952,3,952,3,0,6,57
13,360,82.800000,0.000000,0,1,103899718,979,0,979,-1,0,6,57
13,360,82.800000,0.000000,0,1,103899728,1002,0,1002,-5,0,6,57
13,360,82.800000,0.000000,0,1,103899739,1023,0,1023,-9,0,6,57
13,360,82.800000,0.000000,0,1,103899750,1039,0,1039,-13,0,6,57
13,360,82.800000,0.000000,0,1,103899760,1053,0,1053,-16,0,6,57
13,360,82.800000,0.000000,0,1,103899771,1063,0,1063,-18,0,6,57
13,360,82.800000,0.000000,0,1,103899783,1072,0,1072,-21,0,6,57
13,360,82.800000,0.000000,0,1,103899793,1081,0,1081,-23,0,6,57
13,360,82.800000,0.000000,0,1,103899803,1086,0,1086,-24,0,6,57
13,360,82.800000,0.000000,0,1,103899814,1090,0,1090,-25,0,6,57
13,360,82.800000,0.000000,0,1,103899823,1095,0,1095,-26,0,6,57
13,360,82.800000,0.000000,0,1,103899834,1099,0,1099,-27,0,6,57
13,360,82.800000,0.000000,0,1,103899844,1104,0,1104,-29,0,6,57
13,360,82.800000,0.000000,0,1,103899856,1110,0,1110,-30,0,6,57
13,360,82.800000,0.000000,0,1,103899867,1115,0,1115,-32,0,6,57
13,360,82.800000,0.000000,0,1,103899876,1120,0,1120,-33,0,6,57
13,360,82.800000,0.000000,0,1,103899888,1125,0,1125,-34,0,6,57
13,360,82.800000,0.000000,0,1,103899898,1129,0,1129,-35,0,6,57
13,360,82.800000,0.000000,0,1,103899908,1130,0,1130,-35,0,6,57
13,360,82.800000,0.000000,0,1,103899919,1131,0,1131,-35,0,6,57
13,360,82.800000,0.000000,0,1,103899929,1131,0,1131,-35,0,6,57
13,360,82.800000,0.000000,0,1,103899939,1131,0,1131,-35,0,6,57
13,360,82.800000,0.000000,0,1,103899950,1131,0,1131,-35,0,6,57
13,360,82.800000,0.000000,0,1,103899960,1131,0,1131,-35,0,6,57
13,360,82.800000,0.000000,0,1,103899971,1131,0,1131,-35,0,6,57
13,360,82.800000,0.000000,0,1,103899981,1131,0,1131,-35,0,6,57
13,360,82.800000,0.000000,0,1,103899992,1131,0,1131,-35,0,6,57
13,360,82.800000,0.000000,0,1,103900002,1131,0,1131,-35,0,6,57
13,360,82.800000,0.000000,0,1,103900013,1131,0,1131,-35,0,6,57
13,360,82.800000,0.000000,0,1,103900024,1131,0,1131,-35,0,6,57
13,360,82.800000,0.000000,0,1,103900035,1131,0,1131,-35,0,6,57
13,360,82.800000,0.000000,0,1,103900045,1131,0,1131,-35,0,6,57
13,360,82.800000,0.000000,0,1,103900055,1131,0,1131,-35,0,6,57
13,360,82.800000,0.000000,0,1,103900064,1131,0,1131,-35,0,6,57
