13,360,82.800000,0.000000,1,1,103851657,780,22,780,22,0,6,28
13,360,82.800000,0.000000,1,1,103851658,780,22,780,22,0,6,28
13,360,82.800000,0.000000,1,1,103851669,785,21,785,21,0,6,28
13,360,82.800000,0.000000,1,1,103851679,789,20,789,20,0,6,28
13,360,82.800000,0.000000,1,1,103851689,790,20,790,20,0,6,28
13,360,82.800000,0.000000,1,1,103851700,790,20,790,20,0,6,28
13,360,82.800000,0.000000,1,1,103851710,790,20,790,20,0,6,28
13,360,82.800000,0.000000,1,1,103851720,791,20,791,20,0,6,28
13,360,82.800000,0.000000,1,1,103851732,791,19,791,19,0,6,28
13,360,82.800000,0.000000,1,1,103851744,793,19,793,19,0,6,28
13,360,82.800000,0.000000,1,1,103851755,797,19,797,19,0,6,28
13,360,82.800000,0.000000,1,1,103851766,802,17,802,17,0,6,28
13,360,82.800000,0.000000,1,1,103851777,810,16,810,16,0,6,28
13,360,82.800000,0.000000,1,1,103851788,819,15,819,15,0,6,28
13,360,82.800000,0.000000,1,1,103851798,830,14,830,14,0,6,28
13,360,82.800000,0.000000,1,1,103851809,846,13,846,13,0,6,28
13,360,82.800000,0.000000,1,1,103851820,863,10,863,10,0,6,28
13,360,82.800000,0.000000,1,1,103851830,882,8,882,8,0,6,28
13,360,82.800000,0.000000,1,1,103851840,900,5,900,5,0,6,28
13,360,82.800000,0.000000,1,1,103851851,916,2,916,2,0,6,28
13,360,82.800000,0.000000,1,1,103851861,932,0,932,-1,0,6,28
13,360,82.800000,0.000000,1,1,103851872,947,0,947,-3,0,6,28
13,360,82.800000,0.000000,1,1,103851882,968,0,968,-7,0,6,28
13,360,82.800000,0.000000,1,1,103851892,985,0,985,-10,0,6,28
13,360,82.800000,0.000000,1,1,103851903,1002,0,1002,-13,0,6,28
13,360,82.800000,0.000000,1,1,103851914,1021,0,1021,-16,0,6,28
13,360,82.800000,0.000000,1,1,103851925,1038,0,1038,-19,0,6,28
13,360,82.800000,0.000000,1,1,103851936,1055,0,1055,-22,0,6,28
13,360,82.800000,0.000000,1,1,103851947,1068,0,1068,-24,0,6,28
13,360,82.800000,0.000000,1,1,103851959,1078,0,1078,-25,0,6,28
13,360,82.800000,0.000000,1,1,103851970,1084,0,1084,-26,0,6,28
13,360,82.800000,0.000000,1,1,103851981,1088,0,1088,-27,0,6,28
13,360,82.800000,0.000000,1,1,103851991,1092,0,1092,-27,0,6,28
13,360,82.800000,0.000000,1,1,103852001,1094,0,1094,-28,0,6,28
13,360,82.800000,0.000000,1,1,103852012,1096,0,1096,-28,0,6,28
13,360,82.800000,0.000000,1,1,103852023,1098,0,1098,-28,0,6,28
13,360,82.800000,0.000000,1,1,103852033,1101,0,1101,-28,0,6,28
13,360,82.800000,0.000000,1,1,103852044,1102,0,1102,-28,0,6,28
13,360,82.800000,0.000000,1,1,103852054,1103,0,1103,-28,0,6,28
13,360,82.800000,0.000000,1,1,103852064,1103,0,1103,-28,0,6,28
13,360,82.800000,0.000000,1,1,103852082,1103,0,1103,-28,0,6,28
13,360,82.800000,0.000000,1,1,103852092,1103,0,1103,-28,0,6,28
13,360,82.800000,0.000000,1,1,103852102,1103,0,1103,-28,0,6,28
13,360,82.800000,0.000000,1,1,103852112,1103,0,1103,-28,0,6,28
13,360,82.800000,0.000000,1,1,103852123,1103,0,1103,-28,0,6,28
13,360,82.800000,0.000000,1,1,103852134,1104,0,1104,-28,0,6,28
13,360,82.800000,0.000000,1,1,103852145,1104,0,1104,-28,0,6,28
13,360,82.800000,0.000000,1,1,103852156,1104,0,1104,-28,0,6,28
13,360,82.800000,0.000000,1,1,103852166,1104,0,1104,-28,0,6,28
13,360,82.800000,0.000000,1,1,103852177,1104,0,1104,-28,0,6,28
13,360,82.800000,0.000000,1,1,103852187,1104,0,1104,-28,0,6,28
13,360,82.800000,0.000000,1,1,103852197,1104,0,1104,-28,0,6,28
