13,720,82.800000,12.276000,0,0,103972677,600,0,600,0,0,6,104
13,720,82.800000,12.276000,0,0,103972678,600,0,600,0,0,6,104
13,720,82.800000,12.276000,0,0,103972689,600,0,600,0,0,6,104
13,720,82.800000,12.276000,0,0,103972699,600,0,600,0,0,6,104
13,720,82.800000,12.276000,0,0,103972710,600,0,600,0,0,6,104
13,720,82.800000,12.276000,0,0,103972721,600,0,600,0,0,6,104
13,720,82.800000,12.276000,0,0,103972731,600,0,600,0,0,6,104
13,720,82.800000,12.276000,0,0,103972741,600,0,600,0,0,6,104
13,720,82.800000,12.276000,0,0,103972752,600,0,600,0,0,6,104
13,720,82.800000,12.276000,0,0,103972763,601,0,601,0,0,6,104
13,720,82.800000,12.276000,0,0,103972774,603,0,603,0,0,6,104
13,720,82.800000,12.276000,0,0,103972787,607,0,607,-1,0,6,104
13,720,82.800000,12.276000,0,0,103972798,621,0,621,-4,0,6,104
13,720,82.800000,12.276000,0,0,103972809,640,0,640,-7,0,6,104
13,720,82.800000,12.276000,0,0,103972820,670,0,670,-13,0,6,104
13,720,82.800000,12.276000,0,0,103972832,712,0,712,-19,0,6,104
13,720,82.800000,12.276000,0,0,103972843,769,0,769,-24,0,6,104
13,720,82.800000,12.276000,0,0,103972854,827,0,827,-30,0,6,104
13,720,82.800000,12.276000,0,0,103972865,886,0,886,-36,0,6,104
13,720,82.800000,12.276000,0,0,103972875,944,0,944,-41,0,6,104
13,720,82.800000,12.276000,0,0,103972886,1001,0,1001,-48,0,6,104
13,720,82.800000,12.276000,0,0,103972897,1049,0,1049,-53,0,6,104
13,720,82.800000,12.276000,0,0,103972909,1099,0,1099,-57,0,6,104
13,720,82.800000,12.276000,0,0,103972920,1138,0,1138,-60,0,6,104
13,720,82.800000,12.276000,0,0,103972931,1173,0,1173,-63,0,6,104
13,720,82.800000,12.276000,0,0,103972941,1194,0,1194,-66,0,6,104
13,720,82.800000,12.276000,0,0,103972952,1210,0,1210,-68,0,6,104
13,720,82.800000,12.276000,0,0,103972963,1221,0,1221,-69,0,6,104
13,720,82.800000,12.276000,0,0,103972974,1227,0,1227,-69,0,6,104
13,720,82.800000,12.276000,0,0,103972985,1231,0,1231,-70,0,6,104
13,720,82.800000,12.276000,0,0,103972996,1234,0,1234,-70,0,6,104
13,720,82.800000,12.276000,0,0,103973006,1236,0,1236,-70,0,6,104
13,720,82.800000,12.276000,0,0,103973019,1238,0,1238,-70,0,6,104
13,720,82.800000,12.276000,0,0,103973030,1240,0,1240,-71,0,6,104
13,720,82.800000,12.276000,0,0,103973041,1243,0,1243,-71,0,6,104
13,720,82.800000,12.276000,0,0,103973052,1245,0,1245,-71,0,6,104
13,720,82.800000,12.276000,0,0,103973063,1248,0,1248,-71,0,6,104
13,720,82.800000,12.276000,0,0,103973074,1249,0,1249,-71,0,6,104
13,720,82.800000,12.276000,0,0,103973084,1249,0,1249,-71,0,6,104
13,720,82.800000,12.276000,0,0,103973094,1249,0,1249,-71,0,6,104
13,720,82.800000,12.276000,0,0,103973105,1249,0,1249,-71,0,6,104
13,720,82.800000,12.276000,0,0,103973116,1249,0,1249,-71,0,6,104
13,720,82.800000,12.276000,0,0,103973126,1249,0,1249,-71,0,6,104
13,720,82.800000,12.276000,0,0,103973137,1249,0,1249,-71,0,6,104
13,720,82.800000,12.276000,0,0,103973147,1249,0,1249,-71,0,6,104
13,720,82.800000,12.276000,0,0,103973158,1250,0,1250,-71,0,6,104
13,720,82.800000,12.276000,0,0,103973168,1251,0,1251,-71,0,6,104
13,720,82.800000,12.276000,0,0,103973178,1252,0,1252,-72,0,6,104
13,720,82.800000,12.276000,0,0,103973188,1252,0,1252,-72,0,6,104
13,720,82.800000,12.276000,0,0,103973198,1253,0,1253,-72,0,6,104
13,720,82.800000,12.276000,0,0,103973209,1254,0,1254,-72,0,6,104
13,720,82.800000,12.276000,0,0,103973219,1254,0,1254,-72,0,6,104
13,720,82.800000,12.276000,0,0,103973229,1256,0,1256,-72,0,6,104
13,720,82.800000,12.276000,0,0,103973240,1257,0,1257,-73,0,6,104
13,720,82.800000,12.276000,0,0,103973251,1260,0,1260,-73,0,6,104
13,720,82.800000,12.276000,0,0,103973261,1264,0,1264,-74,0,6,104
13,720,82.800000,12.276000,0,0,103973271,1268,0,1268,-74,0,6,104
13,720,82.800000,12.276000,0,0,103973282,1271,0,1271,-75,0,6,104
13,720,82.800000,12.276000,0,0,103973292,1274,0,1274,-75,0,6,104
13,720,82.800000,12.276000,0,0,103973302,1277,0,1277,-76,0,6,104
13,720,82.800000,12.276000,0,0,103973313,1280,0,1280,-76,0,6,104
13,720,82.800000,12.276000,0,0,103973324,1282,0,1282,-77,0,6,104
13,720,82.800000,12.276000,0,0,103973335,1284,0,1284,-77,0,6,104
13,720,82.800000,12.276000,0,0,103973346,1286,0,1286,-78,0,6,104
13,720,82.800000,12.276000,0,0,103973356,1288,0,1288,-78,0,6,104
13,720,82.800000,12.276000,0,0,103973367,1290,0,1290,-80,0,6,104
13,720,82.800000,12.276000,0,0,103973378,1293,0,1293,-80,0,6,104
13,720,82.800000,12.276000,0,0,103973388,1297,0,1297,-80,0,6,104
13,720,82.800000,12.276000,0,0,103973398,1300,0,1300,-81,0,6,104
13,720,82.800000,12.276000,0,0,103973408,1305,0,1305,-83,0,6,104
13,720,82.800000,12.276000,0,0,103973418,1308,0,1308,-84,0,6,104
13,720,82.800000,12.276000,0,0,103973438,1309,0,1309,-84,0,6,104
13,720,82.800000,12.276000,0,0,103973449,1309,0,1309,-84,0,6,104
13,720,82.800000,12.276000,0,0,103973459,1309,0,1309,-84,0,6,104
13,720,82.800000,12.276000,0,0,103973469,1309,0,1309,-84,0,6,104
13,720,82.800000,12.276000,0,0,103973479,1309,0,1309,-84,0,6,104
13,720,82.800000,12.276000,0,0,103973489,1309,0,1309,-84,0,6,104
13,720,82.800000,12.276000,0,0,103973500,1309,0,1309,-84,0,6,104
13,720,82.800000,12.276000,0,0,103973509,1309,0,1309,-84,0,6,104
13,720,82.800000,12.276000,0,0,103973519,1309,0,1309,-84,0,6,104
