13,360,82.800000,0.000000,0,0,103808090,780,0,780,0,0,6,2
13,360,82.800000,0.000000,0,0,103808091,780,0,780,0,0,6,2
13,360,82.800000,0.000000,0,0,103808102,780,0,780,0,0,6,2
13,360,82.800000,0.000000,0,0,103808113,780,0,780,0,0,6,2
13,360,82.800000,0.000000,0,0,103808123,780,0,780,0,0,6,2
13,360,82.800000,0.000000,0,0,103808134,780,0,780,0,0,6,2
13,360,82.800000,0.000000,0,0,103808145,780,0,780,0,0,6,2
13,360,82.800000,0.000000,0,0,103808155,780,0,780,0,0,6,2
13,360,82.800000,0.000000,0,0,103808165,781,0,781,0,0,6,2
13,360,82.800000,0.000000,0,0,103808176,782,0,782,0,0,6,2
13,360,82.800000,0.000000,0,0,103808187,786,0,786,0,0,6,2
13,360,82.800000,0.000000,0,0,103808199,793,0,793,-1,0,6,2
13,360,82.800000,0.000000,0,0,103808209,807,0,807,-3,0,6,2
13,360,82.800000,0.000000,0,0,103808229,827,0,827,-5,0,6,2
13,360,82.800000,0.000000,0,0,103808240,877,0,877,-11,0,6,2
13,360,82.800000,0.000000,0,0,103808250,912,0,912,-13,0,6,2
13,360,82.800000,0.000000,0,0,103808262,947,0,947,-15,0,6,2
13,360,82.800000,0.000000,0,0,103808272,976,0,976,-17,0,6,2
13,360,82.800000,0.000000,0,0,103808282,1000,0,1000,-19,0,6,2
13,360,82.800000,0.000000,0,0,103808293,1020,0,1020,-21,0,6,2
13,360,82.800000,0.000000,0,0,103808303,1034,0,1034,-23,0,6,2
13,360,82.800000,0.000000,0,0,103808324,1043,0,1043,-24,0,6,2
13,360,82.800000,0.000000,0,0,103808338,1048,0,1048,-25,0,6,2
13,360,82.800000,0.000000,0,0,103808348,1048,0,1048,-25,0,6,2
13,360,82.800000,0.000000,0,0,103808359,1049,0,1049,-25,0,6,2
13,360,82.800000,0.000000,0,0,103808369,1049,0,1049,-25,0,6,2
13,360,82.800000,0.000000,0,0,103808380,1050,0,1050,-25,0,6,2
13,360,82.800000,0.000000,0,0,103808390,1051,0,1051,-25,0,6,2
13,360,82.800000,0.000000,0,0,103808401,1053,0,1053,-25,0,6,2
13,360,82.800000,0.000000,0,0,103808412,1058,0,1058,-25,0,6,2
13,360,82.800000,0.000000,0,0,103808424,1065,0,1065,-26,0,6,2
13,360,82.800000,0.000000,0,0,103808434,1074,0,1074,-28,0,6,2
13,360,82.800000,0.000000,0,0,103808446,1081,0,1081,-29,0,6,2
13,360,82.800000,0.000000,0,0,103808457,1088,0,1088,-30,0,6,2
13,360,82.800000,0.000000,0,0,103808467,1090,0,1090,-31,0,6,2
13,360,82.800000,0.000000,0,0,103808478,1092,0,1092,-32,0,6,2
13,360,82.800000,0.000000,0,0,103808488,1092,0,1092,-32,0,6,2
13,360,82.800000,0.000000,0,0,103808498,1092,0,1092,-32,0,6,2
13,360,82.800000,0.000000,0,0,103808518,1092,0,1092,-32,0,6,2
13,360,82.800000,0.000000,0,0,103808529,1092,0,1092,-32,0,6,2
13,360,82.800000,0.000000,0,0,103808540,1092,0,1092,-32,0,6,2
13,360,82.800000,0.000000,0,0,103808550,1092,0,1092,-32,0,6,2
13,360,82.800000,0.000000,0,0,103808562,1092,0,1092,-32,0,6,2
13,360,82.800000,0.000000,0,0,103808573,1093,0,1093,-32,0,6,2
13,360,82.800000,0.000000,0,0,103808584,1095,0,1095,-33,0,6,2
13,360,82.800000,0.000000,0,0,103808603,1096,0,1096,-33,0,6,2
13,360,82.800000,0.000000,0,0,103808613,1101,0,1101,-35,0,6,2
13,360,82.800000,0.000000,0,0,103808623,1104,0,1104,-36,0,6,2
13,360,82.800000,0.000000,0,0,103808635,1109,0,1109,-37,0,6,2
13,360,82.800000,0.000000,0,0,103808647,1117,0,1117,-39,0,6,2
13,360,82.800000,0.000000,0,0,103808657,1128,0,1128,-41,0,6,2
13,360,82.800000,0.000000,0,0,103808667,1136,0,1136,-42,0,6,2
13,360,82.800000,0.000000,0,0,103808678,1140,0,1140,-43,0,6,2
13,360,82.800000,0.000000,0,0,103808697,1141,0,1141,-43,0,6,2
13,360,82.800000,0.000000,0,0,103808709,1141,0,1141,-43,0,6,2
13,360,82.800000,0.000000,0,0,103808720,1141,0,1141,-43,0,6,2
13,360,82.800000,0.000000,0,0,103808730,1141,0,1141,-43,0,6,2
13,360,82.800000,0.000000,0,0,103808740,1141,0,1141,-43,0,6,2
13,360,82.800000,0.000000,0,0,103808751,1141,0,1141,-43,0,6,2
13,360,82.800000,0.000000,0,0,103808761,1141,0,1141,-43,0,6,2
13,360,82.800000,0.000000,0,0,103808772,1141,0,1141,-43,0,6,2
13,360,82.800000,0.000000,0,0,103808781,1141,0,1141,-43,0,6,2
