13,720,50.400000,0.000000,0,0,103833242,600,0,600,0,0,6,18
13,720,50.400000,0.000000,0,0,103833244,600,0,600,0,0,6,18
13,720,50.400000,0.000000,0,0,103833255,600,0,600,0,0,6,18
13,720,50.400000,0.000000,0,0,103833265,600,0,600,0,0,6,18
13,720,50.400000,0.000000,0,0,103833276,601,0,601,0,0,6,18
13,720,50.400000,0.000000,0,0,103833287,601,0,601,0,0,6,18
13,720,50.400000,0.000000,0,0,103833298,603,0,603,0,0,6,18
13,720,50.400000,0.000000,0,0,103833309,606,0,606,0,0,6,18
13,720,50.400000,0.000000,0,0,103833320,612,0,612,0,0,6,18
13,720,50.400000,0.000000,0,0,103833330,620,0,620,0,0,6,18
13,720,50.400000,0.000000,0,0,103833341,632,0,632,0,0,6,18
13,720,50.400000,0.000000,0,0,103833354,653,0,653,-1,0,6,18
13,720,50.400000,0.000000,0,0,103833366,679,0,679,-3,0,6,18
13,720,50.400000,0.000000,0,0,103833386,719,0,719,-6,0,6,18
13,720,50.400000,0.000000,0,0,103833396,802,0,802,-12,0,6,18
13,720,50.400000,0.000000,0,0,103833407,860,0,860,-16,0,6,18
13,720,50.400000,0.000000,0,0,103833418,922,0,922,-20,0,6,18
13,720,50.400000,0.000000,0,0,103833429,985,0,985,-24,0,6,18
13,720,50.400000,0.000000,0,0,103833441,1046,0,1046,-29,0,6,18
13,720,50.400000,0.000000,0,0,103833452,1123,0,1123,-35,0,6,18
13,720,50.400000,0.000000,0,0,103833463,1183,0,1183,-39,0,6,18
13,720,50.400000,0.000000,0,0,103833473,1235,0,1235,-42,0,6,18
13,720,50.400000,0.000000,0,0,103833484,1278,0,1278,-45,0,6,18
13,720,50.400000,0.000000,0,0,103833494,1313,0,1313,-46,0,6,18
13,720,50.400000,0.000000,0,0,103833504,1341,0,1341,-48,0,6,18
13,720,50.400000,0.000000,0,0,103833515,1360,0,1360,-48,0,6,18
13,720,50.400000,0.000000,0,0,103833525,1374,0,1374,-50,0,6,18
13,720,50.400000,0.000000,0,0,103833535,1381,0,1381,-50,0,6,18
13,720,50.400000,0.000000,0,0,103833546,1385,0,1385,-50,0,6,18
13,720,50.400000,0.000000,0,0,103833556,1389,0,1389,-51,0,6,18
13,720,50.400000,0.000000,0,0,103833567,1389,0,1389,-51,0,6,18
13,720,50.400000,0.000000,0,0,103833578,1389,0,1389,-51,0,6,18
13,720,50.400000,0.000000,0,0,103833589,1389,0,1389,-51,0,6,18
13,720,50.400000,0.000000,0,0,103833600,1389,0,1389,-51,0,6,18
13,720,50.400000,0.000000,0,0,103833611,1389,0,1389,-51,0,6,18
13,720,50.400000,0.000000,0,0,103833621,1389,0,1389,-51,0,6,18
13,720,50.400000,0.000000,0,0,103833632,1389,0,1389,-51,0,6,18
13,720,50.400000,0.000000,0,0,103833642,1390,0,1390,-51,0,6,18
13,720,50.400000,0.000000,0,0,103833652,1390,0,1390,-51,0,6,18
13,720,50.400000,0.000000,0,0,103833663,1391,0,1391,-51,0,6,18
13,720,50.400000,0.000000,0,0,103833673,1391,0,1391,-51,0,6,18
13,720,50.400000,0.000000,0,0,103833683,1391,0,1391,-51,0,6,18
13,720,50.400000,0.000000,0,0,103833694,1391,0,1391,-51,0,6,18
13,720,50.400000,0.000000,0,0,103833704,1391,0,1391,-51,0,6,18
13,720,50.400000,0.000000,0,0,103833714,1391,0,1391,-51,0,6,18
13,720,50.400000,0.000000,0,0,103833733,1391,0,1391,-51,0,6,18
13,720,50.400000,0.000000,0,0,103833744,1391,0,1391,-51,0,6,18
13,720,50.400000,0.000000,0,0,103833755,1390,0,1390,-51,0,6,18
13,720,50.400000,0.000000,0,0,103833766,1388,0,1388,-51,0,6,18
13,720,50.400000,0.000000,0,0,103833776,1384,0,1384,-51,0,6,18
13,720,50.400000,0.000000,0,0,103833788,1379,0,1379,-51,0,6,18
13,720,50.400000,0.000000,0,0,103833799,1373,0,1373,-51,0,6,18
13,720,50.400000,0.000000,0,0,103833809,1368,0,1368,-51,0,6,18
13,720,50.400000,0.000000,0,0,103833820,1364,0,1364,-51,0,6,18
13,720,50.400000,0.000000,0,0,103833830,1360,0,1360,-51,0,6,18
13,720,50.400000,0.000000,0,0,103833840,1356,0,1356,-51,0,6,18
13,720,50.400000,0.000000,0,0,103833851,1352,0,1352,-51,0,6,18
13,720,50.400000,0.000000,0,0,103833861,1349,0,1349,-51,0,6,18
13,720,50.400000,0.000000,0,0,103833871,1347,0,1347,-51,0,6,18
13,720,50.400000,0.000000,0,0,103833883,1345,0,1345,-51,0,6,18
13,720,50.400000,0.000000,0,0,103833893,1344,0,1344,-51,0,6,18
13,720,50.400000,0.000000,0,0,103833903,1343,0,1343,-51,0,6,18
13,720,50.400000,0.000000,0,0,103833913,1342,0,1342,-51,0,6,18
13,720,50.400000,0.000000,0,0,103833923,1342,0,1342,-51,0,6,18
13,720,50.400000,0.000000,0,0,103833934,1341,0,1341,-51,0,6,18
13,720,50.400000,0.000000,0,0,103833944,1341,0,1341,-51,0,6,18
13,720,50.400000,0.000000,0,0,103833954,1341,0,1341,-51,0,6,18
13,720,50.400000,0.000000,0,0,103833964,1341,0,1341,-51,0,6,18
13,720,50.400000,0.000000,0,0,103833974,1339,0,1339,-51,0,6,18
13,720,50.400000,0.000000,0,0,103833984,1338,0,1338,-51,0,6,18
13,720,50.400000,0.000000,0,0,103833994,1336,0,1336,-51,0,6,18
13,720,50.400000,0.000000,0,0,103834004,1336,0,1336,-51,0,6,18
13,720,50.400000,0.000000,0,0,103834014,1336,0,1336,-51,0,6,18
13,720,50.400000,0.000000,0,0,103834024,1335,0,1335,-51,0,6,18
13,720,50.400000,0.000000,0,0,103834034,1334,0,1334,-51,0,6,18
