13,720,21.600000,22.608000,1,0,104177052,600,0,600,0,0,7,111
13,720,21.600000,22.608000,1,0,104177053,600,0,600,0,0,7,111
13,720,21.600000,22.608000,1,0,104177064,600,0,600,0,0,7,111
13,720,21.600000,22.608000,1,0,104177075,600,0,600,0,0,7,111
13,720,21.600000,22.608000,1,0,104177086,600,0,600,0,0,7,111
13,720,21.600000,22.608000,1,0,104177097,600,0,600,0,0,7,111
13,720,21.600000,22.608000,1,0,104177108,602,0,602,-1,0,7,111
13,720,21.600000,22.608000,1,0,104177119,604,0,604,-2,0,7,111
13,720,21.600000,22.608000,1,0,104177130,609,0,609,-3,0,7,111
13,720,21.600000,22.608000,1,0,104177141,618,0,618,-4,0,7,111
13,720,21.600000,22.608000,1,0,104177154,631,0,631,-6,0,7,111
13,720,21.600000,22.608000,1,0,104177165,656,0,656,-9,0,7,111
13,720,21.600000,22.608000,1,0,104177176,687,0,687,-13,0,7,111
13,720,21.600000,22.608000,1,0,104177186,734,0,734,-17,0,7,111
13,720,21.600000,22.608000,1,0,104177198,793,0,793,-19,0,7,111
13,720,21.600000,22.608000,1,0,104177208,850,0,850,-21,0,7,111
13,720,21.600000,22.608000,1,0,104177219,916,0,916,-23,0,7,111
13,720,21.600000,22.608000,1,0,104177230,968,0,968,-24,0,7,111
13,720,21.600000,22.608000,1,0,104177241,1030,0,1030,-25,0,7,111
13,720,21.600000,22.608000,1,0,104177253,1087,0,1087,-26,0,7,111
13,720,21.600000,22.608000,1,0,104177264,1138,0,1138,-27,0,7,111
13,720,21.600000,22.608000,1,0,104177274,1180,0,1180,-27,0,7,111
13,720,21.600000,22.608000,1,0,104177286,1212,0,1212,-27,0,7,111
13,720,21.600000,22.608000,1,0,104177298,1240,0,1240,-28,0,7,111
13,720,21.600000,22.608000,1,0,104177309,1256,0,1256,-28,0,7,111
13,720,21.600000,22.608000,1,0,104177321,1265,0,1265,-28,0,7,111
13,720,21.600000,22.608000,1,0,104177332,1270,0,1270,-28,0,7,111
13,720,21.600000,22.608000,1,0,104177343,1273,0,1273,-28,0,7,111
13,720,21.600000,22.608000,1,0,104177354,1274,0,1274,-28,0,7,111
13,720,21.600000,22.608000,1,0,104177365,1276,0,1276,-28,0,7,111
13,720,21.600000,22.608000,1,0,104177375,1276,0,1276,-28,0,7,111
13,720,21.600000,22.608000,1,0,104177386,1277,0,1277,-28,0,7,111
13,720,21.600000,22.608000,1,0,104177397,1279,0,1279,-28,0,7,111
13,720,21.600000,22.608000,1,0,104177407,1280,0,1280,-28,0,7,111
13,720,21.600000,22.608000,1,0,104177418,1281,0,1281,-28,0,7,111
13,720,21.600000,22.608000,1,0,104177429,1283,0,1283,-28,0,7,111
13,720,21.600000,22.608000,1,0,104177439,1283,0,1283,-28,0,7,111
13,720,21.600000,22.608000,1,0,104177450,1283,0,1283,-28,0,7,111
13,720,21.600000,22.608000,1,0,104177461,1283,0,1283,-28,0,7,111
13,720,21.600000,22.608000,1,0,104177471,1283,0,1283,-28,0,7,111
13,720,21.600000,22.608000,1,0,104177482,1283,0,1283,-28,0,7,111
13,720,21.600000,22.608000,1,0,104177493,1283,0,1283,-28,0,7,111
13,720,21.600000,22.608000,1,0,104177504,1283,0,1283,-28,0,7,111
13,720,21.600000,22.608000,1,0,104177515,1283,0,1283,-28,0,7,111
13,720,21.600000,22.608000,1,0,104177525,1283,0,1283,-28,0,7,111
13,720,21.600000,22.608000,1,0,104177535,1283,0,1283,-28,0,7,111
13,720,21.600000,22.608000,1,0,104177546,1283,0,1283,-28,0,7,111
13,720,21.600000,22.608000,1,0,104177557,1283,0,1283,-28,0,7,111
13,720,21.600000,22.608000,1,0,104177568,1283,0,1283,-28,0,7,111
13,720,21.600000,22.608000,1,0,104177578,1283,0,1283,-28,0,7,111
13,720,21.600000,22.608000,1,0,104177589,1285,0,1285,-28,0,7,111
13,720,21.600000,22.608000,1,0,104177602,1289,0,1289,-29,0,7,111
13,720,21.600000,22.608000,1,0,104177614,1297,0,1297,-30,0,7,111
13,720,21.600000,22.608000,1,0,104177625,1306,0,1306,-30,0,7,111
13,720,21.600000,22.608000,1,0,104177635,1311,0,1311,-30,0,7,111
13,720,21.600000,22.608000,1,0,104177646,1313,0,1313,-30,0,7,111
13,720,21.600000,22.608000,1,0,104177656,1313,0,1313,-30,0,7,111
13,720,21.600000,22.608000,1,0,104177666,1313,0,1313,-30,0,7,111
13,720,21.600000,22.608000,1,0,104177676,1313,0,1313,-30,0,7,111
13,720,21.600000,22.608000,1,0,104177686,1313,0,1313,-30,0,7,111
13,720,21.600000,22.608000,1,0,104177696,1313,0,1313,-30,0,7,111
13,720,21.600000,22.608000,1,0,104177707,1313,0,1313,-30,0,7,111
13,720,21.600000,22.608000,1,0,104177717,1313,0,1313,-30,0,7,111
13,720,21.600000,22.608000,1,0,104177727,1313,0,1313,-30,0,7,111
13,720,21.600000,22.608000,1,0,104177737,1313,0,1313,-30,0,7,111
13,720,21.600000,22.608000,1,0,104177747,1313,0,1313,-30,0,7,111
13,720,21.600000,22.608000,1,0,104177758,1313,0,1313,-30,0,7,111
13,720,21.600000,22.608000,1,0,104177768,1313,0,1313,-30,0,7,111
