13,720,50.400000,42.984000,0,0,104035360,600,0,600,0,0,7,18
13,720,50.400000,42.984000,0,0,104035362,600,0,600,0,0,7,18
13,720,50.400000,42.984000,0,0,104035372,600,0,600,0,0,7,18
13,720,50.400000,42.984000,0,0,104035384,600,0,600,0,0,7,18
13,720,50.400000,42.984000,0,0,104035394,600,0,600,0,0,7,18
13,720,50.400000,42.984000,0,0,104035404,600,0,600,0,0,7,18
13,720,50.400000,42.984000,0,0,104035415,600,0,600,0,0,7,18
13,720,50.400000,42.984000,0,0,104035425,600,0,600,0,0,7,18
13,720,50.400000,42.984000,0,0,104035436,600,0,600,0,0,7,18
13,720,50.400000,42.984000,0,0,104035447,600,0,600,0,0,7,18
13,720,50.400000,42.984000,0,0,104035457,601,0,601,0,0,7,18
13,720,50.400000,42.984000,0,0,104035467,601,0,601,0,0,7,18
13,720,50.400000,42.984000,0,0,104035478,603,0,603,0,0,7,18
13,720,50.400000,42.984000,0,0,104035491,610,0,610,0,0,7,18
13,720,50.400000,42.984000,0,0,104035502,625,0,625,-3,0,7,18
13,720,50.400000,42.984000,0,0,104035513,650,0,650,-7,0,7,18
13,720,50.400000,42.984000,0,0,104035524,675,0,675,-11,0,7,18
13,720,50.400000,42.984000,0,0,104035535,719,0,719,-16,0,7,18
13,720,50.400000,42.984000,0,0,104035547,761,0,761,-21,0,7,18
13,720,50.400000,42.984000,0,0,104035557,801,0,801,-25,0,7,18
13,720,50.400000,42.984000,0,0,104035569,847,0,847,-29,0,7,18
13,720,50.400000,42.984000,0,0,104035579,891,0,891,-34,0,7,18
13,720,50.400000,42.984000,0,0,104035590,936,0,936,-37,0,7,18
13,720,50.400000,42.984000,0,0,104035601,983,0,983,-41,0,7,18
13,720,50.400000,42.984000,0,0,104035611,1034,0,1034,-45,0,7,18
13,720,50.400000,42.984000,0,0,104035622,1072,0,1072,-49,0,7,18
13,720,50.400000,42.984000,0,0,104035633,1101,0,1101,-51,0,7,18
13,720,50.400000,42.984000,0,0,104035644,1125,0,1125,-53,0,7,18
13,720,50.400000,42.984000,0,0,104035655,1145,0,1145,-55,0,7,18
13,720,50.400000,42.984000,0,0,104035665,1157,0,1157,-56,0,7,18
13,720,50.400000,42.984000,0,0,104035676,1163,0,1163,-57,0,7,18
13,720,50.400000,42.984000,0,0,104035686,1169,0,1169,-57,0,7,18
13,720,50.400000,42.984000,0,0,104035697,1174,0,1174,-58,0,7,18
13,720,50.400000,42.984000,0,0,104035707,1179,0,1179,-58,0,7,18
13,720,50.400000,42.984000,0,0,104035719,1186,0,1186,-60,0,7,18
13,720,50.400000,42.984000,0,0,104035731,1193,0,1193,-60,0,7,18
13,720,50.400000,42.984000,0,0,104035741,1203,0,1203,-61,0,7,18
13,720,50.400000,42.984000,0,0,104035752,1213,0,1213,-62,0,7,18
13,720,50.400000,42.984000,0,0,104035762,1224,0,1224,-62,0,7,18
13,720,50.400000,42.984000,0,0,104035772,1236,0,1236,-63,0,7,18
13,720,50.400000,42.984000,0,0,104035783,1246,0,1246,-63,0,7,18
13,720,50.400000,42.984000,0,0,104035793,1255,0,1255,-64,0,7,18
13,720,50.400000,42.984000,0,0,104035804,1262,0,1262,-65,0,7,18
13,720,50.400000,42.984000,0,0,104035814,1268,0,1268,-65,0,7,18
13,720,50.400000,42.984000,0,0,104035825,1273,0,1273,-65,0,7,18
13,720,50.400000,42.984000,0,0,104035835,1278,0,1278,-66,0,7,18
13,720,50.400000,42.984000,0,0,104035846,1282,0,1282,-67,0,7,18
13,720,50.400000,42.984000,0,0,104035856,1288,0,1288,-68,0,7,18
13,720,50.400000,42.984000,0,0,104035867,1294,0,1294,-69,0,7,18
13,720,50.400000,42.984000,0,0,104035879,1299,0,1299,-71,0,7,18
13,720,50.400000,42.984000,0,0,104035892,1305,0,1305,-72,0,7,18
13,720,50.400000,42.984000,0,0,104035903,1310,0,1310,-73,0,7,18
13,720,50.400000,42.984000,0,0,104035913,1313,0,1313,-73,0,7,18
13,720,50.400000,42.984000,0,0,104035924,1315,0,1315,-73,0,7,18
13,720,50.400000,42.984000,0,0,104035934,1315,0,1315,-74,0,7,18
13,720,50.400000,42.984000,0,0,104035945,1315,0,1315,-74,0,7,18
13,720,50.400000,42.984000,0,0,104035956,1315,0,1315,-74,0,7,18
13,720,50.400000,42.984000,0,0,104035967,1315,0,1315,-74,0,7,18
13,720,50.400000,42.984000,0,0,104035977,1315,0,1315,-74,0,7,18
13,720,50.400000,42.984000,0,0,104035988,1315,0,1315,-74,0,7,18
13,720,50.400000,42.984000,0,0,104035998,1315,0,1315,-74,0,7,18
13,720,50.400000,42.984000,0,0,104036008,1315,0,1315,-74,0,7,18
13,720,50.400000,42.984000,0,0,104036019,1315,0,1315,-74,0,7,18
13,720,50.400000,42.984000,0,0,104036029,1315,0,1315,-74,0,7,18
13,720,50.400000,42.984000,0,0,104036040,1315,0,1315,-74,0,7,18
13,720,50.400000,42.984000,0,0,104036050,1315,0,1315,-74,0,7,18
13,720,50.400000,42.984000,0,0,104036060,1315,0,1315,-74,0,7,18
