13,720,82.800000,0.000000,1,0,104006788,600,0,600,0,0,7,2
13,720,82.800000,0.000000,1,0,104006789,600,0,600,0,0,7,2
13,720,82.800000,0.000000,1,0,104006800,600,0,600,0,0,7,2
13,720,82.800000,0.000000,1,0,104006811,600,0,600,0,0,7,2
13,720,82.800000,0.000000,1,0,104006822,600,0,600,0,0,7,2
13,720,82.800000,0.000000,1,0,104006832,600,0,600,0,0,7,2
13,720,82.800000,0.000000,1,0,104006843,600,0,600,0,0,7,2
13,720,82.800000,0.000000,1,0,104006853,600,0,600,0,0,7,2
13,720,82.800000,0.000000,1,0,104006864,602,0,602,0,0,7,2
13,720,82.800000,0.000000,1,0,104006875,605,0,605,-1,0,7,2
13,720,82.800000,0.000000,1,0,104006885,610,0,610,-2,0,7,2
13,720,82.800000,0.000000,1,0,104006896,616,0,616,-3,0,7,2
13,720,82.800000,0.000000,1,0,104006907,627,0,627,-5,0,7,2
13,720,82.800000,0.000000,1,0,104006918,639,0,639,-7,0,7,2
13,720,82.800000,0.000000,1,0,104006929,653,0,653,-8,0,7,2
13,720,82.800000,0.000000,1,0,104006940,668,0,668,-10,0,7,2
13,720,82.800000,0.000000,1,0,104006951,684,0,684,-13,0,7,2
13,720,82.800000,0.000000,1,0,104006961,698,0,698,-15,0,7,2
13,720,82.800000,0.000000,1,0,104006972,712,0,712,-18,0,7,2
13,720,82.800000,0.000000,1,0,104006982,726,0,726,-20,0,7,2
13,720,82.800000,0.000000,1,0,104006993,743,0,743,-23,0,7,2
13,720,82.800000,0.000000,1,0,104007012,761,0,761,-26,0,7,2
13,720,82.800000,0.000000,1,0,104007024,801,0,801,-33,0,7,2
13,720,82.800000,0.000000,1,0,104007036,830,0,830,-38,0,7,2
13,720,82.800000,0.000000,1,0,104007047,856,0,856,-42,0,7,2
13,720,82.800000,0.000000,1,0,104007058,885,0,885,-46,0,7,2
13,720,82.800000,0.000000,1,0,104007068,908,0,908,-50,0,7,2
13,720,82.800000,0.000000,1,0,104007079,934,0,934,-53,0,7,2
13,720,82.800000,0.000000,1,0,104007092,956,0,956,-56,0,7,2
13,720,82.800000,0.000000,1,0,104007103,979,0,979,-59,0,7,2
13,720,82.800000,0.000000,1,0,104007114,1000,0,1000,-61,0,7,2
13,720,82.800000,0.000000,1,0,104007126,1025,0,1025,-64,0,7,2
13,720,82.800000,0.000000,1,0,104007137,1050,0,1050,-68,0,7,2
13,720,82.800000,0.000000,1,0,104007147,1069,0,1069,-70,0,7,2
13,720,82.800000,0.000000,1,0,104007159,1084,0,1084,-72,0,7,2
13,720,82.800000,0.000000,1,0,104007169,1101,0,1101,-74,0,7,2
13,720,82.800000,0.000000,1,0,104007180,1113,0,1113,-77,0,7,2
13,720,82.800000,0.000000,1,0,104007191,1126,0,1126,-78,0,7,2
13,720,82.800000,0.000000,1,0,104007201,1136,0,1136,-80,0,7,2
13,720,82.800000,0.000000,1,0,104007212,1144,0,1144,-82,0,7,2
13,720,82.800000,0.000000,1,0,104007222,1149,0,1149,-83,0,7,2
13,720,82.800000,0.000000,1,0,104007232,1154,0,1154,-83,0,7,2
13,720,82.800000,0.000000,1,0,104007242,1158,0,1158,-83,0,7,2
13,720,82.800000,0.000000,1,0,104007254,1161,0,1161,-84,0,7,2
13,720,82.800000,0.000000,1,0,104007265,1163,0,1163,-84,0,7,2
13,720,82.800000,0.000000,1,0,104007275,1165,0,1165,-84,0,7,2
13,720,82.800000,0.000000,1,0,104007286,1167,0,1167,-85,0,7,2
13,720,82.800000,0.000000,1,0,104007298,1171,0,1171,-86,0,7,2
13,720,82.800000,0.000000,1,0,104007310,1176,0,1176,-87,0,7,2
13,720,82.800000,0.000000,1,0,104007321,1184,0,1184,-89,0,7,2
13,720,82.800000,0.000000,1,0,104007332,1193,0,1193,-91,0,7,2
13,720,82.800000,0.000000,1,0,104007343,1204,0,1204,-93,0,7,2
13,720,82.800000,0.000000,1,0,104007354,1215,0,1215,-95,0,7,2
13,720,82.800000,0.000000,1,0,104007365,1227,0,1227,-98,0,7,2
13,720,82.800000,0.000000,1,0,104007376,1237,0,1237,-101,0,7,2
13,720,82.800000,0.000000,1,0,104007386,1244,0,1244,-103,0,7,2
13,720,82.800000,0.000000,1,0,104007397,1250,0,1250,-104,0,7,2
13,720,82.800000,0.000000,1,0,104007407,1255,0,1255,-107,0,7,2
13,720,82.800000,0.000000,1,0,104007418,1260,0,1260,-108,0,7,2
13,720,82.800000,0.000000,1,0,104007439,1264,0,1264,-110,0,7,2
13,720,82.800000,0.000000,1,0,104007450,1272,0,1272,-113,0,7,2
13,720,82.800000,0.000000,1,0,104007461,1276,0,1276,-115,0,7,2
13,720,82.800000,0.000000,1,0,104007472,1279,0,1279,-116,0,7,2
13,720,82.800000,0.000000,1,0,104007483,1282,0,1282,-116,0,7,2
13,720,82.800000,0.000000,1,0,104007494,1285,0,1285,-117,0,7,2
13,720,82.800000,0.000000,1,0,104007505,1288,0,1288,-118,0,7,2
13,720,82.800000,0.000000,1,0,104007516,1292,0,1292,-119,0,7,2
13,720,82.800000,0.000000,1,0,104007528,1295,0,1295,-121,0,7,2
13,720,82.800000,0.000000,1,0,104007539,1298,0,1298,-122,0,7,2
13,720,82.800000,0.000000,1,0,104007551,1302,0,1302,-123,0,7,2
13,720,82.800000,0.000000,1,0,104007562,1304,0,1304,-125,0,7,2
13,720,82.800000,0.000000,1,0,104007572,1306,0,1306,-125,0,7,2
13,720,82.800000,0.000000,1,0,104007583,1307,0,1307,-126,0,7,2
13,720,82.800000,0.000000,1,0,104007593,1308,0,1308,-127,0,7,2
13,720,82.800000,0.000000,1,0,104007604,1308,0,1308,-127,0,7,2
13,720,82.800000,0.000000,1,0,104007614,1308,0,1308,-127,0,7,2
