13,720,21.600000,42.984000,1,0,104008249,600,0,600,0,0,7,3
13,720,21.600000,42.984000,1,0,104008249,600,0,600,0,0,7,3
13,720,21.600000,42.984000,1,0,104008261,600,0,600,0,0,7,3
13,720,21.600000,42.984000,1,0,104008272,600,0,600,0,0,7,3
13,720,21.600000,42.984000,1,0,104008282,600,0,600,0,0,7,3
13,720,21.600000,42.984000,1,0,104008293,601,0,601,0,0,7,3
13,720,21.600000,42.984000,1,0,104008303,602,0,602,-1,0,7,3
13,720,21.600000,42.984000,1,0,104008314,604,0,604,-1,0,7,3
13,720,21.600000,42.984000,1,0,104008325,607,0,607,-2,0,7,3
13,720,21.600000,42.984000,1,0,104008337,612,0,612,-2,0,7,3
13,720,21.600000,42.984000,1,0,104008349,620,0,620,-3,0,7,3
13,720,21.600000,42.984000,1,0,104008360,632,0,632,-4,0,7,3
13,720,21.600000,42.984000,1,0,104008372,649,0,649,-6,0,7,3
13,720,21.600000,42.984000,1,0,104008383,669,0,669,-9,0,7,3
13,720,21.600000,42.984000,1,0,104008393,694,0,694,-12,0,7,3
13,720,21.600000,42.984000,1,0,104008413,728,0,728,-16,0,7,3
13,720,21.600000,42.984000,1,0,104008425,801,0,801,-25,0,7,3
13,720,21.600000,42.984000,1,0,104008436,843,0,843,-31,0,7,3
13,720,21.600000,42.984000,1,0,104008447,880,0,880,-37,0,7,3
13,720,21.600000,42.984000,1,0,104008458,919,0,919,-44,0,7,3
13,720,21.600000,42.984000,1,0,104008469,947,0,947,-48,0,7,3
13,720,21.600000,42.984000,1,0,104008479,979,0,979,-53,0,7,3
13,720,21.600000,42.984000,1,0,104008489,1007,0,1007,-57,0,7,3
13,720,21.600000,42.984000,1,0,104008499,1029,0,1029,-59,0,7,3
13,720,21.600000,42.984000,1,0,104008509,1060,0,1060,-62,0,7,3
13,720,21.600000,42.984000,1,0,104008520,1084,0,1084,-64,0,7,3
13,720,21.600000,42.984000,1,0,104008531,1105,0,1105,-66,0,7,3
13,720,21.600000,42.984000,1,0,104008542,1129,0,1129,-68,0,7,3
13,720,21.600000,42.984000,1,0,104008553,1148,0,1148,-71,0,7,3
13,720,21.600000,42.984000,1,0,104008564,1166,0,1166,-72,0,7,3
13,720,21.600000,42.984000,1,0,104008575,1179,0,1179,-73,0,7,3
13,720,21.600000,42.984000,1,0,104008585,1191,0,1191,-74,0,7,3
13,720,21.600000,42.984000,1,0,104008596,1200,0,1200,-76,0,7,3
13,720,21.600000,42.984000,1,0,104008606,1208,0,1208,-76,0,7,3
13,720,21.600000,42.984000,1,0,104008617,1215,0,1215,-76,0,7,3
13,720,21.600000,42.984000,1,0,104008627,1221,0,1221,-77,0,7,3
13,720,21.600000,42.984000,1,0,104008638,1226,0,1226,-78,0,7,3
13,720,21.600000,42.984000,1,0,104008649,1230,0,1230,-78,0,7,3
13,720,21.600000,42.984000,1,0,104008660,1233,0,1233,-79,0,7,3
13,720,21.600000,42.984000,1,0,104008679,1235,0,1235,-79,0,7,3
13,720,21.600000,42.984000,1,0,104008690,1238,0,1238,-79,0,7,3
13,720,21.600000,42.984000,1,0,104008701,1239,0,1239,-79,0,7,3
13,720,21.600000,42.984000,1,0,104008712,1240,0,1240,-79,0,7,3
13,720,21.600000,42.984000,1,0,104008723,1242,0,1242,-79,0,7,3
13,720,21.600000,42.984000,1,0,104008735,1244,0,1244,-79,0,7,3
13,720,21.600000,42.984000,1,0,104008745,1247,0,1247,-80,0,7,3
13,720,21.600000,42.984000,1,0,104008757,1250,0,1250,-81,0,7,3
13,720,21.600000,42.984000,1,0,104008767,1253,0,1253,-81,0,7,3
13,720,21.600000,42.984000,1,0,104008778,1256,0,1256,-81,0,7,3
13,720,21.600000,42.984000,1,0,104008789,1258,0,1258,-82,0,7,3
13,720,21.600000,42.984000,1,0,104008801,1262,0,1262,-82,0,7,3
13,720,21.600000,42.984000,1,0,104008812,1266,0,1266,-83,0,7,3
13,720,21.600000,42.984000,1,0,104008823,1272,0,1272,-84,0,7,3
13,720,21.600000,42.984000,1,0,104008834,1279,0,1279,-86,0,7,3
13,720,21.600000,42.984000,1,0,104008844,1288,0,1288,-87,0,7,3
13,720,21.600000,42.984000,1,0,104008854,1295,0,1295,-89,0,7,3
13,720,21.600000,42.984000,1,0,104008865,1302,0,1302,-90,0,7,3
13,720,21.600000,42.984000,1,0,104008875,1308,0,1308,-92,0,7,3
13,720,21.600000,42.984000,1,0,104008885,1314,0,1314,-94,0,7,3
13,720,21.600000,42.984000,1,0,104008896,1319,0,1319,-95,0,7,3
13,720,21.600000,42.984000,1,0,104008906,1323,0,1323,-96,0,7,3
13,720,21.600000,42.984000,1,0,104008918,1325,0,1325,-96,0,7,3
13,720,21.600000,42.984000,1,0,104008928,1327,0,1327,-97,0,7,3
13,720,21.600000,42.984000,1,0,104008938,1327,0,1327,-97,0,7,3
13,720,21.600000,42.984000,1,0,104008949,1327,0,1327,-97,0,7,3
13,720,21.600000,42.984000,1,0,104008960,1327,0,1327,-97,0,7,3
13,720,21.600000,42.984000,1,0,104008971,1327,0,1327,-97,0,7,3
13,720,21.600000,42.984000,1,0,104008981,1327,0,1327,-97,0,7,3
13,720,21.600000,42.984000,1,0,104008992,1327,0,1327,-97,0,7,3
13,720,21.600000,42.984000,1,0,104009002,1327,0,1327,-97,0,7,3
13,720,21.600000,42.984000,1,0,104009013,1327,0,1327,-97,0,7,3
13,720,21.600000,42.984000,1,0,104009023,1327,0,1327,-97,0,7,3
13,720,21.600000,42.984000,1,0,104009033,1327,0,1327,-97,0,7,3
13,720,21.600000,42.984000,1,0,104009043,1327,0,1327,-97,0,7,3
13,720,21.600000,42.984000,1,0,104009054,1327,0,1327,-97,0,7,3
13,720,21.600000,42.984000,1,0,104009064,1327,0,1327,-97,0,7,3
13,720,21.600000,42.984000,1,0,104009075,1327,0,1327,-97,0,7,3
13,720,21.600000,42.984000,1,0,104009085,1327,0,1327,-97,0,7,3
13,720,21.600000,42.984000,1,0,104009095,1327,0,1327,-97,0,7,3
13,720,21.600000,42.984000,1,0,104009106,1327,0,1327,-97,0,7,3
13,720,21.600000,42.984000,1,0,104009116,1327,0,1327,-97,0,7,3
13,720,21.600000,42.984000,1,0,104009128,1327,0,1327,-97,0,7,3
13,720,21.600000,42.984000,1,0,104009138,1327,0,1327,-97,0,7,3
13,720,21.600000,42.984000,1,0,104009149,1327,0,1327,-97,0,7,3
13,720,21.600000,42.984000,1,0,104009158,1327,0,1327,-97,0,7,3
