13,360,21.600000,12.276000,0,1,104107568,780,22,780,22,0,7,65
13,360,21.600000,12.276000,0,1,104107569,780,22,780,22,0,7,65
13,360,21.600000,12.276000,0,1,104107580,780,22,780,22,0,7,65
13,360,21.600000,12.276000,0,1,104107591,780,22,780,22,0,7,65
13,360,21.600000,12.276000,0,1,104107602,780,22,780,22,0,7,65
13,360,21.600000,12.276000,0,1,104107612,780,22,780,22,0,7,65
13,360,21.600000,12.276000,0,1,104107624,780,22,780,22,0,7,65
13,360,21.600000,12.276000,0,1,104107635,781,22,781,22,0,7,65
13,360,21.600000,12.276000,0,1,104107646,783,22,783,22,0,7,65
13,360,21.600000,12.276000,0,1,104107657,787,19,787,19,0,7,65
13,360,21.600000,12.276000,0,1,104107668,794,17,794,17,0,7,65
13,360,21.600000,12.276000,0,1,104107679,805,15,805,15,0,7,65
13,360,21.600000,12.276000,0,1,104107691,820,11,820,11,0,7,65
13,360,21.600000,12.276000,0,1,104107702,846,6,846,6,0,7,65
13,360,21.600000,12.276000,0,1,104107712,867,3,867,3,0,7,65
13,360,21.600000,12.276000,0,1,104107723,894,0,894,-2,0,7,65
13,360,21.600000,12.276000,0,1,104107734,918,0,918,-5,0,7,65
13,360,21.600000,12.276000,0,1,104107745,942,0,942,-8,0,7,65
13,360,21.600000,12.276000,0,1,104107756,965,0,965,-11,0,7,65
13,360,21.600000,12.276000,0,1,104107766,985,0,985,-14,0,7,65
13,360,21.600000,12.276000,0,1,104107777,1000,0,1000,-16,0,7,65
13,360,21.600000,12.276000,0,1,104107788,1012,0,1012,-18,0,7,65
13,360,21.600000,12.276000,0,1,104107799,1023,0,1023,-19,0,7,65
13,360,21.600000,12.276000,0,1,104107810,1030,0,1030,-20,0,7,65
13,360,21.600000,12.276000,0,1,104107821,1036,0,1036,-21,0,7,65
13,360,21.600000,12.276000,0,1,104107833,1042,0,1042,-22,0,7,65
13,360,21.600000,12.276000,0,1,104107844,1052,0,1052,-23,0,7,65
13,360,21.600000,12.276000,0,1,104107855,1061,0,1061,-25,0,7,65
13,360,21.600000,12.276000,0,1,104107866,1071,0,1071,-26,0,7,65
13,360,21.600000,12.276000,0,1,104107877,1082,0,1082,-27,0,7,65
13,360,21.600000,12.276000,0,1,104107889,1093,0,1093,-29,0,7,65
13,360,21.600000,12.276000,0,1,104107900,1106,0,1106,-31,0,7,65
13,360,21.600000,12.276000,0,1,104107911,1117,0,1117,-34,0,7,65
13,360,21.600000,12.276000,0,1,104107922,1127,0,1127,-35,0,7,65
13,360,21.600000,12.276000,0,1,104107933,1136,0,1136,-37,0,7,65
13,360,21.600000,12.276000,0,1,104107944,1143,0,1143,-39,0,7,65
13,360,21.600000,12.276000,0,1,104107955,1147,0,1147,-40,0,7,65
13,360,21.600000,12.276000,0,1,104107966,1149,0,1149,-40,0,7,65
13,360,21.600000,12.276000,0,1,104107976,1150,0,1150,-40,0,7,65
13,360,21.600000,12.276000,0,1,104107987,1150,0,1150,-40,0,7,65
13,360,21.600000,12.276000,0,1,104107997,1150,0,1150,-41,0,7,65
13,360,21.600000,12.276000,0,1,104108007,1150,0,1150,-42,0,7,65
13,360,21.600000,12.276000,0,1,104108018,1150,0,1150,-42,0,7,65
13,360,21.600000,12.276000,0,1,104108028,1150,0,1150,-42,0,7,65
13,360,21.600000,12.276000,0,1,104108039,1150,0,1150,-42,0,7,65
13,360,21.600000,12.276000,0,1,104108050,1150,0,1150,-42,0,7,65
13,360,21.600000,12.276000,0,1,104108061,1150,0,1150,-42,0,7,65
13,360,21.600000,12.276000,0,1,104108071,1150,0,1150,-42,0,7,65
13,360,21.600000,12.276000,0,1,104108082,1150,0,1150,-42,0,7,65
13,360,21.600000,12.276000,0,1,104108093,1150,0,1150,-42,0,7,65
13,360,21.600000,12.276000,0,1,104108104,1150,0,1150,-42,0,7,65
13,360,21.600000,12.276000,0,1,104108114,1150,0,1150,-42,0,7,65
13,360,21.600000,12.276000,0,1,104108124,1150,0,1150,-42,0,7,65
13,360,21.600000,12.276000,0,1,104108135,1150,0,1150,-42,0,7,65
13,360,21.600000,12.276000,0,1,104108145,1150,0,1150,-42,0,7,65
13,360,21.600000,12.276000,0,1,104108155,1150,0,1150,-42,0,7,65
13,360,21.600000,12.276000,0,1,104108166,1150,0,1150,-42,0,7,65
13,360,21.600000,12.276000,0,1,104108176,1150,0,1150,-42,0,7,65
13,360,21.600000,12.276000,0,1,104108186,1150,0,1150,-42,0,7,65
13,360,21.600000,12.276000,0,1,104108196,1150,0,1150,-42,0,7,65
13,360,21.600000,12.276000,0,1,104108206,1150,0,1150,-42,0,7,65
13,360,21.600000,12.276000,0,1,104108216,1149,0,1149,-42,0,7,65
13,360,21.600000,12.276000,0,1,104108227,1148,0,1148,-42,0,7,65
13,360,21.600000,12.276000,0,1,104108237,1147,0,1147,-42,0,7,65
13,360,21.600000,12.276000,0,1,104108248,1146,0,1146,-42,0,7,65
13,360,21.600000,12.276000,0,1,104108258,1145,0,1145,-42,0,7,65
13,360,21.600000,12.276000,0,1,104108269,1144,0,1144,-42,0,7,65
13,360,21.600000,12.276000,0,1,104108279,1144,0,1144,-42,0,7,65
13,360,21.600000,12.276000,0,1,104108290,1143,0,1143,-42,0,7,65
13,360,21.600000,12.276000,0,1,104108301,1142,0,1142,-42,0,7,65
13,360,21.600000,12.276000,0,1,104108312,1142,0,1142,-42,0,7,65
13,360,21.600000,12.276000,0,1,104108321,1142,0,1142,-42,0,7,65
