13,720,21.600000,12.276000,1,0,104011613,600,0,600,0,0,7,5
13,720,21.600000,12.276000,1,0,104011615,600,0,600,0,0,7,5
13,720,21.600000,12.276000,1,0,104011626,602,0,602,-1,0,7,5
13,720,21.600000,12.276000,1,0,104011637,606,0,606,-3,0,7,5
13,720,21.600000,12.276000,1,0,104011648,609,0,609,-4,0,7,5
13,720,21.600000,12.276000,1,0,104011658,613,0,613,-6,0,7,5
13,720,21.600000,12.276000,1,0,104011669,618,0,618,-7,0,7,5
13,720,21.600000,12.276000,1,0,104011681,623,0,623,-9,0,7,5
13,720,21.600000,12.276000,1,0,104011692,631,0,631,-10,0,7,5
13,720,21.600000,12.276000,1,0,104011702,641,0,641,-11,0,7,5
13,720,21.600000,12.276000,1,0,104011712,654,0,654,-12,0,7,5
13,720,21.600000,12.276000,1,0,104011723,675,0,675,-15,0,7,5
13,720,21.600000,12.276000,1,0,104011734,697,0,697,-18,0,7,5
13,720,21.600000,12.276000,1,0,104011744,723,0,723,-21,0,7,5
13,720,21.600000,12.276000,1,0,104011755,752,0,752,-25,0,7,5
13,720,21.600000,12.276000,1,0,104011766,791,0,791,-29,0,7,5
13,720,21.600000,12.276000,1,0,104011777,827,0,827,-34,0,7,5
13,720,21.600000,12.276000,1,0,104011788,863,0,863,-38,0,7,5
13,720,21.600000,12.276000,1,0,104011800,899,0,899,-42,0,7,5
13,720,21.600000,12.276000,1,0,104011811,938,0,938,-46,0,7,5
13,720,21.600000,12.276000,1,0,104011822,974,0,974,-48,0,7,5
13,720,21.600000,12.276000,1,0,104011832,1014,0,1014,-51,0,7,5
13,720,21.600000,12.276000,1,0,104011843,1055,0,1055,-53,0,7,5
13,720,21.600000,12.276000,1,0,104011854,1088,0,1088,-56,0,7,5
13,720,21.600000,12.276000,1,0,104011863,1124,0,1124,-58,0,7,5
13,720,21.600000,12.276000,1,0,104011874,1153,0,1153,-60,0,7,5
13,720,21.600000,12.276000,1,0,104011885,1177,0,1177,-61,0,7,5
13,720,21.600000,12.276000,1,0,104011896,1201,0,1201,-62,0,7,5
13,720,21.600000,12.276000,1,0,104011907,1219,0,1219,-63,0,7,5
13,720,21.600000,12.276000,1,0,104011918,1231,0,1231,-64,0,7,5
13,720,21.600000,12.276000,1,0,104011929,1240,0,1240,-65,0,7,5
13,720,21.600000,12.276000,1,0,104011950,1244,0,1244,-65,0,7,5
13,720,21.600000,12.276000,1,0,104011961,1245,0,1245,-65,0,7,5
13,720,21.600000,12.276000,1,0,104011971,1246,0,1246,-65,0,7,5
13,720,21.600000,12.276000,1,0,104011982,1246,0,1246,-65,0,7,5
13,720,21.600000,12.276000,1,0,104011992,1246,0,1246,-65,0,7,5
13,720,21.600000,12.276000,1,0,104012012,1246,0,1246,-65,0,7,5
13,720,21.600000,12.276000,1,0,104012023,1246,0,1246,-65,0,7,5
13,720,21.600000,12.276000,1,0,104012033,1246,0,1246,-65,0,7,5
13,720,21.600000,12.276000,1,0,104012043,1246,0,1246,-65,0,7,5
13,720,21.600000,12.276000,1,0,104012053,1247,0,1247,-65,0,7,5
13,720,21.600000,12.276000,1,0,104012064,1248,0,1248,-65,0,7,5
13,720,21.600000,12.276000,1,0,104012075,1250,0,1250,-65,0,7,5
13,720,21.600000,12.276000,1,0,104012086,1252,0,1252,-66,0,7,5
13,720,21.600000,12.276000,1,0,104012098,1255,0,1255,-66,0,7,5
13,720,21.600000,12.276000,1,0,104012108,1260,0,1260,-66,0,7,5
13,720,21.600000,12.276000,1,0,104012119,1264,0,1264,-66,0,7,5
13,720,21.600000,12.276000,1,0,104012131,1267,0,1267,-67,0,7,5
13,720,21.600000,12.276000,1,0,104012142,1272,0,1272,-68,0,7,5
13,720,21.600000,12.276000,1,0,104012153,1277,0,1277,-68,0,7,5
13,720,21.600000,12.276000,1,0,104012165,1283,0,1283,-69,0,7,5
13,720,21.600000,12.276000,1,0,104012176,1289,0,1289,-70,0,7,5
13,720,21.600000,12.276000,1,0,104012187,1295,0,1295,-70,0,7,5
13,720,21.600000,12.276000,1,0,104012198,1301,0,1301,-71,0,7,5
13,720,21.600000,12.276000,1,0,104012209,1306,0,1306,-72,0,7,5
13,720,21.600000,12.276000,1,0,104012220,1310,0,1310,-73,0,7,5
13,720,21.600000,12.276000,1,0,104012230,1312,0,1312,-73,0,7,5
13,720,21.600000,12.276000,1,0,104012240,1314,0,1314,-74,0,7,5
13,720,21.600000,12.276000,1,0,104012250,1314,0,1314,-75,0,7,5
13,720,21.600000,12.276000,1,0,104012261,1315,0,1315,-75,0,7,5
13,720,21.600000,12.276000,1,0,104012271,1315,0,1315,-75,0,7,5
13,720,21.600000,12.276000,1,0,104012281,1315,0,1315,-75,0,7,5
13,720,21.600000,12.276000,1,0,104012291,1315,0,1315,-75,0,7,5
13,720,21.600000,12.276000,1,0,104012301,1315,0,1315,-75,0,7,5
13,720,21.600000,12.276000,1,0,104012311,1315,0,1315,-75,0,7,5
13,720,21.600000,12.276000,1,0,104012321,1315,0,1315,-75,0,7,5
13,720,21.600000,12.276000,1,0,104012331,1315,0,1315,-75,0,7,5
13,720,21.600000,12.276000,1,0,104012341,1315,0,1315,-75,0,7,5
13,720,21.600000,12.276000,1,0,104012351,1315,0,1315,-75,0,7,5
13,720,21.600000,12.276000,1,0,104012362,1316,0,1316,-75,0,7,5
13,720,21.600000,12.276000,1,0,104012373,1316,0,1316,-75,0,7,5
13,720,21.600000,12.276000,1,0,104012383,1317,0,1317,-75,0,7,5
13,720,21.600000,12.276000,1,0,104012392,1317,0,1317,-75,0,7,5
13,720,21.600000,12.276000,1,0,104012403,1317,0,1317,-75,0,7,5
13,720,21.600000,12.276000,1,0,104012413,1317,0,1317,-75,0,7,5
13,720,21.600000,12.276000,1,0,104012423,1317,0,1317,-75,0,7,5
13,720,21.600000,12.276000,1,0,104012433,1317,0,1317,-75,0,7,5
13,720,21.600000,12.276000,1,0,104012443,1317,0,1317,-75,0,7,5
