13,720,50.400000,42.984000,0,1,104094144,600,22,600,22,0,7,55
13,720,50.400000,42.984000,0,1,104094145,600,22,600,22,0,7,55
13,720,50.400000,42.984000,0,1,104094156,600,22,600,22,0,7,55
13,720,50.400000,42.984000,0,1,104094166,600,22,600,22,0,7,55
13,720,50.400000,42.984000,0,1,104094177,600,22,600,22,0,7,55
13,720,50.400000,42.984000,0,1,104094187,600,22,600,22,0,7,55
13,720,50.400000,42.984000,0,1,104094197,600,22,600,22,0,7,55
13,720,50.400000,42.984000,0,1,104094216,600,22,600,22,0,7,55
13,720,50.400000,42.984000,0,1,104094227,600,22,600,22,0,7,55
13,720,50.400000,42.984000,0,1,104094246,601,22,601,22,0,7,55
13,720,50.400000,42.984000,0,1,104094256,608,20,608,20,0,7,55
13,720,50.400000,42.984000,0,1,104094269,616,17,616,17,0,7,55
13,720,50.400000,42.984000,0,1,104094279,632,12,632,12,0,7,55
13,720,50.400000,42.984000,0,1,104094289,659,8,659,8,0,7,55
13,720,50.400000,42.984000,0,1,104094300,690,5,690,5,0,7,55
13,720,50.400000,42.984000,0,1,104094311,737,1,737,1,0,7,55
13,720,50.400000,42.984000,0,1,104094321,779,0,779,0,0,7,55
13,720,50.400000,42.984000,0,1,104094332,825,0,825,-2,0,7,55
13,720,50.400000,42.984000,0,1,104094343,866,0,866,-4,0,7,55
13,720,50.400000,42.984000,0,1,104094355,902,0,902,-6,0,7,55
13,720,50.400000,42.984000,0,1,104094365,937,0,937,-9,0,7,55
13,720,50.400000,42.984000,0,1,104094376,965,0,965,-13,0,7,55
13,720,50.400000,42.984000,0,1,104094388,996,0,996,-18,0,7,55
13,720,50.400000,42.984000,0,1,104094398,1027,0,1027,-22,0,7,55
13,720,50.400000,42.984000,0,1,104094419,1058,0,1058,-27,0,7,55
13,720,50.400000,42.984000,0,1,104094429,1116,0,1116,-36,0,7,55
13,720,50.400000,42.984000,0,1,104094440,1142,0,1142,-40,0,7,55
13,720,50.400000,42.984000,0,1,104094451,1165,0,1165,-44,0,7,55
13,720,50.400000,42.984000,0,1,104094462,1187,0,1187,-47,0,7,55
13,720,50.400000,42.984000,0,1,104094474,1210,0,1210,-51,0,7,55
13,720,50.400000,42.984000,0,1,104094484,1230,0,1230,-54,0,7,55
13,720,50.400000,42.984000,0,1,104094495,1248,0,1248,-57,0,7,55
13,720,50.400000,42.984000,0,1,104094507,1262,0,1262,-59,0,7,55
13,720,50.400000,42.984000,0,1,104094528,1277,0,1277,-61,0,7,55
13,720,50.400000,42.984000,0,1,104094538,1297,0,1297,-66,0,7,55
13,720,50.400000,42.984000,0,1,104094548,1300,0,1300,-67,0,7,55
13,720,50.400000,42.984000,0,1,104094558,1304,0,1304,-68,0,7,55
13,720,50.400000,42.984000,0,1,104094568,1304,0,1304,-68,0,7,55
13,720,50.400000,42.984000,0,1,104094578,1304,0,1304,-68,0,7,55
13,720,50.400000,42.984000,0,1,104094588,1304,0,1304,-68,0,7,55
13,720,50.400000,42.984000,0,1,104094598,1304,0,1304,-68,0,7,55
13,720,50.400000,42.984000,0,1,104094608,1305,0,1305,-68,0,7,55
13,720,50.400000,42.984000,0,1,104094618,1305,0,1305,-68,0,7,55
13,720,50.400000,42.984000,0,1,104094628,1306,0,1306,-68,0,7,55
13,720,50.400000,42.984000,0,1,104094638,1308,0,1308,-69,0,7,55
13,720,50.400000,42.984000,0,1,104094649,1311,0,1311,-70,0,7,55
13,720,50.400000,42.984000,0,1,104094668,1313,0,1313,-71,0,7,55
13,720,50.400000,42.984000,0,1,104094677,1315,0,1315,-71,0,7,55
13,720,50.400000,42.984000,0,1,104094688,1315,0,1315,-71,0,7,55
13,720,50.400000,42.984000,0,1,104094697,1315,0,1315,-71,0,7,55
13,720,50.400000,42.984000,0,1,104094706,1315,0,1315,-71,0,7,55
13,720,50.400000,42.984000,0,1,104094717,1315,0,1315,-71,0,7,55
13,720,50.400000,42.984000,0,1,104094726,1315,0,1315,-71,0,7,55
13,720,50.400000,42.984000,0,1,104094736,1315,0,1315,-71,0,7,55
13,720,50.400000,42.984000,0,1,104094745,1315,0,1315,-71,0,7,55
13,720,50.400000,42.984000,0,1,104094756,1315,0,1315,-71,0,7,55
13,720,50.400000,42.984000,0,1,104094765,1315,0,1315,-71,0,7,55
13,720,50.400000,42.984000,0,1,104094776,1315,0,1315,-71,0,7,55
13,720,50.400000,42.984000,0,1,104094785,1315,0,1315,-71,0,7,55
13,720,50.400000,42.984000,0,1,104094795,1315,0,1315,-71,0,7,55
13,720,50.400000,42.984000,0,1,104094805,1315,0,1315,-71,0,7,55
