13,360,50.400000,12.276000,0,1,104131645,780,22,780,22,0,7,82
13,360,50.400000,12.276000,0,1,104131647,780,22,780,22,0,7,82
13,360,50.400000,12.276000,0,1,104131658,780,22,780,22,0,7,82
13,360,50.400000,12.276000,0,1,104131668,780,22,780,22,0,7,82
13,360,50.400000,12.276000,0,1,104131679,780,22,780,22,0,7,82
13,360,50.400000,12.276000,0,1,104131689,780,22,780,22,0,7,82
13,360,50.400000,12.276000,0,1,104131700,780,22,780,22,0,7,82
13,360,50.400000,12.276000,0,1,104131711,780,22,780,22,0,7,82
13,360,50.400000,12.276000,0,1,104131722,780,22,780,22,0,7,82
13,360,50.400000,12.276000,0,1,104131733,782,22,782,22,0,7,82
13,360,50.400000,12.276000,0,1,104131745,786,22,786,22,0,7,82
13,360,50.400000,12.276000,0,1,104131756,795,21,795,21,0,7,82
13,360,50.400000,12.276000,0,1,104131775,809,19,809,19,0,7,82
13,360,50.400000,12.276000,0,1,104131785,849,13,849,13,0,7,82
13,360,50.400000,12.276000,0,1,104131797,881,9,881,9,0,7,82
13,360,50.400000,12.276000,0,1,104131807,916,5,916,5,0,7,82
13,360,50.400000,12.276000,0,1,104131818,953,1,953,1,0,7,82
13,360,50.400000,12.276000,0,1,104131830,984,0,984,-2,0,7,82
13,360,50.400000,12.276000,0,1,104131840,1013,0,1013,-5,0,7,82
13,360,50.400000,12.276000,0,1,104131852,1038,0,1038,-7,0,7,82
13,360,50.400000,12.276000,0,1,104131862,1062,0,1062,-9,0,7,82
13,360,50.400000,12.276000,0,1,104131873,1078,0,1078,-10,0,7,82
13,360,50.400000,12.276000,0,1,104131883,1088,0,1088,-11,0,7,82
13,360,50.400000,12.276000,0,1,104131893,1098,0,1098,-12,0,7,82
13,360,50.400000,12.276000,0,1,104131904,1107,0,1107,-13,0,7,82
13,360,50.400000,12.276000,0,1,104131914,1115,0,1115,-13,0,7,82
13,360,50.400000,12.276000,0,1,104131924,1121,0,1121,-14,0,7,82
13,360,50.400000,12.276000,0,1,104131935,1125,0,1125,-14,0,7,82
13,360,50.400000,12.276000,0,1,104131945,1127,0,1127,-14,0,7,82
13,360,50.400000,12.276000,0,1,104131956,1127,0,1127,-14,0,7,82
13,360,50.400000,12.276000,0,1,104131967,1127,0,1127,-14,0,7,82
13,360,50.400000,12.276000,0,1,104131977,1127,0,1127,-14,0,7,82
13,360,50.400000,12.276000,0,1,104131988,1127,0,1127,-14,0,7,82
13,360,50.400000,12.276000,0,1,104131998,1127,0,1127,-14,0,7,82
13,360,50.400000,12.276000,0,1,104132009,1127,0,1127,-14,0,7,82
13,360,50.400000,12.276000,0,1,104132020,1127,0,1127,-14,0,7,82
13,360,50.400000,12.276000,0,1,104132030,1127,0,1127,-14,0,7,82
13,360,50.400000,12.276000,0,1,104132040,1127,0,1127,-14,0,7,82
13,360,50.400000,12.276000,0,1,104132051,1127,0,1127,-14,0,7,82
13,360,50.400000,12.276000,0,1,104132061,1127,0,1127,-14,0,7,82
13,360,50.400000,12.276000,0,1,104132072,1127,0,1127,-14,0,7,82
13,360,50.400000,12.276000,0,1,104132082,1127,0,1127,-14,0,7,82
13,360,50.400000,12.276000,0,1,104132092,1127,0,1127,-14,0,7,82
13,360,50.400000,12.276000,0,1,104132102,1127,0,1127,-14,0,7,82
13,360,50.400000,12.276000,0,1,104132113,1127,0,1127,-14,0,7,82
13,360,50.400000,12.276000,0,1,104132123,1127,0,1127,-14,0,7,82
13,360,50.400000,12.276000,0,1,104132134,1127,0,1127,-14,0,7,82
13,360,50.400000,12.276000,0,1,104132144,1127,0,1127,-14,0,7,82
13,360,50.400000,12.276000,0,1,104132154,1127,0,1127,-14,0,7,82
13,360,50.400000,12.276000,0,1,104132166,1127,0,1127,-14,0,7,82
13,360,50.400000,12.276000,0,1,104132175,1127,0,1127,-14,0,7,82
