13,720,82.800000,0.000000,0,0,104049203,600,0,600,0,1,7,28
13,720,82.800000,0.000000,0,0,104049204,600,0,600,0,1,7,28
13,720,82.800000,0.000000,0,0,104049214,600,0,600,0,1,7,28
13,720,82.800000,0.000000,0,0,104049224,600,0,600,0,1,7,28
13,720,82.800000,0.000000,0,0,104049234,600,0,600,0,1,7,28
13,720,82.800000,0.000000,0,0,104049244,600,0,600,0,1,7,28
13,720,82.800000,0.000000,0,0,104049255,600,0,600,0,1,7,28
13,720,82.800000,0.000000,0,0,104049265,600,0,600,0,1,7,28
13,720,82.800000,0.000000,0,0,104049274,600,0,600,0,1,7,28
13,720,82.800000,0.000000,0,0,104049285,601,0,601,0,1,7,28
13,720,82.800000,0.000000,0,0,104049296,603,0,603,0,1,7,28
13,720,82.800000,0.000000,0,0,104049308,610,0,610,0,1,7,28
13,720,82.800000,0.000000,0,0,104049318,628,0,628,-3,1,7,28
13,720,82.800000,0.000000,0,0,104049329,654,0,654,-6,1,7,28
13,720,82.800000,0.000000,0,0,104049340,692,0,692,-11,1,7,28
13,720,82.800000,0.000000,0,0,104049351,743,0,743,-16,1,7,28
13,720,82.800000,0.000000,0,0,104049363,791,0,791,-20,1,7,28
13,720,82.800000,0.000000,0,0,104049374,841,0,841,-25,1,7,28
13,720,82.800000,0.000000,0,0,104049385,890,0,890,-29,1,7,28
13,720,82.800000,0.000000,0,0,104049395,936,0,936,-33,1,7,28
13,720,82.800000,0.000000,0,0,104049415,982,0,982,-36,1,7,28
13,720,82.800000,0.000000,0,0,104049426,1047,0,1047,-41,1,7,28
13,720,82.800000,0.000000,0,0,104049441,1078,0,1078,-43,1,7,28
13,720,82.800000,0.000000,0,0,104049455,1106,0,1106,-45,1,7,28
13,720,82.800000,0.000000,0,0,104049466,1128,0,1128,-46,1,7,28
13,720,82.800000,0.000000,0,0,104049477,1139,0,1139,-46,1,7,28
13,720,82.800000,0.000000,0,0,104049488,1148,0,1148,-47,1,7,28
13,720,82.800000,0.000000,0,0,104049499,1155,0,1155,-48,1,7,28
13,720,82.800000,0.000000,0,0,104049510,1160,0,1160,-48,1,7,28
13,720,82.800000,0.000000,0,0,104049521,1164,0,1164,-48,1,7,28
13,720,82.800000,0.000000,0,0,104049532,1165,0,1165,-48,1,7,28
13,720,82.800000,0.000000,0,0,104049542,1165,0,1165,-48,1,7,28
13,720,82.800000,0.000000,0,0,104049552,1165,0,1165,-48,1,7,28
13,720,82.800000,0.000000,0,0,104049563,1165,0,1165,-48,1,7,28
13,720,82.800000,0.000000,0,0,104049573,1165,0,1165,-48,1,7,28
13,720,82.800000,0.000000,0,0,104049584,1165,0,1165,-48,1,7,28
13,720,82.800000,0.000000,0,0,104049594,1165,0,1165,-48,1,7,28
13,720,82.800000,0.000000,0,0,104049604,1166,0,1166,-48,1,7,28
13,720,82.800000,0.000000,0,0,104049614,1167,0,1167,-48,1,7,28
13,720,82.800000,0.000000,0,0,104049625,1168,0,1168,-49,1,7,28
13,720,82.800000,0.000000,0,0,104049637,1171,0,1171,-49,1,7,28
13,720,82.800000,0.000000,0,0,104049648,1174,0,1174,-50,1,7,28
13,720,82.800000,0.000000,0,0,104049658,1178,0,1178,-50,1,7,28
13,720,82.800000,0.000000,0,0,104049670,1183,0,1183,-52,1,7,28
13,720,82.800000,0.000000,0,0,104049680,1191,0,1191,-53,1,7,28
13,720,82.800000,0.000000,0,0,104049691,1200,0,1200,-55,1,7,28
13,720,82.800000,0.000000,0,0,104049701,1209,0,1209,-57,1,7,28
13,720,82.800000,0.000000,0,0,104049713,1219,0,1219,-59,1,7,28
13,720,82.800000,0.000000,0,0,104049733,1229,0,1229,-61,1,7,28
13,720,82.800000,0.000000,0,0,104049744,1238,0,1238,-63,1,7,28
13,720,82.800000,0.000000,0,0,104049757,1239,0,1239,-63,1,7,28
13,720,82.800000,0.000000,0,0,104049767,1239,0,1239,-63,1,7,28
13,720,82.800000,0.000000,0,0,104049778,1239,0,1239,-63,1,7,28
13,720,82.800000,0.000000,0,0,104049789,1239,0,1239,-63,1,7,28
13,720,82.800000,0.000000,0,0,104049799,1239,0,1239,-63,1,7,28
13,720,82.800000,0.000000,0,0,104049810,1239,0,1239,-63,1,7,28
13,720,82.800000,0.000000,0,0,104049821,1239,0,1239,-63,1,7,28
13,720,82.800000,0.000000,0,0,104049831,1239,0,1239,-63,1,7,28
13,720,82.800000,0.000000,0,0,104049842,1239,0,1239,-63,1,7,28
13,720,82.800000,0.000000,0,0,104049853,1239,0,1239,-63,1,7,28
13,720,82.800000,0.000000,0,0,104049864,1239,0,1239,-63,1,7,28
13,720,82.800000,0.000000,0,0,104049875,1239,0,1239,-64,1,7,28
13,720,82.800000,0.000000,0,0,104049885,1240,0,1240,-64,1,7,28
13,720,82.800000,0.000000,0,0,104049896,1240,0,1240,-64,1,7,28
13,720,82.800000,0.000000,0,0,104049907,1240,0,1240,-64,1,7,28
13,720,82.800000,0.000000,0,0,104049917,1240,0,1240,-65,1,7,28
13,720,82.800000,0.000000,0,0,104049927,1241,0,1241,-65,1,7,28
13,720,82.800000,0.000000,0,0,104049937,1241,0,1241,-65,1,7,28
13,720,82.800000,0.000000,0,0,104049948,1242,0,1242,-65,1,7,28
13,720,82.800000,0.000000,0,0,104049958,1244,0,1244,-66,1,7,28
13,720,82.800000,0.000000,0,0,104049968,1247,0,1247,-66,1,7,28
13,720,82.800000,0.000000,0,0,104049980,1250,0,1250,-66,1,7,28
13,720,82.800000,0.000000,0,0,104049992,1254,0,1254,-67,1,7,28
13,720,82.800000,0.000000,0,0,104050002,1259,0,1259,-69,1,7,28
13,720,82.800000,0.000000,0,0,104050013,1264,0,1264,-70,1,7,28
13,720,82.800000,0.000000,0,0,104050024,1270,0,1270,-72,1,7,28
13,720,82.800000,0.000000,0,0,104050035,1277,0,1277,-73,1,7,28
13,720,82.800000,0.000000,0,0,104050046,1283,0,1283,-75,1,7,28
13,720,82.800000,0.000000,0,0,104050056,1286,0,1286,-76,1,7,28
13,720,82.800000,0.000000,0,0,104050066,1287,0,1287,-76,1,7,28
13,720,82.800000,0.000000,0,0,104050076,1288,0,1288,-76,1,7,28
13,720,82.800000,0.000000,0,0,104050095,1288,0,1288,-76,1,7,28
13,720,82.800000,0.000000,0,0,104050106,1288,0,1288,-76,1,7,28
13,720,82.800000,0.000000,0,0,104050117,1288,0,1288,-76,1,7,28
13,720,82.800000,0.000000,0,0,104050128,1288,0,1288,-76,1,7,28
13,720,82.800000,0.000000,0,0,104050138,1288,0,1288,-76,1,7,28
13,720,82.800000,0.000000,0,0,104050149,1288,0,1288,-76,1,7,28
13,720,82.800000,0.000000,0,0,104050159,1288,0,1288,-76,1,7,28
13,720,82.800000,0.000000,0,0,104050170,1288,0,1288,-76,1,7,28
13,720,82.800000,0.000000,0,0,104050181,1288,0,1288,-76,1,7,28
13,720,82.800000,0.000000,0,0,104050191,1288,0,1288,-76,1,7,28
13,720,82.800000,0.000000,0,0,104050202,1288,0,1288,-76,1,7,28
13,720,82.800000,0.000000,0,0,104050213,1288,0,1288,-76,1,7,28
13,720,82.800000,0.000000,0,0,104050223,1288,0,1288,-76,1,7,28
13,720,82.800000,0.000000,0,0,104050233,1288,0,1288,-76,1,7,28
13,720,82.800000,0.000000,0,0,104050243,1288,0,1288,-76,1,7,28
13,720,82.800000,0.000000,0,0,104050253,1288,0,1288,-76,1,7,28
13,720,82.800000,0.000000,0,0,104050264,1288,0,1288,-76,1,7,28
13,720,82.800000,0.000000,0,0,104050281,1288,0,1288,-76,1,7,28
13,720,82.800000,0.000000,0,0,104050292,1288,0,1288,-76,0,7,28
