13,360,21.600000,42.984000,0,1,104031497,780,22,780,22,0,7,15
13,360,21.600000,42.984000,0,1,104031499,780,22,780,22,0,7,15
13,360,21.600000,42.984000,0,1,104031509,780,22,780,22,0,7,15
13,360,21.600000,42.984000,0,1,104031520,780,22,780,22,0,7,15
13,360,21.600000,42.984000,0,1,104031532,780,22,780,22,0,7,15
13,360,21.600000,42.984000,0,1,104031544,780,22,780,22,0,7,15
13,360,21.600000,42.984000,0,1,104031555,780,22,780,22,0,7,15
13,360,21.600000,42.984000,0,1,104031565,780,22,780,22,0,7,15
13,360,21.600000,42.984000,0,1,104031577,780,22,780,22,0,7,15
13,360,21.600000,42.984000,0,1,104031588,782,22,782,22,0,7,15
13,360,21.600000,42.984000,0,1,104031599,787,20,787,20,0,7,15
13,360,21.600000,42.984000,0,1,104031610,796,18,796,18,0,7,15
13,360,21.600000,42.984000,0,1,104031621,813,15,813,15,0,7,15
13,360,21.600000,42.984000,0,1,104031632,833,11,833,11,0,7,15
13,360,21.600000,42.984000,0,1,104031644,867,7,867,7,0,7,15
13,360,21.600000,42.984000,0,1,104031654,919,0,919,0,0,7,15
13,360,21.600000,42.984000,0,1,104031665,968,0,968,-5,0,7,15
13,360,21.600000,42.984000,0,1,104031676,1022,0,1022,-10,0,7,15
13,360,21.600000,42.984000,0,1,104031687,1062,0,1062,-12,0,7,15
13,360,21.600000,42.984000,0,1,104031698,1102,0,1102,-14,0,7,15
13,360,21.600000,42.984000,0,1,104031709,1132,0,1132,-16,0,7,15
13,360,21.600000,42.984000,0,1,104031719,1153,0,1153,-18,0,7,15
13,360,21.600000,42.984000,0,1,104031729,1171,0,1171,-18,0,7,15
13,360,21.600000,42.984000,0,1,104031740,1183,0,1183,-18,0,7,15
13,360,21.600000,42.984000,0,1,104031751,1189,0,1189,-19,0,7,15
13,360,21.600000,42.984000,0,1,104031761,1193,0,1193,-19,0,7,15
13,360,21.600000,42.984000,0,1,104031772,1194,0,1194,-20,0,7,15
13,360,21.600000,42.984000,0,1,104031783,1194,0,1194,-20,0,7,15
13,360,21.600000,42.984000,0,1,104031793,1195,0,1195,-20,0,7,15
13,360,21.600000,42.984000,0,1,104031804,1196,0,1196,-20,0,7,15
13,360,21.600000,42.984000,0,1,104031814,1198,0,1198,-20,0,7,15
13,360,21.600000,42.984000,0,1,104031825,1202,0,1202,-21,0,7,15
13,360,21.600000,42.984000,0,1,104031836,1208,0,1208,-21,0,7,15
13,360,21.600000,42.984000,0,1,104031847,1214,0,1214,-22,0,7,15
13,360,21.600000,42.984000,0,1,104031857,1220,0,1220,-24,0,7,15
13,360,21.600000,42.984000,0,1,104031868,1224,0,1224,-25,0,7,15
13,360,21.600000,42.984000,0,1,104031879,1226,0,1226,-25,0,7,15
13,360,21.600000,42.984000,0,1,104031890,1226,0,1226,-26,0,7,15
13,360,21.600000,42.984000,0,1,104031900,1226,0,1226,-26,0,7,15
13,360,21.600000,42.984000,0,1,104031911,1226,0,1226,-26,0,7,15
13,360,21.600000,42.984000,0,1,104031921,1226,0,1226,-26,0,7,15
13,360,21.600000,42.984000,0,1,104031932,1226,0,1226,-26,0,7,15
13,360,21.600000,42.984000,0,1,104031943,1226,0,1226,-26,0,7,15
13,360,21.600000,42.984000,0,1,104031955,1225,0,1225,-26,0,7,15
13,360,21.600000,42.984000,0,1,104031965,1221,0,1221,-27,0,7,15
13,360,21.600000,42.984000,0,1,104031976,1214,0,1214,-28,0,7,15
13,360,21.600000,42.984000,0,1,104031987,1203,0,1203,-28,0,7,15
13,360,21.600000,42.984000,0,1,104031998,1191,0,1191,-29,0,7,15
13,360,21.600000,42.984000,0,1,104032009,1181,0,1181,-29,0,7,15
13,360,21.600000,42.984000,0,1,104032020,1171,0,1171,-30,0,7,15
13,360,21.600000,42.984000,0,1,104032030,1164,0,1164,-30,0,7,15
13,360,21.600000,42.984000,0,1,104032041,1159,0,1159,-31,0,7,15
13,360,21.600000,42.984000,0,1,104032052,1155,0,1155,-31,0,7,15
13,360,21.600000,42.984000,0,1,104032062,1153,0,1153,-31,0,7,15
13,360,21.600000,42.984000,0,1,104032073,1151,0,1151,-31,0,7,15
13,360,21.600000,42.984000,0,1,104032083,1150,0,1150,-31,0,7,15
13,360,21.600000,42.984000,0,1,104032093,1150,0,1150,-31,0,7,15
13,360,21.600000,42.984000,0,1,104032104,1149,0,1149,-31,0,7,15
13,360,21.600000,42.984000,0,1,104032114,1149,0,1149,-31,0,7,15
13,360,21.600000,42.984000,0,1,104032124,1149,0,1149,-31,0,7,15
13,360,21.600000,42.984000,0,1,104032135,1149,0,1149,-31,0,7,15
13,360,21.600000,42.984000,0,1,104032145,1148,0,1148,-31,0,7,15
13,360,21.600000,42.984000,0,1,104032156,1147,0,1147,-31,0,7,15
13,360,21.600000,42.984000,0,1,104032166,1145,0,1145,-31,0,7,15
13,360,21.600000,42.984000,0,1,104032178,1144,0,1144,-31,0,7,15
13,360,21.600000,42.984000,0,1,104032188,1144,0,1144,-31,0,7,15
13,360,21.600000,42.984000,0,1,104032198,1144,0,1144,-31,0,7,15
13,360,21.600000,42.984000,0,1,104032209,1144,0,1144,-31,0,7,15
13,360,21.600000,42.984000,0,1,104032219,1144,0,1144,-31,0,7,15
13,360,21.600000,42.984000,0,1,104032229,1144,0,1144,-31,0,7,15
13,360,21.600000,42.984000,0,1,104032239,1144,0,1144,-31,0,7,15
13,360,21.600000,42.984000,0,1,104032250,1144,0,1144,-31,0,7,15
13,360,21.600000,42.984000,0,1,104032260,1144,0,1144,-31,0,7,15
13,360,21.600000,42.984000,0,1,104032271,1144,0,1144,-31,0,7,15
13,360,21.600000,42.984000,0,1,104032281,1144,0,1144,-31,0,7,15
