13,720,82.800000,10000.000000,0,1,104088491,600,22,600,22,0,7,53
13,720,82.800000,10000.000000,0,1,104088491,600,22,600,22,0,7,53
13,720,82.800000,10000.000000,0,1,104088502,600,22,600,22,0,7,53
13,720,82.800000,10000.000000,0,1,104088512,600,22,600,22,0,7,53
13,720,82.800000,10000.000000,0,1,104088523,600,22,600,22,0,7,53
13,720,82.800000,10000.000000,0,1,104088533,600,22,600,22,0,7,53
13,720,82.800000,10000.000000,0,1,104088544,600,22,600,22,0,7,53
13,720,82.800000,10000.000000,0,1,104088554,600,22,600,22,0,7,53
13,720,82.800000,10000.000000,0,1,104088564,600,22,600,22,0,7,53
13,720,82.800000,10000.000000,0,1,104088575,600,22,600,22,0,7,53
13,720,82.800000,10000.000000,0,1,104088586,601,22,601,22,0,7,53
13,720,82.800000,10000.000000,0,1,104088598,603,21,603,21,0,7,53
13,720,82.800000,10000.000000,0,1,104088609,608,19,608,19,0,7,53
13,720,82.800000,10000.000000,0,1,104088629,615,16,615,16,0,7,53
13,720,82.800000,10000.000000,0,1,104088640,636,11,636,11,0,7,53
13,720,82.800000,10000.000000,0,1,104088653,651,8,651,8,0,7,53
13,720,82.800000,10000.000000,0,1,104088664,671,3,671,3,0,7,53
13,720,82.800000,10000.000000,0,1,104088675,693,0,693,-2,0,7,53
13,720,82.800000,10000.000000,0,1,104088685,715,0,715,-7,0,7,53
13,720,82.800000,10000.000000,0,1,104088697,738,0,738,-12,0,7,53
13,720,82.800000,10000.000000,0,1,104088710,763,0,763,-17,0,7,53
13,720,82.800000,10000.000000,0,1,104088720,792,0,792,-23,0,7,53
13,720,82.800000,10000.000000,0,1,104088732,819,0,819,-27,0,7,53
13,720,82.800000,10000.000000,0,1,104088742,849,0,849,-33,0,7,53
13,720,82.800000,10000.000000,0,1,104088753,879,0,879,-38,0,7,53
13,720,82.800000,10000.000000,0,1,104088772,906,0,906,-42,0,7,53
13,720,82.800000,10000.000000,0,1,104088783,949,0,949,-48,0,7,53
13,720,82.800000,10000.000000,0,1,104088794,970,0,970,-50,0,7,53
13,720,82.800000,10000.000000,0,1,104088804,988,0,988,-53,0,7,53
13,720,82.800000,10000.000000,0,1,104088816,1003,0,1003,-55,0,7,53
13,720,82.800000,10000.000000,0,1,104088826,1021,0,1021,-57,0,7,53
13,720,82.800000,10000.000000,0,1,104088837,1038,0,1038,-59,0,7,53
13,720,82.800000,10000.000000,0,1,104088849,1051,0,1051,-60,0,7,53
13,720,82.800000,10000.000000,0,1,104088859,1069,0,1069,-62,0,7,53
13,720,82.800000,10000.000000,0,1,104088871,1082,0,1082,-64,0,7,53
13,720,82.800000,10000.000000,0,1,104088881,1094,0,1094,-66,0,7,53
13,720,82.800000,10000.000000,0,1,104088892,1105,0,1105,-67,0,7,53
13,720,82.800000,10000.000000,0,1,104088903,1113,0,1113,-68,0,7,53
13,720,82.800000,10000.000000,0,1,104088913,1120,0,1120,-69,0,7,53
13,720,82.800000,10000.000000,0,1,104088924,1125,0,1125,-69,0,7,53
13,720,82.800000,10000.000000,0,1,104088934,1128,0,1128,-70,0,7,53
13,720,82.800000,10000.000000,0,1,104088947,1131,0,1131,-70,0,7,53
13,720,82.800000,10000.000000,0,1,104088957,1134,0,1134,-71,0,7,53
13,720,82.800000,10000.000000,0,1,104088968,1136,0,1136,-71,0,7,53
13,720,82.800000,10000.000000,0,1,104088980,1138,0,1138,-72,0,7,53
13,720,82.800000,10000.000000,0,1,104088992,1141,0,1141,-72,0,7,53
13,720,82.800000,10000.000000,0,1,104089002,1145,0,1145,-73,0,7,53
13,720,82.800000,10000.000000,0,1,104089015,1149,0,1149,-74,0,7,53
13,720,82.800000,10000.000000,0,1,104089028,1157,0,1157,-76,0,7,53
13,720,82.800000,10000.000000,0,1,104089040,1168,0,1168,-78,0,7,53
13,720,82.800000,10000.000000,0,1,104089050,1180,0,1180,-81,0,7,53
13,720,82.800000,10000.000000,0,1,104089069,1195,0,1195,-84,0,7,53
13,720,82.800000,10000.000000,0,1,104089080,1223,0,1223,-91,0,7,53
13,720,82.800000,10000.000000,0,1,104089091,1238,0,1238,-94,0,7,53
13,720,82.800000,10000.000000,0,1,104089102,1252,0,1252,-97,0,7,53
13,720,82.800000,10000.000000,0,1,104089113,1265,0,1265,-100,0,7,53
13,720,82.800000,10000.000000,0,1,104089125,1276,0,1276,-102,0,7,53
13,720,82.800000,10000.000000,0,1,104089137,1287,0,1287,-105,0,7,53
13,720,82.800000,10000.000000,0,1,104089148,1300,0,1300,-107,0,7,53
13,720,82.800000,10000.000000,0,1,104089159,1313,0,1313,-109,0,7,53
13,720,82.800000,10000.000000,0,1,104089169,1323,0,1323,-110,0,7,53
13,720,82.800000,10000.000000,0,1,104089179,1331,0,1331,-112,0,7,53
13,720,82.800000,10000.000000,0,1,104089190,1336,0,1336,-113,0,7,53
13,720,82.800000,10000.000000,0,1,104089200,1339,0,1339,-114,0,7,53
13,720,82.800000,10000.000000,0,1,104089210,1340,0,1340,-114,0,7,53
13,720,82.800000,10000.000000,0,1,104089221,1340,0,1340,-114,0,7,53
13,720,82.800000,10000.000000,0,1,104089240,1340,0,1340,-114,0,7,53
13,720,82.800000,10000.000000,0,1,104089249,1340,0,1340,-114,0,7,53
13,720,82.800000,10000.000000,0,1,104089259,1340,0,1340,-114,0,7,53
13,720,82.800000,10000.000000,0,1,104089270,1340,0,1340,-114,0,7,53
13,720,82.800000,10000.000000,0,1,104089280,1340,0,1340,-114,0,7,53
13,720,82.800000,10000.000000,0,1,104089289,1340,0,1340,-114,0,7,53
13,720,82.800000,10000.000000,0,1,104089300,1340,0,1340,-114,0,7,53
13,720,82.800000,10000.000000,0,1,104089318,1340,0,1340,-114,0,7,53
13,720,82.800000,10000.000000,0,1,104089328,1340,0,1340,-114,0,7,53
13,720,82.800000,10000.000000,0,1,104089339,1340,0,1340,-114,0,7,53
13,720,82.800000,10000.000000,0,1,104089349,1340,0,1340,-114,0,7,53
13,720,82.800000,10000.000000,0,1,104089359,1340,0,1340,-114,0,7,53
13,720,82.800000,10000.000000,0,1,104089369,1339,0,1339,-114,0,7,53
13,720,82.800000,10000.000000,0,1,104089379,1339,0,1339,-114,0,7,53
13,720,82.800000,10000.000000,0,1,104089390,1339,0,1339,-114,0,7,53
13,720,82.800000,10000.000000,0,1,104089399,1339,0,1339,-114,0,7,53
13,720,82.800000,10000.000000,0,1,104089409,1339,0,1339,-114,0,7,53
13,720,82.800000,10000.000000,0,1,104089420,1338,0,1338,-114,0,7,53
13,720,82.800000,10000.000000,0,1,104089429,1338,0,1338,-114,0,7,53
