13,720,50.400000,22.608000,0,0,104298711,600,0,600,0,0,8,71
13,720,50.400000,22.608000,0,0,104298712,600,0,600,0,0,8,71
13,720,50.400000,22.608000,0,0,104298722,614,0,614,-2,0,8,71
13,720,50.400000,22.608000,0,0,104298733,630,0,630,-3,0,8,71
13,720,50.400000,22.608000,0,0,104298744,650,0,650,-5,0,8,71
13,720,50.400000,22.608000,0,0,104298754,682,0,682,-8,0,8,71
13,720,50.400000,22.608000,0,0,104298765,718,0,718,-11,0,8,71
13,720,50.400000,22.608000,0,0,104298775,761,0,761,-15,0,8,71
13,720,50.400000,22.608000,0,0,104298786,802,0,802,-19,0,8,71
13,720,50.400000,22.608000,0,0,104298796,838,0,838,-23,0,8,71
13,720,50.400000,22.608000,0,0,104298807,863,0,863,-27,0,8,71
13,720,50.400000,22.608000,0,0,104298818,881,0,881,-29,0,8,71
13,720,50.400000,22.608000,0,0,104298829,891,0,891,-31,0,8,71
13,720,50.400000,22.608000,0,0,104298839,895,0,895,-32,0,8,71
13,720,50.400000,22.608000,0,0,104298850,896,0,896,-32,0,8,71
13,720,50.400000,22.608000,0,0,104298860,896,0,896,-32,0,8,71
13,720,50.400000,22.608000,0,0,104298871,898,0,898,-32,0,8,71
13,720,50.400000,22.608000,0,0,104298884,901,0,901,-32,0,8,71
13,720,50.400000,22.608000,0,0,104298894,908,0,908,-33,0,8,71
13,720,50.400000,22.608000,0,0,104298905,922,0,922,-35,0,8,71
13,720,50.400000,22.608000,0,0,104298916,945,0,945,-38,0,8,71
13,720,50.400000,22.608000,0,0,104298927,971,0,971,-42,0,8,71
13,720,50.400000,22.608000,0,0,104298938,1003,0,1003,-47,0,8,71
13,720,50.400000,22.608000,0,0,104298948,1053,0,1053,-52,0,8,71
13,720,50.400000,22.608000,0,0,104298960,1106,0,1106,-57,0,8,71
13,720,50.400000,22.608000,0,0,104298970,1162,0,1162,-62,0,8,71
13,720,50.400000,22.608000,0,0,104298980,1212,0,1212,-65,0,8,71
13,720,50.400000,22.608000,0,0,104298993,1258,0,1258,-69,0,8,71
13,720,50.400000,22.608000,0,0,104299003,1299,0,1299,-72,0,8,71
13,720,50.400000,22.608000,0,0,104299013,1324,0,1324,-74,0,8,71
13,720,50.400000,22.608000,0,0,104299024,1346,0,1346,-76,0,8,71
13,720,50.400000,22.608000,0,0,104299034,1360,0,1360,-78,0,8,71
13,720,50.400000,22.608000,0,0,104299054,1370,0,1370,-79,0,8,71
13,720,50.400000,22.608000,0,0,104299065,1379,0,1379,-80,0,8,71
13,720,50.400000,22.608000,0,0,104299084,1379,0,1379,-80,0,8,71
13,720,50.400000,22.608000,0,0,104299095,1379,0,1379,-80,0,8,71
13,720,50.400000,22.608000,0,0,104299106,1379,0,1379,-80,0,8,71
13,720,50.400000,22.608000,0,0,104299120,1379,0,1379,-80,0,8,71
13,720,50.400000,22.608000,0,0,104299130,1379,0,1379,-80,0,8,71
13,720,50.400000,22.608000,0,0,104299141,1379,0,1379,-80,0,8,71
13,720,50.400000,22.608000,0,0,104299152,1379,0,1379,-80,0,8,71
13,720,50.400000,22.608000,0,0,104299163,1380,0,1380,-80,0,8,71
13,720,50.400000,22.608000,0,0,104299174,1381,0,1381,-80,0,8,71
13,720,50.400000,22.608000,0,0,104299185,1383,0,1383,-81,0,8,71
13,720,50.400000,22.608000,0,0,104299196,1383,0,1383,-81,0,8,71
13,720,50.400000,22.608000,0,0,104299207,1383,0,1383,-81,0,8,71
13,720,50.400000,22.608000,0,0,104299218,1383,0,1383,-81,0,8,71
13,720,50.400000,22.608000,0,0,104299228,1383,0,1383,-81,0,8,71
13,720,50.400000,22.608000,0,0,104299239,1383,0,1383,-81,0,8,71
13,720,50.400000,22.608000,0,0,104299250,1383,0,1383,-81,0,8,71
13,720,50.400000,22.608000,0,0,104299260,1383,0,1383,-81,0,8,71
13,720,50.400000,22.608000,0,0,104299271,1381,0,1381,-81,0,8,71
13,720,50.400000,22.608000,0,0,104299291,1376,0,1376,-81,0,8,71
13,720,50.400000,22.608000,0,0,104299302,1360,0,1360,-81,0,8,71
13,720,50.400000,22.608000,0,0,104299322,1350,0,1350,-81,0,8,71
13,720,50.400000,22.608000,0,0,104299333,1336,0,1336,-81,0,8,71
13,720,50.400000,22.608000,0,0,104299343,1332,0,1332,-81,0,8,71
13,720,50.400000,22.608000,0,0,104299353,1330,0,1330,-81,0,8,71
13,720,50.400000,22.608000,0,0,104299364,1329,0,1329,-81,0,8,71
13,720,50.400000,22.608000,0,0,104299374,1329,0,1329,-81,0,8,71
13,720,50.400000,22.608000,0,0,104299384,1329,0,1329,-81,0,8,71
13,720,50.400000,22.608000,0,0,104299394,1329,0,1329,-81,0,8,71
13,720,50.400000,22.608000,0,0,104299405,1329,0,1329,-81,0,8,71
13,720,50.400000,22.608000,0,0,104299414,1329,0,1329,-81,0,8,71
13,720,50.400000,22.608000,0,0,104299425,1329,0,1329,-81,0,8,71
13,720,50.400000,22.608000,0,0,104299435,1329,0,1329,-81,0,8,71
13,720,50.400000,22.608000,0,0,104299445,1329,0,1329,-81,0,8,71
13,720,50.400000,22.608000,0,0,104299455,1329,0,1329,-81,0,8,71
