13,720,82.800000,0.000000,1,1,104235666,600,22,600,22,0,8,29
13,720,82.800000,0.000000,1,1,104235667,600,22,600,22,0,8,29
13,720,82.800000,0.000000,1,1,104235678,600,22,600,22,0,8,29
13,720,82.800000,0.000000,1,1,104235688,600,22,600,22,0,8,29
13,720,82.800000,0.000000,1,1,104235699,600,22,600,22,0,8,29
13,720,82.800000,0.000000,1,1,104235709,600,22,600,22,0,8,29
13,720,82.800000,0.000000,1,1,104235720,601,22,601,22,0,8,29
13,720,82.800000,0.000000,1,1,104235730,601,22,601,22,0,8,29
13,720,82.800000,0.000000,1,1,104235741,603,22,603,22,0,8,29
13,720,82.800000,0.000000,1,1,104235752,607,21,607,21,0,8,29
13,720,82.800000,0.000000,1,1,104235763,617,19,617,19,0,8,29
13,720,82.800000,0.000000,1,1,104235775,629,16,629,16,0,8,29
13,720,82.800000,0.000000,1,1,104235793,656,11,656,11,0,8,29
13,720,82.800000,0.000000,1,1,104235804,716,2,716,2,0,8,29
13,720,82.800000,0.000000,1,1,104235815,759,0,759,-2,0,8,29
13,720,82.800000,0.000000,1,1,104235826,807,0,807,-7,0,8,29
13,720,82.800000,0.000000,1,1,104235836,864,0,864,-10,0,8,29
13,720,82.800000,0.000000,1,1,104235848,907,0,907,-13,0,8,29
13,720,82.800000,0.000000,1,1,104235858,943,0,943,-16,0,8,29
13,720,82.800000,0.000000,1,1,104235869,972,0,972,-18,0,8,29
13,720,82.800000,0.000000,1,1,104235879,1002,0,1002,-21,0,8,29
13,720,82.800000,0.000000,1,1,104235889,1022,0,1022,-23,0,8,29
13,720,82.800000,0.000000,1,1,104235900,1038,0,1038,-24,0,8,29
13,720,82.800000,0.000000,1,1,104235910,1052,0,1052,-25,0,8,29
13,720,82.800000,0.000000,1,1,104235920,1061,0,1061,-26,0,8,29
13,720,82.800000,0.000000,1,1,104235931,1069,0,1069,-26,0,8,29
13,720,82.800000,0.000000,1,1,104235941,1079,0,1079,-26,0,8,29
13,720,82.800000,0.000000,1,1,104235952,1088,0,1088,-26,0,8,29
13,720,82.800000,0.000000,1,1,104235962,1100,0,1100,-27,0,8,29
13,720,82.800000,0.000000,1,1,104235972,1111,0,1111,-27,0,8,29
13,720,82.800000,0.000000,1,1,104235983,1123,0,1123,-28,0,8,29
13,720,82.800000,0.000000,1,1,104235993,1135,0,1135,-28,0,8,29
13,720,82.800000,0.000000,1,1,104236004,1146,0,1146,-29,0,8,29
13,720,82.800000,0.000000,1,1,104236015,1159,0,1159,-29,0,8,29
13,720,82.800000,0.000000,1,1,104236027,1173,0,1173,-30,0,8,29
13,720,82.800000,0.000000,1,1,104236038,1187,0,1187,-32,0,8,29
13,720,82.800000,0.000000,1,1,104236049,1198,0,1198,-34,0,8,29
13,720,82.800000,0.000000,1,1,104236060,1211,0,1211,-36,0,8,29
13,720,82.800000,0.000000,1,1,104236080,1222,0,1222,-37,0,8,29
13,720,82.800000,0.000000,1,1,104236091,1240,0,1240,-41,0,8,29
13,720,82.800000,0.000000,1,1,104236102,1247,0,1247,-42,0,8,29
13,720,82.800000,0.000000,1,1,104236112,1253,0,1253,-44,0,8,29
13,720,82.800000,0.000000,1,1,104236124,1258,0,1258,-44,0,8,29
13,720,82.800000,0.000000,1,1,104236136,1265,0,1265,-45,0,8,29
13,720,82.800000,0.000000,1,1,104236146,1269,0,1269,-46,0,8,29
13,720,82.800000,0.000000,1,1,104236157,1272,0,1272,-46,0,8,29
13,720,82.800000,0.000000,1,1,104236168,1274,0,1274,-47,0,8,29
13,720,82.800000,0.000000,1,1,104236179,1277,0,1277,-48,0,8,29
13,720,82.800000,0.000000,1,1,104236190,1279,0,1279,-48,0,8,29
13,720,82.800000,0.000000,1,1,104236201,1281,0,1281,-48,0,8,29
13,720,82.800000,0.000000,1,1,104236220,1284,0,1284,-49,0,8,29
13,720,82.800000,0.000000,1,1,104236231,1289,0,1289,-50,0,8,29
13,720,82.800000,0.000000,1,1,104236242,1291,0,1291,-50,0,8,29
13,720,82.800000,0.000000,1,1,104236253,1294,0,1294,-51,0,8,29
13,720,82.800000,0.000000,1,1,104236263,1297,0,1297,-52,0,8,29
13,720,82.800000,0.000000,1,1,104236274,1300,0,1300,-52,0,8,29
13,720,82.800000,0.000000,1,1,104236286,1302,0,1302,-53,0,8,29
13,720,82.800000,0.000000,1,1,104236296,1303,0,1303,-53,0,8,29
13,720,82.800000,0.000000,1,1,104236307,1305,0,1305,-53,0,8,29
13,720,82.800000,0.000000,1,1,104236317,1305,0,1305,-53,0,8,29
13,720,82.800000,0.000000,1,1,104236328,1305,0,1305,-53,0,8,29
13,720,82.800000,0.000000,1,1,104236339,1305,0,1305,-53,0,8,29
13,720,82.800000,0.000000,1,1,104236349,1305,0,1305,-53,0,8,29
