13,360,21.600000,22.608000,1,0,104325566,780,0,780,0,0,8,92
13,360,21.600000,22.608000,1,0,104325567,780,0,780,0,0,8,92
13,360,21.600000,22.608000,1,0,104325577,780,0,780,0,0,8,92
13,360,21.600000,22.608000,1,0,104325588,780,0,780,0,0,8,92
13,360,21.600000,22.608000,1,0,104325599,780,0,780,0,0,8,92
13,360,21.600000,22.608000,1,0,104325610,780,0,780,0,0,8,92
13,360,21.600000,22.608000,1,0,104325621,781,0,781,0,0,8,92
13,360,21.600000,22.608000,1,0,104325632,781,0,781,0,0,8,92
13,360,21.600000,22.608000,1,0,104325651,784,0,784,0,0,8,92
13,360,21.600000,22.608000,1,0,104325663,798,1,798,1,0,8,92
13,360,21.600000,22.608000,1,0,104325675,817,1,817,1,0,8,92
13,360,21.600000,22.608000,1,0,104325686,840,0,840,0,0,8,92
13,360,21.600000,22.608000,1,0,104325699,870,0,870,-3,0,8,92
13,360,21.600000,22.608000,1,0,104325712,905,0,905,-7,0,8,92
13,360,21.600000,22.608000,1,0,104325724,948,0,948,-11,0,8,92
13,360,21.600000,22.608000,1,0,104325736,991,0,991,-15,0,8,92
13,360,21.600000,22.608000,1,0,104325746,1022,0,1022,-19,0,8,92
13,360,21.600000,22.608000,1,0,104325757,1051,0,1051,-22,0,8,92
13,360,21.600000,22.608000,1,0,104325769,1072,0,1072,-25,0,8,92
13,360,21.600000,22.608000,1,0,104325780,1088,0,1088,-27,0,8,92
13,360,21.600000,22.608000,1,0,104325793,1099,0,1099,-29,0,8,92
13,360,21.600000,22.608000,1,0,104325804,1107,0,1107,-29,0,8,92
13,360,21.600000,22.608000,1,0,104325814,1110,0,1110,-30,0,8,92
13,360,21.600000,22.608000,1,0,104325825,1111,0,1111,-30,0,8,92
13,360,21.600000,22.608000,1,0,104325836,1112,0,1112,-30,0,8,92
13,360,21.600000,22.608000,1,0,104325846,1112,0,1112,-30,0,8,92
13,360,21.600000,22.608000,1,0,104325857,1112,0,1112,-30,0,8,92
13,360,21.600000,22.608000,1,0,104325868,1112,0,1112,-30,0,8,92
13,360,21.600000,22.608000,1,0,104325880,1112,0,1112,-30,0,8,92
13,360,21.600000,22.608000,1,0,104325893,1112,0,1112,-30,0,8,92
13,360,21.600000,22.608000,1,0,104325904,1112,0,1112,-30,0,8,92
13,360,21.600000,22.608000,1,0,104325914,1112,0,1112,-30,0,8,92
13,360,21.600000,22.608000,1,0,104325925,1113,0,1113,-30,0,8,92
13,360,21.600000,22.608000,1,0,104325936,1114,0,1114,-30,0,8,92
13,360,21.600000,22.608000,1,0,104325947,1115,0,1115,-31,0,8,92
13,360,21.600000,22.608000,1,0,104325958,1117,0,1117,-31,0,8,92
13,360,21.600000,22.608000,1,0,104325968,1118,0,1118,-31,0,8,92
13,360,21.600000,22.608000,1,0,104325979,1119,0,1119,-31,0,8,92
13,360,21.600000,22.608000,1,0,104325989,1119,0,1119,-31,0,8,92
13,360,21.600000,22.608000,1,0,104326000,1119,0,1119,-31,0,8,92
13,360,21.600000,22.608000,1,0,104326012,1119,0,1119,-31,0,8,92
13,360,21.600000,22.608000,1,0,104326023,1119,0,1119,-31,0,8,92
13,360,21.600000,22.608000,1,0,104326033,1119,0,1119,-31,0,8,92
13,360,21.600000,22.608000,1,0,104326044,1120,0,1120,-31,0,8,92
13,360,21.600000,22.608000,1,0,104326055,1122,0,1122,-31,0,8,92
13,360,21.600000,22.608000,1,0,104326065,1124,0,1124,-31,0,8,92
13,360,21.600000,22.608000,1,0,104326076,1128,0,1128,-31,0,8,92
13,360,21.600000,22.608000,1,0,104326086,1132,0,1132,-32,0,8,92
13,360,21.600000,22.608000,1,0,104326106,1135,0,1135,-32,0,8,92
13,360,21.600000,22.608000,1,0,104326116,1137,0,1137,-32,0,8,92
13,360,21.600000,22.608000,1,0,104326127,1139,0,1139,-32,0,8,92
13,360,21.600000,22.608000,1,0,104326137,1139,0,1139,-32,0,8,92
13,360,21.600000,22.608000,1,0,104326148,1139,0,1139,-32,0,8,92
13,360,21.600000,22.608000,1,0,104326159,1139,0,1139,-32,0,8,92
13,360,21.600000,22.608000,1,0,104326169,1139,0,1139,-32,0,8,92
13,360,21.600000,22.608000,1,0,104326180,1139,0,1139,-32,0,8,92
13,360,21.600000,22.608000,1,0,104326190,1139,0,1139,-32,0,8,92
13,360,21.600000,22.608000,1,0,104326200,1139,0,1139,-32,0,8,92
