13,360,82.800000,42.984000,0,0,104337056,780,0,780,0,1,8,99
13,360,82.800000,42.984000,0,0,104337057,780,0,780,0,1,8,99
13,360,82.800000,42.984000,0,0,104337067,780,0,780,0,1,8,99
13,360,82.800000,42.984000,0,0,104337078,780,0,780,0,1,8,99
13,360,82.800000,42.984000,0,0,104337088,780,0,780,0,1,8,99
13,360,82.800000,42.984000,0,0,104337098,780,0,780,0,1,8,99
13,360,82.800000,42.984000,0,0,104337109,782,0,782,0,1,8,99
13,360,82.800000,42.984000,0,0,104337120,788,0,788,-1,1,8,99
13,360,82.800000,42.984000,0,0,104337131,798,0,798,-3,1,8,99
13,360,82.800000,42.984000,0,0,104337142,814,0,814,-5,1,8,99
13,360,82.800000,42.984000,0,0,104337154,834,0,834,-8,1,8,99
13,360,82.800000,42.984000,0,0,104337164,856,0,856,-12,1,8,99
13,360,82.800000,42.984000,0,0,104337176,877,0,877,-15,1,8,99
13,360,82.800000,42.984000,0,0,104337187,900,0,900,-18,1,8,99
13,360,82.800000,42.984000,0,0,104337197,917,0,917,-19,1,8,99
13,360,82.800000,42.984000,0,0,104337207,936,0,936,-21,1,8,99
13,360,82.800000,42.984000,0,0,104337218,954,0,954,-23,1,8,99
13,360,82.800000,42.984000,0,0,104337230,971,0,971,-25,1,8,99
13,360,82.800000,42.984000,0,0,104337241,987,0,987,-26,1,8,99
13,360,82.800000,42.984000,0,0,104337251,1001,0,1001,-28,1,8,99
13,360,82.800000,42.984000,0,0,104337262,1014,0,1014,-29,1,8,99
13,360,82.800000,42.984000,0,0,104337273,1023,0,1023,-29,1,8,99
13,360,82.800000,42.984000,0,0,104337285,1032,0,1032,-31,1,8,99
13,360,82.800000,42.984000,0,0,104337296,1039,0,1039,-31,1,8,99
13,360,82.800000,42.984000,0,0,104337308,1043,0,1043,-32,1,8,99
13,360,82.800000,42.984000,0,0,104337321,1047,0,1047,-32,1,8,99
13,360,82.800000,42.984000,0,0,104337339,1051,0,1051,-33,1,8,99
13,360,82.800000,42.984000,0,0,104337351,1060,0,1060,-34,1,8,99
13,360,82.800000,42.984000,0,0,104337372,1067,0,1067,-35,1,8,99
13,360,82.800000,42.984000,0,0,104337382,1083,0,1083,-36,1,8,99
13,360,82.800000,42.984000,0,0,104337402,1090,0,1090,-37,1,8,99
13,360,82.800000,42.984000,0,0,104337412,1100,0,1100,-38,1,8,99
13,360,82.800000,42.984000,0,0,104337423,1103,0,1103,-38,1,8,99
13,360,82.800000,42.984000,0,0,104337434,1104,0,1104,-38,1,8,99
13,360,82.800000,42.984000,0,0,104337444,1104,0,1104,-38,1,8,99
13,360,82.800000,42.984000,0,0,104337455,1104,0,1104,-38,1,8,99
13,360,82.800000,42.984000,0,0,104337465,1104,0,1104,-38,1,8,99
13,360,82.800000,42.984000,0,0,104337476,1104,0,1104,-38,1,8,99
13,360,82.800000,42.984000,0,0,104337486,1106,0,1106,-39,1,8,99
13,360,82.800000,42.984000,0,0,104337497,1108,0,1108,-39,1,8,99
13,360,82.800000,42.984000,0,0,104337507,1111,0,1111,-40,1,8,99
13,360,82.800000,42.984000,0,0,104337518,1114,0,1114,-41,1,8,99
13,360,82.800000,42.984000,0,0,104337528,1118,0,1118,-42,1,8,99
13,360,82.800000,42.984000,0,0,104337539,1122,0,1122,-42,1,8,99
13,360,82.800000,42.984000,0,0,104337551,1126,0,1126,-44,1,8,99
13,360,82.800000,42.984000,0,0,104337562,1130,0,1130,-45,1,8,99
13,360,82.800000,42.984000,0,0,104337572,1132,0,1132,-45,1,8,99
13,360,82.800000,42.984000,0,0,104337582,1133,0,1133,-45,1,8,99
13,360,82.800000,42.984000,0,0,104337592,1133,0,1133,-46,1,8,99
13,360,82.800000,42.984000,0,0,104337602,1133,0,1133,-46,1,8,99
13,360,82.800000,42.984000,0,0,104337612,1133,0,1133,-46,1,8,99
13,360,82.800000,42.984000,0,0,104337622,1133,0,1133,-46,1,8,99
13,360,82.800000,42.984000,0,0,104337640,1133,0,1133,-46,0,8,99
