13,360,50.400000,42.984000,1,0,104348321,780,0,780,0,0,8,107
13,360,50.400000,42.984000,1,0,104348322,780,0,780,0,0,8,107
13,360,50.400000,42.984000,1,0,104348332,780,0,780,0,0,8,107
13,360,50.400000,42.984000,1,0,104348343,780,0,780,0,0,8,107
13,360,50.400000,42.984000,1,0,104348353,780,0,780,0,0,8,107
13,360,50.400000,42.984000,1,0,104348364,780,0,780,0,0,8,107
13,360,50.400000,42.984000,1,0,104348374,780,0,780,0,0,8,107
13,360,50.400000,42.984000,1,0,104348387,781,0,781,0,0,8,107
13,360,50.400000,42.984000,1,0,104348397,782,0,782,0,0,8,107
13,360,50.400000,42.984000,1,0,104348408,788,0,788,0,0,8,107
13,360,50.400000,42.984000,1,0,104348419,800,0,800,0,0,8,107
13,360,50.400000,42.984000,1,0,104348431,816,0,816,0,0,8,107
13,360,50.400000,42.984000,1,0,104348443,842,0,842,-1,0,8,107
13,360,50.400000,42.984000,1,0,104348454,868,0,868,-3,0,8,107
13,360,50.400000,42.984000,1,0,104348466,899,0,899,-6,0,8,107
13,360,50.400000,42.984000,1,0,104348477,934,0,934,-9,0,8,107
13,360,50.400000,42.984000,1,0,104348487,969,0,969,-13,0,8,107
13,360,50.400000,42.984000,1,0,104348499,997,0,997,-16,0,8,107
13,360,50.400000,42.984000,1,0,104348510,1027,0,1027,-18,0,8,107
13,360,50.400000,42.984000,1,0,104348521,1052,0,1052,-20,0,8,107
13,360,50.400000,42.984000,1,0,104348531,1069,0,1069,-23,0,8,107
13,360,50.400000,42.984000,1,0,104348543,1080,0,1080,-24,0,8,107
13,360,50.400000,42.984000,1,0,104348553,1085,0,1085,-24,0,8,107
13,360,50.400000,42.984000,1,0,104348566,1087,0,1087,-25,0,8,107
13,360,50.400000,42.984000,1,0,104348577,1087,0,1087,-25,0,8,107
13,360,50.400000,42.984000,1,0,104348588,1087,0,1087,-25,0,8,107
13,360,50.400000,42.984000,1,0,104348598,1087,0,1087,-25,0,8,107
13,360,50.400000,42.984000,1,0,104348609,1087,0,1087,-25,0,8,107
13,360,50.400000,42.984000,1,0,104348620,1087,0,1087,-25,0,8,107
13,360,50.400000,42.984000,1,0,104348631,1087,0,1087,-25,0,8,107
13,360,50.400000,42.984000,1,0,104348642,1088,0,1088,-25,0,8,107
13,360,50.400000,42.984000,1,0,104348652,1088,0,1088,-25,0,8,107
13,360,50.400000,42.984000,1,0,104348663,1089,0,1089,-25,0,8,107
13,360,50.400000,42.984000,1,0,104348673,1092,0,1092,-26,0,8,107
13,360,50.400000,42.984000,1,0,104348684,1096,0,1096,-27,0,8,107
13,360,50.400000,42.984000,1,0,104348694,1100,0,1100,-27,0,8,107
13,360,50.400000,42.984000,1,0,104348705,1104,0,1104,-28,0,8,107
13,360,50.400000,42.984000,1,0,104348716,1105,0,1105,-28,0,8,107
13,360,50.400000,42.984000,1,0,104348727,1106,0,1106,-28,0,8,107
13,360,50.400000,42.984000,1,0,104348738,1107,0,1107,-28,0,8,107
13,360,50.400000,42.984000,1,0,104348748,1107,0,1107,-28,0,8,107
13,360,50.400000,42.984000,1,0,104348759,1107,0,1107,-28,0,8,107
13,360,50.400000,42.984000,1,0,104348769,1108,0,1108,-28,0,8,107
13,360,50.400000,42.984000,1,0,104348780,1111,0,1111,-29,0,8,107
13,360,50.400000,42.984000,1,0,104348790,1113,0,1113,-29,0,8,107
13,360,50.400000,42.984000,1,0,104348801,1116,0,1116,-30,0,8,107
13,360,50.400000,42.984000,1,0,104348812,1120,0,1120,-31,0,8,107
13,360,50.400000,42.984000,1,0,104348823,1124,0,1124,-31,0,8,107
13,360,50.400000,42.984000,1,0,104348834,1127,0,1127,-32,0,8,107
13,360,50.400000,42.984000,1,0,104348844,1129,0,1129,-32,0,8,107
13,360,50.400000,42.984000,1,0,104348855,1129,0,1129,-32,0,8,107
13,360,50.400000,42.984000,1,0,104348865,1129,0,1129,-32,0,8,107
13,360,50.400000,42.984000,1,0,104348876,1129,0,1129,-32,0,8,107
13,360,50.400000,42.984000,1,0,104348886,1129,0,1129,-32,0,8,107
13,360,50.400000,42.984000,1,0,104348897,1129,0,1129,-32,0,8,107
13,360,50.400000,42.984000,1,0,104348907,1129,0,1129,-32,0,8,107
13,360,50.400000,42.984000,1,0,104348917,1129,0,1129,-32,0,8,107
