13,720,21.600000,0.000000,1,1,104326811,600,22,600,22,0,8,93
13,720,21.600000,0.000000,1,1,104326812,600,22,600,22,0,8,93
13,720,21.600000,0.000000,1,1,104326822,600,22,600,22,0,8,93
13,720,21.600000,0.000000,1,1,104326832,600,22,600,22,0,8,93
13,720,21.600000,0.000000,1,1,104326844,600,22,600,22,0,8,93
13,720,21.600000,0.000000,1,1,104326855,602,22,602,22,0,8,93
13,720,21.600000,0.000000,1,1,104326867,607,22,607,22,0,8,93
13,720,21.600000,0.000000,1,1,104326879,617,22,617,22,0,8,93
13,720,21.600000,0.000000,1,1,104326891,632,22,632,22,0,8,93
13,720,21.600000,0.000000,1,1,104326901,657,21,657,21,0,8,93
13,720,21.600000,0.000000,1,1,104326913,688,18,688,18,0,8,93
13,720,21.600000,0.000000,1,1,104326923,726,14,726,14,0,8,93
13,720,21.600000,0.000000,1,1,104326933,776,9,776,9,0,8,93
13,720,21.600000,0.000000,1,1,104326944,823,3,823,3,0,8,93
13,720,21.600000,0.000000,1,1,104326956,884,0,884,-4,0,8,93
13,720,21.600000,0.000000,1,1,104326967,958,0,958,-12,0,8,93
13,720,21.600000,0.000000,1,1,104326986,1011,0,1011,-18,0,8,93
13,720,21.600000,0.000000,1,1,104326997,1114,0,1114,-28,0,8,93
13,720,21.600000,0.000000,1,1,104327010,1151,0,1151,-31,0,8,93
13,720,21.600000,0.000000,1,1,104327021,1184,0,1184,-34,0,8,93
13,720,21.600000,0.000000,1,1,104327031,1203,0,1203,-36,0,8,93
13,720,21.600000,0.000000,1,1,104327042,1215,0,1215,-37,0,8,93
13,720,21.600000,0.000000,1,1,104327052,1223,0,1223,-37,0,8,93
13,720,21.600000,0.000000,1,1,104327063,1227,0,1227,-37,0,8,93
13,720,21.600000,0.000000,1,1,104327073,1229,0,1229,-37,0,8,93
13,720,21.600000,0.000000,1,1,104327084,1230,0,1230,-37,0,8,93
13,720,21.600000,0.000000,1,1,104327095,1231,0,1231,-37,0,8,93
13,720,21.600000,0.000000,1,1,104327105,1233,0,1233,-37,0,8,93
13,720,21.600000,0.000000,1,1,104327116,1235,0,1235,-37,0,8,93
13,720,21.600000,0.000000,1,1,104327126,1238,0,1238,-37,0,8,93
13,720,21.600000,0.000000,1,1,104327137,1241,0,1241,-37,0,8,93
13,720,21.600000,0.000000,1,1,104327148,1243,0,1243,-37,0,8,93
13,720,21.600000,0.000000,1,1,104327158,1246,0,1246,-37,0,8,93
13,720,21.600000,0.000000,1,1,104327170,1249,0,1249,-37,0,8,93
13,720,21.600000,0.000000,1,1,104327182,1253,0,1253,-37,0,8,93
13,720,21.600000,0.000000,1,1,104327193,1258,0,1258,-37,0,8,93
13,720,21.600000,0.000000,1,1,104327203,1264,0,1264,-38,0,8,93
13,720,21.600000,0.000000,1,1,104327215,1271,0,1271,-38,0,8,93
13,720,21.600000,0.000000,1,1,104327225,1280,0,1280,-38,0,8,93
13,720,21.600000,0.000000,1,1,104327236,1286,0,1286,-38,0,8,93
13,720,21.600000,0.000000,1,1,104327247,1290,0,1290,-38,0,8,93
13,720,21.600000,0.000000,1,1,104327258,1293,0,1293,-38,0,8,93
13,720,21.600000,0.000000,1,1,104327269,1294,0,1294,-38,0,8,93
13,720,21.600000,0.000000,1,1,104327279,1294,0,1294,-38,0,8,93
13,720,21.600000,0.000000,1,1,104327290,1294,0,1294,-38,0,8,93
13,720,21.600000,0.000000,1,1,104327301,1294,0,1294,-38,0,8,93
13,720,21.600000,0.000000,1,1,104327311,1295,0,1295,-38,0,8,93
13,720,21.600000,0.000000,1,1,104327330,1297,0,1297,-38,0,8,93
13,720,21.600000,0.000000,1,1,104327341,1303,0,1303,-38,0,8,93
13,720,21.600000,0.000000,1,1,104327352,1307,0,1307,-38,0,8,93
13,720,21.600000,0.000000,1,1,104327363,1312,0,1312,-38,0,8,93
13,720,21.600000,0.000000,1,1,104327373,1318,0,1318,-38,0,8,93
13,720,21.600000,0.000000,1,1,104327384,1323,0,1323,-38,0,8,93
13,720,21.600000,0.000000,1,1,104327395,1327,0,1327,-39,0,8,93
13,720,21.600000,0.000000,1,1,104327405,1328,0,1328,-39,0,8,93
13,720,21.600000,0.000000,1,1,104327415,1328,0,1328,-39,0,8,93
13,720,21.600000,0.000000,1,1,104327425,1328,0,1328,-39,0,8,93
13,720,21.600000,0.000000,1,1,104327436,1328,0,1328,-39,0,8,93
13,720,21.600000,0.000000,1,1,104327446,1328,0,1328,-39,0,8,93
13,720,21.600000,0.000000,1,1,104327457,1328,0,1328,-39,0,8,93
13,720,21.600000,0.000000,1,1,104327467,1328,0,1328,-39,0,8,93
13,720,21.600000,0.000000,1,1,104327479,1328,0,1328,-39,0,8,93
13,720,21.600000,0.000000,1,1,104327489,1328,0,1328,-39,0,8,93
13,720,21.600000,0.000000,1,1,104327500,1328,0,1328,-39,0,8,93
13,720,21.600000,0.000000,1,1,104327511,1328,0,1328,-39,0,8,93
13,720,21.600000,0.000000,1,1,104327522,1328,0,1328,-39,0,8,93
13,720,21.600000,0.000000,1,1,104327532,1328,0,1328,-39,0,8,93
13,720,21.600000,0.000000,1,1,104327543,1328,0,1328,-39,0,8,93
