13,360,50.400000,10000.000000,0,1,104419319,780,22,780,22,0,9,42
13,360,50.400000,10000.000000,0,1,104419320,780,22,780,22,0,9,42
13,360,50.400000,10000.000000,0,1,104419331,780,22,780,22,0,9,42
13,360,50.400000,10000.000000,0,1,104419342,780,22,780,22,0,9,42
13,360,50.400000,10000.000000,0,1,104419354,780,22,780,22,0,9,42
13,360,50.400000,10000.000000,0,1,104419365,780,22,780,22,0,9,42
13,360,50.400000,10000.000000,0,1,104419375,783,22,783,22,0,9,42
13,360,50.400000,10000.000000,0,1,104419386,789,22,789,22,0,9,42
13,360,50.400000,10000.000000,0,1,104419397,802,22,802,22,0,9,42
13,360,50.400000,10000.000000,0,1,104419409,819,21,819,21,0,9,42
13,360,50.400000,10000.000000,0,1,104419420,846,18,846,18,0,9,42
13,360,50.400000,10000.000000,0,1,104419434,875,15,875,15,0,9,42
13,360,50.400000,10000.000000,0,1,104419445,922,10,922,10,0,9,42
13,360,50.400000,10000.000000,0,1,104419456,962,7,962,7,0,9,42
13,360,50.400000,10000.000000,0,1,104419466,998,4,998,4,0,9,42
13,360,50.400000,10000.000000,0,1,104419479,1034,1,1034,1,0,9,42
13,360,50.400000,10000.000000,0,1,104419491,1065,0,1065,-1,0,9,42
13,360,50.400000,10000.000000,0,1,104419502,1084,0,1084,-2,0,9,42
13,360,50.400000,10000.000000,0,1,104419513,1095,0,1095,-3,0,9,42
13,360,50.400000,10000.000000,0,1,104419524,1101,0,1101,-4,0,9,42
13,360,50.400000,10000.000000,0,1,104419535,1104,0,1104,-4,0,9,42
13,360,50.400000,10000.000000,0,1,104419546,1105,0,1105,-4,0,9,42
13,360,50.400000,10000.000000,0,1,104419557,1105,0,1105,-4,0,9,42
13,360,50.400000,10000.000000,0,1,104419567,1105,0,1105,-4,0,9,42
13,360,50.400000,10000.000000,0,1,104419578,1105,0,1105,-4,0,9,42
13,360,50.400000,10000.000000,0,1,104419589,1106,0,1106,-5,0,9,42
13,360,50.400000,10000.000000,0,1,104419600,1108,0,1108,-5,0,9,42
13,360,50.400000,10000.000000,0,1,104419611,1113,0,1113,-6,0,9,42
13,360,50.400000,10000.000000,0,1,104419621,1118,0,1118,-6,0,9,42
13,360,50.400000,10000.000000,0,1,104419632,1124,0,1124,-7,0,9,42
13,360,50.400000,10000.000000,0,1,104419644,1128,0,1128,-8,0,9,42
13,360,50.400000,10000.000000,0,1,104419654,1130,0,1130,-8,0,9,42
13,360,50.400000,10000.000000,0,1,104419665,1130,0,1130,-8,0,9,42
13,360,50.400000,10000.000000,0,1,104419675,1130,0,1130,-8,0,9,42
13,360,50.400000,10000.000000,0,1,104419686,1130,0,1130,-8,0,9,42
13,360,50.400000,10000.000000,0,1,104419696,1130,0,1130,-8,0,9,42
13,360,50.400000,10000.000000,0,1,104419707,1130,0,1130,-8,0,9,42
13,360,50.400000,10000.000000,0,1,104419717,1131,0,1131,-8,0,9,42
13,360,50.400000,10000.000000,0,1,104419727,1131,0,1131,-8,0,9,42
13,360,50.400000,10000.000000,0,1,104419738,1132,0,1132,-8,0,9,42
13,360,50.400000,10000.000000,0,1,104419750,1132,0,1132,-8,0,9,42
13,360,50.400000,10000.000000,0,1,104419759,1133,0,1133,-9,0,9,42
13,360,50.400000,10000.000000,0,1,104419771,1134,0,1134,-9,0,9,42
13,360,50.400000,10000.000000,0,1,104419781,1134,0,1134,-9,0,9,42
13,360,50.400000,10000.000000,0,1,104419791,1135,0,1135,-9,0,9,42
13,360,50.400000,10000.000000,0,1,104419801,1135,0,1135,-9,0,9,42
13,360,50.400000,10000.000000,0,1,104419812,1135,0,1135,-9,0,9,42
