13,720,21.600000,22.608000,0,1,104486940,600,22,600,22,0,9,89
13,720,21.600000,22.608000,0,1,104486941,600,22,600,22,0,9,89
13,720,21.600000,22.608000,0,1,104486952,601,22,601,22,0,9,89
13,720,21.600000,22.608000,0,1,104486963,602,22,602,22,0,9,89
13,720,21.600000,22.608000,0,1,104486974,602,22,602,22,0,9,89
13,720,21.600000,22.608000,0,1,104486984,602,22,602,22,0,9,89
13,720,21.600000,22.608000,0,1,104486996,602,22,602,22,0,9,89
13,720,21.600000,22.608000,0,1,104487006,602,22,602,22,0,9,89
13,720,21.600000,22.608000,0,1,104487017,602,22,602,22,0,9,89
13,720,21.600000,22.608000,0,1,104487028,605,22,605,22,0,9,89
13,720,21.600000,22.608000,0,1,104487039,613,22,613,22,0,9,89
13,720,21.600000,22.608000,0,1,104487049,628,22,628,22,0,9,89
13,720,21.600000,22.608000,0,1,104487060,646,21,646,21,0,9,89
13,720,21.600000,22.608000,0,1,104487071,671,19,671,19,0,9,89
13,720,21.600000,22.608000,0,1,104487081,703,17,703,17,0,9,89
13,720,21.600000,22.608000,0,1,104487092,738,14,738,14,0,9,89
13,720,21.600000,22.608000,0,1,104487102,787,11,787,11,0,9,89
13,720,21.600000,22.608000,0,1,104487113,847,8,847,8,0,9,89
13,720,21.600000,22.608000,0,1,104487123,910,4,910,4,0,9,89
13,720,21.600000,22.608000,0,1,104487133,973,0,973,0,0,9,89
13,720,21.600000,22.608000,0,1,104487144,1034,0,1034,-6,0,9,89
13,720,21.600000,22.608000,0,1,104487155,1095,0,1095,-12,0,9,89
13,720,21.600000,22.608000,0,1,104487165,1153,0,1153,-18,0,9,89
13,720,21.600000,22.608000,0,1,104487176,1209,0,1209,-25,0,9,89
13,720,21.600000,22.608000,0,1,104487186,1255,0,1255,-30,0,9,89
13,720,21.600000,22.608000,0,1,104487197,1295,0,1295,-34,0,9,89
13,720,21.600000,22.608000,0,1,104487207,1327,0,1327,-38,0,9,89
13,720,21.600000,22.608000,0,1,104487217,1349,0,1349,-41,0,9,89
13,720,21.600000,22.608000,0,1,104487228,1363,0,1363,-42,0,9,89
13,720,21.600000,22.608000,0,1,104487239,1368,0,1368,-43,0,9,89
13,720,21.600000,22.608000,0,1,104487250,1369,0,1369,-43,0,9,89
13,720,21.600000,22.608000,0,1,104487261,1369,0,1369,-43,0,9,89
13,720,21.600000,22.608000,0,1,104487272,1369,0,1369,-43,0,9,89
13,720,21.600000,22.608000,0,1,104487283,1369,0,1369,-43,0,9,89
13,720,21.600000,22.608000,0,1,104487293,1369,0,1369,-43,0,9,89
13,720,21.600000,22.608000,0,1,104487303,1369,0,1369,-43,0,9,89
13,720,21.600000,22.608000,0,1,104487315,1369,0,1369,-43,0,9,89
13,720,21.600000,22.608000,0,1,104487326,1369,0,1369,-43,0,9,89
13,720,21.600000,22.608000,0,1,104487337,1368,0,1368,-43,0,9,89
13,720,21.600000,22.608000,0,1,104487347,1367,0,1367,-43,0,9,89
13,720,21.600000,22.608000,0,1,104487359,1365,0,1365,-43,0,9,89
13,720,21.600000,22.608000,0,1,104487370,1361,0,1361,-43,0,9,89
13,720,21.600000,22.608000,0,1,104487381,1354,0,1354,-43,0,9,89
13,720,21.600000,22.608000,0,1,104487393,1345,1,1345,-42,0,9,89
13,720,21.600000,22.608000,0,1,104487404,1337,1,1337,-42,0,9,89
13,720,21.600000,22.608000,0,1,104487416,1329,2,1329,-41,0,9,89
13,720,21.600000,22.608000,0,1,104487428,1321,2,1321,-41,0,9,89
13,720,21.600000,22.608000,0,1,104487439,1314,3,1314,-40,0,9,89
13,720,21.600000,22.608000,0,1,104487449,1309,3,1309,-40,0,9,89
13,720,21.600000,22.608000,0,1,104487460,1306,3,1306,-40,0,9,89
13,720,21.600000,22.608000,0,1,104487470,1306,4,1306,-39,0,9,89
13,720,21.600000,22.608000,0,1,104487480,1305,4,1305,-39,0,9,89
13,720,21.600000,22.608000,0,1,104487491,1305,4,1305,-39,0,9,89
13,720,21.600000,22.608000,0,1,104487502,1305,4,1305,-39,0,9,89
13,720,21.600000,22.608000,0,1,104487513,1305,4,1305,-39,0,9,89
13,720,21.600000,22.608000,0,1,104487523,1305,4,1305,-39,0,9,89
13,720,21.600000,22.608000,0,1,104487534,1305,4,1305,-39,0,9,89
13,720,21.600000,22.608000,0,1,104487545,1305,4,1305,-39,0,9,89
13,720,21.600000,22.608000,0,1,104487555,1305,4,1305,-39,0,9,89
13,720,21.600000,22.608000,0,1,104487565,1305,4,1305,-39,0,9,89
13,720,21.600000,22.608000,0,1,104487576,1305,4,1305,-39,0,9,89
13,720,21.600000,22.608000,0,1,104487588,1305,4,1305,-39,0,9,89
13,720,21.600000,22.608000,0,1,104487598,1305,4,1305,-39,0,9,89
13,720,21.600000,22.608000,0,1,104487608,1305,4,1305,-39,0,9,89
13,720,21.600000,22.608000,0,1,104487619,1305,4,1305,-39,0,9,89
13,720,21.600000,22.608000,0,1,104487629,1305,4,1305,-39,0,9,89
13,720,21.600000,22.608000,0,1,104487639,1305,4,1305,-39,0,9,89
13,720,21.600000,22.608000,0,1,104487650,1305,4,1305,-39,0,9,89
13,720,21.600000,22.608000,0,1,104487661,1305,4,1305,-39,0,9,89
13,720,21.600000,22.608000,0,1,104487671,1306,4,1306,-39,0,9,89
13,720,21.600000,22.608000,0,1,104487681,1307,4,1307,-39,0,9,89
13,720,21.600000,22.608000,0,1,104487692,1308,4,1308,-39,0,9,89
13,720,21.600000,22.608000,0,1,104487703,1310,4,1310,-39,0,9,89
13,720,21.600000,22.608000,0,1,104487715,1312,4,1312,-39,0,9,89
13,720,21.600000,22.608000,0,1,104487725,1314,4,1314,-39,0,9,89
13,720,21.600000,22.608000,0,1,104487736,1316,4,1316,-39,0,9,89
13,720,21.600000,22.608000,0,1,104487747,1317,4,1317,-39,0,9,89
13,720,21.600000,22.608000,0,1,104487758,1320,4,1320,-39,0,9,89
13,720,21.600000,22.608000,0,1,104487768,1322,4,1322,-39,0,9,89
13,720,21.600000,22.608000,0,1,104487778,1323,4,1323,-39,0,9,89
13,720,21.600000,22.608000,0,1,104487788,1324,4,1324,-39,0,9,89
13,720,21.600000,22.608000,0,1,104487798,1324,4,1324,-39,0,9,89
13,720,21.600000,22.608000,0,1,104487809,1324,4,1324,-39,0,9,89
13,720,21.600000,22.608000,0,1,104487820,1324,4,1324,-39,0,9,89
13,720,21.600000,22.608000,0,1,104487830,1324,4,1324,-39,0,9,89
13,720,21.600000,22.608000,0,1,104487840,1324,4,1324,-39,0,9,89
13,720,21.600000,22.608000,0,1,104487850,1324,4,1324,-39,0,9,89
13,720,21.600000,22.608000,0,1,104487861,1324,4,1324,-39,0,9,89
13,720,21.600000,22.608000,0,1,104487871,1324,4,1324,-39,0,9,89
13,720,21.600000,22.608000,0,1,104487882,1324,4,1324,-39,0,9,89
13,720,21.600000,22.608000,0,1,104487892,1324,4,1324,-39,0,9,89
