13,720,50.400000,10000.000000,0,1,104413379,600,22,600,22,0,9,37
13,720,50.400000,10000.000000,0,1,104413380,600,22,600,22,0,9,37
13,720,50.400000,10000.000000,0,1,104413391,600,22,600,22,0,9,37
13,720,50.400000,10000.000000,0,1,104413402,600,22,600,22,0,9,37
13,720,50.400000,10000.000000,0,1,104413412,600,22,600,22,0,9,37
13,720,50.400000,10000.000000,0,1,104413423,600,22,600,22,0,9,37
13,720,50.400000,10000.000000,0,1,104413434,600,22,600,22,0,9,37
13,720,50.400000,10000.000000,0,1,104413444,600,22,600,22,0,9,37
13,720,50.400000,10000.000000,0,1,104413456,600,22,600,22,0,9,37
13,720,50.400000,10000.000000,0,1,104413466,601,22,601,22,0,9,37
13,720,50.400000,10000.000000,0,1,104413477,602,22,602,22,0,9,37
13,720,50.400000,10000.000000,0,1,104413489,608,22,608,22,0,9,37
13,720,50.400000,10000.000000,0,1,104413500,620,20,620,20,0,9,37
13,720,50.400000,10000.000000,0,1,104413512,641,17,641,17,0,9,37
13,720,50.400000,10000.000000,0,1,104413524,674,12,674,12,0,9,37
13,720,50.400000,10000.000000,0,1,104413534,720,4,720,4,0,9,37
13,720,50.400000,10000.000000,0,1,104413545,779,0,779,-4,0,9,37
13,720,50.400000,10000.000000,0,1,104413557,836,0,836,-11,0,9,37
13,720,50.400000,10000.000000,0,1,104413568,896,0,896,-18,0,9,37
13,720,50.400000,10000.000000,0,1,104413579,961,0,961,-26,0,9,37
13,720,50.400000,10000.000000,0,1,104413590,1012,0,1012,-30,0,9,37
13,720,50.400000,10000.000000,0,1,104413600,1065,0,1065,-35,0,9,37
13,720,50.400000,10000.000000,0,1,104413610,1103,0,1103,-38,0,9,37
13,720,50.400000,10000.000000,0,1,104413621,1136,0,1136,-41,0,9,37
13,720,50.400000,10000.000000,0,1,104413631,1168,0,1168,-43,0,9,37
13,720,50.400000,10000.000000,0,1,104413642,1189,0,1189,-44,0,9,37
13,720,50.400000,10000.000000,0,1,104413652,1205,0,1205,-46,0,9,37
13,720,50.400000,10000.000000,0,1,104413663,1219,0,1219,-47,0,9,37
13,720,50.400000,10000.000000,0,1,104413674,1232,0,1232,-48,0,9,37
13,720,50.400000,10000.000000,0,1,104413685,1245,0,1245,-51,0,9,37
13,720,50.400000,10000.000000,0,1,104413696,1259,0,1259,-53,0,9,37
13,720,50.400000,10000.000000,0,1,104413706,1270,0,1270,-54,0,9,37
13,720,50.400000,10000.000000,0,1,104413717,1282,0,1282,-56,0,9,37
13,720,50.400000,10000.000000,0,1,104413729,1291,0,1291,-57,0,9,37
13,720,50.400000,10000.000000,0,1,104413742,1299,0,1299,-58,0,9,37
13,720,50.400000,10000.000000,0,1,104413753,1304,0,1304,-59,0,9,37
13,720,50.400000,10000.000000,0,1,104413764,1309,0,1309,-60,0,9,37
13,720,50.400000,10000.000000,0,1,104413774,1309,0,1309,-60,0,9,37
13,720,50.400000,10000.000000,0,1,104413785,1309,0,1309,-60,0,9,37
13,720,50.400000,10000.000000,0,1,104413795,1309,0,1309,-60,0,9,37
13,720,50.400000,10000.000000,0,1,104413806,1309,0,1309,-60,0,9,37
13,720,50.400000,10000.000000,0,1,104413817,1309,0,1309,-60,0,9,37
13,720,50.400000,10000.000000,0,1,104413827,1309,0,1309,-60,0,9,37
13,720,50.400000,10000.000000,0,1,104413838,1309,0,1309,-60,0,9,37
13,720,50.400000,10000.000000,0,1,104413849,1309,0,1309,-60,0,9,37
13,720,50.400000,10000.000000,0,1,104413861,1309,0,1309,-60,0,9,37
13,720,50.400000,10000.000000,0,1,104413871,1309,0,1309,-60,0,9,37
13,720,50.400000,10000.000000,0,1,104413882,1309,0,1309,-60,0,9,37
13,720,50.400000,10000.000000,0,1,104413892,1309,0,1309,-60,0,9,37
13,720,50.400000,10000.000000,0,1,104413902,1309,0,1309,-60,0,9,37
13,720,50.400000,10000.000000,0,1,104413913,1309,0,1309,-60,0,9,37
13,720,50.400000,10000.000000,0,1,104413923,1309,0,1309,-60,0,9,37
13,720,50.400000,10000.000000,0,1,104413934,1309,0,1309,-60,0,9,37
13,720,50.400000,10000.000000,0,1,104413944,1309,0,1309,-60,0,9,37
13,720,50.400000,10000.000000,0,1,104413954,1309,0,1309,-60,0,9,37
13,720,50.400000,10000.000000,0,1,104413965,1309,0,1309,-60,0,9,37
13,720,50.400000,10000.000000,0,1,104413976,1309,0,1309,-60,0,9,37
13,720,50.400000,10000.000000,0,1,104413986,1309,0,1309,-60,0,9,37
13,720,50.400000,10000.000000,0,1,104413996,1309,0,1309,-60,0,9,37
13,720,50.400000,10000.000000,0,1,104414007,1309,0,1309,-60,0,9,37
13,720,50.400000,10000.000000,0,1,104414018,1309,0,1309,-60,0,9,37
13,720,50.400000,10000.000000,0,1,104414028,1309,0,1309,-60,0,9,37
