13,720,21.600000,12.276000,1,0,104467321,600,0,600,0,0,9,76
13,720,21.600000,12.276000,1,0,104467322,600,0,600,0,0,9,76
13,720,21.600000,12.276000,1,0,104467333,606,0,606,-1,0,9,76
13,720,21.600000,12.276000,1,0,104467344,612,0,612,-3,0,9,76
13,720,21.600000,12.276000,1,0,104467355,619,0,619,-4,0,9,76
13,720,21.600000,12.276000,1,0,104467366,628,0,628,-6,0,9,76
13,720,21.600000,12.276000,1,0,104467377,638,0,638,-8,0,9,76
13,720,21.600000,12.276000,1,0,104467388,651,0,651,-10,0,9,76
13,720,21.600000,12.276000,1,0,104467399,666,0,666,-12,0,9,76
13,720,21.600000,12.276000,1,0,104467409,689,0,689,-15,0,9,76
13,720,21.600000,12.276000,1,0,104467421,713,0,713,-18,0,9,76
13,720,21.600000,12.276000,1,0,104467431,746,0,746,-22,0,9,76
13,720,21.600000,12.276000,1,0,104467441,784,0,784,-27,0,9,76
13,720,21.600000,12.276000,1,0,104467452,825,0,825,-32,0,9,76
13,720,21.600000,12.276000,1,0,104467462,872,0,872,-38,0,9,76
13,720,21.600000,12.276000,1,0,104467473,917,0,917,-42,0,9,76
13,720,21.600000,12.276000,1,0,104467484,963,0,963,-47,0,9,76
13,720,21.600000,12.276000,1,0,104467495,1019,0,1019,-53,0,9,76
13,720,21.600000,12.276000,1,0,104467507,1074,0,1074,-59,0,9,76
13,720,21.600000,12.276000,1,0,104467518,1121,0,1121,-65,0,9,76
13,720,21.600000,12.276000,1,0,104467530,1159,0,1159,-70,0,9,76
13,720,21.600000,12.276000,1,0,104467540,1200,0,1200,-76,0,9,76
13,720,21.600000,12.276000,1,0,104467552,1229,0,1229,-80,0,9,76
13,720,21.600000,12.276000,1,0,104467564,1254,0,1254,-85,0,9,76
13,720,21.600000,12.276000,1,0,104467575,1275,0,1275,-88,0,9,76
13,720,21.600000,12.276000,1,0,104467586,1285,0,1285,-90,0,9,76
13,720,21.600000,12.276000,1,0,104467597,1290,0,1290,-91,0,9,76
13,720,21.600000,12.276000,1,0,104467608,1292,0,1292,-91,0,9,76
13,720,21.600000,12.276000,1,0,104467619,1292,0,1292,-91,0,9,76
13,720,21.600000,12.276000,1,0,104467630,1292,0,1292,-91,0,9,76
13,720,21.600000,12.276000,1,0,104467640,1292,0,1292,-91,0,9,76
13,720,21.600000,12.276000,1,0,104467651,1292,0,1292,-91,0,9,76
13,720,21.600000,12.276000,1,0,104467662,1292,0,1292,-91,0,9,76
13,720,21.600000,12.276000,1,0,104467672,1292,0,1292,-91,0,9,76
13,720,21.600000,12.276000,1,0,104467682,1292,0,1292,-91,0,9,76
13,720,21.600000,12.276000,1,0,104467693,1292,0,1292,-91,0,9,76
13,720,21.600000,12.276000,1,0,104467703,1292,0,1292,-91,0,9,76
13,720,21.600000,12.276000,1,0,104467714,1292,0,1292,-91,0,9,76
13,720,21.600000,12.276000,1,0,104467725,1292,0,1292,-91,0,9,76
13,720,21.600000,12.276000,1,0,104467735,1292,0,1292,-91,0,9,76
13,720,21.600000,12.276000,1,0,104467746,1292,0,1292,-91,0,9,76
13,720,21.600000,12.276000,1,0,104467757,1292,0,1292,-91,0,9,76
13,720,21.600000,12.276000,1,0,104467768,1292,0,1292,-91,0,9,76
13,720,21.600000,12.276000,1,0,104467778,1292,0,1292,-91,0,9,76
13,720,21.600000,12.276000,1,0,104467788,1292,0,1292,-91,0,9,76
13,720,21.600000,12.276000,1,0,104467799,1292,0,1292,-91,0,9,76
13,720,21.600000,12.276000,1,0,104467810,1292,0,1292,-91,0,9,76
13,720,21.600000,12.276000,1,0,104467820,1292,0,1292,-91,0,9,76
13,720,21.600000,12.276000,1,0,104467832,1292,0,1292,-91,0,9,76
13,720,21.600000,12.276000,1,0,104467842,1292,0,1292,-91,0,9,76
13,720,21.600000,12.276000,1,0,104467853,1292,0,1292,-91,0,9,76
13,720,21.600000,12.276000,1,0,104467863,1292,0,1292,-91,0,9,76
13,720,21.600000,12.276000,1,0,104467874,1292,0,1292,-91,0,9,76
13,720,21.600000,12.276000,1,0,104467884,1292,0,1292,-91,0,9,76
13,720,21.600000,12.276000,1,0,104467895,1293,0,1293,-91,0,9,76
13,720,21.600000,12.276000,1,0,104467905,1294,0,1294,-91,0,9,76
13,720,21.600000,12.276000,1,0,104467916,1296,0,1296,-91,0,9,76
13,720,21.600000,12.276000,1,0,104467926,1297,0,1297,-91,0,9,76
13,720,21.600000,12.276000,1,0,104467937,1297,0,1297,-91,0,9,76
13,720,21.600000,12.276000,1,0,104467947,1297,0,1297,-91,0,9,76
13,720,21.600000,12.276000,1,0,104467958,1297,0,1297,-91,0,9,76
13,720,21.600000,12.276000,1,0,104467968,1297,0,1297,-91,0,9,76
13,720,21.600000,12.276000,1,0,104467978,1297,0,1297,-91,0,9,76
13,720,21.600000,12.276000,1,0,104467989,1297,0,1297,-91,0,9,76
13,720,21.600000,12.276000,1,0,104467999,1297,0,1297,-92,0,9,76
13,720,21.600000,12.276000,1,0,104468009,1298,0,1298,-92,0,9,76
13,720,21.600000,12.276000,1,0,104468020,1299,0,1299,-92,0,9,76
13,720,21.600000,12.276000,1,0,104468040,1300,0,1300,-92,0,9,76
13,720,21.600000,12.276000,1,0,104468050,1303,0,1303,-93,0,9,76
13,720,21.600000,12.276000,1,0,104468060,1305,0,1305,-93,0,9,76
13,720,21.600000,12.276000,1,0,104468071,1308,0,1308,-93,0,9,76
13,720,21.600000,12.276000,1,0,104468081,1310,0,1310,-94,0,9,76
13,720,21.600000,12.276000,1,0,104468092,1311,0,1311,-94,0,9,76
13,720,21.600000,12.276000,1,0,104468103,1312,0,1312,-94,0,9,76
13,720,21.600000,12.276000,1,0,104468113,1312,0,1312,-94,0,9,76
13,720,21.600000,12.276000,1,0,104468123,1312,0,1312,-94,0,9,76
13,720,21.600000,12.276000,1,0,104468133,1312,0,1312,-94,0,9,76
13,720,21.600000,12.276000,1,0,104468143,1312,0,1312,-94,0,9,76
13,720,21.600000,12.276000,1,0,104468154,1313,0,1313,-94,0,9,76
13,720,21.600000,12.276000,1,0,104468164,1315,0,1315,-94,0,9,76
13,720,21.600000,12.276000,1,0,104468175,1318,0,1318,-94,0,9,76
13,720,21.600000,12.276000,1,0,104468186,1321,0,1321,-94,0,9,76
13,720,21.600000,12.276000,1,0,104468196,1324,0,1324,-95,0,9,76
13,720,21.600000,12.276000,1,0,104468206,1324,0,1324,-95,0,9,76
13,720,21.600000,12.276000,1,0,104468216,1324,0,1324,-95,0,9,76
13,720,21.600000,12.276000,1,0,104468226,1324,0,1324,-95,0,9,76
13,720,21.600000,12.276000,1,0,104468237,1324,0,1324,-95,0,9,76
13,720,21.600000,12.276000,1,0,104468248,1324,0,1324,-95,0,9,76
13,720,21.600000,12.276000,1,0,104468258,1324,0,1324,-95,0,9,76
13,720,21.600000,12.276000,1,0,104468269,1324,0,1324,-95,0,9,76
13,720,21.600000,12.276000,1,0,104468279,1324,0,1324,-95,0,9,76
13,720,21.600000,12.276000,1,0,104468290,1324,0,1324,-95,0,9,76
13,720,21.600000,12.276000,1,0,104468300,1324,0,1324,-95,0,9,76
