13,360,50.400000,10000.000000,1,1,104489489,780,22,780,22,0,9,91
13,360,50.400000,10000.000000,1,1,104489490,780,22,780,22,0,9,91
13,360,50.400000,10000.000000,1,1,104489501,780,22,780,22,0,9,91
13,360,50.400000,10000.000000,1,1,104489512,780,22,780,22,0,9,91
13,360,50.400000,10000.000000,1,1,104489523,780,22,780,22,0,9,91
13,360,50.400000,10000.000000,1,1,104489533,780,22,780,22,0,9,91
13,360,50.400000,10000.000000,1,1,104489544,780,22,780,22,0,9,91
13,360,50.400000,10000.000000,1,1,104489554,781,22,781,22,0,9,91
13,360,50.400000,10000.000000,1,1,104489566,785,22,785,22,0,9,91
13,360,50.400000,10000.000000,1,1,104489577,794,22,794,22,0,9,91
13,360,50.400000,10000.000000,1,1,104489591,808,20,808,20,0,9,91
13,360,50.400000,10000.000000,1,1,104489603,833,17,833,17,0,9,91
13,360,50.400000,10000.000000,1,1,104489614,858,14,858,14,0,9,91
13,360,50.400000,10000.000000,1,1,104489625,881,11,881,11,0,9,91
13,360,50.400000,10000.000000,1,1,104489637,904,8,904,8,0,9,91
13,360,50.400000,10000.000000,1,1,104489647,930,5,930,5,0,9,91
13,360,50.400000,10000.000000,1,1,104489658,957,2,957,2,0,9,91
13,360,50.400000,10000.000000,1,1,104489669,980,0,980,-1,0,9,91
13,360,50.400000,10000.000000,1,1,104489680,1002,0,1002,-4,0,9,91
13,360,50.400000,10000.000000,1,1,104489691,1022,0,1022,-7,0,9,91
13,360,50.400000,10000.000000,1,1,104489702,1037,0,1037,-9,0,9,91
13,360,50.400000,10000.000000,1,1,104489713,1047,0,1047,-11,0,9,91
13,360,50.400000,10000.000000,1,1,104489724,1053,0,1053,-12,0,9,91
13,360,50.400000,10000.000000,1,1,104489735,1057,0,1057,-13,0,9,91
13,360,50.400000,10000.000000,1,1,104489745,1059,0,1059,-14,0,9,91
13,360,50.400000,10000.000000,1,1,104489757,1061,0,1061,-15,0,9,91
13,360,50.400000,10000.000000,1,1,104489767,1062,0,1062,-15,0,9,91
13,360,50.400000,10000.000000,1,1,104489779,1065,0,1065,-15,0,9,91
13,360,50.400000,10000.000000,1,1,104489790,1069,0,1069,-16,0,9,91
13,360,50.400000,10000.000000,1,1,104489801,1075,0,1075,-17,0,9,91
13,360,50.400000,10000.000000,1,1,104489812,1082,0,1082,-19,0,9,91
13,360,50.400000,10000.000000,1,1,104489823,1090,0,1090,-21,0,9,91
13,360,50.400000,10000.000000,1,1,104489834,1096,0,1096,-22,0,9,91
13,360,50.400000,10000.000000,1,1,104489845,1100,0,1100,-22,0,9,91
13,360,50.400000,10000.000000,1,1,104489856,1104,0,1104,-23,0,9,91
13,360,50.400000,10000.000000,1,1,104489867,1108,0,1108,-24,0,9,91
13,360,50.400000,10000.000000,1,1,104489878,1113,0,1113,-25,0,9,91
13,360,50.400000,10000.000000,1,1,104489889,1118,0,1118,-26,0,9,91
13,360,50.400000,10000.000000,1,1,104489900,1123,0,1123,-27,0,9,91
13,360,50.400000,10000.000000,1,1,104489910,1129,0,1129,-29,0,9,91
13,360,50.400000,10000.000000,1,1,104489930,1134,0,1134,-30,0,9,91
13,360,50.400000,10000.000000,1,1,104489941,1141,0,1141,-32,0,9,91
13,360,50.400000,10000.000000,1,1,104489951,1148,0,1148,-34,0,9,91
13,360,50.400000,10000.000000,1,1,104489962,1148,0,1148,-34,0,9,91
13,360,50.400000,10000.000000,1,1,104489972,1148,0,1148,-34,0,9,91
13,360,50.400000,10000.000000,1,1,104489983,1148,0,1148,-34,0,9,91
13,360,50.400000,10000.000000,1,1,104489993,1148,0,1148,-34,0,9,91
13,360,50.400000,10000.000000,1,1,104490004,1148,0,1148,-34,0,9,91
13,360,50.400000,10000.000000,1,1,104490015,1148,0,1148,-34,0,9,91
13,360,50.400000,10000.000000,1,1,104490025,1148,0,1148,-34,0,9,91
13,360,50.400000,10000.000000,1,1,104490036,1148,0,1148,-34,0,9,91
13,360,50.400000,10000.000000,1,1,104490047,1148,0,1148,-34,0,9,91
13,360,50.400000,10000.000000,1,1,104490057,1148,0,1148,-34,0,9,91
