13,360,21.600000,42.984000,0,0,104483340,780,0,780,0,0,9,86
13,360,21.600000,42.984000,0,0,104483341,780,0,780,0,0,9,86
13,360,21.600000,42.984000,0,0,104483351,781,0,781,0,0,9,86
13,360,21.600000,42.984000,0,0,104483362,782,0,782,0,0,9,86
13,360,21.600000,42.984000,0,0,104483373,782,0,782,0,0,9,86
13,360,21.600000,42.984000,0,0,104483384,782,0,782,0,0,9,86
13,360,21.600000,42.984000,0,0,104483395,782,0,782,0,0,9,86
13,360,21.600000,42.984000,0,0,104483406,782,0,782,0,0,9,86
13,360,21.600000,42.984000,0,0,104483417,783,0,783,0,0,9,86
13,360,21.600000,42.984000,0,0,104483429,786,0,786,0,0,9,86
13,360,21.600000,42.984000,0,0,104483439,795,0,795,-1,0,9,86
13,360,21.600000,42.984000,0,0,104483452,808,0,808,-1,0,9,86
13,360,21.600000,42.984000,0,0,104483462,824,0,824,-3,0,9,86
13,360,21.600000,42.984000,0,0,104483473,847,0,847,-4,0,9,86
13,360,21.600000,42.984000,0,0,104483485,874,0,874,-6,0,9,86
13,360,21.600000,42.984000,0,0,104483497,900,0,900,-7,0,9,86
13,360,21.600000,42.984000,0,0,104483508,933,0,933,-8,0,9,86
13,360,21.600000,42.984000,0,0,104483521,963,0,963,-9,0,9,86
13,360,21.600000,42.984000,0,0,104483532,1001,0,1001,-10,0,9,86
13,360,21.600000,42.984000,0,0,104483545,1028,0,1028,-12,0,9,86
13,360,21.600000,42.984000,0,0,104483557,1059,0,1059,-14,0,9,86
13,360,21.600000,42.984000,0,0,104483570,1079,0,1079,-16,0,9,86
13,360,21.600000,42.984000,0,0,104483582,1099,0,1099,-18,0,9,86
13,360,21.600000,42.984000,0,0,104483593,1113,0,1113,-20,0,9,86
13,360,21.600000,42.984000,0,0,104483603,1122,0,1122,-21,0,9,86
13,360,21.600000,42.984000,0,0,104483616,1127,0,1127,-22,0,9,86
13,360,21.600000,42.984000,0,0,104483626,1130,0,1130,-22,0,9,86
13,360,21.600000,42.984000,0,0,104483637,1131,0,1131,-22,0,9,86
13,360,21.600000,42.984000,0,0,104483648,1131,0,1131,-22,0,9,86
13,360,21.600000,42.984000,0,0,104483658,1131,0,1131,-22,0,9,86
13,360,21.600000,42.984000,0,0,104483669,1131,0,1131,-22,0,9,86
13,360,21.600000,42.984000,0,0,104483679,1131,0,1131,-22,0,9,86
13,360,21.600000,42.984000,0,0,104483690,1131,0,1131,-22,0,9,86
13,360,21.600000,42.984000,0,0,104483700,1131,0,1131,-22,0,9,86
13,360,21.600000,42.984000,0,0,104483711,1131,0,1131,-22,0,9,86
13,360,21.600000,42.984000,0,0,104483722,1131,0,1131,-22,0,9,86
13,360,21.600000,42.984000,0,0,104483733,1131,0,1131,-22,0,9,86
13,360,21.600000,42.984000,0,0,104483743,1131,0,1131,-22,0,9,86
13,360,21.600000,42.984000,0,0,104483754,1131,0,1131,-22,0,9,86
13,360,21.600000,42.984000,0,0,104483765,1131,0,1131,-22,0,9,86
13,360,21.600000,42.984000,0,0,104483775,1131,0,1131,-22,0,9,86
13,360,21.600000,42.984000,0,0,104483785,1131,0,1131,-22,0,9,86
13,360,21.600000,42.984000,0,0,104483796,1131,0,1131,-22,0,9,86
13,360,21.600000,42.984000,0,0,104483806,1131,0,1131,-22,0,9,86
13,360,21.600000,42.984000,0,0,104483817,1131,0,1131,-22,0,9,86
13,360,21.600000,42.984000,0,0,104483827,1131,0,1131,-22,0,9,86
13,360,21.600000,42.984000,0,0,104483838,1131,0,1131,-22,0,9,86
13,360,21.600000,42.984000,0,0,104483848,1131,0,1131,-22,0,9,86
13,360,21.600000,42.984000,0,0,104483858,1131,0,1131,-22,0,9,86
13,360,21.600000,42.984000,0,0,104483869,1131,0,1131,-22,0,9,86
13,360,21.600000,42.984000,0,0,104483879,1131,0,1131,-22,0,9,86
13,360,21.600000,42.984000,0,0,104483890,1131,0,1131,-22,0,9,86
13,360,21.600000,42.984000,0,0,104483900,1131,0,1131,-22,0,9,86
13,360,21.600000,42.984000,0,0,104483911,1131,0,1131,-22,0,9,86
13,360,21.600000,42.984000,0,0,104483922,1131,0,1131,-22,0,9,86
13,360,21.600000,42.984000,0,0,104483932,1131,0,1131,-22,0,9,86
13,360,21.600000,42.984000,0,0,104483943,1131,0,1131,-22,0,9,86
13,360,21.600000,42.984000,0,0,104483953,1131,0,1131,-22,0,9,86
13,360,21.600000,42.984000,0,0,104483963,1131,0,1131,-22,0,9,86
13,360,21.600000,42.984000,0,0,104483975,1131,0,1131,-22,0,9,86
13,360,21.600000,42.984000,0,0,104483984,1131,0,1131,-22,0,9,86
13,360,21.600000,42.984000,0,0,104483995,1131,0,1131,-22,0,9,86
13,360,21.600000,42.984000,0,0,104484005,1131,0,1131,-22,0,9,86
