13,360,50.400000,22.608000,0,0,104421775,780,0,780,0,0,9,44
13,360,50.400000,22.608000,0,0,104421776,780,0,780,0,0,9,44
13,360,50.400000,22.608000,0,0,104421787,780,0,780,0,0,9,44
13,360,50.400000,22.608000,0,0,104421797,780,0,780,0,0,9,44
13,360,50.400000,22.608000,0,0,104421808,780,0,780,0,0,9,44
13,360,50.400000,22.608000,0,0,104421818,780,0,780,0,0,9,44
13,360,50.400000,22.608000,0,0,104421829,780,0,780,0,0,9,44
13,360,50.400000,22.608000,0,0,104421841,780,0,780,0,0,9,44
13,360,50.400000,22.608000,0,0,104421851,783,0,783,0,0,9,44
13,360,50.400000,22.608000,0,0,104421865,788,0,788,0,0,9,44
13,360,50.400000,22.608000,0,0,104421876,798,0,798,0,0,9,44
13,360,50.400000,22.608000,0,0,104421887,814,0,814,-2,0,9,44
13,360,50.400000,22.608000,0,0,104421898,838,0,838,-4,0,9,44
13,360,50.400000,22.608000,0,0,104421920,868,0,868,-7,0,9,44
13,360,50.400000,22.608000,0,0,104421932,954,0,954,-15,0,9,44
13,360,50.400000,22.608000,0,0,104421943,1004,0,1004,-19,0,9,44
13,360,50.400000,22.608000,0,0,104421954,1041,0,1041,-24,0,9,44
13,360,50.400000,22.608000,0,0,104421964,1073,0,1073,-27,0,9,44
13,360,50.400000,22.608000,0,0,104421975,1094,0,1094,-29,0,9,44
13,360,50.400000,22.608000,0,0,104421986,1108,0,1108,-30,0,9,44
13,360,50.400000,22.608000,0,0,104421997,1115,0,1115,-31,0,9,44
13,360,50.400000,22.608000,0,0,104422008,1117,0,1117,-31,0,9,44
13,360,50.400000,22.608000,0,0,104422021,1118,0,1118,-32,0,9,44
13,360,50.400000,22.608000,0,0,104422032,1118,0,1118,-32,0,9,44
13,360,50.400000,22.608000,0,0,104422043,1118,0,1118,-32,0,9,44
13,360,50.400000,22.608000,0,0,104422053,1118,0,1118,-32,0,9,44
13,360,50.400000,22.608000,0,0,104422065,1118,0,1118,-32,0,9,44
13,360,50.400000,22.608000,0,0,104422076,1118,0,1118,-32,0,9,44
13,360,50.400000,22.608000,0,0,104422087,1118,0,1118,-32,0,9,44
13,360,50.400000,22.608000,0,0,104422097,1118,0,1118,-32,0,9,44
13,360,50.400000,22.608000,0,0,104422108,1118,0,1118,-32,0,9,44
13,360,50.400000,22.608000,0,0,104422118,1119,0,1119,-32,0,9,44
13,360,50.400000,22.608000,0,0,104422129,1121,0,1121,-32,0,9,44
13,360,50.400000,22.608000,0,0,104422140,1126,0,1126,-32,0,9,44
13,360,50.400000,22.608000,0,0,104422153,1132,0,1132,-33,0,9,44
13,360,50.400000,22.608000,0,0,104422171,1136,0,1136,-34,0,9,44
13,360,50.400000,22.608000,0,0,104422182,1137,0,1137,-34,0,9,44
13,360,50.400000,22.608000,0,0,104422193,1138,0,1138,-34,0,9,44
13,360,50.400000,22.608000,0,0,104422205,1138,0,1138,-34,0,9,44
13,360,50.400000,22.608000,0,0,104422216,1138,0,1138,-34,0,9,44
13,360,50.400000,22.608000,0,0,104422227,1138,0,1138,-34,0,9,44
13,360,50.400000,22.608000,0,0,104422237,1138,0,1138,-34,0,9,44
13,360,50.400000,22.608000,0,0,104422247,1138,0,1138,-34,0,9,44
13,360,50.400000,22.608000,0,0,104422257,1138,0,1138,-34,0,9,44
13,360,50.400000,22.608000,0,0,104422267,1138,0,1138,-34,0,9,44
