13,360,50.400000,42.984000,1,1,104429532,780,22,780,22,0,9,50
13,360,50.400000,42.984000,1,1,104429533,780,22,780,22,0,9,50
13,360,50.400000,42.984000,1,1,104429543,780,22,780,22,0,9,50
13,360,50.400000,42.984000,1,1,104429554,780,22,780,22,0,9,50
13,360,50.400000,42.984000,1,1,104429564,780,22,780,22,0,9,50
13,360,50.400000,42.984000,1,1,104429575,781,22,781,22,0,9,50
13,360,50.400000,42.984000,1,1,104429585,784,22,784,22,0,9,50
13,360,50.400000,42.984000,1,1,104429596,790,22,790,22,0,9,50
13,360,50.400000,42.984000,1,1,104429609,800,22,800,22,0,9,50
13,360,50.400000,42.984000,1,1,104429619,815,21,815,21,0,9,50
13,360,50.400000,42.984000,1,1,104429630,839,18,839,18,0,9,50
13,360,50.400000,42.984000,1,1,104429641,863,15,863,15,0,9,50
13,360,50.400000,42.984000,1,1,104429652,900,10,900,10,0,9,50
13,360,50.400000,42.984000,1,1,104429663,939,5,939,5,0,9,50
13,360,50.400000,42.984000,1,1,104429675,979,1,979,1,0,9,50
13,360,50.400000,42.984000,1,1,104429686,1029,0,1029,-5,0,9,50
13,360,50.400000,42.984000,1,1,104429696,1062,0,1062,-9,0,9,50
13,360,50.400000,42.984000,1,1,104429707,1090,0,1090,-12,0,9,50
13,360,50.400000,42.984000,1,1,104429717,1110,0,1110,-15,0,9,50
13,360,50.400000,42.984000,1,1,104429728,1121,0,1121,-17,0,9,50
13,360,50.400000,42.984000,1,1,104429739,1126,0,1126,-17,0,9,50
13,360,50.400000,42.984000,1,1,104429750,1127,0,1127,-18,0,9,50
13,360,50.400000,42.984000,1,1,104429760,1127,0,1127,-18,0,9,50
13,360,50.400000,42.984000,1,1,104429770,1127,0,1127,-18,0,9,50
13,360,50.400000,42.984000,1,1,104429780,1127,0,1127,-18,0,9,50
13,360,50.400000,42.984000,1,1,104429791,1127,0,1127,-18,0,9,50
13,360,50.400000,42.984000,1,1,104429801,1127,0,1127,-18,0,9,50
13,360,50.400000,42.984000,1,1,104429812,1127,0,1127,-18,0,9,50
13,360,50.400000,42.984000,1,1,104429823,1127,0,1127,-18,0,9,50
13,360,50.400000,42.984000,1,1,104429835,1127,0,1127,-18,0,9,50
13,360,50.400000,42.984000,1,1,104429845,1127,0,1127,-18,0,9,50
13,360,50.400000,42.984000,1,1,104429856,1127,0,1127,-18,0,9,50
13,360,50.400000,42.984000,1,1,104429868,1127,0,1127,-18,0,9,50
13,360,50.400000,42.984000,1,1,104429878,1127,0,1127,-18,0,9,50
13,360,50.400000,42.984000,1,1,104429889,1127,0,1127,-18,0,9,50
13,360,50.400000,42.984000,1,1,104429900,1127,0,1127,-18,0,9,50
13,360,50.400000,42.984000,1,1,104429911,1127,0,1127,-18,0,9,50
13,360,50.400000,42.984000,1,1,104429922,1127,0,1127,-18,0,9,50
13,360,50.400000,42.984000,1,1,104429932,1127,0,1127,-18,0,9,50
13,360,50.400000,42.984000,1,1,104429942,1127,0,1127,-18,0,9,50
13,360,50.400000,42.984000,1,1,104429952,1127,0,1127,-18,0,9,50
13,360,50.400000,42.984000,1,1,104429963,1127,0,1127,-18,0,9,50
13,360,50.400000,42.984000,1,1,104429973,1127,0,1127,-18,0,9,50
