13,720,21.600000,42.984000,0,1,104470429,600,22,600,22,0,9,78
13,720,21.600000,42.984000,0,1,104470430,600,22,600,22,0,9,78
13,720,21.600000,42.984000,0,1,104470441,600,22,600,22,0,9,78
13,720,21.600000,42.984000,0,1,104470452,600,22,600,22,0,9,78
13,720,21.600000,42.984000,0,1,104470463,601,22,601,22,0,9,78
13,720,21.600000,42.984000,0,1,104470474,601,22,601,22,0,9,78
13,720,21.600000,42.984000,0,1,104470485,602,22,602,22,0,9,78
13,720,21.600000,42.984000,0,1,104470497,604,22,604,22,0,9,78
13,720,21.600000,42.984000,0,1,104470509,608,21,608,21,0,9,78
13,720,21.600000,42.984000,0,1,104470520,618,20,618,20,0,9,78
13,720,21.600000,42.984000,0,1,104470531,631,20,631,20,0,9,78
13,720,21.600000,42.984000,0,1,104470543,651,18,651,18,0,9,78
13,720,21.600000,42.984000,0,1,104470554,675,15,675,15,0,9,78
13,720,21.600000,42.984000,0,1,104470564,706,12,706,12,0,9,78
13,720,21.600000,42.984000,0,1,104470576,744,8,744,8,0,9,78
13,720,21.600000,42.984000,0,1,104470587,781,5,781,5,0,9,78
13,720,21.600000,42.984000,0,1,104470597,820,2,820,2,0,9,78
13,720,21.600000,42.984000,0,1,104470609,863,0,863,-2,0,9,78
13,720,21.600000,42.984000,0,1,104470620,904,0,904,-6,0,9,78
13,720,21.600000,42.984000,0,1,104470630,951,0,951,-11,0,9,78
13,720,21.600000,42.984000,0,1,104470641,995,0,995,-15,0,9,78
13,720,21.600000,42.984000,0,1,104470652,1035,0,1035,-20,0,9,78
13,720,21.600000,42.984000,0,1,104470663,1074,0,1074,-26,0,9,78
13,720,21.600000,42.984000,0,1,104470673,1113,0,1113,-31,0,9,78
13,720,21.600000,42.984000,0,1,104470685,1148,0,1148,-35,0,9,78
13,720,21.600000,42.984000,0,1,104470696,1178,0,1178,-39,0,9,78
13,720,21.600000,42.984000,0,1,104470707,1200,0,1200,-42,0,9,78
13,720,21.600000,42.984000,0,1,104470718,1218,0,1218,-45,0,9,78
13,720,21.600000,42.984000,0,1,104470728,1229,0,1229,-46,0,9,78
13,720,21.600000,42.984000,0,1,104470739,1236,0,1236,-47,0,9,78
13,720,21.600000,42.984000,0,1,104470749,1239,0,1239,-48,0,9,78
13,720,21.600000,42.984000,0,1,104470760,1241,0,1241,-48,0,9,78
13,720,21.600000,42.984000,0,1,104470770,1243,0,1243,-48,0,9,78
13,720,21.600000,42.984000,0,1,104470781,1243,0,1243,-48,0,9,78
13,720,21.600000,42.984000,0,1,104470799,1243,0,1243,-48,0,9,78
13,720,21.600000,42.984000,0,1,104470810,1243,0,1243,-48,0,9,78
13,720,21.600000,42.984000,0,1,104470821,1243,0,1243,-48,0,9,78
13,720,21.600000,42.984000,0,1,104470832,1243,0,1243,-48,0,9,78
13,720,21.600000,42.984000,0,1,104470842,1243,0,1243,-48,0,9,78
13,720,21.600000,42.984000,0,1,104470853,1243,0,1243,-48,0,9,78
13,720,21.600000,42.984000,0,1,104470863,1243,0,1243,-48,0,9,78
13,720,21.600000,42.984000,0,1,104470874,1243,0,1243,-48,0,9,78
13,720,21.600000,42.984000,0,1,104470884,1243,0,1243,-48,0,9,78
13,720,21.600000,42.984000,0,1,104470895,1243,0,1243,-48,0,9,78
13,720,21.600000,42.984000,0,1,104470906,1243,0,1243,-48,0,9,78
13,720,21.600000,42.984000,0,1,104470916,1243,0,1243,-48,0,9,78
13,720,21.600000,42.984000,0,1,104470926,1243,0,1243,-48,0,9,78
13,720,21.600000,42.984000,0,1,104470938,1244,0,1244,-48,0,9,78
13,720,21.600000,42.984000,0,1,104470959,1245,0,1245,-48,0,9,78
13,720,21.600000,42.984000,0,1,104470970,1262,0,1262,-50,0,9,78
13,720,21.600000,42.984000,0,1,104470981,1277,0,1277,-52,0,9,78
13,720,21.600000,42.984000,0,1,104470992,1293,0,1293,-53,0,9,78
13,720,21.600000,42.984000,0,1,104471003,1309,0,1309,-55,0,9,78
13,720,21.600000,42.984000,0,1,104471015,1325,0,1325,-57,0,9,78
13,720,21.600000,42.984000,0,1,104471026,1336,0,1336,-59,0,9,78
13,720,21.600000,42.984000,0,1,104471037,1342,0,1342,-60,0,9,78
13,720,21.600000,42.984000,0,1,104471047,1342,0,1342,-60,0,9,78
13,720,21.600000,42.984000,0,1,104471058,1342,0,1342,-60,0,9,78
13,720,21.600000,42.984000,0,1,104471069,1342,0,1342,-60,0,9,78
13,720,21.600000,42.984000,0,1,104471079,1342,0,1342,-60,0,9,78
13,720,21.600000,42.984000,0,1,104471089,1342,0,1342,-60,0,9,78
13,720,21.600000,42.984000,0,1,104471099,1342,0,1342,-60,0,9,78
13,720,21.600000,42.984000,0,1,104471109,1342,0,1342,-60,0,9,78
13,720,21.600000,42.984000,0,1,104471119,1342,0,1342,-61,0,9,78
13,720,21.600000,42.984000,0,1,104471130,1342,0,1342,-62,0,9,78
13,720,21.600000,42.984000,0,1,104471141,1342,0,1342,-62,0,9,78
13,720,21.600000,42.984000,0,1,104471152,1342,0,1342,-62,0,9,78
13,720,21.600000,42.984000,0,1,104471162,1342,0,1342,-62,0,9,78
13,720,21.600000,42.984000,0,1,104471173,1342,0,1342,-62,0,9,78
13,720,21.600000,42.984000,0,1,104471183,1342,0,1342,-62,0,9,78
13,720,21.600000,42.984000,0,1,104471194,1342,0,1342,-62,0,9,78
13,720,21.600000,42.984000,0,1,104471204,1342,0,1342,-62,0,9,78
13,720,21.600000,42.984000,0,1,104471215,1342,0,1342,-62,0,9,78
13,720,21.600000,42.984000,0,1,104471225,1341,0,1341,-62,0,9,78
13,720,21.600000,42.984000,0,1,104471236,1340,0,1340,-62,0,9,78
13,720,21.600000,42.984000,0,1,104471247,1336,0,1336,-63,0,9,78
13,720,21.600000,42.984000,0,1,104471257,1332,0,1332,-63,0,9,78
13,720,21.600000,42.984000,0,1,104471267,1328,0,1328,-63,0,9,78
13,720,21.600000,42.984000,0,1,104471277,1325,0,1325,-63,0,9,78
13,720,21.600000,42.984000,0,1,104471288,1323,0,1323,-63,0,9,78
13,720,21.600000,42.984000,0,1,104471298,1321,0,1321,-63,0,9,78
13,720,21.600000,42.984000,0,1,104471307,1320,0,1320,-63,0,9,78
13,720,21.600000,42.984000,0,1,104471317,1319,0,1319,-63,0,9,78
13,720,21.600000,42.984000,0,1,104471327,1318,0,1318,-63,0,9,78
13,720,21.600000,42.984000,0,1,104471338,1318,0,1318,-63,0,9,78
13,720,21.600000,42.984000,0,1,104471349,1318,0,1318,-63,0,9,78
13,720,21.600000,42.984000,0,1,104471359,1318,0,1318,-63,0,9,78
13,720,21.600000,42.984000,0,1,104471368,1318,0,1318,-63,0,9,78
13,720,21.600000,42.984000,0,1,104471379,1318,0,1318,-63,0,9,78
13,720,21.600000,42.984000,0,1,104471388,1318,0,1318,-63,0,9,78
13,720,21.600000,42.984000,0,1,104471399,1318,0,1318,-63,0,9,78
13,720,21.600000,42.984000,0,1,104471410,1318,0,1318,-63,0,9,78
13,720,21.600000,42.984000,0,1,104471420,1318,0,1318,-63,0,9,78
13,720,21.600000,42.984000,0,1,104471431,1318,0,1318,-63,0,9,78
13,720,21.600000,42.984000,0,1,104471440,1318,0,1318,-63,0,9,78
