13,360,82.800000,0.000000,1,0,104399273,780,0,780,0,0,9,26
13,360,82.800000,0.000000,1,0,104399274,780,0,780,0,0,9,26
13,360,82.800000,0.000000,1,0,104399284,780,0,780,0,0,9,26
13,360,82.800000,0.000000,1,0,104399295,780,0,780,0,0,9,26
13,360,82.800000,0.000000,1,0,104399306,780,0,780,0,0,9,26
13,360,82.800000,0.000000,1,0,104399317,780,0,780,0,0,9,26
13,360,82.800000,0.000000,1,0,104399327,780,0,780,0,0,9,26
13,360,82.800000,0.000000,1,0,104399337,781,0,781,0,0,9,26
13,360,82.800000,0.000000,1,0,104399349,782,0,782,0,0,9,26
13,360,82.800000,0.000000,1,0,104399360,788,0,788,-1,0,9,26
13,360,82.800000,0.000000,1,0,104399371,797,0,797,-3,0,9,26
13,360,82.800000,0.000000,1,0,104399382,809,0,809,-4,0,9,26
13,360,82.800000,0.000000,1,0,104399401,826,0,826,-7,0,9,26
13,360,82.800000,0.000000,1,0,104399412,877,0,877,-15,0,9,26
13,360,82.800000,0.000000,1,0,104399424,914,0,914,-21,0,9,26
13,360,82.800000,0.000000,1,0,104399435,957,0,957,-26,0,9,26
13,360,82.800000,0.000000,1,0,104399446,997,0,997,-30,0,9,26
13,360,82.800000,0.000000,1,0,104399465,1024,0,1024,-33,0,9,26
13,360,82.800000,0.000000,1,0,104399478,1066,0,1066,-38,0,9,26
13,360,82.800000,0.000000,1,0,104399495,1077,0,1077,-40,0,9,26
13,360,82.800000,0.000000,1,0,104399506,1083,0,1083,-42,0,9,26
13,360,82.800000,0.000000,1,0,104399517,1089,0,1089,-44,0,9,26
13,360,82.800000,0.000000,1,0,104399529,1089,0,1089,-44,0,9,26
13,360,82.800000,0.000000,1,0,104399540,1089,0,1089,-44,0,9,26
13,360,82.800000,0.000000,1,0,104399561,1090,0,1090,-44,0,9,26
13,360,82.800000,0.000000,1,0,104399571,1090,0,1090,-44,0,9,26
13,360,82.800000,0.000000,1,0,104399582,1091,0,1091,-44,0,9,26
13,360,82.800000,0.000000,1,0,104399593,1093,0,1093,-45,0,9,26
13,360,82.800000,0.000000,1,0,104399604,1095,0,1095,-45,0,9,26
13,360,82.800000,0.000000,1,0,104399615,1097,0,1097,-45,0,9,26
13,360,82.800000,0.000000,1,0,104399626,1099,0,1099,-46,0,9,26
13,360,82.800000,0.000000,1,0,104399637,1100,0,1100,-46,0,9,26
13,360,82.800000,0.000000,1,0,104399647,1100,0,1100,-46,0,9,26
13,360,82.800000,0.000000,1,0,104399657,1101,0,1101,-46,0,9,26
13,360,82.800000,0.000000,1,0,104399668,1102,0,1102,-46,0,9,26
13,360,82.800000,0.000000,1,0,104399679,1104,0,1104,-46,0,9,26
13,360,82.800000,0.000000,1,0,104399689,1105,0,1105,-47,0,9,26
13,360,82.800000,0.000000,1,0,104399700,1107,0,1107,-48,0,9,26
13,360,82.800000,0.000000,1,0,104399711,1110,0,1110,-48,0,9,26
13,360,82.800000,0.000000,1,0,104399722,1113,0,1113,-49,0,9,26
13,360,82.800000,0.000000,1,0,104399734,1115,0,1115,-49,0,9,26
13,360,82.800000,0.000000,1,0,104399745,1118,0,1118,-50,0,9,26
13,360,82.800000,0.000000,1,0,104399755,1119,0,1119,-50,0,9,26
13,360,82.800000,0.000000,1,0,104399765,1120,0,1120,-51,0,9,26
13,360,82.800000,0.000000,1,0,104399776,1121,0,1121,-52,0,9,26
13,360,82.800000,0.000000,1,0,104399786,1123,0,1123,-52,0,9,26
13,360,82.800000,0.000000,1,0,104399797,1124,0,1124,-52,0,9,26
13,360,82.800000,0.000000,1,0,104399807,1126,0,1126,-52,0,9,26
13,360,82.800000,0.000000,1,0,104399828,1127,0,1127,-53,0,9,26
13,360,82.800000,0.000000,1,0,104399838,1127,0,1127,-53,0,9,26
