13,360,82.800000,22.608000,1,1,104414559,780,22,780,22,0,9,38
13,360,82.800000,22.608000,1,1,104414560,780,22,780,22,0,9,38
13,360,82.800000,22.608000,1,1,104414570,780,22,780,22,0,9,38
13,360,82.800000,22.608000,1,1,104414581,780,22,780,22,0,9,38
13,360,82.800000,22.608000,1,1,104414592,780,22,780,22,0,9,38
13,360,82.800000,22.608000,1,1,104414603,780,22,780,22,0,9,38
13,360,82.800000,22.608000,1,1,104414614,780,22,780,22,0,9,38
13,360,82.800000,22.608000,1,1,104414625,780,22,780,22,0,9,38
13,360,82.800000,22.608000,1,1,104414636,780,22,780,22,0,9,38
13,360,82.800000,22.608000,1,1,104414649,781,22,781,22,0,9,38
13,360,82.800000,22.608000,1,1,104414660,787,22,787,22,0,9,38
13,360,82.800000,22.608000,1,1,104414672,797,20,797,20,0,9,38
13,360,82.800000,22.608000,1,1,104414683,814,17,814,17,0,9,38
13,360,82.800000,22.608000,1,1,104414695,835,13,835,13,0,9,38
13,360,82.800000,22.608000,1,1,104414706,867,8,867,8,0,9,38
13,360,82.800000,22.608000,1,1,104414717,896,4,896,4,0,9,38
13,360,82.800000,22.608000,1,1,104414728,935,0,935,0,0,9,38
13,360,82.800000,22.608000,1,1,104414738,974,0,974,-5,0,9,38
13,360,82.800000,22.608000,1,1,104414751,1011,0,1011,-9,0,9,38
13,360,82.800000,22.608000,1,1,104414763,1046,0,1046,-12,0,9,38
13,360,82.800000,22.608000,1,1,104414775,1074,0,1074,-15,0,9,38
13,360,82.800000,22.608000,1,1,104414788,1094,0,1094,-18,0,9,38
13,360,82.800000,22.608000,1,1,104414798,1105,0,1105,-19,0,9,38
13,360,82.800000,22.608000,1,1,104414808,1110,0,1110,-19,0,9,38
13,360,82.800000,22.608000,1,1,104414819,1112,0,1112,-20,0,9,38
13,360,82.800000,22.608000,1,1,104414830,1113,0,1113,-20,0,9,38
13,360,82.800000,22.608000,1,1,104414841,1114,0,1114,-20,0,9,38
13,360,82.800000,22.608000,1,1,104414852,1116,0,1116,-20,0,9,38
13,360,82.800000,22.608000,1,1,104414865,1120,0,1120,-21,0,9,38
13,360,82.800000,22.608000,1,1,104414876,1124,0,1124,-22,0,9,38
13,360,82.800000,22.608000,1,1,104414889,1129,0,1129,-22,0,9,38
13,360,82.800000,22.608000,1,1,104414900,1135,0,1135,-23,0,9,38
13,360,82.800000,22.608000,1,1,104414910,1142,0,1142,-25,0,9,38
13,360,82.800000,22.608000,1,1,104414921,1149,0,1149,-26,0,9,38
13,360,82.800000,22.608000,1,1,104414932,1156,0,1156,-27,0,9,38
13,360,82.800000,22.608000,1,1,104414943,1162,0,1162,-28,0,9,38
13,360,82.800000,22.608000,1,1,104414954,1167,0,1167,-28,0,9,38
13,360,82.800000,22.608000,1,1,104414965,1168,0,1168,-29,0,9,38
13,360,82.800000,22.608000,1,1,104414975,1169,0,1169,-30,0,9,38
13,360,82.800000,22.608000,1,1,104414986,1169,0,1169,-30,0,9,38
13,360,82.800000,22.608000,1,1,104414996,1169,0,1169,-30,0,9,38
13,360,82.800000,22.608000,1,1,104415006,1169,0,1169,-30,0,9,38
13,360,82.800000,22.608000,1,1,104415017,1169,0,1169,-30,0,9,38
13,360,82.800000,22.608000,1,1,104415027,1169,0,1169,-30,0,9,38
13,360,82.800000,22.608000,1,1,104415038,1169,0,1169,-30,0,9,38
13,360,82.800000,22.608000,1,1,104415049,1169,0,1169,-30,0,9,38
