13,360,50.400000,10000.000000,0,0,104459982,780,0,780,0,0,9,70
13,360,50.400000,10000.000000,0,0,104459983,780,0,780,0,0,9,70
13,360,50.400000,10000.000000,0,0,104459993,784,0,784,0,0,9,70
13,360,50.400000,10000.000000,0,0,104460004,788,0,788,0,0,9,70
13,360,50.400000,10000.000000,0,0,104460015,792,0,792,-1,0,9,70
13,360,50.400000,10000.000000,0,0,104460025,798,0,798,-3,0,9,70
13,360,50.400000,10000.000000,0,0,104460036,806,0,806,-4,0,9,70
13,360,50.400000,10000.000000,0,0,104460047,816,0,816,-6,0,9,70
13,360,50.400000,10000.000000,0,0,104460058,831,0,831,-9,0,9,70
13,360,50.400000,10000.000000,0,0,104460068,850,0,850,-12,0,9,70
13,360,50.400000,10000.000000,0,0,104460079,870,0,870,-15,0,9,70
13,360,50.400000,10000.000000,0,0,104460090,896,0,896,-18,0,9,70
13,360,50.400000,10000.000000,0,0,104460101,919,0,919,-21,0,9,70
13,360,50.400000,10000.000000,0,0,104460112,942,0,942,-23,0,9,70
13,360,50.400000,10000.000000,0,0,104460123,963,0,963,-26,0,9,70
13,360,50.400000,10000.000000,0,0,104460135,979,0,979,-29,0,9,70
13,360,50.400000,10000.000000,0,0,104460146,997,0,997,-32,0,9,70
13,360,50.400000,10000.000000,0,0,104460158,1011,0,1011,-35,0,9,70
13,360,50.400000,10000.000000,0,0,104460169,1026,0,1026,-38,0,9,70
13,360,50.400000,10000.000000,0,0,104460180,1034,0,1034,-39,0,9,70
13,360,50.400000,10000.000000,0,0,104460190,1037,0,1037,-40,0,9,70
13,360,50.400000,10000.000000,0,0,104460201,1038,0,1038,-40,0,9,70
13,360,50.400000,10000.000000,0,0,104460212,1038,0,1038,-40,0,9,70
13,360,50.400000,10000.000000,0,0,104460222,1038,0,1038,-40,0,9,70
13,360,50.400000,10000.000000,0,0,104460233,1038,0,1038,-40,0,9,70
13,360,50.400000,10000.000000,0,0,104460243,1038,0,1038,-40,0,9,70
13,360,50.400000,10000.000000,0,0,104460255,1038,0,1038,-40,0,9,70
13,360,50.400000,10000.000000,0,0,104460266,1039,0,1039,-40,0,9,70
13,360,50.400000,10000.000000,0,0,104460277,1040,0,1040,-40,0,9,70
13,360,50.400000,10000.000000,0,0,104460288,1044,0,1044,-41,0,9,70
13,360,50.400000,10000.000000,0,0,104460300,1052,0,1052,-42,0,9,70
13,360,50.400000,10000.000000,0,0,104460310,1060,0,1060,-43,0,9,70
13,360,50.400000,10000.000000,0,0,104460331,1067,0,1067,-44,0,9,70
13,360,50.400000,10000.000000,0,0,104460342,1078,0,1078,-45,0,9,70
13,360,50.400000,10000.000000,0,0,104460354,1083,0,1083,-45,0,9,70
13,360,50.400000,10000.000000,0,0,104460365,1091,0,1091,-47,0,9,70
13,360,50.400000,10000.000000,0,0,104460376,1097,0,1097,-48,0,9,70
13,360,50.400000,10000.000000,0,0,104460387,1104,0,1104,-49,0,9,70
13,360,50.400000,10000.000000,0,0,104460397,1110,0,1110,-49,0,9,70
13,360,50.400000,10000.000000,0,0,104460409,1116,0,1116,-50,0,9,70
13,360,50.400000,10000.000000,0,0,104460419,1122,0,1122,-51,0,9,70
13,360,50.400000,10000.000000,0,0,104460430,1128,0,1128,-52,0,9,70
13,360,50.400000,10000.000000,0,0,104460442,1133,0,1133,-53,0,9,70
13,360,50.400000,10000.000000,0,0,104460452,1136,0,1136,-53,0,9,70
13,360,50.400000,10000.000000,0,0,104460463,1136,0,1136,-53,0,9,70
13,360,50.400000,10000.000000,0,0,104460473,1136,0,1136,-53,0,9,70
13,360,50.400000,10000.000000,0,0,104460484,1136,0,1136,-53,0,9,70
13,360,50.400000,10000.000000,0,0,104460494,1136,0,1136,-53,0,9,70
13,360,50.400000,10000.000000,0,0,104460504,1136,0,1136,-53,0,9,70
13,360,50.400000,10000.000000,0,0,104460515,1136,0,1136,-53,0,9,70
13,360,50.400000,10000.000000,0,0,104460526,1136,0,1136,-53,0,9,70
13,360,50.400000,10000.000000,0,0,104460536,1136,0,1136,-53,0,9,70
