15,360,21.600000,10000.000000,0,0,178380313,780,0,780,0,0,0,91
15,360,21.600000,10000.000000,0,0,178380314,780,0,780,0,0,0,91
15,360,21.600000,10000.000000,0,0,178380330,780,0,780,0,0,0,91
15,360,21.600000,10000.000000,0,0,178380346,780,0,780,0,0,0,91
15,360,21.600000,10000.000000,0,0,178380372,780,0,780,0,0,0,91
15,360,21.600000,10000.000000,0,0,178380393,783,0,783,0,0,0,91
15,360,21.600000,10000.000000,0,0,178380413,807,0,807,0,0,0,91
15,360,21.600000,10000.000000,0,0,178380429,861,1,861,1,0,0,91
15,360,21.600000,10000.000000,0,0,178380446,928,3,928,3,0,0,91
15,360,21.600000,10000.000000,0,0,178380464,1007,3,1007,3,0,0,91
15,360,21.600000,10000.000000,0,0,178380481,1074,3,1074,3,0,0,91
15,360,21.600000,10000.000000,0,0,178380499,1108,3,1108,3,0,0,91
15,360,21.600000,10000.000000,0,0,178380517,1132,2,1132,2,0,0,91
15,360,21.600000,10000.000000,0,0,178380535,1137,2,1137,2,0,0,91
15,360,21.600000,10000.000000,0,0,178380561,1137,2,1137,2,0,0,91
15,360,21.600000,10000.000000,0,0,178380577,1138,2,1138,2,0,0,91
15,360,21.600000,10000.000000,0,0,178380593,1143,1,1143,1,0,0,91
15,360,21.600000,10000.000000,0,0,178380608,1152,1,1152,1,0,0,91
15,360,21.600000,10000.000000,0,0,178380623,1159,1,1159,1,0,0,91
15,360,21.600000,10000.000000,0,0,178380638,1160,1,1160,1,0,0,91
15,360,21.600000,10000.000000,0,0,178380654,1160,1,1160,1,0,0,91
15,360,21.600000,10000.000000,0,0,178380669,1160,1,1160,1,0,0,91
15,360,21.600000,10000.000000,0,0,178380684,1160,1,1160,1,0,0,91
15,360,21.600000,10000.000000,0,0,178380699,1160,1,1160,1,0,0,91
15,360,21.600000,10000.000000,0,0,178380714,1160,1,1160,1,0,0,91
15,360,21.600000,10000.000000,0,0,178380729,1160,1,1160,1,0,0,91
15,360,21.600000,10000.000000,0,0,178380744,1160,1,1160,1,0,0,91
15,360,21.600000,10000.000000,0,0,178380760,1160,1,1160,1,0,0,91
15,360,21.600000,10000.000000,0,0,178380775,1160,1,1160,1,0,0,91
15,360,21.600000,10000.000000,0,0,178380798,1160,1,1160,1,0,0,91
15,360,21.600000,10000.000000,0,0,178380812,1160,1,1160,1,0,0,91
15,360,21.600000,10000.000000,0,0,178380828,1155,1,1155,1,0,0,91
15,360,21.600000,10000.000000,0,0,178380843,1148,1,1148,1,0,0,91
15,360,21.600000,10000.000000,0,0,178380857,1143,0,1143,0,0,0,91
15,360,21.600000,10000.000000,0,0,178380872,1138,0,1138,-1,0,0,91
15,360,21.600000,10000.000000,0,0,178380887,1138,0,1138,-1,0,0,91
15,360,21.600000,10000.000000,0,0,178380901,1138,0,1138,-1,0,0,91
15,360,21.600000,10000.000000,0,0,178380924,1138,0,1138,-1,0,0,91
15,360,21.600000,10000.000000,0,0,178380938,1138,0,1138,-1,0,0,91
15,360,21.600000,10000.000000,0,0,178380952,1138,0,1138,-1,0,0,91
15,360,21.600000,10000.000000,0,0,178380965,1138,0,1138,-1,0,0,91
15,360,21.600000,10000.000000,0,0,178380978,1138,0,1138,-1,0,0,91
15,360,21.600000,10000.000000,0,0,178380993,1138,0,1138,-1,0,0,91
15,360,21.600000,10000.000000,0,0,178381006,1138,0,1138,-1,0,0,91
