15,720,21.600000,0.000000,1,1,178280361,600,22,600,22,0,0,12
15,720,21.600000,0.000000,1,1,178280362,600,22,600,22,0,0,12
15,720,21.600000,0.000000,1,1,178280378,600,22,600,22,0,0,12
15,720,21.600000,0.000000,1,1,178280391,600,22,600,22,0,0,12
15,720,21.600000,0.000000,1,1,178280404,600,22,600,22,0,0,12
15,720,21.600000,0.000000,1,1,178280418,602,22,602,22,0,0,12
15,720,21.600000,0.000000,1,1,178280434,614,22,614,22,0,0,12
15,720,21.600000,0.000000,1,1,178280449,663,22,663,22,0,0,12
15,720,21.600000,0.000000,1,1,178280463,738,25,738,25,0,0,12
15,720,21.600000,0.000000,1,1,178280478,840,27,840,27,0,0,12
15,720,21.600000,0.000000,1,1,178280492,975,30,975,30,0,0,12
15,720,21.600000,0.000000,1,1,178280506,1088,32,1088,32,0,0,12
15,720,21.600000,0.000000,1,1,178280520,1174,33,1174,33,0,0,12
15,720,21.600000,0.000000,1,1,178280535,1250,34,1250,34,0,0,12
15,720,21.600000,0.000000,1,1,178280549,1296,34,1296,34,0,0,12
15,720,21.600000,0.000000,1,1,178280562,1317,34,1317,34,0,0,12
15,720,21.600000,0.000000,1,1,178280583,1321,34,1321,34,0,0,12
15,720,21.600000,0.000000,1,1,178280596,1321,34,1321,34,0,0,12
15,720,21.600000,0.000000,1,1,178280609,1321,34,1321,34,0,0,12
15,720,21.600000,0.000000,1,1,178280631,1321,34,1321,34,0,0,12
15,720,21.600000,0.000000,1,1,178280646,1321,34,1321,34,0,0,12
15,720,21.600000,0.000000,1,1,178280662,1321,34,1321,34,0,0,12
15,720,21.600000,0.000000,1,1,178280675,1321,34,1321,34,0,0,12
15,720,21.600000,0.000000,1,1,178280687,1321,34,1321,34,0,0,12
15,720,21.600000,0.000000,1,1,178280700,1321,34,1321,34,0,0,12
15,720,21.600000,0.000000,1,1,178280713,1321,34,1321,34,0,0,12
15,720,21.600000,0.000000,1,1,178280727,1321,34,1321,34,0,0,12
15,720,21.600000,0.000000,1,1,178280741,1321,33,1321,33,0,0,12
15,720,21.600000,0.000000,1,1,178280755,1318,31,1318,31,0,0,12
15,720,21.600000,0.000000,1,1,178280768,1315,30,1315,30,0,0,12
15,720,21.600000,0.000000,1,1,178280790,1315,29,1315,29,0,0,12
15,720,21.600000,0.000000,1,1,178280803,1314,27,1314,27,0,0,12
15,720,21.600000,0.000000,1,1,178280817,1313,23,1313,23,0,0,12
15,720,21.600000,0.000000,1,1,178280831,1311,18,1311,18,0,0,12
15,720,21.600000,0.000000,1,1,178280852,1310,12,1310,12,0,0,12
15,720,21.600000,0.000000,1,1,178280865,1310,8,1310,8,0,0,12
15,720,21.600000,0.000000,1,1,178280878,1310,8,1310,8,0,0,12
