15,720,82.800000,0.000000,1,1,178334330,600,22,600,22,0,0,54
15,720,82.800000,0.000000,1,1,178334331,600,22,600,22,0,0,54
15,720,82.800000,0.000000,1,1,178334344,600,22,600,22,0,0,54
15,720,82.800000,0.000000,1,1,178334357,600,22,600,22,0,0,54
15,720,82.800000,0.000000,1,1,178334370,600,22,600,22,0,0,54
15,720,82.800000,0.000000,1,1,178334383,600,22,600,22,0,0,54
15,720,82.800000,0.000000,1,1,178334396,600,22,600,22,0,0,54
15,720,82.800000,0.000000,1,1,178334410,600,22,600,22,0,0,54
15,720,82.800000,0.000000,1,1,178334425,603,22,603,22,0,0,54
15,720,82.800000,0.000000,1,1,178334439,616,22,616,22,0,0,54
15,720,82.800000,0.000000,1,1,178334453,647,24,647,24,0,0,54
15,720,82.800000,0.000000,1,1,178334468,711,28,711,28,0,0,54
15,720,82.800000,0.000000,1,1,178334482,812,33,812,33,0,0,54
15,720,82.800000,0.000000,1,1,178334496,936,37,936,37,0,0,54
15,720,82.800000,0.000000,1,1,178334517,1056,38,1056,38,0,0,54
15,720,82.800000,0.000000,1,1,178334531,1203,37,1203,37,0,0,54
15,720,82.800000,0.000000,1,1,178334546,1276,33,1276,33,0,0,54
15,720,82.800000,0.000000,1,1,178334560,1313,30,1313,30,0,0,54
15,720,82.800000,0.000000,1,1,178334573,1324,29,1324,29,0,0,54
15,720,82.800000,0.000000,1,1,178334586,1325,29,1325,29,0,0,54
15,720,82.800000,0.000000,1,1,178334601,1325,29,1325,29,0,0,54
15,720,82.800000,0.000000,1,1,178334615,1325,29,1325,29,0,0,54
15,720,82.800000,0.000000,1,1,178334628,1325,29,1325,29,0,0,54
15,720,82.800000,0.000000,1,1,178334642,1325,29,1325,29,0,0,54
15,720,82.800000,0.000000,1,1,178334655,1325,29,1325,29,0,0,54
15,720,82.800000,0.000000,1,1,178334668,1325,29,1325,29,0,0,54
15,720,82.800000,0.000000,1,1,178334681,1325,29,1325,29,0,0,54
15,720,82.800000,0.000000,1,1,178334695,1325,29,1325,29,0,0,54
15,720,82.800000,0.000000,1,1,178334709,1325,29,1325,29,0,0,54
15,720,82.800000,0.000000,1,1,178334723,1325,29,1325,29,0,0,54
15,720,82.800000,0.000000,1,1,178334736,1325,29,1325,29,0,0,54
15,720,82.800000,0.000000,1,1,178334750,1325,29,1325,29,0,0,54
15,720,82.800000,0.000000,1,1,178334764,1325,29,1325,29,0,0,54
15,720,82.800000,0.000000,1,1,178334778,1325,28,1325,28,0,0,54
15,720,82.800000,0.000000,1,1,178334792,1324,24,1324,24,0,0,54
15,720,82.800000,0.000000,1,1,178334806,1323,18,1323,18,0,0,54
15,720,82.800000,0.000000,1,1,178334820,1323,12,1323,12,0,0,54
15,720,82.800000,0.000000,1,1,178334834,1323,7,1323,7,0,0,54
15,720,82.800000,0.000000,1,1,178334847,1323,6,1323,6,0,0,54
15,720,82.800000,0.000000,1,1,178334860,1323,6,1323,6,0,0,54
