15,720,50.400000,10000.000000,0,0,178353950,600,0,600,0,0,0,70
15,720,50.400000,10000.000000,0,0,178353951,600,0,600,0,0,0,70
15,720,50.400000,10000.000000,0,0,178353965,600,0,600,0,0,0,70
15,720,50.400000,10000.000000,0,0,178353978,600,0,600,0,0,0,70
15,720,50.400000,10000.000000,0,0,178353991,600,0,600,0,0,0,70
15,720,50.400000,10000.000000,0,0,178354004,600,0,600,0,0,0,70
15,720,50.400000,10000.000000,0,0,178354017,600,0,600,0,0,0,70
15,720,50.400000,10000.000000,0,0,178354030,600,0,600,0,0,0,70
15,720,50.400000,10000.000000,0,0,178354045,600,0,600,0,0,0,70
15,720,50.400000,10000.000000,0,0,178354063,602,0,602,0,0,0,70
15,720,50.400000,10000.000000,0,0,178354077,617,0,617,-1,0,0,70
15,720,50.400000,10000.000000,0,0,178354092,662,0,662,-1,0,0,70
15,720,50.400000,10000.000000,0,0,178354107,746,0,746,-1,0,0,70
15,720,50.400000,10000.000000,0,0,178354122,869,0,869,-4,0,0,70
15,720,50.400000,10000.000000,0,0,178354135,1032,0,1032,-6,0,0,70
15,720,50.400000,10000.000000,0,0,178354159,1172,0,1172,-11,0,0,70
15,720,50.400000,10000.000000,0,0,178354174,1319,0,1319,-21,0,0,70
15,720,50.400000,10000.000000,0,0,178354188,1361,0,1361,-25,0,0,70
15,720,50.400000,10000.000000,0,0,178354202,1371,0,1371,-26,0,0,70
15,720,50.400000,10000.000000,0,0,178354214,1372,0,1372,-26,0,0,70
15,720,50.400000,10000.000000,0,0,178354229,1372,0,1372,-26,0,0,70
15,720,50.400000,10000.000000,0,0,178354242,1372,0,1372,-27,0,0,70
15,720,50.400000,10000.000000,0,0,178354255,1372,0,1372,-27,0,0,70
15,720,50.400000,10000.000000,0,0,178354268,1372,0,1372,-27,0,0,70
15,720,50.400000,10000.000000,0,0,178354280,1372,0,1372,-27,0,0,70
15,720,50.400000,10000.000000,0,0,178354293,1372,0,1372,-27,0,0,70
15,720,50.400000,10000.000000,0,0,178354315,1372,0,1372,-27,0,0,70
15,720,50.400000,10000.000000,0,0,178354328,1372,0,1372,-27,0,0,70
15,720,50.400000,10000.000000,0,0,178354341,1372,0,1372,-27,0,0,70
15,720,50.400000,10000.000000,0,0,178354354,1372,0,1372,-27,0,0,70
15,720,50.400000,10000.000000,0,0,178354367,1372,0,1372,-27,0,0,70
15,720,50.400000,10000.000000,0,0,178354380,1372,0,1372,-27,0,0,70
15,720,50.400000,10000.000000,0,0,178354393,1372,0,1372,-27,0,0,70
15,720,50.400000,10000.000000,0,0,178354406,1372,0,1372,-27,0,0,70
15,720,50.400000,10000.000000,0,0,178354421,1371,0,1371,-27,0,0,70
15,720,50.400000,10000.000000,0,0,178354437,1362,0,1362,-27,0,0,70
15,720,50.400000,10000.000000,0,0,178354457,1347,0,1347,-27,0,0,70
15,720,50.400000,10000.000000,0,0,178354470,1337,0,1337,-27,0,0,70
15,720,50.400000,10000.000000,0,0,178354484,1334,0,1334,-27,0,0,70
15,720,50.400000,10000.000000,0,0,178354497,1330,0,1330,-27,0,0,70
15,720,50.400000,10000.000000,0,0,178354519,1326,0,1326,-27,0,0,70
15,720,50.400000,10000.000000,0,0,178354533,1322,0,1322,-27,0,0,70
15,720,50.400000,10000.000000,0,0,178354546,1321,0,1321,-27,0,0,70
15,720,50.400000,10000.000000,0,0,178354559,1321,0,1321,-27,0,0,70
15,720,50.400000,10000.000000,0,0,178354579,1321,0,1321,-27,0,0,70
