15,720,50.400000,0.000000,0,0,178373927,600,0,600,0,0,0,85
15,720,50.400000,0.000000,0,0,178373928,600,0,600,0,0,0,85
15,720,50.400000,0.000000,0,0,178373943,600,0,600,0,0,0,85
15,720,50.400000,0.000000,0,0,178373966,600,0,600,0,0,0,85
15,720,50.400000,0.000000,0,0,178373980,600,0,600,0,0,0,85
15,720,50.400000,0.000000,0,0,178373995,604,0,604,-1,0,0,85
15,720,50.400000,0.000000,0,0,178374011,623,0,623,-1,0,0,85
15,720,50.400000,0.000000,0,0,178374028,683,1,683,0,0,0,85
15,720,50.400000,0.000000,0,0,178374043,796,4,796,3,0,0,85
15,720,50.400000,0.000000,0,0,178374058,936,6,936,5,0,0,85
15,720,50.400000,0.000000,0,0,178374072,1081,7,1081,6,0,0,85
15,720,50.400000,0.000000,0,0,178374089,1186,7,1186,6,0,0,85
15,720,50.400000,0.000000,0,0,178374104,1249,7,1249,6,0,0,85
15,720,50.400000,0.000000,0,0,178374119,1274,7,1274,6,0,0,85
15,720,50.400000,0.000000,0,0,178374134,1285,7,1285,6,0,0,85
15,720,50.400000,0.000000,0,0,178374156,1285,7,1285,6,0,0,85
15,720,50.400000,0.000000,0,0,178374170,1285,7,1285,6,0,0,85
15,720,50.400000,0.000000,0,0,178374184,1285,7,1285,6,0,0,85
15,720,50.400000,0.000000,0,0,178374198,1285,7,1285,6,0,0,85
15,720,50.400000,0.000000,0,0,178374213,1285,7,1285,6,0,0,85
15,720,50.400000,0.000000,0,0,178374236,1285,7,1285,6,0,0,85
15,720,50.400000,0.000000,0,0,178374250,1285,7,1285,6,0,0,85
15,720,50.400000,0.000000,0,0,178374265,1285,7,1285,6,0,0,85
15,720,50.400000,0.000000,0,0,178374280,1285,7,1285,6,0,0,85
15,720,50.400000,0.000000,0,0,178374294,1285,7,1285,6,0,0,85
15,720,50.400000,0.000000,0,0,178374308,1286,7,1286,6,0,0,85
15,720,50.400000,0.000000,0,0,178374330,1289,7,1289,6,0,0,85
15,720,50.400000,0.000000,0,0,178374345,1290,7,1290,6,0,0,85
15,720,50.400000,0.000000,0,0,178374359,1290,7,1290,6,0,0,85
15,720,50.400000,0.000000,0,0,178374374,1290,7,1290,6,0,0,85
15,720,50.400000,0.000000,0,0,178374388,1290,7,1290,6,0,0,85
15,720,50.400000,0.000000,0,0,178374402,1290,7,1290,6,0,0,85
15,720,50.400000,0.000000,0,0,178374424,1290,7,1290,6,0,0,85
15,720,50.400000,0.000000,0,0,178374440,1290,7,1290,6,0,0,85
15,720,50.400000,0.000000,0,0,178374455,1295,7,1295,6,0,0,85
15,720,50.400000,0.000000,0,0,178374471,1305,7,1305,6,0,0,85
15,720,50.400000,0.000000,0,0,178374489,1311,7,1311,6,0,0,85
15,720,50.400000,0.000000,0,0,178374505,1311,7,1311,6,0,0,85
15,720,50.400000,0.000000,0,0,178374519,1311,7,1311,6,0,0,85
15,720,50.400000,0.000000,0,0,178374534,1311,7,1311,6,0,0,85
15,720,50.400000,0.000000,0,0,178374549,1311,7,1311,6,0,0,85
15,720,50.400000,0.000000,0,0,178374563,1311,7,1311,6,0,0,85
