15,720,82.800000,42.984000,1,0,178316950,600,0,600,0,0,0,41
15,720,82.800000,42.984000,1,0,178316950,600,0,600,0,0,0,41
15,720,82.800000,42.984000,1,0,178316964,600,0,600,0,0,0,41
15,720,82.800000,42.984000,1,0,178316977,600,0,600,0,0,0,41
15,720,82.800000,42.984000,1,0,178316990,600,0,600,0,0,0,41
15,720,82.800000,42.984000,1,0,178317003,600,0,600,0,0,0,41
15,720,82.800000,42.984000,1,0,178317018,600,0,600,0,0,0,41
15,720,82.800000,42.984000,1,0,178317032,609,0,609,0,0,0,41
15,720,82.800000,42.984000,1,0,178317047,636,0,636,0,0,0,41
15,720,82.800000,42.984000,1,0,178317062,689,2,689,2,0,0,41
15,720,82.800000,42.984000,1,0,178317076,785,4,785,4,0,0,41
15,720,82.800000,42.984000,1,0,178317089,922,10,922,10,0,0,41
15,720,82.800000,42.984000,1,0,178317103,1071,15,1071,15,0,0,41
15,720,82.800000,42.984000,1,0,178317117,1182,15,1182,15,0,0,41
15,720,82.800000,42.984000,1,0,178317131,1263,13,1263,13,0,0,41
15,720,82.800000,42.984000,1,0,178317153,1298,11,1298,11,0,0,41
15,720,82.800000,42.984000,1,0,178317166,1313,9,1313,9,0,0,41
15,720,82.800000,42.984000,1,0,178317180,1313,9,1313,9,0,0,41
15,720,82.800000,42.984000,1,0,178317193,1313,9,1313,9,0,0,41
15,720,82.800000,42.984000,1,0,178317206,1313,9,1313,9,0,0,41
15,720,82.800000,42.984000,1,0,178317219,1313,9,1313,9,0,0,41
15,720,82.800000,42.984000,1,0,178317232,1313,9,1313,9,0,0,41
15,720,82.800000,42.984000,1,0,178317245,1313,9,1313,9,0,0,41
15,720,82.800000,42.984000,1,0,178317258,1313,9,1313,9,0,0,41
15,720,82.800000,42.984000,1,0,178317280,1313,9,1313,9,0,0,41
15,720,82.800000,42.984000,1,0,178317294,1313,9,1313,9,0,0,41
15,720,82.800000,42.984000,1,0,178317307,1313,9,1313,9,0,0,41
15,720,82.800000,42.984000,1,0,178317319,1313,9,1313,9,0,0,41
15,720,82.800000,42.984000,1,0,178317333,1313,9,1313,9,0,0,41
15,720,82.800000,42.984000,1,0,178317346,1313,9,1313,9,0,0,41
15,720,82.800000,42.984000,1,0,178317359,1313,9,1313,9,0,0,41
15,720,82.800000,42.984000,1,0,178317372,1313,9,1313,9,0,0,41
15,720,82.800000,42.984000,1,0,178317385,1313,9,1313,9,0,0,41
