15,720,50.400000,22.608000,1,1,178270810,600,22,600,22,0,0,4
15,720,50.400000,22.608000,1,1,178270811,600,22,600,22,0,0,4
15,720,50.400000,22.608000,1,1,178270835,600,22,600,22,0,0,4
15,720,50.400000,22.608000,1,1,178270849,600,22,600,22,0,0,4
15,720,50.400000,22.608000,1,1,178270863,600,22,600,22,0,0,4
15,720,50.400000,22.608000,1,1,178270878,600,22,600,22,0,0,4
15,720,50.400000,22.608000,1,1,178270892,600,22,600,22,0,0,4
15,720,50.400000,22.608000,1,1,178270914,600,22,600,22,0,0,4
15,720,50.400000,22.608000,1,1,178270928,600,22,600,22,0,0,4
15,720,50.400000,22.608000,1,1,178270942,600,22,600,22,0,0,4
15,720,50.400000,22.608000,1,1,178270956,600,22,600,22,0,0,4
15,720,50.400000,22.608000,1,1,178270972,600,22,600,22,0,0,4
15,720,50.400000,22.608000,1,1,178270986,605,22,605,22,0,0,4
15,720,50.400000,22.608000,1,1,178271000,616,22,616,22,0,0,4
15,720,50.400000,22.608000,1,1,178271017,639,22,639,22,0,0,4
15,720,50.400000,22.608000,1,1,178271040,691,23,691,23,0,0,4
15,720,50.400000,22.608000,1,1,178271054,818,23,818,23,0,0,4
15,720,50.400000,22.608000,1,1,178271067,908,23,908,23,0,0,4
15,720,50.400000,22.608000,1,1,178271081,1016,23,1016,23,0,0,4
15,720,50.400000,22.608000,1,1,178271095,1111,20,1111,20,0,0,4
15,720,50.400000,22.608000,1,1,178271117,1169,16,1169,16,0,0,4
15,720,50.400000,22.608000,1,1,178271131,1220,11,1220,11,0,0,4
15,720,50.400000,22.608000,1,1,178271145,1230,10,1230,10,0,0,4
15,720,50.400000,22.608000,1,1,178271159,1231,10,1231,10,0,0,4
15,720,50.400000,22.608000,1,1,178271181,1231,10,1231,10,0,0,4
15,720,50.400000,22.608000,1,1,178271196,1231,10,1231,10,0,0,4
15,720,50.400000,22.608000,1,1,178271211,1231,10,1231,10,0,0,4
15,720,50.400000,22.608000,1,1,178271225,1231,9,1231,9,0,0,4
15,720,50.400000,22.608000,1,1,178271240,1231,9,1231,9,0,0,4
15,720,50.400000,22.608000,1,1,178271254,1231,9,1231,9,0,0,4
15,720,50.400000,22.608000,1,1,178271268,1231,9,1231,9,0,0,4
15,720,50.400000,22.608000,1,1,178271283,1231,9,1231,9,0,0,4
15,720,50.400000,22.608000,1,1,178271298,1231,9,1231,9,0,0,4
15,720,50.400000,22.608000,1,1,178271313,1231,9,1231,9,0,0,4
15,720,50.400000,22.608000,1,1,178271328,1231,9,1231,9,0,0,4
15,720,50.400000,22.608000,1,1,178271342,1235,9,1235,9,0,0,4
15,720,50.400000,22.608000,1,1,178271356,1249,8,1249,8,0,0,4
15,720,50.400000,22.608000,1,1,178271371,1272,6,1272,6,0,0,4
15,720,50.400000,22.608000,1,1,178271385,1292,4,1292,4,0,0,4
15,720,50.400000,22.608000,1,1,178271399,1305,2,1305,2,0,0,4
15,720,50.400000,22.608000,1,1,178271420,1311,1,1311,1,0,0,4
15,720,50.400000,22.608000,1,1,178271435,1312,1,1312,1,0,0,4
15,720,50.400000,22.608000,1,1,178271449,1312,1,1312,1,0,0,4
15,720,50.400000,22.608000,1,1,178271464,1312,1,1312,1,0,0,4
15,720,50.400000,22.608000,1,1,178271479,1312,1,1312,1,0,0,4
15,720,50.400000,22.608000,1,1,178271493,1312,1,1312,1,0,0,4
15,720,50.400000,22.608000,1,1,178271508,1312,1,1312,1,0,0,4
15,720,50.400000,22.608000,1,1,178271530,1312,1,1312,1,0,0,4
