15,720,50.400000,12.276000,1,1,178545682,600,22,600,22,0,1,95
15,720,50.400000,12.276000,1,1,178545683,600,22,600,22,0,1,95
15,720,50.400000,12.276000,1,1,178545696,600,22,600,22,0,1,95
15,720,50.400000,12.276000,1,1,178545714,600,22,600,22,0,1,95
15,720,50.400000,12.276000,1,1,178545729,601,22,601,22,0,1,95
15,720,50.400000,12.276000,1,1,178545745,611,20,611,20,0,1,95
15,720,50.400000,12.276000,1,1,178545759,638,17,638,17,0,1,95
15,720,50.400000,12.276000,1,1,178545774,687,14,687,14,0,1,95
15,720,50.400000,12.276000,1,1,178545788,775,12,775,12,0,1,95
15,720,50.400000,12.276000,1,1,178545804,896,9,896,9,0,1,95
15,720,50.400000,12.276000,1,1,178545818,1025,4,1025,4,0,1,95
15,720,50.400000,12.276000,1,1,178545833,1129,0,1129,-4,0,1,95
15,720,50.400000,12.276000,1,1,178545847,1191,0,1191,-10,0,1,95
15,720,50.400000,12.276000,1,1,178545861,1224,0,1224,-14,0,1,95
15,720,50.400000,12.276000,1,1,178545876,1239,0,1239,-16,0,1,95
15,720,50.400000,12.276000,1,1,178545889,1244,0,1244,-16,0,1,95
15,720,50.400000,12.276000,1,1,178545904,1246,0,1246,-16,0,1,95
15,720,50.400000,12.276000,1,1,178545918,1250,0,1250,-17,0,1,95
15,720,50.400000,12.276000,1,1,178545932,1261,0,1261,-18,0,1,95
15,720,50.400000,12.276000,1,1,178545946,1279,0,1279,-18,0,1,95
15,720,50.400000,12.276000,1,1,178545959,1295,0,1295,-18,0,1,95
15,720,50.400000,12.276000,1,1,178545973,1304,0,1304,-19,0,1,95
15,720,50.400000,12.276000,1,1,178545986,1310,0,1310,-19,0,1,95
15,720,50.400000,12.276000,1,1,178546001,1316,0,1316,-20,0,1,95
15,720,50.400000,12.276000,1,1,178546015,1321,0,1321,-20,0,1,95
15,720,50.400000,12.276000,1,1,178546029,1324,0,1324,-21,0,1,95
15,720,50.400000,12.276000,1,1,178546042,1324,0,1324,-22,0,1,95
15,720,50.400000,12.276000,1,1,178546055,1324,0,1324,-23,0,1,95
15,720,50.400000,12.276000,1,1,178546069,1324,0,1324,-23,0,1,95
15,720,50.400000,12.276000,1,1,178546082,1324,0,1324,-23,0,1,95
15,720,50.400000,12.276000,1,1,178546095,1324,0,1324,-23,0,1,95
15,720,50.400000,12.276000,1,1,178546109,1324,0,1324,-23,0,1,95
15,720,50.400000,12.276000,1,1,178546123,1324,0,1324,-23,0,1,95
15,720,50.400000,12.276000,1,1,178546136,1324,0,1324,-23,0,1,95
15,720,50.400000,12.276000,1,1,178546149,1324,0,1324,-23,0,1,95
15,720,50.400000,12.276000,1,1,178546164,1324,0,1324,-23,0,1,95
15,720,50.400000,12.276000,1,1,178546177,1324,0,1324,-23,0,1,95
