15,720,82.800000,10000.000000,1,0,178422211,600,0,600,0,0,1,0
15,720,82.800000,10000.000000,1,0,178422212,600,0,600,0,0,1,0
15,720,82.800000,10000.000000,1,0,178422226,600,0,600,0,0,1,0
15,720,82.800000,10000.000000,1,0,178422240,600,0,600,0,0,1,0
15,720,82.800000,10000.000000,1,0,178422254,600,0,600,0,0,1,0
15,720,82.800000,10000.000000,1,0,178422268,600,0,600,0,0,1,0
15,720,82.800000,10000.000000,1,0,178422284,600,0,600,-1,0,1,0
15,720,82.800000,10000.000000,1,0,178422298,605,0,605,-2,0,1,0
15,720,82.800000,10000.000000,1,0,178422312,619,0,619,-3,0,1,0
15,720,82.800000,10000.000000,1,0,178422338,651,0,651,-5,0,1,0
15,720,82.800000,10000.000000,1,0,178422353,795,0,795,-7,0,1,0
15,720,82.800000,10000.000000,1,0,178422370,925,0,925,-8,0,1,0
15,720,82.800000,10000.000000,1,0,178422384,1082,0,1082,-9,0,1,0
15,720,82.800000,10000.000000,1,0,178422398,1201,0,1201,-13,0,1,0
15,720,82.800000,10000.000000,1,0,178422412,1271,0,1271,-16,0,1,0
15,720,82.800000,10000.000000,1,0,178422427,1299,0,1299,-19,0,1,0
15,720,82.800000,10000.000000,1,0,178422443,1303,0,1303,-20,0,1,0
15,720,82.800000,10000.000000,1,0,178422457,1303,0,1303,-21,0,1,0
15,720,82.800000,10000.000000,1,0,178422472,1303,0,1303,-22,0,1,0
15,720,82.800000,10000.000000,1,0,178422487,1303,0,1303,-22,0,1,0
15,720,82.800000,10000.000000,1,0,178422501,1303,0,1303,-22,0,1,0
15,720,82.800000,10000.000000,1,0,178422515,1303,0,1303,-22,0,1,0
15,720,82.800000,10000.000000,1,0,178422529,1303,0,1303,-22,0,1,0
15,720,82.800000,10000.000000,1,0,178422544,1303,0,1303,-22,0,1,0
15,720,82.800000,10000.000000,1,0,178422557,1303,0,1303,-22,0,1,0
15,720,82.800000,10000.000000,1,0,178422571,1303,0,1303,-22,0,1,0
15,720,82.800000,10000.000000,1,0,178422585,1303,0,1303,-22,0,1,0
15,720,82.800000,10000.000000,1,0,178422599,1303,0,1303,-22,0,1,0
15,720,82.800000,10000.000000,1,0,178422613,1302,0,1302,-22,0,1,0
15,720,82.800000,10000.000000,1,0,178422628,1302,0,1302,-22,0,1,0
15,720,82.800000,10000.000000,1,0,178422641,1302,0,1302,-22,0,1,0
15,720,82.800000,10000.000000,1,0,178422655,1302,0,1302,-22,0,1,0
15,720,82.800000,10000.000000,1,0,178422668,1302,0,1302,-22,0,1,0
