15,360,50.400000,12.276000,0,0,178488742,780,0,780,0,1,1,52
15,360,50.400000,12.276000,0,0,178488743,780,0,780,0,1,1,52
15,360,50.400000,12.276000,0,0,178488756,780,0,780,0,1,1,52
15,360,50.400000,12.276000,0,0,178488769,780,0,780,0,1,1,52
15,360,50.400000,12.276000,0,0,178488781,780,0,780,0,1,1,52
15,360,50.400000,12.276000,0,0,178488794,780,0,780,0,1,1,52
15,360,50.400000,12.276000,0,0,178488809,780,0,780,0,1,1,52
15,360,50.400000,12.276000,0,0,178488823,780,0,780,0,1,1,52
15,360,50.400000,12.276000,0,0,178488836,780,0,780,0,1,1,52
15,360,50.400000,12.276000,0,0,178488850,781,0,781,0,1,1,52
15,360,50.400000,12.276000,0,0,178488864,785,0,785,0,1,1,52
15,360,50.400000,12.276000,0,0,178488880,793,0,793,0,1,1,52
15,360,50.400000,12.276000,0,0,178488895,809,1,809,1,1,1,52
15,360,50.400000,12.276000,0,0,178488910,840,1,840,1,1,1,52
15,360,50.400000,12.276000,0,0,178488924,895,3,895,3,1,1,52
15,360,50.400000,12.276000,0,0,178488938,961,4,961,4,1,1,52
15,360,50.400000,12.276000,0,0,178488952,1027,4,1027,4,1,1,52
15,360,50.400000,12.276000,0,0,178488966,1069,4,1069,4,1,1,52
15,360,50.400000,12.276000,0,0,178488980,1098,4,1098,4,1,1,52
15,360,50.400000,12.276000,0,0,178488993,1114,2,1114,2,1,1,52
15,360,50.400000,12.276000,0,0,178489006,1119,2,1119,2,1,1,52
15,360,50.400000,12.276000,0,0,178489020,1120,2,1120,2,1,1,52
15,360,50.400000,12.276000,0,0,178489034,1120,2,1120,2,1,1,52
15,360,50.400000,12.276000,0,0,178489047,1120,2,1120,2,1,1,52
15,360,50.400000,12.276000,0,0,178489061,1120,2,1120,2,1,1,52
15,360,50.400000,12.276000,0,0,178489074,1120,2,1120,2,1,1,52
15,360,50.400000,12.276000,0,0,178489087,1120,2,1120,2,1,1,52
15,360,50.400000,12.276000,0,0,178489100,1120,2,1120,2,1,1,52
15,360,50.400000,12.276000,0,0,178489113,1120,2,1120,2,1,1,52
15,360,50.400000,12.276000,0,0,178489127,1120,2,1120,2,1,1,52
15,360,50.400000,12.276000,0,0,178489148,1120,2,1120,2,1,1,52
15,360,50.400000,12.276000,0,0,178489162,1120,2,1120,2,1,1,52
15,360,50.400000,12.276000,0,0,178489176,1120,2,1120,2,1,1,52
15,360,50.400000,12.276000,0,0,178489191,1120,2,1120,2,1,1,52
15,360,50.400000,12.276000,0,0,178489206,1120,2,1120,2,0,1,52
