15,360,50.400000,0.000000,0,0,178522608,780,0,780,0,0,1,77
15,360,50.400000,0.000000,0,0,178522609,780,0,780,0,0,1,77
15,360,50.400000,0.000000,0,0,178522623,780,0,780,0,0,1,77
15,360,50.400000,0.000000,0,0,178522637,780,0,780,0,0,1,77
15,360,50.400000,0.000000,0,0,178522650,780,0,780,0,0,1,77
15,360,50.400000,0.000000,0,0,178522665,782,0,782,0,0,1,77
15,360,50.400000,0.000000,0,0,178522679,792,0,792,-2,0,1,77
15,360,50.400000,0.000000,0,0,178522693,815,0,815,-6,0,1,77
15,360,50.400000,0.000000,0,0,178522706,843,0,843,-8,0,1,77
15,360,50.400000,0.000000,0,0,178522720,885,0,885,-11,0,1,77
15,360,50.400000,0.000000,0,0,178522734,923,0,923,-12,0,1,77
15,360,50.400000,0.000000,0,0,178522747,960,0,960,-14,0,1,77
15,360,50.400000,0.000000,0,0,178522761,996,0,996,-15,0,1,77
15,360,50.400000,0.000000,0,0,178522775,1026,0,1026,-16,0,1,77
15,360,50.400000,0.000000,0,0,178522788,1047,0,1047,-16,0,1,77
15,360,50.400000,0.000000,0,0,178522803,1061,0,1061,-17,0,1,77
15,360,50.400000,0.000000,0,0,178522816,1068,0,1068,-19,0,1,77
15,360,50.400000,0.000000,0,0,178522830,1072,0,1072,-20,0,1,77
15,360,50.400000,0.000000,0,0,178522843,1073,0,1073,-20,0,1,77
15,360,50.400000,0.000000,0,0,178522857,1074,0,1074,-21,0,1,77
15,360,50.400000,0.000000,0,0,178522870,1076,0,1076,-21,0,1,77
15,360,50.400000,0.000000,0,0,178522884,1078,0,1078,-21,0,1,77
15,360,50.400000,0.000000,0,0,178522897,1080,0,1080,-21,0,1,77
15,360,50.400000,0.000000,0,0,178522910,1083,0,1083,-21,0,1,77
15,360,50.400000,0.000000,0,0,178522924,1084,0,1084,-21,0,1,77
15,360,50.400000,0.000000,0,0,178522937,1086,0,1086,-21,0,1,77
15,360,50.400000,0.000000,0,0,178522950,1088,0,1088,-21,0,1,77
15,360,50.400000,0.000000,0,0,178522974,1090,0,1090,-22,0,1,77
15,360,50.400000,0.000000,0,0,178522988,1090,0,1090,-22,0,1,77
15,360,50.400000,0.000000,0,0,178523002,1090,0,1090,-22,0,1,77
15,360,50.400000,0.000000,0,0,178523016,1092,0,1092,-22,0,1,77
15,360,50.400000,0.000000,0,0,178523031,1097,0,1097,-23,0,1,77
15,360,50.400000,0.000000,0,0,178523045,1105,0,1105,-23,0,1,77
15,360,50.400000,0.000000,0,0,178523058,1113,0,1113,-23,0,1,77
15,360,50.400000,0.000000,0,0,178523072,1117,0,1117,-23,0,1,77
15,360,50.400000,0.000000,0,0,178523086,1122,0,1122,-23,0,1,77
15,360,50.400000,0.000000,0,0,178523099,1122,0,1122,-23,0,1,77
15,360,50.400000,0.000000,0,0,178523113,1122,0,1122,-23,0,1,77
15,360,50.400000,0.000000,0,0,178523128,1122,0,1122,-23,0,1,77
15,360,50.400000,0.000000,0,0,178523142,1122,0,1122,-23,0,1,77
15,360,50.400000,0.000000,0,0,178523155,1122,0,1122,-23,0,1,77
15,360,50.400000,0.000000,0,0,178523168,1122,0,1122,-23,0,1,77
15,360,50.400000,0.000000,0,0,178523181,1122,0,1122,-23,0,1,77
15,360,50.400000,0.000000,0,0,178523194,1122,0,1122,-23,0,1,77
15,360,50.400000,0.000000,0,0,178523206,1122,0,1122,-23,0,1,77
15,360,50.400000,0.000000,0,0,178523220,1122,0,1122,-23,0,1,77
15,360,50.400000,0.000000,0,0,178523234,1122,0,1122,-23,0,1,77
15,360,50.400000,0.000000,0,0,178523248,1123,0,1123,-23,0,1,77
15,360,50.400000,0.000000,0,0,178523262,1127,0,1127,-23,0,1,77
15,360,50.400000,0.000000,0,0,178523275,1131,0,1131,-23,0,1,77
15,360,50.400000,0.000000,0,0,178523288,1135,0,1135,-23,0,1,77
15,360,50.400000,0.000000,0,0,178523302,1135,0,1135,-23,0,1,77
15,360,50.400000,0.000000,0,0,178523315,1135,0,1135,-23,0,1,77
15,360,50.400000,0.000000,0,0,178523328,1135,0,1135,-23,0,1,77
15,360,50.400000,0.000000,0,0,178523341,1135,0,1135,-23,0,1,77
