15,720,82.800000,12.276000,1,1,178556226,600,22,600,22,0,1,104
15,720,82.800000,12.276000,1,1,178556227,600,22,600,22,0,1,104
15,720,82.800000,12.276000,1,1,178556241,600,22,600,22,0,1,104
15,720,82.800000,12.276000,1,1,178556255,600,22,600,22,0,1,104
15,720,82.800000,12.276000,1,1,178556268,600,22,600,22,0,1,104
15,720,82.800000,12.276000,1,1,178556282,600,22,600,22,0,1,104
15,720,82.800000,12.276000,1,1,178556295,600,22,600,22,0,1,104
15,720,82.800000,12.276000,1,1,178556310,600,22,600,22,0,1,104
15,720,82.800000,12.276000,1,1,178556325,602,22,602,22,0,1,104
15,720,82.800000,12.276000,1,1,178556340,609,22,609,22,0,1,104
15,720,82.800000,12.276000,1,1,178556355,626,21,626,21,0,1,104
15,720,82.800000,12.276000,1,1,178556369,660,20,660,20,0,1,104
15,720,82.800000,12.276000,1,1,178556382,724,19,724,19,0,1,104
15,720,82.800000,12.276000,1,1,178556396,817,18,817,18,0,1,104
15,720,82.800000,12.276000,1,1,178556410,916,17,916,17,0,1,104
15,720,82.800000,12.276000,1,1,178556425,1006,15,1006,15,0,1,104
15,720,82.800000,12.276000,1,1,178556438,1084,12,1084,12,0,1,104
15,720,82.800000,12.276000,1,1,178556452,1148,7,1148,7,0,1,104
15,720,82.800000,12.276000,1,1,178556465,1202,3,1202,3,0,1,104
15,720,82.800000,12.276000,1,1,178556478,1232,1,1232,1,0,1,104
15,720,82.800000,12.276000,1,1,178556492,1252,0,1252,-1,0,1,104
15,720,82.800000,12.276000,1,1,178556506,1260,0,1260,-2,0,1,104
15,720,82.800000,12.276000,1,1,178556519,1261,0,1261,-2,0,1,104
15,720,82.800000,12.276000,1,1,178556533,1261,0,1261,-2,0,1,104
15,720,82.800000,12.276000,1,1,178556546,1261,0,1261,-2,0,1,104
15,720,82.800000,12.276000,1,1,178556560,1261,0,1261,-2,0,1,104
15,720,82.800000,12.276000,1,1,178556573,1261,0,1261,-2,0,1,104
15,720,82.800000,12.276000,1,1,178556587,1261,0,1261,-2,0,1,104
15,720,82.800000,12.276000,1,1,178556600,1261,0,1261,-2,0,1,104
15,720,82.800000,12.276000,1,1,178556613,1261,0,1261,-2,0,1,104
15,720,82.800000,12.276000,1,1,178556629,1261,0,1261,-2,0,1,104
15,720,82.800000,12.276000,1,1,178556643,1261,0,1261,-2,0,1,104
15,720,82.800000,12.276000,1,1,178556657,1261,0,1261,-2,0,1,104
15,720,82.800000,12.276000,1,1,178556670,1261,0,1261,-2,0,1,104
15,720,82.800000,12.276000,1,1,178556684,1261,0,1261,-2,0,1,104
15,720,82.800000,12.276000,1,1,178556697,1261,0,1261,-2,0,1,104
15,720,82.800000,12.276000,1,1,178556711,1261,0,1261,-2,0,1,104
15,720,82.800000,12.276000,1,1,178556724,1264,0,1264,-2,0,1,104
15,720,82.800000,12.276000,1,1,178556738,1269,0,1269,-3,0,1,104
15,720,82.800000,12.276000,1,1,178556752,1277,0,1277,-3,0,1,104
15,720,82.800000,12.276000,1,1,178556766,1284,0,1284,-3,0,1,104
15,720,82.800000,12.276000,1,1,178556779,1289,0,1289,-3,0,1,104
15,720,82.800000,12.276000,1,1,178556791,1291,0,1291,-4,0,1,104
15,720,82.800000,12.276000,1,1,178556806,1293,0,1293,-5,0,1,104
15,720,82.800000,12.276000,1,1,178556819,1293,0,1293,-5,0,1,104
15,720,82.800000,12.276000,1,1,178556833,1293,0,1293,-5,0,1,104
