15,720,50.400000,12.276000,1,0,178423306,600,0,600,0,0,1,1
15,720,50.400000,12.276000,1,0,178423307,600,0,600,0,0,1,1
15,720,50.400000,12.276000,1,0,178423321,600,0,600,0,0,1,1
15,720,50.400000,12.276000,1,0,178423336,600,0,600,0,0,1,1
15,720,50.400000,12.276000,1,0,178423352,600,0,600,0,0,1,1
15,720,50.400000,12.276000,1,0,178423367,600,0,600,0,0,1,1
15,720,50.400000,12.276000,1,0,178423382,600,0,600,0,0,1,1
15,720,50.400000,12.276000,1,0,178423399,604,0,604,0,0,1,1
15,720,50.400000,12.276000,1,0,178423415,620,0,620,0,0,1,1
15,720,50.400000,12.276000,1,0,178423430,659,0,659,0,0,1,1
15,720,50.400000,12.276000,1,0,178423447,735,0,735,0,0,1,1
15,720,50.400000,12.276000,1,0,178423461,847,0,847,-1,0,1,1
15,720,50.400000,12.276000,1,0,178423477,965,0,965,-3,0,1,1
15,720,50.400000,12.276000,1,0,178423492,1082,0,1082,-6,0,1,1
15,720,50.400000,12.276000,1,0,178423507,1175,0,1175,-8,0,1,1
15,720,50.400000,12.276000,1,0,178423523,1242,0,1242,-11,0,1,1
15,720,50.400000,12.276000,1,0,178423538,1274,0,1274,-12,0,1,1
15,720,50.400000,12.276000,1,0,178423553,1283,0,1283,-13,0,1,1
15,720,50.400000,12.276000,1,0,178423568,1283,0,1283,-13,0,1,1
15,720,50.400000,12.276000,1,0,178423589,1283,0,1283,-13,0,1,1
15,720,50.400000,12.276000,1,0,178423605,1283,0,1283,-13,0,1,1
15,720,50.400000,12.276000,1,0,178423620,1283,0,1283,-13,0,1,1
15,720,50.400000,12.276000,1,0,178423634,1283,0,1283,-13,0,1,1
15,720,50.400000,12.276000,1,0,178423648,1283,0,1283,-13,0,1,1
15,720,50.400000,12.276000,1,0,178423661,1283,0,1283,-13,0,1,1
15,720,50.400000,12.276000,1,0,178423676,1283,0,1283,-13,0,1,1
15,720,50.400000,12.276000,1,0,178423690,1283,0,1283,-13,0,1,1
15,720,50.400000,12.276000,1,0,178423705,1283,0,1283,-13,0,1,1
15,720,50.400000,12.276000,1,0,178423719,1283,0,1283,-13,0,1,1
15,720,50.400000,12.276000,1,0,178423733,1283,0,1283,-13,0,1,1
15,720,50.400000,12.276000,1,0,178423747,1284,0,1284,-13,0,1,1
15,720,50.400000,12.276000,1,0,178423762,1285,0,1285,-13,0,1,1
15,720,50.400000,12.276000,1,0,178423776,1288,0,1288,-13,0,1,1
15,720,50.400000,12.276000,1,0,178423791,1289,0,1289,-13,0,1,1
15,720,50.400000,12.276000,1,0,178423806,1290,0,1290,-13,0,1,1
15,720,50.400000,12.276000,1,0,178423820,1292,0,1292,-13,0,1,1
15,720,50.400000,12.276000,1,0,178423835,1298,0,1298,-13,0,1,1
15,720,50.400000,12.276000,1,0,178423849,1307,0,1307,-13,0,1,1
15,720,50.400000,12.276000,1,0,178423864,1315,0,1315,-13,0,1,1
15,720,50.400000,12.276000,1,0,178423878,1319,0,1319,-13,0,1,1
15,720,50.400000,12.276000,1,0,178423892,1320,0,1320,-13,0,1,1
15,720,50.400000,12.276000,1,0,178423906,1320,0,1320,-13,0,1,1
15,720,50.400000,12.276000,1,0,178423919,1320,0,1320,-13,0,1,1
15,720,50.400000,12.276000,1,0,178423934,1320,0,1320,-13,0,1,1
15,720,50.400000,12.276000,1,0,178423947,1320,0,1320,-13,0,1,1
