15,720,50.400000,22.608000,1,0,178574148,600,0,600,0,0,1,117
15,720,50.400000,22.608000,1,0,178574149,600,0,600,0,0,1,117
15,720,50.400000,22.608000,1,0,178574162,600,0,600,0,0,1,117
15,720,50.400000,22.608000,1,0,178574176,600,0,600,-1,0,1,117
15,720,50.400000,22.608000,1,0,178574190,600,0,600,-1,0,1,117
15,720,50.400000,22.608000,1,0,178574203,600,0,600,-1,0,1,117
15,720,50.400000,22.608000,1,0,178574217,601,0,601,-1,0,1,117
15,720,50.400000,22.608000,1,0,178574232,611,0,611,-1,0,1,117
15,720,50.400000,22.608000,1,0,178574247,642,0,642,-1,0,1,117
15,720,50.400000,22.608000,1,0,178574260,696,0,696,-2,0,1,117
15,720,50.400000,22.608000,1,0,178574275,773,0,773,-3,0,1,117
15,720,50.400000,22.608000,1,0,178574289,880,0,880,-4,0,1,117
15,720,50.400000,22.608000,1,0,178574302,977,0,977,-7,0,1,117
15,720,50.400000,22.608000,1,0,178574317,1055,0,1055,-10,0,1,117
15,720,50.400000,22.608000,1,0,178574332,1124,0,1124,-12,0,1,117
15,720,50.400000,22.608000,1,0,178574345,1175,0,1175,-13,0,1,117
15,720,50.400000,22.608000,1,0,178574360,1203,0,1203,-14,0,1,117
15,720,50.400000,22.608000,1,0,178574374,1217,0,1217,-16,0,1,117
15,720,50.400000,22.608000,1,0,178574387,1220,0,1220,-16,0,1,117
15,720,50.400000,22.608000,1,0,178574400,1220,0,1220,-16,0,1,117
15,720,50.400000,22.608000,1,0,178574414,1220,0,1220,-16,0,1,117
15,720,50.400000,22.608000,1,0,178574428,1220,0,1220,-16,0,1,117
15,720,50.400000,22.608000,1,0,178574442,1220,0,1220,-16,0,1,117
15,720,50.400000,22.608000,1,0,178574457,1221,0,1221,-16,0,1,117
15,720,50.400000,22.608000,1,0,178574472,1223,0,1223,-16,0,1,117
15,720,50.400000,22.608000,1,0,178574485,1229,0,1229,-16,0,1,117
15,720,50.400000,22.608000,1,0,178574498,1235,1,1235,-15,0,1,117
15,720,50.400000,22.608000,1,0,178574512,1236,1,1236,-15,0,1,117
15,720,50.400000,22.608000,1,0,178574525,1236,1,1236,-15,0,1,117
15,720,50.400000,22.608000,1,0,178574539,1236,1,1236,-15,0,1,117
15,720,50.400000,22.608000,1,0,178574553,1236,1,1236,-15,0,1,117
15,720,50.400000,22.608000,1,0,178574567,1237,1,1237,-15,0,1,117
15,720,50.400000,22.608000,1,0,178574581,1241,1,1241,-15,0,1,117
15,720,50.400000,22.608000,1,0,178574594,1249,1,1249,-15,0,1,117
15,720,50.400000,22.608000,1,0,178574608,1260,1,1260,-15,0,1,117
15,720,50.400000,22.608000,1,0,178574622,1273,1,1273,-15,0,1,117
15,720,50.400000,22.608000,1,0,178574635,1288,1,1288,-15,0,1,117
15,720,50.400000,22.608000,1,0,178574649,1300,1,1300,-15,0,1,117
15,720,50.400000,22.608000,1,0,178574664,1310,1,1310,-15,0,1,117
15,720,50.400000,22.608000,1,0,178574677,1317,1,1317,-15,0,1,117
15,720,50.400000,22.608000,1,0,178574690,1319,1,1319,-15,0,1,117
15,720,50.400000,22.608000,1,0,178574703,1321,1,1321,-15,0,1,117
15,720,50.400000,22.608000,1,0,178574716,1321,1,1321,-15,0,1,117
15,720,50.400000,22.608000,1,0,178574730,1321,1,1321,-15,0,1,117
15,720,50.400000,22.608000,1,0,178574744,1321,1,1321,-15,0,1,117
15,720,50.400000,22.608000,1,0,178574758,1321,1,1321,-15,0,1,117
15,720,50.400000,22.608000,1,0,178574771,1322,1,1322,-15,0,1,117
15,720,50.400000,22.608000,1,0,178574784,1323,1,1323,-15,0,1,117
15,720,50.400000,22.608000,1,0,178574797,1323,1,1323,-15,0,1,117
15,720,50.400000,22.608000,1,0,178574810,1323,1,1323,-15,0,1,117
15,720,50.400000,22.608000,1,0,178574824,1323,1,1323,-15,0,1,117
15,720,50.400000,22.608000,1,0,178574837,1323,1,1323,-15,0,1,117
