15,720,50.400000,12.276000,0,1,178692609,600,22,600,22,0,2,87
15,720,50.400000,12.276000,0,1,178692610,600,22,600,22,0,2,87
15,720,50.400000,12.276000,0,1,178692625,600,22,600,22,0,2,87
15,720,50.400000,12.276000,0,1,178692639,600,22,600,22,0,2,87
15,720,50.400000,12.276000,0,1,178692654,600,22,600,22,0,2,87
15,720,50.400000,12.276000,0,1,178692667,600,22,600,22,0,2,87
15,720,50.400000,12.276000,0,1,178692680,600,22,600,22,0,2,87
15,720,50.400000,12.276000,0,1,178692695,600,22,600,22,0,2,87
15,720,50.400000,12.276000,0,1,178692708,611,20,611,20,0,2,87
15,720,50.400000,12.276000,0,1,178692722,637,17,637,17,0,2,87
15,720,50.400000,12.276000,0,1,178692738,683,12,683,12,0,2,87
15,720,50.400000,12.276000,0,1,178692752,770,4,770,4,0,2,87
15,720,50.400000,12.276000,0,1,178692765,856,0,856,-4,0,2,87
15,720,50.400000,12.276000,0,1,178692780,940,0,940,-12,0,2,87
15,720,50.400000,12.276000,0,1,178692795,1016,0,1016,-19,0,2,87
15,720,50.400000,12.276000,0,1,178692809,1070,0,1070,-21,0,2,87
15,720,50.400000,12.276000,0,1,178692822,1116,0,1116,-24,0,2,87
15,720,50.400000,12.276000,0,1,178692836,1153,0,1153,-26,0,2,87
15,720,50.400000,12.276000,0,1,178692850,1183,0,1183,-29,0,2,87
15,720,50.400000,12.276000,0,1,178692863,1213,0,1213,-30,0,2,87
15,720,50.400000,12.276000,0,1,178692877,1243,0,1243,-31,0,2,87
15,720,50.400000,12.276000,0,1,178692891,1269,0,1269,-32,0,2,87
15,720,50.400000,12.276000,0,1,178692904,1291,0,1291,-32,0,2,87
15,720,50.400000,12.276000,0,1,178692918,1297,0,1297,-32,0,2,87
15,720,50.400000,12.276000,0,1,178692931,1297,0,1297,-32,0,2,87
15,720,50.400000,12.276000,0,1,178692943,1297,0,1297,-32,0,2,87
15,720,50.400000,12.276000,0,1,178692956,1296,0,1296,-32,0,2,87
15,720,50.400000,12.276000,0,1,178692969,1295,0,1295,-32,0,2,87
15,720,50.400000,12.276000,0,1,178692981,1294,0,1294,-32,0,2,87
15,720,50.400000,12.276000,0,1,178692995,1294,0,1294,-32,0,2,87
15,720,50.400000,12.276000,0,1,178693008,1294,0,1294,-32,0,2,87
15,720,50.400000,12.276000,0,1,178693021,1294,1,1294,-31,0,2,87
15,720,50.400000,12.276000,0,1,178693034,1294,1,1294,-31,0,2,87
15,720,50.400000,12.276000,0,1,178693047,1294,1,1294,-31,0,2,87
15,720,50.400000,12.276000,0,1,178693060,1299,3,1299,-29,0,2,87
15,720,50.400000,12.276000,0,1,178693075,1314,5,1314,-27,0,2,87
15,720,50.400000,12.276000,0,1,178693088,1332,5,1332,-27,0,2,87
15,720,50.400000,12.276000,0,1,178693102,1341,5,1341,-27,0,2,87
15,720,50.400000,12.276000,0,1,178693116,1343,5,1343,-27,0,2,87
15,720,50.400000,12.276000,0,1,178693130,1343,5,1343,-27,0,2,87
15,720,50.400000,12.276000,0,1,178693143,1343,5,1343,-27,0,2,87
15,720,50.400000,12.276000,0,1,178693157,1342,5,1342,-27,0,2,87
15,720,50.400000,12.276000,0,1,178693170,1341,5,1341,-27,0,2,87
15,720,50.400000,12.276000,0,1,178693183,1341,5,1341,-27,0,2,87
15,720,50.400000,12.276000,0,1,178693197,1341,5,1341,-27,0,2,87
15,720,50.400000,12.276000,0,1,178693210,1340,5,1340,-27,0,2,87
15,720,50.400000,12.276000,0,1,178693223,1337,5,1337,-27,0,2,87
15,720,50.400000,12.276000,0,1,178693237,1334,6,1334,-26,0,2,87
15,720,50.400000,12.276000,0,1,178693250,1332,6,1332,-26,0,2,87
15,720,50.400000,12.276000,0,1,178693263,1331,6,1331,-26,0,2,87
15,720,50.400000,12.276000,0,1,178693276,1330,7,1330,-25,0,2,87
15,720,50.400000,12.276000,0,1,178693289,1329,7,1329,-25,0,2,87
15,720,50.400000,12.276000,0,1,178693304,1327,7,1327,-25,0,2,87
15,720,50.400000,12.276000,0,1,178693318,1326,7,1326,-25,0,2,87
15,720,50.400000,12.276000,0,1,178693332,1325,8,1325,-24,0,2,87
15,720,50.400000,12.276000,0,1,178693346,1324,8,1324,-24,0,2,87
15,720,50.400000,12.276000,0,1,178693361,1324,8,1324,-24,0,2,87
15,720,50.400000,12.276000,0,1,178693376,1324,8,1324,-24,0,2,87
15,720,50.400000,12.276000,0,1,178693390,1324,8,1324,-24,0,2,87
