15,720,21.600000,0.000000,0,0,178702771,600,0,600,0,0,2,94
15,720,21.600000,0.000000,0,0,178702772,600,0,600,0,0,2,94
15,720,21.600000,0.000000,0,0,178702785,600,0,600,0,0,2,94
15,720,21.600000,0.000000,0,0,178702798,600,0,600,0,0,2,94
15,720,21.600000,0.000000,0,0,178702812,600,0,600,0,0,2,94
15,720,21.600000,0.000000,0,0,178702825,600,0,600,0,0,2,94
15,720,21.600000,0.000000,0,0,178702838,600,0,600,0,0,2,94
15,720,21.600000,0.000000,0,0,178702850,600,0,600,0,0,2,94
15,720,21.600000,0.000000,0,0,178702865,600,0,600,0,0,2,94
15,720,21.600000,0.000000,0,0,178702879,600,0,600,0,0,2,94
15,720,21.600000,0.000000,0,0,178702893,600,0,600,0,0,2,94
15,720,21.600000,0.000000,0,0,178702906,600,0,600,0,0,2,94
15,720,21.600000,0.000000,0,0,178702918,600,0,600,0,0,2,94
15,720,21.600000,0.000000,0,0,178702932,600,0,600,0,0,2,94
15,720,21.600000,0.000000,0,0,178702946,600,0,600,0,0,2,94
15,720,21.600000,0.000000,0,0,178702960,605,0,605,0,0,2,94
15,720,21.600000,0.000000,0,0,178702973,619,0,619,-1,0,2,94
15,720,21.600000,0.000000,0,0,178702989,647,0,647,-1,0,2,94
15,720,21.600000,0.000000,0,0,178703002,718,1,718,0,0,2,94
15,720,21.600000,0.000000,0,0,178703016,809,2,809,1,0,2,94
15,720,21.600000,0.000000,0,0,178703031,907,2,907,1,0,2,94
15,720,21.600000,0.000000,0,0,178703045,1010,1,1010,0,0,2,94
15,720,21.600000,0.000000,0,0,178703059,1109,0,1109,-2,0,2,94
15,720,21.600000,0.000000,0,0,178703073,1195,0,1195,-4,0,2,94
15,720,21.600000,0.000000,0,0,178703087,1252,0,1252,-5,0,2,94
15,720,21.600000,0.000000,0,0,178703100,1283,0,1283,-7,0,2,94
15,720,21.600000,0.000000,0,0,178703114,1294,0,1294,-7,0,2,94
15,720,21.600000,0.000000,0,0,178703129,1295,0,1295,-7,0,2,94
15,720,21.600000,0.000000,0,0,178703142,1295,0,1295,-7,0,2,94
15,720,21.600000,0.000000,0,0,178703155,1296,0,1296,-7,0,2,94
15,720,21.600000,0.000000,0,0,178703169,1298,0,1298,-7,0,2,94
15,720,21.600000,0.000000,0,0,178703183,1301,0,1301,-7,0,2,94
15,720,21.600000,0.000000,0,0,178703198,1307,0,1307,-7,0,2,94
15,720,21.600000,0.000000,0,0,178703212,1315,0,1315,-7,0,2,94
15,720,21.600000,0.000000,0,0,178703225,1318,0,1318,-7,0,2,94
15,720,21.600000,0.000000,0,0,178703239,1321,0,1321,-7,0,2,94
15,720,21.600000,0.000000,0,0,178703253,1321,0,1321,-7,0,2,94
15,720,21.600000,0.000000,0,0,178703266,1321,0,1321,-7,0,2,94
15,720,21.600000,0.000000,0,0,178703280,1321,0,1321,-7,0,2,94
15,720,21.600000,0.000000,0,0,178703295,1321,0,1321,-7,0,2,94
15,720,21.600000,0.000000,0,0,178703309,1325,0,1325,-7,0,2,94
15,720,21.600000,0.000000,0,0,178703323,1333,0,1333,-7,0,2,94
15,720,21.600000,0.000000,0,0,178703335,1340,0,1340,-7,0,2,94
15,720,21.600000,0.000000,0,0,178703348,1341,0,1341,-7,0,2,94
15,720,21.600000,0.000000,0,0,178703361,1341,0,1341,-7,0,2,94
15,720,21.600000,0.000000,0,0,178703374,1341,0,1341,-7,0,2,94
15,720,21.600000,0.000000,0,0,178703387,1341,0,1341,-7,0,2,94
15,720,21.600000,0.000000,0,0,178703400,1341,0,1341,-7,0,2,94
15,720,21.600000,0.000000,0,0,178703414,1342,0,1342,-7,0,2,94
15,720,21.600000,0.000000,0,0,178703428,1342,0,1342,-7,0,2,94
15,720,21.600000,0.000000,0,0,178703441,1342,0,1342,-7,0,2,94
15,720,21.600000,0.000000,0,0,178703454,1342,0,1342,-7,0,2,94
15,720,21.600000,0.000000,0,0,178703467,1342,0,1342,-7,0,2,94
15,720,21.600000,0.000000,0,0,178703481,1342,0,1342,-7,0,2,94
15,720,21.600000,0.000000,0,0,178703494,1342,0,1342,-7,0,2,94
15,720,21.600000,0.000000,0,0,178703507,1341,0,1341,-7,0,2,94
15,720,21.600000,0.000000,0,0,178703521,1340,0,1340,-7,0,2,94
15,720,21.600000,0.000000,0,0,178703535,1336,0,1336,-7,0,2,94
15,720,21.600000,0.000000,0,0,178703548,1329,0,1329,-7,0,2,94
15,720,21.600000,0.000000,0,0,178703562,1325,1,1325,-6,0,2,94
15,720,21.600000,0.000000,0,0,178703576,1323,2,1323,-5,0,2,94
15,720,21.600000,0.000000,0,0,178703590,1322,2,1322,-5,0,2,94
15,720,21.600000,0.000000,0,0,178703603,1321,2,1321,-5,0,2,94
15,720,21.600000,0.000000,0,0,178703617,1321,2,1321,-5,0,2,94
15,720,21.600000,0.000000,0,0,178703630,1321,2,1321,-5,0,2,94
15,720,21.600000,0.000000,0,0,178703644,1321,3,1321,-4,0,2,94
15,720,21.600000,0.000000,0,0,178703658,1321,3,1321,-4,0,2,94
15,720,21.600000,0.000000,0,0,178703671,1320,3,1320,-4,0,2,94
15,720,21.600000,0.000000,0,0,178703685,1320,3,1320,-4,0,2,94
15,720,21.600000,0.000000,0,0,178703698,1320,3,1320,-4,0,2,94
15,720,21.600000,0.000000,0,0,178703711,1320,3,1320,-4,0,2,94
