15,360,50.400000,42.984000,1,1,178675309,780,22,780,22,0,2,76
15,360,50.400000,42.984000,1,1,178675309,780,22,780,22,0,2,76
15,360,50.400000,42.984000,1,1,178675325,780,22,780,22,0,2,76
15,360,50.400000,42.984000,1,1,178675340,780,22,780,22,0,2,76
15,360,50.400000,42.984000,1,1,178675354,780,22,780,22,0,2,76
15,360,50.400000,42.984000,1,1,178675368,784,21,784,21,0,2,76
15,360,50.400000,42.984000,1,1,178675382,803,20,803,20,0,2,76
15,360,50.400000,42.984000,1,1,178675396,846,19,846,19,0,2,76
15,360,50.400000,42.984000,1,1,178675409,932,17,932,17,0,2,76
15,360,50.400000,42.984000,1,1,178675424,1023,15,1023,15,0,2,76
15,360,50.400000,42.984000,1,1,178675438,1136,11,1136,11,0,2,76
15,360,50.400000,42.984000,1,1,178675451,1196,8,1196,8,0,2,76
15,360,50.400000,42.984000,1,1,178675465,1221,7,1221,7,0,2,76
15,360,50.400000,42.984000,1,1,178675478,1221,7,1221,7,0,2,76
15,360,50.400000,42.984000,1,1,178675491,1221,7,1221,7,0,2,76
15,360,50.400000,42.984000,1,1,178675505,1219,7,1219,7,0,2,76
15,360,50.400000,42.984000,1,1,178675518,1218,7,1218,7,0,2,76
15,360,50.400000,42.984000,1,1,178675532,1218,7,1218,7,0,2,76
15,360,50.400000,42.984000,1,1,178675545,1218,7,1218,7,0,2,76
15,360,50.400000,42.984000,1,1,178675559,1218,7,1218,7,0,2,76
15,360,50.400000,42.984000,1,1,178675572,1218,7,1218,7,0,2,76
15,360,50.400000,42.984000,1,1,178675585,1218,7,1218,7,0,2,76
15,360,50.400000,42.984000,1,1,178675599,1217,7,1217,7,0,2,76
15,360,50.400000,42.984000,1,1,178675612,1217,7,1217,7,0,2,76
15,360,50.400000,42.984000,1,1,178675627,1217,7,1217,7,0,2,76
15,360,50.400000,42.984000,1,1,178675641,1217,7,1217,7,0,2,76
15,360,50.400000,42.984000,1,1,178675654,1216,7,1216,7,0,2,76
15,360,50.400000,42.984000,1,1,178675667,1214,7,1214,7,0,2,76
15,360,50.400000,42.984000,1,1,178675681,1208,7,1208,7,0,2,76
15,360,50.400000,42.984000,1,1,178675695,1199,7,1199,7,0,2,76
15,360,50.400000,42.984000,1,1,178675708,1189,7,1189,7,0,2,76
15,360,50.400000,42.984000,1,1,178675722,1182,7,1182,7,0,2,76
15,360,50.400000,42.984000,1,1,178675735,1178,6,1178,6,0,2,76
15,360,50.400000,42.984000,1,1,178675750,1172,5,1172,5,0,2,76
15,360,50.400000,42.984000,1,1,178675764,1167,4,1167,4,0,2,76
15,360,50.400000,42.984000,1,1,178675779,1161,3,1161,3,0,2,76
15,360,50.400000,42.984000,1,1,178675792,1156,2,1156,2,0,2,76
15,360,50.400000,42.984000,1,1,178675807,1155,2,1155,2,0,2,76
15,360,50.400000,42.984000,1,1,178675820,1154,2,1154,2,0,2,76
15,360,50.400000,42.984000,1,1,178675833,1154,2,1154,2,0,2,76
15,360,50.400000,42.984000,1,1,178675848,1153,2,1153,2,0,2,76
15,360,50.400000,42.984000,1,1,178675863,1151,1,1151,1,0,2,76
15,360,50.400000,42.984000,1,1,178675876,1150,1,1150,1,0,2,76
15,360,50.400000,42.984000,1,1,178675889,1149,1,1149,1,0,2,76
15,360,50.400000,42.984000,1,1,178675902,1149,1,1149,1,0,2,76
15,360,50.400000,42.984000,1,1,178675915,1149,1,1149,1,0,2,76
15,360,50.400000,42.984000,1,1,178675928,1149,0,1149,0,0,2,76
