15,720,50.400000,42.984000,1,0,178704419,600,0,600,0,0,2,95
15,720,50.400000,42.984000,1,0,178704420,600,0,600,0,0,2,95
15,720,50.400000,42.984000,1,0,178704433,600,0,600,0,0,2,95
15,720,50.400000,42.984000,1,0,178704447,600,0,600,0,0,2,95
15,720,50.400000,42.984000,1,0,178704461,600,0,600,0,0,2,95
15,720,50.400000,42.984000,1,0,178704475,600,0,600,0,0,2,95
15,720,50.400000,42.984000,1,0,178704488,600,0,600,0,0,2,95
15,720,50.400000,42.984000,1,0,178704502,600,0,600,0,0,2,95
15,720,50.400000,42.984000,1,0,178704516,603,0,603,0,0,2,95
15,720,50.400000,42.984000,1,0,178704530,620,0,620,0,0,2,95
15,720,50.400000,42.984000,1,0,178704544,658,0,658,-1,0,2,95
15,720,50.400000,42.984000,1,0,178704557,732,0,732,-2,0,2,95
15,720,50.400000,42.984000,1,0,178704572,814,0,814,-4,0,2,95
15,720,50.400000,42.984000,1,0,178704586,915,0,915,-7,0,2,95
15,720,50.400000,42.984000,1,0,178704599,1002,0,1002,-11,0,2,95
15,720,50.400000,42.984000,1,0,178704613,1087,0,1087,-17,0,2,95
15,720,50.400000,42.984000,1,0,178704626,1154,0,1154,-19,0,2,95
15,720,50.400000,42.984000,1,0,178704640,1206,0,1206,-20,0,2,95
15,720,50.400000,42.984000,1,0,178704654,1243,0,1243,-21,0,2,95
15,720,50.400000,42.984000,1,0,178704669,1279,0,1279,-22,0,2,95
15,720,50.400000,42.984000,1,0,178704683,1303,0,1303,-23,0,2,95
15,720,50.400000,42.984000,1,0,178704696,1314,0,1314,-24,0,2,95
15,720,50.400000,42.984000,1,0,178704710,1317,0,1317,-24,0,2,95
15,720,50.400000,42.984000,1,0,178704724,1318,0,1318,-24,0,2,95
15,720,50.400000,42.984000,1,0,178704737,1319,0,1319,-24,0,2,95
15,720,50.400000,42.984000,1,0,178704750,1319,0,1319,-24,0,2,95
15,720,50.400000,42.984000,1,0,178704763,1319,0,1319,-24,0,2,95
15,720,50.400000,42.984000,1,0,178704775,1319,0,1319,-24,0,2,95
15,720,50.400000,42.984000,1,0,178704788,1319,0,1319,-24,0,2,95
15,720,50.400000,42.984000,1,0,178704800,1319,0,1319,-24,0,2,95
15,720,50.400000,42.984000,1,0,178704814,1319,0,1319,-24,0,2,95
15,720,50.400000,42.984000,1,0,178704829,1319,0,1319,-24,0,2,95
15,720,50.400000,42.984000,1,0,178704842,1323,0,1323,-24,0,2,95
15,720,50.400000,42.984000,1,0,178704855,1325,0,1325,-24,0,2,95
15,720,50.400000,42.984000,1,0,178704868,1325,0,1325,-24,0,2,95
15,720,50.400000,42.984000,1,0,178704881,1325,0,1325,-24,0,2,95
15,720,50.400000,42.984000,1,0,178704895,1325,0,1325,-24,0,2,95
15,720,50.400000,42.984000,1,0,178704908,1325,0,1325,-24,0,2,95
