15,720,50.400000,42.984000,1,1,178591247,600,22,600,22,0,2,9
15,720,50.400000,42.984000,1,1,178591248,600,22,600,22,0,2,9
15,720,50.400000,42.984000,1,1,178591261,600,22,600,22,0,2,9
15,720,50.400000,42.984000,1,1,178591275,600,22,600,22,0,2,9
15,720,50.400000,42.984000,1,1,178591288,600,22,600,22,0,2,9
15,720,50.400000,42.984000,1,1,178591302,600,22,600,22,0,2,9
15,720,50.400000,42.984000,1,1,178591315,600,22,600,22,0,2,9
15,720,50.400000,42.984000,1,1,178591332,600,22,600,22,0,2,9
15,720,50.400000,42.984000,1,1,178591346,616,20,616,20,0,2,9
15,720,50.400000,42.984000,1,1,178591360,654,17,654,17,0,2,9
15,720,50.400000,42.984000,1,1,178591374,730,12,730,12,0,2,9
15,720,50.400000,42.984000,1,1,178591390,842,4,842,4,0,2,9
15,720,50.400000,42.984000,1,1,178591404,987,0,987,-1,0,2,9
15,720,50.400000,42.984000,1,1,178591418,1110,0,1110,-5,0,2,9
15,720,50.400000,42.984000,1,1,178591431,1202,0,1202,-9,0,2,9
15,720,50.400000,42.984000,1,1,178591445,1263,0,1263,-9,0,2,9
15,720,50.400000,42.984000,1,1,178591459,1295,0,1295,-10,0,2,9
15,720,50.400000,42.984000,1,1,178591472,1311,0,1311,-10,0,2,9
15,720,50.400000,42.984000,1,1,178591485,1313,0,1313,-10,0,2,9
15,720,50.400000,42.984000,1,1,178591499,1313,0,1313,-10,0,2,9
15,720,50.400000,42.984000,1,1,178591512,1313,0,1313,-10,0,2,9
15,720,50.400000,42.984000,1,1,178591527,1313,0,1313,-10,0,2,9
15,720,50.400000,42.984000,1,1,178591541,1313,0,1313,-10,0,2,9
15,720,50.400000,42.984000,1,1,178591555,1313,0,1313,-10,0,2,9
15,720,50.400000,42.984000,1,1,178591568,1313,0,1313,-10,0,2,9
15,720,50.400000,42.984000,1,1,178591581,1313,0,1313,-10,0,2,9
15,720,50.400000,42.984000,1,1,178591595,1313,0,1313,-10,0,2,9
15,720,50.400000,42.984000,1,1,178591610,1313,0,1313,-10,0,2,9
15,720,50.400000,42.984000,1,1,178591623,1313,0,1313,-10,0,2,9
15,720,50.400000,42.984000,1,1,178591637,1312,0,1312,-10,0,2,9
15,720,50.400000,42.984000,1,1,178591650,1312,0,1312,-10,0,2,9
15,720,50.400000,42.984000,1,1,178591664,1312,0,1312,-10,0,2,9
15,720,50.400000,42.984000,1,1,178591678,1312,0,1312,-10,0,2,9
15,720,50.400000,42.984000,1,1,178591692,1311,0,1311,-10,0,2,9
15,720,50.400000,42.984000,1,1,178591706,1310,0,1310,-10,0,2,9
15,720,50.400000,42.984000,1,1,178591718,1310,0,1310,-10,0,2,9
