15,720,21.600000,0.000000,1,1,178656859,600,22,600,22,0,2,62
15,720,21.600000,0.000000,1,1,178656860,600,22,600,22,0,2,62
15,720,21.600000,0.000000,1,1,178656875,600,22,600,22,0,2,62
15,720,21.600000,0.000000,1,1,178656888,600,22,600,22,0,2,62
15,720,21.600000,0.000000,1,1,178656902,600,22,600,22,0,2,62
15,720,21.600000,0.000000,1,1,178656915,600,22,600,22,0,2,62
15,720,21.600000,0.000000,1,1,178656928,600,22,600,22,0,2,62
15,720,21.600000,0.000000,1,1,178656943,601,21,601,21,0,2,62
15,720,21.600000,0.000000,1,1,178656956,609,18,609,18,0,2,62
15,720,21.600000,0.000000,1,1,178656971,632,13,632,13,0,2,62
15,720,21.600000,0.000000,1,1,178656985,686,2,686,2,0,2,62
15,720,21.600000,0.000000,1,1,178656999,768,0,768,-10,0,2,62
15,720,21.600000,0.000000,1,1,178657014,854,0,854,-19,0,2,62
15,720,21.600000,0.000000,1,1,178657028,948,0,948,-26,0,2,62
15,720,21.600000,0.000000,1,1,178657042,1034,0,1034,-29,0,2,62
15,720,21.600000,0.000000,1,1,178657056,1093,0,1093,-32,0,2,62
15,720,21.600000,0.000000,1,1,178657070,1129,0,1129,-34,0,2,62
15,720,21.600000,0.000000,1,1,178657084,1141,0,1141,-35,0,2,62
15,720,21.600000,0.000000,1,1,178657098,1145,0,1145,-37,0,2,62
15,720,21.600000,0.000000,1,1,178657112,1148,0,1148,-37,0,2,62
15,720,21.600000,0.000000,1,1,178657126,1151,0,1151,-38,0,2,62
15,720,21.600000,0.000000,1,1,178657138,1155,0,1155,-38,0,2,62
15,720,21.600000,0.000000,1,1,178657152,1159,0,1159,-38,0,2,62
15,720,21.600000,0.000000,1,1,178657165,1162,0,1162,-38,0,2,62
15,720,21.600000,0.000000,1,1,178657179,1166,0,1166,-38,0,2,62
15,720,21.600000,0.000000,1,1,178657193,1170,0,1170,-38,0,2,62
15,720,21.600000,0.000000,1,1,178657208,1176,0,1176,-38,0,2,62
15,720,21.600000,0.000000,1,1,178657221,1183,0,1183,-38,0,2,62
15,720,21.600000,0.000000,1,1,178657235,1188,0,1188,-38,0,2,62
15,720,21.600000,0.000000,1,1,178657248,1189,0,1189,-38,0,2,62
15,720,21.600000,0.000000,1,1,178657261,1189,0,1189,-38,0,2,62
15,720,21.600000,0.000000,1,1,178657275,1189,0,1189,-38,0,2,62
15,720,21.600000,0.000000,1,1,178657288,1189,0,1189,-38,0,2,62
15,720,21.600000,0.000000,1,1,178657302,1191,0,1191,-38,0,2,62
15,720,21.600000,0.000000,1,1,178657316,1197,2,1197,-36,0,2,62
15,720,21.600000,0.000000,1,1,178657332,1209,3,1209,-35,0,2,62
15,720,21.600000,0.000000,1,1,178657346,1228,6,1228,-32,0,2,62
15,720,21.600000,0.000000,1,1,178657359,1249,7,1249,-31,0,2,62
15,720,21.600000,0.000000,1,1,178657373,1264,9,1264,-29,0,2,62
15,720,21.600000,0.000000,1,1,178657386,1273,9,1273,-29,0,2,62
15,720,21.600000,0.000000,1,1,178657399,1276,9,1276,-29,0,2,62
15,720,21.600000,0.000000,1,1,178657413,1276,9,1276,-29,0,2,62
15,720,21.600000,0.000000,1,1,178657427,1276,9,1276,-29,0,2,62
15,720,21.600000,0.000000,1,1,178657440,1276,9,1276,-29,0,2,62
15,720,21.600000,0.000000,1,1,178657454,1276,9,1276,-29,0,2,62
15,720,21.600000,0.000000,1,1,178657469,1278,9,1278,-29,0,2,62
15,720,21.600000,0.000000,1,1,178657482,1284,9,1284,-29,0,2,62
15,720,21.600000,0.000000,1,1,178657496,1292,9,1292,-29,0,2,62
15,720,21.600000,0.000000,1,1,178657510,1299,9,1299,-29,0,2,62
15,720,21.600000,0.000000,1,1,178657523,1303,9,1303,-29,0,2,62
15,720,21.600000,0.000000,1,1,178657537,1305,9,1305,-29,0,2,62
15,720,21.600000,0.000000,1,1,178657551,1305,9,1305,-29,0,2,62
15,720,21.600000,0.000000,1,1,178657564,1306,9,1306,-29,0,2,62
15,720,21.600000,0.000000,1,1,178657578,1307,9,1307,-29,0,2,62
15,720,21.600000,0.000000,1,1,178657591,1309,9,1309,-29,0,2,62
15,720,21.600000,0.000000,1,1,178657605,1311,9,1311,-29,0,2,62
15,720,21.600000,0.000000,1,1,178657618,1312,9,1312,-29,0,2,62
15,720,21.600000,0.000000,1,1,178657631,1312,9,1312,-29,0,2,62
15,720,21.600000,0.000000,1,1,178657644,1314,9,1314,-29,0,2,62
15,720,21.600000,0.000000,1,1,178657657,1316,8,1316,-30,0,2,62
15,720,21.600000,0.000000,1,1,178657671,1320,7,1320,-31,0,2,62
15,720,21.600000,0.000000,1,1,178657685,1321,7,1321,-31,0,2,62
15,720,21.600000,0.000000,1,1,178657699,1321,7,1321,-31,0,2,62
15,720,21.600000,0.000000,1,1,178657712,1321,7,1321,-31,0,2,62
