15,360,82.800000,12.276000,1,1,178688176,780,22,780,22,0,2,84
15,360,82.800000,12.276000,1,1,178688177,780,22,780,22,0,2,84
15,360,82.800000,12.276000,1,1,178688191,780,22,780,22,0,2,84
15,360,82.800000,12.276000,1,1,178688204,780,22,780,22,0,2,84
15,360,82.800000,12.276000,1,1,178688218,780,22,780,22,0,2,84
15,360,82.800000,12.276000,1,1,178688231,780,22,780,22,0,2,84
15,360,82.800000,12.276000,1,1,178688245,780,22,780,22,0,2,84
15,360,82.800000,12.276000,1,1,178688259,780,22,780,22,0,2,84
15,360,82.800000,12.276000,1,1,178688272,780,22,780,22,0,2,84
15,360,82.800000,12.276000,1,1,178688287,783,22,783,22,0,2,84
15,360,82.800000,12.276000,1,1,178688300,793,22,793,22,0,2,84
15,360,82.800000,12.276000,1,1,178688314,818,19,818,19,0,2,84
15,360,82.800000,12.276000,1,1,178688329,865,14,865,14,0,2,84
15,360,82.800000,12.276000,1,1,178688344,933,7,933,7,0,2,84
15,360,82.800000,12.276000,1,1,178688357,1019,0,1019,-1,0,2,84
15,360,82.800000,12.276000,1,1,178688370,1078,0,1078,-9,0,2,84
15,360,82.800000,12.276000,1,1,178688386,1130,0,1130,-16,0,2,84
15,360,82.800000,12.276000,1,1,178688401,1163,0,1163,-22,0,2,84
15,360,82.800000,12.276000,1,1,178688414,1174,0,1174,-25,0,2,84
15,360,82.800000,12.276000,1,1,178688427,1175,0,1175,-25,0,2,84
15,360,82.800000,12.276000,1,1,178688440,1175,0,1175,-25,0,2,84
15,360,82.800000,12.276000,1,1,178688453,1175,0,1175,-25,0,2,84
15,360,82.800000,12.276000,1,1,178688466,1175,0,1175,-25,0,2,84
15,360,82.800000,12.276000,1,1,178688479,1175,0,1175,-25,0,2,84
15,360,82.800000,12.276000,1,1,178688493,1175,0,1175,-25,0,2,84
15,360,82.800000,12.276000,1,1,178688507,1175,0,1175,-25,0,2,84
15,360,82.800000,12.276000,1,1,178688519,1175,0,1175,-25,0,2,84
15,360,82.800000,12.276000,1,1,178688532,1175,0,1175,-25,0,2,84
15,360,82.800000,12.276000,1,1,178688546,1174,0,1174,-25,0,2,84
15,360,82.800000,12.276000,1,1,178688559,1174,0,1174,-25,0,2,84
15,360,82.800000,12.276000,1,1,178688572,1174,0,1174,-25,0,2,84
15,360,82.800000,12.276000,1,1,178688585,1174,0,1174,-25,0,2,84
15,360,82.800000,12.276000,1,1,178688599,1174,0,1174,-25,0,2,84
15,360,82.800000,12.276000,1,1,178688612,1174,0,1174,-25,0,2,84
15,360,82.800000,12.276000,1,1,178688625,1174,0,1174,-25,0,2,84
15,360,82.800000,12.276000,1,1,178688638,1174,0,1174,-25,0,2,84
15,360,82.800000,12.276000,1,1,178688652,1172,0,1172,-25,0,2,84
15,360,82.800000,12.276000,1,1,178688666,1165,0,1165,-25,0,2,84
15,360,82.800000,12.276000,1,1,178688679,1156,0,1156,-25,0,2,84
15,360,82.800000,12.276000,1,1,178688694,1153,0,1153,-25,0,2,84
15,360,82.800000,12.276000,1,1,178688707,1152,0,1152,-25,0,2,84
15,360,82.800000,12.276000,1,1,178688721,1151,0,1151,-25,0,2,84
15,360,82.800000,12.276000,1,1,178688734,1151,0,1151,-25,0,2,84
15,360,82.800000,12.276000,1,1,178688747,1151,0,1151,-25,0,2,84
