15,360,82.800000,10000.000000,1,1,178608161,780,22,780,22,0,2,24
15,360,82.800000,10000.000000,1,1,178608162,780,22,780,22,0,2,24
15,360,82.800000,10000.000000,1,1,178608176,780,22,780,22,0,2,24
15,360,82.800000,10000.000000,1,1,178608190,780,22,780,22,0,2,24
15,360,82.800000,10000.000000,1,1,178608203,780,22,780,22,0,2,24
15,360,82.800000,10000.000000,1,1,178608217,780,22,780,22,0,2,24
15,360,82.800000,10000.000000,1,1,178608231,780,22,780,22,0,2,24
15,360,82.800000,10000.000000,1,1,178608246,780,22,780,22,0,2,24
15,360,82.800000,10000.000000,1,1,178608260,786,20,786,20,0,2,24
15,360,82.800000,10000.000000,1,1,178608275,808,19,808,19,0,2,24
15,360,82.800000,10000.000000,1,1,178608290,849,17,849,17,0,2,24
15,360,82.800000,10000.000000,1,1,178608303,922,14,922,14,0,2,24
15,360,82.800000,10000.000000,1,1,178608318,986,9,986,9,0,2,24
15,360,82.800000,10000.000000,1,1,178608332,1038,4,1038,4,0,2,24
15,360,82.800000,10000.000000,1,1,178608346,1065,2,1065,2,0,2,24
15,360,82.800000,10000.000000,1,1,178608361,1072,0,1072,0,0,2,24
15,360,82.800000,10000.000000,1,1,178608376,1072,0,1072,0,0,2,24
15,360,82.800000,10000.000000,1,1,178608390,1072,0,1072,0,0,2,24
15,360,82.800000,10000.000000,1,1,178608403,1072,0,1072,0,0,2,24
15,360,82.800000,10000.000000,1,1,178608416,1072,0,1072,0,0,2,24
15,360,82.800000,10000.000000,1,1,178608431,1072,0,1072,0,0,2,24
15,360,82.800000,10000.000000,1,1,178608445,1074,0,1074,0,0,2,24
15,360,82.800000,10000.000000,1,1,178608458,1076,0,1076,0,0,2,24
15,360,82.800000,10000.000000,1,1,178608472,1080,0,1080,0,0,2,24
15,360,82.800000,10000.000000,1,1,178608488,1085,0,1085,0,0,2,24
15,360,82.800000,10000.000000,1,1,178608502,1093,0,1093,0,0,2,24
15,360,82.800000,10000.000000,1,1,178608516,1100,0,1100,0,0,2,24
15,360,82.800000,10000.000000,1,1,178608529,1103,0,1103,0,0,2,24
15,360,82.800000,10000.000000,1,1,178608543,1103,0,1103,0,0,2,24
15,360,82.800000,10000.000000,1,1,178608558,1103,0,1103,0,0,2,24
15,360,82.800000,10000.000000,1,1,178608571,1103,0,1103,0,0,2,24
15,360,82.800000,10000.000000,1,1,178608584,1103,0,1103,0,0,2,24
15,360,82.800000,10000.000000,1,1,178608597,1104,0,1104,-1,0,2,24
15,360,82.800000,10000.000000,1,1,178608611,1107,0,1107,-1,0,2,24
15,360,82.800000,10000.000000,1,1,178608625,1114,0,1114,-2,0,2,24
15,360,82.800000,10000.000000,1,1,178608639,1122,0,1122,-3,0,2,24
15,360,82.800000,10000.000000,1,1,178608653,1130,0,1130,-4,0,2,24
15,360,82.800000,10000.000000,1,1,178608667,1134,0,1134,-5,0,2,24
15,360,82.800000,10000.000000,1,1,178608681,1134,0,1134,-5,0,2,24
15,360,82.800000,10000.000000,1,1,178608694,1134,0,1134,-5,0,2,24
