15,360,82.800000,10000.000000,0,0,178615452,780,0,780,0,0,2,30
15,360,82.800000,10000.000000,0,0,178615453,780,0,780,0,0,2,30
15,360,82.800000,10000.000000,0,0,178615466,780,0,780,0,0,2,30
15,360,82.800000,10000.000000,0,0,178615479,780,0,780,0,0,2,30
15,360,82.800000,10000.000000,0,0,178615493,780,0,780,0,0,2,30
15,360,82.800000,10000.000000,0,0,178615507,780,0,780,0,0,2,30
15,360,82.800000,10000.000000,0,0,178615521,783,0,783,0,0,2,30
15,360,82.800000,10000.000000,0,0,178615536,796,0,796,-2,0,2,30
15,360,82.800000,10000.000000,0,0,178615550,820,0,820,-4,0,2,30
15,360,82.800000,10000.000000,0,0,178615564,856,0,856,-7,0,2,30
15,360,82.800000,10000.000000,0,0,178615579,896,0,896,-11,0,2,30
15,360,82.800000,10000.000000,0,0,178615593,936,0,936,-16,0,2,30
15,360,82.800000,10000.000000,0,0,178615606,970,0,970,-19,0,2,30
15,360,82.800000,10000.000000,0,0,178615620,997,0,997,-21,0,2,30
15,360,82.800000,10000.000000,0,0,178615634,1026,0,1026,-23,0,2,30
15,360,82.800000,10000.000000,0,0,178615648,1047,0,1047,-24,0,2,30
15,360,82.800000,10000.000000,0,0,178615661,1059,0,1059,-26,0,2,30
15,360,82.800000,10000.000000,0,0,178615677,1062,0,1062,-26,0,2,30
15,360,82.800000,10000.000000,0,0,178615691,1063,0,1063,-26,0,2,30
15,360,82.800000,10000.000000,0,0,178615704,1064,0,1064,-26,0,2,30
15,360,82.800000,10000.000000,0,0,178615718,1066,0,1066,-26,0,2,30
15,360,82.800000,10000.000000,0,0,178615732,1070,0,1070,-26,0,2,30
15,360,82.800000,10000.000000,0,0,178615746,1077,0,1077,-26,0,2,30
15,360,82.800000,10000.000000,0,0,178615759,1087,0,1087,-26,0,2,30
15,360,82.800000,10000.000000,0,0,178615773,1098,0,1098,-27,0,2,30
15,360,82.800000,10000.000000,0,0,178615786,1107,0,1107,-27,0,2,30
15,360,82.800000,10000.000000,0,0,178615799,1110,0,1110,-27,0,2,30
15,360,82.800000,10000.000000,0,0,178615813,1110,0,1110,-27,0,2,30
15,360,82.800000,10000.000000,0,0,178615826,1110,0,1110,-27,0,2,30
15,360,82.800000,10000.000000,0,0,178615839,1110,0,1110,-27,0,2,30
15,360,82.800000,10000.000000,0,0,178615851,1110,0,1110,-27,0,2,30
15,360,82.800000,10000.000000,0,0,178615864,1111,0,1111,-27,0,2,30
15,360,82.800000,10000.000000,0,0,178615878,1113,0,1113,-28,0,2,30
15,360,82.800000,10000.000000,0,0,178615892,1116,0,1116,-29,0,2,30
15,360,82.800000,10000.000000,0,0,178615905,1119,0,1119,-29,0,2,30
15,360,82.800000,10000.000000,0,0,178615918,1122,0,1122,-29,0,2,30
15,360,82.800000,10000.000000,0,0,178615932,1122,0,1122,-30,0,2,30
15,360,82.800000,10000.000000,0,0,178615946,1122,0,1122,-30,0,2,30
15,360,82.800000,10000.000000,0,0,178615959,1122,0,1122,-30,0,2,30
15,360,82.800000,10000.000000,0,0,178615973,1122,0,1122,-30,0,2,30
