15,360,82.800000,22.608000,0,0,178720656,780,0,780,0,0,2,107
15,360,82.800000,22.608000,0,0,178720657,780,0,780,0,0,2,107
15,360,82.800000,22.608000,0,0,178720671,780,0,780,0,0,2,107
15,360,82.800000,22.608000,0,0,178720685,780,0,780,0,0,2,107
15,360,82.800000,22.608000,0,0,178720698,780,0,780,0,0,2,107
15,360,82.800000,22.608000,0,0,178720712,780,0,780,0,0,2,107
15,360,82.800000,22.608000,0,0,178720726,780,0,780,0,0,2,107
15,360,82.800000,22.608000,0,0,178720740,780,0,780,0,0,2,107
15,360,82.800000,22.608000,0,0,178720755,782,0,782,0,0,2,107
15,360,82.800000,22.608000,0,0,178720769,800,0,800,-2,0,2,107
15,360,82.800000,22.608000,0,0,178720785,833,0,833,-3,0,2,107
15,360,82.800000,22.608000,0,0,178720799,891,0,891,-6,0,2,107
15,360,82.800000,22.608000,0,0,178720813,958,0,958,-6,0,2,107
15,360,82.800000,22.608000,0,0,178720827,1019,0,1019,-8,0,2,107
15,360,82.800000,22.608000,0,0,178720841,1072,0,1072,-8,0,2,107
15,360,82.800000,22.608000,0,0,178720855,1104,0,1104,-8,0,2,107
15,360,82.800000,22.608000,0,0,178720869,1121,0,1121,-9,0,2,107
15,360,82.800000,22.608000,0,0,178720882,1125,0,1125,-10,0,2,107
15,360,82.800000,22.608000,0,0,178720896,1126,0,1126,-10,0,2,107
15,360,82.800000,22.608000,0,0,178720909,1126,0,1126,-10,0,2,107
15,360,82.800000,22.608000,0,0,178720923,1126,0,1126,-10,0,2,107
15,360,82.800000,22.608000,0,0,178720936,1126,0,1126,-10,0,2,107
15,360,82.800000,22.608000,0,0,178720950,1126,0,1126,-10,0,2,107
15,360,82.800000,22.608000,0,0,178720963,1126,0,1126,-10,0,2,107
15,360,82.800000,22.608000,0,0,178720977,1126,0,1126,-10,0,2,107
15,360,82.800000,22.608000,0,0,178720990,1126,0,1126,-10,0,2,107
15,360,82.800000,22.608000,0,0,178721003,1126,0,1126,-10,0,2,107
15,360,82.800000,22.608000,0,0,178721016,1126,0,1126,-10,0,2,107
15,360,82.800000,22.608000,0,0,178721029,1126,0,1126,-10,0,2,107
15,360,82.800000,22.608000,0,0,178721044,1126,0,1126,-10,0,2,107
15,360,82.800000,22.608000,0,0,178721058,1126,0,1126,-10,0,2,107
15,360,82.800000,22.608000,0,0,178721071,1126,0,1126,-10,0,2,107
