15,360,21.600000,22.608000,1,1,178653386,780,22,780,22,0,2,60
15,360,21.600000,22.608000,1,1,178653386,780,22,780,22,0,2,60
15,360,21.600000,22.608000,1,1,178653400,780,22,780,22,0,2,60
15,360,21.600000,22.608000,1,1,178653414,780,22,780,22,0,2,60
15,360,21.600000,22.608000,1,1,178653428,780,22,780,22,0,2,60
15,360,21.600000,22.608000,1,1,178653442,780,22,780,22,0,2,60
15,360,21.600000,22.608000,1,1,178653456,780,22,780,22,0,2,60
15,360,21.600000,22.608000,1,1,178653472,782,22,782,22,0,2,60
15,360,21.600000,22.608000,1,1,178653487,798,22,798,22,0,2,60
15,360,21.600000,22.608000,1,1,178653501,829,22,829,22,0,2,60
15,360,21.600000,22.608000,1,1,178653516,882,22,882,22,0,2,60
15,360,21.600000,22.608000,1,1,178653530,974,19,974,19,0,2,60
15,360,21.600000,22.608000,1,1,178653544,1045,15,1045,15,0,2,60
15,360,21.600000,22.608000,1,1,178653559,1088,12,1088,12,0,2,60
15,360,21.600000,22.608000,1,1,178653573,1108,9,1108,9,0,2,60
15,360,21.600000,22.608000,1,1,178653587,1113,9,1113,9,0,2,60
15,360,21.600000,22.608000,1,1,178653602,1113,9,1113,9,0,2,60
15,360,21.600000,22.608000,1,1,178653615,1114,9,1114,9,0,2,60
15,360,21.600000,22.608000,1,1,178653630,1118,8,1118,8,0,2,60
15,360,21.600000,22.608000,1,1,178653644,1124,8,1124,8,0,2,60
15,360,21.600000,22.608000,1,1,178653658,1131,8,1131,8,0,2,60
15,360,21.600000,22.608000,1,1,178653673,1139,8,1139,8,0,2,60
15,360,21.600000,22.608000,1,1,178653687,1149,8,1149,8,0,2,60
15,360,21.600000,22.608000,1,1,178653701,1161,8,1161,8,0,2,60
15,360,21.600000,22.608000,1,1,178653714,1178,8,1178,8,0,2,60
15,360,21.600000,22.608000,1,1,178653728,1188,8,1188,8,0,2,60
15,360,21.600000,22.608000,1,1,178653742,1189,8,1189,8,0,2,60
15,360,21.600000,22.608000,1,1,178653755,1190,8,1190,8,0,2,60
15,360,21.600000,22.608000,1,1,178653769,1190,8,1190,8,0,2,60
15,360,21.600000,22.608000,1,1,178653783,1190,8,1190,8,0,2,60
15,360,21.600000,22.608000,1,1,178653796,1190,8,1190,8,0,2,60
15,360,21.600000,22.608000,1,1,178653810,1190,8,1190,8,0,2,60
15,360,21.600000,22.608000,1,1,178653824,1190,8,1190,8,0,2,60
15,360,21.600000,22.608000,1,1,178653838,1190,8,1190,8,0,2,60
15,360,21.600000,22.608000,1,1,178653852,1188,8,1188,8,0,2,60
15,360,21.600000,22.608000,1,1,178653866,1185,9,1185,9,0,2,60
15,360,21.600000,22.608000,1,1,178653880,1181,10,1181,10,0,2,60
15,360,21.600000,22.608000,1,1,178653893,1178,10,1178,10,0,2,60
15,360,21.600000,22.608000,1,1,178653906,1175,10,1175,10,0,2,60
15,360,21.600000,22.608000,1,1,178653919,1171,10,1171,10,0,2,60
15,360,21.600000,22.608000,1,1,178653932,1169,10,1169,10,0,2,60
15,360,21.600000,22.608000,1,1,178653945,1169,10,1169,10,0,2,60
15,360,21.600000,22.608000,1,1,178653959,1168,10,1168,10,0,2,60
15,360,21.600000,22.608000,1,1,178653973,1165,10,1165,10,0,2,60
15,360,21.600000,22.608000,1,1,178653986,1161,10,1161,10,0,2,60
15,360,21.600000,22.608000,1,1,178654000,1157,10,1157,10,0,2,60
15,360,21.600000,22.608000,1,1,178654013,1155,9,1155,9,0,2,60
15,360,21.600000,22.608000,1,1,178654027,1155,9,1155,9,0,2,60
15,360,21.600000,22.608000,1,1,178654040,1155,9,1155,9,0,2,60
15,360,21.600000,22.608000,1,1,178654053,1155,9,1155,9,0,2,60
15,360,21.600000,22.608000,1,1,178654065,1155,9,1155,9,0,2,60
15,360,21.600000,22.608000,1,1,178654079,1155,9,1155,9,0,2,60
15,360,21.600000,22.608000,1,1,178654092,1155,9,1155,9,0,2,60
15,360,21.600000,22.608000,1,1,178654104,1155,9,1155,9,0,2,60
15,360,21.600000,22.608000,1,1,178654117,1154,9,1154,9,0,2,60
15,360,21.600000,22.608000,1,1,178654130,1151,9,1151,9,0,2,60
15,360,21.600000,22.608000,1,1,178654143,1148,9,1148,9,0,2,60
15,360,21.600000,22.608000,1,1,178654156,1145,9,1145,9,0,2,60
15,360,21.600000,22.608000,1,1,178654169,1145,8,1145,8,0,2,60
15,360,21.600000,22.608000,1,1,178654182,1145,8,1145,8,0,2,60
15,360,21.600000,22.608000,1,1,178654195,1145,8,1145,8,0,2,60
15,360,21.600000,22.608000,1,1,178654209,1145,8,1145,8,0,2,60
15,360,21.600000,22.608000,1,1,178654222,1145,8,1145,8,0,2,60
