15,720,21.600000,0.000000,0,1,178695204,600,22,600,22,0,2,89
15,720,21.600000,0.000000,0,1,178695205,600,22,600,22,0,2,89
15,720,21.600000,0.000000,0,1,178695219,600,22,600,22,0,2,89
15,720,21.600000,0.000000,0,1,178695232,600,22,600,22,0,2,89
15,720,21.600000,0.000000,0,1,178695246,600,22,600,22,0,2,89
15,720,21.600000,0.000000,0,1,178695260,600,22,600,22,0,2,89
15,720,21.600000,0.000000,0,1,178695272,600,22,600,22,0,2,89
15,720,21.600000,0.000000,0,1,178695286,600,22,600,22,0,2,89
15,720,21.600000,0.000000,0,1,178695300,604,22,604,22,0,2,89
15,720,21.600000,0.000000,0,1,178695313,622,21,622,21,0,2,89
15,720,21.600000,0.000000,0,1,178695327,661,18,661,18,0,2,89
15,720,21.600000,0.000000,0,1,178695342,733,15,733,15,0,2,89
15,720,21.600000,0.000000,0,1,178695356,851,9,851,9,0,2,89
15,720,21.600000,0.000000,0,1,178695372,993,5,993,5,0,2,89
15,720,21.600000,0.000000,0,1,178695386,1145,0,1145,0,0,2,89
15,720,21.600000,0.000000,0,1,178695400,1277,0,1277,-6,0,2,89
15,720,21.600000,0.000000,0,1,178695415,1366,0,1366,-11,0,2,89
15,720,21.600000,0.000000,0,1,178695429,1411,0,1411,-14,0,2,89
15,720,21.600000,0.000000,0,1,178695443,1430,0,1430,-16,0,2,89
15,720,21.600000,0.000000,0,1,178695456,1435,0,1435,-16,0,2,89
15,720,21.600000,0.000000,0,1,178695470,1440,0,1440,-16,0,2,89
15,720,21.600000,0.000000,0,1,178695483,1440,0,1440,-16,0,2,89
15,720,21.600000,0.000000,0,1,178695497,1440,0,1440,-16,0,2,89
15,720,21.600000,0.000000,0,1,178695511,1440,0,1440,-16,0,2,89
15,720,21.600000,0.000000,0,1,178695524,1440,0,1440,-16,0,2,89
15,720,21.600000,0.000000,0,1,178695537,1440,0,1440,-16,0,2,89
15,720,21.600000,0.000000,0,1,178695551,1440,0,1440,-16,0,2,89
15,720,21.600000,0.000000,0,1,178695564,1439,0,1439,-16,0,2,89
15,720,21.600000,0.000000,0,1,178695577,1439,0,1439,-16,0,2,89
15,720,21.600000,0.000000,0,1,178695592,1438,0,1438,-16,0,2,89
15,720,21.600000,0.000000,0,1,178695605,1438,1,1438,-15,0,2,89
15,720,21.600000,0.000000,0,1,178695619,1437,1,1437,-15,0,2,89
15,720,21.600000,0.000000,0,1,178695633,1433,2,1433,-14,0,2,89
15,720,21.600000,0.000000,0,1,178695646,1424,3,1424,-13,0,2,89
15,720,21.600000,0.000000,0,1,178695659,1416,4,1416,-12,0,2,89
15,720,21.600000,0.000000,0,1,178695672,1409,5,1409,-11,0,2,89
15,720,21.600000,0.000000,0,1,178695687,1404,5,1404,-11,0,2,89
15,720,21.600000,0.000000,0,1,178695701,1398,5,1398,-11,0,2,89
15,720,21.600000,0.000000,0,1,178695714,1390,5,1390,-11,0,2,89
15,720,21.600000,0.000000,0,1,178695729,1381,5,1381,-11,0,2,89
15,720,21.600000,0.000000,0,1,178695743,1372,5,1372,-11,0,2,89
15,720,21.600000,0.000000,0,1,178695755,1366,5,1366,-11,0,2,89
15,720,21.600000,0.000000,0,1,178695768,1362,5,1362,-11,0,2,89
15,720,21.600000,0.000000,0,1,178695783,1358,5,1358,-11,0,2,89
15,720,21.600000,0.000000,0,1,178695796,1353,5,1353,-11,0,2,89
15,720,21.600000,0.000000,0,1,178695810,1349,5,1349,-11,0,2,89
15,720,21.600000,0.000000,0,1,178695823,1345,5,1345,-11,0,2,89
15,720,21.600000,0.000000,0,1,178695836,1342,5,1342,-11,0,2,89
15,720,21.600000,0.000000,0,1,178695849,1341,5,1341,-11,0,2,89
15,720,21.600000,0.000000,0,1,178695863,1341,5,1341,-11,0,2,89
15,720,21.600000,0.000000,0,1,178695876,1341,5,1341,-11,0,2,89
15,720,21.600000,0.000000,0,1,178695889,1339,5,1339,-11,0,2,89
15,720,21.600000,0.000000,0,1,178695903,1334,5,1334,-11,0,2,89
15,720,21.600000,0.000000,0,1,178695917,1327,5,1327,-11,0,2,89
15,720,21.600000,0.000000,0,1,178695931,1318,5,1318,-11,0,2,89
15,720,21.600000,0.000000,0,1,178695945,1315,5,1315,-11,0,2,89
15,720,21.600000,0.000000,0,1,178695958,1314,5,1314,-11,0,2,89
15,720,21.600000,0.000000,0,1,178695972,1313,5,1313,-11,0,2,89
15,720,21.600000,0.000000,0,1,178695986,1313,5,1313,-11,0,2,89
15,720,21.600000,0.000000,0,1,178695999,1313,5,1313,-11,0,2,89
15,720,21.600000,0.000000,0,1,178696012,1313,5,1313,-11,0,2,89
15,720,21.600000,0.000000,0,1,178696026,1313,5,1313,-11,0,2,89
15,720,21.600000,0.000000,0,1,178696041,1313,5,1313,-11,0,2,89
15,720,21.600000,0.000000,0,1,178696053,1313,5,1313,-11,0,2,89
