15,720,50.400000,12.276000,1,1,178735857,600,22,600,22,0,3,0
15,720,50.400000,12.276000,1,1,178735858,600,22,600,22,0,3,0
15,720,50.400000,12.276000,1,1,178735873,602,22,602,22,0,3,0
15,720,50.400000,12.276000,1,1,178735887,605,21,605,21,0,3,0
15,720,50.400000,12.276000,1,1,178735901,615,19,615,19,0,3,0
15,720,50.400000,12.276000,1,1,178735917,637,17,637,17,0,3,0
15,720,50.400000,12.276000,1,1,178735931,669,14,669,14,0,3,0
15,720,50.400000,12.276000,1,1,178735945,714,11,714,11,0,3,0
15,720,50.400000,12.276000,1,1,178735959,764,9,764,9,0,3,0
15,720,50.400000,12.276000,1,1,178735973,847,5,847,5,0,3,0
15,720,50.400000,12.276000,1,1,178735987,944,1,944,1,0,3,0
15,720,50.400000,12.276000,1,1,178736002,1054,0,1054,-2,0,3,0
15,720,50.400000,12.276000,1,1,178736016,1163,0,1163,-5,0,3,0
15,720,50.400000,12.276000,1,1,178736030,1238,0,1238,-9,0,3,0
15,720,50.400000,12.276000,1,1,178736044,1286,0,1286,-12,0,3,0
15,720,50.400000,12.276000,1,1,178736058,1305,0,1305,-14,0,3,0
15,720,50.400000,12.276000,1,1,178736072,1306,0,1306,-14,0,3,0
15,720,50.400000,12.276000,1,1,178736085,1306,0,1306,-14,0,3,0
15,720,50.400000,12.276000,1,1,178736098,1306,0,1306,-14,0,3,0
15,720,50.400000,12.276000,1,1,178736113,1306,0,1306,-14,0,3,0
15,720,50.400000,12.276000,1,1,178736126,1306,0,1306,-14,0,3,0
15,720,50.400000,12.276000,1,1,178736140,1306,0,1306,-14,0,3,0
15,720,50.400000,12.276000,1,1,178736154,1306,0,1306,-14,0,3,0
15,720,50.400000,12.276000,1,1,178736167,1305,0,1305,-14,0,3,0
15,720,50.400000,12.276000,1,1,178736181,1304,0,1304,-14,0,3,0
15,720,50.400000,12.276000,1,1,178736195,1301,0,1301,-14,0,3,0
15,720,50.400000,12.276000,1,1,178736208,1296,0,1296,-14,0,3,0
15,720,50.400000,12.276000,1,1,178736221,1292,0,1292,-14,0,3,0
15,720,50.400000,12.276000,1,1,178736234,1291,0,1291,-14,0,3,0
15,720,50.400000,12.276000,1,1,178736247,1291,0,1291,-14,0,3,0
15,720,50.400000,12.276000,1,1,178736261,1291,0,1291,-14,0,3,0
15,720,50.400000,12.276000,1,1,178736274,1291,0,1291,-14,0,3,0
15,720,50.400000,12.276000,1,1,178736288,1294,0,1294,-14,0,3,0
15,720,50.400000,12.276000,1,1,178736301,1297,0,1297,-14,0,3,0
15,720,50.400000,12.276000,1,1,178736315,1297,0,1297,-14,0,3,0
15,720,50.400000,12.276000,1,1,178736328,1297,0,1297,-14,0,3,0
