15,720,50.400000,0.000000,0,0,178874670,600,0,600,0,0,3,106
15,720,50.400000,0.000000,0,0,178874670,600,0,600,0,0,3,106
15,720,50.400000,0.000000,0,0,178874684,600,0,600,0,0,3,106
15,720,50.400000,0.000000,0,0,178874697,600,0,600,0,0,3,106
15,720,50.400000,0.000000,0,0,178874712,600,0,600,0,0,3,106
15,720,50.400000,0.000000,0,0,178874727,608,0,608,-3,0,3,106
15,720,50.400000,0.000000,0,0,178874744,636,0,636,-7,0,3,106
15,720,50.400000,0.000000,0,0,178874758,695,0,695,-11,0,3,106
15,720,50.400000,0.000000,0,0,178874772,783,0,783,-15,0,3,106
15,720,50.400000,0.000000,0,0,178874786,907,0,907,-23,0,3,106
15,720,50.400000,0.000000,0,0,178874799,1019,0,1019,-33,0,3,106
15,720,50.400000,0.000000,0,0,178874815,1109,0,1109,-43,0,3,106
15,720,50.400000,0.000000,0,0,178874828,1161,0,1161,-50,0,3,106
15,720,50.400000,0.000000,0,0,178874844,1181,0,1181,-52,0,3,106
15,720,50.400000,0.000000,0,0,178874859,1186,0,1186,-54,0,3,106
15,720,50.400000,0.000000,0,0,178874872,1191,0,1191,-56,0,3,106
15,720,50.400000,0.000000,0,0,178874885,1191,0,1191,-56,0,3,106
15,720,50.400000,0.000000,0,0,178874899,1191,0,1191,-56,0,3,106
15,720,50.400000,0.000000,0,0,178874912,1191,0,1191,-56,0,3,106
15,720,50.400000,0.000000,0,0,178874926,1191,0,1191,-56,0,3,106
15,720,50.400000,0.000000,0,0,178874939,1191,0,1191,-56,0,3,106
15,720,50.400000,0.000000,0,0,178874952,1191,0,1191,-56,0,3,106
15,720,50.400000,0.000000,0,0,178874966,1193,0,1193,-56,0,3,106
15,720,50.400000,0.000000,0,0,178874980,1196,0,1196,-56,0,3,106
15,720,50.400000,0.000000,0,0,178874995,1204,0,1204,-56,0,3,106
15,720,50.400000,0.000000,0,0,178875009,1214,0,1214,-56,0,3,106
15,720,50.400000,0.000000,0,0,178875022,1219,0,1219,-57,0,3,106
15,720,50.400000,0.000000,0,0,178875036,1220,0,1220,-57,0,3,106
15,720,50.400000,0.000000,0,0,178875049,1220,0,1220,-57,0,3,106
15,720,50.400000,0.000000,0,0,178875063,1220,0,1220,-57,0,3,106
15,720,50.400000,0.000000,0,0,178875076,1220,0,1220,-57,0,3,106
15,720,50.400000,0.000000,0,0,178875089,1222,0,1222,-57,0,3,106
15,720,50.400000,0.000000,0,0,178875103,1228,0,1228,-57,0,3,106
15,720,50.400000,0.000000,0,0,178875118,1237,0,1237,-57,0,3,106
15,720,50.400000,0.000000,0,0,178875132,1248,0,1248,-58,0,3,106
15,720,50.400000,0.000000,0,0,178875146,1257,0,1257,-58,0,3,106
15,720,50.400000,0.000000,0,0,178875159,1262,0,1262,-58,0,3,106
15,720,50.400000,0.000000,0,0,178875172,1263,0,1263,-58,0,3,106
15,720,50.400000,0.000000,0,0,178875184,1263,0,1263,-58,0,3,106
15,720,50.400000,0.000000,0,0,178875197,1263,0,1263,-58,0,3,106
15,720,50.400000,0.000000,0,0,178875210,1264,0,1264,-58,0,3,106
15,720,50.400000,0.000000,0,0,178875224,1267,0,1267,-58,0,3,106
15,720,50.400000,0.000000,0,0,178875238,1273,0,1273,-58,0,3,106
15,720,50.400000,0.000000,0,0,178875251,1280,0,1280,-58,0,3,106
15,720,50.400000,0.000000,0,0,178875265,1287,0,1287,-58,0,3,106
15,720,50.400000,0.000000,0,0,178875280,1292,0,1292,-58,0,3,106
15,720,50.400000,0.000000,0,0,178875293,1294,0,1294,-58,0,3,106
15,720,50.400000,0.000000,0,0,178875306,1296,0,1296,-58,0,3,106
15,720,50.400000,0.000000,0,0,178875319,1296,0,1296,-58,0,3,106
15,720,50.400000,0.000000,0,0,178875333,1296,0,1296,-58,0,3,106
15,720,50.400000,0.000000,0,0,178875346,1296,0,1296,-58,0,3,106
15,720,50.400000,0.000000,0,0,178875360,1296,0,1296,-58,0,3,106
15,720,50.400000,0.000000,0,0,178875373,1296,0,1296,-58,0,3,106
15,720,50.400000,0.000000,0,0,178875386,1296,0,1296,-58,0,3,106
15,720,50.400000,0.000000,0,0,178875399,1296,0,1296,-58,0,3,106
15,720,50.400000,0.000000,0,0,178875413,1297,0,1297,-58,0,3,106
15,720,50.400000,0.000000,0,0,178875428,1300,0,1300,-58,0,3,106
15,720,50.400000,0.000000,0,0,178875442,1303,1,1303,-57,0,3,106
15,720,50.400000,0.000000,0,0,178875455,1306,3,1306,-55,0,3,106
15,720,50.400000,0.000000,0,0,178875468,1307,4,1307,-54,0,3,106
15,720,50.400000,0.000000,0,0,178875481,1307,4,1307,-54,0,3,106
15,720,50.400000,0.000000,0,0,178875495,1307,4,1307,-54,0,3,106
15,720,50.400000,0.000000,0,0,178875509,1307,4,1307,-54,0,3,106
15,720,50.400000,0.000000,0,0,178875522,1307,4,1307,-54,0,3,106
15,720,50.400000,0.000000,0,0,178875535,1307,4,1307,-54,0,3,106
15,720,50.400000,0.000000,0,0,178875549,1307,4,1307,-54,0,3,106
15,720,50.400000,0.000000,0,0,178875562,1307,4,1307,-54,0,3,106
15,720,50.400000,0.000000,0,0,178875577,1307,4,1307,-54,0,3,106
15,720,50.400000,0.000000,0,0,178875591,1307,4,1307,-54,0,3,106
15,720,50.400000,0.000000,0,0,178875605,1307,4,1307,-54,0,3,106
15,720,50.400000,0.000000,0,0,178875618,1308,4,1308,-54,0,3,106
15,720,50.400000,0.000000,0,0,178875632,1310,4,1310,-54,0,3,106
15,720,50.400000,0.000000,0,0,178875645,1312,4,1312,-54,0,3,106
15,720,50.400000,0.000000,0,0,178875659,1313,4,1313,-54,0,3,106
15,720,50.400000,0.000000,0,0,178875672,1314,4,1314,-54,0,3,106
15,720,50.400000,0.000000,0,0,178875685,1314,4,1314,-54,0,3,106
