15,720,21.600000,12.276000,0,0,178803236,600,0,600,0,0,3,54
15,720,21.600000,12.276000,0,0,178803237,600,0,600,0,0,3,54
15,720,21.600000,12.276000,0,0,178803250,600,0,600,0,0,3,54
15,720,21.600000,12.276000,0,0,178803263,600,0,600,0,0,3,54
15,720,21.600000,12.276000,0,0,178803278,600,0,600,0,0,3,54
15,720,21.600000,12.276000,0,0,178803291,600,0,600,0,0,3,54
15,720,21.600000,12.276000,0,0,178803304,600,0,600,0,0,3,54
15,720,21.600000,12.276000,0,0,178803318,603,0,603,-1,0,3,54
15,720,21.600000,12.276000,0,0,178803333,611,0,611,-2,0,3,54
15,720,21.600000,12.276000,0,0,178803346,636,0,636,-3,0,3,54
15,720,21.600000,12.276000,0,0,178803361,692,0,692,-3,0,3,54
15,720,21.600000,12.276000,0,0,178803375,793,1,793,-2,0,3,54
15,720,21.600000,12.276000,0,0,178803389,936,5,936,2,0,3,54
15,720,21.600000,12.276000,0,0,178803402,1083,9,1083,6,0,3,54
15,720,21.600000,12.276000,0,0,178803416,1237,12,1237,9,0,3,54
15,720,21.600000,12.276000,0,0,178803431,1349,14,1349,11,0,3,54
15,720,21.600000,12.276000,0,0,178803444,1418,16,1418,13,0,3,54
15,720,21.600000,12.276000,0,0,178803458,1445,16,1445,13,0,3,54
15,720,21.600000,12.276000,0,0,178803472,1447,16,1447,13,0,3,54
15,720,21.600000,12.276000,0,0,178803486,1443,16,1443,13,0,3,54
15,720,21.600000,12.276000,0,0,178803500,1439,16,1439,13,0,3,54
15,720,21.600000,12.276000,0,0,178803513,1437,16,1437,13,0,3,54
15,720,21.600000,12.276000,0,0,178803528,1437,16,1437,13,0,3,54
15,720,21.600000,12.276000,0,0,178803541,1437,16,1437,13,0,3,54
15,720,21.600000,12.276000,0,0,178803555,1436,16,1436,13,0,3,54
15,720,21.600000,12.276000,0,0,178803568,1432,16,1432,13,0,3,54
15,720,21.600000,12.276000,0,0,178803582,1425,16,1425,13,0,3,54
15,720,21.600000,12.276000,0,0,178803595,1416,16,1416,13,0,3,54
15,720,21.600000,12.276000,0,0,178803609,1408,16,1408,13,0,3,54
15,720,21.600000,12.276000,0,0,178803623,1397,16,1397,13,0,3,54
15,720,21.600000,12.276000,0,0,178803638,1387,16,1387,13,0,3,54
15,720,21.600000,12.276000,0,0,178803662,1380,16,1380,13,0,3,54
15,720,21.600000,12.276000,0,0,178803676,1371,16,1371,13,0,3,54
15,720,21.600000,12.276000,0,0,178803689,1365,16,1365,13,0,3,54
15,720,21.600000,12.276000,0,0,178803704,1358,16,1358,13,0,3,54
15,720,21.600000,12.276000,0,0,178803717,1346,14,1346,11,0,3,54
15,720,21.600000,12.276000,0,0,178803733,1332,13,1332,10,0,3,54
15,720,21.600000,12.276000,0,0,178803747,1312,10,1312,7,0,3,54
15,720,21.600000,12.276000,0,0,178803761,1295,8,1295,5,0,3,54
15,720,21.600000,12.276000,0,0,178803773,1287,7,1287,4,0,3,54
15,720,21.600000,12.276000,0,0,178803786,1278,6,1278,3,0,3,54
15,720,21.600000,12.276000,0,0,178803798,1278,6,1278,3,0,3,54
15,720,21.600000,12.276000,0,0,178803813,1278,6,1278,3,0,3,54
15,720,21.600000,12.276000,0,0,178803826,1278,6,1278,3,0,3,54
15,720,21.600000,12.276000,0,0,178803838,1278,6,1278,3,0,3,54
15,720,21.600000,12.276000,0,0,178803851,1278,6,1278,3,0,3,54
15,720,21.600000,12.276000,0,0,178803864,1278,6,1278,3,0,3,54
15,720,21.600000,12.276000,0,0,178803877,1278,6,1278,3,0,3,54
15,720,21.600000,12.276000,0,0,178803891,1278,6,1278,3,0,3,54
15,720,21.600000,12.276000,0,0,178803904,1278,6,1278,3,0,3,54
15,720,21.600000,12.276000,0,0,178803917,1278,6,1278,3,0,3,54
15,720,21.600000,12.276000,0,0,178803930,1278,6,1278,3,0,3,54
15,720,21.600000,12.276000,0,0,178803944,1278,6,1278,3,0,3,54
15,720,21.600000,12.276000,0,0,178803958,1278,6,1278,3,0,3,54
15,720,21.600000,12.276000,0,0,178803972,1278,6,1278,3,0,3,54
15,720,21.600000,12.276000,0,0,178803985,1278,6,1278,3,0,3,54
15,720,21.600000,12.276000,0,0,178803999,1281,5,1281,2,0,3,54
15,720,21.600000,12.276000,0,0,178804013,1284,5,1284,2,0,3,54
15,720,21.600000,12.276000,0,0,178804026,1286,4,1286,1,0,3,54
15,720,21.600000,12.276000,0,0,178804040,1288,4,1288,1,0,3,54
15,720,21.600000,12.276000,0,0,178804054,1291,4,1291,1,0,3,54
15,720,21.600000,12.276000,0,0,178804068,1296,4,1296,1,0,3,54
15,720,21.600000,12.276000,0,0,178804082,1303,4,1303,1,0,3,54
15,720,21.600000,12.276000,0,0,178804095,1311,4,1311,1,0,3,54
15,720,21.600000,12.276000,0,0,178804110,1315,4,1315,1,0,3,54
15,720,21.600000,12.276000,0,0,178804125,1319,4,1319,1,0,3,54
15,720,21.600000,12.276000,0,0,178804138,1319,4,1319,1,0,3,54
15,720,21.600000,12.276000,0,0,178804152,1319,4,1319,1,0,3,54
15,720,21.600000,12.276000,0,0,178804165,1319,4,1319,1,0,3,54
15,720,21.600000,12.276000,0,0,178804179,1319,4,1319,1,0,3,54
15,720,21.600000,12.276000,0,0,178804193,1319,4,1319,1,0,3,54
15,720,21.600000,12.276000,0,0,178804207,1319,4,1319,1,0,3,54
15,720,21.600000,12.276000,0,0,178804220,1319,4,1319,1,0,3,54
15,720,21.600000,12.276000,0,0,178804233,1319,4,1319,1,0,3,54
15,720,21.600000,12.276000,0,0,178804246,1319,4,1319,1,0,3,54
15,720,21.600000,12.276000,0,0,178804261,1319,4,1319,1,0,3,54
15,720,21.600000,12.276000,0,0,178804274,1319,4,1319,1,0,3,54
15,720,21.600000,12.276000,0,0,178804288,1319,4,1319,1,0,3,54
15,720,21.600000,12.276000,0,0,178804301,1319,4,1319,1,0,3,54
15,720,21.600000,12.276000,0,0,178804315,1319,4,1319,1,0,3,54
15,720,21.600000,12.276000,0,0,178804329,1319,4,1319,1,0,3,54
15,720,21.600000,12.276000,0,0,178804343,1319,4,1319,1,0,3,54
15,720,21.600000,12.276000,0,0,178804355,1319,4,1319,1,0,3,54
