15,360,82.800000,10000.000000,1,1,178866823,780,22,780,22,0,3,100
15,360,82.800000,10000.000000,1,1,178866824,780,22,780,22,0,3,100
15,360,82.800000,10000.000000,1,1,178866838,780,22,780,22,0,3,100
15,360,82.800000,10000.000000,1,1,178866852,781,22,781,22,0,3,100
15,360,82.800000,10000.000000,1,1,178866867,788,20,788,20,0,3,100
15,360,82.800000,10000.000000,1,1,178866881,806,18,806,18,0,3,100
15,360,82.800000,10000.000000,1,1,178866895,846,16,846,16,0,3,100
15,360,82.800000,10000.000000,1,1,178866908,907,14,907,14,0,3,100
15,360,82.800000,10000.000000,1,1,178866922,978,12,978,12,0,3,100
15,360,82.800000,10000.000000,1,1,178866936,1048,9,1048,9,0,3,100
15,360,82.800000,10000.000000,1,1,178866950,1090,7,1090,7,0,3,100
15,360,82.800000,10000.000000,1,1,178866965,1112,4,1112,4,0,3,100
15,360,82.800000,10000.000000,1,1,178866979,1117,4,1117,4,0,3,100
15,360,82.800000,10000.000000,1,1,178866994,1117,4,1117,4,0,3,100
15,360,82.800000,10000.000000,1,1,178867010,1117,4,1117,4,0,3,100
15,360,82.800000,10000.000000,1,1,178867023,1117,4,1117,4,0,3,100
15,360,82.800000,10000.000000,1,1,178867037,1117,4,1117,4,0,3,100
15,360,82.800000,10000.000000,1,1,178867050,1117,4,1117,4,0,3,100
15,360,82.800000,10000.000000,1,1,178867063,1117,4,1117,4,0,3,100
15,360,82.800000,10000.000000,1,1,178867075,1117,4,1117,4,0,3,100
15,360,82.800000,10000.000000,1,1,178867089,1117,4,1117,4,0,3,100
15,360,82.800000,10000.000000,1,1,178867103,1117,4,1117,4,0,3,100
15,360,82.800000,10000.000000,1,1,178867115,1117,4,1117,4,0,3,100
15,360,82.800000,10000.000000,1,1,178867129,1117,4,1117,4,0,3,100
15,360,82.800000,10000.000000,1,1,178867142,1117,4,1117,4,0,3,100
15,360,82.800000,10000.000000,1,1,178867155,1117,4,1117,4,0,3,100
15,360,82.800000,10000.000000,1,1,178867168,1117,4,1117,4,0,3,100
15,360,82.800000,10000.000000,1,1,178867183,1117,4,1117,4,0,3,100
15,360,82.800000,10000.000000,1,1,178867197,1117,4,1117,4,0,3,100
15,360,82.800000,10000.000000,1,1,178867211,1117,4,1117,4,0,3,100
15,360,82.800000,10000.000000,1,1,178867225,1117,4,1117,4,0,3,100
15,360,82.800000,10000.000000,1,1,178867238,1117,4,1117,4,0,3,100
15,360,82.800000,10000.000000,1,1,178867250,1117,4,1117,4,0,3,100
