15,360,50.400000,10000.000000,1,1,178739927,780,22,780,22,0,3,4
15,360,50.400000,10000.000000,1,1,178739928,780,22,780,22,0,3,4
15,360,50.400000,10000.000000,1,1,178739942,780,22,780,22,0,3,4
15,360,50.400000,10000.000000,1,1,178739955,780,22,780,22,0,3,4
15,360,50.400000,10000.000000,1,1,178739969,780,22,780,22,0,3,4
15,360,50.400000,10000.000000,1,1,178739982,780,22,780,22,0,3,4
15,360,50.400000,10000.000000,1,1,178739996,780,22,780,22,0,3,4
15,360,50.400000,10000.000000,1,1,178740012,781,21,781,21,0,3,4
15,360,50.400000,10000.000000,1,1,178740026,793,20,793,20,0,3,4
15,360,50.400000,10000.000000,1,1,178740039,822,18,822,18,0,3,4
15,360,50.400000,10000.000000,1,1,178740053,865,18,865,18,0,3,4
15,360,50.400000,10000.000000,1,1,178740067,939,16,939,16,0,3,4
15,360,50.400000,10000.000000,1,1,178740080,1014,15,1014,15,0,3,4
15,360,50.400000,10000.000000,1,1,178740094,1078,13,1078,13,0,3,4
15,360,50.400000,10000.000000,1,1,178740107,1131,12,1131,12,0,3,4
15,360,50.400000,10000.000000,1,1,178740120,1157,12,1157,12,0,3,4
15,360,50.400000,10000.000000,1,1,178740134,1167,11,1167,11,0,3,4
15,360,50.400000,10000.000000,1,1,178740147,1168,11,1168,11,0,3,4
15,360,50.400000,10000.000000,1,1,178740161,1168,11,1168,11,0,3,4
15,360,50.400000,10000.000000,1,1,178740175,1168,11,1168,11,0,3,4
15,360,50.400000,10000.000000,1,1,178740189,1168,11,1168,11,0,3,4
15,360,50.400000,10000.000000,1,1,178740202,1168,11,1168,11,0,3,4
15,360,50.400000,10000.000000,1,1,178740216,1168,11,1168,11,0,3,4
15,360,50.400000,10000.000000,1,1,178740230,1167,11,1167,11,0,3,4
15,360,50.400000,10000.000000,1,1,178740243,1166,11,1166,11,0,3,4
15,360,50.400000,10000.000000,1,1,178740256,1163,11,1163,11,0,3,4
15,360,50.400000,10000.000000,1,1,178740270,1161,11,1161,11,0,3,4
15,360,50.400000,10000.000000,1,1,178740283,1160,11,1160,11,0,3,4
15,360,50.400000,10000.000000,1,1,178740297,1160,11,1160,11,0,3,4
15,360,50.400000,10000.000000,1,1,178740310,1159,11,1159,11,0,3,4
15,360,50.400000,10000.000000,1,1,178740323,1159,11,1159,11,0,3,4
15,360,50.400000,10000.000000,1,1,178740337,1157,11,1157,11,0,3,4
15,360,50.400000,10000.000000,1,1,178740351,1153,11,1153,11,0,3,4
15,360,50.400000,10000.000000,1,1,178740364,1147,11,1147,11,0,3,4
15,360,50.400000,10000.000000,1,1,178740378,1142,11,1142,11,0,3,4
15,360,50.400000,10000.000000,1,1,178740391,1138,11,1138,11,0,3,4
15,360,50.400000,10000.000000,1,1,178740405,1137,11,1137,11,0,3,4
15,360,50.400000,10000.000000,1,1,178740418,1137,11,1137,11,0,3,4
15,360,50.400000,10000.000000,1,1,178740431,1137,11,1137,11,0,3,4
15,360,50.400000,10000.000000,1,1,178740444,1137,11,1137,11,0,3,4
