15,360,50.400000,0.000000,1,0,178870324,780,0,780,0,0,3,103
15,360,50.400000,0.000000,1,0,178870325,780,0,780,0,0,3,103
15,360,50.400000,0.000000,1,0,178870338,780,0,780,0,0,3,103
15,360,50.400000,0.000000,1,0,178870352,780,0,780,0,0,3,103
15,360,50.400000,0.000000,1,0,178870367,784,0,784,-1,0,3,103
15,360,50.400000,0.000000,1,0,178870383,798,0,798,-2,0,3,103
15,360,50.400000,0.000000,1,0,178870400,832,0,832,-4,0,3,103
15,360,50.400000,0.000000,1,0,178870415,880,0,880,-6,0,3,103
15,360,50.400000,0.000000,1,0,178870429,936,0,936,-7,0,3,103
15,360,50.400000,0.000000,1,0,178870444,986,0,986,-9,0,3,103
15,360,50.400000,0.000000,1,0,178870457,1022,0,1022,-11,0,3,103
15,360,50.400000,0.000000,1,0,178870471,1043,0,1043,-12,0,3,103
15,360,50.400000,0.000000,1,0,178870485,1053,0,1053,-13,0,3,103
15,360,50.400000,0.000000,1,0,178870498,1055,0,1055,-13,0,3,103
15,360,50.400000,0.000000,1,0,178870512,1055,0,1055,-13,0,3,103
15,360,50.400000,0.000000,1,0,178870526,1055,0,1055,-13,0,3,103
15,360,50.400000,0.000000,1,0,178870539,1056,0,1056,-13,0,3,103
15,360,50.400000,0.000000,1,0,178870554,1056,0,1056,-13,0,3,103
15,360,50.400000,0.000000,1,0,178870568,1057,0,1057,-13,0,3,103
15,360,50.400000,0.000000,1,0,178870581,1059,0,1059,-13,0,3,103
15,360,50.400000,0.000000,1,0,178870595,1063,0,1063,-13,0,3,103
15,360,50.400000,0.000000,1,0,178870608,1069,0,1069,-13,0,3,103
15,360,50.400000,0.000000,1,0,178870621,1074,0,1074,-13,0,3,103
15,360,50.400000,0.000000,1,0,178870635,1078,0,1078,-13,0,3,103
15,360,50.400000,0.000000,1,0,178870649,1080,0,1080,-13,0,3,103
15,360,50.400000,0.000000,1,0,178870663,1082,0,1082,-13,0,3,103
15,360,50.400000,0.000000,1,0,178870677,1087,0,1087,-13,0,3,103
15,360,50.400000,0.000000,1,0,178870690,1094,0,1094,-13,0,3,103
15,360,50.400000,0.000000,1,0,178870704,1104,0,1104,-13,0,3,103
15,360,50.400000,0.000000,1,0,178870718,1113,0,1113,-13,0,3,103
15,360,50.400000,0.000000,1,0,178870732,1118,0,1118,-14,0,3,103
15,360,50.400000,0.000000,1,0,178870745,1121,0,1121,-14,0,3,103
15,360,50.400000,0.000000,1,0,178870760,1122,0,1122,-14,0,3,103
15,360,50.400000,0.000000,1,0,178870774,1123,0,1123,-14,0,3,103
15,360,50.400000,0.000000,1,0,178870787,1123,0,1123,-14,0,3,103
15,360,50.400000,0.000000,1,0,178870801,1123,0,1123,-14,0,3,103
15,360,50.400000,0.000000,1,0,178870815,1123,0,1123,-14,0,3,103
15,360,50.400000,0.000000,1,0,178870829,1123,0,1123,-14,0,3,103
15,360,50.400000,0.000000,1,0,178870842,1123,0,1123,-14,0,3,103
15,360,50.400000,0.000000,1,0,178870856,1123,0,1123,-14,0,3,103
15,360,50.400000,0.000000,1,0,178870870,1123,0,1123,-14,0,3,103
15,360,50.400000,0.000000,1,0,178870883,1123,0,1123,-14,0,3,103
15,360,50.400000,0.000000,1,0,178870897,1123,0,1123,-14,0,3,103
15,360,50.400000,0.000000,1,0,178870911,1123,0,1123,-14,0,3,103
15,360,50.400000,0.000000,1,0,178870924,1123,0,1123,-14,0,3,103
15,360,50.400000,0.000000,1,0,178870938,1123,0,1123,-14,0,3,103
15,360,50.400000,0.000000,1,0,178870951,1123,0,1123,-14,0,3,103
15,360,50.400000,0.000000,1,0,178870964,1123,0,1123,-14,0,3,103
