15,720,21.600000,22.608000,1,0,178873266,600,0,600,0,0,3,105
15,720,21.600000,22.608000,1,0,178873267,600,0,600,0,0,3,105
15,720,21.600000,22.608000,1,0,178873281,600,0,600,0,0,3,105
15,720,21.600000,22.608000,1,0,178873296,600,0,600,0,0,3,105
15,720,21.600000,22.608000,1,0,178873310,600,0,600,0,0,3,105
15,720,21.600000,22.608000,1,0,178873323,600,0,600,0,0,3,105
15,720,21.600000,22.608000,1,0,178873337,600,0,600,0,0,3,105
15,720,21.600000,22.608000,1,0,178873351,601,0,601,0,0,3,105
15,720,21.600000,22.608000,1,0,178873365,610,0,610,-4,0,3,105
15,720,21.600000,22.608000,1,0,178873379,633,0,633,-8,0,3,105
15,720,21.600000,22.608000,1,0,178873393,686,0,686,-15,0,3,105
15,720,21.600000,22.608000,1,0,178873407,771,0,771,-24,0,3,105
15,720,21.600000,22.608000,1,0,178873421,894,0,894,-30,0,3,105
15,720,21.600000,22.608000,1,0,178873436,1018,0,1018,-33,0,3,105
15,720,21.600000,22.608000,1,0,178873450,1144,0,1144,-36,0,3,105
15,720,21.600000,22.608000,1,0,178873463,1219,0,1219,-40,0,3,105
15,720,21.600000,22.608000,1,0,178873477,1264,0,1264,-43,0,3,105
15,720,21.600000,22.608000,1,0,178873490,1279,0,1279,-45,0,3,105
15,720,21.600000,22.608000,1,0,178873504,1281,0,1281,-45,0,3,105
15,720,21.600000,22.608000,1,0,178873517,1281,0,1281,-45,0,3,105
15,720,21.600000,22.608000,1,0,178873530,1281,0,1281,-45,0,3,105
15,720,21.600000,22.608000,1,0,178873543,1281,0,1281,-45,0,3,105
15,720,21.600000,22.608000,1,0,178873556,1281,0,1281,-45,0,3,105
15,720,21.600000,22.608000,1,0,178873571,1281,0,1281,-45,0,3,105
15,720,21.600000,22.608000,1,0,178873583,1281,0,1281,-45,0,3,105
15,720,21.600000,22.608000,1,0,178873598,1281,0,1281,-45,0,3,105
15,720,21.600000,22.608000,1,0,178873612,1281,0,1281,-45,0,3,105
15,720,21.600000,22.608000,1,0,178873625,1281,0,1281,-45,0,3,105
15,720,21.600000,22.608000,1,0,178873638,1284,0,1284,-45,0,3,105
15,720,21.600000,22.608000,1,0,178873651,1287,0,1287,-45,0,3,105
15,720,21.600000,22.608000,1,0,178873665,1288,0,1288,-45,0,3,105
15,720,21.600000,22.608000,1,0,178873679,1288,0,1288,-45,0,3,105
15,720,21.600000,22.608000,1,0,178873692,1289,0,1289,-45,0,3,105
15,720,21.600000,22.608000,1,0,178873706,1291,0,1291,-45,0,3,105
15,720,21.600000,22.608000,1,0,178873720,1296,0,1296,-46,0,3,105
15,720,21.600000,22.608000,1,0,178873735,1304,0,1304,-46,0,3,105
15,720,21.600000,22.608000,1,0,178873749,1314,0,1314,-46,0,3,105
15,720,21.600000,22.608000,1,0,178873764,1321,0,1321,-47,0,3,105
15,720,21.600000,22.608000,1,0,178873777,1324,0,1324,-47,0,3,105
15,720,21.600000,22.608000,1,0,178873792,1324,0,1324,-48,0,3,105
15,720,21.600000,22.608000,1,0,178873806,1324,0,1324,-49,0,3,105
15,720,21.600000,22.608000,1,0,178873819,1324,0,1324,-49,0,3,105
15,720,21.600000,22.608000,1,0,178873833,1324,0,1324,-49,0,3,105
15,720,21.600000,22.608000,1,0,178873846,1324,0,1324,-49,0,3,105
15,720,21.600000,22.608000,1,0,178873860,1324,0,1324,-49,0,3,105
15,720,21.600000,22.608000,1,0,178873874,1324,0,1324,-49,0,3,105
15,720,21.600000,22.608000,1,0,178873887,1324,0,1324,-49,0,3,105
15,720,21.600000,22.608000,1,0,178873899,1324,0,1324,-49,0,3,105
15,720,21.600000,22.608000,1,0,178873913,1324,0,1324,-49,0,3,105
15,720,21.600000,22.608000,1,0,178873927,1324,0,1324,-49,0,3,105
15,720,21.600000,22.608000,1,0,178873940,1324,0,1324,-49,0,3,105
15,720,21.600000,22.608000,1,0,178873953,1324,0,1324,-49,0,3,105
15,720,21.600000,22.608000,1,0,178873966,1324,0,1324,-49,0,3,105
15,720,21.600000,22.608000,1,0,178873980,1324,0,1324,-49,0,3,105
15,720,21.600000,22.608000,1,0,178873993,1324,0,1324,-49,0,3,105
15,720,21.600000,22.608000,1,0,178874008,1324,0,1324,-49,0,3,105
15,720,21.600000,22.608000,1,0,178874021,1324,0,1324,-49,0,3,105
15,720,21.600000,22.608000,1,0,178874034,1324,0,1324,-49,0,3,105
15,720,21.600000,22.608000,1,0,178874048,1324,0,1324,-49,0,3,105
15,720,21.600000,22.608000,1,0,178874062,1324,0,1324,-49,0,3,105
15,720,21.600000,22.608000,1,0,178874075,1324,0,1324,-49,0,3,105
