15,720,50.400000,22.608000,0,1,178963803,600,22,600,22,0,4,55
15,720,50.400000,22.608000,0,1,178963803,600,22,600,22,0,4,55
15,720,50.400000,22.608000,0,1,178963817,600,22,600,22,0,4,55
15,720,50.400000,22.608000,0,1,178963831,600,22,600,22,0,4,55
15,720,50.400000,22.608000,0,1,178963846,600,22,600,22,0,4,55
15,720,50.400000,22.608000,0,1,178963859,600,22,600,22,0,4,55
15,720,50.400000,22.608000,0,1,178963873,600,22,600,22,0,4,55
15,720,50.400000,22.608000,0,1,178963887,609,20,609,20,0,4,55
15,720,50.400000,22.608000,0,1,178963903,640,19,640,19,0,4,55
15,720,50.400000,22.608000,0,1,178963918,733,16,733,16,0,4,55
15,720,50.400000,22.608000,0,1,178963932,851,14,851,14,0,4,55
15,720,50.400000,22.608000,0,1,178963947,1027,11,1027,11,0,4,55
15,720,50.400000,22.608000,0,1,178963962,1176,9,1176,9,0,4,55
15,720,50.400000,22.608000,0,1,178963976,1279,6,1279,6,0,4,55
15,720,50.400000,22.608000,0,1,178963990,1334,3,1334,3,0,4,55
15,720,50.400000,22.608000,0,1,178964004,1353,2,1353,2,0,4,55
15,720,50.400000,22.608000,0,1,178964018,1355,2,1355,2,0,4,55
15,720,50.400000,22.608000,0,1,178964031,1355,2,1355,2,0,4,55
15,720,50.400000,22.608000,0,1,178964044,1355,2,1355,2,0,4,55
15,720,50.400000,22.608000,0,1,178964057,1355,2,1355,2,0,4,55
15,720,50.400000,22.608000,0,1,178964071,1352,2,1352,2,0,4,55
15,720,50.400000,22.608000,0,1,178964094,1347,2,1347,2,0,4,55
15,720,50.400000,22.608000,0,1,178964108,1337,3,1337,3,0,4,55
15,720,50.400000,22.608000,0,1,178964121,1332,3,1332,3,0,4,55
15,720,50.400000,22.608000,0,1,178964135,1326,3,1326,3,0,4,55
15,720,50.400000,22.608000,0,1,178964148,1322,3,1322,3,0,4,55
15,720,50.400000,22.608000,0,1,178964163,1321,3,1321,3,0,4,55
15,720,50.400000,22.608000,0,1,178964176,1321,3,1321,3,0,4,55
15,720,50.400000,22.608000,0,1,178964189,1321,3,1321,3,0,4,55
15,720,50.400000,22.608000,0,1,178964201,1321,3,1321,3,0,4,55
15,720,50.400000,22.608000,0,1,178964214,1321,3,1321,3,0,4,55
15,720,50.400000,22.608000,0,1,178964229,1321,3,1321,3,0,4,55
15,720,50.400000,22.608000,0,1,178964244,1321,3,1321,3,0,4,55
15,720,50.400000,22.608000,0,1,178964259,1321,3,1321,3,0,4,55
15,720,50.400000,22.608000,0,1,178964273,1321,3,1321,3,0,4,55
15,720,50.400000,22.608000,0,1,178964286,1321,3,1321,3,0,4,55
15,720,50.400000,22.608000,0,1,178964299,1321,3,1321,3,0,4,55
