15,360,21.600000,10000.000000,0,0,178895766,780,0,780,0,0,4,3
15,360,21.600000,10000.000000,0,0,178895767,780,0,780,0,0,4,3
15,360,21.600000,10000.000000,0,0,178895781,780,0,780,0,0,4,3
15,360,21.600000,10000.000000,0,0,178895795,780,0,780,0,0,4,3
15,360,21.600000,10000.000000,0,0,178895808,780,0,780,0,0,4,3
15,360,21.600000,10000.000000,0,0,178895822,781,0,781,0,0,4,3
15,360,21.600000,10000.000000,0,0,178895836,789,0,789,0,0,4,3
15,360,21.600000,10000.000000,0,0,178895849,812,0,812,-1,0,4,3
15,360,21.600000,10000.000000,0,0,178895863,850,0,850,-1,0,4,3
15,360,21.600000,10000.000000,0,0,178895878,913,0,913,-1,0,4,3
15,360,21.600000,10000.000000,0,0,178895892,990,0,990,-1,0,4,3
15,360,21.600000,10000.000000,0,0,178895907,1059,0,1059,-1,0,4,3
15,360,21.600000,10000.000000,0,0,178895921,1111,0,1111,-3,0,4,3
15,360,21.600000,10000.000000,0,0,178895935,1131,0,1131,-4,0,4,3
15,360,21.600000,10000.000000,0,0,178895949,1135,0,1135,-5,0,4,3
15,360,21.600000,10000.000000,0,0,178895962,1135,0,1135,-5,0,4,3
15,360,21.600000,10000.000000,0,0,178895975,1135,0,1135,-5,0,4,3
15,360,21.600000,10000.000000,0,0,178895988,1135,0,1135,-5,0,4,3
15,360,21.600000,10000.000000,0,0,178896001,1135,0,1135,-5,0,4,3
15,360,21.600000,10000.000000,0,0,178896015,1135,0,1135,-5,0,4,3
15,360,21.600000,10000.000000,0,0,178896029,1135,0,1135,-5,0,4,3
15,360,21.600000,10000.000000,0,0,178896043,1134,0,1134,-5,0,4,3
15,360,21.600000,10000.000000,0,0,178896057,1133,0,1133,-5,0,4,3
15,360,21.600000,10000.000000,0,0,178896070,1133,0,1133,-5,0,4,3
15,360,21.600000,10000.000000,0,0,178896083,1133,0,1133,-5,0,4,3
15,360,21.600000,10000.000000,0,0,178896097,1133,0,1133,-5,0,4,3
15,360,21.600000,10000.000000,0,0,178896112,1133,0,1133,-5,0,4,3
15,360,21.600000,10000.000000,0,0,178896125,1133,0,1133,-5,0,4,3
15,360,21.600000,10000.000000,0,0,178896138,1133,0,1133,-5,0,4,3
15,360,21.600000,10000.000000,0,0,178896151,1133,0,1133,-5,0,4,3
15,360,21.600000,10000.000000,0,0,178896165,1133,0,1133,-5,0,4,3
15,360,21.600000,10000.000000,0,0,178896178,1133,0,1133,-5,0,4,3
15,360,21.600000,10000.000000,0,0,178896193,1133,0,1133,-5,0,4,3
15,360,21.600000,10000.000000,0,0,178896206,1133,0,1133,-5,0,4,3
15,360,21.600000,10000.000000,0,0,178896219,1133,0,1133,-5,0,4,3
