15,720,50.400000,22.608000,1,1,179000965,600,22,600,22,0,4,85
15,720,50.400000,22.608000,1,1,179000967,600,22,600,22,0,4,85
15,720,50.400000,22.608000,1,1,179000981,600,22,600,22,0,4,85
15,720,50.400000,22.608000,1,1,179000995,600,22,600,22,0,4,85
15,720,50.400000,22.608000,1,1,179001009,600,22,600,22,0,4,85
15,720,50.400000,22.608000,1,1,179001023,600,22,600,22,0,4,85
15,720,50.400000,22.608000,1,1,179001046,600,22,600,22,0,4,85
15,720,50.400000,22.608000,1,1,179001061,603,21,603,21,0,4,85
15,720,50.400000,22.608000,1,1,179001077,619,20,619,20,0,4,85
15,720,50.400000,22.608000,1,1,179001091,667,17,667,17,0,4,85
15,720,50.400000,22.608000,1,1,179001105,755,15,755,15,0,4,85
15,720,50.400000,22.608000,1,1,179001119,899,13,899,13,0,4,85
15,720,50.400000,22.608000,1,1,179001134,1043,10,1043,10,0,4,85
15,720,50.400000,22.608000,1,1,179001147,1153,6,1153,6,0,4,85
15,720,50.400000,22.608000,1,1,179001162,1215,3,1215,3,0,4,85
15,720,50.400000,22.608000,1,1,179001176,1235,3,1235,3,0,4,85
15,720,50.400000,22.608000,1,1,179001191,1241,3,1241,3,0,4,85
15,720,50.400000,22.608000,1,1,179001206,1241,3,1241,3,0,4,85
15,720,50.400000,22.608000,1,1,179001220,1241,3,1241,3,0,4,85
15,720,50.400000,22.608000,1,1,179001233,1241,3,1241,3,0,4,85
15,720,50.400000,22.608000,1,1,179001247,1241,3,1241,3,0,4,85
15,720,50.400000,22.608000,1,1,179001260,1241,3,1241,3,0,4,85
15,720,50.400000,22.608000,1,1,179001274,1241,3,1241,3,0,4,85
15,720,50.400000,22.608000,1,1,179001287,1241,3,1241,3,0,4,85
15,720,50.400000,22.608000,1,1,179001300,1241,3,1241,3,0,4,85
15,720,50.400000,22.608000,1,1,179001314,1241,3,1241,3,0,4,85
15,720,50.400000,22.608000,1,1,179001328,1241,3,1241,3,0,4,85
15,720,50.400000,22.608000,1,1,179001341,1241,3,1241,3,0,4,85
15,720,50.400000,22.608000,1,1,179001355,1244,3,1244,3,0,4,85
15,720,50.400000,22.608000,1,1,179001370,1251,2,1251,2,0,4,85
15,720,50.400000,22.608000,1,1,179001383,1259,2,1259,2,0,4,85
15,720,50.400000,22.608000,1,1,179001397,1266,1,1266,1,0,4,85
15,720,50.400000,22.608000,1,1,179001411,1270,0,1270,0,0,4,85
15,720,50.400000,22.608000,1,1,179001424,1277,0,1277,0,0,4,85
15,720,50.400000,22.608000,1,1,179001439,1288,0,1288,-1,0,4,85
15,720,50.400000,22.608000,1,1,179001453,1305,0,1305,-1,0,4,85
15,720,50.400000,22.608000,1,1,179001467,1319,0,1319,-1,0,4,85
15,720,50.400000,22.608000,1,1,179001481,1323,0,1323,-1,0,4,85
15,720,50.400000,22.608000,1,1,179001495,1324,0,1324,-1,0,4,85
15,720,50.400000,22.608000,1,1,179001509,1325,0,1325,-1,0,4,85
15,720,50.400000,22.608000,1,1,179001522,1325,0,1325,-1,0,4,85
15,720,50.400000,22.608000,1,1,179001544,1325,0,1325,-1,0,4,85
15,720,50.400000,22.608000,1,1,179001557,1325,0,1325,-1,0,4,85
15,720,50.400000,22.608000,1,1,179001570,1325,0,1325,-1,0,4,85
15,720,50.400000,22.608000,1,1,179001583,1325,0,1325,-1,0,4,85
15,720,50.400000,22.608000,1,1,179001597,1325,0,1325,-1,0,4,85
15,720,50.400000,22.608000,1,1,179001611,1325,0,1325,-1,0,4,85
15,720,50.400000,22.608000,1,1,179001623,1325,0,1325,-1,0,4,85
15,720,50.400000,22.608000,1,1,179001637,1325,0,1325,-1,0,4,85
15,720,50.400000,22.608000,1,1,179001650,1325,0,1325,-1,0,4,85
15,720,50.400000,22.608000,1,1,179001664,1325,0,1325,-1,0,4,85
15,720,50.400000,22.608000,1,1,179001678,1325,0,1325,-1,0,4,85
15,720,50.400000,22.608000,1,1,179001692,1325,0,1325,-1,0,4,85
15,720,50.400000,22.608000,1,1,179001706,1325,0,1325,-1,0,4,85
15,720,50.400000,22.608000,1,1,179001718,1325,0,1325,-1,0,4,85
