15,720,50.400000,0.000000,1,0,178899660,600,0,600,0,0,4,6
15,720,50.400000,0.000000,1,0,178899661,600,0,600,0,0,4,6
15,720,50.400000,0.000000,1,0,178899675,600,0,600,0,0,4,6
15,720,50.400000,0.000000,1,0,178899689,600,0,600,-1,0,4,6
15,720,50.400000,0.000000,1,0,178899703,600,0,600,-1,0,4,6
15,720,50.400000,0.000000,1,0,178899717,600,0,600,-1,0,4,6
15,720,50.400000,0.000000,1,0,178899731,606,0,606,-3,0,4,6
15,720,50.400000,0.000000,1,0,178899745,621,0,621,-6,0,4,6
15,720,50.400000,0.000000,1,0,178899760,659,0,659,-8,0,4,6
15,720,50.400000,0.000000,1,0,178899775,723,0,723,-9,0,4,6
15,720,50.400000,0.000000,1,0,178899789,823,0,823,-10,0,4,6
15,720,50.400000,0.000000,1,0,178899803,941,0,941,-11,0,4,6
15,720,50.400000,0.000000,1,0,178899817,1049,0,1049,-13,0,4,6
15,720,50.400000,0.000000,1,0,178899832,1119,0,1119,-15,0,4,6
15,720,50.400000,0.000000,1,0,178899846,1165,0,1165,-17,0,4,6
15,720,50.400000,0.000000,1,0,178899860,1183,0,1183,-18,0,4,6
15,720,50.400000,0.000000,1,0,178899874,1190,0,1190,-19,0,4,6
15,720,50.400000,0.000000,1,0,178899887,1192,0,1192,-19,0,4,6
15,720,50.400000,0.000000,1,0,178899901,1195,0,1195,-20,0,4,6
15,720,50.400000,0.000000,1,0,178899915,1201,0,1201,-20,0,4,6
15,720,50.400000,0.000000,1,0,178899931,1213,0,1213,-20,0,4,6
15,720,50.400000,0.000000,1,0,178899945,1228,0,1228,-20,0,4,6
15,720,50.400000,0.000000,1,0,178899960,1240,0,1240,-21,0,4,6
15,720,50.400000,0.000000,1,0,178899974,1252,0,1252,-22,0,4,6
15,720,50.400000,0.000000,1,0,178899987,1264,0,1264,-22,0,4,6
15,720,50.400000,0.000000,1,0,178900001,1275,0,1275,-22,0,4,6
15,720,50.400000,0.000000,1,0,178900016,1282,0,1282,-22,0,4,6
15,720,50.400000,0.000000,1,0,178900028,1284,0,1284,-23,0,4,6
15,720,50.400000,0.000000,1,0,178900044,1284,0,1284,-23,0,4,6
15,720,50.400000,0.000000,1,0,178900057,1284,0,1284,-23,0,4,6
15,720,50.400000,0.000000,1,0,178900070,1284,0,1284,-23,0,4,6
15,720,50.400000,0.000000,1,0,178900084,1284,0,1284,-23,0,4,6
15,720,50.400000,0.000000,1,0,178900098,1284,0,1284,-23,0,4,6
15,720,50.400000,0.000000,1,0,178900111,1285,0,1285,-23,0,4,6
15,720,50.400000,0.000000,1,0,178900123,1288,0,1288,-23,0,4,6
15,720,50.400000,0.000000,1,0,178900138,1292,0,1292,-23,0,4,6
15,720,50.400000,0.000000,1,0,178900151,1297,0,1297,-23,0,4,6
15,720,50.400000,0.000000,1,0,178900165,1302,0,1302,-23,0,4,6
15,720,50.400000,0.000000,1,0,178900178,1308,0,1308,-24,0,4,6
15,720,50.400000,0.000000,1,0,178900192,1314,0,1314,-24,0,4,6
15,720,50.400000,0.000000,1,0,178900205,1317,0,1317,-24,0,4,6
15,720,50.400000,0.000000,1,0,178900218,1317,0,1317,-24,0,4,6
15,720,50.400000,0.000000,1,0,178900231,1317,0,1317,-24,0,4,6
15,720,50.400000,0.000000,1,0,178900245,1317,0,1317,-24,0,4,6
15,720,50.400000,0.000000,1,0,178900258,1317,0,1317,-24,0,4,6
