15,720,50.400000,12.276000,0,0,178944698,600,0,600,0,0,4,40
15,720,50.400000,12.276000,0,0,178944699,600,0,600,0,0,4,40
15,720,50.400000,12.276000,0,0,178944713,600,0,600,0,0,4,40
15,720,50.400000,12.276000,0,0,178944726,600,0,600,-1,0,4,40
15,720,50.400000,12.276000,0,0,178944741,600,0,600,-2,0,4,40
15,720,50.400000,12.276000,0,0,178944755,605,0,605,-3,0,4,40
15,720,50.400000,12.276000,0,0,178944771,617,0,617,-5,0,4,40
15,720,50.400000,12.276000,0,0,178944785,642,0,642,-8,0,4,40
15,720,50.400000,12.276000,0,0,178944799,692,0,692,-12,0,4,40
15,720,50.400000,12.276000,0,0,178944813,776,0,776,-15,0,4,40
15,720,50.400000,12.276000,0,0,178944826,909,0,909,-17,0,4,40
15,720,50.400000,12.276000,0,0,178944841,1065,0,1065,-21,0,4,40
15,720,50.400000,12.276000,0,0,178944854,1223,0,1223,-22,0,4,40
15,720,50.400000,12.276000,0,0,178944868,1322,0,1322,-25,0,4,40
15,720,50.400000,12.276000,0,0,178944882,1386,0,1386,-27,0,4,40
15,720,50.400000,12.276000,0,0,178944896,1409,0,1409,-29,0,4,40
15,720,50.400000,12.276000,0,0,178944909,1412,0,1412,-29,0,4,40
15,720,50.400000,12.276000,0,0,178944923,1415,0,1415,-29,0,4,40
15,720,50.400000,12.276000,0,0,178944936,1415,0,1415,-29,0,4,40
15,720,50.400000,12.276000,0,0,178944949,1415,0,1415,-29,0,4,40
15,720,50.400000,12.276000,0,0,178944964,1415,0,1415,-29,0,4,40
15,720,50.400000,12.276000,0,0,178944977,1414,0,1414,-29,0,4,40
15,720,50.400000,12.276000,0,0,178944991,1412,0,1412,-29,0,4,40
15,720,50.400000,12.276000,0,0,178945005,1407,0,1407,-29,0,4,40
15,720,50.400000,12.276000,0,0,178945019,1402,1,1402,-28,0,4,40
15,720,50.400000,12.276000,0,0,178945032,1397,1,1397,-28,0,4,40
15,720,50.400000,12.276000,0,0,178945046,1393,2,1393,-27,0,4,40
15,720,50.400000,12.276000,0,0,178945060,1389,2,1389,-27,0,4,40
15,720,50.400000,12.276000,0,0,178945074,1378,2,1378,-27,0,4,40
15,720,50.400000,12.276000,0,0,178945088,1362,2,1362,-27,0,4,40
15,720,50.400000,12.276000,0,0,178945101,1350,3,1350,-26,0,4,40
15,720,50.400000,12.276000,0,0,178945115,1342,3,1342,-26,0,4,40
15,720,50.400000,12.276000,0,0,178945130,1339,3,1339,-26,0,4,40
15,720,50.400000,12.276000,0,0,178945144,1339,3,1339,-26,0,4,40
15,720,50.400000,12.276000,0,0,178945157,1339,3,1339,-26,0,4,40
15,720,50.400000,12.276000,0,0,178945171,1338,3,1338,-26,0,4,40
15,720,50.400000,12.276000,0,0,178945185,1338,3,1338,-26,0,4,40
15,720,50.400000,12.276000,0,0,178945198,1336,3,1336,-26,0,4,40
15,720,50.400000,12.276000,0,0,178945212,1335,3,1335,-26,0,4,40
15,720,50.400000,12.276000,0,0,178945225,1333,3,1333,-26,0,4,40
15,720,50.400000,12.276000,0,0,178945240,1328,3,1328,-26,0,4,40
15,720,50.400000,12.276000,0,0,178945254,1320,3,1320,-26,0,4,40
15,720,50.400000,12.276000,0,0,178945268,1311,3,1311,-26,0,4,40
15,720,50.400000,12.276000,0,0,178945281,1306,3,1306,-26,0,4,40
15,720,50.400000,12.276000,0,0,178945296,1306,3,1306,-26,0,4,40
15,720,50.400000,12.276000,0,0,178945310,1306,3,1306,-26,0,4,40
15,720,50.400000,12.276000,0,0,178945323,1306,3,1306,-26,0,4,40
15,720,50.400000,12.276000,0,0,178945335,1306,3,1306,-26,0,4,40
