15,720,21.600000,0.000000,0,0,178986635,600,0,600,0,0,4,73
15,720,21.600000,0.000000,0,0,178986636,600,0,600,0,0,4,73
15,720,21.600000,0.000000,0,0,178986650,600,0,600,0,0,4,73
15,720,21.600000,0.000000,0,0,178986664,600,0,600,0,0,4,73
15,720,21.600000,0.000000,0,0,178986679,600,0,600,0,0,4,73
15,720,21.600000,0.000000,0,0,178986692,600,0,600,0,0,4,73
15,720,21.600000,0.000000,0,0,178986706,600,0,600,0,0,4,73
15,720,21.600000,0.000000,0,0,178986719,600,0,600,0,0,4,73
15,720,21.600000,0.000000,0,0,178986734,605,0,605,0,0,4,73
15,720,21.600000,0.000000,0,0,178986749,630,0,630,0,0,4,73
15,720,21.600000,0.000000,0,0,178986765,696,0,696,-1,0,4,73
15,720,21.600000,0.000000,0,0,178986780,814,0,814,-5,0,4,73
15,720,21.600000,0.000000,0,0,178986793,959,0,959,-8,0,4,73
15,720,21.600000,0.000000,0,0,178986808,1102,0,1102,-10,0,4,73
15,720,21.600000,0.000000,0,0,178986822,1248,0,1248,-10,0,4,73
15,720,21.600000,0.000000,0,0,178986845,1358,0,1358,-13,0,4,73
15,720,21.600000,0.000000,0,0,178986859,1456,0,1456,-13,0,4,73
15,720,21.600000,0.000000,0,0,178986872,1467,0,1467,-14,0,4,73
15,720,21.600000,0.000000,0,0,178986887,1466,0,1466,-14,0,4,73
15,720,21.600000,0.000000,0,0,178986902,1461,0,1461,-14,0,4,73
15,720,21.600000,0.000000,0,0,178986915,1456,1,1456,-13,0,4,73
15,720,21.600000,0.000000,0,0,178986930,1453,1,1453,-13,0,4,73
15,720,21.600000,0.000000,0,0,178986944,1450,2,1450,-12,0,4,73
15,720,21.600000,0.000000,0,0,178986959,1446,4,1446,-10,0,4,73
15,720,21.600000,0.000000,0,0,178986973,1441,5,1441,-9,0,4,73
15,720,21.600000,0.000000,0,0,178986987,1435,6,1435,-8,0,4,73
15,720,21.600000,0.000000,0,0,178987002,1428,6,1428,-8,0,4,73
15,720,21.600000,0.000000,0,0,178987017,1420,6,1420,-8,0,4,73
15,720,21.600000,0.000000,0,0,178987031,1411,7,1411,-7,0,4,73
15,720,21.600000,0.000000,0,0,178987046,1404,7,1404,-7,0,4,73
15,720,21.600000,0.000000,0,0,178987060,1399,7,1399,-7,0,4,73
15,720,21.600000,0.000000,0,0,178987073,1396,7,1396,-7,0,4,73
15,720,21.600000,0.000000,0,0,178987087,1394,7,1394,-7,0,4,73
15,720,21.600000,0.000000,0,0,178987101,1390,7,1390,-7,0,4,73
15,720,21.600000,0.000000,0,0,178987115,1383,7,1383,-7,0,4,73
15,720,21.600000,0.000000,0,0,178987129,1370,7,1370,-7,0,4,73
15,720,21.600000,0.000000,0,0,178987143,1354,7,1354,-7,0,4,73
15,720,21.600000,0.000000,0,0,178987157,1339,7,1339,-7,0,4,73
15,720,21.600000,0.000000,0,0,178987170,1327,7,1327,-7,0,4,73
15,720,21.600000,0.000000,0,0,178987184,1321,7,1321,-7,0,4,73
15,720,21.600000,0.000000,0,0,178987198,1321,7,1321,-7,0,4,73
15,720,21.600000,0.000000,0,0,178987212,1321,7,1321,-7,0,4,73
15,720,21.600000,0.000000,0,0,178987225,1321,7,1321,-7,0,4,73
15,720,21.600000,0.000000,0,0,178987239,1321,7,1321,-7,0,4,73
15,720,21.600000,0.000000,0,0,178987251,1321,7,1321,-7,0,4,73
15,720,21.600000,0.000000,0,0,178987264,1321,7,1321,-7,0,4,73
15,720,21.600000,0.000000,0,0,178987278,1321,7,1321,-7,0,4,73
15,720,21.600000,0.000000,0,0,178987291,1321,7,1321,-7,0,4,73
15,720,21.600000,0.000000,0,0,178987304,1321,7,1321,-7,0,4,73
15,720,21.600000,0.000000,0,0,178987318,1320,7,1320,-7,0,4,73
15,720,21.600000,0.000000,0,0,178987332,1319,7,1319,-7,0,4,73
15,720,21.600000,0.000000,0,0,178987346,1317,7,1317,-7,0,4,73
15,720,21.600000,0.000000,0,0,178987360,1317,7,1317,-7,0,4,73
15,720,21.600000,0.000000,0,0,178987373,1317,7,1317,-7,0,4,73
15,720,21.600000,0.000000,0,0,178987386,1317,7,1317,-7,0,4,73
15,720,21.600000,0.000000,0,0,178987399,1317,7,1317,-7,0,4,73
15,720,21.600000,0.000000,0,0,178987411,1317,7,1317,-7,0,4,73
