15,720,21.600000,0.000000,1,0,178995614,600,0,600,0,0,4,81
15,720,21.600000,0.000000,1,0,178995615,600,0,600,0,0,4,81
15,720,21.600000,0.000000,1,0,178995628,600,0,600,0,0,4,81
15,720,21.600000,0.000000,1,0,178995643,600,0,600,0,0,4,81
15,720,21.600000,0.000000,1,0,178995656,600,0,600,0,0,4,81
15,720,21.600000,0.000000,1,0,178995673,606,0,606,-1,0,4,81
15,720,21.600000,0.000000,1,0,178995696,623,0,623,-4,0,4,81
15,720,21.600000,0.000000,1,0,178995709,700,0,700,-11,0,4,81
15,720,21.600000,0.000000,1,0,178995723,785,0,785,-15,0,4,81
15,720,21.600000,0.000000,1,0,178995737,921,0,921,-20,0,4,81
15,720,21.600000,0.000000,1,0,178995752,1092,0,1092,-23,0,4,81
15,720,21.600000,0.000000,1,0,178995766,1234,0,1234,-26,0,4,81
15,720,21.600000,0.000000,1,0,178995780,1308,0,1308,-30,0,4,81
15,720,21.600000,0.000000,1,0,178995794,1325,0,1325,-31,0,4,81
15,720,21.600000,0.000000,1,0,178995808,1343,0,1343,-32,0,4,81
15,720,21.600000,0.000000,1,0,178995822,1338,0,1338,-32,0,4,81
15,720,21.600000,0.000000,1,0,178995836,1333,0,1333,-32,0,4,81
15,720,21.600000,0.000000,1,0,178995849,1332,1,1332,-31,0,4,81
15,720,21.600000,0.000000,1,0,178995864,1331,1,1331,-31,0,4,81
15,720,21.600000,0.000000,1,0,178995877,1331,1,1331,-31,0,4,81
15,720,21.600000,0.000000,1,0,178995890,1329,2,1329,-30,0,4,81
15,720,21.600000,0.000000,1,0,178995904,1327,2,1327,-30,0,4,81
15,720,21.600000,0.000000,1,0,178995918,1325,3,1325,-29,0,4,81
15,720,21.600000,0.000000,1,0,178995931,1324,3,1324,-29,0,4,81
15,720,21.600000,0.000000,1,0,178995945,1324,3,1324,-29,0,4,81
15,720,21.600000,0.000000,1,0,178995958,1324,3,1324,-29,0,4,81
15,720,21.600000,0.000000,1,0,178995972,1324,3,1324,-29,0,4,81
15,720,21.600000,0.000000,1,0,178995985,1324,3,1324,-29,0,4,81
15,720,21.600000,0.000000,1,0,178995998,1324,3,1324,-29,0,4,81
15,720,21.600000,0.000000,1,0,178996011,1324,3,1324,-29,0,4,81
15,720,21.600000,0.000000,1,0,178996025,1326,3,1326,-29,0,4,81
15,720,21.600000,0.000000,1,0,178996039,1329,3,1329,-29,0,4,81
15,720,21.600000,0.000000,1,0,178996052,1330,3,1330,-29,0,4,81
15,720,21.600000,0.000000,1,0,178996066,1330,3,1330,-29,0,4,81
15,720,21.600000,0.000000,1,0,178996079,1330,3,1330,-29,0,4,81
15,720,21.600000,0.000000,1,0,178996093,1330,3,1330,-29,0,4,81
15,720,21.600000,0.000000,1,0,178996106,1330,3,1330,-29,0,4,81
15,720,21.600000,0.000000,1,0,178996119,1330,3,1330,-29,0,4,81
15,720,21.600000,0.000000,1,0,178996133,1330,3,1330,-29,0,4,81
15,720,21.600000,0.000000,1,0,178996147,1330,3,1330,-29,0,4,81
15,720,21.600000,0.000000,1,0,178996160,1330,3,1330,-29,0,4,81
15,720,21.600000,0.000000,1,0,178996174,1330,3,1330,-29,0,4,81
15,720,21.600000,0.000000,1,0,178996188,1330,3,1330,-29,0,4,81
15,720,21.600000,0.000000,1,0,178996201,1328,3,1328,-29,0,4,81
15,720,21.600000,0.000000,1,0,178996214,1325,4,1325,-28,0,4,81
15,720,21.600000,0.000000,1,0,178996227,1322,4,1322,-28,0,4,81
15,720,21.600000,0.000000,1,0,178996241,1321,4,1321,-28,0,4,81
15,720,21.600000,0.000000,1,0,178996254,1320,4,1320,-28,0,4,81
15,720,21.600000,0.000000,1,0,178996267,1320,4,1320,-28,0,4,81
15,720,21.600000,0.000000,1,0,178996280,1320,4,1320,-28,0,4,81
15,720,21.600000,0.000000,1,0,178996295,1320,4,1320,-28,0,4,81
15,720,21.600000,0.000000,1,0,178996308,1320,4,1320,-28,0,4,81
15,720,21.600000,0.000000,1,0,178996321,1320,4,1320,-28,0,4,81
15,720,21.600000,0.000000,1,0,178996344,1320,4,1320,-28,0,4,81
15,720,21.600000,0.000000,1,0,178996357,1320,4,1320,-28,0,4,81
15,720,21.600000,0.000000,1,0,178996370,1320,4,1320,-28,0,4,81
15,720,21.600000,0.000000,1,0,178996383,1320,4,1320,-28,0,4,81
15,720,21.600000,0.000000,1,0,178996397,1320,4,1320,-28,0,4,81
15,720,21.600000,0.000000,1,0,178996410,1320,4,1320,-28,0,4,81
15,720,21.600000,0.000000,1,0,178996422,1320,4,1320,-28,0,4,81
15,720,21.600000,0.000000,1,0,178996435,1320,4,1320,-28,0,4,81
