15,360,50.400000,12.276000,0,1,178931520,780,22,780,22,1,4,30
15,360,50.400000,12.276000,0,1,178931520,780,22,780,22,1,4,30
15,360,50.400000,12.276000,0,1,178931533,780,22,780,22,1,4,30
15,360,50.400000,12.276000,0,1,178931547,780,22,780,22,1,4,30
15,360,50.400000,12.276000,0,1,178931561,780,22,780,22,1,4,30
15,360,50.400000,12.276000,0,1,178931574,780,22,780,22,1,4,30
15,360,50.400000,12.276000,0,1,178931588,780,22,780,22,1,4,30
15,360,50.400000,12.276000,0,1,178931606,788,21,788,21,1,4,30
15,360,50.400000,12.276000,0,1,178931620,817,18,817,18,1,4,30
15,360,50.400000,12.276000,0,1,178931634,852,15,852,15,1,4,30
15,360,50.400000,12.276000,0,1,178931647,903,13,903,13,1,4,30
15,360,50.400000,12.276000,0,1,178931661,950,12,950,12,1,4,30
15,360,50.400000,12.276000,0,1,178931675,995,10,995,10,1,4,30
15,360,50.400000,12.276000,0,1,178931689,1029,9,1029,9,1,4,30
15,360,50.400000,12.276000,0,1,178931704,1052,7,1052,7,1,4,30
15,360,50.400000,12.276000,0,1,178931718,1067,6,1067,6,1,4,30
15,360,50.400000,12.276000,0,1,178931732,1075,6,1075,6,1,4,30
15,360,50.400000,12.276000,0,1,178931745,1081,6,1081,6,1,4,30
15,360,50.400000,12.276000,0,1,178931759,1085,6,1085,6,1,4,30
15,360,50.400000,12.276000,0,1,178931772,1091,6,1091,6,1,4,30
15,360,50.400000,12.276000,0,1,178931786,1096,6,1096,6,1,4,30
15,360,50.400000,12.276000,0,1,178931801,1101,6,1101,6,1,4,30
15,360,50.400000,12.276000,0,1,178931815,1108,6,1108,6,1,4,30
15,360,50.400000,12.276000,0,1,178931828,1116,6,1116,6,1,4,30
15,360,50.400000,12.276000,0,1,178931841,1126,6,1126,6,1,4,30
15,360,50.400000,12.276000,0,1,178931856,1138,6,1138,6,1,4,30
15,360,50.400000,12.276000,0,1,178931869,1144,6,1144,6,1,4,30
15,360,50.400000,12.276000,0,1,178931882,1145,6,1145,6,1,4,30
15,360,50.400000,12.276000,0,1,178931895,1145,6,1145,6,1,4,30
15,360,50.400000,12.276000,0,1,178931908,1145,6,1145,6,1,4,30
15,360,50.400000,12.276000,0,1,178931922,1145,6,1145,6,1,4,30
15,360,50.400000,12.276000,0,1,178931934,1145,6,1145,6,1,4,30
15,360,50.400000,12.276000,0,1,178931948,1145,6,1145,6,1,4,30
15,360,50.400000,12.276000,0,1,178931961,1145,6,1145,6,1,4,30
15,360,50.400000,12.276000,0,1,178931974,1145,6,1145,6,1,4,30
15,360,50.400000,12.276000,0,1,178931988,1145,6,1145,6,1,4,30
15,360,50.400000,12.276000,0,1,178932002,1145,6,1145,6,1,4,30
15,360,50.400000,12.276000,0,1,178932015,1145,6,1145,6,1,4,30
15,360,50.400000,12.276000,0,1,178932029,1145,6,1145,6,0,4,30
