15,360,21.600000,10000.000000,1,1,179031460,780,22,780,22,0,4,104
15,360,21.600000,10000.000000,1,1,179031460,780,22,780,22,0,4,104
15,360,21.600000,10000.000000,1,1,179031474,780,22,780,22,0,4,104
15,360,21.600000,10000.000000,1,1,179031488,780,22,780,22,0,4,104
15,360,21.600000,10000.000000,1,1,179031501,780,22,780,22,0,4,104
15,360,21.600000,10000.000000,1,1,179031515,780,22,780,22,0,4,104
15,360,21.600000,10000.000000,1,1,179031529,780,22,780,22,0,4,104
15,360,21.600000,10000.000000,1,1,179031543,780,22,780,22,0,4,104
15,360,21.600000,10000.000000,1,1,179031557,780,22,780,22,0,4,104
15,360,21.600000,10000.000000,1,1,179031570,780,22,780,22,0,4,104
15,360,21.600000,10000.000000,1,1,179031582,780,22,780,22,0,4,104
15,360,21.600000,10000.000000,1,1,179031596,781,22,781,22,0,4,104
15,360,21.600000,10000.000000,1,1,179031608,782,22,782,22,0,4,104
15,360,21.600000,10000.000000,1,1,179031621,783,21,783,21,0,4,104
15,360,21.600000,10000.000000,1,1,179031634,786,21,786,21,0,4,104
15,360,21.600000,10000.000000,1,1,179031648,796,20,796,20,0,4,104
15,360,21.600000,10000.000000,1,1,179031662,815,19,815,19,0,4,104
15,360,21.600000,10000.000000,1,1,179031675,847,16,847,16,0,4,104
15,360,21.600000,10000.000000,1,1,179031689,892,15,892,15,0,4,104
15,360,21.600000,10000.000000,1,1,179031703,957,14,957,14,0,4,104
15,360,21.600000,10000.000000,1,1,179031718,1010,14,1010,14,0,4,104
15,360,21.600000,10000.000000,1,1,179031732,1066,14,1066,14,0,4,104
15,360,21.600000,10000.000000,1,1,179031746,1107,16,1107,16,0,4,104
15,360,21.600000,10000.000000,1,1,179031761,1138,16,1138,16,0,4,104
15,360,21.600000,10000.000000,1,1,179031775,1159,16,1159,16,0,4,104
15,360,21.600000,10000.000000,1,1,179031788,1168,16,1168,16,0,4,104
15,360,21.600000,10000.000000,1,1,179031802,1169,16,1169,16,0,4,104
15,360,21.600000,10000.000000,1,1,179031815,1169,16,1169,16,0,4,104
15,360,21.600000,10000.000000,1,1,179031830,1169,16,1169,16,0,4,104
15,360,21.600000,10000.000000,1,1,179031845,1169,16,1169,16,0,4,104
15,360,21.600000,10000.000000,1,1,179031860,1169,16,1169,16,0,4,104
15,360,21.600000,10000.000000,1,1,179031874,1169,16,1169,16,0,4,104
15,360,21.600000,10000.000000,1,1,179031886,1169,16,1169,16,0,4,104
15,360,21.600000,10000.000000,1,1,179031899,1169,16,1169,16,0,4,104
15,360,21.600000,10000.000000,1,1,179031912,1169,16,1169,16,0,4,104
15,360,21.600000,10000.000000,1,1,179031925,1169,16,1169,16,0,4,104
15,360,21.600000,10000.000000,1,1,179031939,1169,16,1169,16,0,4,104
15,360,21.600000,10000.000000,1,1,179031952,1169,16,1169,16,0,4,104
15,360,21.600000,10000.000000,1,1,179031966,1168,16,1168,16,0,4,104
15,360,21.600000,10000.000000,1,1,179031979,1166,16,1166,16,0,4,104
15,360,21.600000,10000.000000,1,1,179031992,1163,16,1163,16,0,4,104
15,360,21.600000,10000.000000,1,1,179032006,1158,16,1158,16,0,4,104
15,360,21.600000,10000.000000,1,1,179032020,1153,16,1153,16,0,4,104
15,360,21.600000,10000.000000,1,1,179032033,1150,16,1150,16,0,4,104
15,360,21.600000,10000.000000,1,1,179032045,1148,16,1148,16,0,4,104
15,360,21.600000,10000.000000,1,1,179032058,1145,15,1145,15,0,4,104
15,360,21.600000,10000.000000,1,1,179032070,1142,14,1142,14,0,4,104
15,360,21.600000,10000.000000,1,1,179032084,1142,14,1142,14,0,4,104
15,360,21.600000,10000.000000,1,1,179032097,1142,14,1142,14,0,4,104
15,360,21.600000,10000.000000,1,1,179032112,1142,14,1142,14,0,4,104
15,360,21.600000,10000.000000,1,1,179032126,1142,14,1142,14,0,4,104
15,360,21.600000,10000.000000,1,1,179032141,1141,14,1141,14,0,4,104
15,360,21.600000,10000.000000,1,1,179032155,1141,14,1141,14,0,4,104
15,360,21.600000,10000.000000,1,1,179032169,1141,14,1141,14,0,4,104
15,360,21.600000,10000.000000,1,1,179032182,1141,14,1141,14,0,4,104
15,360,21.600000,10000.000000,1,1,179032195,1141,14,1141,14,0,4,104
15,360,21.600000,10000.000000,1,1,179032208,1141,14,1141,14,0,4,104
15,360,21.600000,10000.000000,1,1,179032221,1141,14,1141,14,0,4,104
15,360,21.600000,10000.000000,1,1,179032234,1141,14,1141,14,0,4,104
15,360,21.600000,10000.000000,1,1,179032246,1141,14,1141,14,0,4,104
