15,720,21.600000,0.000000,1,0,179240358,600,0,600,0,0,5,47
15,720,21.600000,0.000000,1,0,179240359,600,0,600,0,0,5,47
15,720,21.600000,0.000000,1,0,179240373,600,0,600,0,0,5,47
15,720,21.600000,0.000000,1,0,179240387,600,0,600,0,0,5,47
15,720,21.600000,0.000000,1,0,179240400,600,0,600,0,0,5,47
15,720,21.600000,0.000000,1,0,179240415,600,0,600,0,0,5,47
15,720,21.600000,0.000000,1,0,179240430,603,0,603,-1,0,5,47
15,720,21.600000,0.000000,1,0,179240445,611,0,611,-2,0,5,47
15,720,21.600000,0.000000,1,0,179240459,635,0,635,-4,0,5,47
15,720,21.600000,0.000000,1,0,179240474,679,0,679,-6,0,5,47
15,720,21.600000,0.000000,1,0,179240488,778,0,778,-10,0,5,47
15,720,21.600000,0.000000,1,0,179240501,902,0,902,-12,0,5,47
15,720,21.600000,0.000000,1,0,179240515,1038,0,1038,-14,0,5,47
15,720,21.600000,0.000000,1,0,179240528,1168,0,1168,-16,0,5,47
15,720,21.600000,0.000000,1,0,179240542,1277,0,1277,-18,0,5,47
15,720,21.600000,0.000000,1,0,179240556,1347,0,1347,-20,0,5,47
15,720,21.600000,0.000000,1,0,179240572,1392,0,1392,-21,0,5,47
15,720,21.600000,0.000000,1,0,179240585,1457,0,1457,-22,0,5,47
15,720,21.600000,0.000000,1,0,179240599,1458,0,1458,-22,0,5,47
15,720,21.600000,0.000000,1,0,179240613,1458,0,1458,-22,0,5,47
15,720,21.600000,0.000000,1,0,179240627,1457,0,1457,-22,0,5,47
15,720,21.600000,0.000000,1,0,179240640,1456,0,1456,-22,0,5,47
15,720,21.600000,0.000000,1,0,179240654,1456,0,1456,-22,0,5,47
15,720,21.600000,0.000000,1,0,179240677,1454,0,1454,-22,0,5,47
15,720,21.600000,0.000000,1,0,179240691,1449,0,1449,-22,0,5,47
15,720,21.600000,0.000000,1,0,179240706,1443,0,1443,-22,0,5,47
15,720,21.600000,0.000000,1,0,179240720,1437,0,1437,-22,0,5,47
15,720,21.600000,0.000000,1,0,179240734,1434,0,1434,-22,0,5,47
15,720,21.600000,0.000000,1,0,179240748,1434,0,1434,-22,0,5,47
15,720,21.600000,0.000000,1,0,179240762,1434,0,1434,-22,0,5,47
15,720,21.600000,0.000000,1,0,179240778,1434,0,1434,-22,0,5,47
15,720,21.600000,0.000000,1,0,179240791,1434,0,1434,-22,0,5,47
15,720,21.600000,0.000000,1,0,179240804,1433,0,1433,-22,0,5,47
15,720,21.600000,0.000000,1,0,179240818,1429,0,1429,-22,0,5,47
15,720,21.600000,0.000000,1,0,179240832,1422,0,1422,-22,0,5,47
15,720,21.600000,0.000000,1,0,179240846,1413,0,1413,-22,0,5,47
15,720,21.600000,0.000000,1,0,179240860,1406,0,1406,-22,0,5,47
15,720,21.600000,0.000000,1,0,179240874,1403,0,1403,-22,0,5,47
15,720,21.600000,0.000000,1,0,179240887,1402,0,1402,-22,0,5,47
15,720,21.600000,0.000000,1,0,179240911,1402,0,1402,-22,0,5,47
15,720,21.600000,0.000000,1,0,179240924,1402,0,1402,-22,0,5,47
15,720,21.600000,0.000000,1,0,179240938,1401,0,1401,-22,0,5,47
15,720,21.600000,0.000000,1,0,179240951,1398,0,1398,-22,0,5,47
15,720,21.600000,0.000000,1,0,179240965,1397,0,1397,-22,0,5,47
15,720,21.600000,0.000000,1,0,179240978,1397,0,1397,-22,0,5,47
15,720,21.600000,0.000000,1,0,179240991,1397,0,1397,-22,0,5,47
15,720,21.600000,0.000000,1,0,179241004,1397,0,1397,-22,0,5,47
15,720,21.600000,0.000000,1,0,179241018,1396,0,1396,-22,0,5,47
15,720,21.600000,0.000000,1,0,179241031,1392,0,1392,-22,0,5,47
15,720,21.600000,0.000000,1,0,179241045,1383,0,1383,-22,0,5,47
15,720,21.600000,0.000000,1,0,179241059,1375,0,1375,-22,0,5,47
15,720,21.600000,0.000000,1,0,179241071,1369,0,1369,-22,0,5,47
15,720,21.600000,0.000000,1,0,179241085,1368,0,1368,-22,0,5,47
15,720,21.600000,0.000000,1,0,179241098,1368,0,1368,-22,0,5,47
15,720,21.600000,0.000000,1,0,179241111,1368,0,1368,-22,0,5,47
15,720,21.600000,0.000000,1,0,179241125,1368,0,1368,-22,0,5,47
15,720,21.600000,0.000000,1,0,179241138,1368,0,1368,-22,0,5,47
15,720,21.600000,0.000000,1,0,179241151,1367,0,1367,-22,0,5,47
15,720,21.600000,0.000000,1,0,179241165,1367,0,1367,-22,0,5,47
15,720,21.600000,0.000000,1,0,179241178,1367,0,1367,-22,0,5,47
15,720,21.600000,0.000000,1,0,179241191,1367,0,1367,-22,0,5,47
15,720,21.600000,0.000000,1,0,179241204,1367,0,1367,-22,0,5,47
15,720,21.600000,0.000000,1,0,179241218,1367,0,1367,-22,0,5,47
15,720,21.600000,0.000000,1,0,179241233,1365,0,1365,-22,0,5,47
15,720,21.600000,0.000000,1,0,179241247,1361,0,1361,-22,0,5,47
15,720,21.600000,0.000000,1,0,179241260,1357,0,1357,-22,0,5,47
15,720,21.600000,0.000000,1,0,179241274,1355,0,1355,-22,0,5,47
15,720,21.600000,0.000000,1,0,179241286,1355,0,1355,-22,0,5,47
15,720,21.600000,0.000000,1,0,179241299,1355,0,1355,-22,0,5,47
15,720,21.600000,0.000000,1,0,179241313,1355,0,1355,-22,0,5,47
15,720,21.600000,0.000000,1,0,179241326,1355,0,1355,-22,0,5,47
15,720,21.600000,0.000000,1,0,179241339,1355,0,1355,-22,0,5,47
15,720,21.600000,0.000000,1,0,179241352,1354,0,1354,-22,0,5,47
15,720,21.600000,0.000000,1,0,179241365,1353,0,1353,-22,0,5,47
15,720,21.600000,0.000000,1,0,179241378,1352,0,1352,-22,0,5,47
15,720,21.600000,0.000000,1,0,179241391,1351,0,1351,-22,0,5,47
15,720,21.600000,0.000000,1,0,179241404,1350,0,1350,-22,0,5,47
15,720,21.600000,0.000000,1,0,179241426,1350,0,1350,-22,0,5,47
15,720,21.600000,0.000000,1,0,179241440,1350,0,1350,-22,0,5,47
15,720,21.600000,0.000000,1,0,179241453,1347,0,1347,-22,0,5,47
15,720,21.600000,0.000000,1,0,179241466,1343,1,1343,-21,0,5,47
15,720,21.600000,0.000000,1,0,179241481,1338,1,1338,-21,0,5,47
15,720,21.600000,0.000000,1,0,179241494,1333,2,1333,-20,0,5,47
15,720,21.600000,0.000000,1,0,179241507,1331,2,1331,-20,0,5,47
15,720,21.600000,0.000000,1,0,179241520,1330,2,1330,-20,0,5,47
15,720,21.600000,0.000000,1,0,179241533,1330,2,1330,-20,0,5,47
15,720,21.600000,0.000000,1,0,179241547,1330,2,1330,-20,0,5,47
15,720,21.600000,0.000000,1,0,179241560,1330,2,1330,-20,0,5,47
15,720,21.600000,0.000000,1,0,179241574,1330,2,1330,-20,0,5,47
15,720,21.600000,0.000000,1,0,179241586,1330,2,1330,-20,0,5,47
15,720,21.600000,0.000000,1,0,179241600,1329,2,1329,-20,0,5,47
15,720,21.600000,0.000000,1,0,179241613,1328,2,1328,-20,0,5,47
15,720,21.600000,0.000000,1,0,179241626,1326,2,1326,-20,0,5,47
15,720,21.600000,0.000000,1,0,179241640,1325,3,1325,-19,0,5,47
15,720,21.600000,0.000000,1,0,179241662,1324,3,1324,-19,0,5,47
15,720,21.600000,0.000000,1,0,179241676,1320,3,1320,-19,0,5,47
15,720,21.600000,0.000000,1,0,179241690,1313,5,1313,-17,0,5,47
15,720,21.600000,0.000000,1,0,179241704,1298,7,1298,-15,0,5,47
15,720,21.600000,0.000000,1,0,179241717,1283,8,1283,-14,0,5,47
15,720,21.600000,0.000000,1,0,179241733,1271,10,1271,-12,0,5,47
15,720,21.600000,0.000000,1,0,179241746,1265,11,1265,-11,0,5,47
15,720,21.600000,0.000000,1,0,179241760,1259,12,1259,-10,0,5,47
15,720,21.600000,0.000000,1,0,179241773,1259,12,1259,-10,0,5,47
15,720,21.600000,0.000000,1,0,179241786,1259,12,1259,-10,0,5,47
15,720,21.600000,0.000000,1,0,179241800,1259,12,1259,-10,0,5,47
15,720,21.600000,0.000000,1,0,179241814,1259,12,1259,-10,0,5,47
15,720,21.600000,0.000000,1,0,179241827,1259,12,1259,-10,0,5,47
15,720,21.600000,0.000000,1,0,179241842,1259,12,1259,-10,0,5,47
15,720,21.600000,0.000000,1,0,179241855,1259,12,1259,-10,0,5,47
15,720,21.600000,0.000000,1,0,179241869,1260,12,1260,-10,0,5,47
15,720,21.600000,0.000000,1,0,179241883,1263,12,1263,-10,0,5,47
15,720,21.600000,0.000000,1,0,179241896,1268,12,1268,-10,0,5,47
15,720,21.600000,0.000000,1,0,179241911,1273,11,1273,-11,0,5,47
15,720,21.600000,0.000000,1,0,179241925,1278,11,1278,-11,0,5,47
15,720,21.600000,0.000000,1,0,179241939,1285,10,1285,-12,0,5,47
15,720,21.600000,0.000000,1,0,179241953,1291,9,1291,-13,0,5,47
15,720,21.600000,0.000000,1,0,179241968,1298,9,1298,-13,0,5,47
15,720,21.600000,0.000000,1,0,179241981,1304,9,1304,-13,0,5,47
15,720,21.600000,0.000000,1,0,179241994,1308,9,1308,-13,0,5,47
15,720,21.600000,0.000000,1,0,179242009,1310,9,1310,-13,0,5,47
15,720,21.600000,0.000000,1,0,179242023,1310,9,1310,-13,0,5,47
15,720,21.600000,0.000000,1,0,179242037,1312,9,1312,-13,0,5,47
15,720,21.600000,0.000000,1,0,179242050,1314,9,1314,-13,0,5,47
15,720,21.600000,0.000000,1,0,179242068,1316,9,1316,-13,0,5,47
15,720,21.600000,0.000000,1,0,179242081,1316,9,1316,-13,0,5,47
15,720,21.600000,0.000000,1,0,179242096,1316,9,1316,-13,0,5,47
15,720,21.600000,0.000000,1,0,179242110,1316,9,1316,-13,0,5,47
15,720,21.600000,0.000000,1,0,179242123,1316,9,1316,-13,0,5,47
15,720,21.600000,0.000000,1,0,179242137,1316,9,1316,-13,0,5,47
15,720,21.600000,0.000000,1,0,179242150,1316,9,1316,-13,0,5,47
15,720,21.600000,0.000000,1,0,179242163,1317,9,1317,-13,0,5,47
15,720,21.600000,0.000000,1,0,179242178,1318,9,1318,-13,0,5,47
15,720,21.600000,0.000000,1,0,179242191,1319,9,1319,-13,0,5,47
15,720,21.600000,0.000000,1,0,179242205,1319,9,1319,-13,0,5,47
15,720,21.600000,0.000000,1,0,179242218,1319,9,1319,-13,0,5,47
15,720,21.600000,0.000000,1,0,179242231,1319,9,1319,-13,0,5,47
