15,720,50.400000,0.000000,0,1,179211294,600,22,600,22,0,5,28
15,720,50.400000,0.000000,0,1,179211296,600,22,600,22,0,5,28
15,720,50.400000,0.000000,0,1,179211309,600,22,600,22,0,5,28
15,720,50.400000,0.000000,0,1,179211322,600,22,600,22,0,5,28
15,720,50.400000,0.000000,0,1,179211336,600,22,600,22,0,5,28
15,720,50.400000,0.000000,0,1,179211350,600,22,600,22,0,5,28
15,720,50.400000,0.000000,0,1,179211365,603,20,603,20,0,5,28
15,720,50.400000,0.000000,0,1,179211379,618,19,618,19,0,5,28
15,720,50.400000,0.000000,0,1,179211393,650,18,650,18,0,5,28
15,720,50.400000,0.000000,0,1,179211407,713,16,713,16,0,5,28
15,720,50.400000,0.000000,0,1,179211421,810,14,810,14,0,5,28
15,720,50.400000,0.000000,0,1,179211436,925,14,925,14,0,5,28
15,720,50.400000,0.000000,0,1,179211451,1036,14,1036,14,0,5,28
15,720,50.400000,0.000000,0,1,179211465,1130,16,1130,16,0,5,28
15,720,50.400000,0.000000,0,1,179211478,1200,17,1200,17,0,5,28
15,720,50.400000,0.000000,0,1,179211493,1236,18,1236,18,0,5,28
15,720,50.400000,0.000000,0,1,179211507,1262,18,1262,18,0,5,28
15,720,50.400000,0.000000,0,1,179211529,1275,19,1275,19,0,5,28
15,720,50.400000,0.000000,0,1,179211542,1280,19,1280,19,0,5,28
15,720,50.400000,0.000000,0,1,179211555,1285,19,1285,19,0,5,28
15,720,50.400000,0.000000,0,1,179211568,1285,19,1285,19,0,5,28
15,720,50.400000,0.000000,0,1,179211581,1285,19,1285,19,0,5,28
15,720,50.400000,0.000000,0,1,179211594,1285,19,1285,19,0,5,28
15,720,50.400000,0.000000,0,1,179211607,1286,19,1286,19,0,5,28
15,720,50.400000,0.000000,0,1,179211620,1286,19,1286,19,0,5,28
15,720,50.400000,0.000000,0,1,179211633,1286,19,1286,19,0,5,28
15,720,50.400000,0.000000,0,1,179211647,1286,19,1286,19,0,5,28
15,720,50.400000,0.000000,0,1,179211660,1286,19,1286,19,0,5,28
15,720,50.400000,0.000000,0,1,179211673,1286,19,1286,19,0,5,28
15,720,50.400000,0.000000,0,1,179211687,1287,18,1287,18,0,5,28
15,720,50.400000,0.000000,0,1,179211702,1289,18,1289,18,0,5,28
15,720,50.400000,0.000000,0,1,179211715,1291,17,1291,17,0,5,28
15,720,50.400000,0.000000,0,1,179211730,1294,16,1294,16,0,5,28
15,720,50.400000,0.000000,0,1,179211743,1296,14,1296,14,0,5,28
15,720,50.400000,0.000000,0,1,179211756,1299,13,1299,13,0,5,28
15,720,50.400000,0.000000,0,1,179211770,1301,12,1301,12,0,5,28
15,720,50.400000,0.000000,0,1,179211783,1302,10,1302,10,0,5,28
15,720,50.400000,0.000000,0,1,179211796,1305,9,1305,9,0,5,28
15,720,50.400000,0.000000,0,1,179211809,1307,8,1307,8,0,5,28
15,720,50.400000,0.000000,0,1,179211822,1310,7,1310,7,0,5,28
15,720,50.400000,0.000000,0,1,179211843,1310,7,1310,7,0,5,28
15,720,50.400000,0.000000,0,1,179211856,1310,7,1310,7,0,5,28
15,720,50.400000,0.000000,0,1,179211869,1310,7,1310,7,0,5,28
15,720,50.400000,0.000000,0,1,179211882,1310,7,1310,7,0,5,28
15,720,50.400000,0.000000,0,1,179211895,1310,7,1310,7,0,5,28
