15,720,82.800000,12.276000,1,0,179263576,600,0,600,0,0,5,65
15,720,82.800000,12.276000,1,0,179263577,600,0,600,0,0,5,65
15,720,82.800000,12.276000,1,0,179263590,600,0,600,0,0,5,65
15,720,82.800000,12.276000,1,0,179263628,600,0,600,0,0,5,65
15,720,82.800000,12.276000,1,0,179263642,614,0,614,-4,0,5,65
15,720,82.800000,12.276000,1,0,179263656,644,0,644,-8,0,5,65
15,720,82.800000,12.276000,1,0,179263670,709,0,709,-14,0,5,65
15,720,82.800000,12.276000,1,0,179263684,808,0,808,-21,0,5,65
15,720,82.800000,12.276000,1,0,179263698,942,0,942,-27,0,5,65
15,720,82.800000,12.276000,1,0,179263713,1075,0,1075,-32,0,5,65
15,720,82.800000,12.276000,1,0,179263728,1182,0,1182,-38,0,5,65
15,720,82.800000,12.276000,1,0,179263742,1241,0,1241,-41,0,5,65
15,720,82.800000,12.276000,1,0,179263758,1279,0,1279,-42,0,5,65
15,720,82.800000,12.276000,1,0,179263772,1292,0,1292,-43,0,5,65
15,720,82.800000,12.276000,1,0,179263785,1296,0,1296,-43,0,5,65
15,720,82.800000,12.276000,1,0,179263799,1296,0,1296,-43,0,5,65
15,720,82.800000,12.276000,1,0,179263812,1296,0,1296,-43,0,5,65
15,720,82.800000,12.276000,1,0,179263826,1296,0,1296,-43,0,5,65
15,720,82.800000,12.276000,1,0,179263839,1296,0,1296,-43,0,5,65
15,720,82.800000,12.276000,1,0,179263862,1296,0,1296,-43,0,5,65
15,720,82.800000,12.276000,1,0,179263875,1296,0,1296,-43,0,5,65
15,720,82.800000,12.276000,1,0,179263888,1296,0,1296,-43,0,5,65
15,720,82.800000,12.276000,1,0,179263910,1296,0,1296,-43,0,5,65
15,720,82.800000,12.276000,1,0,179263924,1296,0,1296,-43,0,5,65
15,720,82.800000,12.276000,1,0,179263939,1296,0,1296,-43,0,5,65
15,720,82.800000,12.276000,1,0,179263952,1296,0,1296,-43,0,5,65
15,720,82.800000,12.276000,1,0,179263965,1296,0,1296,-43,0,5,65
15,720,82.800000,12.276000,1,0,179263978,1296,0,1296,-43,0,5,65
15,720,82.800000,12.276000,1,0,179263990,1296,0,1296,-43,0,5,65
15,720,82.800000,12.276000,1,0,179264002,1296,0,1296,-43,0,5,65
15,720,82.800000,12.276000,1,0,179264016,1296,0,1296,-43,0,5,65
15,720,82.800000,12.276000,1,0,179264029,1296,0,1296,-43,0,5,65
15,720,82.800000,12.276000,1,0,179264041,1296,0,1296,-43,0,5,65
