15,720,50.400000,42.984000,0,0,179253493,600,0,600,0,0,5,57
15,720,50.400000,42.984000,0,0,179253494,600,0,600,0,0,5,57
15,720,50.400000,42.984000,0,0,179253508,600,0,600,0,0,5,57
15,720,50.400000,42.984000,0,0,179253521,600,0,600,0,0,5,57
15,720,50.400000,42.984000,0,0,179253536,600,0,600,0,0,5,57
15,720,50.400000,42.984000,0,0,179253549,600,0,600,0,0,5,57
15,720,50.400000,42.984000,0,0,179253563,600,0,600,0,0,5,57
15,720,50.400000,42.984000,0,0,179253577,601,0,601,0,0,5,57
15,720,50.400000,42.984000,0,0,179253590,604,0,604,0,0,5,57
15,720,50.400000,42.984000,0,0,179253614,612,0,612,0,0,5,57
15,720,50.400000,42.984000,0,0,179253628,653,0,653,-1,0,5,57
15,720,50.400000,42.984000,0,0,179253642,707,0,707,-2,0,5,57
15,720,50.400000,42.984000,0,0,179253656,806,0,806,-3,0,5,57
15,720,50.400000,42.984000,0,0,179253679,924,0,924,-4,0,5,57
15,720,50.400000,42.984000,0,0,179253693,1117,0,1117,-6,0,5,57
15,720,50.400000,42.984000,0,0,179253708,1210,0,1210,-9,0,5,57
15,720,50.400000,42.984000,0,0,179253722,1281,0,1281,-10,0,5,57
15,720,50.400000,42.984000,0,0,179253737,1318,0,1318,-10,0,5,57
15,720,50.400000,42.984000,0,0,179253751,1345,0,1345,-10,0,5,57
15,720,50.400000,42.984000,0,0,179253765,1350,0,1350,-11,0,5,57
15,720,50.400000,42.984000,0,0,179253780,1350,0,1350,-11,0,5,57
15,720,50.400000,42.984000,0,0,179253793,1350,0,1350,-11,0,5,57
15,720,50.400000,42.984000,0,0,179253806,1350,0,1350,-11,0,5,57
15,720,50.400000,42.984000,0,0,179253819,1350,0,1350,-11,0,5,57
15,720,50.400000,42.984000,0,0,179253833,1350,0,1350,-11,0,5,57
15,720,50.400000,42.984000,0,0,179253846,1349,0,1349,-11,0,5,57
15,720,50.400000,42.984000,0,0,179253860,1347,0,1347,-11,0,5,57
15,720,50.400000,42.984000,0,0,179253874,1342,0,1342,-11,0,5,57
15,720,50.400000,42.984000,0,0,179253888,1334,0,1334,-11,0,5,57
15,720,50.400000,42.984000,0,0,179253902,1319,0,1319,-11,0,5,57
15,720,50.400000,42.984000,0,0,179253916,1303,0,1303,-11,0,5,57
15,720,50.400000,42.984000,0,0,179253930,1276,0,1276,-12,0,5,57
15,720,50.400000,42.984000,0,0,179253943,1275,0,1275,-12,0,5,57
15,720,50.400000,42.984000,0,0,179253957,1274,0,1274,-12,0,5,57
15,720,50.400000,42.984000,0,0,179253977,1274,0,1274,-12,0,5,57
15,720,50.400000,42.984000,0,0,179253990,1274,0,1274,-12,0,5,57
15,720,50.400000,42.984000,0,0,179254003,1274,0,1274,-12,0,5,57
15,720,50.400000,42.984000,0,0,179254016,1274,0,1274,-12,0,5,57
15,720,50.400000,42.984000,0,0,179254028,1274,0,1274,-12,0,5,57
15,720,50.400000,42.984000,0,0,179254041,1274,0,1274,-12,0,5,57
15,720,50.400000,42.984000,0,0,179254053,1274,0,1274,-12,0,5,57
15,720,50.400000,42.984000,0,0,179254066,1274,0,1274,-12,0,5,57
15,720,50.400000,42.984000,0,0,179254078,1275,0,1275,-12,0,5,57
15,720,50.400000,42.984000,0,0,179254093,1279,0,1279,-12,0,5,57
15,720,50.400000,42.984000,0,0,179254107,1286,0,1286,-13,0,5,57
15,720,50.400000,42.984000,0,0,179254120,1290,0,1290,-13,0,5,57
15,720,50.400000,42.984000,0,0,179254132,1291,0,1291,-13,0,5,57
15,720,50.400000,42.984000,0,0,179254147,1291,0,1291,-13,0,5,57
15,720,50.400000,42.984000,0,0,179254160,1291,0,1291,-13,0,5,57
15,720,50.400000,42.984000,0,0,179254172,1291,0,1291,-13,0,5,57
15,720,50.400000,42.984000,0,0,179254185,1293,0,1293,-13,0,5,57
15,720,50.400000,42.984000,0,0,179254197,1294,0,1294,-13,0,5,57
15,720,50.400000,42.984000,0,0,179254211,1295,0,1295,-13,0,5,57
15,720,50.400000,42.984000,0,0,179254224,1297,0,1297,-13,0,5,57
15,720,50.400000,42.984000,0,0,179254238,1299,0,1299,-13,0,5,57
15,720,50.400000,42.984000,0,0,179254251,1301,0,1301,-13,0,5,57
15,720,50.400000,42.984000,0,0,179254264,1304,0,1304,-13,0,5,57
15,720,50.400000,42.984000,0,0,179254277,1308,0,1308,-13,0,5,57
15,720,50.400000,42.984000,0,0,179254291,1310,0,1310,-13,0,5,57
15,720,50.400000,42.984000,0,0,179254304,1310,0,1310,-13,0,5,57
15,720,50.400000,42.984000,0,0,179254317,1310,0,1310,-13,0,5,57
15,720,50.400000,42.984000,0,0,179254330,1310,0,1310,-13,0,5,57
15,720,50.400000,42.984000,0,0,179254342,1310,0,1310,-13,0,5,57
