15,360,50.400000,0.000000,0,1,179322545,780,22,780,22,0,5,108
15,360,50.400000,0.000000,0,1,179322546,780,22,780,22,0,5,108
15,360,50.400000,0.000000,0,1,179322560,780,22,780,22,0,5,108
15,360,50.400000,0.000000,0,1,179322574,780,22,780,22,0,5,108
15,360,50.400000,0.000000,0,1,179322587,780,22,780,22,0,5,108
15,360,50.400000,0.000000,0,1,179322610,780,22,780,22,0,5,108
15,360,50.400000,0.000000,0,1,179322625,780,22,780,22,0,5,108
15,360,50.400000,0.000000,0,1,179322640,789,19,789,19,0,5,108
15,360,50.400000,0.000000,0,1,179322655,819,15,819,15,0,5,108
15,360,50.400000,0.000000,0,1,179322670,877,9,877,9,0,5,108
15,360,50.400000,0.000000,0,1,179322684,959,2,959,2,0,5,108
15,360,50.400000,0.000000,0,1,179322698,1027,0,1027,-5,0,5,108
15,360,50.400000,0.000000,0,1,179322711,1076,0,1076,-10,0,5,108
15,360,50.400000,0.000000,0,1,179322725,1115,0,1115,-13,0,5,108
15,360,50.400000,0.000000,0,1,179322739,1141,0,1141,-13,0,5,108
15,360,50.400000,0.000000,0,1,179322753,1155,0,1155,-13,0,5,108
15,360,50.400000,0.000000,0,1,179322766,1156,0,1156,-13,0,5,108
15,360,50.400000,0.000000,0,1,179322780,1156,0,1156,-13,0,5,108
15,360,50.400000,0.000000,0,1,179322793,1156,0,1156,-13,0,5,108
15,360,50.400000,0.000000,0,1,179322807,1156,0,1156,-13,0,5,108
15,360,50.400000,0.000000,0,1,179322820,1156,0,1156,-13,0,5,108
15,360,50.400000,0.000000,0,1,179322833,1156,0,1156,-13,0,5,108
15,360,50.400000,0.000000,0,1,179322846,1156,0,1156,-13,0,5,108
15,360,50.400000,0.000000,0,1,179322860,1156,0,1156,-13,0,5,108
15,360,50.400000,0.000000,0,1,179322874,1156,0,1156,-13,0,5,108
15,360,50.400000,0.000000,0,1,179322887,1156,0,1156,-13,0,5,108
15,360,50.400000,0.000000,0,1,179322900,1156,0,1156,-13,0,5,108
15,360,50.400000,0.000000,0,1,179322913,1156,0,1156,-13,0,5,108
15,360,50.400000,0.000000,0,1,179322927,1156,0,1156,-13,0,5,108
15,360,50.400000,0.000000,0,1,179322942,1155,0,1155,-13,0,5,108
15,360,50.400000,0.000000,0,1,179322957,1152,0,1152,-13,0,5,108
15,360,50.400000,0.000000,0,1,179322970,1148,0,1148,-14,0,5,108
15,360,50.400000,0.000000,0,1,179322983,1146,0,1146,-15,0,5,108
15,360,50.400000,0.000000,0,1,179322997,1144,0,1144,-15,0,5,108
15,360,50.400000,0.000000,0,1,179323010,1144,0,1144,-16,0,5,108
15,360,50.400000,0.000000,0,1,179323023,1143,0,1143,-16,0,5,108
15,360,50.400000,0.000000,0,1,179323037,1143,0,1143,-16,0,5,108
15,360,50.400000,0.000000,0,1,179323050,1143,0,1143,-16,0,5,108
15,360,50.400000,0.000000,0,1,179323063,1143,0,1143,-16,0,5,108
