15,360,21.600000,42.984000,0,0,179197276,780,0,780,0,0,5,17
15,360,21.600000,42.984000,0,0,179197277,780,0,780,0,0,5,17
15,360,21.600000,42.984000,0,0,179197290,780,0,780,0,0,5,17
15,360,21.600000,42.984000,0,0,179197304,780,0,780,0,0,5,17
15,360,21.600000,42.984000,0,0,179197317,780,0,780,0,0,5,17
15,360,21.600000,42.984000,0,0,179197332,781,0,781,-1,0,5,17
15,360,21.600000,42.984000,0,0,179197346,784,0,784,-1,0,5,17
15,360,21.600000,42.984000,0,0,179197360,790,0,790,-2,0,5,17
15,360,21.600000,42.984000,0,0,179197374,799,0,799,-3,0,5,17
15,360,21.600000,42.984000,0,0,179197397,818,0,818,-5,0,5,17
15,360,21.600000,42.984000,0,0,179197411,884,0,884,-7,0,5,17
15,360,21.600000,42.984000,0,0,179197426,924,0,924,-8,0,5,17
15,360,21.600000,42.984000,0,0,179197442,973,0,973,-9,0,5,17
15,360,21.600000,42.984000,0,0,179197456,1019,0,1019,-9,0,5,17
15,360,21.600000,42.984000,0,0,179197469,1055,0,1055,-9,0,5,17
15,360,21.600000,42.984000,0,0,179197483,1082,0,1082,-9,0,5,17
15,360,21.600000,42.984000,0,0,179197496,1103,0,1103,-9,0,5,17
15,360,21.600000,42.984000,0,0,179197510,1115,0,1115,-9,0,5,17
15,360,21.600000,42.984000,0,0,179197523,1119,0,1119,-9,0,5,17
15,360,21.600000,42.984000,0,0,179197536,1119,0,1119,-9,0,5,17
15,360,21.600000,42.984000,0,0,179197549,1119,0,1119,-9,0,5,17
15,360,21.600000,42.984000,0,0,179197562,1119,0,1119,-9,0,5,17
15,360,21.600000,42.984000,0,0,179197575,1119,0,1119,-9,0,5,17
15,360,21.600000,42.984000,0,0,179197588,1119,0,1119,-9,0,5,17
15,360,21.600000,42.984000,0,0,179197601,1119,0,1119,-9,0,5,17
15,360,21.600000,42.984000,0,0,179197614,1119,0,1119,-9,0,5,17
15,360,21.600000,42.984000,0,0,179197627,1119,0,1119,-9,0,5,17
15,360,21.600000,42.984000,0,0,179197640,1119,0,1119,-9,0,5,17
15,360,21.600000,42.984000,0,0,179197653,1119,0,1119,-9,0,5,17
15,360,21.600000,42.984000,0,0,179197666,1119,0,1119,-9,0,5,17
15,360,21.600000,42.984000,0,0,179197679,1119,0,1119,-9,0,5,17
15,360,21.600000,42.984000,0,0,179197691,1119,0,1119,-9,0,5,17
15,360,21.600000,42.984000,0,0,179197704,1119,0,1119,-9,0,5,17
15,360,21.600000,42.984000,0,0,179197717,1119,0,1119,-9,0,5,17
15,360,21.600000,42.984000,0,0,179197730,1119,0,1119,-9,0,5,17
15,360,21.600000,42.984000,0,0,179197743,1119,0,1119,-9,0,5,17
15,360,21.600000,42.984000,0,0,179197756,1119,0,1119,-9,0,5,17
15,360,21.600000,42.984000,0,0,179197769,1119,0,1119,-9,0,5,17
15,360,21.600000,42.984000,0,0,179197782,1119,0,1119,-9,0,5,17
15,360,21.600000,42.984000,0,0,179197797,1120,0,1120,-9,0,5,17
15,360,21.600000,42.984000,0,0,179197810,1122,0,1122,-9,0,5,17
15,360,21.600000,42.984000,0,0,179197823,1124,0,1124,-9,0,5,17
15,360,21.600000,42.984000,0,0,179197836,1126,0,1126,-9,0,5,17
15,360,21.600000,42.984000,0,0,179197849,1126,0,1126,-9,0,5,17
15,360,21.600000,42.984000,0,0,179197862,1126,0,1126,-9,0,5,17
15,360,21.600000,42.984000,0,0,179197875,1127,0,1127,-9,0,5,17
15,360,21.600000,42.984000,0,0,179197889,1128,0,1128,-9,0,5,17
15,360,21.600000,42.984000,0,0,179197902,1130,0,1130,-9,0,5,17
15,360,21.600000,42.984000,0,0,179197915,1132,0,1132,-9,0,5,17
15,360,21.600000,42.984000,0,0,179197929,1133,0,1133,-9,0,5,17
15,360,21.600000,42.984000,0,0,179197942,1134,0,1134,-9,0,5,17
15,360,21.600000,42.984000,0,0,179197956,1135,0,1135,-9,0,5,17
15,360,21.600000,42.984000,0,0,179197970,1137,1,1137,-8,0,5,17
15,360,21.600000,42.984000,0,0,179197984,1140,1,1140,-8,0,5,17
15,360,21.600000,42.984000,0,0,179197997,1141,1,1141,-8,0,5,17
15,360,21.600000,42.984000,0,0,179198010,1141,1,1141,-8,0,5,17
15,360,21.600000,42.984000,0,0,179198023,1141,1,1141,-8,0,5,17
15,360,21.600000,42.984000,0,0,179198045,1141,1,1141,-8,0,5,17
15,360,21.600000,42.984000,0,0,179198058,1141,1,1141,-8,0,5,17
15,360,21.600000,42.984000,0,0,179198071,1141,1,1141,-8,0,5,17
15,360,21.600000,42.984000,0,0,179198092,1141,1,1141,-8,0,5,17
15,360,21.600000,42.984000,0,0,179198105,1141,1,1141,-8,0,5,17
15,360,21.600000,42.984000,0,0,179198118,1141,1,1141,-8,0,5,17
