15,360,82.800000,0.000000,1,1,179317455,780,22,780,22,0,5,104
15,360,82.800000,0.000000,1,1,179317456,780,22,780,22,0,5,104
15,360,82.800000,0.000000,1,1,179317479,781,22,781,22,0,5,104
15,360,82.800000,0.000000,1,1,179317493,781,22,781,22,0,5,104
15,360,82.800000,0.000000,1,1,179317507,781,22,781,22,0,5,104
15,360,82.800000,0.000000,1,1,179317521,781,22,781,22,0,5,104
15,360,82.800000,0.000000,1,1,179317537,781,22,781,22,0,5,104
15,360,82.800000,0.000000,1,1,179317552,787,22,787,22,0,5,104
15,360,82.800000,0.000000,1,1,179317565,811,20,811,20,0,5,104
15,360,82.800000,0.000000,1,1,179317580,865,17,865,17,0,5,104
15,360,82.800000,0.000000,1,1,179317595,941,14,941,14,0,5,104
15,360,82.800000,0.000000,1,1,179317608,1019,12,1019,12,0,5,104
15,360,82.800000,0.000000,1,1,179317624,1081,10,1081,10,0,5,104
15,360,82.800000,0.000000,1,1,179317638,1108,9,1108,9,0,5,104
15,360,82.800000,0.000000,1,1,179317652,1121,9,1121,9,0,5,104
15,360,82.800000,0.000000,1,1,179317666,1123,9,1123,9,0,5,104
15,360,82.800000,0.000000,1,1,179317680,1123,9,1123,9,0,5,104
15,360,82.800000,0.000000,1,1,179317694,1123,9,1123,9,0,5,104
15,360,82.800000,0.000000,1,1,179317708,1123,9,1123,9,0,5,104
15,360,82.800000,0.000000,1,1,179317721,1123,9,1123,9,0,5,104
15,360,82.800000,0.000000,1,1,179317734,1123,9,1123,9,0,5,104
15,360,82.800000,0.000000,1,1,179317748,1123,9,1123,9,0,5,104
15,360,82.800000,0.000000,1,1,179317762,1123,9,1123,9,0,5,104
15,360,82.800000,0.000000,1,1,179317775,1123,9,1123,9,0,5,104
15,360,82.800000,0.000000,1,1,179317788,1123,9,1123,9,0,5,104
15,360,82.800000,0.000000,1,1,179317802,1123,9,1123,9,0,5,104
15,360,82.800000,0.000000,1,1,179317816,1123,9,1123,9,0,5,104
15,360,82.800000,0.000000,1,1,179317829,1123,9,1123,9,0,5,104
15,360,82.800000,0.000000,1,1,179317843,1123,9,1123,9,0,5,104
15,360,82.800000,0.000000,1,1,179317856,1123,9,1123,9,0,5,104
15,360,82.800000,0.000000,1,1,179317869,1123,9,1123,9,0,5,104
15,360,82.800000,0.000000,1,1,179317883,1123,9,1123,9,0,5,104
15,360,82.800000,0.000000,1,1,179317897,1123,9,1123,9,0,5,104
15,360,82.800000,0.000000,1,1,179317911,1123,9,1123,9,0,5,104
15,360,82.800000,0.000000,1,1,179317924,1123,9,1123,9,0,5,104
