15,360,21.600000,10000.000000,0,1,179456995,780,22,780,22,0,6,92
15,360,21.600000,10000.000000,0,1,179456996,780,22,780,22,0,6,92
15,360,21.600000,10000.000000,0,1,179457010,780,22,780,22,0,6,92
15,360,21.600000,10000.000000,0,1,179457025,780,22,780,22,0,6,92
15,360,21.600000,10000.000000,0,1,179457038,780,22,780,22,0,6,92
15,360,21.600000,10000.000000,0,1,179457053,780,22,780,22,0,6,92
15,360,21.600000,10000.000000,0,1,179457068,780,22,780,22,0,6,92
15,360,21.600000,10000.000000,0,1,179457083,789,20,789,20,0,6,92
15,360,21.600000,10000.000000,0,1,179457097,814,16,814,16,0,6,92
15,360,21.600000,10000.000000,0,1,179457111,869,11,869,11,0,6,92
15,360,21.600000,10000.000000,0,1,179457125,942,4,942,4,0,6,92
15,360,21.600000,10000.000000,0,1,179457140,1005,0,1005,-2,0,6,92
15,360,21.600000,10000.000000,0,1,179457162,1053,0,1053,-8,0,6,92
15,360,21.600000,10000.000000,0,1,179457177,1083,0,1083,-12,0,6,92
15,360,21.600000,10000.000000,0,1,179457191,1086,0,1086,-13,0,6,92
15,360,21.600000,10000.000000,0,1,179457204,1086,0,1086,-13,0,6,92
15,360,21.600000,10000.000000,0,1,179457219,1086,0,1086,-13,0,6,92
15,360,21.600000,10000.000000,0,1,179457233,1086,0,1086,-13,0,6,92
15,360,21.600000,10000.000000,0,1,179457248,1086,0,1086,-13,0,6,92
15,360,21.600000,10000.000000,0,1,179457262,1086,0,1086,-13,0,6,92
15,360,21.600000,10000.000000,0,1,179457276,1086,0,1086,-13,0,6,92
15,360,21.600000,10000.000000,0,1,179457290,1086,0,1086,-13,0,6,92
15,360,21.600000,10000.000000,0,1,179457304,1086,0,1086,-13,0,6,92
15,360,21.600000,10000.000000,0,1,179457318,1086,0,1086,-13,0,6,92
15,360,21.600000,10000.000000,0,1,179457331,1089,0,1089,-13,0,6,92
15,360,21.600000,10000.000000,0,1,179457345,1092,0,1092,-13,0,6,92
15,360,21.600000,10000.000000,0,1,179457358,1094,0,1094,-13,0,6,92
15,360,21.600000,10000.000000,0,1,179457372,1095,0,1095,-13,0,6,92
15,360,21.600000,10000.000000,0,1,179457385,1096,0,1096,-13,0,6,92
15,360,21.600000,10000.000000,0,1,179457399,1096,0,1096,-13,0,6,92
15,360,21.600000,10000.000000,0,1,179457413,1099,0,1099,-13,0,6,92
15,360,21.600000,10000.000000,0,1,179457429,1102,0,1102,-13,0,6,92
15,360,21.600000,10000.000000,0,1,179457442,1108,0,1108,-13,0,6,92
15,360,21.600000,10000.000000,0,1,179457457,1117,0,1117,-15,0,6,92
15,360,21.600000,10000.000000,0,1,179457470,1125,0,1125,-15,0,6,92
15,360,21.600000,10000.000000,0,1,179457494,1130,0,1130,-16,0,6,92
15,360,21.600000,10000.000000,0,1,179457508,1136,0,1136,-17,0,6,92
15,360,21.600000,10000.000000,0,1,179457521,1138,0,1138,-17,0,6,92
15,360,21.600000,10000.000000,0,1,179457534,1139,0,1139,-17,0,6,92
15,360,21.600000,10000.000000,0,1,179457549,1139,0,1139,-17,0,6,92
15,360,21.600000,10000.000000,0,1,179457563,1139,0,1139,-17,0,6,92
15,360,21.600000,10000.000000,0,1,179457577,1139,0,1139,-17,0,6,92
15,360,21.600000,10000.000000,0,1,179457590,1139,0,1139,-17,0,6,92
15,360,21.600000,10000.000000,0,1,179457603,1139,0,1139,-17,0,6,92
15,360,21.600000,10000.000000,0,1,179457617,1139,0,1139,-17,0,6,92
15,360,21.600000,10000.000000,0,1,179457631,1139,0,1139,-17,0,6,92
15,360,21.600000,10000.000000,0,1,179457644,1139,0,1139,-17,0,6,92
15,360,21.600000,10000.000000,0,1,179457658,1139,0,1139,-17,0,6,92
15,360,21.600000,10000.000000,0,1,179457671,1139,0,1139,-17,0,6,92
15,360,21.600000,10000.000000,0,1,179457683,1139,0,1139,-17,0,6,92
