15,720,50.400000,10000.000000,0,0,179471409,600,0,600,0,0,6,104
15,720,50.400000,10000.000000,0,0,179471410,600,0,600,0,0,6,104
15,720,50.400000,10000.000000,0,0,179471424,600,0,600,0,0,6,104
15,720,50.400000,10000.000000,0,0,179471439,600,0,600,0,0,6,104
15,720,50.400000,10000.000000,0,0,179471453,600,0,600,0,0,6,104
15,720,50.400000,10000.000000,0,0,179471468,600,0,600,0,0,6,104
15,720,50.400000,10000.000000,0,0,179471481,600,0,600,0,0,6,104
15,720,50.400000,10000.000000,0,0,179471495,610,0,610,-2,0,6,104
15,720,50.400000,10000.000000,0,0,179471510,638,0,638,-6,0,6,104
15,720,50.400000,10000.000000,0,0,179471525,694,0,694,-11,0,6,104
15,720,50.400000,10000.000000,0,0,179471547,798,0,798,-18,0,6,104
15,720,50.400000,10000.000000,0,0,179471562,998,0,998,-31,0,6,104
15,720,50.400000,10000.000000,0,0,179471576,1117,0,1117,-40,0,6,104
15,720,50.400000,10000.000000,0,0,179471591,1195,0,1195,-48,0,6,104
15,720,50.400000,10000.000000,0,0,179471605,1234,0,1234,-53,0,6,104
15,720,50.400000,10000.000000,0,0,179471627,1253,0,1253,-55,0,6,104
15,720,50.400000,10000.000000,0,0,179471641,1268,0,1268,-55,0,6,104
15,720,50.400000,10000.000000,0,0,179471656,1275,0,1275,-55,0,6,104
15,720,50.400000,10000.000000,0,0,179471669,1281,0,1281,-55,0,6,104
15,720,50.400000,10000.000000,0,0,179471682,1282,0,1282,-56,0,6,104
15,720,50.400000,10000.000000,0,0,179471695,1283,0,1283,-56,0,6,104
15,720,50.400000,10000.000000,0,0,179471707,1284,0,1284,-56,0,6,104
15,720,50.400000,10000.000000,0,0,179471720,1284,0,1284,-56,0,6,104
15,720,50.400000,10000.000000,0,0,179471734,1284,0,1284,-56,0,6,104
15,720,50.400000,10000.000000,0,0,179471746,1284,0,1284,-56,0,6,104
15,720,50.400000,10000.000000,0,0,179471760,1284,0,1284,-56,0,6,104
15,720,50.400000,10000.000000,0,0,179471772,1284,0,1284,-56,0,6,104
15,720,50.400000,10000.000000,0,0,179471785,1284,0,1284,-56,0,6,104
15,720,50.400000,10000.000000,0,0,179471797,1284,0,1284,-56,0,6,104
15,720,50.400000,10000.000000,0,0,179471812,1284,0,1284,-56,0,6,104
15,720,50.400000,10000.000000,0,0,179471825,1284,0,1284,-56,0,6,104
15,720,50.400000,10000.000000,0,0,179471846,1284,0,1284,-56,0,6,104
15,720,50.400000,10000.000000,0,0,179471860,1284,0,1284,-56,0,6,104
15,720,50.400000,10000.000000,0,0,179471876,1284,0,1284,-56,0,6,104
15,720,50.400000,10000.000000,0,0,179471889,1285,0,1285,-56,0,6,104
15,720,50.400000,10000.000000,0,0,179471902,1285,0,1285,-56,0,6,104
15,720,50.400000,10000.000000,0,0,179471926,1289,0,1289,-57,0,6,104
15,720,50.400000,10000.000000,0,0,179471939,1303,0,1303,-58,0,6,104
15,720,50.400000,10000.000000,0,0,179471955,1308,0,1308,-59,0,6,104
15,720,50.400000,10000.000000,0,0,179471968,1310,0,1310,-59,0,6,104
15,720,50.400000,10000.000000,0,0,179471982,1310,0,1310,-59,0,6,104
15,720,50.400000,10000.000000,0,0,179471996,1310,0,1310,-59,0,6,104
15,720,50.400000,10000.000000,0,0,179472009,1310,0,1310,-59,0,6,104
15,720,50.400000,10000.000000,0,0,179472023,1310,0,1310,-59,0,6,104
15,720,50.400000,10000.000000,0,0,179472036,1310,0,1310,-59,0,6,104
