15,720,82.800000,22.608000,0,1,179362106,600,22,600,22,0,6,18
15,720,82.800000,22.608000,0,1,179362107,600,22,600,22,0,6,18
15,720,82.800000,22.608000,0,1,179362120,600,22,600,22,0,6,18
15,720,82.800000,22.608000,0,1,179362134,600,22,600,22,0,6,18
15,720,82.800000,22.608000,0,1,179362148,600,22,600,22,0,6,18
15,720,82.800000,22.608000,0,1,179362162,600,22,600,22,0,6,18
15,720,82.800000,22.608000,0,1,179362177,600,22,600,22,0,6,18
15,720,82.800000,22.608000,0,1,179362191,609,21,609,21,0,6,18
15,720,82.800000,22.608000,0,1,179362205,632,19,632,19,0,6,18
15,720,82.800000,22.608000,0,1,179362218,682,13,682,13,0,6,18
15,720,82.800000,22.608000,0,1,179362232,757,5,757,5,0,6,18
15,720,82.800000,22.608000,0,1,179362246,865,0,865,-4,0,6,18
15,720,82.800000,22.608000,0,1,179362260,985,0,985,-15,0,6,18
15,720,82.800000,22.608000,0,1,179362274,1109,0,1109,-26,0,6,18
15,720,82.800000,22.608000,0,1,179362288,1217,0,1217,-32,0,6,18
15,720,82.800000,22.608000,0,1,179362302,1294,0,1294,-36,0,6,18
15,720,82.800000,22.608000,0,1,179362316,1340,0,1340,-37,0,6,18
15,720,82.800000,22.608000,0,1,179362331,1364,0,1364,-37,0,6,18
15,720,82.800000,22.608000,0,1,179362346,1375,0,1375,-37,0,6,18
15,720,82.800000,22.608000,0,1,179362360,1382,0,1382,-37,0,6,18
15,720,82.800000,22.608000,0,1,179362374,1386,0,1386,-37,0,6,18
15,720,82.800000,22.608000,0,1,179362387,1389,0,1389,-37,0,6,18
15,720,82.800000,22.608000,0,1,179362400,1391,0,1391,-38,0,6,18
15,720,82.800000,22.608000,0,1,179362414,1391,0,1391,-38,0,6,18
15,720,82.800000,22.608000,0,1,179362428,1391,0,1391,-38,0,6,18
15,720,82.800000,22.608000,0,1,179362441,1392,0,1392,-38,0,6,18
15,720,82.800000,22.608000,0,1,179362456,1395,0,1395,-39,0,6,18
15,720,82.800000,22.608000,0,1,179362469,1397,0,1397,-39,0,6,18
15,720,82.800000,22.608000,0,1,179362483,1397,0,1397,-39,0,6,18
15,720,82.800000,22.608000,0,1,179362497,1397,0,1397,-39,0,6,18
15,720,82.800000,22.608000,0,1,179362511,1397,0,1397,-39,0,6,18
15,720,82.800000,22.608000,0,1,179362525,1397,0,1397,-39,0,6,18
15,720,82.800000,22.608000,0,1,179362538,1397,0,1397,-39,0,6,18
15,720,82.800000,22.608000,0,1,179362552,1397,0,1397,-39,0,6,18
15,720,82.800000,22.608000,0,1,179362567,1397,0,1397,-39,0,6,18
15,720,82.800000,22.608000,0,1,179362581,1393,0,1393,-39,0,6,18
15,720,82.800000,22.608000,0,1,179362595,1381,0,1381,-39,0,6,18
15,720,82.800000,22.608000,0,1,179362609,1365,0,1365,-39,0,6,18
15,720,82.800000,22.608000,0,1,179362622,1353,0,1353,-40,0,6,18
15,720,82.800000,22.608000,0,1,179362635,1350,0,1350,-40,0,6,18
15,720,82.800000,22.608000,0,1,179362649,1350,0,1350,-40,0,6,18
15,720,82.800000,22.608000,0,1,179362662,1350,0,1350,-40,0,6,18
15,720,82.800000,22.608000,0,1,179362676,1350,0,1350,-40,0,6,18
15,720,82.800000,22.608000,0,1,179362689,1350,0,1350,-40,0,6,18
15,720,82.800000,22.608000,0,1,179362702,1350,0,1350,-40,0,6,18
15,720,82.800000,22.608000,0,1,179362716,1350,0,1350,-40,0,6,18
15,720,82.800000,22.608000,0,1,179362729,1350,0,1350,-40,0,6,18
15,720,82.800000,22.608000,0,1,179362742,1350,0,1350,-40,0,6,18
15,720,82.800000,22.608000,0,1,179362755,1350,0,1350,-40,0,6,18
15,720,82.800000,22.608000,0,1,179362768,1350,0,1350,-40,0,6,18
15,720,82.800000,22.608000,0,1,179362782,1348,0,1348,-40,0,6,18
15,720,82.800000,22.608000,0,1,179362796,1344,0,1344,-40,0,6,18
15,720,82.800000,22.608000,0,1,179362810,1342,0,1342,-40,0,6,18
15,720,82.800000,22.608000,0,1,179362822,1341,0,1341,-40,0,6,18
15,720,82.800000,22.608000,0,1,179362836,1341,0,1341,-40,0,6,18
15,720,82.800000,22.608000,0,1,179362850,1341,0,1341,-40,0,6,18
15,720,82.800000,22.608000,0,1,179362864,1341,0,1341,-40,0,6,18
