15,360,21.600000,0.000000,0,1,179453456,780,22,780,22,0,6,89
15,360,21.600000,0.000000,0,1,179453457,780,22,780,22,0,6,89
15,360,21.600000,0.000000,0,1,179453480,780,22,780,22,0,6,89
15,360,21.600000,0.000000,0,1,179453494,780,22,780,22,0,6,89
15,360,21.600000,0.000000,0,1,179453509,784,21,784,21,0,6,89
15,360,21.600000,0.000000,0,1,179453524,803,19,803,19,0,6,89
15,360,21.600000,0.000000,0,1,179453539,844,19,844,19,0,6,89
15,360,21.600000,0.000000,0,1,179453553,911,17,911,17,0,6,89
15,360,21.600000,0.000000,0,1,179453567,996,16,996,16,0,6,89
15,360,21.600000,0.000000,0,1,179453581,1073,14,1073,14,0,6,89
15,360,21.600000,0.000000,0,1,179453594,1136,13,1136,13,0,6,89
15,360,21.600000,0.000000,0,1,179453609,1172,13,1172,13,0,6,89
15,360,21.600000,0.000000,0,1,179453623,1184,13,1184,13,0,6,89
15,360,21.600000,0.000000,0,1,179453637,1186,13,1186,13,0,6,89
15,360,21.600000,0.000000,0,1,179453651,1186,13,1186,13,0,6,89
15,360,21.600000,0.000000,0,1,179453665,1186,13,1186,13,0,6,89
15,360,21.600000,0.000000,0,1,179453679,1186,13,1186,13,0,6,89
15,360,21.600000,0.000000,0,1,179453693,1186,13,1186,13,0,6,89
15,360,21.600000,0.000000,0,1,179453707,1186,13,1186,13,0,6,89
15,360,21.600000,0.000000,0,1,179453720,1186,13,1186,13,0,6,89
15,360,21.600000,0.000000,0,1,179453734,1186,13,1186,13,0,6,89
15,360,21.600000,0.000000,0,1,179453748,1184,13,1184,13,0,6,89
15,360,21.600000,0.000000,0,1,179453763,1180,13,1180,13,0,6,89
15,360,21.600000,0.000000,0,1,179453778,1173,14,1173,14,0,6,89
15,360,21.600000,0.000000,0,1,179453791,1171,14,1171,14,0,6,89
15,360,21.600000,0.000000,0,1,179453805,1169,15,1169,15,0,6,89
15,360,21.600000,0.000000,0,1,179453818,1169,15,1169,15,0,6,89
15,360,21.600000,0.000000,0,1,179453831,1168,15,1168,15,0,6,89
15,360,21.600000,0.000000,0,1,179453844,1167,15,1167,15,0,6,89
15,360,21.600000,0.000000,0,1,179453857,1166,15,1166,15,0,6,89
15,360,21.600000,0.000000,0,1,179453871,1165,15,1165,15,0,6,89
15,360,21.600000,0.000000,0,1,179453885,1165,15,1165,15,0,6,89
15,360,21.600000,0.000000,0,1,179453898,1165,15,1165,15,0,6,89
15,360,21.600000,0.000000,0,1,179453911,1164,15,1164,15,0,6,89
15,360,21.600000,0.000000,0,1,179453925,1162,15,1162,15,0,6,89
15,360,21.600000,0.000000,0,1,179453938,1159,15,1159,15,0,6,89
15,360,21.600000,0.000000,0,1,179453952,1156,14,1156,14,0,6,89
15,360,21.600000,0.000000,0,1,179453966,1155,14,1155,14,0,6,89
15,360,21.600000,0.000000,0,1,179453979,1154,14,1154,14,0,6,89
15,360,21.600000,0.000000,0,1,179453992,1153,14,1153,14,0,6,89
15,360,21.600000,0.000000,0,1,179454007,1152,13,1152,13,0,6,89
15,360,21.600000,0.000000,0,1,179454020,1149,12,1149,12,0,6,89
15,360,21.600000,0.000000,0,1,179454034,1147,12,1147,12,0,6,89
15,360,21.600000,0.000000,0,1,179454046,1145,11,1145,11,0,6,89
15,360,21.600000,0.000000,0,1,179454060,1144,11,1144,11,0,6,89
15,360,21.600000,0.000000,0,1,179454072,1144,11,1144,11,0,6,89
15,360,21.600000,0.000000,0,1,179454096,1144,10,1144,10,0,6,89
15,360,21.600000,0.000000,0,1,179454109,1144,10,1144,10,0,6,89
15,360,21.600000,0.000000,0,1,179454122,1144,10,1144,10,0,6,89
15,360,21.600000,0.000000,0,1,179454136,1144,10,1144,10,0,6,89
15,360,21.600000,0.000000,0,1,179454149,1143,10,1143,10,0,6,89
15,360,21.600000,0.000000,0,1,179454162,1143,10,1143,10,0,6,89
