15,360,82.800000,10000.000000,1,1,179481539,780,22,780,22,0,6,112
15,360,82.800000,10000.000000,1,1,179481540,780,22,780,22,0,6,112
15,360,82.800000,10000.000000,1,1,179481554,780,22,780,22,0,6,112
15,360,82.800000,10000.000000,1,1,179481568,780,21,780,21,0,6,112
15,360,82.800000,10000.000000,1,1,179481582,780,21,780,21,0,6,112
15,360,82.800000,10000.000000,1,1,179481596,780,21,780,21,0,6,112
15,360,82.800000,10000.000000,1,1,179481610,780,21,780,21,0,6,112
15,360,82.800000,10000.000000,1,1,179481624,780,21,780,21,0,6,112
15,360,82.800000,10000.000000,1,1,179481648,780,21,780,21,0,6,112
15,360,82.800000,10000.000000,1,1,179481663,801,17,801,17,0,6,112
15,360,82.800000,10000.000000,1,1,179481677,840,10,840,10,0,6,112
15,360,82.800000,10000.000000,1,1,179481692,901,3,901,3,0,6,112
15,360,82.800000,10000.000000,1,1,179481706,969,0,969,-3,0,6,112
15,360,82.800000,10000.000000,1,1,179481720,1024,0,1024,-8,0,6,112
15,360,82.800000,10000.000000,1,1,179481735,1066,0,1066,-11,0,6,112
15,360,82.800000,10000.000000,1,1,179481749,1100,0,1100,-13,0,6,112
15,360,82.800000,10000.000000,1,1,179481763,1117,0,1117,-14,0,6,112
15,360,82.800000,10000.000000,1,1,179481777,1123,0,1123,-14,0,6,112
15,360,82.800000,10000.000000,1,1,179481791,1126,0,1126,-14,0,6,112
15,360,82.800000,10000.000000,1,1,179481805,1128,0,1128,-14,0,6,112
15,360,82.800000,10000.000000,1,1,179481818,1131,0,1131,-14,0,6,112
15,360,82.800000,10000.000000,1,1,179481832,1133,0,1133,-14,0,6,112
15,360,82.800000,10000.000000,1,1,179481847,1134,0,1134,-15,0,6,112
15,360,82.800000,10000.000000,1,1,179481862,1135,0,1135,-16,0,6,112
15,360,82.800000,10000.000000,1,1,179481876,1135,0,1135,-16,0,6,112
15,360,82.800000,10000.000000,1,1,179481897,1135,0,1135,-16,0,6,112
15,360,82.800000,10000.000000,1,1,179481911,1135,0,1135,-16,0,6,112
15,360,82.800000,10000.000000,1,1,179481926,1135,0,1135,-16,0,6,112
15,360,82.800000,10000.000000,1,1,179481939,1136,0,1136,-16,0,6,112
15,360,82.800000,10000.000000,1,1,179481962,1137,0,1137,-16,0,6,112
15,360,82.800000,10000.000000,1,1,179481976,1138,0,1138,-16,0,6,112
15,360,82.800000,10000.000000,1,1,179481990,1138,0,1138,-16,0,6,112
15,360,82.800000,10000.000000,1,1,179482002,1138,0,1138,-16,0,6,112
