15,360,82.800000,10000.000000,0,0,179414050,780,0,780,0,0,6,59
15,360,82.800000,10000.000000,0,0,179414051,780,0,780,0,0,6,59
15,360,82.800000,10000.000000,0,0,179414065,780,0,780,0,0,6,59
15,360,82.800000,10000.000000,0,0,179414079,780,0,780,0,0,6,59
15,360,82.800000,10000.000000,0,0,179414093,780,0,780,0,0,6,59
15,360,82.800000,10000.000000,0,0,179414106,780,0,780,0,0,6,59
15,360,82.800000,10000.000000,0,0,179414121,780,0,780,0,0,6,59
15,360,82.800000,10000.000000,0,0,179414143,785,0,785,-2,0,6,59
15,360,82.800000,10000.000000,0,0,179414157,830,0,830,-6,0,6,59
15,360,82.800000,10000.000000,0,0,179414171,884,0,884,-9,0,6,59
15,360,82.800000,10000.000000,0,0,179414186,954,0,954,-14,0,6,59
15,360,82.800000,10000.000000,0,0,179414200,1021,0,1021,-19,0,6,59
15,360,82.800000,10000.000000,0,0,179414214,1078,0,1078,-24,0,6,59
15,360,82.800000,10000.000000,0,0,179414228,1105,0,1105,-26,0,6,59
15,360,82.800000,10000.000000,0,0,179414242,1119,0,1119,-27,0,6,59
15,360,82.800000,10000.000000,0,0,179414255,1122,0,1122,-28,0,6,59
15,360,82.800000,10000.000000,0,0,179414269,1122,0,1122,-28,0,6,59
15,360,82.800000,10000.000000,0,0,179414283,1122,0,1122,-28,0,6,59
15,360,82.800000,10000.000000,0,0,179414297,1122,0,1122,-28,0,6,59
15,360,82.800000,10000.000000,0,0,179414311,1122,0,1122,-28,0,6,59
15,360,82.800000,10000.000000,0,0,179414324,1122,0,1122,-28,0,6,59
15,360,82.800000,10000.000000,0,0,179414347,1122,0,1122,-28,0,6,59
15,360,82.800000,10000.000000,0,0,179414360,1122,0,1122,-28,0,6,59
15,360,82.800000,10000.000000,0,0,179414373,1122,0,1122,-28,0,6,59
15,360,82.800000,10000.000000,0,0,179414386,1122,0,1122,-28,0,6,59
15,360,82.800000,10000.000000,0,0,179414400,1122,0,1122,-28,0,6,59
15,360,82.800000,10000.000000,0,0,179414413,1122,0,1122,-28,0,6,59
15,360,82.800000,10000.000000,0,0,179414428,1122,0,1122,-28,0,6,59
15,360,82.800000,10000.000000,0,0,179414441,1122,0,1122,-28,0,6,59
15,360,82.800000,10000.000000,0,0,179414453,1122,0,1122,-28,0,6,59
