15,720,82.800000,0.000000,0,0,179370974,600,0,600,0,0,6,24
15,720,82.800000,0.000000,0,0,179370975,600,0,600,0,0,6,24
15,720,82.800000,0.000000,0,0,179370987,600,0,600,0,0,6,24
15,720,82.800000,0.000000,0,0,179371001,600,0,600,0,0,6,24
15,720,82.800000,0.000000,0,0,179371015,600,0,600,0,0,6,24
15,720,82.800000,0.000000,0,0,179371028,600,0,600,0,0,6,24
15,720,82.800000,0.000000,0,0,179371041,600,0,600,0,0,6,24
15,720,82.800000,0.000000,0,0,179371055,600,0,600,-1,0,6,24
15,720,82.800000,0.000000,0,0,179371069,607,0,607,-4,0,6,24
15,720,82.800000,0.000000,0,0,179371082,627,0,627,-9,0,6,24
15,720,82.800000,0.000000,0,0,179371096,661,0,661,-14,0,6,24
15,720,82.800000,0.000000,0,0,179371110,726,0,726,-21,0,6,24
15,720,82.800000,0.000000,0,0,179371125,823,0,823,-26,0,6,24
15,720,82.800000,0.000000,0,0,179371147,927,0,927,-27,0,6,24
15,720,82.800000,0.000000,0,0,179371162,1092,0,1092,-27,0,6,24
15,720,82.800000,0.000000,0,0,179371175,1204,1,1204,-26,0,6,24
15,720,82.800000,0.000000,0,0,179371189,1290,3,1290,-24,0,6,24
15,720,82.800000,0.000000,0,0,179371203,1345,3,1345,-24,0,6,24
15,720,82.800000,0.000000,0,0,179371227,1372,3,1372,-24,0,6,24
15,720,82.800000,0.000000,0,0,179371239,1386,3,1386,-24,0,6,24
15,720,82.800000,0.000000,0,0,179371253,1386,3,1386,-24,0,6,24
15,720,82.800000,0.000000,0,0,179371266,1386,3,1386,-24,0,6,24
15,720,82.800000,0.000000,0,0,179371281,1385,3,1385,-24,0,6,24
15,720,82.800000,0.000000,0,0,179371295,1385,3,1385,-24,0,6,24
15,720,82.800000,0.000000,0,0,179371308,1385,3,1385,-24,0,6,24
15,720,82.800000,0.000000,0,0,179371322,1385,3,1385,-24,0,6,24
15,720,82.800000,0.000000,0,0,179371335,1385,3,1385,-24,0,6,24
15,720,82.800000,0.000000,0,0,179371349,1385,3,1385,-24,0,6,24
15,720,82.800000,0.000000,0,0,179371363,1383,3,1383,-24,0,6,24
15,720,82.800000,0.000000,0,0,179371376,1379,3,1379,-24,0,6,24
15,720,82.800000,0.000000,0,0,179371390,1376,4,1376,-23,0,6,24
15,720,82.800000,0.000000,0,0,179371403,1373,4,1373,-23,0,6,24
15,720,82.800000,0.000000,0,0,179371417,1369,4,1369,-23,0,6,24
15,720,82.800000,0.000000,0,0,179371431,1362,4,1362,-23,0,6,24
15,720,82.800000,0.000000,0,0,179371444,1353,4,1353,-23,0,6,24
15,720,82.800000,0.000000,0,0,179371458,1339,2,1339,-25,0,6,24
15,720,82.800000,0.000000,0,0,179371476,1327,0,1327,-27,0,6,24
15,720,82.800000,0.000000,0,0,179371491,1322,0,1322,-27,0,6,24
15,720,82.800000,0.000000,0,0,179371514,1322,0,1322,-27,0,6,24
15,720,82.800000,0.000000,0,0,179371527,1322,0,1322,-27,0,6,24
15,720,82.800000,0.000000,0,0,179371540,1322,0,1322,-27,0,6,24
15,720,82.800000,0.000000,0,0,179371553,1322,0,1322,-27,0,6,24
