15,720,21.600000,22.608000,1,1,179393807,600,22,600,22,0,6,42
15,720,21.600000,22.608000,1,1,179393808,600,22,600,22,0,6,42
15,720,21.600000,22.608000,1,1,179393821,600,22,600,22,0,6,42
15,720,21.600000,22.608000,1,1,179393835,600,22,600,22,0,6,42
15,720,21.600000,22.608000,1,1,179393849,600,22,600,22,0,6,42
15,720,21.600000,22.608000,1,1,179393862,600,22,600,22,0,6,42
15,720,21.600000,22.608000,1,1,179393877,604,21,604,21,0,6,42
15,720,21.600000,22.608000,1,1,179393892,620,19,620,19,0,6,42
15,720,21.600000,22.608000,1,1,179393905,669,17,669,17,0,6,42
15,720,21.600000,22.608000,1,1,179393919,752,14,752,14,0,6,42
15,720,21.600000,22.608000,1,1,179393932,864,12,864,12,0,6,42
15,720,21.600000,22.608000,1,1,179393946,995,9,995,9,0,6,42
15,720,21.600000,22.608000,1,1,179393961,1121,8,1121,8,0,6,42
15,720,21.600000,22.608000,1,1,179393975,1215,7,1215,7,0,6,42
15,720,21.600000,22.608000,1,1,179393989,1268,6,1268,6,0,6,42
15,720,21.600000,22.608000,1,1,179394012,1295,5,1295,5,0,6,42
15,720,21.600000,22.608000,1,1,179394025,1309,5,1309,5,0,6,42
15,720,21.600000,22.608000,1,1,179394038,1309,5,1309,5,0,6,42
15,720,21.600000,22.608000,1,1,179394051,1309,5,1309,5,0,6,42
15,720,21.600000,22.608000,1,1,179394064,1309,5,1309,5,0,6,42
15,720,21.600000,22.608000,1,1,179394078,1309,5,1309,5,0,6,42
15,720,21.600000,22.608000,1,1,179394091,1309,5,1309,5,0,6,42
15,720,21.600000,22.608000,1,1,179394104,1309,5,1309,5,0,6,42
15,720,21.600000,22.608000,1,1,179394117,1309,5,1309,5,0,6,42
15,720,21.600000,22.608000,1,1,179394132,1309,5,1309,5,0,6,42
15,720,21.600000,22.608000,1,1,179394145,1309,5,1309,5,0,6,42
15,720,21.600000,22.608000,1,1,179394158,1309,5,1309,5,0,6,42
15,720,21.600000,22.608000,1,1,179394171,1309,5,1309,5,0,6,42
15,720,21.600000,22.608000,1,1,179394184,1307,5,1307,5,0,6,42
15,720,21.600000,22.608000,1,1,179394197,1303,4,1303,4,0,6,42
15,720,21.600000,22.608000,1,1,179394211,1300,4,1300,4,0,6,42
15,720,21.600000,22.608000,1,1,179394224,1298,4,1298,4,0,6,42
15,720,21.600000,22.608000,1,1,179394237,1298,4,1298,4,0,6,42
15,720,21.600000,22.608000,1,1,179394251,1298,4,1298,4,0,6,42
15,720,21.600000,22.608000,1,1,179394265,1298,4,1298,4,0,6,42
15,720,21.600000,22.608000,1,1,179394279,1298,4,1298,4,0,6,42
15,720,21.600000,22.608000,1,1,179394293,1298,4,1298,4,0,6,42
15,720,21.600000,22.608000,1,1,179394306,1298,4,1298,4,0,6,42
15,720,21.600000,22.608000,1,1,179394319,1298,4,1298,4,0,6,42
15,720,21.600000,22.608000,1,1,179394332,1298,4,1298,4,0,6,42
15,720,21.600000,22.608000,1,1,179394346,1300,4,1300,4,0,6,42
15,720,21.600000,22.608000,1,1,179394359,1303,4,1303,4,0,6,42
15,720,21.600000,22.608000,1,1,179394372,1307,4,1307,4,0,6,42
15,720,21.600000,22.608000,1,1,179394385,1310,4,1310,4,0,6,42
15,720,21.600000,22.608000,1,1,179394408,1312,4,1312,4,0,6,42
15,720,21.600000,22.608000,1,1,179394421,1313,4,1313,4,0,6,42
15,720,21.600000,22.608000,1,1,179394435,1313,4,1313,4,0,6,42
15,720,21.600000,22.608000,1,1,179394449,1313,4,1313,4,0,6,42
15,720,21.600000,22.608000,1,1,179394462,1313,4,1313,4,0,6,42
15,720,21.600000,22.608000,1,1,179394475,1313,4,1313,4,0,6,42
15,720,21.600000,22.608000,1,1,179394488,1314,4,1314,4,0,6,42
15,720,21.600000,22.608000,1,1,179394501,1314,4,1314,4,0,6,42
15,720,21.600000,22.608000,1,1,179394515,1315,4,1315,4,0,6,42
15,720,21.600000,22.608000,1,1,179394529,1315,4,1315,4,0,6,42
15,720,21.600000,22.608000,1,1,179394543,1315,4,1315,4,0,6,42
15,720,21.600000,22.608000,1,1,179394556,1315,4,1315,4,0,6,42
15,720,21.600000,22.608000,1,1,179394569,1315,4,1315,4,0,6,42
15,720,21.600000,22.608000,1,1,179394582,1315,4,1315,4,0,6,42
15,720,21.600000,22.608000,1,1,179394595,1315,4,1315,4,0,6,42
15,720,21.600000,22.608000,1,1,179394609,1315,4,1315,4,0,6,42
15,720,21.600000,22.608000,1,1,179394622,1315,4,1315,4,0,6,42
15,720,21.600000,22.608000,1,1,179394635,1315,4,1315,4,0,6,42
15,720,21.600000,22.608000,1,1,179394648,1315,4,1315,4,0,6,42
15,720,21.600000,22.608000,1,1,179394663,1315,4,1315,4,0,6,42
15,720,21.600000,22.608000,1,1,179394676,1316,4,1316,4,0,6,42
15,720,21.600000,22.608000,1,1,179394689,1318,4,1318,4,0,6,42
15,720,21.600000,22.608000,1,1,179394702,1318,4,1318,4,0,6,42
15,720,21.600000,22.608000,1,1,179394716,1318,4,1318,4,0,6,42
15,720,21.600000,22.608000,1,1,179394728,1318,4,1318,4,0,6,42
