15,360,21.600000,12.276000,1,1,179355314,780,22,780,22,0,6,13
15,360,21.600000,12.276000,1,1,179355314,780,22,780,22,0,6,13
15,360,21.600000,12.276000,1,1,179355329,780,22,780,22,0,6,13
15,360,21.600000,12.276000,1,1,179355342,780,22,780,22,0,6,13
15,360,21.600000,12.276000,1,1,179355356,780,21,780,21,0,6,13
15,360,21.600000,12.276000,1,1,179355370,780,21,780,21,0,6,13
15,360,21.600000,12.276000,1,1,179355384,780,21,780,21,0,6,13
15,360,21.600000,12.276000,1,1,179355399,780,21,780,21,0,6,13
15,360,21.600000,12.276000,1,1,179355413,787,19,787,19,0,6,13
15,360,21.600000,12.276000,1,1,179355427,812,15,812,15,0,6,13
15,360,21.600000,12.276000,1,1,179355441,858,7,858,7,0,6,13
15,360,21.600000,12.276000,1,1,179355456,929,0,929,-3,0,6,13
15,360,21.600000,12.276000,1,1,179355470,992,0,992,-11,0,6,13
15,360,21.600000,12.276000,1,1,179355484,1039,0,1039,-18,0,6,13
15,360,21.600000,12.276000,1,1,179355497,1064,0,1064,-21,0,6,13
15,360,21.600000,12.276000,1,1,179355511,1075,0,1075,-22,0,6,13
15,360,21.600000,12.276000,1,1,179355524,1076,0,1076,-23,0,6,13
15,360,21.600000,12.276000,1,1,179355538,1076,0,1076,-23,0,6,13
15,360,21.600000,12.276000,1,1,179355551,1076,0,1076,-23,0,6,13
15,360,21.600000,12.276000,1,1,179355566,1076,0,1076,-23,0,6,13
15,360,21.600000,12.276000,1,1,179355579,1077,0,1077,-23,0,6,13
15,360,21.600000,12.276000,1,1,179355592,1080,0,1080,-23,0,6,13
15,360,21.600000,12.276000,1,1,179355606,1085,0,1085,-23,0,6,13
15,360,21.600000,12.276000,1,1,179355620,1091,0,1091,-23,0,6,13
15,360,21.600000,12.276000,1,1,179355634,1100,0,1100,-23,0,6,13
15,360,21.600000,12.276000,1,1,179355648,1110,0,1110,-23,0,6,13
15,360,21.600000,12.276000,1,1,179355662,1113,0,1113,-23,0,6,13
15,360,21.600000,12.276000,1,1,179355676,1116,0,1116,-23,0,6,13
15,360,21.600000,12.276000,1,1,179355689,1116,0,1116,-23,0,6,13
15,360,21.600000,12.276000,1,1,179355713,1116,0,1116,-23,0,6,13
15,360,21.600000,12.276000,1,1,179355726,1117,0,1117,-23,0,6,13
15,360,21.600000,12.276000,1,1,179355741,1120,0,1120,-23,0,6,13
15,360,21.600000,12.276000,1,1,179355755,1124,0,1124,-24,0,6,13
15,360,21.600000,12.276000,1,1,179355767,1128,0,1128,-25,0,6,13
15,360,21.600000,12.276000,1,1,179355780,1129,0,1129,-26,0,6,13
15,360,21.600000,12.276000,1,1,179355793,1129,0,1129,-26,0,6,13
15,360,21.600000,12.276000,1,1,179355806,1129,0,1129,-26,0,6,13
15,360,21.600000,12.276000,1,1,179355819,1129,0,1129,-26,0,6,13
15,360,21.600000,12.276000,1,1,179355832,1129,0,1129,-26,0,6,13
15,360,21.600000,12.276000,1,1,179355847,1129,0,1129,-26,0,6,13
15,360,21.600000,12.276000,1,1,179355860,1129,0,1129,-26,0,6,13
15,360,21.600000,12.276000,1,1,179355873,1129,0,1129,-26,0,6,13
15,360,21.600000,12.276000,1,1,179355886,1131,0,1131,-26,0,6,13
15,360,21.600000,12.276000,1,1,179355900,1132,0,1132,-26,0,6,13
15,360,21.600000,12.276000,1,1,179355914,1134,0,1134,-27,0,6,13
15,360,21.600000,12.276000,1,1,179355929,1135,0,1135,-27,0,6,13
15,360,21.600000,12.276000,1,1,179355942,1136,0,1136,-27,0,6,13
15,360,21.600000,12.276000,1,1,179355958,1136,0,1136,-27,0,6,13
15,360,21.600000,12.276000,1,1,179355979,1136,0,1136,-27,0,6,13
15,360,21.600000,12.276000,1,1,179355992,1136,0,1136,-27,0,6,13
15,360,21.600000,12.276000,1,1,179356005,1136,0,1136,-27,0,6,13
15,360,21.600000,12.276000,1,1,179356027,1136,0,1136,-27,0,6,13
15,360,21.600000,12.276000,1,1,179356040,1136,0,1136,-27,0,6,13
15,360,21.600000,12.276000,1,1,179356053,1136,0,1136,-27,0,6,13
15,360,21.600000,12.276000,1,1,179356075,1136,0,1136,-27,0,6,13
15,360,21.600000,12.276000,1,1,179356088,1137,0,1137,-27,0,6,13
15,360,21.600000,12.276000,1,1,179356101,1137,0,1137,-27,0,6,13
15,360,21.600000,12.276000,1,1,179356114,1137,0,1137,-27,0,6,13
15,360,21.600000,12.276000,1,1,179356129,1137,0,1137,-27,0,6,13
15,360,21.600000,12.276000,1,1,179356142,1137,0,1137,-27,0,6,13
