15,360,21.600000,10000.000000,1,0,179465505,780,0,780,0,0,6,99
15,360,21.600000,10000.000000,1,0,179465505,780,0,780,0,0,6,99
15,360,21.600000,10000.000000,1,0,179465519,780,0,780,0,0,6,99
15,360,21.600000,10000.000000,1,0,179465532,780,0,780,0,0,6,99
15,360,21.600000,10000.000000,1,0,179465546,780,0,780,0,0,6,99
15,360,21.600000,10000.000000,1,0,179465562,781,0,781,0,0,6,99
15,360,21.600000,10000.000000,1,0,179465576,789,0,789,-1,0,6,99
15,360,21.600000,10000.000000,1,0,179465590,820,0,820,-2,0,6,99
15,360,21.600000,10000.000000,1,0,179465603,871,0,871,-2,0,6,99
15,360,21.600000,10000.000000,1,0,179465616,951,0,951,-2,0,6,99
15,360,21.600000,10000.000000,1,0,179465630,1039,0,1039,-3,0,6,99
15,360,21.600000,10000.000000,1,0,179465644,1109,0,1109,-5,0,6,99
15,360,21.600000,10000.000000,1,0,179465657,1153,0,1153,-6,0,6,99
15,360,21.600000,10000.000000,1,0,179465671,1176,0,1176,-6,0,6,99
15,360,21.600000,10000.000000,1,0,179465684,1183,0,1183,-6,0,6,99
15,360,21.600000,10000.000000,1,0,179465698,1183,0,1183,-6,0,6,99
15,360,21.600000,10000.000000,1,0,179465711,1183,0,1183,-6,0,6,99
15,360,21.600000,10000.000000,1,0,179465724,1183,0,1183,-6,0,6,99
15,360,21.600000,10000.000000,1,0,179465737,1183,0,1183,-6,0,6,99
15,360,21.600000,10000.000000,1,0,179465750,1183,0,1183,-6,0,6,99
15,360,21.600000,10000.000000,1,0,179465762,1183,0,1183,-6,0,6,99
15,360,21.600000,10000.000000,1,0,179465775,1183,0,1183,-6,0,6,99
15,360,21.600000,10000.000000,1,0,179465790,1183,0,1183,-6,0,6,99
15,360,21.600000,10000.000000,1,0,179465813,1182,0,1182,-6,0,6,99
15,360,21.600000,10000.000000,1,0,179465827,1181,0,1181,-6,0,6,99
15,360,21.600000,10000.000000,1,0,179465841,1180,0,1180,-6,0,6,99
15,360,21.600000,10000.000000,1,0,179465855,1177,0,1177,-6,0,6,99
15,360,21.600000,10000.000000,1,0,179465877,1171,0,1171,-6,0,6,99
15,360,21.600000,10000.000000,1,0,179465892,1162,0,1162,-7,0,6,99
15,360,21.600000,10000.000000,1,0,179465905,1158,0,1158,-8,0,6,99
15,360,21.600000,10000.000000,1,0,179465919,1156,0,1156,-8,0,6,99
15,360,21.600000,10000.000000,1,0,179465933,1156,0,1156,-8,0,6,99
15,360,21.600000,10000.000000,1,0,179465947,1156,0,1156,-8,0,6,99
15,360,21.600000,10000.000000,1,0,179465961,1155,0,1155,-8,0,6,99
15,360,21.600000,10000.000000,1,0,179465975,1152,0,1152,-9,0,6,99
15,360,21.600000,10000.000000,1,0,179465988,1150,0,1150,-10,0,6,99
15,360,21.600000,10000.000000,1,0,179466001,1149,0,1149,-10,0,6,99
15,360,21.600000,10000.000000,1,0,179466014,1149,0,1149,-10,0,6,99
15,360,21.600000,10000.000000,1,0,179466028,1149,0,1149,-10,0,6,99
15,360,21.600000,10000.000000,1,0,179466041,1149,0,1149,-10,0,6,99
15,360,21.600000,10000.000000,1,0,179466054,1149,0,1149,-10,0,6,99
15,360,21.600000,10000.000000,1,0,179466068,1149,0,1149,-10,0,6,99
15,360,21.600000,10000.000000,1,0,179466081,1149,0,1149,-10,0,6,99
15,360,21.600000,10000.000000,1,0,179466094,1149,0,1149,-10,0,6,99
15,360,21.600000,10000.000000,1,0,179466108,1149,0,1149,-10,0,6,99
15,360,21.600000,10000.000000,1,0,179466121,1149,0,1149,-10,0,6,99
15,360,21.600000,10000.000000,1,0,179466134,1149,0,1149,-10,0,6,99
15,360,21.600000,10000.000000,1,0,179466149,1149,0,1149,-10,0,6,99
15,360,21.600000,10000.000000,1,0,179466162,1149,0,1149,-10,0,6,99
15,360,21.600000,10000.000000,1,0,179466176,1149,0,1149,-10,0,6,99
