15,720,50.400000,0.000000,0,1,179445720,600,22,600,22,0,6,83
15,720,50.400000,0.000000,0,1,179445721,600,22,600,22,0,6,83
15,720,50.400000,0.000000,0,1,179445736,600,22,600,22,0,6,83
15,720,50.400000,0.000000,0,1,179445750,600,22,600,22,0,6,83
15,720,50.400000,0.000000,0,1,179445764,600,22,600,22,0,6,83
15,720,50.400000,0.000000,0,1,179445778,600,22,600,22,0,6,83
15,720,50.400000,0.000000,0,1,179445794,600,21,600,21,0,6,83
15,720,50.400000,0.000000,0,1,179445818,608,20,608,20,0,6,83
15,720,50.400000,0.000000,0,1,179445832,667,16,667,16,0,6,83
15,720,50.400000,0.000000,0,1,179445846,752,11,752,11,0,6,83
15,720,50.400000,0.000000,0,1,179445860,874,1,874,1,0,6,83
15,720,50.400000,0.000000,0,1,179445874,998,0,998,-10,0,6,83
15,720,50.400000,0.000000,0,1,179445888,1115,0,1115,-24,0,6,83
15,720,50.400000,0.000000,0,1,179445910,1212,0,1212,-39,0,6,83
15,720,50.400000,0.000000,0,1,179445925,1295,0,1295,-55,0,6,83
15,720,50.400000,0.000000,0,1,179445939,1314,0,1314,-60,0,6,83
15,720,50.400000,0.000000,0,1,179445953,1317,0,1317,-61,0,6,83
15,720,50.400000,0.000000,0,1,179445967,1317,0,1317,-61,0,6,83
15,720,50.400000,0.000000,0,1,179445981,1317,0,1317,-61,0,6,83
15,720,50.400000,0.000000,0,1,179445994,1317,0,1317,-61,0,6,83
15,720,50.400000,0.000000,0,1,179446008,1317,0,1317,-61,0,6,83
15,720,50.400000,0.000000,0,1,179446021,1317,0,1317,-61,0,6,83
15,720,50.400000,0.000000,0,1,179446035,1317,0,1317,-61,0,6,83
15,720,50.400000,0.000000,0,1,179446049,1317,0,1317,-61,0,6,83
15,720,50.400000,0.000000,0,1,179446063,1317,0,1317,-61,0,6,83
15,720,50.400000,0.000000,0,1,179446076,1317,0,1317,-61,0,6,83
15,720,50.400000,0.000000,0,1,179446090,1317,0,1317,-61,0,6,83
15,720,50.400000,0.000000,0,1,179446103,1317,0,1317,-61,0,6,83
15,720,50.400000,0.000000,0,1,179446116,1317,0,1317,-61,0,6,83
15,720,50.400000,0.000000,0,1,179446129,1317,0,1317,-61,0,6,83
15,720,50.400000,0.000000,0,1,179446143,1317,0,1317,-61,0,6,83
15,720,50.400000,0.000000,0,1,179446156,1317,0,1317,-61,0,6,83
15,720,50.400000,0.000000,0,1,179446169,1317,0,1317,-61,0,6,83
15,720,50.400000,0.000000,0,1,179446183,1317,0,1317,-61,0,6,83
15,720,50.400000,0.000000,0,1,179446195,1317,0,1317,-61,0,6,83
