15,360,50.400000,22.608000,1,1,179487192,780,22,780,22,0,6,116
15,360,50.400000,22.608000,1,1,179487192,780,22,780,22,0,6,116
15,360,50.400000,22.608000,1,1,179487207,780,22,780,22,0,6,116
15,360,50.400000,22.608000,1,1,179487228,780,22,780,22,0,6,116
15,360,50.400000,22.608000,1,1,179487243,780,21,780,21,0,6,116
15,360,50.400000,22.608000,1,1,179487256,782,21,782,21,0,6,116
15,360,50.400000,22.608000,1,1,179487281,798,17,798,17,0,6,116
15,360,50.400000,22.608000,1,1,179487295,897,3,897,3,0,6,116
15,360,50.400000,22.608000,1,1,179487309,982,0,982,-4,0,6,116
15,360,50.400000,22.608000,1,1,179487323,1068,0,1068,-13,0,6,116
15,360,50.400000,22.608000,1,1,179487337,1122,0,1122,-20,0,6,116
15,360,50.400000,22.608000,1,1,179487351,1149,0,1149,-24,0,6,116
15,360,50.400000,22.608000,1,1,179487365,1154,0,1154,-25,0,6,116
15,360,50.400000,22.608000,1,1,179487379,1154,0,1154,-25,0,6,116
15,360,50.400000,22.608000,1,1,179487392,1152,0,1152,-25,0,6,116
15,360,50.400000,22.608000,1,1,179487406,1151,0,1151,-25,0,6,116
15,360,50.400000,22.608000,1,1,179487420,1151,0,1151,-25,0,6,116
15,360,50.400000,22.608000,1,1,179487434,1151,0,1151,-25,0,6,116
15,360,50.400000,22.608000,1,1,179487448,1151,0,1151,-25,0,6,116
15,360,50.400000,22.608000,1,1,179487462,1150,0,1150,-25,0,6,116
15,360,50.400000,22.608000,1,1,179487475,1148,0,1148,-25,0,6,116
15,360,50.400000,22.608000,1,1,179487489,1146,0,1146,-25,0,6,116
15,360,50.400000,22.608000,1,1,179487511,1146,0,1146,-25,0,6,116
15,360,50.400000,22.608000,1,1,179487524,1146,0,1146,-25,0,6,116
15,360,50.400000,22.608000,1,1,179487538,1145,0,1145,-25,0,6,116
15,360,50.400000,22.608000,1,1,179487552,1143,0,1143,-25,0,6,116
15,360,50.400000,22.608000,1,1,179487566,1139,0,1139,-25,0,6,116
15,360,50.400000,22.608000,1,1,179487581,1135,0,1135,-25,0,6,116
15,360,50.400000,22.608000,1,1,179487595,1134,0,1134,-25,0,6,116
15,360,50.400000,22.608000,1,1,179487608,1133,0,1133,-25,0,6,116
15,360,50.400000,22.608000,1,1,179487620,1133,0,1133,-25,0,6,116
15,360,50.400000,22.608000,1,1,179487634,1133,0,1133,-25,0,6,116
15,360,50.400000,22.608000,1,1,179487647,1133,0,1133,-25,0,6,116
