15,720,21.600000,22.608000,1,0,179375967,600,0,600,0,0,6,28
15,720,21.600000,22.608000,1,0,179375967,600,0,600,0,0,6,28
15,720,21.600000,22.608000,1,0,179375982,600,0,600,0,0,6,28
15,720,21.600000,22.608000,1,0,179375997,600,0,600,0,0,6,28
15,720,21.600000,22.608000,1,0,179376010,600,0,600,0,0,6,28
15,720,21.600000,22.608000,1,0,179376024,600,0,600,0,0,6,28
15,720,21.600000,22.608000,1,0,179376038,600,0,600,0,0,6,28
15,720,21.600000,22.608000,1,0,179376052,600,0,600,0,0,6,28
15,720,21.600000,22.608000,1,0,179376066,611,0,611,-3,0,6,28
15,720,21.600000,22.608000,1,0,179376081,655,0,655,-10,0,6,28
15,720,21.600000,22.608000,1,0,179376096,741,0,741,-20,0,6,28
15,720,21.600000,22.608000,1,0,179376109,877,0,877,-28,0,6,28
15,720,21.600000,22.608000,1,0,179376123,1027,0,1027,-33,0,6,28
15,720,21.600000,22.608000,1,0,179376137,1187,0,1187,-37,0,6,28
15,720,21.600000,22.608000,1,0,179376151,1317,0,1317,-40,0,6,28
15,720,21.600000,22.608000,1,0,179376166,1400,0,1400,-41,0,6,28
15,720,21.600000,22.608000,1,0,179376179,1438,0,1438,-41,0,6,28
15,720,21.600000,22.608000,1,0,179376192,1444,0,1444,-41,0,6,28
15,720,21.600000,22.608000,1,0,179376206,1444,0,1444,-41,0,6,28
15,720,21.600000,22.608000,1,0,179376220,1444,0,1444,-41,0,6,28
15,720,21.600000,22.608000,1,0,179376234,1443,0,1443,-41,0,6,28
15,720,21.600000,22.608000,1,0,179376248,1443,0,1443,-41,0,6,28
15,720,21.600000,22.608000,1,0,179376261,1443,0,1443,-41,0,6,28
15,720,21.600000,22.608000,1,0,179376274,1443,0,1443,-41,0,6,28
15,720,21.600000,22.608000,1,0,179376287,1443,0,1443,-41,0,6,28
15,720,21.600000,22.608000,1,0,179376301,1443,0,1443,-41,0,6,28
15,720,21.600000,22.608000,1,0,179376314,1443,0,1443,-41,0,6,28
15,720,21.600000,22.608000,1,0,179376328,1443,0,1443,-41,0,6,28
15,720,21.600000,22.608000,1,0,179376341,1443,0,1443,-41,0,6,28
15,720,21.600000,22.608000,1,0,179376356,1441,0,1441,-41,0,6,28
15,720,21.600000,22.608000,1,0,179376377,1438,0,1438,-41,0,6,28
15,720,21.600000,22.608000,1,0,179376390,1435,0,1435,-41,0,6,28
15,720,21.600000,22.608000,1,0,179376403,1434,0,1434,-41,0,6,28
15,720,21.600000,22.608000,1,0,179376416,1434,0,1434,-41,0,6,28
15,720,21.600000,22.608000,1,0,179376429,1430,0,1430,-42,0,6,28
15,720,21.600000,22.608000,1,0,179376443,1420,0,1420,-44,0,6,28
15,720,21.600000,22.608000,1,0,179376456,1408,0,1408,-45,0,6,28
15,720,21.600000,22.608000,1,0,179376469,1401,0,1401,-46,0,6,28
15,720,21.600000,22.608000,1,0,179376482,1399,0,1399,-46,0,6,28
15,720,21.600000,22.608000,1,0,179376496,1399,0,1399,-46,0,6,28
15,720,21.600000,22.608000,1,0,179376511,1399,0,1399,-46,0,6,28
15,720,21.600000,22.608000,1,0,179376524,1399,0,1399,-46,0,6,28
15,720,21.600000,22.608000,1,0,179376536,1399,0,1399,-46,0,6,28
15,720,21.600000,22.608000,1,0,179376549,1399,0,1399,-46,0,6,28
15,720,21.600000,22.608000,1,0,179376564,1399,0,1399,-46,0,6,28
15,720,21.600000,22.608000,1,0,179376576,1399,0,1399,-46,0,6,28
15,720,21.600000,22.608000,1,0,179376589,1399,0,1399,-46,0,6,28
15,720,21.600000,22.608000,1,0,179376602,1399,0,1399,-46,0,6,28
15,720,21.600000,22.608000,1,0,179376615,1399,0,1399,-46,0,6,28
15,720,21.600000,22.608000,1,0,179376628,1399,0,1399,-46,0,6,28
15,720,21.600000,22.608000,1,0,179376642,1396,0,1396,-47,0,6,28
15,720,21.600000,22.608000,1,0,179376664,1391,0,1391,-47,0,6,28
15,720,21.600000,22.608000,1,0,179376678,1385,0,1385,-48,0,6,28
15,720,21.600000,22.608000,1,0,179376692,1384,0,1384,-48,0,6,28
15,720,21.600000,22.608000,1,0,179376705,1383,0,1383,-48,0,6,28
15,720,21.600000,22.608000,1,0,179376728,1383,0,1383,-48,0,6,28
15,720,21.600000,22.608000,1,0,179376741,1381,0,1381,-48,0,6,28
15,720,21.600000,22.608000,1,0,179376755,1376,0,1376,-49,0,6,28
15,720,21.600000,22.608000,1,0,179376768,1370,0,1370,-49,0,6,28
15,720,21.600000,22.608000,1,0,179376781,1364,0,1364,-49,0,6,28
15,720,21.600000,22.608000,1,0,179376794,1361,0,1361,-49,0,6,28
15,720,21.600000,22.608000,1,0,179376807,1360,0,1360,-49,0,6,28
15,720,21.600000,22.608000,1,0,179376820,1360,0,1360,-49,0,6,28
15,720,21.600000,22.608000,1,0,179376834,1360,0,1360,-49,0,6,28
15,720,21.600000,22.608000,1,0,179376849,1360,0,1360,-49,0,6,28
15,720,21.600000,22.608000,1,0,179376862,1359,0,1359,-49,0,6,28
15,720,21.600000,22.608000,1,0,179376875,1356,0,1356,-49,0,6,28
15,720,21.600000,22.608000,1,0,179376888,1353,0,1353,-49,0,6,28
15,720,21.600000,22.608000,1,0,179376900,1350,0,1350,-49,0,6,28
15,720,21.600000,22.608000,1,0,179376914,1348,0,1348,-49,0,6,28
15,720,21.600000,22.608000,1,0,179376928,1348,0,1348,-49,0,6,28
15,720,21.600000,22.608000,1,0,179376941,1348,0,1348,-49,0,6,28
15,720,21.600000,22.608000,1,0,179376953,1348,0,1348,-49,0,6,28
15,720,21.600000,22.608000,1,0,179376967,1348,0,1348,-49,0,6,28
15,720,21.600000,22.608000,1,0,179376980,1346,0,1346,-49,0,6,28
15,720,21.600000,22.608000,1,0,179376993,1343,0,1343,-49,0,6,28
15,720,21.600000,22.608000,1,0,179377006,1340,0,1340,-49,0,6,28
15,720,21.600000,22.608000,1,0,179377019,1337,0,1337,-49,0,6,28
15,720,21.600000,22.608000,1,0,179377032,1335,0,1335,-49,0,6,28
15,720,21.600000,22.608000,1,0,179377045,1333,0,1333,-49,0,6,28
15,720,21.600000,22.608000,1,0,179377059,1331,0,1331,-49,0,6,28
15,720,21.600000,22.608000,1,0,179377073,1325,2,1325,-47,0,6,28
15,720,21.600000,22.608000,1,0,179377086,1320,4,1320,-45,0,6,28
15,720,21.600000,22.608000,1,0,179377100,1317,5,1317,-44,0,6,28
15,720,21.600000,22.608000,1,0,179377113,1317,5,1317,-44,0,6,28
15,720,21.600000,22.608000,1,0,179377127,1317,5,1317,-44,0,6,28
15,720,21.600000,22.608000,1,0,179377140,1317,5,1317,-44,0,6,28
15,720,21.600000,22.608000,1,0,179377152,1317,5,1317,-44,0,6,28
15,720,21.600000,22.608000,1,0,179377166,1317,5,1317,-44,0,6,28
15,720,21.600000,22.608000,1,0,179377181,1317,5,1317,-44,0,6,28
15,720,21.600000,22.608000,1,0,179377194,1317,5,1317,-44,0,6,28
15,720,21.600000,22.608000,1,0,179377207,1317,5,1317,-44,0,6,28
15,720,21.600000,22.608000,1,0,179377220,1317,5,1317,-44,0,6,28
15,720,21.600000,22.608000,1,0,179377233,1317,5,1317,-44,0,6,28
15,720,21.600000,22.608000,1,0,179377247,1317,5,1317,-44,0,6,28
15,720,21.600000,22.608000,1,0,179377260,1317,5,1317,-44,0,6,28
15,720,21.600000,22.608000,1,0,179377273,1317,5,1317,-44,0,6,28
15,720,21.600000,22.608000,1,0,179377296,1317,5,1317,-44,0,6,28
15,720,21.600000,22.608000,1,0,179377311,1317,5,1317,-44,0,6,28
15,720,21.600000,22.608000,1,0,179377324,1317,5,1317,-44,0,6,28
15,720,21.600000,22.608000,1,0,179377338,1317,5,1317,-44,0,6,28
15,720,21.600000,22.608000,1,0,179377350,1317,5,1317,-44,0,6,28
