15,360,50.400000,12.276000,1,0,179444544,780,0,780,0,0,6,82
15,360,50.400000,12.276000,1,0,179444545,780,0,780,0,0,6,82
15,360,50.400000,12.276000,1,0,179444558,780,0,780,0,0,6,82
15,360,50.400000,12.276000,1,0,179444572,780,0,780,0,0,6,82
15,360,50.400000,12.276000,1,0,179444586,780,0,780,0,0,6,82
15,360,50.400000,12.276000,1,0,179444600,780,0,780,0,0,6,82
15,360,50.400000,12.276000,1,0,179444614,780,0,780,0,0,6,82
15,360,50.400000,12.276000,1,0,179444628,782,0,782,0,0,6,82
15,360,50.400000,12.276000,1,0,179444642,791,0,791,-1,0,6,82
15,360,50.400000,12.276000,1,0,179444655,817,0,817,-3,0,6,82
15,360,50.400000,12.276000,1,0,179444670,864,0,864,-5,0,6,82
15,360,50.400000,12.276000,1,0,179444683,935,0,935,-9,0,6,82
15,360,50.400000,12.276000,1,0,179444698,1001,0,1001,-11,0,6,82
15,360,50.400000,12.276000,1,0,179444711,1057,0,1057,-14,0,6,82
15,360,50.400000,12.276000,1,0,179444725,1086,0,1086,-16,0,6,82
15,360,50.400000,12.276000,1,0,179444739,1103,0,1103,-17,0,6,82
15,360,50.400000,12.276000,1,0,179444753,1108,0,1108,-18,0,6,82
15,360,50.400000,12.276000,1,0,179444767,1108,0,1108,-18,0,6,82
15,360,50.400000,12.276000,1,0,179444780,1108,0,1108,-18,0,6,82
15,360,50.400000,12.276000,1,0,179444794,1108,0,1108,-18,0,6,82
15,360,50.400000,12.276000,1,0,179444807,1109,0,1109,-18,0,6,82
15,360,50.400000,12.276000,1,0,179444820,1110,0,1110,-18,0,6,82
15,360,50.400000,12.276000,1,0,179444835,1110,0,1110,-18,0,6,82
15,360,50.400000,12.276000,1,0,179444848,1110,0,1110,-18,0,6,82
15,360,50.400000,12.276000,1,0,179444863,1110,0,1110,-18,0,6,82
15,360,50.400000,12.276000,1,0,179444876,1110,0,1110,-18,0,6,82
15,360,50.400000,12.276000,1,0,179444890,1112,0,1112,-18,0,6,82
15,360,50.400000,12.276000,1,0,179444903,1116,0,1116,-20,0,6,82
15,360,50.400000,12.276000,1,0,179444916,1119,0,1119,-22,0,6,82
15,360,50.400000,12.276000,1,0,179444930,1121,0,1121,-25,0,6,82
15,360,50.400000,12.276000,1,0,179444944,1122,0,1122,-26,0,6,82
15,360,50.400000,12.276000,1,0,179444958,1123,0,1123,-27,0,6,82
15,360,50.400000,12.276000,1,0,179444971,1123,0,1123,-27,0,6,82
15,360,50.400000,12.276000,1,0,179444984,1123,0,1123,-27,0,6,82
15,360,50.400000,12.276000,1,0,179444998,1123,0,1123,-27,0,6,82
