15,720,82.800000,42.984000,1,0,179504401,600,0,600,0,0,7,9
15,720,82.800000,42.984000,1,0,179504402,600,0,600,0,0,7,9
15,720,82.800000,42.984000,1,0,179504415,600,0,600,0,0,7,9
15,720,82.800000,42.984000,1,0,179504430,600,0,600,0,0,7,9
15,720,82.800000,42.984000,1,0,179504443,600,0,600,0,0,7,9
15,720,82.800000,42.984000,1,0,179504456,600,0,600,0,0,7,9
15,720,82.800000,42.984000,1,0,179504482,606,0,606,-3,0,7,9
15,720,82.800000,42.984000,1,0,179504495,670,0,670,-13,0,7,9
15,720,82.800000,42.984000,1,0,179504510,747,0,747,-20,0,7,9
15,720,82.800000,42.984000,1,0,179504524,876,0,876,-28,0,7,9
15,720,82.800000,42.984000,1,0,179504537,1001,0,1001,-33,0,7,9
15,720,82.800000,42.984000,1,0,179504552,1112,0,1112,-39,0,7,9
15,720,82.800000,42.984000,1,0,179504566,1194,0,1194,-44,0,7,9
15,720,82.800000,42.984000,1,0,179504580,1236,0,1236,-48,0,7,9
15,720,82.800000,42.984000,1,0,179504595,1253,0,1253,-50,0,7,9
15,720,82.800000,42.984000,1,0,179504609,1261,0,1261,-50,0,7,9
15,720,82.800000,42.984000,1,0,179504623,1266,0,1266,-51,0,7,9
15,720,82.800000,42.984000,1,0,179504637,1270,0,1270,-51,0,7,9
15,720,82.800000,42.984000,1,0,179504654,1276,0,1276,-52,0,7,9
15,720,82.800000,42.984000,1,0,179504670,1283,0,1283,-53,0,7,9
15,720,82.800000,42.984000,1,0,179504684,1296,0,1296,-55,0,7,9
15,720,82.800000,42.984000,1,0,179504700,1300,0,1300,-56,0,7,9
15,720,82.800000,42.984000,1,0,179504714,1302,0,1302,-56,0,7,9
15,720,82.800000,42.984000,1,0,179504728,1304,0,1304,-56,0,7,9
15,720,82.800000,42.984000,1,0,179504742,1304,0,1304,-56,0,7,9
15,720,82.800000,42.984000,1,0,179504755,1304,0,1304,-56,0,7,9
15,720,82.800000,42.984000,1,0,179504767,1304,0,1304,-56,0,7,9
15,720,82.800000,42.984000,1,0,179504781,1304,0,1304,-56,0,7,9
15,720,82.800000,42.984000,1,0,179504794,1304,0,1304,-56,0,7,9
15,720,82.800000,42.984000,1,0,179504807,1304,0,1304,-56,0,7,9
15,720,82.800000,42.984000,1,0,179504820,1304,0,1304,-56,0,7,9
15,720,82.800000,42.984000,1,0,179504834,1304,0,1304,-56,0,7,9
15,720,82.800000,42.984000,1,0,179504847,1304,0,1304,-56,0,7,9
