15,720,50.400000,10000.000000,0,1,179614600,600,22,600,22,0,7,89
15,720,50.400000,10000.000000,0,1,179614601,600,22,600,22,0,7,89
15,720,50.400000,10000.000000,0,1,179614615,600,22,600,22,0,7,89
15,720,50.400000,10000.000000,0,1,179614630,600,22,600,22,0,7,89
15,720,50.400000,10000.000000,0,1,179614644,600,22,600,22,0,7,89
15,720,50.400000,10000.000000,0,1,179614658,600,21,600,21,0,7,89
15,720,50.400000,10000.000000,0,1,179614673,609,19,609,19,0,7,89
15,720,50.400000,10000.000000,0,1,179614687,645,15,645,15,0,7,89
15,720,50.400000,10000.000000,0,1,179614701,714,10,714,10,0,7,89
15,720,50.400000,10000.000000,0,1,179614716,816,6,816,6,0,7,89
15,720,50.400000,10000.000000,0,1,179614730,941,1,941,1,0,7,89
15,720,50.400000,10000.000000,0,1,179614744,1054,0,1054,0,0,7,89
15,720,50.400000,10000.000000,0,1,179614757,1147,0,1147,-1,0,7,89
15,720,50.400000,10000.000000,0,1,179614778,1216,0,1216,-1,0,7,89
15,720,50.400000,10000.000000,0,1,179614792,1277,0,1277,-2,0,7,89
15,720,50.400000,10000.000000,0,1,179614806,1285,0,1285,-2,0,7,89
15,720,50.400000,10000.000000,0,1,179614819,1285,0,1285,-2,0,7,89
15,720,50.400000,10000.000000,0,1,179614833,1285,0,1285,-2,0,7,89
15,720,50.400000,10000.000000,0,1,179614847,1285,0,1285,-2,0,7,89
15,720,50.400000,10000.000000,0,1,179614860,1285,0,1285,-2,0,7,89
15,720,50.400000,10000.000000,0,1,179614873,1285,0,1285,-2,0,7,89
15,720,50.400000,10000.000000,0,1,179614887,1285,0,1285,-2,0,7,89
15,720,50.400000,10000.000000,0,1,179614901,1284,0,1284,-2,0,7,89
15,720,50.400000,10000.000000,0,1,179614915,1284,0,1284,-2,0,7,89
15,720,50.400000,10000.000000,0,1,179614929,1284,0,1284,-2,0,7,89
15,720,50.400000,10000.000000,0,1,179614943,1284,0,1284,-2,0,7,89
15,720,50.400000,10000.000000,0,1,179614956,1283,0,1283,-2,0,7,89
15,720,50.400000,10000.000000,0,1,179614970,1282,0,1282,-2,0,7,89
15,720,50.400000,10000.000000,0,1,179614983,1281,0,1281,-2,0,7,89
15,720,50.400000,10000.000000,0,1,179614997,1280,0,1280,-2,0,7,89
15,720,50.400000,10000.000000,0,1,179615010,1279,0,1279,-2,0,7,89
15,720,50.400000,10000.000000,0,1,179615023,1279,0,1279,-2,0,7,89
15,720,50.400000,10000.000000,0,1,179615045,1279,0,1279,-2,0,7,89
15,720,50.400000,10000.000000,0,1,179615058,1279,0,1279,-2,0,7,89
15,720,50.400000,10000.000000,0,1,179615071,1279,0,1279,-2,0,7,89
15,720,50.400000,10000.000000,0,1,179615092,1279,0,1279,-2,0,7,89
15,720,50.400000,10000.000000,0,1,179615106,1290,1,1290,-1,0,7,89
15,720,50.400000,10000.000000,0,1,179615120,1305,3,1305,1,0,7,89
15,720,50.400000,10000.000000,0,1,179615133,1320,4,1320,2,0,7,89
15,720,50.400000,10000.000000,0,1,179615146,1328,5,1328,3,0,7,89
15,720,50.400000,10000.000000,0,1,179615160,1329,6,1329,4,0,7,89
15,720,50.400000,10000.000000,0,1,179615172,1329,6,1329,4,0,7,89
15,720,50.400000,10000.000000,0,1,179615186,1329,6,1329,4,0,7,89
15,720,50.400000,10000.000000,0,1,179615198,1329,6,1329,4,0,7,89
15,720,50.400000,10000.000000,0,1,179615213,1329,6,1329,4,0,7,89
15,720,50.400000,10000.000000,0,1,179615226,1329,6,1329,4,0,7,89
15,720,50.400000,10000.000000,0,1,179615238,1329,6,1329,4,0,7,89
15,720,50.400000,10000.000000,0,1,179615251,1329,6,1329,4,0,7,89
15,720,50.400000,10000.000000,0,1,179615264,1329,6,1329,4,0,7,89
15,720,50.400000,10000.000000,0,1,179615277,1329,6,1329,4,0,7,89
15,720,50.400000,10000.000000,0,1,179615292,1329,6,1329,4,0,7,89
15,720,50.400000,10000.000000,0,1,179615305,1329,6,1329,4,0,7,89
15,720,50.400000,10000.000000,0,1,179615328,1329,6,1329,4,0,7,89
15,720,50.400000,10000.000000,0,1,179615342,1329,6,1329,4,0,7,89
15,720,50.400000,10000.000000,0,1,179615356,1329,6,1329,4,0,7,89
15,720,50.400000,10000.000000,0,1,179615369,1329,6,1329,4,0,7,89
15,720,50.400000,10000.000000,0,1,179615392,1329,6,1329,4,0,7,89
15,720,50.400000,10000.000000,0,1,179615405,1329,6,1329,4,0,7,89
