15,720,50.400000,0.000000,1,0,179520630,600,0,600,0,0,7,21
15,720,50.400000,0.000000,1,0,179520631,600,0,600,0,0,7,21
15,720,50.400000,0.000000,1,0,179520644,600,0,600,0,0,7,21
15,720,50.400000,0.000000,1,0,179520657,600,0,600,0,0,7,21
15,720,50.400000,0.000000,1,0,179520678,600,0,600,0,0,7,21
15,720,50.400000,0.000000,1,0,179520692,601,0,601,0,0,7,21
15,720,50.400000,0.000000,1,0,179520708,621,0,621,-2,0,7,21
15,720,50.400000,0.000000,1,0,179520723,688,0,688,-2,0,7,21
15,720,50.400000,0.000000,1,0,179520736,794,0,794,-4,0,7,21
15,720,50.400000,0.000000,1,0,179520750,913,0,913,-6,0,7,21
15,720,50.400000,0.000000,1,0,179520764,1042,0,1042,-9,0,7,21
15,720,50.400000,0.000000,1,0,179520778,1155,0,1155,-12,0,7,21
15,720,50.400000,0.000000,1,0,179520791,1228,0,1228,-14,0,7,21
15,720,50.400000,0.000000,1,0,179520805,1259,0,1259,-15,0,7,21
15,720,50.400000,0.000000,1,0,179520818,1268,0,1268,-17,0,7,21
15,720,50.400000,0.000000,1,0,179520832,1269,0,1269,-17,0,7,21
15,720,50.400000,0.000000,1,0,179520845,1269,0,1269,-17,0,7,21
15,720,50.400000,0.000000,1,0,179520858,1269,0,1269,-17,0,7,21
15,720,50.400000,0.000000,1,0,179520882,1269,0,1269,-17,0,7,21
15,720,50.400000,0.000000,1,0,179520896,1272,0,1272,-17,0,7,21
15,720,50.400000,0.000000,1,0,179520910,1275,0,1275,-17,0,7,21
15,720,50.400000,0.000000,1,0,179520923,1275,0,1275,-17,0,7,21
15,720,50.400000,0.000000,1,0,179520944,1275,0,1275,-17,0,7,21
15,720,50.400000,0.000000,1,0,179520958,1276,0,1276,-17,0,7,21
15,720,50.400000,0.000000,1,0,179520972,1279,0,1279,-17,0,7,21
15,720,50.400000,0.000000,1,0,179520986,1281,0,1281,-17,0,7,21
15,720,50.400000,0.000000,1,0,179521008,1281,0,1281,-17,0,7,21
15,720,50.400000,0.000000,1,0,179521021,1281,0,1281,-17,0,7,21
15,720,50.400000,0.000000,1,0,179521034,1281,0,1281,-17,0,7,21
15,720,50.400000,0.000000,1,0,179521049,1281,0,1281,-17,0,7,21
15,720,50.400000,0.000000,1,0,179521063,1281,0,1281,-17,0,7,21
15,720,50.400000,0.000000,1,0,179521078,1283,0,1283,-17,0,7,21
15,720,50.400000,0.000000,1,0,179521091,1289,0,1289,-17,0,7,21
15,720,50.400000,0.000000,1,0,179521105,1295,0,1295,-17,0,7,21
15,720,50.400000,0.000000,1,0,179521118,1301,0,1301,-18,0,7,21
15,720,50.400000,0.000000,1,0,179521132,1303,0,1303,-18,0,7,21
15,720,50.400000,0.000000,1,0,179521145,1304,0,1304,-18,0,7,21
15,720,50.400000,0.000000,1,0,179521158,1305,0,1305,-18,0,7,21
15,720,50.400000,0.000000,1,0,179521171,1305,0,1305,-18,0,7,21
15,720,50.400000,0.000000,1,0,179521183,1305,0,1305,-18,0,7,21
15,720,50.400000,0.000000,1,0,179521196,1305,0,1305,-18,0,7,21
15,720,50.400000,0.000000,1,0,179521209,1305,0,1305,-18,0,7,21
15,720,50.400000,0.000000,1,0,179521221,1305,0,1305,-18,0,7,21
