15,720,21.600000,42.984000,0,0,179527935,600,0,600,0,0,7,27
15,720,21.600000,42.984000,0,0,179527936,600,0,600,0,0,7,27
15,720,21.600000,42.984000,0,0,179527950,600,0,600,0,0,7,27
15,720,21.600000,42.984000,0,0,179527964,600,0,600,0,0,7,27
15,720,21.600000,42.984000,0,0,179527978,600,0,600,0,0,7,27
15,720,21.600000,42.984000,0,0,179527992,600,0,600,0,0,7,27
15,720,21.600000,42.984000,0,0,179528005,600,0,600,0,0,7,27
15,720,21.600000,42.984000,0,0,179528020,600,0,600,0,0,7,27
15,720,21.600000,42.984000,0,0,179528034,607,0,607,-1,0,7,27
15,720,21.600000,42.984000,0,0,179528047,630,0,630,-3,0,7,27
15,720,21.600000,42.984000,0,0,179528061,682,0,682,-5,0,7,27
15,720,21.600000,42.984000,0,0,179528075,776,0,776,-7,0,7,27
15,720,21.600000,42.984000,0,0,179528099,906,0,906,-9,0,7,27
15,720,21.600000,42.984000,0,0,179528113,1300,0,1300,-12,0,7,27
15,720,21.600000,42.984000,0,0,179528127,1422,0,1422,-14,0,7,27
15,720,21.600000,42.984000,0,0,179528141,1500,0,1500,-16,0,7,27
15,720,21.600000,42.984000,0,0,179528155,1543,0,1543,-16,0,7,27
15,720,21.600000,42.984000,0,0,179528177,1562,0,1562,-16,0,7,27
15,720,21.600000,42.984000,0,0,179528190,1566,0,1566,-16,0,7,27
15,720,21.600000,42.984000,0,0,179528203,1566,0,1566,-16,0,7,27
15,720,21.600000,42.984000,0,0,179528225,1566,0,1566,-16,0,7,27
15,720,21.600000,42.984000,0,0,179528239,1566,0,1566,-16,0,7,27
15,720,21.600000,42.984000,0,0,179528253,1566,0,1566,-16,0,7,27
15,720,21.600000,42.984000,0,0,179528267,1566,0,1566,-16,0,7,27
15,720,21.600000,42.984000,0,0,179528281,1566,0,1566,-16,0,7,27
15,720,21.600000,42.984000,0,0,179528294,1566,0,1566,-16,0,7,27
15,720,21.600000,42.984000,0,0,179528308,1565,0,1565,-16,0,7,27
15,720,21.600000,42.984000,0,0,179528323,1561,0,1561,-16,0,7,27
15,720,21.600000,42.984000,0,0,179528337,1549,0,1549,-16,0,7,27
15,720,21.600000,42.984000,0,0,179528352,1529,0,1529,-16,0,7,27
15,720,21.600000,42.984000,0,0,179528366,1499,0,1499,-16,0,7,27
15,720,21.600000,42.984000,0,0,179528380,1471,0,1471,-16,0,7,27
15,720,21.600000,42.984000,0,0,179528395,1450,0,1450,-16,0,7,27
15,720,21.600000,42.984000,0,0,179528409,1430,0,1430,-16,0,7,27
15,720,21.600000,42.984000,0,0,179528423,1416,0,1416,-16,0,7,27
15,720,21.600000,42.984000,0,0,179528444,1404,0,1404,-16,0,7,27
15,720,21.600000,42.984000,0,0,179528459,1386,0,1386,-17,0,7,27
15,720,21.600000,42.984000,0,0,179528474,1375,0,1375,-17,0,7,27
15,720,21.600000,42.984000,0,0,179528487,1370,0,1370,-17,0,7,27
15,720,21.600000,42.984000,0,0,179528500,1369,0,1369,-17,0,7,27
15,720,21.600000,42.984000,0,0,179528515,1369,0,1369,-17,0,7,27
15,720,21.600000,42.984000,0,0,179528529,1369,0,1369,-17,0,7,27
15,720,21.600000,42.984000,0,0,179528545,1367,0,1367,-17,0,7,27
15,720,21.600000,42.984000,0,0,179528559,1360,0,1360,-18,0,7,27
15,720,21.600000,42.984000,0,0,179528574,1353,0,1353,-18,0,7,27
15,720,21.600000,42.984000,0,0,179528587,1349,0,1349,-18,0,7,27
15,720,21.600000,42.984000,0,0,179528601,1349,0,1349,-18,0,7,27
15,720,21.600000,42.984000,0,0,179528614,1349,0,1349,-18,0,7,27
15,720,21.600000,42.984000,0,0,179528629,1349,0,1349,-18,0,7,27
15,720,21.600000,42.984000,0,0,179528642,1349,0,1349,-18,0,7,27
15,720,21.600000,42.984000,0,0,179528665,1348,0,1348,-18,0,7,27
15,720,21.600000,42.984000,0,0,179528678,1344,0,1344,-18,0,7,27
15,720,21.600000,42.984000,0,0,179528693,1341,0,1341,-18,0,7,27
15,720,21.600000,42.984000,0,0,179528707,1337,0,1337,-18,0,7,27
15,720,21.600000,42.984000,0,0,179528728,1333,0,1333,-18,0,7,27
15,720,21.600000,42.984000,0,0,179528742,1328,0,1328,-18,0,7,27
15,720,21.600000,42.984000,0,0,179528755,1328,0,1328,-18,0,7,27
15,720,21.600000,42.984000,0,0,179528769,1328,0,1328,-18,0,7,27
15,720,21.600000,42.984000,0,0,179528791,1328,0,1328,-18,0,7,27
15,720,21.600000,42.984000,0,0,179528805,1328,0,1328,-18,0,7,27
15,720,21.600000,42.984000,0,0,179528819,1328,0,1328,-18,0,7,27
15,720,21.600000,42.984000,0,0,179528832,1328,0,1328,-18,0,7,27
15,720,21.600000,42.984000,0,0,179528846,1328,0,1328,-18,0,7,27
15,720,21.600000,42.984000,0,0,179528860,1327,0,1327,-18,0,7,27
15,720,21.600000,42.984000,0,0,179528873,1327,0,1327,-18,0,7,27
15,720,21.600000,42.984000,0,0,179528886,1327,0,1327,-18,0,7,27
15,720,21.600000,42.984000,0,0,179528900,1327,0,1327,-18,0,7,27
15,720,21.600000,42.984000,0,0,179528914,1327,0,1327,-18,0,7,27
15,720,21.600000,42.984000,0,0,179528929,1327,0,1327,-18,0,7,27
15,720,21.600000,42.984000,0,0,179528942,1327,0,1327,-18,0,7,27
15,720,21.600000,42.984000,0,0,179528955,1327,0,1327,-18,0,7,27
15,720,21.600000,42.984000,0,0,179528969,1327,0,1327,-18,0,7,27
