15,720,82.800000,12.276000,1,1,179582504,600,22,600,22,0,7,64
15,720,82.800000,12.276000,1,1,179582505,600,22,600,22,0,7,64
15,720,82.800000,12.276000,1,1,179582526,600,22,600,22,0,7,64
15,720,82.800000,12.276000,1,1,179582540,600,22,600,22,0,7,64
15,720,82.800000,12.276000,1,1,179582554,600,22,600,22,0,7,64
15,720,82.800000,12.276000,1,1,179582568,600,22,600,22,0,7,64
15,720,82.800000,12.276000,1,1,179582582,600,22,600,22,0,7,64
15,720,82.800000,12.276000,1,1,179582595,602,21,602,21,0,7,64
15,720,82.800000,12.276000,1,1,179582610,618,20,618,20,0,7,64
15,720,82.800000,12.276000,1,1,179582623,662,19,662,19,0,7,64
15,720,82.800000,12.276000,1,1,179582637,748,17,748,17,0,7,64
15,720,82.800000,12.276000,1,1,179582653,887,14,887,14,0,7,64
15,720,82.800000,12.276000,1,1,179582668,1055,11,1055,11,0,7,64
15,720,82.800000,12.276000,1,1,179582682,1183,5,1183,5,0,7,64
15,720,82.800000,12.276000,1,1,179582696,1279,0,1279,-1,0,7,64
15,720,82.800000,12.276000,1,1,179582711,1322,0,1322,-5,0,7,64
15,720,82.800000,12.276000,1,1,179582724,1339,0,1339,-7,0,7,64
15,720,82.800000,12.276000,1,1,179582738,1340,0,1340,-7,0,7,64
15,720,82.800000,12.276000,1,1,179582759,1340,0,1340,-7,0,7,64
15,720,82.800000,12.276000,1,1,179582772,1340,0,1340,-7,0,7,64
15,720,82.800000,12.276000,1,1,179582786,1340,0,1340,-7,0,7,64
15,720,82.800000,12.276000,1,1,179582800,1340,0,1340,-7,0,7,64
15,720,82.800000,12.276000,1,1,179582815,1340,0,1340,-7,0,7,64
15,720,82.800000,12.276000,1,1,179582829,1340,0,1340,-7,0,7,64
15,720,82.800000,12.276000,1,1,179582843,1340,0,1340,-7,0,7,64
15,720,82.800000,12.276000,1,1,179582857,1340,0,1340,-7,0,7,64
15,720,82.800000,12.276000,1,1,179582870,1340,0,1340,-7,0,7,64
15,720,82.800000,12.276000,1,1,179582884,1340,0,1340,-7,0,7,64
15,720,82.800000,12.276000,1,1,179582898,1340,0,1340,-7,0,7,64
15,720,82.800000,12.276000,1,1,179582912,1340,0,1340,-7,0,7,64
15,720,82.800000,12.276000,1,1,179582925,1340,0,1340,-7,0,7,64
15,720,82.800000,12.276000,1,1,179582949,1340,0,1340,-7,0,7,64
15,720,82.800000,12.276000,1,1,179582962,1332,0,1332,-9,0,7,64
15,720,82.800000,12.276000,1,1,179582976,1327,0,1327,-10,0,7,64
15,720,82.800000,12.276000,1,1,179582989,1325,0,1325,-10,0,7,64
15,720,82.800000,12.276000,1,1,179583003,1325,0,1325,-10,0,7,64
15,720,82.800000,12.276000,1,1,179583024,1325,0,1325,-10,0,7,64
15,720,82.800000,12.276000,1,1,179583038,1325,0,1325,-10,0,7,64
