15,360,82.800000,10000.000000,0,1,179581545,780,22,780,22,0,7,63
15,360,82.800000,10000.000000,0,1,179581546,780,22,780,22,0,7,63
15,360,82.800000,10000.000000,0,1,179581559,780,22,780,22,0,7,63
15,360,82.800000,10000.000000,0,1,179581573,780,22,780,22,0,7,63
15,360,82.800000,10000.000000,0,1,179581587,780,22,780,22,0,7,63
15,360,82.800000,10000.000000,0,1,179581601,780,22,780,22,0,7,63
15,360,82.800000,10000.000000,0,1,179581615,780,22,780,22,0,7,63
15,360,82.800000,10000.000000,0,1,179581633,787,20,787,20,0,7,63
15,360,82.800000,10000.000000,0,1,179581647,823,17,823,17,0,7,63
15,360,82.800000,10000.000000,0,1,179581662,891,11,891,11,0,7,63
15,360,82.800000,10000.000000,0,1,179581675,962,6,962,6,0,7,63
15,360,82.800000,10000.000000,0,1,179581690,1036,0,1036,0,0,7,63
15,360,82.800000,10000.000000,0,1,179581714,1089,0,1089,-5,0,7,63
15,360,82.800000,10000.000000,0,1,179581728,1129,0,1129,-9,0,7,63
15,360,82.800000,10000.000000,0,1,179581742,1133,0,1133,-10,0,7,63
15,360,82.800000,10000.000000,0,1,179581756,1133,0,1133,-10,0,7,63
15,360,82.800000,10000.000000,0,1,179581770,1133,0,1133,-10,0,7,63
15,360,82.800000,10000.000000,0,1,179581783,1134,0,1134,-10,0,7,63
15,360,82.800000,10000.000000,0,1,179581797,1136,0,1136,-10,0,7,63
15,360,82.800000,10000.000000,0,1,179581811,1138,0,1138,-11,0,7,63
15,360,82.800000,10000.000000,0,1,179581827,1139,0,1139,-11,0,7,63
15,360,82.800000,10000.000000,0,1,179581840,1139,0,1139,-11,0,7,63
15,360,82.800000,10000.000000,0,1,179581853,1139,0,1139,-11,0,7,63
15,360,82.800000,10000.000000,0,1,179581866,1139,0,1139,-11,0,7,63
15,360,82.800000,10000.000000,0,1,179581880,1142,0,1142,-11,0,7,63
15,360,82.800000,10000.000000,0,1,179581894,1146,0,1146,-11,0,7,63
15,360,82.800000,10000.000000,0,1,179581907,1148,0,1148,-11,0,7,63
15,360,82.800000,10000.000000,0,1,179581920,1148,0,1148,-11,0,7,63
15,360,82.800000,10000.000000,0,1,179581933,1148,0,1148,-11,0,7,63
15,360,82.800000,10000.000000,0,1,179581945,1148,0,1148,-11,0,7,63
