15,720,50.400000,10000.000000,0,1,179712618,600,22,600,22,0,8,42
15,720,50.400000,10000.000000,0,1,179712618,600,22,600,22,0,8,42
15,720,50.400000,10000.000000,0,1,179712633,600,22,600,22,0,8,42
15,720,50.400000,10000.000000,0,1,179712649,600,22,600,22,0,8,42
15,720,50.400000,10000.000000,0,1,179712665,600,22,600,22,0,8,42
15,720,50.400000,10000.000000,0,1,179712680,600,22,600,22,0,8,42
15,720,50.400000,10000.000000,0,1,179712696,609,20,609,20,0,8,42
15,720,50.400000,10000.000000,0,1,179712712,638,16,638,16,0,8,42
15,720,50.400000,10000.000000,0,1,179712727,706,8,706,8,0,8,42
15,720,50.400000,10000.000000,0,1,179712743,809,0,809,-1,0,8,42
15,720,50.400000,10000.000000,0,1,179712758,962,0,962,-10,0,8,42
15,720,50.400000,10000.000000,0,1,179712774,1113,0,1113,-17,0,8,42
15,720,50.400000,10000.000000,0,1,179712793,1252,0,1252,-25,0,8,42
15,720,50.400000,10000.000000,0,1,179712811,1352,0,1352,-31,0,8,42
15,720,50.400000,10000.000000,0,1,179712826,1390,0,1390,-32,0,8,42
15,720,50.400000,10000.000000,0,1,179712841,1394,0,1394,-33,0,8,42
15,720,50.400000,10000.000000,0,1,179712856,1394,0,1394,-33,0,8,42
15,720,50.400000,10000.000000,0,1,179712871,1394,0,1394,-33,0,8,42
15,720,50.400000,10000.000000,0,1,179712886,1394,0,1394,-33,0,8,42
15,720,50.400000,10000.000000,0,1,179712902,1394,0,1394,-33,0,8,42
15,720,50.400000,10000.000000,0,1,179712917,1394,0,1394,-33,0,8,42
15,720,50.400000,10000.000000,0,1,179712932,1394,0,1394,-33,0,8,42
15,720,50.400000,10000.000000,0,1,179712947,1394,0,1394,-33,0,8,42
15,720,50.400000,10000.000000,0,1,179712963,1393,0,1393,-33,0,8,42
15,720,50.400000,10000.000000,0,1,179712977,1390,0,1390,-33,0,8,42
15,720,50.400000,10000.000000,0,1,179713000,1387,0,1387,-33,0,8,42
15,720,50.400000,10000.000000,0,1,179713016,1381,0,1381,-33,0,8,42
15,720,50.400000,10000.000000,0,1,179713030,1373,0,1373,-33,0,8,42
15,720,50.400000,10000.000000,0,1,179713056,1364,0,1364,-33,0,8,42
15,720,50.400000,10000.000000,0,1,179713080,1337,0,1337,-35,0,8,42
15,720,50.400000,10000.000000,0,1,179713095,1323,0,1323,-36,0,8,42
15,720,50.400000,10000.000000,0,1,179713109,1321,0,1321,-36,0,8,42
15,720,50.400000,10000.000000,0,1,179713124,1319,0,1319,-36,0,8,42
15,720,50.400000,10000.000000,0,1,179713141,1318,0,1318,-37,0,8,42
15,720,50.400000,10000.000000,0,1,179713157,1317,0,1317,-37,0,8,42
15,720,50.400000,10000.000000,0,1,179713171,1317,0,1317,-37,0,8,42
15,720,50.400000,10000.000000,0,1,179713186,1317,0,1317,-37,0,8,42
15,720,50.400000,10000.000000,0,1,179713202,1317,0,1317,-37,0,8,42
15,720,50.400000,10000.000000,0,1,179713217,1317,0,1317,-37,0,8,42
15,720,50.400000,10000.000000,0,1,179713232,1317,0,1317,-37,0,8,42
15,720,50.400000,10000.000000,0,1,179713247,1317,0,1317,-37,0,8,42
15,720,50.400000,10000.000000,0,1,179713262,1317,0,1317,-37,0,8,42
15,720,50.400000,10000.000000,0,1,179713277,1317,0,1317,-37,0,8,42
15,720,50.400000,10000.000000,0,1,179713291,1317,0,1317,-37,0,8,42
15,720,50.400000,10000.000000,0,1,179713305,1317,0,1317,-37,0,8,42
15,720,50.400000,10000.000000,0,1,179713327,1317,0,1317,-37,0,8,42
