15,720,82.800000,0.000000,0,0,179758191,600,0,600,0,0,8,76
15,720,82.800000,0.000000,0,0,179758192,600,0,600,0,0,8,76
15,720,82.800000,0.000000,0,0,179758208,600,0,600,0,0,8,76
15,720,82.800000,0.000000,0,0,179758223,600,0,600,0,0,8,76
15,720,82.800000,0.000000,0,0,179758239,600,0,600,0,0,8,76
15,720,82.800000,0.000000,0,0,179758254,600,0,600,0,0,8,76
15,720,82.800000,0.000000,0,0,179758272,603,0,603,-1,0,8,76
15,720,82.800000,0.000000,0,0,179758287,615,0,615,-3,0,8,76
15,720,82.800000,0.000000,0,0,179758302,647,0,647,-7,0,8,76
15,720,82.800000,0.000000,0,0,179758322,709,0,709,-10,0,8,76
15,720,82.800000,0.000000,0,0,179758341,854,0,854,-10,0,8,76
15,720,82.800000,0.000000,0,0,179758363,1038,0,1038,-10,0,8,76
15,720,82.800000,0.000000,0,0,179758379,1218,3,1218,-7,0,8,76
15,720,82.800000,0.000000,0,0,179758395,1333,4,1333,-6,0,8,76
15,720,82.800000,0.000000,0,0,179758410,1402,5,1402,-5,0,8,76
15,720,82.800000,0.000000,0,0,179758426,1437,6,1437,-4,0,8,76
15,720,82.800000,0.000000,0,0,179758442,1447,6,1447,-4,0,8,76
15,720,82.800000,0.000000,0,0,179758457,1447,6,1447,-4,0,8,76
15,720,82.800000,0.000000,0,0,179758473,1447,6,1447,-4,0,8,76
15,720,82.800000,0.000000,0,0,179758488,1447,6,1447,-4,0,8,76
15,720,82.800000,0.000000,0,0,179758503,1447,6,1447,-4,0,8,76
15,720,82.800000,0.000000,0,0,179758520,1447,6,1447,-4,0,8,76
15,720,82.800000,0.000000,0,0,179758536,1447,6,1447,-4,0,8,76
15,720,82.800000,0.000000,0,0,179758552,1447,6,1447,-4,0,8,76
15,720,82.800000,0.000000,0,0,179758567,1446,6,1446,-4,0,8,76
15,720,82.800000,0.000000,0,0,179758583,1443,6,1443,-4,0,8,76
15,720,82.800000,0.000000,0,0,179758598,1439,6,1439,-4,0,8,76
15,720,82.800000,0.000000,0,0,179758613,1432,7,1432,-3,0,8,76
15,720,82.800000,0.000000,0,0,179758629,1419,7,1419,-3,0,8,76
15,720,82.800000,0.000000,0,0,179758645,1396,7,1396,-3,0,8,76
15,720,82.800000,0.000000,0,0,179758661,1370,7,1370,-3,0,8,76
15,720,82.800000,0.000000,0,0,179758677,1353,7,1353,-3,0,8,76
15,720,82.800000,0.000000,0,0,179758692,1347,7,1347,-3,0,8,76
15,720,82.800000,0.000000,0,0,179758707,1345,7,1345,-3,0,8,76
15,720,82.800000,0.000000,0,0,179758723,1345,7,1345,-3,0,8,76
15,720,82.800000,0.000000,0,0,179758738,1345,7,1345,-3,0,8,76
15,720,82.800000,0.000000,0,0,179758754,1343,7,1343,-3,0,8,76
15,720,82.800000,0.000000,0,0,179758769,1342,7,1342,-3,0,8,76
15,720,82.800000,0.000000,0,0,179758785,1342,7,1342,-3,0,8,76
15,720,82.800000,0.000000,0,0,179758804,1342,7,1342,-3,0,8,76
15,720,82.800000,0.000000,0,0,179758820,1342,7,1342,-3,0,8,76
15,720,82.800000,0.000000,0,0,179758835,1342,7,1342,-3,0,8,76
15,720,82.800000,0.000000,0,0,179758850,1342,7,1342,-3,0,8,76
15,720,82.800000,0.000000,0,0,179758866,1342,7,1342,-3,0,8,76
15,720,82.800000,0.000000,0,0,179758881,1342,7,1342,-3,0,8,76
15,720,82.800000,0.000000,0,0,179758896,1342,7,1342,-3,0,8,76
15,720,82.800000,0.000000,0,0,179758911,1342,7,1342,-3,0,8,76
15,720,82.800000,0.000000,0,0,179758925,1342,7,1342,-3,0,8,76
15,720,82.800000,0.000000,0,0,179758940,1342,7,1342,-3,0,8,76
