15,720,82.800000,42.984000,0,1,179701868,600,22,600,22,0,8,35
15,720,82.800000,42.984000,0,1,179701869,600,22,600,22,0,8,35
15,720,82.800000,42.984000,0,1,179701893,600,22,600,22,0,8,35
15,720,82.800000,42.984000,0,1,179701910,600,22,600,22,0,8,35
15,720,82.800000,42.984000,0,1,179701928,600,22,600,22,0,8,35
15,720,82.800000,42.984000,0,1,179701944,602,22,602,22,0,8,35
15,720,82.800000,42.984000,0,1,179701970,621,21,621,21,0,8,35
15,720,82.800000,42.984000,0,1,179701988,735,21,735,21,0,8,35
15,720,82.800000,42.984000,0,1,179702005,875,21,875,21,0,8,35
15,720,82.800000,42.984000,0,1,179702021,1031,23,1031,23,0,8,35
15,720,82.800000,42.984000,0,1,179702037,1171,28,1171,28,0,8,35
15,720,82.800000,42.984000,0,1,179702053,1284,35,1284,35,0,8,35
15,720,82.800000,42.984000,0,1,179702069,1367,42,1367,42,0,8,35
15,720,82.800000,42.984000,0,1,179702085,1416,44,1416,44,0,8,35
15,720,82.800000,42.984000,0,1,179702109,1439,44,1439,44,0,8,35
15,720,82.800000,42.984000,0,1,179702126,1445,44,1445,44,0,8,35
15,720,82.800000,42.984000,0,1,179702142,1445,44,1445,44,0,8,35
15,720,82.800000,42.984000,0,1,179702157,1445,44,1445,44,0,8,35
15,720,82.800000,42.984000,0,1,179702172,1445,44,1445,44,0,8,35
15,720,82.800000,42.984000,0,1,179702187,1445,44,1445,44,0,8,35
15,720,82.800000,42.984000,0,1,179702202,1445,44,1445,44,0,8,35
15,720,82.800000,42.984000,0,1,179702217,1445,44,1445,44,0,8,35
15,720,82.800000,42.984000,0,1,179702233,1444,44,1444,44,0,8,35
15,720,82.800000,42.984000,0,1,179702250,1439,44,1439,44,0,8,35
15,720,82.800000,42.984000,0,1,179702265,1430,41,1430,41,0,8,35
15,720,82.800000,42.984000,0,1,179702281,1420,36,1420,36,0,8,35
15,720,82.800000,42.984000,0,1,179702296,1408,29,1408,29,0,8,35
15,720,82.800000,42.984000,0,1,179702313,1397,22,1397,22,0,8,35
15,720,82.800000,42.984000,0,1,179702329,1383,15,1383,15,0,8,35
15,720,82.800000,42.984000,0,1,179702346,1368,8,1368,8,0,8,35
15,720,82.800000,42.984000,0,1,179702361,1353,2,1353,2,0,8,35
15,720,82.800000,42.984000,0,1,179702376,1339,0,1339,-2,0,8,35
15,720,82.800000,42.984000,0,1,179702393,1327,0,1327,-5,0,8,35
15,720,82.800000,42.984000,0,1,179702409,1315,0,1315,-7,0,8,35
15,720,82.800000,42.984000,0,1,179702424,1307,0,1307,-8,0,8,35
15,720,82.800000,42.984000,0,1,179702440,1306,0,1306,-8,0,8,35
15,720,82.800000,42.984000,0,1,179702454,1306,0,1306,-8,0,8,35
15,720,82.800000,42.984000,0,1,179702470,1306,0,1306,-8,0,8,35
15,720,82.800000,42.984000,0,1,179702484,1306,0,1306,-8,0,8,35
