15,360,21.600000,42.984000,0,0,179683521,780,0,780,0,0,8,22
15,360,21.600000,42.984000,0,0,179683522,780,0,780,0,0,8,22
15,360,21.600000,42.984000,0,0,179683537,780,0,780,0,0,8,22
15,360,21.600000,42.984000,0,0,179683551,780,0,780,0,0,8,22
15,360,21.600000,42.984000,0,0,179683565,781,0,781,0,0,8,22
15,360,21.600000,42.984000,0,0,179683578,785,0,785,0,0,8,22
15,360,21.600000,42.984000,0,0,179683593,798,0,798,-2,0,8,22
15,360,21.600000,42.984000,0,0,179683607,828,0,828,-4,0,8,22
15,360,21.600000,42.984000,0,0,179683621,880,0,880,-8,0,8,22
15,360,21.600000,42.984000,0,0,179683636,943,0,943,-12,0,8,22
15,360,21.600000,42.984000,0,0,179683649,1014,0,1014,-15,0,8,22
15,360,21.600000,42.984000,0,0,179683663,1072,0,1072,-16,0,8,22
15,360,21.600000,42.984000,0,0,179683677,1109,0,1109,-16,0,8,22
15,360,21.600000,42.984000,0,0,179683690,1126,0,1126,-16,0,8,22
15,360,21.600000,42.984000,0,0,179683703,1130,0,1130,-16,0,8,22
15,360,21.600000,42.984000,0,0,179683717,1130,0,1130,-16,0,8,22
15,360,21.600000,42.984000,0,0,179683731,1130,0,1130,-16,0,8,22
15,360,21.600000,42.984000,0,0,179683744,1130,0,1130,-16,0,8,22
15,360,21.600000,42.984000,0,0,179683758,1130,0,1130,-16,0,8,22
15,360,21.600000,42.984000,0,0,179683771,1130,0,1130,-16,0,8,22
15,360,21.600000,42.984000,0,0,179683793,1130,0,1130,-16,0,8,22
15,360,21.600000,42.984000,0,0,179683806,1130,0,1130,-16,0,8,22
15,360,21.600000,42.984000,0,0,179683820,1127,0,1127,-16,0,8,22
15,360,21.600000,42.984000,0,0,179683833,1124,1,1124,-15,0,8,22
15,360,21.600000,42.984000,0,0,179683847,1121,1,1121,-15,0,8,22
15,360,21.600000,42.984000,0,0,179683861,1118,2,1118,-14,0,8,22
15,360,21.600000,42.984000,0,0,179683875,1115,3,1115,-13,0,8,22
15,360,21.600000,42.984000,0,0,179683889,1113,3,1113,-13,0,8,22
15,360,21.600000,42.984000,0,0,179683903,1113,3,1113,-13,0,8,22
15,360,21.600000,42.984000,0,0,179683917,1113,3,1113,-13,0,8,22
15,360,21.600000,42.984000,0,0,179683932,1113,3,1113,-13,0,8,22
15,360,21.600000,42.984000,0,0,179683946,1113,3,1113,-13,0,8,22
15,360,21.600000,42.984000,0,0,179683959,1113,3,1113,-13,0,8,22
15,360,21.600000,42.984000,0,0,179683983,1119,4,1119,-12,0,8,22
15,360,21.600000,42.984000,0,0,179683998,1133,6,1133,-10,0,8,22
15,360,21.600000,42.984000,0,0,179684012,1140,7,1140,-9,0,8,22
15,360,21.600000,42.984000,0,0,179684027,1144,8,1144,-8,0,8,22
15,360,21.600000,42.984000,0,0,179684041,1146,9,1146,-7,0,8,22
15,360,21.600000,42.984000,0,0,179684055,1147,10,1147,-6,0,8,22
15,360,21.600000,42.984000,0,0,179684075,1147,10,1147,-6,0,8,22
15,360,21.600000,42.984000,0,0,179684089,1147,10,1147,-6,0,8,22
15,360,21.600000,42.984000,0,0,179684102,1147,10,1147,-6,0,8,22
15,360,21.600000,42.984000,0,0,179684116,1147,10,1147,-6,0,8,22
15,360,21.600000,42.984000,0,0,179684129,1147,10,1147,-6,0,8,22
15,360,21.600000,42.984000,0,0,179684144,1147,10,1147,-6,0,8,22
15,360,21.600000,42.984000,0,0,179684157,1147,10,1147,-6,0,8,22
15,360,21.600000,42.984000,0,0,179684170,1147,10,1147,-6,0,8,22
15,360,21.600000,42.984000,0,0,179684184,1147,10,1147,-6,0,8,22
15,360,21.600000,42.984000,0,0,179684198,1147,10,1147,-6,0,8,22
15,360,21.600000,42.984000,0,0,179684211,1147,10,1147,-6,0,8,22
15,360,21.600000,42.984000,0,0,179684226,1147,10,1147,-6,0,8,22
15,360,21.600000,42.984000,0,0,179684239,1147,10,1147,-6,0,8,22
