15,720,50.400000,42.984000,1,1,179784036,600,22,600,22,0,8,97
15,720,50.400000,42.984000,1,1,179784037,600,22,600,22,0,8,97
15,720,50.400000,42.984000,1,1,179784054,600,22,600,22,0,8,97
15,720,50.400000,42.984000,1,1,179784071,600,22,600,22,0,8,97
15,720,50.400000,42.984000,1,1,179784088,600,22,600,22,0,8,97
15,720,50.400000,42.984000,1,1,179784113,600,22,600,22,0,8,97
15,720,50.400000,42.984000,1,1,179784129,626,19,626,19,0,8,97
15,720,50.400000,42.984000,1,1,179784145,694,16,694,16,0,8,97
15,720,50.400000,42.984000,1,1,179784161,833,13,833,13,0,8,97
15,720,50.400000,42.984000,1,1,179784177,1012,11,1012,11,0,8,97
15,720,50.400000,42.984000,1,1,179784195,1214,7,1214,7,0,8,97
15,720,50.400000,42.984000,1,1,179784210,1350,4,1350,4,0,8,97
15,720,50.400000,42.984000,1,1,179784228,1407,3,1407,3,0,8,97
15,720,50.400000,42.984000,1,1,179784244,1413,2,1413,2,0,8,97
15,720,50.400000,42.984000,1,1,179784261,1413,2,1413,2,0,8,97
15,720,50.400000,42.984000,1,1,179784276,1413,2,1413,2,0,8,97
15,720,50.400000,42.984000,1,1,179784300,1413,2,1413,2,0,8,97
15,720,50.400000,42.984000,1,1,179784316,1413,2,1413,2,0,8,97
15,720,50.400000,42.984000,1,1,179784331,1413,2,1413,2,0,8,97
15,720,50.400000,42.984000,1,1,179784346,1413,2,1413,2,0,8,97
15,720,50.400000,42.984000,1,1,179784362,1413,2,1413,2,0,8,97
15,720,50.400000,42.984000,1,1,179784377,1413,2,1413,2,0,8,97
15,720,50.400000,42.984000,1,1,179784393,1411,2,1411,2,0,8,97
15,720,50.400000,42.984000,1,1,179784408,1409,2,1409,2,0,8,97
15,720,50.400000,42.984000,1,1,179784424,1402,2,1402,2,0,8,97
15,720,50.400000,42.984000,1,1,179784441,1390,2,1390,2,0,8,97
15,720,50.400000,42.984000,1,1,179784456,1379,2,1379,2,0,8,97
15,720,50.400000,42.984000,1,1,179784474,1370,2,1370,2,0,8,97
15,720,50.400000,42.984000,1,1,179784489,1364,2,1364,2,0,8,97
15,720,50.400000,42.984000,1,1,179784505,1360,2,1360,2,0,8,97
15,720,50.400000,42.984000,1,1,179784521,1358,2,1358,2,0,8,97
15,720,50.400000,42.984000,1,1,179784537,1358,2,1358,2,0,8,97
15,720,50.400000,42.984000,1,1,179784552,1357,2,1357,2,0,8,97
15,720,50.400000,42.984000,1,1,179784568,1357,2,1357,2,0,8,97
15,720,50.400000,42.984000,1,1,179784583,1357,2,1357,2,0,8,97
15,720,50.400000,42.984000,1,1,179784598,1357,2,1357,2,0,8,97
15,720,50.400000,42.984000,1,1,179784614,1357,2,1357,2,0,8,97
15,720,50.400000,42.984000,1,1,179784629,1357,2,1357,2,0,8,97
15,720,50.400000,42.984000,1,1,179784644,1357,2,1357,2,0,8,97
15,720,50.400000,42.984000,1,1,179784660,1357,2,1357,2,0,8,97
15,720,50.400000,42.984000,1,1,179784675,1357,2,1357,2,0,8,97
15,720,50.400000,42.984000,1,1,179784691,1357,2,1357,2,0,8,97
15,720,50.400000,42.984000,1,1,179784706,1357,2,1357,2,0,8,97
15,720,50.400000,42.984000,1,1,179784722,1357,2,1357,2,0,8,97
15,720,50.400000,42.984000,1,1,179784738,1356,2,1356,2,0,8,97
15,720,50.400000,42.984000,1,1,179784755,1348,2,1348,2,0,8,97
15,720,50.400000,42.984000,1,1,179784772,1334,2,1334,2,0,8,97
15,720,50.400000,42.984000,1,1,179784789,1327,2,1327,2,0,8,97
15,720,50.400000,42.984000,1,1,179784804,1327,2,1327,2,0,8,97
15,720,50.400000,42.984000,1,1,179784819,1327,2,1327,2,0,8,97
15,720,50.400000,42.984000,1,1,179784834,1327,2,1327,2,0,8,97
15,720,50.400000,42.984000,1,1,179784850,1327,2,1327,2,0,8,97
15,720,50.400000,42.984000,1,1,179784866,1327,2,1327,2,0,8,97
15,720,50.400000,42.984000,1,1,179784881,1327,2,1327,2,0,8,97
15,720,50.400000,42.984000,1,1,179784897,1327,2,1327,2,0,8,97
15,720,50.400000,42.984000,1,1,179784912,1327,2,1327,2,0,8,97
15,720,50.400000,42.984000,1,1,179784927,1327,2,1327,2,0,8,97
15,720,50.400000,42.984000,1,1,179784943,1327,2,1327,2,0,8,97
15,720,50.400000,42.984000,1,1,179784957,1327,2,1327,2,0,8,97
15,720,50.400000,42.984000,1,1,179784973,1327,2,1327,2,0,8,97
15,720,50.400000,42.984000,1,1,179784989,1327,2,1327,2,0,8,97
15,720,50.400000,42.984000,1,1,179785005,1327,2,1327,2,0,8,97
15,720,50.400000,42.984000,1,1,179785021,1327,2,1327,2,0,8,97
15,720,50.400000,42.984000,1,1,179785035,1326,2,1326,2,0,8,97
