15,360,21.600000,0.000000,0,1,179796038,780,22,780,22,0,8,107
15,360,21.600000,0.000000,0,1,179796039,780,22,780,22,0,8,107
15,360,21.600000,0.000000,0,1,179796055,780,22,780,22,0,8,107
15,360,21.600000,0.000000,0,1,179796070,780,22,780,22,0,8,107
15,360,21.600000,0.000000,0,1,179796086,780,22,780,22,0,8,107
15,360,21.600000,0.000000,0,1,179796104,780,22,780,22,0,8,107
15,360,21.600000,0.000000,0,1,179796121,793,22,793,22,0,8,107
15,360,21.600000,0.000000,0,1,179796138,846,20,846,20,0,8,107
15,360,21.600000,0.000000,0,1,179796163,954,17,954,17,0,8,107
15,360,21.600000,0.000000,0,1,179796178,1147,11,1147,11,0,8,107
15,360,21.600000,0.000000,0,1,179796194,1232,9,1232,9,0,8,107
15,360,21.600000,0.000000,0,1,179796210,1257,9,1257,9,0,8,107
15,360,21.600000,0.000000,0,1,179796226,1258,9,1258,9,0,8,107
15,360,21.600000,0.000000,0,1,179796243,1253,9,1253,9,0,8,107
15,360,21.600000,0.000000,0,1,179796258,1246,9,1246,9,0,8,107
15,360,21.600000,0.000000,0,1,179796273,1246,9,1246,9,0,8,107
15,360,21.600000,0.000000,0,1,179796290,1246,9,1246,9,0,8,107
15,360,21.600000,0.000000,0,1,179796305,1246,9,1246,9,0,8,107
15,360,21.600000,0.000000,0,1,179796321,1245,9,1245,9,0,8,107
15,360,21.600000,0.000000,0,1,179796338,1243,10,1243,10,0,8,107
15,360,21.600000,0.000000,0,1,179796353,1239,10,1239,10,0,8,107
15,360,21.600000,0.000000,0,1,179796368,1236,11,1236,11,0,8,107
15,360,21.600000,0.000000,0,1,179796383,1234,12,1234,12,0,8,107
15,360,21.600000,0.000000,0,1,179796399,1232,12,1232,12,0,8,107
15,360,21.600000,0.000000,0,1,179796414,1226,12,1226,12,0,8,107
15,360,21.600000,0.000000,0,1,179796432,1217,13,1217,13,0,8,107
15,360,21.600000,0.000000,0,1,179796447,1207,13,1207,13,0,8,107
15,360,21.600000,0.000000,0,1,179796463,1198,13,1198,13,0,8,107
15,360,21.600000,0.000000,0,1,179796478,1189,13,1189,13,0,8,107
15,360,21.600000,0.000000,0,1,179796493,1178,13,1178,13,0,8,107
15,360,21.600000,0.000000,0,1,179796509,1166,13,1166,13,0,8,107
15,360,21.600000,0.000000,0,1,179796524,1158,13,1158,13,0,8,107
15,360,21.600000,0.000000,0,1,179796540,1153,13,1153,13,0,8,107
15,360,21.600000,0.000000,0,1,179796556,1151,13,1151,13,0,8,107
15,360,21.600000,0.000000,0,1,179796571,1150,13,1150,13,0,8,107
15,360,21.600000,0.000000,0,1,179796587,1150,13,1150,13,0,8,107
15,360,21.600000,0.000000,0,1,179796601,1147,13,1147,13,0,8,107
15,360,21.600000,0.000000,0,1,179796617,1144,13,1144,13,0,8,107
15,360,21.600000,0.000000,0,1,179796633,1143,13,1143,13,0,8,107
15,360,21.600000,0.000000,0,1,179796648,1142,13,1142,13,0,8,107
15,360,21.600000,0.000000,0,1,179796664,1142,13,1142,13,0,8,107
15,360,21.600000,0.000000,0,1,179796680,1142,13,1142,13,0,8,107
15,360,21.600000,0.000000,0,1,179796696,1142,13,1142,13,0,8,107
15,360,21.600000,0.000000,0,1,179796712,1142,13,1142,13,0,8,107
15,360,21.600000,0.000000,0,1,179796726,1142,13,1142,13,0,8,107
15,360,21.600000,0.000000,0,1,179796741,1142,13,1142,13,0,8,107
15,360,21.600000,0.000000,0,1,179796756,1142,13,1142,13,0,8,107
