15,360,21.600000,10000.000000,1,0,179910497,780,0,780,0,0,9,75
15,360,21.600000,10000.000000,1,0,179910499,780,0,780,0,0,9,75
15,360,21.600000,10000.000000,1,0,179910514,772,0,772,0,0,9,75
15,360,21.600000,10000.000000,1,0,179910530,764,0,764,0,0,9,75
15,360,21.600000,10000.000000,1,0,179910546,762,0,762,0,0,9,75
15,360,21.600000,10000.000000,1,0,179910561,762,0,762,0,0,9,75
15,360,21.600000,10000.000000,1,0,179910576,762,0,762,0,0,9,75
15,360,21.600000,10000.000000,1,0,179910593,759,0,759,0,0,9,75
15,360,21.600000,10000.000000,1,0,179910608,750,1,750,1,0,9,75
15,360,21.600000,10000.000000,1,0,179910624,735,1,735,1,0,9,75
15,360,21.600000,10000.000000,1,0,179910639,717,2,717,2,0,9,75
15,360,21.600000,10000.000000,1,0,179910655,703,4,703,4,0,9,75
15,360,21.600000,10000.000000,1,0,179910670,694,4,694,4,0,9,75
15,360,21.600000,10000.000000,1,0,179910687,693,4,693,4,0,9,75
15,360,21.600000,10000.000000,1,0,179910702,693,4,693,4,0,9,75
15,360,21.600000,10000.000000,1,0,179910716,693,4,693,4,0,9,75
15,360,21.600000,10000.000000,1,0,179910732,693,4,693,4,0,9,75
15,360,21.600000,10000.000000,1,0,179910745,693,4,693,4,0,9,75
15,360,21.600000,10000.000000,1,0,179910760,695,4,695,4,0,9,75
15,360,21.600000,10000.000000,1,0,179910776,698,4,698,4,0,9,75
15,360,21.600000,10000.000000,1,0,179910791,708,3,708,3,0,9,75
15,360,21.600000,10000.000000,1,0,179910806,726,2,726,2,0,9,75
15,360,21.600000,10000.000000,1,0,179910830,764,4,764,4,0,9,75
15,360,21.600000,10000.000000,1,0,179910845,854,6,854,6,0,9,75
15,360,21.600000,10000.000000,1,0,179910861,927,6,927,6,0,9,75
15,360,21.600000,10000.000000,1,0,179910879,978,6,978,6,0,9,75
15,360,21.600000,10000.000000,1,0,179910894,1012,6,1012,6,0,9,75
15,360,21.600000,10000.000000,1,0,179910909,1023,6,1023,6,0,9,75
15,360,21.600000,10000.000000,1,0,179910926,1027,6,1027,6,0,9,75
15,360,21.600000,10000.000000,1,0,179910941,1030,6,1030,6,0,9,75
15,360,21.600000,10000.000000,1,0,179910956,1033,6,1033,6,0,9,75
15,360,21.600000,10000.000000,1,0,179910971,1036,6,1036,6,0,9,75
15,360,21.600000,10000.000000,1,0,179910987,1040,4,1040,4,0,9,75
15,360,21.600000,10000.000000,1,0,179911002,1044,3,1044,3,0,9,75
15,360,21.600000,10000.000000,1,0,179911018,1051,2,1051,2,0,9,75
15,360,21.600000,10000.000000,1,0,179911033,1064,0,1064,-1,0,9,75
15,360,21.600000,10000.000000,1,0,179911048,1085,0,1085,-4,0,9,75
15,360,21.600000,10000.000000,1,0,179911064,1108,0,1108,-8,0,9,75
15,360,21.600000,10000.000000,1,0,179911080,1127,0,1127,-12,0,9,75
15,360,21.600000,10000.000000,1,0,179911095,1131,0,1131,-14,0,9,75
15,360,21.600000,10000.000000,1,0,179911110,1131,0,1131,-14,0,9,75
15,360,21.600000,10000.000000,1,0,179911125,1130,0,1130,-14,0,9,75
15,360,21.600000,10000.000000,1,0,179911141,1129,0,1129,-14,0,9,75
15,360,21.600000,10000.000000,1,0,179911157,1128,0,1128,-14,0,9,75
15,360,21.600000,10000.000000,1,0,179911172,1128,1,1128,-13,0,9,75
15,360,21.600000,10000.000000,1,0,179911190,1128,1,1128,-13,0,9,75
15,360,21.600000,10000.000000,1,0,179911206,1128,1,1128,-13,0,9,75
15,360,21.600000,10000.000000,1,0,179911221,1128,1,1128,-13,0,9,75
15,360,21.600000,10000.000000,1,0,179911236,1128,1,1128,-13,0,9,75
15,360,21.600000,10000.000000,1,0,179911253,1128,2,1128,-12,0,9,75
15,360,21.600000,10000.000000,1,0,179911268,1128,3,1128,-11,0,9,75
15,360,21.600000,10000.000000,1,0,179911283,1128,3,1128,-11,0,9,75
15,360,21.600000,10000.000000,1,0,179911298,1128,3,1128,-11,0,9,75
15,360,21.600000,10000.000000,1,0,179911313,1128,3,1128,-11,0,9,75
15,360,21.600000,10000.000000,1,0,179911328,1128,3,1128,-11,0,9,75
15,360,21.600000,10000.000000,1,0,179911342,1128,3,1128,-11,0,9,75
15,360,21.600000,10000.000000,1,0,179911357,1128,3,1128,-11,0,9,75
15,360,21.600000,10000.000000,1,0,179911374,1128,3,1128,-11,0,9,75
15,360,21.600000,10000.000000,1,0,179911389,1128,3,1128,-11,0,9,75
15,360,21.600000,10000.000000,1,0,179911404,1128,3,1128,-11,0,9,75
15,360,21.600000,10000.000000,1,0,179911419,1128,3,1128,-11,0,9,75
15,360,21.600000,10000.000000,1,0,179911435,1130,3,1130,-11,0,9,75
15,360,21.600000,10000.000000,1,0,179911450,1131,3,1131,-11,0,9,75
15,360,21.600000,10000.000000,1,0,179911466,1132,3,1132,-11,0,9,75
15,360,21.600000,10000.000000,1,0,179911482,1133,3,1133,-11,0,9,75
15,360,21.600000,10000.000000,1,0,179911497,1133,3,1133,-11,0,9,75
15,360,21.600000,10000.000000,1,0,179911512,1133,3,1133,-11,0,9,75
15,360,21.600000,10000.000000,1,0,179911535,1133,3,1133,-11,0,9,75
15,360,21.600000,10000.000000,1,0,179911551,1133,3,1133,-11,0,9,75
15,360,21.600000,10000.000000,1,0,179911566,1133,3,1133,-11,0,9,75
15,360,21.600000,10000.000000,1,0,179911581,1134,3,1134,-11,0,9,75
15,360,21.600000,10000.000000,1,0,179911596,1135,2,1135,-12,0,9,75
15,360,21.600000,10000.000000,1,0,179911611,1136,2,1136,-12,0,9,75
15,360,21.600000,10000.000000,1,0,179911626,1137,2,1137,-12,0,9,75
15,360,21.600000,10000.000000,1,0,179911640,1138,2,1138,-12,0,9,75
15,360,21.600000,10000.000000,1,0,179911656,1138,2,1138,-12,0,9,75
15,360,21.600000,10000.000000,1,0,179911670,1138,2,1138,-12,0,9,75
