15,360,21.600000,10000.000000,0,1,179831083,780,22,780,22,0,9,12
15,360,21.600000,10000.000000,0,1,179831084,780,22,780,22,0,9,12
15,360,21.600000,10000.000000,0,1,179831101,780,22,780,22,0,9,12
15,360,21.600000,10000.000000,0,1,179831116,780,22,780,22,0,9,12
15,360,21.600000,10000.000000,0,1,179831131,780,22,780,22,0,9,12
15,360,21.600000,10000.000000,0,1,179831146,780,22,780,22,0,9,12
15,360,21.600000,10000.000000,0,1,179831162,781,21,781,21,0,9,12
15,360,21.600000,10000.000000,0,1,179831178,802,18,802,18,0,9,12
15,360,21.600000,10000.000000,0,1,179831194,857,17,857,17,0,9,12
15,360,21.600000,10000.000000,0,1,179831209,948,14,948,14,0,9,12
15,360,21.600000,10000.000000,0,1,179831226,1042,9,1042,9,0,9,12
15,360,21.600000,10000.000000,0,1,179831241,1123,5,1123,5,0,9,12
15,360,21.600000,10000.000000,0,1,179831257,1166,3,1166,3,0,9,12
15,360,21.600000,10000.000000,0,1,179831273,1177,3,1177,3,0,9,12
15,360,21.600000,10000.000000,0,1,179831289,1177,3,1177,3,0,9,12
15,360,21.600000,10000.000000,0,1,179831304,1177,3,1177,3,0,9,12
15,360,21.600000,10000.000000,0,1,179831319,1177,3,1177,3,0,9,12
15,360,21.600000,10000.000000,0,1,179831335,1177,3,1177,3,0,9,12
15,360,21.600000,10000.000000,0,1,179831351,1177,3,1177,3,0,9,12
15,360,21.600000,10000.000000,0,1,179831368,1177,3,1177,3,0,9,12
15,360,21.600000,10000.000000,0,1,179831384,1177,3,1177,3,0,9,12
15,360,21.600000,10000.000000,0,1,179831399,1177,3,1177,3,0,9,12
15,360,21.600000,10000.000000,0,1,179831414,1177,3,1177,3,0,9,12
15,360,21.600000,10000.000000,0,1,179831429,1177,3,1177,3,0,9,12
15,360,21.600000,10000.000000,0,1,179831444,1177,3,1177,3,0,9,12
15,360,21.600000,10000.000000,0,1,179831460,1177,3,1177,3,0,9,12
15,360,21.600000,10000.000000,0,1,179831474,1175,3,1175,3,0,9,12
15,360,21.600000,10000.000000,0,1,179831489,1170,3,1170,3,0,9,12
15,360,21.600000,10000.000000,0,1,179831504,1161,3,1161,3,0,9,12
15,360,21.600000,10000.000000,0,1,179831520,1153,4,1153,4,0,9,12
15,360,21.600000,10000.000000,0,1,179831534,1149,5,1149,5,0,9,12
15,360,21.600000,10000.000000,0,1,179831552,1148,5,1148,5,0,9,12
15,360,21.600000,10000.000000,0,1,179831568,1148,5,1148,5,0,9,12
15,360,21.600000,10000.000000,0,1,179831583,1148,5,1148,5,0,9,12
15,360,21.600000,10000.000000,0,1,179831599,1148,5,1148,5,0,9,12
15,360,21.600000,10000.000000,0,1,179831617,1148,5,1148,5,0,9,12
15,360,21.600000,10000.000000,0,1,179831634,1148,5,1148,5,0,9,12
15,360,21.600000,10000.000000,0,1,179831648,1148,5,1148,5,0,9,12
15,360,21.600000,10000.000000,0,1,179831664,1148,5,1148,5,0,9,12
15,360,21.600000,10000.000000,0,1,179831679,1148,5,1148,5,0,9,12
15,360,21.600000,10000.000000,0,1,179831694,1148,5,1148,5,0,9,12
15,360,21.600000,10000.000000,0,1,179831710,1148,5,1148,5,0,9,12
15,360,21.600000,10000.000000,0,1,179831725,1148,5,1148,5,0,9,12
15,360,21.600000,10000.000000,0,1,179831740,1148,5,1148,5,0,9,12
15,360,21.600000,10000.000000,0,1,179831755,1148,5,1148,5,0,9,12
15,360,21.600000,10000.000000,0,1,179831770,1148,5,1148,5,0,9,12
15,360,21.600000,10000.000000,0,1,179831786,1148,5,1148,5,0,9,12
15,360,21.600000,10000.000000,0,1,179831800,1148,5,1148,5,0,9,12
