15,360,50.400000,10000.000000,0,1,179894565,780,22,780,22,0,9,62
15,360,50.400000,10000.000000,0,1,179894565,780,22,780,22,0,9,62
15,360,50.400000,10000.000000,0,1,179894582,780,22,780,22,0,9,62
15,360,50.400000,10000.000000,0,1,179894598,780,22,780,22,0,9,62
15,360,50.400000,10000.000000,0,1,179894614,780,22,780,22,0,9,62
15,360,50.400000,10000.000000,0,1,179894630,781,22,781,22,0,9,62
15,360,50.400000,10000.000000,0,1,179894647,797,20,797,20,0,9,62
15,360,50.400000,10000.000000,0,1,179894663,847,16,847,16,0,9,62
15,360,50.400000,10000.000000,0,1,179894679,928,13,928,13,0,9,62
15,360,50.400000,10000.000000,0,1,179894695,1018,10,1018,10,0,9,62
15,360,50.400000,10000.000000,0,1,179894711,1091,7,1091,7,0,9,62
15,360,50.400000,10000.000000,0,1,179894738,1136,5,1136,5,0,9,62
15,360,50.400000,10000.000000,0,1,179894754,1152,5,1152,5,0,9,62
15,360,50.400000,10000.000000,0,1,179894769,1152,5,1152,5,0,9,62
15,360,50.400000,10000.000000,0,1,179894785,1151,5,1151,5,0,9,62
15,360,50.400000,10000.000000,0,1,179894802,1151,5,1151,5,0,9,62
15,360,50.400000,10000.000000,0,1,179894818,1151,5,1151,5,0,9,62
15,360,50.400000,10000.000000,0,1,179894834,1151,5,1151,5,0,9,62
15,360,50.400000,10000.000000,0,1,179894849,1150,5,1150,5,0,9,62
15,360,50.400000,10000.000000,0,1,179894864,1149,5,1149,5,0,9,62
15,360,50.400000,10000.000000,0,1,179894878,1148,5,1148,5,0,9,62
15,360,50.400000,10000.000000,0,1,179894894,1148,5,1148,5,0,9,62
15,360,50.400000,10000.000000,0,1,179894909,1148,5,1148,5,0,9,62
15,360,50.400000,10000.000000,0,1,179894924,1148,5,1148,5,0,9,62
15,360,50.400000,10000.000000,0,1,179894939,1148,5,1148,5,0,9,62
15,360,50.400000,10000.000000,0,1,179894955,1148,5,1148,5,0,9,62
15,360,50.400000,10000.000000,0,1,179894971,1148,5,1148,5,0,9,62
15,360,50.400000,10000.000000,0,1,179894986,1148,5,1148,5,0,9,62
15,360,50.400000,10000.000000,0,1,179895000,1148,5,1148,5,0,9,62
