15,360,82.800000,22.608000,0,0,179915194,780,0,780,0,0,9,78
15,360,82.800000,22.608000,0,0,179915195,780,0,780,0,0,9,78
15,360,82.800000,22.608000,0,0,179915210,780,0,780,0,0,9,78
15,360,82.800000,22.608000,0,0,179915225,780,0,780,0,0,9,78
15,360,82.800000,22.608000,0,0,179915241,780,0,780,0,0,9,78
15,360,82.800000,22.608000,0,0,179915257,790,0,790,-2,0,9,78
15,360,82.800000,22.608000,0,0,179915272,827,0,827,-3,0,9,78
15,360,82.800000,22.608000,0,0,179915287,906,0,906,-4,0,9,78
15,360,82.800000,22.608000,0,0,179915303,1009,0,1009,-5,0,9,78
15,360,82.800000,22.608000,0,0,179915319,1120,0,1120,-7,0,9,78
15,360,82.800000,22.608000,0,0,179915334,1195,0,1195,-8,0,9,78
15,360,82.800000,22.608000,0,0,179915350,1228,0,1228,-9,0,9,78
15,360,82.800000,22.608000,0,0,179915365,1236,0,1236,-9,0,9,78
15,360,82.800000,22.608000,0,0,179915380,1244,0,1244,-9,0,9,78
15,360,82.800000,22.608000,0,0,179915396,1240,0,1240,-9,0,9,78
15,360,82.800000,22.608000,0,0,179915412,1239,0,1239,-9,0,9,78
15,360,82.800000,22.608000,0,0,179915427,1239,0,1239,-9,0,9,78
15,360,82.800000,22.608000,0,0,179915443,1239,0,1239,-9,0,9,78
15,360,82.800000,22.608000,0,0,179915458,1239,0,1239,-9,0,9,78
15,360,82.800000,22.608000,0,0,179915472,1237,0,1237,-9,0,9,78
15,360,82.800000,22.608000,0,0,179915487,1234,0,1234,-9,0,9,78
15,360,82.800000,22.608000,0,0,179915503,1232,0,1232,-9,0,9,78
15,360,82.800000,22.608000,0,0,179915517,1231,0,1231,-9,0,9,78
15,360,82.800000,22.608000,0,0,179915532,1230,0,1230,-9,0,9,78
15,360,82.800000,22.608000,0,0,179915548,1229,0,1229,-9,0,9,78
15,360,82.800000,22.608000,0,0,179915562,1223,0,1223,-9,0,9,78
15,360,82.800000,22.608000,0,0,179915578,1209,0,1209,-9,0,9,78
15,360,82.800000,22.608000,0,0,179915594,1190,0,1190,-10,0,9,78
15,360,82.800000,22.608000,0,0,179915610,1168,0,1168,-11,0,9,78
15,360,82.800000,22.608000,0,0,179915625,1156,0,1156,-12,0,9,78
15,360,82.800000,22.608000,0,0,179915640,1152,0,1152,-12,0,9,78
15,360,82.800000,22.608000,0,0,179915656,1152,0,1152,-12,0,9,78
15,360,82.800000,22.608000,0,0,179915671,1152,0,1152,-12,0,9,78
15,360,82.800000,22.608000,0,0,179915686,1152,0,1152,-12,0,9,78
15,360,82.800000,22.608000,0,0,179915701,1152,0,1152,-12,0,9,78
15,360,82.800000,22.608000,0,0,179915715,1152,0,1152,-12,0,9,78
