15,720,50.400000,42.984000,0,0,179913871,600,0,600,0,0,9,77
15,720,50.400000,42.984000,0,0,179913872,600,0,600,0,0,9,77
15,720,50.400000,42.984000,0,0,179913887,600,0,600,-1,0,9,77
15,720,50.400000,42.984000,0,0,179913902,600,0,600,-1,0,9,77
15,720,50.400000,42.984000,0,0,179913917,600,0,600,-1,0,9,77
15,720,50.400000,42.984000,0,0,179913931,600,0,600,-1,0,9,77
15,720,50.400000,42.984000,0,0,179913948,605,0,605,-1,0,9,77
15,720,50.400000,42.984000,0,0,179913963,638,0,638,-4,0,9,77
15,720,50.400000,42.984000,0,0,179913979,706,0,706,-9,0,9,77
15,720,50.400000,42.984000,0,0,179913995,844,0,844,-13,0,9,77
15,720,50.400000,42.984000,0,0,179914011,1012,0,1012,-15,0,9,77
15,720,50.400000,42.984000,0,0,179914027,1159,0,1159,-15,0,9,77
15,720,50.400000,42.984000,0,0,179914042,1296,0,1296,-15,0,9,77
15,720,50.400000,42.984000,0,0,179914058,1381,1,1381,-14,0,9,77
15,720,50.400000,42.984000,0,0,179914072,1420,1,1420,-14,0,9,77
15,720,50.400000,42.984000,0,0,179914087,1433,1,1433,-14,0,9,77
15,720,50.400000,42.984000,0,0,179914103,1434,1,1434,-14,0,9,77
15,720,50.400000,42.984000,0,0,179914118,1434,1,1434,-14,0,9,77
15,720,50.400000,42.984000,0,0,179914134,1433,1,1433,-14,0,9,77
15,720,50.400000,42.984000,0,0,179914149,1433,1,1433,-14,0,9,77
15,720,50.400000,42.984000,0,0,179914164,1433,1,1433,-14,0,9,77
15,720,50.400000,42.984000,0,0,179914180,1433,1,1433,-14,0,9,77
15,720,50.400000,42.984000,0,0,179914195,1431,1,1431,-14,0,9,77
15,720,50.400000,42.984000,0,0,179914210,1428,1,1428,-14,0,9,77
15,720,50.400000,42.984000,0,0,179914225,1423,1,1423,-14,0,9,77
15,720,50.400000,42.984000,0,0,179914240,1414,1,1414,-14,0,9,77
15,720,50.400000,42.984000,0,0,179914254,1399,0,1399,-16,0,9,77
15,720,50.400000,42.984000,0,0,179914270,1377,0,1377,-18,0,9,77
15,720,50.400000,42.984000,0,0,179914287,1364,0,1364,-19,0,9,77
15,720,50.400000,42.984000,0,0,179914301,1355,0,1355,-20,0,9,77
15,720,50.400000,42.984000,0,0,179914317,1351,0,1351,-20,0,9,77
15,720,50.400000,42.984000,0,0,179914333,1347,0,1347,-20,0,9,77
15,720,50.400000,42.984000,0,0,179914348,1347,0,1347,-20,0,9,77
15,720,50.400000,42.984000,0,0,179914363,1346,0,1346,-20,0,9,77
15,720,50.400000,42.984000,0,0,179914377,1345,0,1345,-20,0,9,77
15,720,50.400000,42.984000,0,0,179914392,1344,0,1344,-20,0,9,77
15,720,50.400000,42.984000,0,0,179914407,1344,0,1344,-20,0,9,77
15,720,50.400000,42.984000,0,0,179914422,1343,0,1343,-20,0,9,77
15,720,50.400000,42.984000,0,0,179914438,1342,0,1342,-20,0,9,77
15,720,50.400000,42.984000,0,0,179914453,1342,0,1342,-20,0,9,77
15,720,50.400000,42.984000,0,0,179914469,1342,0,1342,-20,0,9,77
15,720,50.400000,42.984000,0,0,179914484,1342,0,1342,-20,0,9,77
15,720,50.400000,42.984000,0,0,179914499,1342,0,1342,-20,0,9,77
15,720,50.400000,42.984000,0,0,179914515,1342,0,1342,-20,0,9,77
15,720,50.400000,42.984000,0,0,179914529,1342,0,1342,-20,0,9,77
15,720,50.400000,42.984000,0,0,179914544,1339,0,1339,-20,0,9,77
15,720,50.400000,42.984000,0,0,179914558,1335,0,1335,-20,0,9,77
15,720,50.400000,42.984000,0,0,179914573,1334,0,1334,-21,0,9,77
15,720,50.400000,42.984000,0,0,179914596,1334,0,1334,-21,0,9,77
15,720,50.400000,42.984000,0,0,179914610,1334,0,1334,-21,0,9,77
15,720,50.400000,42.984000,0,0,179914625,1334,0,1334,-21,0,9,77
15,720,50.400000,42.984000,0,0,179914639,1334,0,1334,-21,0,9,77
