15,360,50.400000,12.276000,1,0,179939774,780,0,780,0,0,9,98
15,360,50.400000,12.276000,1,0,179939775,780,0,780,0,0,9,98
15,360,50.400000,12.276000,1,0,179939790,780,0,780,0,0,9,98
15,360,50.400000,12.276000,1,0,179939806,780,0,780,0,0,9,98
15,360,50.400000,12.276000,1,0,179939822,780,0,780,0,0,9,98
15,360,50.400000,12.276000,1,0,179939838,780,0,780,0,0,9,98
15,360,50.400000,12.276000,1,0,179939855,794,0,794,-2,0,9,98
15,360,50.400000,12.276000,1,0,179939875,843,0,843,-3,0,9,98
15,360,50.400000,12.276000,1,0,179939893,952,0,952,-8,0,9,98
15,360,50.400000,12.276000,1,0,179939910,1056,0,1056,-14,0,9,98
15,360,50.400000,12.276000,1,0,179939927,1115,0,1115,-15,0,9,98
15,360,50.400000,12.276000,1,0,179939943,1133,0,1133,-15,0,9,98
15,360,50.400000,12.276000,1,0,179939958,1133,0,1133,-15,0,9,98
15,360,50.400000,12.276000,1,0,179939973,1133,0,1133,-15,0,9,98
15,360,50.400000,12.276000,1,0,179939989,1133,0,1133,-15,0,9,98
15,360,50.400000,12.276000,1,0,179940005,1133,0,1133,-15,0,9,98
15,360,50.400000,12.276000,1,0,179940020,1133,0,1133,-15,0,9,98
15,360,50.400000,12.276000,1,0,179940036,1133,0,1133,-15,0,9,98
15,360,50.400000,12.276000,1,0,179940051,1133,0,1133,-15,0,9,98
15,360,50.400000,12.276000,1,0,179940066,1131,0,1131,-15,0,9,98
15,360,50.400000,12.276000,1,0,179940082,1130,0,1130,-15,0,9,98
15,360,50.400000,12.276000,1,0,179940097,1129,0,1129,-15,0,9,98
15,360,50.400000,12.276000,1,0,179940112,1128,0,1128,-15,0,9,98
15,360,50.400000,12.276000,1,0,179940127,1127,0,1127,-15,0,9,98
15,360,50.400000,12.276000,1,0,179940142,1126,0,1126,-15,0,9,98
15,360,50.400000,12.276000,1,0,179940158,1126,0,1126,-15,0,9,98
15,360,50.400000,12.276000,1,0,179940173,1126,0,1126,-15,0,9,98
15,360,50.400000,12.276000,1,0,179940189,1126,0,1126,-15,0,9,98
15,360,50.400000,12.276000,1,0,179940205,1126,0,1126,-15,0,9,98
15,360,50.400000,12.276000,1,0,179940220,1126,0,1126,-15,0,9,98
