15,720,50.400000,0.000000,0,0,179847898,600,0,600,0,0,9,26
15,720,50.400000,0.000000,0,0,179847900,600,0,600,0,0,9,26
15,720,50.400000,0.000000,0,0,179847916,600,0,600,0,0,9,26
15,720,50.400000,0.000000,0,0,179847931,600,0,600,0,0,9,26
15,720,50.400000,0.000000,0,0,179847950,600,0,600,0,0,9,26
15,720,50.400000,0.000000,0,0,179847968,600,0,600,0,0,9,26
15,720,50.400000,0.000000,0,0,179847987,614,0,614,-3,0,9,26
15,720,50.400000,0.000000,0,0,179848009,661,0,661,-7,0,9,26
15,720,50.400000,0.000000,0,0,179848026,801,0,801,-15,0,9,26
15,720,50.400000,0.000000,0,0,179848044,957,0,957,-23,0,9,26
15,720,50.400000,0.000000,0,0,179848058,1109,0,1109,-29,0,9,26
15,720,50.400000,0.000000,0,0,179848074,1196,0,1196,-32,0,9,26
15,720,50.400000,0.000000,0,0,179848091,1241,0,1241,-33,0,9,26
15,720,50.400000,0.000000,0,0,179848106,1255,0,1255,-33,0,9,26
15,720,50.400000,0.000000,0,0,179848121,1255,0,1255,-33,0,9,26
15,720,50.400000,0.000000,0,0,179848136,1255,0,1255,-33,0,9,26
15,720,50.400000,0.000000,0,0,179848152,1255,0,1255,-33,0,9,26
15,720,50.400000,0.000000,0,0,179848169,1257,0,1257,-33,0,9,26
15,720,50.400000,0.000000,0,0,179848185,1259,0,1259,-33,0,9,26
15,720,50.400000,0.000000,0,0,179848201,1259,0,1259,-33,0,9,26
15,720,50.400000,0.000000,0,0,179848216,1259,0,1259,-33,0,9,26
15,720,50.400000,0.000000,0,0,179848233,1259,0,1259,-33,0,9,26
15,720,50.400000,0.000000,0,0,179848249,1259,0,1259,-33,0,9,26
15,720,50.400000,0.000000,0,0,179848264,1260,0,1260,-33,0,9,26
15,720,50.400000,0.000000,0,0,179848281,1261,0,1261,-33,0,9,26
15,720,50.400000,0.000000,0,0,179848296,1261,0,1261,-33,0,9,26
15,720,50.400000,0.000000,0,0,179848311,1261,0,1261,-33,0,9,26
15,720,50.400000,0.000000,0,0,179848325,1262,0,1262,-33,0,9,26
15,720,50.400000,0.000000,0,0,179848342,1269,0,1269,-34,0,9,26
15,720,50.400000,0.000000,0,0,179848357,1280,0,1280,-34,0,9,26
15,720,50.400000,0.000000,0,0,179848372,1292,0,1292,-34,0,9,26
15,720,50.400000,0.000000,0,0,179848387,1297,0,1297,-35,0,9,26
15,720,50.400000,0.000000,0,0,179848402,1298,0,1298,-35,0,9,26
15,720,50.400000,0.000000,0,0,179848417,1298,0,1298,-35,0,9,26
15,720,50.400000,0.000000,0,0,179848431,1298,0,1298,-35,0,9,26
15,720,50.400000,0.000000,0,0,179848448,1298,0,1298,-35,0,9,26
15,720,50.400000,0.000000,0,0,179848463,1302,0,1302,-35,0,9,26
15,720,50.400000,0.000000,0,0,179848479,1307,0,1307,-35,0,9,26
15,720,50.400000,0.000000,0,0,179848494,1312,0,1312,-35,0,9,26
15,720,50.400000,0.000000,0,0,179848509,1314,0,1314,-35,0,9,26
15,720,50.400000,0.000000,0,0,179848524,1314,0,1314,-35,0,9,26
15,720,50.400000,0.000000,0,0,179848539,1315,0,1315,-35,0,9,26
15,720,50.400000,0.000000,0,0,179848554,1318,0,1318,-35,0,9,26
15,720,50.400000,0.000000,0,0,179848569,1323,1,1323,-34,0,9,26
15,720,50.400000,0.000000,0,0,179848588,1327,2,1327,-33,0,9,26
15,720,50.400000,0.000000,0,0,179848603,1328,2,1328,-33,0,9,26
15,720,50.400000,0.000000,0,0,179848619,1328,2,1328,-33,0,9,26
15,720,50.400000,0.000000,0,0,179848634,1328,2,1328,-33,0,9,26
15,720,50.400000,0.000000,0,0,179848649,1328,2,1328,-33,0,9,26
15,720,50.400000,0.000000,0,0,179848664,1328,2,1328,-33,0,9,26
15,720,50.400000,0.000000,0,0,179848679,1328,2,1328,-33,0,9,26
15,720,50.400000,0.000000,0,0,179848694,1328,2,1328,-33,0,9,26
15,720,50.400000,0.000000,0,0,179848709,1328,2,1328,-33,0,9,26
15,720,50.400000,0.000000,0,0,179848723,1328,2,1328,-33,0,9,26
15,720,50.400000,0.000000,0,0,179848739,1328,2,1328,-33,0,9,26
15,720,50.400000,0.000000,0,0,179848761,1328,2,1328,-33,0,9,26
15,720,50.400000,0.000000,0,0,179848777,1328,2,1328,-33,0,9,26
15,720,50.400000,0.000000,0,0,179848791,1328,2,1328,-33,0,9,26
15,720,50.400000,0.000000,0,0,179848806,1328,2,1328,-33,0,9,26
15,720,50.400000,0.000000,0,0,179848821,1328,2,1328,-33,0,9,26
