8,720,21.600000,12.276000,1,1,8016869,600,22,600,22,0,0,10
8,720,21.600000,12.276000,1,1,8016870,600,22,600,22,0,0,10
8,720,21.600000,12.276000,1,1,8016883,600,22,600,22,0,0,10
8,720,21.600000,12.276000,1,1,8016899,600,22,600,22,0,0,10
8,720,21.600000,12.276000,1,1,8016909,600,22,600,22,0,0,10
8,720,21.600000,12.276000,1,1,8016919,600,22,600,22,0,0,10
8,720,21.600000,12.276000,1,1,8016929,600,22,600,22,0,0,10
8,720,21.600000,12.276000,1,1,8016940,604,22,604,22,0,0,10
8,720,21.600000,12.276000,1,1,8016959,613,21,613,21,0,0,10
8,720,21.600000,12.276000,1,1,8016971,652,14,652,14,0,0,10
8,720,21.600000,12.276000,1,1,8016982,697,10,697,10,0,0,10
8,720,21.600000,12.276000,1,1,8016993,764,4,764,4,0,0,10
8,720,21.600000,12.276000,1,1,8017004,832,0,832,0,0,0,10
8,720,21.600000,12.276000,1,1,8017015,907,0,907,-2,0,0,10
8,720,21.600000,12.276000,1,1,8017026,975,0,975,-3,0,0,10
8,720,21.600000,12.276000,1,1,8017037,1033,0,1033,-4,0,0,10
8,720,21.600000,12.276000,1,1,8017048,1080,0,1080,-5,0,0,10
8,720,21.600000,12.276000,1,1,8017060,1107,0,1107,-5,0,0,10
8,720,21.600000,12.276000,1,1,8017070,1132,0,1132,-6,0,0,10
8,720,21.600000,12.276000,1,1,8017080,1148,0,1148,-6,0,0,10
8,720,21.600000,12.276000,1,1,8017097,1162,0,1162,-6,0,0,10
8,720,21.600000,12.276000,1,1,8017113,1180,0,1180,-7,0,0,10
8,720,21.600000,12.276000,1,1,8017131,1204,0,1204,-7,0,0,10
8,720,21.600000,12.276000,1,1,8017143,1230,0,1230,-8,0,0,10
8,720,21.600000,12.276000,1,1,8017154,1246,0,1246,-9,0,0,10
8,720,21.600000,12.276000,1,1,8017164,1258,0,1258,-11,0,0,10
8,720,21.600000,12.276000,1,1,8017176,1272,0,1272,-11,0,0,10
8,720,21.600000,12.276000,1,1,8017187,1286,0,1286,-12,0,0,10
8,720,21.600000,12.276000,1,1,8017198,1302,0,1302,-12,0,0,10
8,720,21.600000,12.276000,1,1,8017209,1315,0,1315,-12,0,0,10
8,720,21.600000,12.276000,1,1,8017220,1330,0,1330,-12,0,0,10
8,720,21.600000,12.276000,1,1,8017230,1337,0,1337,-12,0,0,10
8,720,21.600000,12.276000,1,1,8017242,1340,0,1340,-12,0,0,10
8,720,21.600000,12.276000,1,1,8017254,1341,0,1341,-12,0,0,10
8,720,21.600000,12.276000,1,1,8017270,1341,0,1341,-12,0,0,10
8,720,21.600000,12.276000,1,1,8017287,1341,0,1341,-12,0,0,10
8,720,21.600000,12.276000,1,1,8017302,1341,0,1341,-12,0,0,10
8,720,21.600000,12.276000,1,1,8017316,1343,0,1343,-12,0,0,10
8,720,21.600000,12.276000,1,1,8017326,1345,0,1345,-12,0,0,10
8,720,21.600000,12.276000,1,1,8017336,1347,0,1347,-12,0,0,10
8,720,21.600000,12.276000,1,1,8017346,1347,0,1347,-12,0,0,10
8,720,21.600000,12.276000,1,1,8017356,1347,0,1347,-12,0,0,10
8,720,21.600000,12.276000,1,1,8017366,1347,0,1347,-12,0,0,10
8,720,21.600000,12.276000,1,1,8017376,1346,1,1346,-11,0,0,10
8,720,21.600000,12.276000,1,1,8017386,1346,2,1346,-10,0,0,10
8,720,21.600000,12.276000,1,1,8017397,1346,2,1346,-10,0,0,10
8,720,21.600000,12.276000,1,1,8017411,1344,2,1344,-10,0,0,10
8,720,21.600000,12.276000,1,1,8017427,1340,3,1340,-9,0,0,10
8,720,21.600000,12.276000,1,1,8017438,1329,4,1329,-8,0,0,10
8,720,21.600000,12.276000,1,1,8017449,1321,4,1321,-8,0,0,10
8,720,21.600000,12.276000,1,1,8017459,1316,5,1316,-7,0,0,10
8,720,21.600000,12.276000,1,1,8017470,1314,5,1314,-7,0,0,10
8,720,21.600000,12.276000,1,1,8017480,1313,5,1313,-7,0,0,10
8,720,21.600000,12.276000,1,1,8017494,1313,5,1313,-7,0,0,10
8,720,21.600000,12.276000,1,1,8017505,1313,5,1313,-7,0,0,10
8,720,21.600000,12.276000,1,1,8017520,1313,5,1313,-7,0,0,10
8,720,21.600000,12.276000,1,1,8017536,1313,5,1313,-7,0,0,10
8,720,21.600000,12.276000,1,1,8017546,1313,5,1313,-7,0,0,10
8,720,21.600000,12.276000,1,1,8017555,1313,5,1313,-7,0,0,10
8,720,21.600000,12.276000,1,1,8017568,1313,5,1313,-7,0,0,10
8,720,21.600000,12.276000,1,1,8017583,1313,5,1313,-7,0,0,10
8,720,21.600000,12.276000,1,1,8017592,1313,5,1313,-7,0,0,10
8,720,21.600000,12.276000,1,1,8017603,1313,5,1313,-7,0,0,10
8,720,21.600000,12.276000,1,1,8017612,1313,5,1313,-7,0,0,10
8,720,21.600000,12.276000,1,1,8017622,1313,5,1313,-7,0,0,10
8,720,21.600000,12.276000,1,1,8017632,1313,5,1313,-7,0,0,10
8,720,21.600000,12.276000,1,1,8017642,1313,5,1313,-7,0,0,10
