8,720,21.600000,10000.000000,1,0,8100247,600,0,600,0,0,0,59
8,720,21.600000,10000.000000,1,0,8100247,600,0,600,0,0,0,59
8,720,21.600000,10000.000000,1,0,8100258,600,0,600,0,0,0,59
8,720,21.600000,10000.000000,1,0,8100268,600,0,600,0,0,0,59
8,720,21.600000,10000.000000,1,0,8100279,600,0,600,0,0,0,59
8,720,21.600000,10000.000000,1,0,8100288,600,0,600,0,0,0,59
8,720,21.600000,10000.000000,1,0,8100298,600,0,600,0,0,0,59
8,720,21.600000,10000.000000,1,0,8100308,600,0,600,0,0,0,59
8,720,21.600000,10000.000000,1,0,8100319,601,0,601,0,0,0,59
8,720,21.600000,10000.000000,1,0,8100330,602,0,602,0,0,0,59
8,720,21.600000,10000.000000,1,0,8100342,605,0,605,0,0,0,59
8,720,21.600000,10000.000000,1,0,8100353,613,0,613,-1,0,0,59
8,720,21.600000,10000.000000,1,0,8100363,626,0,626,-1,0,0,59
8,720,21.600000,10000.000000,1,0,8100373,649,0,649,-1,0,0,59
8,720,21.600000,10000.000000,1,0,8100384,678,0,678,-1,0,0,59
8,720,21.600000,10000.000000,1,0,8100395,724,0,724,-1,0,0,59
8,720,21.600000,10000.000000,1,0,8100405,771,0,771,-1,0,0,59
8,720,21.600000,10000.000000,1,0,8100416,838,0,838,-1,0,0,59
8,720,21.600000,10000.000000,1,0,8100427,899,0,899,-1,0,0,59
8,720,21.600000,10000.000000,1,0,8100438,943,0,943,-1,0,0,59
8,720,21.600000,10000.000000,1,0,8100449,980,0,980,-1,0,0,59
8,720,21.600000,10000.000000,1,0,8100461,1010,0,1010,-1,0,0,59
8,720,21.600000,10000.000000,1,0,8100474,1036,0,1036,-1,0,0,59
8,720,21.600000,10000.000000,1,0,8100485,1060,0,1060,-1,0,0,59
8,720,21.600000,10000.000000,1,0,8100497,1078,0,1078,-1,0,0,59
8,720,21.600000,10000.000000,1,0,8100508,1098,0,1098,-1,0,0,59
8,720,21.600000,10000.000000,1,0,8100520,1120,0,1120,-1,0,0,59
8,720,21.600000,10000.000000,1,0,8100530,1143,0,1143,-1,0,0,59
8,720,21.600000,10000.000000,1,0,8100541,1159,0,1159,-1,0,0,59
8,720,21.600000,10000.000000,1,0,8100552,1178,0,1178,-1,0,0,59
8,720,21.600000,10000.000000,1,0,8100563,1197,0,1197,-1,0,0,59
8,720,21.600000,10000.000000,1,0,8100573,1211,0,1211,-1,0,0,59
8,720,21.600000,10000.000000,1,0,8100584,1225,0,1225,-1,0,0,59
8,720,21.600000,10000.000000,1,0,8100595,1237,0,1237,-1,0,0,59
8,720,21.600000,10000.000000,1,0,8100606,1246,0,1246,-1,0,0,59
8,720,21.600000,10000.000000,1,0,8100616,1251,0,1251,-1,0,0,59
8,720,21.600000,10000.000000,1,0,8100627,1254,0,1254,-1,0,0,59
8,720,21.600000,10000.000000,1,0,8100637,1254,0,1254,-1,0,0,59
8,720,21.600000,10000.000000,1,0,8100646,1254,0,1254,-1,0,0,59
8,720,21.600000,10000.000000,1,0,8100656,1254,0,1254,-1,0,0,59
8,720,21.600000,10000.000000,1,0,8100667,1254,0,1254,-1,0,0,59
8,720,21.600000,10000.000000,1,0,8100679,1254,0,1254,-1,0,0,59
8,720,21.600000,10000.000000,1,0,8100691,1259,0,1259,-1,0,0,59
8,720,21.600000,10000.000000,1,0,8100702,1265,1,1265,0,0,0,59
8,720,21.600000,10000.000000,1,0,8100713,1269,1,1269,0,0,0,59
8,720,21.600000,10000.000000,1,0,8100723,1271,1,1271,0,0,0,59
8,720,21.600000,10000.000000,1,0,8100733,1272,1,1272,0,0,0,59
8,720,21.600000,10000.000000,1,0,8100743,1273,1,1273,0,0,0,59
8,720,21.600000,10000.000000,1,0,8100753,1274,1,1274,0,0,0,59
8,720,21.600000,10000.000000,1,0,8100763,1275,1,1275,0,0,0,59
8,720,21.600000,10000.000000,1,0,8100774,1278,1,1278,0,0,0,59
8,720,21.600000,10000.000000,1,0,8100785,1281,1,1281,0,0,0,59
8,720,21.600000,10000.000000,1,0,8100797,1284,1,1284,0,0,0,59
8,720,21.600000,10000.000000,1,0,8100807,1287,1,1287,0,0,0,59
8,720,21.600000,10000.000000,1,0,8100818,1289,1,1289,0,0,0,59
8,720,21.600000,10000.000000,1,0,8100829,1292,1,1292,0,0,0,59
8,720,21.600000,10000.000000,1,0,8100842,1295,1,1295,0,0,0,59
8,720,21.600000,10000.000000,1,0,8100853,1305,3,1305,2,0,0,59
8,720,21.600000,10000.000000,1,0,8100864,1316,3,1316,2,0,0,59
8,720,21.600000,10000.000000,1,0,8100874,1325,4,1325,3,0,0,59
8,720,21.600000,10000.000000,1,0,8100884,1329,4,1329,3,0,0,59
8,720,21.600000,10000.000000,1,0,8100894,1330,4,1330,3,0,0,59
8,720,21.600000,10000.000000,1,0,8100906,1330,4,1330,3,0,0,59
8,720,21.600000,10000.000000,1,0,8100917,1329,4,1329,3,0,0,59
8,720,21.600000,10000.000000,1,0,8100928,1328,4,1328,3,0,0,59
8,720,21.600000,10000.000000,1,0,8100939,1327,5,1327,4,0,0,59
8,720,21.600000,10000.000000,1,0,8100952,1326,5,1326,4,0,0,59
8,720,21.600000,10000.000000,1,0,8100964,1326,5,1326,4,0,0,59
8,720,21.600000,10000.000000,1,0,8100974,1326,5,1326,4,0,0,59
8,720,21.600000,10000.000000,1,0,8100984,1326,5,1326,4,0,0,59
8,720,21.600000,10000.000000,1,0,8100995,1325,5,1325,4,0,0,59
8,720,21.600000,10000.000000,1,0,8101005,1324,5,1324,4,0,0,59
8,720,21.600000,10000.000000,1,0,8101015,1324,5,1324,4,0,0,59
8,720,21.600000,10000.000000,1,0,8101025,1324,5,1324,4,0,0,59
8,720,21.600000,10000.000000,1,0,8101035,1324,5,1324,4,0,0,59
8,720,21.600000,10000.000000,1,0,8101045,1324,5,1324,4,0,0,59
8,720,21.600000,10000.000000,1,0,8101055,1324,5,1324,4,0,0,59
8,720,21.600000,10000.000000,1,0,8101065,1324,5,1324,4,0,0,59
8,720,21.600000,10000.000000,1,0,8101075,1324,5,1324,4,0,0,59
8,720,21.600000,10000.000000,1,0,8101085,1324,5,1324,4,0,0,59
8,720,21.600000,10000.000000,1,0,8101095,1324,5,1324,4,0,0,59
8,720,21.600000,10000.000000,1,0,8101106,1323,6,1323,5,0,0,59
8,720,21.600000,10000.000000,1,0,8101116,1323,6,1323,5,0,0,59
8,720,21.600000,10000.000000,1,0,8101126,1322,6,1322,5,0,0,59
8,720,21.600000,10000.000000,1,0,8101136,1321,6,1321,5,0,0,59
8,720,21.600000,10000.000000,1,0,8101147,1321,6,1321,5,0,0,59
8,720,21.600000,10000.000000,1,0,8101156,1320,6,1320,5,0,0,59
