8,360,82.800000,22.608000,0,0,8024788,780,0,780,0,0,0,15
8,360,82.800000,22.608000,0,0,8024788,780,0,780,0,0,0,15
8,360,82.800000,22.608000,0,0,8024798,780,0,780,0,0,0,15
8,360,82.800000,22.608000,0,0,8024808,780,0,780,0,0,0,15
8,360,82.800000,22.608000,0,0,8024817,780,0,780,0,0,0,15
8,360,82.800000,22.608000,0,0,8024827,780,0,780,0,0,0,15
8,360,82.800000,22.608000,0,0,8024838,780,0,780,0,0,0,15
8,360,82.800000,22.608000,0,0,8024851,781,0,781,0,0,0,15
8,360,82.800000,22.608000,0,0,8024863,789,0,789,0,0,0,15
8,360,82.800000,22.608000,0,0,8024878,808,0,808,-1,0,0,15
8,360,82.800000,22.608000,0,0,8024889,850,0,850,-2,0,0,15
8,360,82.800000,22.608000,0,0,8024900,887,0,887,-3,0,0,15
8,360,82.800000,22.608000,0,0,8024911,936,0,936,-3,0,0,15
8,360,82.800000,22.608000,0,0,8024921,981,0,981,-3,0,0,15
8,360,82.800000,22.608000,0,0,8024932,1023,0,1023,-4,0,0,15
8,360,82.800000,22.608000,0,0,8024943,1058,0,1058,-4,0,0,15
8,360,82.800000,22.608000,0,0,8024955,1088,1,1088,-3,0,0,15
8,360,82.800000,22.608000,0,0,8024966,1112,3,1112,-1,0,0,15
8,360,82.800000,22.608000,0,0,8024977,1122,3,1122,-1,0,0,15
8,360,82.800000,22.608000,0,0,8024988,1125,3,1125,-1,0,0,15
8,360,82.800000,22.608000,0,0,8024998,1125,3,1125,-1,0,0,15
8,360,82.800000,22.608000,0,0,8025007,1125,3,1125,-1,0,0,15
8,360,82.800000,22.608000,0,0,8025017,1125,3,1125,-1,0,0,15
8,360,82.800000,22.608000,0,0,8025027,1125,3,1125,-1,0,0,15
8,360,82.800000,22.608000,0,0,8025037,1125,3,1125,-1,0,0,15
8,360,82.800000,22.608000,0,0,8025047,1127,3,1127,-1,0,0,15
8,360,82.800000,22.608000,0,0,8025058,1131,3,1131,-1,0,0,15
8,360,82.800000,22.608000,0,0,8025068,1134,3,1134,-1,0,0,15
8,360,82.800000,22.608000,0,0,8025079,1136,3,1136,-1,0,0,15
8,360,82.800000,22.608000,0,0,8025091,1137,3,1137,-1,0,0,15
8,360,82.800000,22.608000,0,0,8025101,1137,3,1137,-1,0,0,15
8,360,82.800000,22.608000,0,0,8025111,1138,3,1138,-1,0,0,15
8,360,82.800000,22.608000,0,0,8025122,1139,3,1139,-1,0,0,15
8,360,82.800000,22.608000,0,0,8025132,1142,3,1142,-1,0,0,15
8,360,82.800000,22.608000,0,0,8025142,1145,2,1145,-2,0,0,15
8,360,82.800000,22.608000,0,0,8025152,1148,2,1148,-2,0,0,15
8,360,82.800000,22.608000,0,0,8025162,1151,2,1151,-2,0,0,15
8,360,82.800000,22.608000,0,0,8025173,1151,2,1151,-2,0,0,15
8,360,82.800000,22.608000,0,0,8025183,1151,2,1151,-2,0,0,15
8,360,82.800000,22.608000,0,0,8025193,1151,2,1151,-2,0,0,15
8,360,82.800000,22.608000,0,0,8025203,1150,2,1150,-2,0,0,15
8,360,82.800000,22.608000,0,0,8025214,1149,2,1149,-2,0,0,15
