8,360,50.400000,42.984000,1,1,8146906,780,22,780,22,0,0,86
8,360,50.400000,42.984000,1,1,8146907,780,22,780,22,0,0,86
8,360,50.400000,42.984000,1,1,8146917,780,22,780,22,0,0,86
8,360,50.400000,42.984000,1,1,8146927,780,22,780,22,0,0,86
8,360,50.400000,42.984000,1,1,8146936,780,22,780,22,0,0,86
8,360,50.400000,42.984000,1,1,8146946,780,22,780,22,0,0,86
8,360,50.400000,42.984000,1,1,8146956,780,22,780,22,0,0,86
8,360,50.400000,42.984000,1,1,8146967,780,22,780,22,0,0,86
8,360,50.400000,42.984000,1,1,8146981,783,22,783,22,0,0,86
8,360,50.400000,42.984000,1,1,8146992,791,20,791,20,0,0,86
8,360,50.400000,42.984000,1,1,8147008,805,20,805,20,0,0,86
8,360,50.400000,42.984000,1,1,8147019,843,20,843,20,0,0,86
8,360,50.400000,42.984000,1,1,8147030,889,21,889,21,0,0,86
8,360,50.400000,42.984000,1,1,8147041,951,22,951,22,0,0,86
8,360,50.400000,42.984000,1,1,8147051,1003,22,1003,22,0,0,86
8,360,50.400000,42.984000,1,1,8147062,1056,22,1056,22,0,0,86
8,360,50.400000,42.984000,1,1,8147073,1096,22,1096,22,0,0,86
8,360,50.400000,42.984000,1,1,8147088,1123,22,1123,22,0,0,86
8,360,50.400000,42.984000,1,1,8147103,1151,22,1151,22,0,0,86
8,360,50.400000,42.984000,1,1,8147114,1162,22,1162,22,0,0,86
8,360,50.400000,42.984000,1,1,8147125,1165,23,1165,23,0,0,86
8,360,50.400000,42.984000,1,1,8147135,1166,23,1166,23,0,0,86
8,360,50.400000,42.984000,1,1,8147146,1167,23,1167,23,0,0,86
8,360,50.400000,42.984000,1,1,8147157,1168,23,1168,23,0,0,86
8,360,50.400000,42.984000,1,1,8147167,1168,23,1168,23,0,0,86
8,360,50.400000,42.984000,1,1,8147176,1168,23,1168,23,0,0,86
8,360,50.400000,42.984000,1,1,8147189,1168,23,1168,23,0,0,86
8,360,50.400000,42.984000,1,1,8147201,1170,23,1170,23,0,0,86
8,360,50.400000,42.984000,1,1,8147213,1178,24,1178,24,0,0,86
8,360,50.400000,42.984000,1,1,8147224,1188,24,1188,24,0,0,86
8,360,50.400000,42.984000,1,1,8147237,1196,24,1196,24,0,0,86
8,360,50.400000,42.984000,1,1,8147246,1199,24,1199,24,0,0,86
8,360,50.400000,42.984000,1,1,8147256,1199,24,1199,24,0,0,86
8,360,50.400000,42.984000,1,1,8147266,1199,22,1199,22,0,0,86
8,360,50.400000,42.984000,1,1,8147277,1197,21,1197,21,0,0,86
8,360,50.400000,42.984000,1,1,8147286,1195,20,1195,20,0,0,86
8,360,50.400000,42.984000,1,1,8147297,1193,19,1193,19,0,0,86
8,360,50.400000,42.984000,1,1,8147308,1191,19,1191,19,0,0,86
8,360,50.400000,42.984000,1,1,8147320,1188,19,1188,19,0,0,86
8,360,50.400000,42.984000,1,1,8147331,1182,18,1182,18,0,0,86
8,360,50.400000,42.984000,1,1,8147342,1175,17,1175,17,0,0,86
8,360,50.400000,42.984000,1,1,8147353,1167,16,1167,16,0,0,86
8,360,50.400000,42.984000,1,1,8147364,1160,16,1160,16,0,0,86
8,360,50.400000,42.984000,1,1,8147374,1155,16,1155,16,0,0,86
8,360,50.400000,42.984000,1,1,8147384,1152,16,1152,16,0,0,86
8,360,50.400000,42.984000,1,1,8147394,1151,16,1151,16,0,0,86
8,360,50.400000,42.984000,1,1,8147404,1151,16,1151,16,0,0,86
8,360,50.400000,42.984000,1,1,8147414,1151,16,1151,16,0,0,86
8,360,50.400000,42.984000,1,1,8147423,1151,16,1151,16,0,0,86
8,360,50.400000,42.984000,1,1,8147434,1151,16,1151,16,0,0,86
8,360,50.400000,42.984000,1,1,8147447,1151,16,1151,16,0,0,86
