8,720,21.600000,12.276000,1,0,8014875,600,0,600,0,0,0,9
8,720,21.600000,12.276000,1,0,8014876,600,0,600,0,0,0,9
8,720,21.600000,12.276000,1,0,8014887,600,0,600,0,0,0,9
8,720,21.600000,12.276000,1,0,8014897,600,0,600,0,0,0,9
8,720,21.600000,12.276000,1,0,8014907,600,0,600,0,0,0,9
8,720,21.600000,12.276000,1,0,8014918,600,0,600,0,0,0,9
8,720,21.600000,12.276000,1,0,8014929,605,0,605,0,0,0,9
8,720,21.600000,12.276000,1,0,8014940,621,0,621,0,0,0,9
8,720,21.600000,12.276000,1,0,8014951,652,0,652,0,0,0,9
8,720,21.600000,12.276000,1,0,8014962,710,0,710,-1,0,0,9
8,720,21.600000,12.276000,1,0,8014973,782,0,782,-1,0,0,9
8,720,21.600000,12.276000,1,0,8014984,887,2,887,1,0,0,9
8,720,21.600000,12.276000,1,0,8014996,993,6,993,5,0,0,9
8,720,21.600000,12.276000,1,0,8015006,1108,11,1108,10,0,0,9
8,720,21.600000,12.276000,1,0,8015019,1188,15,1188,14,0,0,9
8,720,21.600000,12.276000,1,0,8015029,1274,21,1274,20,0,0,9
8,720,21.600000,12.276000,1,0,8015039,1333,26,1333,25,0,0,9
8,720,21.600000,12.276000,1,0,8015051,1379,28,1379,27,0,0,9
8,720,21.600000,12.276000,1,0,8015061,1406,30,1406,29,0,0,9
8,720,21.600000,12.276000,1,0,8015072,1424,31,1424,30,0,0,9
8,720,21.600000,12.276000,1,0,8015089,1433,31,1433,30,0,0,9
8,720,21.600000,12.276000,1,0,8015104,1442,31,1442,30,0,0,9
8,720,21.600000,12.276000,1,0,8015119,1447,31,1447,30,0,0,9
8,720,21.600000,12.276000,1,0,8015129,1448,31,1448,30,0,0,9
8,720,21.600000,12.276000,1,0,8015140,1449,31,1449,30,0,0,9
8,720,21.600000,12.276000,1,0,8015149,1450,31,1450,30,0,0,9
8,720,21.600000,12.276000,1,0,8015160,1451,31,1451,30,0,0,9
8,720,21.600000,12.276000,1,0,8015172,1452,31,1452,30,0,0,9
8,720,21.600000,12.276000,1,0,8015184,1453,30,1453,29,0,0,9
8,720,21.600000,12.276000,1,0,8015194,1453,30,1453,29,0,0,9
8,720,21.600000,12.276000,1,0,8015204,1453,30,1453,29,0,0,9
8,720,21.600000,12.276000,1,0,8015216,1453,30,1453,29,0,0,9
8,720,21.600000,12.276000,1,0,8015229,1449,29,1449,28,0,0,9
8,720,21.600000,12.276000,1,0,8015240,1440,28,1440,27,0,0,9
8,720,21.600000,12.276000,1,0,8015251,1431,26,1431,25,0,0,9
8,720,21.600000,12.276000,1,0,8015262,1420,25,1420,24,0,0,9
8,720,21.600000,12.276000,1,0,8015273,1409,23,1409,22,0,0,9
8,720,21.600000,12.276000,1,0,8015284,1394,22,1394,21,0,0,9
8,720,21.600000,12.276000,1,0,8015295,1381,21,1381,20,0,0,9
8,720,21.600000,12.276000,1,0,8015305,1369,21,1369,20,0,0,9
8,720,21.600000,12.276000,1,0,8015316,1361,20,1361,19,0,0,9
8,720,21.600000,12.276000,1,0,8015326,1355,19,1355,18,0,0,9
8,720,21.600000,12.276000,1,0,8015337,1351,19,1351,18,0,0,9
8,720,21.600000,12.276000,1,0,8015347,1348,19,1348,18,0,0,9
8,720,21.600000,12.276000,1,0,8015358,1346,19,1346,18,0,0,9
8,720,21.600000,12.276000,1,0,8015368,1346,19,1346,18,0,0,9
8,720,21.600000,12.276000,1,0,8015378,1346,19,1346,18,0,0,9
8,720,21.600000,12.276000,1,0,8015388,1346,19,1346,18,0,0,9
8,720,21.600000,12.276000,1,0,8015398,1346,19,1346,18,0,0,9
8,720,21.600000,12.276000,1,0,8015409,1346,19,1346,18,0,0,9
8,720,21.600000,12.276000,1,0,8015420,1344,19,1344,18,0,0,9
8,720,21.600000,12.276000,1,0,8015432,1340,19,1340,18,0,0,9
8,720,21.600000,12.276000,1,0,8015442,1336,18,1336,17,0,0,9
8,720,21.600000,12.276000,1,0,8015452,1333,17,1333,16,0,0,9
8,720,21.600000,12.276000,1,0,8015469,1332,17,1332,16,0,0,9
8,720,21.600000,12.276000,1,0,8015483,1332,16,1332,15,0,0,9
8,720,21.600000,12.276000,1,0,8015493,1331,16,1331,15,0,0,9
8,720,21.600000,12.276000,1,0,8015503,1331,15,1331,14,0,0,9
8,720,21.600000,12.276000,1,0,8015513,1331,15,1331,14,0,0,9
8,720,21.600000,12.276000,1,0,8015523,1331,15,1331,14,0,0,9
8,720,21.600000,12.276000,1,0,8015533,1331,15,1331,14,0,0,9
8,720,21.600000,12.276000,1,0,8015543,1331,15,1331,14,0,0,9
8,720,21.600000,12.276000,1,0,8015553,1331,15,1331,14,0,0,9
8,720,21.600000,12.276000,1,0,8015563,1330,15,1330,14,0,0,9
8,720,21.600000,12.276000,1,0,8015573,1329,15,1329,14,0,0,9
8,720,21.600000,12.276000,1,0,8015585,1327,14,1327,13,0,0,9
8,720,21.600000,12.276000,1,0,8015595,1325,14,1325,13,0,0,9
8,720,21.600000,12.276000,1,0,8015604,1325,14,1325,13,0,0,9
8,720,21.600000,12.276000,1,0,8015615,1325,14,1325,13,0,0,9
