8,720,82.800000,10000.000000,1,1,8366723,600,22,600,22,0,1,102
8,720,82.800000,10000.000000,1,1,8366723,600,22,600,22,0,1,102
8,720,82.800000,10000.000000,1,1,8366735,600,22,600,22,0,1,102
8,720,82.800000,10000.000000,1,1,8366745,600,22,600,22,0,1,102
8,720,82.800000,10000.000000,1,1,8366757,600,22,600,22,0,1,102
8,720,82.800000,10000.000000,1,1,8366772,600,22,600,22,0,1,102
8,720,82.800000,10000.000000,1,1,8366789,608,21,608,21,0,1,102
8,720,82.800000,10000.000000,1,1,8366803,644,21,644,21,0,1,102
8,720,82.800000,10000.000000,1,1,8366813,700,21,700,21,0,1,102
8,720,82.800000,10000.000000,1,1,8366824,767,22,767,22,0,1,102
8,720,82.800000,10000.000000,1,1,8366835,858,24,858,24,0,1,102
8,720,82.800000,10000.000000,1,1,8366846,933,25,933,25,0,1,102
8,720,82.800000,10000.000000,1,1,8366857,1011,25,1011,25,0,1,102
8,720,82.800000,10000.000000,1,1,8366868,1077,26,1077,26,0,1,102
8,720,82.800000,10000.000000,1,1,8366880,1123,27,1123,27,0,1,102
8,720,82.800000,10000.000000,1,1,8366890,1162,29,1162,29,0,1,102
8,720,82.800000,10000.000000,1,1,8366901,1188,31,1188,31,0,1,102
8,720,82.800000,10000.000000,1,1,8366912,1208,31,1208,31,0,1,102
8,720,82.800000,10000.000000,1,1,8366927,1222,31,1222,31,0,1,102
8,720,82.800000,10000.000000,1,1,8366939,1238,31,1238,31,0,1,102
8,720,82.800000,10000.000000,1,1,8366950,1245,31,1245,31,0,1,102
8,720,82.800000,10000.000000,1,1,8366962,1249,30,1249,30,0,1,102
8,720,82.800000,10000.000000,1,1,8366973,1251,30,1251,30,0,1,102
8,720,82.800000,10000.000000,1,1,8366984,1251,30,1251,30,0,1,102
8,720,82.800000,10000.000000,1,1,8366995,1251,30,1251,30,0,1,102
8,720,82.800000,10000.000000,1,1,8367006,1254,30,1254,30,0,1,102
8,720,82.800000,10000.000000,1,1,8367017,1259,30,1259,30,0,1,102
8,720,82.800000,10000.000000,1,1,8367027,1266,30,1266,30,0,1,102
8,720,82.800000,10000.000000,1,1,8367039,1274,30,1274,30,0,1,102
8,720,82.800000,10000.000000,1,1,8367050,1278,29,1278,29,0,1,102
8,720,82.800000,10000.000000,1,1,8367061,1279,29,1279,29,0,1,102
8,720,82.800000,10000.000000,1,1,8367071,1279,29,1279,29,0,1,102
8,720,82.800000,10000.000000,1,1,8367082,1279,29,1279,29,0,1,102
8,720,82.800000,10000.000000,1,1,8367093,1279,29,1279,29,0,1,102
8,720,82.800000,10000.000000,1,1,8367104,1282,28,1282,28,0,1,102
8,720,82.800000,10000.000000,1,1,8367116,1286,28,1286,28,0,1,102
8,720,82.800000,10000.000000,1,1,8367127,1290,26,1290,26,0,1,102
8,720,82.800000,10000.000000,1,1,8367138,1292,25,1292,25,0,1,102
8,720,82.800000,10000.000000,1,1,8367150,1292,25,1292,25,0,1,102
8,720,82.800000,10000.000000,1,1,8367160,1292,24,1292,24,0,1,102
8,720,82.800000,10000.000000,1,1,8367171,1293,24,1293,24,0,1,102
8,720,82.800000,10000.000000,1,1,8367182,1294,23,1294,23,0,1,102
8,720,82.800000,10000.000000,1,1,8367197,1295,22,1295,22,0,1,102
8,720,82.800000,10000.000000,1,1,8367207,1297,22,1297,22,0,1,102
8,720,82.800000,10000.000000,1,1,8367218,1298,22,1298,22,0,1,102
8,720,82.800000,10000.000000,1,1,8367228,1298,21,1298,21,0,1,102
8,720,82.800000,10000.000000,1,1,8367238,1298,20,1298,20,0,1,102
8,720,82.800000,10000.000000,1,1,8367251,1298,18,1298,18,0,1,102
8,720,82.800000,10000.000000,1,1,8367262,1299,17,1299,17,0,1,102
8,720,82.800000,10000.000000,1,1,8367273,1301,16,1301,16,0,1,102
8,720,82.800000,10000.000000,1,1,8367284,1303,15,1303,15,0,1,102
8,720,82.800000,10000.000000,1,1,8367295,1304,15,1304,15,0,1,102
8,720,82.800000,10000.000000,1,1,8367306,1304,14,1304,14,0,1,102
8,720,82.800000,10000.000000,1,1,8367316,1305,14,1305,14,0,1,102
