8,360,21.600000,42.984000,1,1,8394193,780,22,780,22,0,1,119
8,360,21.600000,42.984000,1,1,8394194,780,22,780,22,0,1,119
8,360,21.600000,42.984000,1,1,8394205,780,22,780,22,0,1,119
8,360,21.600000,42.984000,1,1,8394215,780,22,780,22,0,1,119
8,360,21.600000,42.984000,1,1,8394227,780,22,780,22,0,1,119
8,360,21.600000,42.984000,1,1,8394238,780,22,780,22,0,1,119
8,360,21.600000,42.984000,1,1,8394248,780,22,780,22,0,1,119
8,360,21.600000,42.984000,1,1,8394259,781,22,781,22,0,1,119
8,360,21.600000,42.984000,1,1,8394270,786,22,786,22,0,1,119
8,360,21.600000,42.984000,1,1,8394281,796,22,796,22,0,1,119
8,360,21.600000,42.984000,1,1,8394294,813,21,813,21,0,1,119
8,360,21.600000,42.984000,1,1,8394305,847,19,847,19,0,1,119
8,360,21.600000,42.984000,1,1,8394315,881,17,881,17,0,1,119
8,360,21.600000,42.984000,1,1,8394327,924,15,924,15,0,1,119
8,360,21.600000,42.984000,1,1,8394338,967,13,967,13,0,1,119
8,360,21.600000,42.984000,1,1,8394349,1009,11,1009,11,0,1,119
8,360,21.600000,42.984000,1,1,8394361,1043,11,1043,11,0,1,119
8,360,21.600000,42.984000,1,1,8394372,1069,10,1069,10,0,1,119
8,360,21.600000,42.984000,1,1,8394383,1083,10,1083,10,0,1,119
8,360,21.600000,42.984000,1,1,8394394,1086,9,1086,9,0,1,119
8,360,21.600000,42.984000,1,1,8394404,1086,9,1086,9,0,1,119
8,360,21.600000,42.984000,1,1,8394415,1086,9,1086,9,0,1,119
8,360,21.600000,42.984000,1,1,8394425,1087,9,1087,9,0,1,119
8,360,21.600000,42.984000,1,1,8394436,1088,9,1088,9,0,1,119
8,360,21.600000,42.984000,1,1,8394447,1089,9,1089,9,0,1,119
8,360,21.600000,42.984000,1,1,8394463,1089,8,1089,8,0,1,119
8,360,21.600000,42.984000,1,1,8394478,1091,8,1091,8,0,1,119
8,360,21.600000,42.984000,1,1,8394490,1093,8,1093,8,0,1,119
8,360,21.600000,42.984000,1,1,8394501,1099,8,1099,8,0,1,119
8,360,21.600000,42.984000,1,1,8394511,1106,6,1106,6,0,1,119
8,360,21.600000,42.984000,1,1,8394522,1112,6,1112,6,0,1,119
8,360,21.600000,42.984000,1,1,8394533,1115,5,1115,5,0,1,119
8,360,21.600000,42.984000,1,1,8394543,1116,5,1116,5,0,1,119
8,360,21.600000,42.984000,1,1,8394554,1117,5,1117,5,0,1,119
8,360,21.600000,42.984000,1,1,8394567,1117,5,1117,5,0,1,119
8,360,21.600000,42.984000,1,1,8394578,1119,5,1119,5,0,1,119
8,360,21.600000,42.984000,1,1,8394589,1121,5,1121,5,0,1,119
8,360,21.600000,42.984000,1,1,8394602,1123,5,1123,5,0,1,119
8,360,21.600000,42.984000,1,1,8394614,1125,5,1125,5,0,1,119
8,360,21.600000,42.984000,1,1,8394630,1127,5,1127,5,0,1,119
8,360,21.600000,42.984000,1,1,8394641,1129,4,1129,4,0,1,119
8,360,21.600000,42.984000,1,1,8394653,1131,4,1131,4,0,1,119
8,360,21.600000,42.984000,1,1,8394664,1134,4,1134,4,0,1,119
8,360,21.600000,42.984000,1,1,8394675,1137,4,1137,4,0,1,119
8,360,21.600000,42.984000,1,1,8394686,1137,4,1137,4,0,1,119
8,360,21.600000,42.984000,1,1,8394697,1137,4,1137,4,0,1,119
8,360,21.600000,42.984000,1,1,8394707,1137,4,1137,4,0,1,119
8,360,21.600000,42.984000,1,1,8394718,1137,4,1137,4,0,1,119
8,360,21.600000,42.984000,1,1,8394729,1137,4,1137,4,0,1,119
8,360,21.600000,42.984000,1,1,8394739,1137,4,1137,4,0,1,119
8,360,21.600000,42.984000,1,1,8394750,1140,4,1140,4,0,1,119
8,360,21.600000,42.984000,1,1,8394761,1143,4,1143,4,0,1,119
8,360,21.600000,42.984000,1,1,8394771,1144,4,1144,4,0,1,119
8,360,21.600000,42.984000,1,1,8394782,1145,4,1145,4,0,1,119
8,360,21.600000,42.984000,1,1,8394793,1145,4,1145,4,0,1,119
8,360,21.600000,42.984000,1,1,8394808,1145,4,1145,4,0,1,119
8,360,21.600000,42.984000,1,1,8394819,1145,4,1145,4,0,1,119
8,360,21.600000,42.984000,1,1,8394830,1144,4,1144,4,0,1,119
8,360,21.600000,42.984000,1,1,8394840,1144,4,1144,4,0,1,119
