8,360,50.400000,12.276000,1,1,8318356,780,22,780,22,0,1,71
8,360,50.400000,12.276000,1,1,8318358,780,22,780,22,0,1,71
8,360,50.400000,12.276000,1,1,8318368,780,22,780,22,0,1,71
8,360,50.400000,12.276000,1,1,8318379,780,22,780,22,0,1,71
8,360,50.400000,12.276000,1,1,8318390,780,22,780,22,0,1,71
8,360,50.400000,12.276000,1,1,8318402,780,22,780,22,0,1,71
8,360,50.400000,12.276000,1,1,8318413,781,21,781,21,0,1,71
8,360,50.400000,12.276000,1,1,8318424,787,21,787,21,0,1,71
8,360,50.400000,12.276000,1,1,8318440,798,21,798,21,0,1,71
8,360,50.400000,12.276000,1,1,8318450,827,20,827,20,0,1,71
8,360,50.400000,12.276000,1,1,8318461,856,20,856,20,0,1,71
8,360,50.400000,12.276000,1,1,8318473,892,19,892,19,0,1,71
8,360,50.400000,12.276000,1,1,8318484,939,19,939,19,0,1,71
8,360,50.400000,12.276000,1,1,8318495,986,19,986,19,0,1,71
8,360,50.400000,12.276000,1,1,8318506,1023,19,1023,19,0,1,71
8,360,50.400000,12.276000,1,1,8318517,1055,19,1055,19,0,1,71
8,360,50.400000,12.276000,1,1,8318529,1079,19,1079,19,0,1,71
8,360,50.400000,12.276000,1,1,8318540,1098,19,1098,19,0,1,71
8,360,50.400000,12.276000,1,1,8318551,1105,19,1105,19,0,1,71
8,360,50.400000,12.276000,1,1,8318561,1107,18,1107,18,0,1,71
8,360,50.400000,12.276000,1,1,8318572,1107,18,1107,18,0,1,71
8,360,50.400000,12.276000,1,1,8318583,1107,18,1107,18,0,1,71
8,360,50.400000,12.276000,1,1,8318595,1107,18,1107,18,0,1,71
8,360,50.400000,12.276000,1,1,8318606,1107,18,1107,18,0,1,71
8,360,50.400000,12.276000,1,1,8318617,1108,18,1108,18,0,1,71
8,360,50.400000,12.276000,1,1,8318627,1109,18,1109,18,0,1,71
8,360,50.400000,12.276000,1,1,8318639,1111,18,1111,18,0,1,71
8,360,50.400000,12.276000,1,1,8318650,1113,17,1113,17,0,1,71
8,360,50.400000,12.276000,1,1,8318660,1114,17,1114,17,0,1,71
8,360,50.400000,12.276000,1,1,8318671,1114,17,1114,17,0,1,71
8,360,50.400000,12.276000,1,1,8318681,1114,17,1114,17,0,1,71
8,360,50.400000,12.276000,1,1,8318693,1114,16,1114,16,0,1,71
8,360,50.400000,12.276000,1,1,8318706,1116,15,1116,15,0,1,71
8,360,50.400000,12.276000,1,1,8318717,1122,15,1122,15,0,1,71
8,360,50.400000,12.276000,1,1,8318727,1128,15,1128,15,0,1,71
8,360,50.400000,12.276000,1,1,8318739,1133,14,1133,14,0,1,71
8,360,50.400000,12.276000,1,1,8318750,1137,14,1137,14,0,1,71
8,360,50.400000,12.276000,1,1,8318760,1138,14,1138,14,0,1,71
8,360,50.400000,12.276000,1,1,8318770,1138,14,1138,14,0,1,71
8,360,50.400000,12.276000,1,1,8318781,1138,14,1138,14,0,1,71
8,360,50.400000,12.276000,1,1,8318792,1138,14,1138,14,0,1,71
8,360,50.400000,12.276000,1,1,8318802,1138,14,1138,14,0,1,71
8,360,50.400000,12.276000,1,1,8318813,1138,14,1138,14,0,1,71
8,360,50.400000,12.276000,1,1,8318822,1138,14,1138,14,0,1,71
