8,720,21.600000,12.276000,0,0,8269215,600,0,600,0,0,1,38
8,720,21.600000,12.276000,0,0,8269215,600,0,600,0,0,1,38
8,720,21.600000,12.276000,0,0,8269226,600,0,600,0,0,1,38
8,720,21.600000,12.276000,0,0,8269236,600,0,600,0,0,1,38
8,720,21.600000,12.276000,0,0,8269246,600,0,600,0,0,1,38
8,720,21.600000,12.276000,0,0,8269256,600,0,600,0,0,1,38
8,720,21.600000,12.276000,0,0,8269266,600,0,600,0,0,1,38
8,720,21.600000,12.276000,0,0,8269277,602,0,602,0,0,1,38
8,720,21.600000,12.276000,0,0,8269289,607,0,607,-1,0,1,38
8,720,21.600000,12.276000,0,0,8269301,620,0,620,-2,0,1,38
8,720,21.600000,12.276000,0,0,8269316,650,0,650,-2,0,1,38
8,720,21.600000,12.276000,0,0,8269332,723,0,723,-3,0,1,38
8,720,21.600000,12.276000,0,0,8269348,840,0,840,-4,0,1,38
8,720,21.600000,12.276000,0,0,8269363,981,0,981,-5,0,1,38
8,720,21.600000,12.276000,0,0,8269373,1103,0,1103,-5,0,1,38
8,720,21.600000,12.276000,0,0,8269384,1179,0,1179,-5,0,1,38
8,720,21.600000,12.276000,0,0,8269397,1249,1,1249,-4,0,1,38
8,720,21.600000,12.276000,0,0,8269408,1290,2,1290,-3,0,1,38
8,720,21.600000,12.276000,0,0,8269421,1313,2,1313,-3,0,1,38
8,720,21.600000,12.276000,0,0,8269432,1325,2,1325,-3,0,1,38
8,720,21.600000,12.276000,0,0,8269442,1328,3,1328,-2,0,1,38
8,720,21.600000,12.276000,0,0,8269453,1331,4,1331,-1,0,1,38
8,720,21.600000,12.276000,0,0,8269464,1331,4,1331,-1,0,1,38
8,720,21.600000,12.276000,0,0,8269474,1331,4,1331,-1,0,1,38
8,720,21.600000,12.276000,0,0,8269485,1331,4,1331,-1,0,1,38
8,720,21.600000,12.276000,0,0,8269496,1332,4,1332,-1,0,1,38
8,720,21.600000,12.276000,0,0,8269507,1333,5,1333,0,0,1,38
8,720,21.600000,12.276000,0,0,8269518,1337,5,1337,0,0,1,38
8,720,21.600000,12.276000,0,0,8269529,1343,6,1343,1,0,1,38
8,720,21.600000,12.276000,0,0,8269540,1351,6,1351,1,0,1,38
8,720,21.600000,12.276000,0,0,8269551,1358,6,1358,1,0,1,38
8,720,21.600000,12.276000,0,0,8269561,1361,6,1361,1,0,1,38
8,720,21.600000,12.276000,0,0,8269572,1361,6,1361,1,0,1,38
8,720,21.600000,12.276000,0,0,8269583,1361,6,1361,1,0,1,38
8,720,21.600000,12.276000,0,0,8269593,1361,6,1361,1,0,1,38
8,720,21.600000,12.276000,0,0,8269604,1360,6,1360,1,0,1,38
8,720,21.600000,12.276000,0,0,8269614,1359,6,1359,1,0,1,38
8,720,21.600000,12.276000,0,0,8269624,1359,6,1359,1,0,1,38
8,720,21.600000,12.276000,0,0,8269635,1359,6,1359,1,0,1,38
8,720,21.600000,12.276000,0,0,8269646,1357,6,1357,1,0,1,38
8,720,21.600000,12.276000,0,0,8269658,1351,6,1351,1,0,1,38
8,720,21.600000,12.276000,0,0,8269669,1342,6,1342,1,0,1,38
8,720,21.600000,12.276000,0,0,8269680,1335,6,1335,1,0,1,38
8,720,21.600000,12.276000,0,0,8269695,1331,6,1331,1,0,1,38
8,720,21.600000,12.276000,0,0,8269705,1328,6,1328,1,0,1,38
8,720,21.600000,12.276000,0,0,8269715,1328,6,1328,1,0,1,38
8,720,21.600000,12.276000,0,0,8269725,1328,6,1328,1,0,1,38
8,720,21.600000,12.276000,0,0,8269735,1328,6,1328,1,0,1,38
8,720,21.600000,12.276000,0,0,8269745,1328,6,1328,1,0,1,38
8,720,21.600000,12.276000,0,0,8269759,1328,6,1328,1,0,1,38
8,720,21.600000,12.276000,0,0,8269770,1328,6,1328,1,0,1,38
8,720,21.600000,12.276000,0,0,8269780,1328,6,1328,1,0,1,38
8,720,21.600000,12.276000,0,0,8269790,1328,6,1328,1,0,1,38
8,720,21.600000,12.276000,0,0,8269800,1328,6,1328,1,0,1,38
8,720,21.600000,12.276000,0,0,8269810,1328,6,1328,1,0,1,38
8,720,21.600000,12.276000,0,0,8269821,1328,6,1328,1,0,1,38
8,720,21.600000,12.276000,0,0,8269831,1326,6,1326,1,0,1,38
8,720,21.600000,12.276000,0,0,8269841,1324,6,1324,1,0,1,38
8,720,21.600000,12.276000,0,0,8269852,1324,6,1324,1,0,1,38
8,720,21.600000,12.276000,0,0,8269863,1324,6,1324,1,0,1,38
8,720,21.600000,12.276000,0,0,8269872,1324,6,1324,1,0,1,38
