8,360,21.600000,10000.000000,0,1,8243410,780,22,780,22,0,1,22
8,360,21.600000,10000.000000,0,1,8243411,780,22,780,22,0,1,22
8,360,21.600000,10000.000000,0,1,8243421,780,22,780,22,0,1,22
8,360,21.600000,10000.000000,0,1,8243432,780,22,780,22,0,1,22
8,360,21.600000,10000.000000,0,1,8243443,780,22,780,22,0,1,22
8,360,21.600000,10000.000000,0,1,8243453,780,22,780,22,0,1,22
8,360,21.600000,10000.000000,0,1,8243465,781,22,781,22,0,1,22
8,360,21.600000,10000.000000,0,1,8243477,789,22,789,22,0,1,22
8,360,21.600000,10000.000000,0,1,8243489,806,22,806,22,0,1,22
8,360,21.600000,10000.000000,0,1,8243500,833,22,833,22,0,1,22
8,360,21.600000,10000.000000,0,1,8243511,868,22,868,22,0,1,22
8,360,21.600000,10000.000000,0,1,8243521,906,22,906,22,0,1,22
8,360,21.600000,10000.000000,0,1,8243532,946,22,946,22,0,1,22
8,360,21.600000,10000.000000,0,1,8243543,987,22,987,22,0,1,22
8,360,21.600000,10000.000000,0,1,8243555,1019,22,1019,22,0,1,22
8,360,21.600000,10000.000000,0,1,8243567,1040,22,1040,22,0,1,22
8,360,21.600000,10000.000000,0,1,8243578,1056,22,1056,22,0,1,22
8,360,21.600000,10000.000000,0,1,8243588,1062,22,1062,22,0,1,22
8,360,21.600000,10000.000000,0,1,8243599,1063,22,1063,22,0,1,22
8,360,21.600000,10000.000000,0,1,8243609,1064,22,1064,22,0,1,22
8,360,21.600000,10000.000000,0,1,8243620,1065,22,1065,22,0,1,22
8,360,21.600000,10000.000000,0,1,8243630,1065,22,1065,22,0,1,22
8,360,21.600000,10000.000000,0,1,8243641,1065,22,1065,22,0,1,22
8,360,21.600000,10000.000000,0,1,8243652,1066,22,1066,22,0,1,22
8,360,21.600000,10000.000000,0,1,8243662,1069,22,1069,22,0,1,22
8,360,21.600000,10000.000000,0,1,8243673,1075,21,1075,21,0,1,22
8,360,21.600000,10000.000000,0,1,8243684,1083,21,1083,21,0,1,22
8,360,21.600000,10000.000000,0,1,8243696,1091,19,1091,19,0,1,22
8,360,21.600000,10000.000000,0,1,8243706,1100,18,1100,18,0,1,22
8,360,21.600000,10000.000000,0,1,8243717,1105,17,1105,17,0,1,22
8,360,21.600000,10000.000000,0,1,8243728,1107,17,1107,17,0,1,22
8,360,21.600000,10000.000000,0,1,8243738,1109,17,1109,17,0,1,22
8,360,21.600000,10000.000000,0,1,8243749,1109,17,1109,17,0,1,22
8,360,21.600000,10000.000000,0,1,8243759,1109,17,1109,17,0,1,22
8,360,21.600000,10000.000000,0,1,8243770,1109,17,1109,17,0,1,22
8,360,21.600000,10000.000000,0,1,8243781,1110,16,1110,16,0,1,22
8,360,21.600000,10000.000000,0,1,8243791,1112,15,1112,15,0,1,22
8,360,21.600000,10000.000000,0,1,8243802,1114,15,1114,15,0,1,22
8,360,21.600000,10000.000000,0,1,8243813,1116,14,1116,14,0,1,22
8,360,21.600000,10000.000000,0,1,8243824,1117,14,1117,14,0,1,22
8,360,21.600000,10000.000000,0,1,8243835,1117,14,1117,14,0,1,22
8,360,21.600000,10000.000000,0,1,8243846,1117,14,1117,14,0,1,22
8,360,21.600000,10000.000000,0,1,8243857,1117,14,1117,14,0,1,22
8,360,21.600000,10000.000000,0,1,8243868,1119,14,1119,14,0,1,22
8,360,21.600000,10000.000000,0,1,8243880,1123,14,1123,14,0,1,22
8,360,21.600000,10000.000000,0,1,8243891,1127,13,1127,13,0,1,22
8,360,21.600000,10000.000000,0,1,8243902,1130,12,1130,12,0,1,22
8,360,21.600000,10000.000000,0,1,8243912,1131,12,1131,12,0,1,22
8,360,21.600000,10000.000000,0,1,8243923,1132,12,1132,12,0,1,22
8,360,21.600000,10000.000000,0,1,8243934,1132,12,1132,12,0,1,22
8,360,21.600000,10000.000000,0,1,8243944,1132,12,1132,12,0,1,22
8,360,21.600000,10000.000000,0,1,8243955,1133,12,1133,12,0,1,22
8,360,21.600000,10000.000000,0,1,8243965,1134,11,1134,11,0,1,22
8,360,21.600000,10000.000000,0,1,8243976,1134,11,1134,11,0,1,22
8,360,21.600000,10000.000000,0,1,8243987,1134,11,1134,11,0,1,22
8,360,21.600000,10000.000000,0,1,8243997,1134,11,1134,11,0,1,22
8,360,21.600000,10000.000000,0,1,8244008,1134,11,1134,11,0,1,22
8,360,21.600000,10000.000000,0,1,8244019,1134,11,1134,11,0,1,22
8,360,21.600000,10000.000000,0,1,8244029,1134,11,1134,11,0,1,22
8,360,21.600000,10000.000000,0,1,8244040,1134,11,1134,11,0,1,22
8,360,21.600000,10000.000000,0,1,8244050,1134,11,1134,11,0,1,22
8,360,21.600000,10000.000000,0,1,8244060,1134,11,1134,11,0,1,22
