8,360,82.800000,0.000000,1,1,8362085,780,22,780,22,0,1,99
8,360,82.800000,0.000000,1,1,8362086,780,22,780,22,0,1,99
8,360,82.800000,0.000000,1,1,8362096,780,22,780,22,0,1,99
8,360,82.800000,0.000000,1,1,8362107,780,22,780,22,0,1,99
8,360,82.800000,0.000000,1,1,8362117,780,22,780,22,0,1,99
8,360,82.800000,0.000000,1,1,8362128,780,22,780,22,0,1,99
8,360,82.800000,0.000000,1,1,8362139,781,22,781,22,0,1,99
8,360,82.800000,0.000000,1,1,8362155,786,22,786,22,0,1,99
8,360,82.800000,0.000000,1,1,8362170,803,22,803,22,0,1,99
8,360,82.800000,0.000000,1,1,8362188,829,22,829,22,0,1,99
8,360,82.800000,0.000000,1,1,8362200,876,22,876,22,0,1,99
8,360,82.800000,0.000000,1,1,8362212,910,22,910,22,0,1,99
8,360,82.800000,0.000000,1,1,8362222,949,23,949,23,0,1,99
8,360,82.800000,0.000000,1,1,8362235,984,23,984,23,0,1,99
8,360,82.800000,0.000000,1,1,8362249,1010,23,1010,23,0,1,99
8,360,82.800000,0.000000,1,1,8362259,1025,23,1025,23,0,1,99
8,360,82.800000,0.000000,1,1,8362270,1030,23,1030,23,0,1,99
8,360,82.800000,0.000000,1,1,8362281,1034,23,1034,23,0,1,99
8,360,82.800000,0.000000,1,1,8362292,1037,22,1037,22,0,1,99
8,360,82.800000,0.000000,1,1,8362302,1040,21,1040,21,0,1,99
8,360,82.800000,0.000000,1,1,8362314,1042,21,1042,21,0,1,99
8,360,82.800000,0.000000,1,1,8362326,1043,20,1043,20,0,1,99
8,360,82.800000,0.000000,1,1,8362337,1044,20,1044,20,0,1,99
8,360,82.800000,0.000000,1,1,8362348,1047,19,1047,19,0,1,99
8,360,82.800000,0.000000,1,1,8362360,1055,19,1055,19,0,1,99
8,360,82.800000,0.000000,1,1,8362372,1069,19,1069,19,0,1,99
8,360,82.800000,0.000000,1,1,8362383,1085,18,1085,18,0,1,99
8,360,82.800000,0.000000,1,1,8362395,1096,17,1096,17,0,1,99
8,360,82.800000,0.000000,1,1,8362406,1102,16,1102,16,0,1,99
8,360,82.800000,0.000000,1,1,8362421,1104,15,1104,15,0,1,99
8,360,82.800000,0.000000,1,1,8362431,1104,15,1104,15,0,1,99
8,360,82.800000,0.000000,1,1,8362442,1104,15,1104,15,0,1,99
8,360,82.800000,0.000000,1,1,8362452,1104,15,1104,15,0,1,99
8,360,82.800000,0.000000,1,1,8362463,1104,15,1104,15,0,1,99
8,360,82.800000,0.000000,1,1,8362474,1105,15,1105,15,0,1,99
8,360,82.800000,0.000000,1,1,8362485,1105,15,1105,15,0,1,99
8,360,82.800000,0.000000,1,1,8362500,1105,15,1105,15,0,1,99
8,360,82.800000,0.000000,1,1,8362516,1107,14,1107,14,0,1,99
8,360,82.800000,0.000000,1,1,8362532,1117,12,1117,12,0,1,99
8,360,82.800000,0.000000,1,1,8362547,1136,9,1136,9,0,1,99
8,360,82.800000,0.000000,1,1,8362560,1144,7,1144,7,0,1,99
