8,720,82.800000,12.276000,1,0,8260690,600,0,600,0,0,1,33
8,720,82.800000,12.276000,1,0,8260691,600,0,600,0,0,1,33
8,720,82.800000,12.276000,1,0,8260701,600,0,600,0,0,1,33
8,720,82.800000,12.276000,1,0,8260712,600,0,600,0,0,1,33
8,720,82.800000,12.276000,1,0,8260722,600,0,600,0,0,1,33
8,720,82.800000,12.276000,1,0,8260733,600,0,600,0,0,1,33
8,720,82.800000,12.276000,1,0,8260744,600,0,600,0,0,1,33
8,720,82.800000,12.276000,1,0,8260756,609,0,609,-1,0,1,33
8,720,82.800000,12.276000,1,0,8260767,627,0,627,-1,0,1,33
8,720,82.800000,12.276000,1,0,8260779,662,0,662,-2,0,1,33
8,720,82.800000,12.276000,1,0,8260790,718,0,718,-3,0,1,33
8,720,82.800000,12.276000,1,0,8260800,793,0,793,-3,0,1,33
8,720,82.800000,12.276000,1,0,8260811,860,0,860,-3,0,1,33
8,720,82.800000,12.276000,1,0,8260822,950,0,950,-3,0,1,33
8,720,82.800000,12.276000,1,0,8260833,1024,1,1024,-2,0,1,33
8,720,82.800000,12.276000,1,0,8260844,1104,2,1104,-1,0,1,33
8,720,82.800000,12.276000,1,0,8260855,1169,5,1169,2,0,1,33
8,720,82.800000,12.276000,1,0,8260867,1215,7,1215,4,0,1,33
8,720,82.800000,12.276000,1,0,8260878,1250,8,1250,5,0,1,33
8,720,82.800000,12.276000,1,0,8260889,1266,8,1266,5,0,1,33
8,720,82.800000,12.276000,1,0,8260902,1271,8,1271,5,0,1,33
8,720,82.800000,12.276000,1,0,8260912,1272,8,1272,5,0,1,33
8,720,82.800000,12.276000,1,0,8260923,1272,8,1272,5,0,1,33
8,720,82.800000,12.276000,1,0,8260933,1272,8,1272,5,0,1,33
8,720,82.800000,12.276000,1,0,8260944,1272,8,1272,5,0,1,33
8,720,82.800000,12.276000,1,0,8260955,1272,8,1272,5,0,1,33
8,720,82.800000,12.276000,1,0,8260965,1272,8,1272,5,0,1,33
8,720,82.800000,12.276000,1,0,8260976,1272,8,1272,5,0,1,33
8,720,82.800000,12.276000,1,0,8260987,1274,8,1274,5,0,1,33
8,720,82.800000,12.276000,1,0,8260999,1277,8,1277,5,0,1,33
8,720,82.800000,12.276000,1,0,8261010,1280,8,1280,5,0,1,33
8,720,82.800000,12.276000,1,0,8261020,1282,8,1282,5,0,1,33
8,720,82.800000,12.276000,1,0,8261035,1282,8,1282,5,0,1,33
8,720,82.800000,12.276000,1,0,8261050,1282,8,1282,5,0,1,33
8,720,82.800000,12.276000,1,0,8261060,1282,8,1282,5,0,1,33
8,720,82.800000,12.276000,1,0,8261070,1282,8,1282,5,0,1,33
8,720,82.800000,12.276000,1,0,8261082,1282,8,1282,5,0,1,33
8,720,82.800000,12.276000,1,0,8261092,1282,8,1282,5,0,1,33
8,720,82.800000,12.276000,1,0,8261103,1282,8,1282,5,0,1,33
8,720,82.800000,12.276000,1,0,8261113,1282,8,1282,5,0,1,33
8,720,82.800000,12.276000,1,0,8261123,1282,8,1282,5,0,1,33
8,720,82.800000,12.276000,1,0,8261134,1282,8,1282,5,0,1,33
8,720,82.800000,12.276000,1,0,8261144,1283,8,1283,5,0,1,33
8,720,82.800000,12.276000,1,0,8261163,1287,9,1287,6,0,1,33
8,720,82.800000,12.276000,1,0,8261179,1302,12,1302,9,0,1,33
8,720,82.800000,12.276000,1,0,8261191,1309,12,1309,9,0,1,33
8,720,82.800000,12.276000,1,0,8261201,1310,12,1310,9,0,1,33
