8,360,21.600000,10000.000000,1,1,8344820,780,22,780,22,0,1,87
8,360,21.600000,10000.000000,1,1,8344821,780,22,780,22,0,1,87
8,360,21.600000,10000.000000,1,1,8344832,780,22,780,22,0,1,87
8,360,21.600000,10000.000000,1,1,8344843,780,22,780,22,0,1,87
8,360,21.600000,10000.000000,1,1,8344853,780,22,780,22,0,1,87
8,360,21.600000,10000.000000,1,1,8344864,780,22,780,22,0,1,87
8,360,21.600000,10000.000000,1,1,8344874,780,22,780,22,0,1,87
8,360,21.600000,10000.000000,1,1,8344885,781,22,781,22,0,1,87
8,360,21.600000,10000.000000,1,1,8344897,786,22,786,22,0,1,87
8,360,21.600000,10000.000000,1,1,8344908,796,21,796,21,0,1,87
8,360,21.600000,10000.000000,1,1,8344921,813,20,813,20,0,1,87
8,360,21.600000,10000.000000,1,1,8344934,839,19,839,19,0,1,87
8,360,21.600000,10000.000000,1,1,8344945,882,18,882,18,0,1,87
8,360,21.600000,10000.000000,1,1,8344956,916,17,916,17,0,1,87
8,360,21.600000,10000.000000,1,1,8344967,953,17,953,17,0,1,87
8,360,21.600000,10000.000000,1,1,8344979,981,16,981,16,0,1,87
8,360,21.600000,10000.000000,1,1,8344990,1011,16,1011,16,0,1,87
8,360,21.600000,10000.000000,1,1,8345000,1030,16,1030,16,0,1,87
8,360,21.600000,10000.000000,1,1,8345012,1043,15,1043,15,0,1,87
8,360,21.600000,10000.000000,1,1,8345024,1047,15,1047,15,0,1,87
8,360,21.600000,10000.000000,1,1,8345034,1047,15,1047,15,0,1,87
8,360,21.600000,10000.000000,1,1,8345045,1047,15,1047,15,0,1,87
8,360,21.600000,10000.000000,1,1,8345056,1047,15,1047,15,0,1,87
8,360,21.600000,10000.000000,1,1,8345067,1047,15,1047,15,0,1,87
8,360,21.600000,10000.000000,1,1,8345079,1048,14,1048,14,0,1,87
8,360,21.600000,10000.000000,1,1,8345089,1050,14,1050,14,0,1,87
8,360,21.600000,10000.000000,1,1,8345100,1052,14,1052,14,0,1,87
8,360,21.600000,10000.000000,1,1,8345111,1055,14,1055,14,0,1,87
8,360,21.600000,10000.000000,1,1,8345124,1062,14,1062,14,0,1,87
8,360,21.600000,10000.000000,1,1,8345137,1077,14,1077,14,0,1,87
8,360,21.600000,10000.000000,1,1,8345148,1094,14,1094,14,0,1,87
8,360,21.600000,10000.000000,1,1,8345159,1106,13,1106,13,0,1,87
8,360,21.600000,10000.000000,1,1,8345169,1112,12,1112,12,0,1,87
8,360,21.600000,10000.000000,1,1,8345180,1114,12,1114,12,0,1,87
8,360,21.600000,10000.000000,1,1,8345191,1116,12,1116,12,0,1,87
8,360,21.600000,10000.000000,1,1,8345202,1116,12,1116,12,0,1,87
8,360,21.600000,10000.000000,1,1,8345213,1116,12,1116,12,0,1,87
8,360,21.600000,10000.000000,1,1,8345223,1116,12,1116,12,0,1,87
8,360,21.600000,10000.000000,1,1,8345234,1116,12,1116,12,0,1,87
8,360,21.600000,10000.000000,1,1,8345245,1117,12,1117,12,0,1,87
8,360,21.600000,10000.000000,1,1,8345256,1118,12,1118,12,0,1,87
8,360,21.600000,10000.000000,1,1,8345267,1119,12,1119,12,0,1,87
8,360,21.600000,10000.000000,1,1,8345277,1119,12,1119,12,0,1,87
8,360,21.600000,10000.000000,1,1,8345289,1120,12,1120,12,0,1,87
8,360,21.600000,10000.000000,1,1,8345300,1123,12,1123,12,0,1,87
8,360,21.600000,10000.000000,1,1,8345312,1130,12,1130,12,0,1,87
8,360,21.600000,10000.000000,1,1,8345323,1139,12,1139,12,0,1,87
8,360,21.600000,10000.000000,1,1,8345334,1147,12,1147,12,0,1,87
8,360,21.600000,10000.000000,1,1,8345344,1151,12,1151,12,0,1,87
8,360,21.600000,10000.000000,1,1,8345355,1151,12,1151,12,0,1,87
8,360,21.600000,10000.000000,1,1,8345365,1151,12,1151,12,0,1,87
8,360,21.600000,10000.000000,1,1,8345376,1151,12,1151,12,0,1,87
8,360,21.600000,10000.000000,1,1,8345386,1151,12,1151,12,0,1,87
8,360,21.600000,10000.000000,1,1,8345397,1151,12,1151,12,0,1,87
8,360,21.600000,10000.000000,1,1,8345407,1151,12,1151,12,0,1,87
8,360,21.600000,10000.000000,1,1,8345418,1151,12,1151,12,0,1,87
8,360,21.600000,10000.000000,1,1,8345427,1151,12,1151,12,0,1,87
