8,360,21.600000,42.984000,1,0,8519863,780,0,780,0,0,2,81
8,360,21.600000,42.984000,1,0,8519864,780,0,780,0,0,2,81
8,360,21.600000,42.984000,1,0,8519875,780,0,780,0,0,2,81
8,360,21.600000,42.984000,1,0,8519890,780,0,780,0,0,2,81
8,360,21.600000,42.984000,1,0,8519905,780,0,780,-1,0,2,81
8,360,21.600000,42.984000,1,0,8519916,785,0,785,-2,0,2,81
8,360,21.600000,42.984000,1,0,8519927,795,0,795,-2,0,2,81
8,360,21.600000,42.984000,1,0,8519938,811,0,811,-4,0,2,81
8,360,21.600000,42.984000,1,0,8519951,838,0,838,-4,0,2,81
8,360,21.600000,42.984000,1,0,8519961,878,0,878,-5,0,2,81
8,360,21.600000,42.984000,1,0,8519973,910,0,910,-5,0,2,81
8,360,21.600000,42.984000,1,0,8519986,938,0,938,-5,0,2,81
8,360,21.600000,42.984000,1,0,8519999,962,0,962,-5,0,2,81
8,360,21.600000,42.984000,1,0,8520015,989,0,989,-5,0,2,81
8,360,21.600000,42.984000,1,0,8520030,1011,1,1011,-4,0,2,81
8,360,21.600000,42.984000,1,0,8520040,1019,1,1019,-4,0,2,81
8,360,21.600000,42.984000,1,0,8520051,1019,1,1019,-4,0,2,81
8,360,21.600000,42.984000,1,0,8520062,1019,1,1019,-4,0,2,81
8,360,21.600000,42.984000,1,0,8520077,1019,1,1019,-4,0,2,81
8,360,21.600000,42.984000,1,0,8520092,1019,1,1019,-4,0,2,81
8,360,21.600000,42.984000,1,0,8520104,1020,1,1020,-4,0,2,81
8,360,21.600000,42.984000,1,0,8520115,1023,1,1023,-4,0,2,81
8,360,21.600000,42.984000,1,0,8520126,1026,1,1026,-4,0,2,81
8,360,21.600000,42.984000,1,0,8520140,1029,1,1029,-4,0,2,81
8,360,21.600000,42.984000,1,0,8520155,1032,1,1032,-4,0,2,81
8,360,21.600000,42.984000,1,0,8520171,1035,1,1035,-4,0,2,81
8,360,21.600000,42.984000,1,0,8520187,1040,0,1040,-5,0,2,81
8,360,21.600000,42.984000,1,0,8520201,1047,0,1047,-5,0,2,81
8,360,21.600000,42.984000,1,0,8520219,1055,0,1055,-7,0,2,81
8,360,21.600000,42.984000,1,0,8520234,1068,0,1068,-7,0,2,81
8,360,21.600000,42.984000,1,0,8520248,1077,0,1077,-7,0,2,81
8,360,21.600000,42.984000,1,0,8520263,1080,0,1080,-7,0,2,81
8,360,21.600000,42.984000,1,0,8520279,1080,0,1080,-7,0,2,81
8,360,21.600000,42.984000,1,0,8520294,1080,0,1080,-7,0,2,81
8,360,21.600000,42.984000,1,0,8520309,1080,0,1080,-7,0,2,81
8,360,21.600000,42.984000,1,0,8520326,1084,0,1084,-7,0,2,81
8,360,21.600000,42.984000,1,0,8520340,1088,0,1088,-7,0,2,81
8,360,21.600000,42.984000,1,0,8520356,1089,0,1089,-7,0,2,81
8,360,21.600000,42.984000,1,0,8520366,1090,0,1090,-7,0,2,81
8,360,21.600000,42.984000,1,0,8520377,1091,0,1091,-7,0,2,81
8,360,21.600000,42.984000,1,0,8520387,1092,0,1092,-7,0,2,81
8,360,21.600000,42.984000,1,0,8520398,1094,0,1094,-7,0,2,81
8,360,21.600000,42.984000,1,0,8520408,1097,0,1097,-7,0,2,81
8,360,21.600000,42.984000,1,0,8520419,1100,0,1100,-7,0,2,81
8,360,21.600000,42.984000,1,0,8520434,1101,0,1101,-7,0,2,81
8,360,21.600000,42.984000,1,0,8520444,1101,0,1101,-7,0,2,81
8,360,21.600000,42.984000,1,0,8520455,1101,0,1101,-7,0,2,81
8,360,21.600000,42.984000,1,0,8520468,1101,0,1101,-7,0,2,81
8,360,21.600000,42.984000,1,0,8520482,1101,0,1101,-7,0,2,81
8,360,21.600000,42.984000,1,0,8520492,1101,0,1101,-7,0,2,81
8,360,21.600000,42.984000,1,0,8520503,1101,0,1101,-7,0,2,81
8,360,21.600000,42.984000,1,0,8520513,1101,0,1101,-7,0,2,81
8,360,21.600000,42.984000,1,0,8520523,1101,0,1101,-7,0,2,81
8,360,21.600000,42.984000,1,0,8520533,1101,0,1101,-7,0,2,81
8,360,21.600000,42.984000,1,0,8520544,1103,0,1103,-7,0,2,81
8,360,21.600000,42.984000,1,0,8520556,1111,1,1111,-6,0,2,81
8,360,21.600000,42.984000,1,0,8520568,1124,3,1124,-4,0,2,81
8,360,21.600000,42.984000,1,0,8520579,1142,6,1142,-1,0,2,81
8,360,21.600000,42.984000,1,0,8520591,1153,8,1153,1,0,2,81
8,360,21.600000,42.984000,1,0,8520602,1158,9,1158,2,0,2,81
8,360,21.600000,42.984000,1,0,8520613,1158,9,1158,2,0,2,81
8,360,21.600000,42.984000,1,0,8520623,1158,10,1158,3,0,2,81
8,360,21.600000,42.984000,1,0,8520634,1156,10,1156,3,0,2,81
8,360,21.600000,42.984000,1,0,8520644,1153,11,1153,4,0,2,81
8,360,21.600000,42.984000,1,0,8520654,1153,12,1153,5,0,2,81
8,360,21.600000,42.984000,1,0,8520665,1152,12,1152,5,0,2,81
8,360,21.600000,42.984000,1,0,8520675,1152,12,1152,5,0,2,81
8,360,21.600000,42.984000,1,0,8520685,1152,12,1152,5,0,2,81
8,360,21.600000,42.984000,1,0,8520695,1152,12,1152,5,0,2,81
8,360,21.600000,42.984000,1,0,8520706,1152,12,1152,5,0,2,81
8,360,21.600000,42.984000,1,0,8520716,1152,12,1152,5,0,2,81
8,360,21.600000,42.984000,1,0,8520726,1152,12,1152,5,0,2,81
8,360,21.600000,42.984000,1,0,8520737,1152,12,1152,5,0,2,81
8,360,21.600000,42.984000,1,0,8520747,1152,12,1152,5,0,2,81
8,360,21.600000,42.984000,1,0,8520758,1152,12,1152,5,0,2,81
8,360,21.600000,42.984000,1,0,8520768,1152,12,1152,5,0,2,81
8,360,21.600000,42.984000,1,0,8520782,1152,12,1152,5,0,2,81
8,360,21.600000,42.984000,1,0,8520793,1152,12,1152,5,0,2,81
8,360,21.600000,42.984000,1,0,8520803,1152,12,1152,5,0,2,81
8,360,21.600000,42.984000,1,0,8520813,1151,12,1151,5,0,2,81
8,360,21.600000,42.984000,1,0,8520823,1151,12,1151,5,0,2,81
8,360,21.600000,42.984000,1,0,8520834,1150,12,1150,5,0,2,81
8,360,21.600000,42.984000,1,0,8520844,1148,12,1148,5,0,2,81
8,360,21.600000,42.984000,1,0,8520855,1145,12,1145,5,0,2,81
8,360,21.600000,42.984000,1,0,8520866,1141,12,1141,5,0,2,81
8,360,21.600000,42.984000,1,0,8520876,1138,12,1138,5,0,2,81
8,360,21.600000,42.984000,1,0,8520887,1138,12,1138,5,0,2,81
8,360,21.600000,42.984000,1,0,8520897,1138,12,1138,5,0,2,81
8,360,21.600000,42.984000,1,0,8520907,1138,12,1138,5,0,2,81
8,360,21.600000,42.984000,1,0,8520917,1138,12,1138,5,0,2,81
8,360,21.600000,42.984000,1,0,8520927,1138,12,1138,5,0,2,81
8,360,21.600000,42.984000,1,0,8520942,1138,12,1138,5,0,2,81
8,360,21.600000,42.984000,1,0,8520952,1138,12,1138,5,0,2,81
8,360,21.600000,42.984000,1,0,8520963,1138,12,1138,5,0,2,81
8,360,21.600000,42.984000,1,0,8520975,1138,12,1138,5,0,2,81
