8,720,82.800000,42.984000,1,0,8421278,600,0,600,0,0,2,16
8,720,82.800000,42.984000,1,0,8421278,600,0,600,0,0,2,16
8,720,82.800000,42.984000,1,0,8421289,600,0,600,0,0,2,16
8,720,82.800000,42.984000,1,0,8421300,600,0,600,0,0,2,16
8,720,82.800000,42.984000,1,0,8421310,600,0,600,0,0,2,16
8,720,82.800000,42.984000,1,0,8421321,600,0,600,0,0,2,16
8,720,82.800000,42.984000,1,0,8421331,600,0,600,0,0,2,16
8,720,82.800000,42.984000,1,0,8421344,603,0,603,0,0,2,16
8,720,82.800000,42.984000,1,0,8421358,611,0,611,0,0,2,16
8,720,82.800000,42.984000,1,0,8421370,631,0,631,-1,0,2,16
8,720,82.800000,42.984000,1,0,8421380,672,0,672,-2,0,2,16
8,720,82.800000,42.984000,1,0,8421391,726,0,726,-3,0,2,16
8,720,82.800000,42.984000,1,0,8421403,793,0,793,-4,0,2,16
8,720,82.800000,42.984000,1,0,8421413,870,0,870,-5,0,2,16
8,720,82.800000,42.984000,1,0,8421424,953,0,953,-6,0,2,16
8,720,82.800000,42.984000,1,0,8421434,1030,0,1030,-6,0,2,16
8,720,82.800000,42.984000,1,0,8421447,1097,0,1097,-6,0,2,16
8,720,82.800000,42.984000,1,0,8421458,1157,0,1157,-6,0,2,16
8,720,82.800000,42.984000,1,0,8421469,1194,1,1194,-5,0,2,16
8,720,82.800000,42.984000,1,0,8421480,1212,1,1212,-5,0,2,16
8,720,82.800000,42.984000,1,0,8421491,1220,1,1220,-5,0,2,16
8,720,82.800000,42.984000,1,0,8421502,1223,1,1223,-5,0,2,16
8,720,82.800000,42.984000,1,0,8421513,1226,1,1226,-5,0,2,16
8,720,82.800000,42.984000,1,0,8421523,1227,1,1227,-5,0,2,16
8,720,82.800000,42.984000,1,0,8421534,1228,1,1228,-5,0,2,16
8,720,82.800000,42.984000,1,0,8421545,1230,2,1230,-4,0,2,16
8,720,82.800000,42.984000,1,0,8421557,1232,2,1232,-4,0,2,16
8,720,82.800000,42.984000,1,0,8421568,1232,2,1232,-4,0,2,16
8,720,82.800000,42.984000,1,0,8421578,1232,2,1232,-4,0,2,16
8,720,82.800000,42.984000,1,0,8421589,1232,2,1232,-4,0,2,16
8,720,82.800000,42.984000,1,0,8421600,1232,2,1232,-4,0,2,16
8,720,82.800000,42.984000,1,0,8421611,1233,2,1233,-4,0,2,16
8,720,82.800000,42.984000,1,0,8421624,1236,2,1236,-4,0,2,16
8,720,82.800000,42.984000,1,0,8421635,1243,2,1243,-4,0,2,16
8,720,82.800000,42.984000,1,0,8421646,1248,2,1248,-4,0,2,16
8,720,82.800000,42.984000,1,0,8421657,1250,2,1250,-4,0,2,16
8,720,82.800000,42.984000,1,0,8421667,1250,2,1250,-4,0,2,16
8,720,82.800000,42.984000,1,0,8421681,1250,2,1250,-4,0,2,16
8,720,82.800000,42.984000,1,0,8421692,1251,2,1251,-4,0,2,16
8,720,82.800000,42.984000,1,0,8421704,1253,2,1253,-4,0,2,16
8,720,82.800000,42.984000,1,0,8421719,1260,2,1260,-4,0,2,16
8,720,82.800000,42.984000,1,0,8421730,1271,2,1271,-4,0,2,16
8,720,82.800000,42.984000,1,0,8421741,1276,2,1276,-4,0,2,16
8,720,82.800000,42.984000,1,0,8421752,1282,2,1282,-4,0,2,16
8,720,82.800000,42.984000,1,0,8421764,1287,2,1287,-4,0,2,16
8,720,82.800000,42.984000,1,0,8421775,1292,3,1292,-3,0,2,16
8,720,82.800000,42.984000,1,0,8421787,1298,4,1298,-2,0,2,16
8,720,82.800000,42.984000,1,0,8421798,1302,4,1302,-2,0,2,16
8,720,82.800000,42.984000,1,0,8421809,1303,4,1303,-2,0,2,16
8,720,82.800000,42.984000,1,0,8421820,1304,4,1304,-2,0,2,16
8,720,82.800000,42.984000,1,0,8421830,1304,4,1304,-2,0,2,16
8,720,82.800000,42.984000,1,0,8421841,1304,5,1304,-1,0,2,16
8,720,82.800000,42.984000,1,0,8421852,1304,5,1304,-1,0,2,16
