8,720,82.800000,12.276000,0,0,8478941,600,0,600,0,0,2,55
8,720,82.800000,12.276000,0,0,8478942,600,0,600,0,0,2,55
8,720,82.800000,12.276000,0,0,8478957,600,0,600,0,0,2,55
8,720,82.800000,12.276000,0,0,8478972,600,0,600,0,0,2,55
8,720,82.800000,12.276000,0,0,8478990,601,0,601,0,0,2,55
8,720,82.800000,12.276000,0,0,8479007,606,0,606,-1,0,2,55
8,720,82.800000,12.276000,0,0,8479024,620,0,620,-2,0,2,55
8,720,82.800000,12.276000,0,0,8479035,668,0,668,-2,0,2,55
8,720,82.800000,12.276000,0,0,8479046,716,2,716,0,0,2,55
8,720,82.800000,12.276000,0,0,8479057,783,4,783,2,0,2,55
8,720,82.800000,12.276000,0,0,8479068,863,6,863,4,0,2,55
8,720,82.800000,12.276000,0,0,8479080,960,7,960,5,0,2,55
8,720,82.800000,12.276000,0,0,8479092,1044,7,1044,5,0,2,55
8,720,82.800000,12.276000,0,0,8479103,1141,7,1141,5,0,2,55
8,720,82.800000,12.276000,0,0,8479114,1210,8,1210,6,0,2,55
8,720,82.800000,12.276000,0,0,8479128,1260,8,1260,6,0,2,55
8,720,82.800000,12.276000,0,0,8479138,1294,8,1294,6,0,2,55
8,720,82.800000,12.276000,0,0,8479149,1313,8,1313,6,0,2,55
8,720,82.800000,12.276000,0,0,8479161,1325,8,1325,6,0,2,55
8,720,82.800000,12.276000,0,0,8479171,1333,8,1333,6,0,2,55
8,720,82.800000,12.276000,0,0,8479182,1339,8,1339,6,0,2,55
8,720,82.800000,12.276000,0,0,8479194,1342,8,1342,6,0,2,55
8,720,82.800000,12.276000,0,0,8479204,1343,8,1343,6,0,2,55
8,720,82.800000,12.276000,0,0,8479214,1344,8,1344,6,0,2,55
8,720,82.800000,12.276000,0,0,8479226,1344,8,1344,6,0,2,55
8,720,82.800000,12.276000,0,0,8479236,1344,8,1344,6,0,2,55
8,720,82.800000,12.276000,0,0,8479246,1344,8,1344,6,0,2,55
8,720,82.800000,12.276000,0,0,8479257,1344,8,1344,6,0,2,55
8,720,82.800000,12.276000,0,0,8479267,1344,8,1344,6,0,2,55
8,720,82.800000,12.276000,0,0,8479278,1344,8,1344,6,0,2,55
8,720,82.800000,12.276000,0,0,8479289,1344,8,1344,6,0,2,55
8,720,82.800000,12.276000,0,0,8479299,1344,8,1344,6,0,2,55
8,720,82.800000,12.276000,0,0,8479310,1345,7,1345,5,0,2,55
8,720,82.800000,12.276000,0,0,8479321,1346,7,1346,5,0,2,55
8,720,82.800000,12.276000,0,0,8479331,1347,7,1347,5,0,2,55
8,720,82.800000,12.276000,0,0,8479342,1347,7,1347,5,0,2,55
8,720,82.800000,12.276000,0,0,8479352,1347,7,1347,5,0,2,55
8,720,82.800000,12.276000,0,0,8479362,1347,7,1347,5,0,2,55
8,720,82.800000,12.276000,0,0,8479373,1347,7,1347,5,0,2,55
8,720,82.800000,12.276000,0,0,8479384,1347,6,1347,4,0,2,55
8,720,82.800000,12.276000,0,0,8479398,1347,6,1347,4,0,2,55
8,720,82.800000,12.276000,0,0,8479412,1347,6,1347,4,0,2,55
8,720,82.800000,12.276000,0,0,8479422,1347,6,1347,4,0,2,55
