8,720,82.800000,0.000000,0,0,8604177,600,0,600,0,0,3,10
8,720,82.800000,0.000000,0,0,8604178,600,0,600,0,0,3,10
8,720,82.800000,0.000000,0,0,8604189,599,0,599,0,0,3,10
8,720,82.800000,0.000000,0,0,8604200,599,0,599,0,0,3,10
8,720,82.800000,0.000000,0,0,8604210,599,0,599,0,0,3,10
8,720,82.800000,0.000000,0,0,8604221,599,0,599,0,0,3,10
8,720,82.800000,0.000000,0,0,8604232,599,0,599,0,0,3,10
8,720,82.800000,0.000000,0,0,8604243,599,0,599,0,0,3,10
8,720,82.800000,0.000000,0,0,8604257,599,0,599,-1,0,3,10
8,720,82.800000,0.000000,0,0,8604269,604,0,604,-2,0,3,10
8,720,82.800000,0.000000,0,0,8604280,613,0,613,-3,0,3,10
8,720,82.800000,0.000000,0,0,8604291,630,0,630,-5,0,3,10
8,720,82.800000,0.000000,0,0,8604303,660,0,660,-5,0,3,10
8,720,82.800000,0.000000,0,0,8604314,703,0,703,-5,0,3,10
8,720,82.800000,0.000000,0,0,8604326,761,0,761,-5,0,3,10
8,720,82.800000,0.000000,0,0,8604337,829,1,829,-4,0,3,10
8,720,82.800000,0.000000,0,0,8604348,906,2,906,-3,0,3,10
8,720,82.800000,0.000000,0,0,8604360,982,4,982,-1,0,3,10
8,720,82.800000,0.000000,0,0,8604371,1043,6,1043,1,0,3,10
8,720,82.800000,0.000000,0,0,8604382,1092,7,1092,2,0,3,10
8,720,82.800000,0.000000,0,0,8604394,1127,8,1127,3,0,3,10
8,720,82.800000,0.000000,0,0,8604405,1154,8,1154,3,0,3,10
8,720,82.800000,0.000000,0,0,8604418,1174,8,1174,3,0,3,10
8,720,82.800000,0.000000,0,0,8604430,1189,8,1189,3,0,3,10
8,720,82.800000,0.000000,0,0,8604441,1205,8,1205,3,0,3,10
8,720,82.800000,0.000000,0,0,8604452,1218,8,1218,3,0,3,10
8,720,82.800000,0.000000,0,0,8604463,1225,8,1225,3,0,3,10
8,720,82.800000,0.000000,0,0,8604474,1227,8,1227,3,0,3,10
8,720,82.800000,0.000000,0,0,8604485,1229,8,1229,3,0,3,10
8,720,82.800000,0.000000,0,0,8604496,1229,8,1229,3,0,3,10
8,720,82.800000,0.000000,0,0,8604506,1229,8,1229,3,0,3,10
8,720,82.800000,0.000000,0,0,8604517,1230,8,1230,3,0,3,10
8,720,82.800000,0.000000,0,0,8604533,1231,7,1231,2,0,3,10
8,720,82.800000,0.000000,0,0,8604544,1235,6,1235,1,0,3,10
8,720,82.800000,0.000000,0,0,8604556,1236,5,1236,0,0,3,10
8,720,82.800000,0.000000,0,0,8604567,1238,4,1238,-1,0,3,10
8,720,82.800000,0.000000,0,0,8604578,1240,4,1240,-1,0,3,10
8,720,82.800000,0.000000,0,0,8604589,1245,3,1245,-2,0,3,10
8,720,82.800000,0.000000,0,0,8604600,1257,2,1257,-3,0,3,10
8,720,82.800000,0.000000,0,0,8604611,1274,2,1274,-3,0,3,10
8,720,82.800000,0.000000,0,0,8604622,1291,1,1291,-4,0,3,10
8,720,82.800000,0.000000,0,0,8604632,1304,0,1304,-5,0,3,10
8,720,82.800000,0.000000,0,0,8604643,1309,0,1309,-5,0,3,10
8,720,82.800000,0.000000,0,0,8604653,1309,0,1309,-5,0,3,10
8,720,82.800000,0.000000,0,0,8604664,1309,0,1309,-5,0,3,10
8,720,82.800000,0.000000,0,0,8604675,1309,0,1309,-5,0,3,10
8,720,82.800000,0.000000,0,0,8604687,1309,0,1309,-5,0,3,10
8,720,82.800000,0.000000,0,0,8604697,1309,0,1309,-5,0,3,10
8,720,82.800000,0.000000,0,0,8604708,1309,0,1309,-5,0,3,10
8,720,82.800000,0.000000,0,0,8604719,1309,0,1309,-5,0,3,10
8,720,82.800000,0.000000,0,0,8604730,1309,0,1309,-5,0,3,10
8,720,82.800000,0.000000,0,0,8604741,1309,0,1309,-5,0,3,10
8,720,82.800000,0.000000,0,0,8604752,1309,0,1309,-5,0,3,10
8,720,82.800000,0.000000,0,0,8604761,1309,0,1309,-5,0,3,10
8,720,82.800000,0.000000,0,0,8604773,1309,0,1309,-5,0,3,10
8,720,82.800000,0.000000,0,0,8604783,1309,0,1309,-5,0,3,10
8,720,82.800000,0.000000,0,0,8604794,1309,0,1309,-5,0,3,10
8,720,82.800000,0.000000,0,0,8604804,1309,0,1309,-5,0,3,10
8,720,82.800000,0.000000,0,0,8604816,1309,0,1309,-5,0,3,10
8,720,82.800000,0.000000,0,0,8604826,1309,0,1309,-5,0,3,10
8,720,82.800000,0.000000,0,0,8604835,1309,0,1309,-5,0,3,10
