8,720,82.800000,22.608000,1,1,8706480,600,22,600,22,0,3,74
8,720,82.800000,22.608000,1,1,8706481,600,22,600,22,0,3,74
8,720,82.800000,22.608000,1,1,8706492,600,22,600,22,0,3,74
8,720,82.800000,22.608000,1,1,8706503,600,22,600,22,0,3,74
8,720,82.800000,22.608000,1,1,8706514,600,22,600,22,0,3,74
8,720,82.800000,22.608000,1,1,8706525,600,22,600,22,0,3,74
8,720,82.800000,22.608000,1,1,8706536,601,22,601,22,0,3,74
8,720,82.800000,22.608000,1,1,8706548,604,21,604,21,0,3,74
8,720,82.800000,22.608000,1,1,8706560,616,19,616,19,0,3,74
8,720,82.800000,22.608000,1,1,8706571,647,17,647,17,0,3,74
8,720,82.800000,22.608000,1,1,8706584,708,13,708,13,0,3,74
8,720,82.800000,22.608000,1,1,8706597,790,9,790,9,0,3,74
8,720,82.800000,22.608000,1,1,8706609,887,5,887,5,0,3,74
8,720,82.800000,22.608000,1,1,8706622,973,3,973,3,0,3,74
8,720,82.800000,22.608000,1,1,8706633,1055,3,1055,3,0,3,74
8,720,82.800000,22.608000,1,1,8706643,1123,3,1123,3,0,3,74
8,720,82.800000,22.608000,1,1,8706656,1189,4,1189,4,0,3,74
8,720,82.800000,22.608000,1,1,8706668,1244,6,1244,6,0,3,74
8,720,82.800000,22.608000,1,1,8706681,1276,7,1276,7,0,3,74
8,720,82.800000,22.608000,1,1,8706692,1293,7,1293,7,0,3,74
8,720,82.800000,22.608000,1,1,8706703,1298,7,1298,7,0,3,74
8,720,82.800000,22.608000,1,1,8706714,1298,7,1298,7,0,3,74
8,720,82.800000,22.608000,1,1,8706725,1298,7,1298,7,0,3,74
8,720,82.800000,22.608000,1,1,8706735,1298,7,1298,7,0,3,74
8,720,82.800000,22.608000,1,1,8706746,1298,7,1298,7,0,3,74
8,720,82.800000,22.608000,1,1,8706757,1299,7,1299,7,0,3,74
8,720,82.800000,22.608000,1,1,8706768,1301,7,1301,7,0,3,74
8,720,82.800000,22.608000,1,1,8706779,1304,6,1304,6,0,3,74
8,720,82.800000,22.608000,1,1,8706791,1308,5,1308,5,0,3,74
8,720,82.800000,22.608000,1,1,8706804,1311,5,1311,5,0,3,74
8,720,82.800000,22.608000,1,1,8706821,1314,4,1314,4,0,3,74
8,720,82.800000,22.608000,1,1,8706838,1315,4,1315,4,0,3,74
8,720,82.800000,22.608000,1,1,8706852,1315,4,1315,4,0,3,74
8,720,82.800000,22.608000,1,1,8706864,1315,4,1315,4,0,3,74
8,720,82.800000,22.608000,1,1,8706874,1315,4,1315,4,0,3,74
8,720,82.800000,22.608000,1,1,8706885,1315,4,1315,4,0,3,74
8,720,82.800000,22.608000,1,1,8706896,1315,4,1315,4,0,3,74
8,720,82.800000,22.608000,1,1,8706907,1315,4,1315,4,0,3,74
8,720,82.800000,22.608000,1,1,8706918,1315,4,1315,4,0,3,74
8,720,82.800000,22.608000,1,1,8706929,1315,4,1315,4,0,3,74
8,720,82.800000,22.608000,1,1,8706938,1315,4,1315,4,0,3,74
