8,720,82.800000,12.276000,1,0,8616291,600,0,600,0,0,3,17
8,720,82.800000,12.276000,1,0,8616291,600,0,600,0,0,3,17
8,720,82.800000,12.276000,1,0,8616302,600,0,600,0,0,3,17
8,720,82.800000,12.276000,1,0,8616313,600,0,600,0,0,3,17
8,720,82.800000,12.276000,1,0,8616323,600,0,600,0,0,3,17
8,720,82.800000,12.276000,1,0,8616334,600,0,600,0,0,3,17
8,720,82.800000,12.276000,1,0,8616346,600,0,600,0,0,3,17
8,720,82.800000,12.276000,1,0,8616360,601,0,601,0,0,3,17
8,720,82.800000,12.276000,1,0,8616370,611,0,611,0,0,3,17
8,720,82.800000,12.276000,1,0,8616383,631,0,631,0,0,3,17
8,720,82.800000,12.276000,1,0,8616394,676,0,676,0,0,3,17
8,720,82.800000,12.276000,1,0,8616407,731,1,731,1,0,3,17
8,720,82.800000,12.276000,1,0,8616418,813,3,813,3,0,3,17
8,720,82.800000,12.276000,1,0,8616429,892,5,892,5,0,3,17
8,720,82.800000,12.276000,1,0,8616441,987,8,987,8,0,3,17
8,720,82.800000,12.276000,1,0,8616452,1063,10,1063,10,0,3,17
8,720,82.800000,12.276000,1,0,8616463,1139,11,1139,11,0,3,17
8,720,82.800000,12.276000,1,0,8616473,1187,11,1187,11,0,3,17
8,720,82.800000,12.276000,1,0,8616484,1215,11,1215,11,0,3,17
8,720,82.800000,12.276000,1,0,8616495,1239,11,1239,11,0,3,17
8,720,82.800000,12.276000,1,0,8616506,1254,11,1254,11,0,3,17
8,720,82.800000,12.276000,1,0,8616517,1261,11,1261,11,0,3,17
8,720,82.800000,12.276000,1,0,8616527,1269,11,1269,11,0,3,17
8,720,82.800000,12.276000,1,0,8616539,1276,11,1276,11,0,3,17
8,720,82.800000,12.276000,1,0,8616551,1281,11,1281,11,0,3,17
8,720,82.800000,12.276000,1,0,8616562,1285,11,1285,11,0,3,17
8,720,82.800000,12.276000,1,0,8616573,1287,11,1287,11,0,3,17
8,720,82.800000,12.276000,1,0,8616584,1289,11,1289,11,0,3,17
8,720,82.800000,12.276000,1,0,8616595,1289,11,1289,11,0,3,17
8,720,82.800000,12.276000,1,0,8616605,1289,11,1289,11,0,3,17
8,720,82.800000,12.276000,1,0,8616616,1290,11,1290,11,0,3,17
8,720,82.800000,12.276000,1,0,8616627,1290,11,1290,11,0,3,17
8,720,82.800000,12.276000,1,0,8616637,1291,11,1291,11,0,3,17
8,720,82.800000,12.276000,1,0,8616648,1291,11,1291,11,0,3,17
8,720,82.800000,12.276000,1,0,8616658,1291,11,1291,11,0,3,17
8,720,82.800000,12.276000,1,0,8616669,1291,11,1291,11,0,3,17
8,720,82.800000,12.276000,1,0,8616679,1292,11,1292,11,0,3,17
8,720,82.800000,12.276000,1,0,8616690,1293,11,1293,11,0,3,17
8,720,82.800000,12.276000,1,0,8616701,1294,11,1294,11,0,3,17
8,720,82.800000,12.276000,1,0,8616712,1296,11,1296,11,0,3,17
8,720,82.800000,12.276000,1,0,8616723,1297,11,1297,11,0,3,17
8,720,82.800000,12.276000,1,0,8616734,1297,11,1297,11,0,3,17
8,720,82.800000,12.276000,1,0,8616743,1297,11,1297,11,0,3,17
8,720,82.800000,12.276000,1,0,8616755,1297,11,1297,11,0,3,17
8,720,82.800000,12.276000,1,0,8616765,1297,11,1297,11,0,3,17
