8,360,82.800000,10000.000000,1,1,8739664,780,22,780,22,0,3,96
8,360,82.800000,10000.000000,1,1,8739665,780,22,780,22,0,3,96
8,360,82.800000,10000.000000,1,1,8739676,780,22,780,22,0,3,96
8,360,82.800000,10000.000000,1,1,8739686,780,22,780,22,0,3,96
8,360,82.800000,10000.000000,1,1,8739697,780,22,780,22,0,3,96
8,360,82.800000,10000.000000,1,1,8739707,780,22,780,22,0,3,96
8,360,82.800000,10000.000000,1,1,8739718,781,22,781,22,0,3,96
8,360,82.800000,10000.000000,1,1,8739731,783,21,783,21,0,3,96
8,360,82.800000,10000.000000,1,1,8739741,787,20,787,20,0,3,96
8,360,82.800000,10000.000000,1,1,8739753,797,19,797,19,0,3,96
8,360,82.800000,10000.000000,1,1,8739763,818,18,818,18,0,3,96
8,360,82.800000,10000.000000,1,1,8739773,849,17,849,17,0,3,96
8,360,82.800000,10000.000000,1,1,8739785,889,17,889,17,0,3,96
8,360,82.800000,10000.000000,1,1,8739795,931,17,931,17,0,3,96
8,360,82.800000,10000.000000,1,1,8739805,980,17,980,17,0,3,96
8,360,82.800000,10000.000000,1,1,8739817,1036,18,1036,18,0,3,96
8,360,82.800000,10000.000000,1,1,8739829,1084,20,1084,20,0,3,96
8,360,82.800000,10000.000000,1,1,8739840,1120,20,1120,20,0,3,96
8,360,82.800000,10000.000000,1,1,8739852,1140,20,1140,20,0,3,96
8,360,82.800000,10000.000000,1,1,8739863,1150,20,1150,20,0,3,96
8,360,82.800000,10000.000000,1,1,8739874,1152,20,1152,20,0,3,96
8,360,82.800000,10000.000000,1,1,8739885,1152,20,1152,20,0,3,96
8,360,82.800000,10000.000000,1,1,8739897,1152,20,1152,20,0,3,96
8,360,82.800000,10000.000000,1,1,8739908,1152,20,1152,20,0,3,96
8,360,82.800000,10000.000000,1,1,8739919,1153,20,1153,20,0,3,96
8,360,82.800000,10000.000000,1,1,8739930,1153,20,1153,20,0,3,96
8,360,82.800000,10000.000000,1,1,8739940,1155,20,1155,20,0,3,96
8,360,82.800000,10000.000000,1,1,8739952,1157,20,1157,20,0,3,96
8,360,82.800000,10000.000000,1,1,8739962,1157,20,1157,20,0,3,96
8,360,82.800000,10000.000000,1,1,8739973,1157,20,1157,20,0,3,96
8,360,82.800000,10000.000000,1,1,8739983,1157,20,1157,20,0,3,96
8,360,82.800000,10000.000000,1,1,8739995,1158,20,1158,20,0,3,96
8,360,82.800000,10000.000000,1,1,8740006,1159,19,1159,19,0,3,96
8,360,82.800000,10000.000000,1,1,8740017,1159,18,1159,18,0,3,96
8,360,82.800000,10000.000000,1,1,8740027,1159,17,1159,17,0,3,96
8,360,82.800000,10000.000000,1,1,8740037,1159,16,1159,16,0,3,96
8,360,82.800000,10000.000000,1,1,8740048,1159,16,1159,16,0,3,96
8,360,82.800000,10000.000000,1,1,8740059,1159,16,1159,16,0,3,96
8,360,82.800000,10000.000000,1,1,8740070,1159,15,1159,15,0,3,96
8,360,82.800000,10000.000000,1,1,8740081,1159,15,1159,15,0,3,96
8,360,82.800000,10000.000000,1,1,8740092,1159,14,1159,14,0,3,96
8,360,82.800000,10000.000000,1,1,8740102,1159,13,1159,13,0,3,96
8,360,82.800000,10000.000000,1,1,8740113,1159,12,1159,12,0,3,96
8,360,82.800000,10000.000000,1,1,8740124,1159,11,1159,11,0,3,96
8,360,82.800000,10000.000000,1,1,8740134,1159,11,1159,11,0,3,96
8,360,82.800000,10000.000000,1,1,8740144,1159,11,1159,11,0,3,96
