8,720,21.600000,22.608000,0,1,8619261,600,22,600,22,0,3,19
8,720,21.600000,22.608000,0,1,8619263,600,22,600,22,0,3,19
8,720,21.600000,22.608000,0,1,8619274,600,22,600,22,0,3,19
8,720,21.600000,22.608000,0,1,8619283,600,22,600,22,0,3,19
8,720,21.600000,22.608000,0,1,8619295,600,22,600,22,0,3,19
8,720,21.600000,22.608000,0,1,8619306,600,22,600,22,0,3,19
8,720,21.600000,22.608000,0,1,8619316,600,22,600,22,0,3,19
8,720,21.600000,22.608000,0,1,8619327,600,22,600,22,0,3,19
8,720,21.600000,22.608000,0,1,8619338,600,22,600,22,0,3,19
8,720,21.600000,22.608000,0,1,8619348,601,22,601,22,0,3,19
8,720,21.600000,22.608000,0,1,8619360,604,22,604,22,0,3,19
8,720,21.600000,22.608000,0,1,8619371,614,20,614,20,0,3,19
8,720,21.600000,22.608000,0,1,8619382,643,16,643,16,0,3,19
8,720,21.600000,22.608000,0,1,8619393,667,15,667,15,0,3,19
8,720,21.600000,22.608000,0,1,8619405,709,14,709,14,0,3,19
8,720,21.600000,22.608000,0,1,8619415,758,13,758,13,0,3,19
8,720,21.600000,22.608000,0,1,8619426,825,12,825,12,0,3,19
8,720,21.600000,22.608000,0,1,8619436,890,12,890,12,0,3,19
8,720,21.600000,22.608000,0,1,8619447,949,12,949,12,0,3,19
8,720,21.600000,22.608000,0,1,8619458,1005,11,1005,11,0,3,19
8,720,21.600000,22.608000,0,1,8619470,1043,10,1043,10,0,3,19
8,720,21.600000,22.608000,0,1,8619482,1083,9,1083,9,0,3,19
8,720,21.600000,22.608000,0,1,8619494,1114,8,1114,8,0,3,19
8,720,21.600000,22.608000,0,1,8619506,1138,7,1138,7,0,3,19
8,720,21.600000,22.608000,0,1,8619518,1157,7,1157,7,0,3,19
8,720,21.600000,22.608000,0,1,8619530,1172,7,1172,7,0,3,19
8,720,21.600000,22.608000,0,1,8619545,1202,5,1202,5,0,3,19
8,720,21.600000,22.608000,0,1,8619561,1211,5,1211,5,0,3,19
8,720,21.600000,22.608000,0,1,8619576,1215,4,1215,4,0,3,19
8,720,21.600000,22.608000,0,1,8619587,1220,4,1220,4,0,3,19
8,720,21.600000,22.608000,0,1,8619599,1225,4,1225,4,0,3,19
8,720,21.600000,22.608000,0,1,8619610,1234,4,1234,4,0,3,19
8,720,21.600000,22.608000,0,1,8619621,1244,4,1244,4,0,3,19
8,720,21.600000,22.608000,0,1,8619632,1254,3,1254,3,0,3,19
8,720,21.600000,22.608000,0,1,8619643,1261,3,1261,3,0,3,19
8,720,21.600000,22.608000,0,1,8619654,1268,2,1268,2,0,3,19
8,720,21.600000,22.608000,0,1,8619666,1272,2,1272,2,0,3,19
8,720,21.600000,22.608000,0,1,8619678,1277,2,1277,2,0,3,19
8,720,21.600000,22.608000,0,1,8619690,1284,2,1284,2,0,3,19
8,720,21.600000,22.608000,0,1,8619701,1301,2,1301,2,0,3,19
8,720,21.600000,22.608000,0,1,8619713,1320,3,1320,3,0,3,19
8,720,21.600000,22.608000,0,1,8619725,1344,4,1344,4,0,3,19
8,720,21.600000,22.608000,0,1,8619738,1364,4,1364,4,0,3,19
8,720,21.600000,22.608000,0,1,8619749,1380,4,1380,4,0,3,19
8,720,21.600000,22.608000,0,1,8619760,1386,4,1386,4,0,3,19
8,720,21.600000,22.608000,0,1,8619771,1387,4,1387,4,0,3,19
8,720,21.600000,22.608000,0,1,8619782,1387,4,1387,4,0,3,19
8,720,21.600000,22.608000,0,1,8619793,1387,4,1387,4,0,3,19
8,720,21.600000,22.608000,0,1,8619803,1386,4,1386,4,0,3,19
8,720,21.600000,22.608000,0,1,8619814,1386,4,1386,4,0,3,19
8,720,21.600000,22.608000,0,1,8619825,1386,4,1386,4,0,3,19
8,720,21.600000,22.608000,0,1,8619836,1386,4,1386,4,0,3,19
8,720,21.600000,22.608000,0,1,8619847,1386,4,1386,4,0,3,19
8,720,21.600000,22.608000,0,1,8619857,1385,4,1385,4,0,3,19
8,720,21.600000,22.608000,0,1,8619868,1384,4,1384,4,0,3,19
8,720,21.600000,22.608000,0,1,8619879,1382,4,1382,4,0,3,19
8,720,21.600000,22.608000,0,1,8619890,1380,4,1380,4,0,3,19
8,720,21.600000,22.608000,0,1,8619903,1377,4,1377,4,0,3,19
8,720,21.600000,22.608000,0,1,8619919,1372,5,1372,5,0,3,19
8,720,21.600000,22.608000,0,1,8619934,1363,6,1363,6,0,3,19
8,720,21.600000,22.608000,0,1,8619952,1351,6,1351,6,0,3,19
8,720,21.600000,22.608000,0,1,8619966,1339,6,1339,6,0,3,19
8,720,21.600000,22.608000,0,1,8619976,1335,7,1335,7,0,3,19
8,720,21.600000,22.608000,0,1,8619987,1335,7,1335,7,0,3,19
8,720,21.600000,22.608000,0,1,8619997,1335,7,1335,7,0,3,19
8,720,21.600000,22.608000,0,1,8620009,1335,7,1335,7,0,3,19
8,720,21.600000,22.608000,0,1,8620019,1335,7,1335,7,0,3,19
8,720,21.600000,22.608000,0,1,8620030,1334,7,1334,7,0,3,19
8,720,21.600000,22.608000,0,1,8620040,1333,7,1333,7,0,3,19
8,720,21.600000,22.608000,0,1,8620051,1332,7,1332,7,0,3,19
8,720,21.600000,22.608000,0,1,8620061,1331,7,1331,7,0,3,19
8,720,21.600000,22.608000,0,1,8620077,1330,7,1330,7,0,3,19
8,720,21.600000,22.608000,0,1,8620088,1328,7,1328,7,0,3,19
8,720,21.600000,22.608000,0,1,8620100,1325,7,1325,7,0,3,19
8,720,21.600000,22.608000,0,1,8620111,1321,7,1321,7,0,3,19
8,720,21.600000,22.608000,0,1,8620127,1319,8,1319,8,0,3,19
8,720,21.600000,22.608000,0,1,8620141,1318,8,1318,8,0,3,19
8,720,21.600000,22.608000,0,1,8620156,1318,8,1318,8,0,3,19
8,720,21.600000,22.608000,0,1,8620171,1318,8,1318,8,0,3,19
8,720,21.600000,22.608000,0,1,8620186,1318,8,1318,8,0,3,19
8,720,21.600000,22.608000,0,1,8620200,1318,8,1318,8,0,3,19
8,720,21.600000,22.608000,0,1,8620211,1318,8,1318,8,0,3,19
8,720,21.600000,22.608000,0,1,8620228,1318,8,1318,8,0,3,19
