8,360,82.800000,22.608000,1,1,8593923,780,22,780,22,0,3,4
8,360,82.800000,22.608000,1,1,8593923,780,22,780,22,0,3,4
8,360,82.800000,22.608000,1,1,8593935,780,22,780,22,0,3,4
8,360,82.800000,22.608000,1,1,8593944,780,22,780,22,0,3,4
8,360,82.800000,22.608000,1,1,8593954,780,22,780,22,0,3,4
8,360,82.800000,22.608000,1,1,8593964,780,22,780,22,0,3,4
8,360,82.800000,22.608000,1,1,8593976,780,22,780,22,0,3,4
8,360,82.800000,22.608000,1,1,8593986,780,22,780,22,0,3,4
8,360,82.800000,22.608000,1,1,8593997,780,22,780,22,0,3,4
8,360,82.800000,22.608000,1,1,8594009,786,22,786,22,0,3,4
8,360,82.800000,22.608000,1,1,8594021,800,22,800,22,0,3,4
8,360,82.800000,22.608000,1,1,8594035,825,20,825,20,0,3,4
8,360,82.800000,22.608000,1,1,8594045,878,17,878,17,0,3,4
8,360,82.800000,22.608000,1,1,8594056,923,14,923,14,0,3,4
8,360,82.800000,22.608000,1,1,8594068,978,11,978,11,0,3,4
8,360,82.800000,22.608000,1,1,8594080,1032,9,1032,9,0,3,4
8,360,82.800000,22.608000,1,1,8594092,1070,7,1070,7,0,3,4
8,360,82.800000,22.608000,1,1,8594103,1105,6,1105,6,0,3,4
8,360,82.800000,22.608000,1,1,8594118,1121,5,1121,5,0,3,4
8,360,82.800000,22.608000,1,1,8594129,1128,5,1128,5,0,3,4
8,360,82.800000,22.608000,1,1,8594139,1128,5,1128,5,0,3,4
8,360,82.800000,22.608000,1,1,8594150,1128,5,1128,5,0,3,4
8,360,82.800000,22.608000,1,1,8594160,1128,5,1128,5,0,3,4
8,360,82.800000,22.608000,1,1,8594171,1128,5,1128,5,0,3,4
8,360,82.800000,22.608000,1,1,8594181,1128,5,1128,5,0,3,4
8,360,82.800000,22.608000,1,1,8594192,1128,5,1128,5,0,3,4
8,360,82.800000,22.608000,1,1,8594202,1128,5,1128,5,0,3,4
8,360,82.800000,22.608000,1,1,8594212,1128,5,1128,5,0,3,4
8,360,82.800000,22.608000,1,1,8594222,1128,5,1128,5,0,3,4
8,360,82.800000,22.608000,1,1,8594232,1128,5,1128,5,0,3,4
8,360,82.800000,22.608000,1,1,8594243,1128,5,1128,5,0,3,4
8,360,82.800000,22.608000,1,1,8594253,1128,5,1128,5,0,3,4
8,360,82.800000,22.608000,1,1,8594263,1128,5,1128,5,0,3,4
8,360,82.800000,22.608000,1,1,8594273,1128,5,1128,5,0,3,4
8,360,82.800000,22.608000,1,1,8594284,1128,5,1128,5,0,3,4
8,360,82.800000,22.608000,1,1,8594294,1128,5,1128,5,0,3,4
8,360,82.800000,22.608000,1,1,8594305,1128,5,1128,5,0,3,4
8,360,82.800000,22.608000,1,1,8594319,1128,5,1128,5,0,3,4
8,360,82.800000,22.608000,1,1,8594329,1128,5,1128,5,0,3,4
8,360,82.800000,22.608000,1,1,8594339,1128,5,1128,5,0,3,4
