8,360,21.600000,22.608000,0,0,8590621,780,0,780,0,0,3,2
8,360,21.600000,22.608000,0,0,8590622,780,0,780,0,0,3,2
8,360,21.600000,22.608000,0,0,8590633,780,0,780,0,0,3,2
8,360,21.600000,22.608000,0,0,8590642,780,0,780,0,0,3,2
8,360,21.600000,22.608000,0,0,8590653,780,0,780,0,0,3,2
8,360,21.600000,22.608000,0,0,8590663,780,0,780,0,0,3,2
8,360,21.600000,22.608000,0,0,8590674,781,0,781,0,0,3,2
8,360,21.600000,22.608000,0,0,8590685,783,0,783,0,0,3,2
8,360,21.600000,22.608000,0,0,8590698,787,0,787,0,0,3,2
8,360,21.600000,22.608000,0,0,8590710,794,0,794,-1,0,3,2
8,360,21.600000,22.608000,0,0,8590723,806,0,806,-2,0,3,2
8,360,21.600000,22.608000,0,0,8590733,826,0,826,-3,0,3,2
8,360,21.600000,22.608000,0,0,8590745,851,0,851,-3,0,3,2
8,360,21.600000,22.608000,0,0,8590755,893,0,893,-4,0,3,2
8,360,21.600000,22.608000,0,0,8590765,934,0,934,-4,0,3,2
8,360,21.600000,22.608000,0,0,8590777,979,0,979,-5,0,3,2
8,360,21.600000,22.608000,0,0,8590789,1024,0,1024,-6,0,3,2
8,360,21.600000,22.608000,0,0,8590800,1059,0,1059,-6,0,3,2
8,360,21.600000,22.608000,0,0,8590811,1084,0,1084,-6,0,3,2
8,360,21.600000,22.608000,0,0,8590823,1106,0,1106,-6,0,3,2
8,360,21.600000,22.608000,0,0,8590834,1126,0,1126,-6,0,3,2
8,360,21.600000,22.608000,0,0,8590844,1138,0,1138,-6,0,3,2
8,360,21.600000,22.608000,0,0,8590854,1141,0,1141,-6,0,3,2
8,360,21.600000,22.608000,0,0,8590865,1142,0,1142,-6,0,3,2
8,360,21.600000,22.608000,0,0,8590875,1142,0,1142,-6,0,3,2
8,360,21.600000,22.608000,0,0,8590886,1142,0,1142,-6,0,3,2
8,360,21.600000,22.608000,0,0,8590896,1142,0,1142,-6,0,3,2
8,360,21.600000,22.608000,0,0,8590906,1142,0,1142,-6,0,3,2
8,360,21.600000,22.608000,0,0,8590917,1142,0,1142,-6,0,3,2
8,360,21.600000,22.608000,0,0,8590927,1142,0,1142,-6,0,3,2
8,360,21.600000,22.608000,0,0,8590937,1142,0,1142,-6,0,3,2
8,360,21.600000,22.608000,0,0,8590947,1142,0,1142,-6,0,3,2
8,360,21.600000,22.608000,0,0,8590958,1142,0,1142,-6,0,3,2
8,360,21.600000,22.608000,0,0,8590968,1141,0,1141,-6,0,3,2
8,360,21.600000,22.608000,0,0,8590982,1141,0,1141,-6,0,3,2
8,360,21.600000,22.608000,0,0,8590993,1141,0,1141,-6,0,3,2
8,360,21.600000,22.608000,0,0,8591003,1141,0,1141,-6,0,3,2
8,360,21.600000,22.608000,0,0,8591014,1141,0,1141,-6,0,3,2
8,360,21.600000,22.608000,0,0,8591024,1141,0,1141,-6,0,3,2
8,360,21.600000,22.608000,0,0,8591034,1141,0,1141,-6,0,3,2
8,360,21.600000,22.608000,0,0,8591044,1141,0,1141,-6,0,3,2
8,360,21.600000,22.608000,0,0,8591055,1140,0,1140,-6,0,3,2
8,360,21.600000,22.608000,0,0,8591065,1139,0,1139,-6,0,3,2
8,360,21.600000,22.608000,0,0,8591076,1139,0,1139,-6,0,3,2
8,360,21.600000,22.608000,0,0,8591088,1139,0,1139,-6,0,3,2
8,360,21.600000,22.608000,0,0,8591100,1139,0,1139,-6,0,3,2
8,360,21.600000,22.608000,0,0,8591116,1139,0,1139,-6,0,3,2
8,360,21.600000,22.608000,0,0,8591126,1139,0,1139,-6,0,3,2
