8,360,21.600000,0.000000,0,1,8756757,780,22,780,22,0,3,108
8,360,21.600000,0.000000,0,1,8756758,780,22,780,22,0,3,108
8,360,21.600000,0.000000,0,1,8756769,780,22,780,22,0,3,108
8,360,21.600000,0.000000,0,1,8756781,780,22,780,22,0,3,108
8,360,21.600000,0.000000,0,1,8756796,780,22,780,22,0,3,108
8,360,21.600000,0.000000,0,1,8756807,780,22,780,22,0,3,108
8,360,21.600000,0.000000,0,1,8756818,784,21,784,21,0,3,108
8,360,21.600000,0.000000,0,1,8756830,796,21,796,21,0,3,108
8,360,21.600000,0.000000,0,1,8756842,822,19,822,19,0,3,108
8,360,21.600000,0.000000,0,1,8756853,872,17,872,17,0,3,108
8,360,21.600000,0.000000,0,1,8756865,924,15,924,15,0,3,108
8,360,21.600000,0.000000,0,1,8756876,972,13,972,13,0,3,108
8,360,21.600000,0.000000,0,1,8756888,1005,13,1005,13,0,3,108
8,360,21.600000,0.000000,0,1,8756901,1031,13,1031,13,0,3,108
8,360,21.600000,0.000000,0,1,8756912,1047,13,1047,13,0,3,108
8,360,21.600000,0.000000,0,1,8756923,1053,13,1053,13,0,3,108
8,360,21.600000,0.000000,0,1,8756935,1055,13,1055,13,0,3,108
8,360,21.600000,0.000000,0,1,8756945,1056,13,1056,13,0,3,108
8,360,21.600000,0.000000,0,1,8756956,1057,13,1057,13,0,3,108
8,360,21.600000,0.000000,0,1,8756967,1058,13,1058,13,0,3,108
8,360,21.600000,0.000000,0,1,8756978,1062,13,1062,13,0,3,108
8,360,21.600000,0.000000,0,1,8756989,1070,12,1070,12,0,3,108
8,360,21.600000,0.000000,0,1,8757000,1079,12,1079,12,0,3,108
8,360,21.600000,0.000000,0,1,8757011,1086,12,1086,12,0,3,108
8,360,21.600000,0.000000,0,1,8757026,1095,12,1095,12,0,3,108
8,360,21.600000,0.000000,0,1,8757036,1101,12,1101,12,0,3,108
8,360,21.600000,0.000000,0,1,8757047,1103,11,1103,11,0,3,108
8,360,21.600000,0.000000,0,1,8757058,1104,11,1104,11,0,3,108
8,360,21.600000,0.000000,0,1,8757069,1104,11,1104,11,0,3,108
8,360,21.600000,0.000000,0,1,8757079,1104,11,1104,11,0,3,108
8,360,21.600000,0.000000,0,1,8757090,1105,11,1105,11,0,3,108
8,360,21.600000,0.000000,0,1,8757101,1108,11,1108,11,0,3,108
8,360,21.600000,0.000000,0,1,8757112,1112,10,1112,10,0,3,108
8,360,21.600000,0.000000,0,1,8757123,1113,10,1113,10,0,3,108
8,360,21.600000,0.000000,0,1,8757134,1113,10,1113,10,0,3,108
8,360,21.600000,0.000000,0,1,8757144,1113,10,1113,10,0,3,108
8,360,21.600000,0.000000,0,1,8757154,1113,10,1113,10,0,3,108
8,360,21.600000,0.000000,0,1,8757165,1113,10,1113,10,0,3,108
8,360,21.600000,0.000000,0,1,8757176,1113,10,1113,10,0,3,108
8,360,21.600000,0.000000,0,1,8757187,1113,10,1113,10,0,3,108
8,360,21.600000,0.000000,0,1,8757197,1114,10,1114,10,0,3,108
8,360,21.600000,0.000000,0,1,8757208,1115,9,1115,9,0,3,108
8,360,21.600000,0.000000,0,1,8757219,1116,9,1116,9,0,3,108
8,360,21.600000,0.000000,0,1,8757229,1116,9,1116,9,0,3,108
8,360,21.600000,0.000000,0,1,8757240,1116,9,1116,9,0,3,108
8,360,21.600000,0.000000,0,1,8757251,1117,9,1117,9,0,3,108
8,360,21.600000,0.000000,0,1,8757262,1118,9,1118,9,0,3,108
8,360,21.600000,0.000000,0,1,8757273,1121,8,1121,8,0,3,108
8,360,21.600000,0.000000,0,1,8757288,1125,6,1125,6,0,3,108
8,360,21.600000,0.000000,0,1,8757303,1130,5,1130,5,0,3,108
8,360,21.600000,0.000000,0,1,8757314,1131,5,1131,5,0,3,108
8,360,21.600000,0.000000,0,1,8757324,1131,5,1131,5,0,3,108
8,360,21.600000,0.000000,0,1,8757336,1132,5,1132,5,0,3,108
8,360,21.600000,0.000000,0,1,8757346,1136,5,1136,5,0,3,108
8,360,21.600000,0.000000,0,1,8757357,1139,4,1139,4,0,3,108
8,360,21.600000,0.000000,0,1,8757369,1140,4,1140,4,0,3,108
8,360,21.600000,0.000000,0,1,8757383,1140,4,1140,4,0,3,108
8,360,21.600000,0.000000,0,1,8757393,1140,4,1140,4,0,3,108
8,360,21.600000,0.000000,0,1,8757404,1140,4,1140,4,0,3,108
8,360,21.600000,0.000000,0,1,8757415,1140,4,1140,4,0,3,108
8,360,21.600000,0.000000,0,1,8757425,1140,4,1140,4,0,3,108
8,360,21.600000,0.000000,0,1,8757435,1140,4,1140,4,0,3,108
8,360,21.600000,0.000000,0,1,8757446,1140,4,1140,4,0,3,108
8,360,21.600000,0.000000,0,1,8757456,1140,4,1140,4,0,3,108
8,360,21.600000,0.000000,0,1,8757466,1140,4,1140,4,0,3,108
8,360,21.600000,0.000000,0,1,8757477,1140,4,1140,4,0,3,108
