8,720,50.400000,42.984000,0,1,8762319,600,22,600,22,0,3,112
8,720,50.400000,42.984000,0,1,8762320,600,22,600,22,0,3,112
8,720,50.400000,42.984000,0,1,8762330,600,22,600,22,0,3,112
8,720,50.400000,42.984000,0,1,8762341,600,22,600,22,0,3,112
8,720,50.400000,42.984000,0,1,8762351,600,22,600,22,0,3,112
8,720,50.400000,42.984000,0,1,8762362,600,22,600,22,0,3,112
8,720,50.400000,42.984000,0,1,8762372,600,22,600,22,0,3,112
8,720,50.400000,42.984000,0,1,8762383,600,21,600,21,0,3,112
8,720,50.400000,42.984000,0,1,8762394,602,20,602,20,0,3,112
8,720,50.400000,42.984000,0,1,8762408,607,19,607,19,0,3,112
8,720,50.400000,42.984000,0,1,8762420,625,17,625,17,0,3,112
8,720,50.400000,42.984000,0,1,8762436,667,14,667,14,0,3,112
8,720,50.400000,42.984000,0,1,8762448,762,8,762,8,0,3,112
8,720,50.400000,42.984000,0,1,8762462,840,3,840,3,0,3,112
8,720,50.400000,42.984000,0,1,8762477,946,0,946,0,0,3,112
8,720,50.400000,42.984000,0,1,8762488,1039,0,1039,-1,0,3,112
8,720,50.400000,42.984000,0,1,8762500,1090,0,1090,-1,0,3,112
8,720,50.400000,42.984000,0,1,8762512,1143,1,1143,0,0,3,112
8,720,50.400000,42.984000,0,1,8762523,1187,2,1187,1,0,3,112
8,720,50.400000,42.984000,0,1,8762534,1217,3,1217,2,0,3,112
8,720,50.400000,42.984000,0,1,8762545,1233,3,1233,2,0,3,112
8,720,50.400000,42.984000,0,1,8762555,1241,4,1241,3,0,3,112
8,720,50.400000,42.984000,0,1,8762566,1242,4,1242,3,0,3,112
8,720,50.400000,42.984000,0,1,8762577,1242,4,1242,3,0,3,112
8,720,50.400000,42.984000,0,1,8762588,1242,4,1242,3,0,3,112
8,720,50.400000,42.984000,0,1,8762598,1242,4,1242,3,0,3,112
8,720,50.400000,42.984000,0,1,8762609,1242,4,1242,3,0,3,112
8,720,50.400000,42.984000,0,1,8762622,1244,4,1244,3,0,3,112
8,720,50.400000,42.984000,0,1,8762636,1250,4,1250,3,0,3,112
8,720,50.400000,42.984000,0,1,8762652,1267,4,1267,3,0,3,112
8,720,50.400000,42.984000,0,1,8762668,1279,4,1279,3,0,3,112
8,720,50.400000,42.984000,0,1,8762678,1280,3,1280,2,0,3,112
8,720,50.400000,42.984000,0,1,8762689,1281,2,1281,1,0,3,112
8,720,50.400000,42.984000,0,1,8762700,1281,2,1281,1,0,3,112
8,720,50.400000,42.984000,0,1,8762712,1281,2,1281,1,0,3,112
8,720,50.400000,42.984000,0,1,8762723,1282,2,1282,1,0,3,112
8,720,50.400000,42.984000,0,1,8762734,1287,2,1287,1,0,3,112
8,720,50.400000,42.984000,0,1,8762745,1295,2,1295,1,0,3,112
8,720,50.400000,42.984000,0,1,8762755,1302,2,1302,1,0,3,112
8,720,50.400000,42.984000,0,1,8762766,1305,2,1305,1,0,3,112
8,720,50.400000,42.984000,0,1,8762777,1306,1,1306,0,0,3,112
8,720,50.400000,42.984000,0,1,8762788,1306,1,1306,0,0,3,112
8,720,50.400000,42.984000,0,1,8762800,1309,1,1309,0,0,3,112
8,720,50.400000,42.984000,0,1,8762810,1317,1,1317,0,0,3,112
8,720,50.400000,42.984000,0,1,8762826,1329,1,1329,0,0,3,112
8,720,50.400000,42.984000,0,1,8762842,1348,3,1348,2,0,3,112
8,720,50.400000,42.984000,0,1,8762858,1351,3,1351,2,0,3,112
8,720,50.400000,42.984000,0,1,8762868,1351,3,1351,2,0,3,112
8,720,50.400000,42.984000,0,1,8762880,1350,3,1350,2,0,3,112
8,720,50.400000,42.984000,0,1,8762891,1350,4,1350,3,0,3,112
8,720,50.400000,42.984000,0,1,8762902,1350,4,1350,3,0,3,112
8,720,50.400000,42.984000,0,1,8762912,1350,4,1350,3,0,3,112
8,720,50.400000,42.984000,0,1,8762922,1350,4,1350,3,0,3,112
8,720,50.400000,42.984000,0,1,8762934,1350,4,1350,3,0,3,112
8,720,50.400000,42.984000,0,1,8762944,1350,4,1350,3,0,3,112
8,720,50.400000,42.984000,0,1,8762954,1350,4,1350,3,0,3,112
8,720,50.400000,42.984000,0,1,8762965,1350,4,1350,3,0,3,112
8,720,50.400000,42.984000,0,1,8762975,1350,4,1350,3,0,3,112
8,720,50.400000,42.984000,0,1,8762986,1350,4,1350,3,0,3,112
8,720,50.400000,42.984000,0,1,8762996,1350,4,1350,3,0,3,112
8,720,50.400000,42.984000,0,1,8763007,1350,4,1350,3,0,3,112
8,720,50.400000,42.984000,0,1,8763017,1350,4,1350,3,0,3,112
8,720,50.400000,42.984000,0,1,8763028,1349,4,1349,3,0,3,112
8,720,50.400000,42.984000,0,1,8763038,1348,4,1348,3,0,3,112
8,720,50.400000,42.984000,0,1,8763049,1346,5,1346,4,0,3,112
8,720,50.400000,42.984000,0,1,8763060,1343,7,1343,6,0,3,112
8,720,50.400000,42.984000,0,1,8763071,1341,9,1341,8,0,3,112
8,720,50.400000,42.984000,0,1,8763081,1340,9,1340,8,0,3,112
8,720,50.400000,42.984000,0,1,8763092,1339,9,1339,8,0,3,112
8,720,50.400000,42.984000,0,1,8763102,1339,9,1339,8,0,3,112
8,720,50.400000,42.984000,0,1,8763113,1339,9,1339,8,0,3,112
8,720,50.400000,42.984000,0,1,8763123,1339,9,1339,8,0,3,112
8,720,50.400000,42.984000,0,1,8763133,1339,9,1339,8,0,3,112
8,720,50.400000,42.984000,0,1,8763143,1339,9,1339,8,0,3,112
8,720,50.400000,42.984000,0,1,8763154,1338,9,1338,8,0,3,112
8,720,50.400000,42.984000,0,1,8763164,1338,9,1338,8,0,3,112
