8,360,82.800000,10000.000000,0,1,8690704,780,22,780,22,0,3,63
8,360,82.800000,10000.000000,0,1,8690705,780,22,780,22,0,3,63
8,360,82.800000,10000.000000,0,1,8690715,780,22,780,22,0,3,63
8,360,82.800000,10000.000000,0,1,8690728,780,22,780,22,0,3,63
8,360,82.800000,10000.000000,0,1,8690738,780,22,780,22,0,3,63
8,360,82.800000,10000.000000,0,1,8690749,780,22,780,22,0,3,63
8,360,82.800000,10000.000000,0,1,8690760,780,22,780,22,0,3,63
8,360,82.800000,10000.000000,0,1,8690771,784,21,784,21,0,3,63
8,360,82.800000,10000.000000,0,1,8690783,795,19,795,19,0,3,63
8,360,82.800000,10000.000000,0,1,8690794,819,17,819,17,0,3,63
8,360,82.800000,10000.000000,0,1,8690804,864,16,864,16,0,3,63
8,360,82.800000,10000.000000,0,1,8690815,916,14,916,14,0,3,63
8,360,82.800000,10000.000000,0,1,8690825,974,12,974,12,0,3,63
8,360,82.800000,10000.000000,0,1,8690836,1030,11,1030,11,0,3,63
8,360,82.800000,10000.000000,0,1,8690847,1081,10,1081,10,0,3,63
8,360,82.800000,10000.000000,0,1,8690858,1126,9,1126,9,0,3,63
8,360,82.800000,10000.000000,0,1,8690868,1156,9,1156,9,0,3,63
8,360,82.800000,10000.000000,0,1,8690879,1170,9,1170,9,0,3,63
8,360,82.800000,10000.000000,0,1,8690890,1175,9,1175,9,0,3,63
8,360,82.800000,10000.000000,0,1,8690901,1175,9,1175,9,0,3,63
8,360,82.800000,10000.000000,0,1,8690915,1175,9,1175,9,0,3,63
8,360,82.800000,10000.000000,0,1,8690926,1175,9,1175,9,0,3,63
8,360,82.800000,10000.000000,0,1,8690936,1175,9,1175,9,0,3,63
8,360,82.800000,10000.000000,0,1,8690947,1175,9,1175,9,0,3,63
8,360,82.800000,10000.000000,0,1,8690958,1175,9,1175,9,0,3,63
8,360,82.800000,10000.000000,0,1,8690970,1175,9,1175,9,0,3,63
8,360,82.800000,10000.000000,0,1,8690984,1175,9,1175,9,0,3,63
8,360,82.800000,10000.000000,0,1,8690996,1175,9,1175,9,0,3,63
8,360,82.800000,10000.000000,0,1,8691011,1175,9,1175,9,0,3,63
8,360,82.800000,10000.000000,0,1,8691027,1175,9,1175,9,0,3,63
8,360,82.800000,10000.000000,0,1,8691043,1175,9,1175,9,0,3,63
8,360,82.800000,10000.000000,0,1,8691054,1175,9,1175,9,0,3,63
8,360,82.800000,10000.000000,0,1,8691064,1175,9,1175,9,0,3,63
8,360,82.800000,10000.000000,0,1,8691073,1175,9,1175,9,0,3,63
