8,360,82.800000,12.276000,1,1,8672165,780,22,780,22,0,3,50
8,360,82.800000,12.276000,1,1,8672166,780,22,780,22,0,3,50
8,360,82.800000,12.276000,1,1,8672177,780,22,780,22,0,3,50
8,360,82.800000,12.276000,1,1,8672187,780,22,780,22,0,3,50
8,360,82.800000,12.276000,1,1,8672198,780,22,780,22,0,3,50
8,360,82.800000,12.276000,1,1,8672208,780,22,780,22,0,3,50
8,360,82.800000,12.276000,1,1,8672219,780,22,780,22,0,3,50
8,360,82.800000,12.276000,1,1,8672229,780,22,780,22,0,3,50
8,360,82.800000,12.276000,1,1,8672242,780,22,780,22,0,3,50
8,360,82.800000,12.276000,1,1,8672253,789,21,789,21,0,3,50
8,360,82.800000,12.276000,1,1,8672264,810,19,810,19,0,3,50
8,360,82.800000,12.276000,1,1,8672274,849,17,849,17,0,3,50
8,360,82.800000,12.276000,1,1,8672285,899,17,899,17,0,3,50
8,360,82.800000,12.276000,1,1,8672296,956,16,956,16,0,3,50
8,360,82.800000,12.276000,1,1,8672306,1004,16,1004,16,0,3,50
8,360,82.800000,12.276000,1,1,8672317,1055,16,1055,16,0,3,50
8,360,82.800000,12.276000,1,1,8672328,1097,16,1097,16,0,3,50
8,360,82.800000,12.276000,1,1,8672339,1129,16,1129,16,0,3,50
8,360,82.800000,12.276000,1,1,8672352,1154,17,1154,17,0,3,50
8,360,82.800000,12.276000,1,1,8672364,1165,18,1165,18,0,3,50
8,360,82.800000,12.276000,1,1,8672375,1166,18,1166,18,0,3,50
8,360,82.800000,12.276000,1,1,8672387,1166,18,1166,18,0,3,50
8,360,82.800000,12.276000,1,1,8672403,1166,18,1166,18,0,3,50
8,360,82.800000,12.276000,1,1,8672414,1166,18,1166,18,0,3,50
8,360,82.800000,12.276000,1,1,8672425,1166,18,1166,18,0,3,50
8,360,82.800000,12.276000,1,1,8672435,1166,18,1166,18,0,3,50
8,360,82.800000,12.276000,1,1,8672446,1166,18,1166,18,0,3,50
8,360,82.800000,12.276000,1,1,8672456,1166,18,1166,18,0,3,50
8,360,82.800000,12.276000,1,1,8672470,1166,18,1166,18,0,3,50
8,360,82.800000,12.276000,1,1,8672480,1166,18,1166,18,0,3,50
8,360,82.800000,12.276000,1,1,8672492,1166,18,1166,18,0,3,50
8,360,82.800000,12.276000,1,1,8672502,1166,18,1166,18,0,3,50
8,360,82.800000,12.276000,1,1,8672513,1166,18,1166,18,0,3,50
8,360,82.800000,12.276000,1,1,8672524,1166,18,1166,18,0,3,50
8,360,82.800000,12.276000,1,1,8672535,1165,18,1165,18,0,3,50
8,360,82.800000,12.276000,1,1,8672545,1164,17,1164,17,0,3,50
8,360,82.800000,12.276000,1,1,8672557,1163,17,1163,17,0,3,50
8,360,82.800000,12.276000,1,1,8672568,1161,17,1161,17,0,3,50
8,360,82.800000,12.276000,1,1,8672579,1159,16,1159,16,0,3,50
8,360,82.800000,12.276000,1,1,8672591,1156,15,1156,15,0,3,50
8,360,82.800000,12.276000,1,1,8672601,1153,13,1153,13,0,3,50
8,360,82.800000,12.276000,1,1,8672612,1152,13,1152,13,0,3,50
8,360,82.800000,12.276000,1,1,8672622,1152,12,1152,12,0,3,50
8,360,82.800000,12.276000,1,1,8672633,1152,12,1152,12,0,3,50
8,360,82.800000,12.276000,1,1,8672644,1152,12,1152,12,0,3,50
8,360,82.800000,12.276000,1,1,8672654,1152,12,1152,12,0,3,50
