8,360,50.400000,10000.000000,0,1,8927931,780,22,780,22,0,4,97
8,360,50.400000,10000.000000,0,1,8927932,780,22,780,22,0,4,97
8,360,50.400000,10000.000000,0,1,8927943,780,22,780,22,0,4,97
8,360,50.400000,10000.000000,0,1,8927954,780,22,780,22,0,4,97
8,360,50.400000,10000.000000,0,1,8927964,780,22,780,22,0,4,97
8,360,50.400000,10000.000000,0,1,8927975,780,22,780,22,0,4,97
8,360,50.400000,10000.000000,0,1,8927986,781,22,781,22,0,4,97
8,360,50.400000,10000.000000,0,1,8927997,789,22,789,22,0,4,97
8,360,50.400000,10000.000000,0,1,8928009,807,22,807,22,0,4,97
8,360,50.400000,10000.000000,0,1,8928020,844,22,844,22,0,4,97
8,360,50.400000,10000.000000,0,1,8928031,898,23,898,23,0,4,97
8,360,50.400000,10000.000000,0,1,8928042,958,23,958,23,0,4,97
8,360,50.400000,10000.000000,0,1,8928054,1021,23,1021,23,0,4,97
8,360,50.400000,10000.000000,0,1,8928065,1068,23,1068,23,0,4,97
8,360,50.400000,10000.000000,0,1,8928075,1104,23,1104,23,0,4,97
8,360,50.400000,10000.000000,0,1,8928085,1123,23,1123,23,0,4,97
8,360,50.400000,10000.000000,0,1,8928096,1130,23,1130,23,0,4,97
8,360,50.400000,10000.000000,0,1,8928107,1131,23,1131,23,0,4,97
8,360,50.400000,10000.000000,0,1,8928117,1131,23,1131,23,0,4,97
8,360,50.400000,10000.000000,0,1,8928127,1131,23,1131,23,0,4,97
8,360,50.400000,10000.000000,0,1,8928138,1131,23,1131,23,0,4,97
8,360,50.400000,10000.000000,0,1,8928148,1132,23,1132,23,0,4,97
8,360,50.400000,10000.000000,0,1,8928159,1132,23,1132,23,0,4,97
8,360,50.400000,10000.000000,0,1,8928170,1132,23,1132,23,0,4,97
8,360,50.400000,10000.000000,0,1,8928181,1132,23,1132,23,0,4,97
8,360,50.400000,10000.000000,0,1,8928192,1132,23,1132,23,0,4,97
8,360,50.400000,10000.000000,0,1,8928203,1132,23,1132,23,0,4,97
8,360,50.400000,10000.000000,0,1,8928213,1132,23,1132,23,0,4,97
8,360,50.400000,10000.000000,0,1,8928224,1132,23,1132,23,0,4,97
8,360,50.400000,10000.000000,0,1,8928234,1132,23,1132,23,0,4,97
8,360,50.400000,10000.000000,0,1,8928245,1132,23,1132,23,0,4,97
8,360,50.400000,10000.000000,0,1,8928255,1132,22,1132,22,0,4,97
8,360,50.400000,10000.000000,0,1,8928268,1132,22,1132,22,0,4,97
8,360,50.400000,10000.000000,0,1,8928279,1132,21,1132,21,0,4,97
8,360,50.400000,10000.000000,0,1,8928296,1133,20,1133,20,0,4,97
8,360,50.400000,10000.000000,0,1,8928306,1133,18,1133,18,0,4,97
8,360,50.400000,10000.000000,0,1,8928318,1133,18,1133,18,0,4,97
8,360,50.400000,10000.000000,0,1,8928328,1133,17,1133,17,0,4,97
8,360,50.400000,10000.000000,0,1,8928339,1133,16,1133,16,0,4,97
8,360,50.400000,10000.000000,0,1,8928350,1133,15,1133,15,0,4,97
8,360,50.400000,10000.000000,0,1,8928360,1133,15,1133,15,0,4,97
8,360,50.400000,10000.000000,0,1,8928371,1133,14,1133,14,0,4,97
8,360,50.400000,10000.000000,0,1,8928382,1133,13,1133,13,0,4,97
8,360,50.400000,10000.000000,0,1,8928392,1133,12,1133,12,0,4,97
8,360,50.400000,10000.000000,0,1,8928402,1133,11,1133,11,0,4,97
