8,720,21.600000,0.000000,1,1,8959621,600,22,600,22,0,4,117
8,720,21.600000,0.000000,1,1,8959622,600,22,600,22,0,4,117
8,720,21.600000,0.000000,1,1,8959633,600,22,600,22,0,4,117
8,720,21.600000,0.000000,1,1,8959644,600,22,600,22,0,4,117
8,720,21.600000,0.000000,1,1,8959656,601,22,601,22,0,4,117
8,720,21.600000,0.000000,1,1,8959667,609,22,609,22,0,4,117
8,720,21.600000,0.000000,1,1,8959680,630,22,630,22,0,4,117
8,720,21.600000,0.000000,1,1,8959691,670,21,670,21,0,4,117
8,720,21.600000,0.000000,1,1,8959702,726,21,726,21,0,4,117
8,720,21.600000,0.000000,1,1,8959714,794,21,794,21,0,4,117
8,720,21.600000,0.000000,1,1,8959725,874,21,874,21,0,4,117
8,720,21.600000,0.000000,1,1,8959737,958,21,958,21,0,4,117
8,720,21.600000,0.000000,1,1,8959750,1046,21,1046,21,0,4,117
8,720,21.600000,0.000000,1,1,8959760,1131,21,1131,21,0,4,117
8,720,21.600000,0.000000,1,1,8959772,1181,21,1181,21,0,4,117
8,720,21.600000,0.000000,1,1,8959783,1213,19,1213,19,0,4,117
8,720,21.600000,0.000000,1,1,8959795,1233,18,1233,18,0,4,117
8,720,21.600000,0.000000,1,1,8959807,1244,16,1244,16,0,4,117
8,720,21.600000,0.000000,1,1,8959818,1250,15,1250,15,0,4,117
8,720,21.600000,0.000000,1,1,8959829,1254,14,1254,14,0,4,117
8,720,21.600000,0.000000,1,1,8959841,1255,13,1255,13,0,4,117
8,720,21.600000,0.000000,1,1,8959851,1257,13,1257,13,0,4,117
8,720,21.600000,0.000000,1,1,8959863,1258,12,1258,12,0,4,117
8,720,21.600000,0.000000,1,1,8959874,1259,12,1259,12,0,4,117
8,720,21.600000,0.000000,1,1,8959885,1262,12,1262,12,0,4,117
8,720,21.600000,0.000000,1,1,8959897,1266,12,1266,12,0,4,117
8,720,21.600000,0.000000,1,1,8959909,1269,12,1269,12,0,4,117
8,720,21.600000,0.000000,1,1,8959920,1271,12,1271,12,0,4,117
8,720,21.600000,0.000000,1,1,8959930,1271,12,1271,12,0,4,117
8,720,21.600000,0.000000,1,1,8959940,1272,12,1272,12,0,4,117
8,720,21.600000,0.000000,1,1,8959952,1273,12,1273,12,0,4,117
8,720,21.600000,0.000000,1,1,8959964,1274,12,1274,12,0,4,117
8,720,21.600000,0.000000,1,1,8959975,1278,12,1278,12,0,4,117
8,720,21.600000,0.000000,1,1,8959985,1282,11,1282,11,0,4,117
8,720,21.600000,0.000000,1,1,8959996,1286,10,1286,10,0,4,117
8,720,21.600000,0.000000,1,1,8960006,1287,10,1287,10,0,4,117
8,720,21.600000,0.000000,1,1,8960017,1288,10,1288,10,0,4,117
8,720,21.600000,0.000000,1,1,8960028,1288,10,1288,10,0,4,117
8,720,21.600000,0.000000,1,1,8960039,1288,10,1288,10,0,4,117
8,720,21.600000,0.000000,1,1,8960052,1289,10,1289,10,0,4,117
8,720,21.600000,0.000000,1,1,8960062,1292,10,1292,10,0,4,117
8,720,21.600000,0.000000,1,1,8960074,1294,10,1294,10,0,4,117
8,720,21.600000,0.000000,1,1,8960085,1297,10,1297,10,0,4,117
8,720,21.600000,0.000000,1,1,8960096,1299,9,1299,9,0,4,117
8,720,21.600000,0.000000,1,1,8960106,1300,9,1300,9,0,4,117
8,720,21.600000,0.000000,1,1,8960117,1300,9,1300,9,0,4,117
8,720,21.600000,0.000000,1,1,8960127,1301,9,1301,9,0,4,117
8,720,21.600000,0.000000,1,1,8960138,1302,9,1302,9,0,4,117
8,720,21.600000,0.000000,1,1,8960149,1303,9,1303,9,0,4,117
8,720,21.600000,0.000000,1,1,8960159,1303,9,1303,9,0,4,117
8,720,21.600000,0.000000,1,1,8960170,1303,9,1303,9,0,4,117
8,720,21.600000,0.000000,1,1,8960180,1303,9,1303,9,0,4,117
8,720,21.600000,0.000000,1,1,8960191,1303,8,1303,8,0,4,117
8,720,21.600000,0.000000,1,1,8960202,1303,8,1303,8,0,4,117
8,720,21.600000,0.000000,1,1,8960212,1303,8,1303,8,0,4,117
8,720,21.600000,0.000000,1,1,8960223,1304,8,1304,8,0,4,117
8,720,21.600000,0.000000,1,1,8960233,1306,8,1306,8,0,4,117
8,720,21.600000,0.000000,1,1,8960243,1307,8,1307,8,0,4,117
8,720,21.600000,0.000000,1,1,8960255,1307,8,1307,8,0,4,117
8,720,21.600000,0.000000,1,1,8960265,1307,8,1307,8,1,4,117
