8,720,21.600000,12.276000,1,0,8951733,600,0,600,0,0,4,112
8,720,21.600000,12.276000,1,0,8951734,600,0,600,0,0,4,112
8,720,21.600000,12.276000,1,0,8951745,600,0,600,0,0,4,112
8,720,21.600000,12.276000,1,0,8951756,600,0,600,0,0,4,112
8,720,21.600000,12.276000,1,0,8951767,600,0,600,0,0,4,112
8,720,21.600000,12.276000,1,0,8951778,600,0,600,0,0,4,112
8,720,21.600000,12.276000,1,0,8951789,604,0,604,0,0,4,112
8,720,21.600000,12.276000,1,0,8951801,614,0,614,-1,0,4,112
8,720,21.600000,12.276000,1,0,8951812,645,0,645,-2,0,4,112
8,720,21.600000,12.276000,1,0,8951823,694,0,694,-3,0,4,112
8,720,21.600000,12.276000,1,0,8951834,768,0,768,-4,0,4,112
8,720,21.600000,12.276000,1,0,8951845,853,0,853,-4,0,4,112
8,720,21.600000,12.276000,1,0,8951861,937,0,937,-5,0,4,112
8,720,21.600000,12.276000,1,0,8951872,1073,0,1073,-8,0,4,112
8,720,21.600000,12.276000,1,0,8951884,1153,0,1153,-9,0,4,112
8,720,21.600000,12.276000,1,0,8951895,1235,0,1235,-10,0,4,112
8,720,21.600000,12.276000,1,0,8951905,1290,0,1290,-10,0,4,112
8,720,21.600000,12.276000,1,0,8951919,1330,0,1330,-10,0,4,112
8,720,21.600000,12.276000,1,0,8951931,1357,0,1357,-10,0,4,112
8,720,21.600000,12.276000,1,0,8951942,1365,0,1365,-11,0,4,112
8,720,21.600000,12.276000,1,0,8951953,1365,0,1365,-11,0,4,112
8,720,21.600000,12.276000,1,0,8951963,1365,0,1365,-11,0,4,112
8,720,21.600000,12.276000,1,0,8951974,1365,0,1365,-11,0,4,112
8,720,21.600000,12.276000,1,0,8951985,1365,0,1365,-11,0,4,112
8,720,21.600000,12.276000,1,0,8951997,1367,0,1367,-11,0,4,112
8,720,21.600000,12.276000,1,0,8952007,1371,0,1371,-11,0,4,112
8,720,21.600000,12.276000,1,0,8952018,1373,0,1373,-11,0,4,112
8,720,21.600000,12.276000,1,0,8952029,1374,0,1374,-12,0,4,112
8,720,21.600000,12.276000,1,0,8952039,1374,0,1374,-12,0,4,112
8,720,21.600000,12.276000,1,0,8952050,1374,0,1374,-12,0,4,112
8,720,21.600000,12.276000,1,0,8952061,1374,0,1374,-12,0,4,112
8,720,21.600000,12.276000,1,0,8952071,1374,0,1374,-12,0,4,112
8,720,21.600000,12.276000,1,0,8952082,1375,0,1375,-12,0,4,112
8,720,21.600000,12.276000,1,0,8952093,1376,0,1376,-12,0,4,112
8,720,21.600000,12.276000,1,0,8952104,1376,0,1376,-12,0,4,112
8,720,21.600000,12.276000,1,0,8952115,1376,0,1376,-12,0,4,112
8,720,21.600000,12.276000,1,0,8952130,1376,0,1376,-12,0,4,112
8,720,21.600000,12.276000,1,0,8952141,1375,0,1375,-12,0,4,112
8,720,21.600000,12.276000,1,0,8952152,1374,0,1374,-12,0,4,112
8,720,21.600000,12.276000,1,0,8952163,1372,0,1372,-12,0,4,112
8,720,21.600000,12.276000,1,0,8952174,1369,1,1369,-11,0,4,112
8,720,21.600000,12.276000,1,0,8952185,1364,2,1364,-10,0,4,112
8,720,21.600000,12.276000,1,0,8952197,1356,2,1356,-10,0,4,112
8,720,21.600000,12.276000,1,0,8952209,1346,2,1346,-10,0,4,112
8,720,21.600000,12.276000,1,0,8952220,1338,3,1338,-9,0,4,112
8,720,21.600000,12.276000,1,0,8952230,1333,4,1333,-8,0,4,112
8,720,21.600000,12.276000,1,0,8952241,1331,5,1331,-7,0,4,112
8,720,21.600000,12.276000,1,0,8952252,1330,5,1330,-7,0,4,112
8,720,21.600000,12.276000,1,0,8952262,1330,5,1330,-7,0,4,112
8,720,21.600000,12.276000,1,0,8952273,1329,5,1329,-7,0,4,112
8,720,21.600000,12.276000,1,0,8952284,1327,5,1327,-7,0,4,112
8,720,21.600000,12.276000,1,0,8952298,1323,5,1323,-7,0,4,112
8,720,21.600000,12.276000,1,0,8952309,1320,5,1320,-7,0,4,112
8,720,21.600000,12.276000,1,0,8952325,1317,5,1317,-7,0,4,112
8,720,21.600000,12.276000,1,0,8952336,1317,5,1317,-7,0,4,112
8,720,21.600000,12.276000,1,0,8952346,1317,5,1317,-7,0,4,112
8,720,21.600000,12.276000,1,0,8952358,1317,5,1317,-7,0,4,112
8,720,21.600000,12.276000,1,0,8952368,1317,5,1317,-7,0,4,112
8,720,21.600000,12.276000,1,0,8952379,1316,5,1316,-7,0,4,112
8,720,21.600000,12.276000,1,0,8952389,1315,5,1315,-7,0,4,112
8,720,21.600000,12.276000,1,0,8952400,1315,5,1315,-7,0,4,112
8,720,21.600000,12.276000,1,0,8952411,1315,5,1315,-7,0,4,112
8,720,21.600000,12.276000,1,0,8952421,1315,5,1315,-7,0,4,112
8,720,21.600000,12.276000,1,0,8952432,1315,5,1315,-7,0,4,112
8,720,21.600000,12.276000,1,0,8952442,1315,5,1315,-7,0,4,112
8,720,21.600000,12.276000,1,0,8952453,1315,5,1315,-7,0,4,112
8,720,21.600000,12.276000,1,0,8952463,1315,5,1315,-7,0,4,112
8,720,21.600000,12.276000,1,0,8952474,1315,5,1315,-7,0,4,112
8,720,21.600000,12.276000,1,0,8952484,1315,5,1315,-7,0,4,112
8,720,21.600000,12.276000,1,0,8952494,1315,5,1315,-7,0,4,112
