8,360,50.400000,0.000000,0,1,8797540,780,22,780,22,0,4,14
8,360,50.400000,0.000000,0,1,8797541,780,22,780,22,0,4,14
8,360,50.400000,0.000000,0,1,8797551,780,22,780,22,0,4,14
8,360,50.400000,0.000000,0,1,8797562,780,22,780,22,0,4,14
8,360,50.400000,0.000000,0,1,8797572,780,22,780,22,0,4,14
8,360,50.400000,0.000000,0,1,8797583,780,22,780,22,0,4,14
8,360,50.400000,0.000000,0,1,8797596,780,22,780,22,0,4,14
8,360,50.400000,0.000000,0,1,8797608,785,22,785,22,0,4,14
8,360,50.400000,0.000000,0,1,8797620,799,20,799,20,0,4,14
8,360,50.400000,0.000000,0,1,8797634,822,19,822,19,0,4,14
8,360,50.400000,0.000000,0,1,8797646,863,17,863,17,0,4,14
8,360,50.400000,0.000000,0,1,8797664,903,16,903,16,0,4,14
8,360,50.400000,0.000000,0,1,8797678,978,14,978,14,0,4,14
8,360,50.400000,0.000000,0,1,8797693,1040,13,1040,13,0,4,14
8,360,50.400000,0.000000,0,1,8797704,1098,12,1098,12,0,4,14
8,360,50.400000,0.000000,0,1,8797715,1126,12,1126,12,0,4,14
8,360,50.400000,0.000000,0,1,8797726,1139,11,1139,11,0,4,14
8,360,50.400000,0.000000,0,1,8797741,1143,11,1143,11,0,4,14
8,360,50.400000,0.000000,0,1,8797751,1143,11,1143,11,0,4,14
8,360,50.400000,0.000000,0,1,8797762,1143,11,1143,11,0,4,14
8,360,50.400000,0.000000,0,1,8797772,1143,11,1143,11,0,4,14
8,360,50.400000,0.000000,0,1,8797783,1143,11,1143,11,0,4,14
8,360,50.400000,0.000000,0,1,8797793,1143,11,1143,11,0,4,14
8,360,50.400000,0.000000,0,1,8797804,1143,11,1143,11,0,4,14
8,360,50.400000,0.000000,0,1,8797814,1143,11,1143,11,0,4,14
8,360,50.400000,0.000000,0,1,8797824,1143,11,1143,11,0,4,14
8,360,50.400000,0.000000,0,1,8797835,1143,11,1143,11,0,4,14
8,360,50.400000,0.000000,0,1,8797847,1143,11,1143,11,0,4,14
8,360,50.400000,0.000000,0,1,8797858,1144,11,1144,11,0,4,14
8,360,50.400000,0.000000,0,1,8797874,1146,10,1146,10,0,4,14
8,360,50.400000,0.000000,0,1,8797884,1148,10,1148,10,0,4,14
8,360,50.400000,0.000000,0,1,8797895,1149,10,1149,10,0,4,14
8,360,50.400000,0.000000,0,1,8797906,1150,10,1150,10,0,4,14
8,360,50.400000,0.000000,0,1,8797916,1150,10,1150,10,0,4,14
8,360,50.400000,0.000000,0,1,8797927,1150,10,1150,10,0,4,14
8,360,50.400000,0.000000,0,1,8797937,1150,10,1150,10,0,4,14
8,360,50.400000,0.000000,0,1,8797948,1150,10,1150,10,0,4,14
8,360,50.400000,0.000000,0,1,8797957,1150,10,1150,10,0,4,14
