8,360,50.400000,42.984000,1,1,8838234,780,22,780,22,0,4,39
8,360,50.400000,42.984000,1,1,8838235,780,22,780,22,0,4,39
8,360,50.400000,42.984000,1,1,8838246,780,22,780,22,0,4,39
8,360,50.400000,42.984000,1,1,8838256,780,22,780,22,0,4,39
8,360,50.400000,42.984000,1,1,8838267,780,22,780,22,0,4,39
8,360,50.400000,42.984000,1,1,8838277,780,22,780,22,0,4,39
8,360,50.400000,42.984000,1,1,8838288,780,22,780,22,0,4,39
8,360,50.400000,42.984000,1,1,8838299,780,22,780,22,0,4,39
8,360,50.400000,42.984000,1,1,8838310,780,22,780,22,0,4,39
8,360,50.400000,42.984000,1,1,8838324,781,20,781,20,0,4,39
8,360,50.400000,42.984000,1,1,8838336,791,19,791,19,0,4,39
8,360,50.400000,42.984000,1,1,8838348,813,17,813,17,0,4,39
8,360,50.400000,42.984000,1,1,8838359,842,17,842,17,0,4,39
8,360,50.400000,42.984000,1,1,8838372,876,17,876,17,0,4,39
8,360,50.400000,42.984000,1,1,8838390,932,17,932,17,0,4,39
8,360,50.400000,42.984000,1,1,8838401,993,16,993,16,0,4,39
8,360,50.400000,42.984000,1,1,8838412,1026,16,1026,16,0,4,39
8,360,50.400000,42.984000,1,1,8838424,1060,16,1060,16,0,4,39
8,360,50.400000,42.984000,1,1,8838435,1091,16,1091,16,0,4,39
8,360,50.400000,42.984000,1,1,8838446,1115,16,1115,16,0,4,39
8,360,50.400000,42.984000,1,1,8838457,1139,16,1139,16,0,4,39
8,360,50.400000,42.984000,1,1,8838468,1152,16,1152,16,0,4,39
8,360,50.400000,42.984000,1,1,8838479,1156,15,1156,15,0,4,39
8,360,50.400000,42.984000,1,1,8838490,1156,15,1156,15,0,4,39
8,360,50.400000,42.984000,1,1,8838501,1156,15,1156,15,0,4,39
8,360,50.400000,42.984000,1,1,8838511,1156,15,1156,15,0,4,39
8,360,50.400000,42.984000,1,1,8838521,1156,15,1156,15,0,4,39
8,360,50.400000,42.984000,1,1,8838532,1156,15,1156,15,0,4,39
8,360,50.400000,42.984000,1,1,8838542,1156,15,1156,15,0,4,39
8,360,50.400000,42.984000,1,1,8838553,1156,15,1156,15,0,4,39
8,360,50.400000,42.984000,1,1,8838564,1156,15,1156,15,0,4,39
8,360,50.400000,42.984000,1,1,8838574,1156,15,1156,15,0,4,39
8,360,50.400000,42.984000,1,1,8838584,1156,15,1156,15,0,4,39
8,360,50.400000,42.984000,1,1,8838595,1156,15,1156,15,0,4,39
8,360,50.400000,42.984000,1,1,8838605,1156,15,1156,15,0,4,39
8,360,50.400000,42.984000,1,1,8838616,1156,15,1156,15,0,4,39
8,360,50.400000,42.984000,1,1,8838626,1156,15,1156,15,0,4,39
8,360,50.400000,42.984000,1,1,8838637,1156,14,1156,14,0,4,39
8,360,50.400000,42.984000,1,1,8838647,1155,14,1155,14,0,4,39
8,360,50.400000,42.984000,1,1,8838657,1153,14,1153,14,0,4,39
