8,720,21.600000,0.000000,1,0,8875406,600,0,600,0,0,4,64
8,720,21.600000,0.000000,1,0,8875407,600,0,600,0,0,4,64
8,720,21.600000,0.000000,1,0,8875417,600,0,600,0,0,4,64
8,720,21.600000,0.000000,1,0,8875428,600,0,600,0,0,4,64
8,720,21.600000,0.000000,1,0,8875439,600,0,600,0,0,4,64
8,720,21.600000,0.000000,1,0,8875450,600,0,600,0,0,4,64
8,720,21.600000,0.000000,1,0,8875462,605,0,605,0,0,4,64
8,720,21.600000,0.000000,1,0,8875476,621,0,621,0,0,4,64
8,720,21.600000,0.000000,1,0,8875493,670,0,670,0,0,4,64
8,720,21.600000,0.000000,1,0,8875507,778,0,778,-1,0,4,64
8,720,21.600000,0.000000,1,0,8875523,905,0,905,-1,0,4,64
8,720,21.600000,0.000000,1,0,8875540,1072,0,1072,-2,0,4,64
8,720,21.600000,0.000000,1,0,8875551,1211,0,1211,-5,0,4,64
8,720,21.600000,0.000000,1,0,8875561,1281,0,1281,-6,0,4,64
8,720,21.600000,0.000000,1,0,8875573,1329,0,1329,-7,0,4,64
8,720,21.600000,0.000000,1,0,8875584,1359,0,1359,-7,0,4,64
8,720,21.600000,0.000000,1,0,8875595,1378,0,1378,-7,0,4,64
8,720,21.600000,0.000000,1,0,8875606,1389,0,1389,-7,0,4,64
8,720,21.600000,0.000000,1,0,8875618,1392,0,1392,-7,0,4,64
8,720,21.600000,0.000000,1,0,8875629,1393,0,1393,-7,0,4,64
8,720,21.600000,0.000000,1,0,8875641,1394,0,1394,-7,0,4,64
8,720,21.600000,0.000000,1,0,8875653,1394,0,1394,-7,0,4,64
8,720,21.600000,0.000000,1,0,8875664,1394,0,1394,-7,0,4,64
8,720,21.600000,0.000000,1,0,8875679,1394,0,1394,-7,0,4,64
8,720,21.600000,0.000000,1,0,8875695,1394,0,1394,-7,0,4,64
8,720,21.600000,0.000000,1,0,8875706,1397,0,1397,-7,0,4,64
8,720,21.600000,0.000000,1,0,8875716,1398,0,1398,-7,0,4,64
8,720,21.600000,0.000000,1,0,8875727,1398,0,1398,-7,0,4,64
8,720,21.600000,0.000000,1,0,8875737,1398,0,1398,-7,0,4,64
8,720,21.600000,0.000000,1,0,8875749,1398,0,1398,-7,0,4,64
8,720,21.600000,0.000000,1,0,8875759,1398,0,1398,-7,0,4,64
8,720,21.600000,0.000000,1,0,8875777,1398,0,1398,-7,0,4,64
8,720,21.600000,0.000000,1,0,8875791,1398,0,1398,-7,0,4,64
8,720,21.600000,0.000000,1,0,8875801,1398,0,1398,-7,0,4,64
8,720,21.600000,0.000000,1,0,8875811,1398,0,1398,-7,0,4,64
8,720,21.600000,0.000000,1,0,8875822,1398,0,1398,-7,0,4,64
8,720,21.600000,0.000000,1,0,8875832,1398,0,1398,-7,0,4,64
8,720,21.600000,0.000000,1,0,8875843,1398,0,1398,-7,0,4,64
8,720,21.600000,0.000000,1,0,8875853,1398,0,1398,-7,0,4,64
8,720,21.600000,0.000000,1,0,8875865,1398,1,1398,-6,0,4,64
8,720,21.600000,0.000000,1,0,8875877,1396,1,1396,-6,0,4,64
8,720,21.600000,0.000000,1,0,8875888,1391,1,1391,-6,0,4,64
8,720,21.600000,0.000000,1,0,8875902,1383,3,1383,-4,0,4,64
8,720,21.600000,0.000000,1,0,8875918,1371,5,1371,-2,0,4,64
8,720,21.600000,0.000000,1,0,8875929,1362,7,1362,0,0,4,64
8,720,21.600000,0.000000,1,0,8875939,1361,7,1361,0,0,4,64
8,720,21.600000,0.000000,1,0,8875949,1360,7,1360,0,0,4,64
8,720,21.600000,0.000000,1,0,8875960,1359,8,1359,1,0,4,64
8,720,21.600000,0.000000,1,0,8875971,1358,8,1358,1,0,4,64
8,720,21.600000,0.000000,1,0,8875983,1352,9,1352,2,0,4,64
8,720,21.600000,0.000000,1,0,8875997,1341,10,1341,3,0,4,64
8,720,21.600000,0.000000,1,0,8876013,1329,12,1329,5,0,4,64
8,720,21.600000,0.000000,1,0,8876028,1322,14,1322,7,0,4,64
8,720,21.600000,0.000000,1,0,8876038,1322,14,1322,7,0,4,64
8,720,21.600000,0.000000,1,0,8876052,1322,14,1322,7,0,4,64
8,720,21.600000,0.000000,1,0,8876063,1322,14,1322,7,0,4,64
8,720,21.600000,0.000000,1,0,8876078,1322,14,1322,7,0,4,64
8,720,21.600000,0.000000,1,0,8876089,1322,14,1322,7,0,4,64
8,720,21.600000,0.000000,1,0,8876099,1322,14,1322,7,0,4,64
8,720,21.600000,0.000000,1,0,8876109,1322,14,1322,7,0,4,64
8,720,21.600000,0.000000,1,0,8876119,1322,14,1322,7,0,4,64
8,720,21.600000,0.000000,1,0,8876130,1322,14,1322,7,0,4,64
8,720,21.600000,0.000000,1,0,8876140,1322,14,1322,7,0,4,64
8,720,21.600000,0.000000,1,0,8876151,1322,14,1322,7,0,4,64
8,720,21.600000,0.000000,1,0,8876161,1322,14,1322,7,0,4,64
8,720,21.600000,0.000000,1,0,8876171,1322,14,1322,7,0,4,64
8,720,21.600000,0.000000,1,0,8876187,1322,14,1322,7,0,4,64
8,720,21.600000,0.000000,1,0,8876203,1323,14,1323,7,0,4,64
8,720,21.600000,0.000000,1,0,8876218,1326,12,1326,5,0,4,64
8,720,21.600000,0.000000,1,0,8876232,1326,11,1326,4,0,4,64
8,720,21.600000,0.000000,1,0,8876243,1326,11,1326,4,0,4,64
8,720,21.600000,0.000000,1,0,8876253,1326,11,1326,4,0,4,64
8,720,21.600000,0.000000,1,0,8876263,1326,11,1326,4,0,4,64
8,720,21.600000,0.000000,1,0,8876274,1326,11,1326,4,0,4,64
8,720,21.600000,0.000000,1,0,8876284,1326,11,1326,4,0,4,64
