8,360,21.600000,12.276000,1,1,8823239,780,22,780,22,0,4,29
8,360,21.600000,12.276000,1,1,8823239,780,22,780,22,0,4,29
8,360,21.600000,12.276000,1,1,8823250,780,22,780,22,0,4,29
8,360,21.600000,12.276000,1,1,8823261,780,22,780,22,0,4,29
8,360,21.600000,12.276000,1,1,8823271,780,22,780,22,0,4,29
8,360,21.600000,12.276000,1,1,8823283,780,22,780,22,0,4,29
8,360,21.600000,12.276000,1,1,8823294,780,22,780,22,0,4,29
8,360,21.600000,12.276000,1,1,8823305,780,22,780,22,0,4,29
8,360,21.600000,12.276000,1,1,8823317,783,21,783,21,0,4,29
8,360,21.600000,12.276000,1,1,8823329,792,20,792,20,0,4,29
8,360,21.600000,12.276000,1,1,8823339,812,18,812,18,0,4,29
8,360,21.600000,12.276000,1,1,8823350,838,17,838,17,0,4,29
8,360,21.600000,12.276000,1,1,8823361,869,16,869,16,0,4,29
8,360,21.600000,12.276000,1,1,8823372,907,14,907,14,0,4,29
8,360,21.600000,12.276000,1,1,8823383,936,13,936,13,0,4,29
8,360,21.600000,12.276000,1,1,8823394,968,11,968,11,0,4,29
8,360,21.600000,12.276000,1,1,8823406,997,10,997,10,0,4,29
8,360,21.600000,12.276000,1,1,8823417,1023,9,1023,9,0,4,29
8,360,21.600000,12.276000,1,1,8823428,1048,8,1048,8,0,4,29
8,360,21.600000,12.276000,1,1,8823439,1064,7,1064,7,0,4,29
8,360,21.600000,12.276000,1,1,8823453,1071,7,1071,7,0,4,29
8,360,21.600000,12.276000,1,1,8823464,1075,6,1075,6,0,4,29
8,360,21.600000,12.276000,1,1,8823476,1076,6,1076,6,0,4,29
8,360,21.600000,12.276000,1,1,8823488,1078,6,1078,6,0,4,29
8,360,21.600000,12.276000,1,1,8823499,1083,6,1083,6,0,4,29
8,360,21.600000,12.276000,1,1,8823510,1089,6,1089,6,0,4,29
8,360,21.600000,12.276000,1,1,8823521,1095,5,1095,5,0,4,29
8,360,21.600000,12.276000,1,1,8823531,1100,4,1100,4,0,4,29
8,360,21.600000,12.276000,1,1,8823543,1103,4,1103,4,0,4,29
8,360,21.600000,12.276000,1,1,8823554,1106,4,1106,4,0,4,29
8,360,21.600000,12.276000,1,1,8823565,1110,4,1110,4,0,4,29
8,360,21.600000,12.276000,1,1,8823575,1115,3,1115,3,0,4,29
8,360,21.600000,12.276000,1,1,8823587,1122,3,1122,3,0,4,29
8,360,21.600000,12.276000,1,1,8823599,1127,3,1127,3,0,4,29
8,360,21.600000,12.276000,1,1,8823610,1130,3,1130,3,0,4,29
8,360,21.600000,12.276000,1,1,8823620,1133,3,1133,3,0,4,29
8,360,21.600000,12.276000,1,1,8823632,1133,3,1133,3,0,4,29
8,360,21.600000,12.276000,1,1,8823642,1133,3,1133,3,0,4,29
8,360,21.600000,12.276000,1,1,8823653,1133,3,1133,3,0,4,29
8,360,21.600000,12.276000,1,1,8823663,1133,3,1133,3,0,4,29
8,360,21.600000,12.276000,1,1,8823674,1134,3,1134,3,0,4,29
8,360,21.600000,12.276000,1,1,8823685,1134,3,1134,3,0,4,29
8,360,21.600000,12.276000,1,1,8823695,1135,3,1135,3,0,4,29
8,360,21.600000,12.276000,1,1,8823706,1135,3,1135,3,0,4,29
8,360,21.600000,12.276000,1,1,8823717,1135,3,1135,3,0,4,29
8,360,21.600000,12.276000,1,1,8823727,1135,3,1135,3,0,4,29
8,360,21.600000,12.276000,1,1,8823738,1135,3,1135,3,0,4,29
8,360,21.600000,12.276000,1,1,8823748,1135,3,1135,3,0,4,29
8,360,21.600000,12.276000,1,1,8823759,1135,3,1135,3,0,4,29
8,360,21.600000,12.276000,1,1,8823770,1136,3,1136,3,0,4,29
8,360,21.600000,12.276000,1,1,8823780,1137,3,1137,3,0,4,29
8,360,21.600000,12.276000,1,1,8823791,1137,3,1137,3,0,4,29
8,360,21.600000,12.276000,1,1,8823802,1137,3,1137,3,0,4,29
8,360,21.600000,12.276000,1,1,8823812,1137,3,1137,3,0,4,29
8,360,21.600000,12.276000,1,1,8823822,1137,3,1137,3,0,4,29
