8,720,82.800000,42.984000,0,1,8943721,600,22,600,22,0,4,107
8,720,82.800000,42.984000,0,1,8943722,600,22,600,22,0,4,107
8,720,82.800000,42.984000,0,1,8943733,600,22,600,22,0,4,107
8,720,82.800000,42.984000,0,1,8943744,600,22,600,22,0,4,107
8,720,82.800000,42.984000,0,1,8943754,600,22,600,22,0,4,107
8,720,82.800000,42.984000,0,1,8943764,600,22,600,22,0,4,107
8,720,82.800000,42.984000,0,1,8943776,600,22,600,22,0,4,107
8,720,82.800000,42.984000,0,1,8943787,609,22,609,22,0,4,107
8,720,82.800000,42.984000,0,1,8943798,631,22,631,22,0,4,107
8,720,82.800000,42.984000,0,1,8943808,673,21,673,21,0,4,107
8,720,82.800000,42.984000,0,1,8943819,733,19,733,19,0,4,107
8,720,82.800000,42.984000,0,1,8943830,811,16,811,16,0,4,107
8,720,82.800000,42.984000,0,1,8943840,900,11,900,11,0,4,107
8,720,82.800000,42.984000,0,1,8943851,983,3,983,3,0,4,107
8,720,82.800000,42.984000,0,1,8943861,1064,0,1064,-1,0,4,107
8,720,82.800000,42.984000,0,1,8943872,1126,0,1126,-3,0,4,107
8,720,82.800000,42.984000,0,1,8943883,1167,0,1167,-3,0,4,107
8,720,82.800000,42.984000,0,1,8943899,1197,0,1197,-3,0,4,107
8,720,82.800000,42.984000,0,1,8943915,1220,0,1220,-3,0,4,107
8,720,82.800000,42.984000,0,1,8943926,1232,1,1232,-2,0,4,107
8,720,82.800000,42.984000,0,1,8943936,1237,1,1237,-2,0,4,107
8,720,82.800000,42.984000,0,1,8943948,1242,1,1242,-2,0,4,107
8,720,82.800000,42.984000,0,1,8943960,1248,1,1248,-2,0,4,107
8,720,82.800000,42.984000,0,1,8943971,1256,1,1256,-2,0,4,107
8,720,82.800000,42.984000,0,1,8943981,1261,1,1261,-2,0,4,107
8,720,82.800000,42.984000,0,1,8943994,1266,1,1266,-2,0,4,107
8,720,82.800000,42.984000,0,1,8944009,1271,2,1271,-1,0,4,107
8,720,82.800000,42.984000,0,1,8944020,1279,3,1279,0,0,4,107
8,720,82.800000,42.984000,0,1,8944031,1283,3,1283,0,0,4,107
8,720,82.800000,42.984000,0,1,8944044,1286,3,1286,0,0,4,107
8,720,82.800000,42.984000,0,1,8944056,1286,3,1286,0,0,4,107
8,720,82.800000,42.984000,0,1,8944067,1286,3,1286,0,0,4,107
8,720,82.800000,42.984000,0,1,8944079,1286,3,1286,0,0,4,107
8,720,82.800000,42.984000,0,1,8944089,1286,3,1286,0,0,4,107
8,720,82.800000,42.984000,0,1,8944107,1286,3,1286,0,0,4,107
8,720,82.800000,42.984000,0,1,8944120,1291,4,1291,1,0,4,107
8,720,82.800000,42.984000,0,1,8944130,1296,5,1296,2,0,4,107
8,720,82.800000,42.984000,0,1,8944141,1298,5,1298,2,0,4,107
8,720,82.800000,42.984000,0,1,8944151,1298,5,1298,2,0,4,107
8,720,82.800000,42.984000,0,1,8944161,1298,5,1298,2,0,4,107
8,720,82.800000,42.984000,0,1,8944172,1298,5,1298,2,0,4,107
8,720,82.800000,42.984000,0,1,8944183,1297,5,1297,2,0,4,107
8,720,82.800000,42.984000,0,1,8944194,1297,5,1297,2,0,4,107
8,720,82.800000,42.984000,0,1,8944205,1297,5,1297,2,0,4,107
8,720,82.800000,42.984000,0,1,8944215,1297,5,1297,2,0,4,107
8,720,82.800000,42.984000,0,1,8944225,1297,5,1297,2,0,4,107
