8,720,50.400000,42.984000,0,0,8950234,600,0,600,0,0,4,111
8,720,50.400000,42.984000,0,0,8950235,600,0,600,0,0,4,111
8,720,50.400000,42.984000,0,0,8950246,600,0,600,0,0,4,111
8,720,50.400000,42.984000,0,0,8950256,600,0,600,0,0,4,111
8,720,50.400000,42.984000,0,0,8950266,600,0,600,0,0,4,111
8,720,50.400000,42.984000,0,0,8950278,600,0,600,0,0,4,111
8,720,50.400000,42.984000,0,0,8950289,602,0,602,0,0,4,111
8,720,50.400000,42.984000,0,0,8950302,609,0,609,0,0,4,111
8,720,50.400000,42.984000,0,0,8950315,628,0,628,-1,0,4,111
8,720,50.400000,42.984000,0,0,8950330,676,0,676,-1,0,4,111
8,720,50.400000,42.984000,0,0,8950345,770,0,770,-1,0,4,111
8,720,50.400000,42.984000,0,0,8950363,905,0,905,-1,0,4,111
8,720,50.400000,42.984000,0,0,8950376,1060,0,1060,-1,0,4,111
8,720,50.400000,42.984000,0,0,8950389,1149,0,1149,-3,0,4,111
8,720,50.400000,42.984000,0,0,8950400,1204,0,1204,-3,0,4,111
8,720,50.400000,42.984000,0,0,8950411,1251,0,1251,-3,0,4,111
8,720,50.400000,42.984000,0,0,8950423,1285,0,1285,-3,0,4,111
8,720,50.400000,42.984000,0,0,8950435,1303,0,1303,-3,0,4,111
8,720,50.400000,42.984000,0,0,8950447,1311,0,1311,-3,0,4,111
8,720,50.400000,42.984000,0,0,8950457,1314,0,1314,-3,0,4,111
8,720,50.400000,42.984000,0,0,8950476,1317,0,1317,-3,0,4,111
8,720,50.400000,42.984000,0,0,8950489,1317,0,1317,-3,0,4,111
8,720,50.400000,42.984000,0,0,8950504,1318,0,1318,-3,0,4,111
8,720,50.400000,42.984000,0,0,8950519,1318,0,1318,-3,0,4,111
8,720,50.400000,42.984000,0,0,8950534,1319,0,1319,-3,0,4,111
8,720,50.400000,42.984000,0,0,8950550,1321,0,1321,-3,0,4,111
8,720,50.400000,42.984000,0,0,8950561,1328,0,1328,-3,0,4,111
8,720,50.400000,42.984000,0,0,8950572,1333,0,1333,-3,0,4,111
8,720,50.400000,42.984000,0,0,8950583,1336,0,1336,-4,0,4,111
8,720,50.400000,42.984000,0,0,8950594,1337,0,1337,-5,0,4,111
8,720,50.400000,42.984000,0,0,8950604,1337,0,1337,-5,0,4,111
8,720,50.400000,42.984000,0,0,8950615,1337,0,1337,-5,0,4,111
8,720,50.400000,42.984000,0,0,8950626,1337,0,1337,-5,0,4,111
8,720,50.400000,42.984000,0,0,8950637,1337,0,1337,-5,0,4,111
8,720,50.400000,42.984000,0,0,8950647,1337,0,1337,-5,0,4,111
8,720,50.400000,42.984000,0,0,8950657,1337,0,1337,-5,0,4,111
8,720,50.400000,42.984000,0,0,8950668,1337,0,1337,-5,0,4,111
8,720,50.400000,42.984000,0,0,8950679,1336,0,1336,-5,0,4,111
8,720,50.400000,42.984000,0,0,8950690,1335,0,1335,-5,0,4,111
8,720,50.400000,42.984000,0,0,8950700,1333,0,1333,-5,0,4,111
8,720,50.400000,42.984000,0,0,8950712,1332,0,1332,-5,0,4,111
8,720,50.400000,42.984000,0,0,8950722,1331,1,1331,-4,0,4,111
8,720,50.400000,42.984000,0,0,8950733,1330,2,1330,-3,0,4,111
8,720,50.400000,42.984000,0,0,8950743,1330,2,1330,-3,0,4,111
8,720,50.400000,42.984000,0,0,8950754,1330,3,1330,-2,0,4,111
8,720,50.400000,42.984000,0,0,8950763,1330,3,1330,-2,0,4,111
