8,720,21.600000,10000.000000,0,1,9102701,600,22,600,22,0,5,9
8,720,21.600000,10000.000000,0,1,9102702,600,22,600,22,0,5,9
8,720,21.600000,10000.000000,0,1,9102712,600,22,600,22,0,5,9
8,720,21.600000,10000.000000,0,1,9102722,600,22,600,22,0,5,9
8,720,21.600000,10000.000000,0,1,9102732,600,22,600,22,0,5,9
8,720,21.600000,10000.000000,0,1,9102742,600,22,600,22,0,5,9
8,720,21.600000,10000.000000,0,1,9102752,600,22,600,22,0,5,9
8,720,21.600000,10000.000000,0,1,9102766,602,21,602,21,0,5,9
8,720,21.600000,10000.000000,0,1,9102777,610,21,610,21,0,5,9
8,720,21.600000,10000.000000,0,1,9102787,628,20,628,20,0,5,9
8,720,21.600000,10000.000000,0,1,9102798,668,20,668,20,0,5,9
8,720,21.600000,10000.000000,0,1,9102810,716,19,716,19,0,5,9
8,720,21.600000,10000.000000,0,1,9102821,796,17,796,17,0,5,9
8,720,21.600000,10000.000000,0,1,9102832,880,14,880,14,0,5,9
8,720,21.600000,10000.000000,0,1,9102843,973,13,973,13,0,5,9
8,720,21.600000,10000.000000,0,1,9102854,1075,11,1075,11,0,5,9
8,720,21.600000,10000.000000,0,1,9102866,1148,9,1148,9,0,5,9
8,720,21.600000,10000.000000,0,1,9102876,1200,7,1200,7,0,5,9
8,720,21.600000,10000.000000,0,1,9102887,1234,6,1234,6,0,5,9
8,720,21.600000,10000.000000,0,1,9102898,1257,5,1257,5,0,5,9
8,720,21.600000,10000.000000,0,1,9102909,1273,5,1273,5,0,5,9
8,720,21.600000,10000.000000,0,1,9102920,1281,5,1281,5,0,5,9
8,720,21.600000,10000.000000,0,1,9102931,1285,5,1285,5,0,5,9
8,720,21.600000,10000.000000,0,1,9102942,1289,5,1289,5,0,5,9
8,720,21.600000,10000.000000,0,1,9102953,1292,5,1292,5,0,5,9
8,720,21.600000,10000.000000,0,1,9102962,1294,5,1294,5,0,5,9
8,720,21.600000,10000.000000,0,1,9102972,1294,5,1294,5,0,5,9
8,720,21.600000,10000.000000,0,1,9102982,1294,5,1294,5,0,5,9
8,720,21.600000,10000.000000,0,1,9102992,1294,5,1294,5,0,5,9
8,720,21.600000,10000.000000,0,1,9103002,1294,5,1294,5,0,5,9
8,720,21.600000,10000.000000,0,1,9103012,1294,5,1294,5,0,5,9
8,720,21.600000,10000.000000,0,1,9103023,1295,5,1295,5,0,5,9
8,720,21.600000,10000.000000,0,1,9103032,1296,5,1296,5,0,5,9
8,720,21.600000,10000.000000,0,1,9103042,1297,5,1297,5,0,5,9
8,720,21.600000,10000.000000,0,1,9103052,1297,5,1297,5,0,5,9
8,720,21.600000,10000.000000,0,1,9103062,1297,5,1297,5,0,5,9
8,720,21.600000,10000.000000,0,1,9103072,1297,5,1297,5,0,5,9
8,720,21.600000,10000.000000,0,1,9103082,1297,5,1297,5,0,5,9
8,720,21.600000,10000.000000,0,1,9103092,1298,5,1298,5,0,5,9
8,720,21.600000,10000.000000,0,1,9103102,1299,5,1299,5,0,5,9
8,720,21.600000,10000.000000,0,1,9103112,1301,5,1301,5,0,5,9
8,720,21.600000,10000.000000,0,1,9103123,1303,5,1303,5,0,5,9
8,720,21.600000,10000.000000,0,1,9103132,1304,5,1304,5,0,5,9
8,720,21.600000,10000.000000,0,1,9103142,1304,5,1304,5,0,5,9
8,720,21.600000,10000.000000,0,1,9103152,1305,5,1305,5,0,5,9
8,720,21.600000,10000.000000,0,1,9103163,1307,5,1307,5,0,5,9
8,720,21.600000,10000.000000,0,1,9103177,1311,5,1311,5,0,5,9
8,720,21.600000,10000.000000,0,1,9103191,1317,5,1317,5,0,5,9
8,720,21.600000,10000.000000,0,1,9103202,1321,5,1321,5,0,5,9
8,720,21.600000,10000.000000,0,1,9103213,1322,5,1322,5,0,5,9
8,720,21.600000,10000.000000,0,1,9103227,1322,5,1322,5,0,5,9
8,720,21.600000,10000.000000,0,1,9103237,1321,5,1321,5,0,5,9
8,720,21.600000,10000.000000,0,1,9103248,1321,5,1321,5,0,5,9
8,720,21.600000,10000.000000,0,1,9103258,1321,5,1321,5,0,5,9
8,720,21.600000,10000.000000,0,1,9103268,1321,5,1321,5,0,5,9
8,720,21.600000,10000.000000,0,1,9103279,1321,5,1321,5,0,5,9
8,720,21.600000,10000.000000,0,1,9103288,1321,5,1321,5,0,5,9
8,720,21.600000,10000.000000,0,1,9103297,1321,5,1321,5,0,5,9
8,720,21.600000,10000.000000,0,1,9103308,1321,5,1321,5,0,5,9
8,720,21.600000,10000.000000,0,1,9103318,1321,5,1321,5,0,5,9
