8,720,50.400000,22.608000,0,0,9158277,600,0,600,0,0,5,50
8,720,50.400000,22.608000,0,0,9158278,600,0,600,0,0,5,50
8,720,50.400000,22.608000,0,0,9158293,600,0,600,-1,0,5,50
8,720,50.400000,22.608000,0,0,9158304,607,0,607,-2,0,5,50
8,720,50.400000,22.608000,0,0,9158315,622,0,622,-3,0,5,50
8,720,50.400000,22.608000,0,0,9158327,662,0,662,-4,0,5,50
8,720,50.400000,22.608000,0,0,9158338,737,0,737,-5,0,5,50
8,720,50.400000,22.608000,0,0,9158349,838,0,838,-5,0,5,50
8,720,50.400000,22.608000,0,0,9158361,953,0,953,-5,0,5,50
8,720,50.400000,22.608000,0,0,9158373,1057,0,1057,-7,0,5,50
8,720,50.400000,22.608000,0,0,9158384,1142,0,1142,-8,0,5,50
8,720,50.400000,22.608000,0,0,9158395,1212,0,1212,-9,0,5,50
8,720,50.400000,22.608000,0,0,9158405,1252,0,1252,-9,0,5,50
8,720,50.400000,22.608000,0,0,9158420,1276,0,1276,-9,0,5,50
8,720,50.400000,22.608000,0,0,9158432,1290,1,1290,-8,0,5,50
8,720,50.400000,22.608000,0,0,9158444,1292,1,1292,-8,0,5,50
8,720,50.400000,22.608000,0,0,9158459,1292,1,1292,-8,0,5,50
8,720,50.400000,22.608000,0,0,9158470,1292,1,1292,-8,0,5,50
8,720,50.400000,22.608000,0,0,9158481,1292,1,1292,-8,0,5,50
8,720,50.400000,22.608000,0,0,9158493,1292,1,1292,-8,0,5,50
8,720,50.400000,22.608000,0,0,9158503,1292,1,1292,-8,0,5,50
8,720,50.400000,22.608000,0,0,9158513,1292,1,1292,-8,0,5,50
8,720,50.400000,22.608000,0,0,9158524,1292,1,1292,-8,0,5,50
8,720,50.400000,22.608000,0,0,9158534,1292,1,1292,-8,0,5,50
8,720,50.400000,22.608000,0,0,9158546,1292,1,1292,-8,0,5,50
8,720,50.400000,22.608000,0,0,9158557,1292,1,1292,-8,0,5,50
8,720,50.400000,22.608000,0,0,9158567,1292,1,1292,-8,0,5,50
8,720,50.400000,22.608000,0,0,9158578,1292,1,1292,-8,0,5,50
8,720,50.400000,22.608000,0,0,9158588,1292,1,1292,-8,0,5,50
8,720,50.400000,22.608000,0,0,9158599,1292,1,1292,-8,0,5,50
8,720,50.400000,22.608000,0,0,9158609,1292,1,1292,-8,0,5,50
8,720,50.400000,22.608000,0,0,9158625,1292,1,1292,-8,0,5,50
8,720,50.400000,22.608000,0,0,9158636,1292,1,1292,-8,0,5,50
8,720,50.400000,22.608000,0,0,9158646,1292,1,1292,-8,0,5,50
8,720,50.400000,22.608000,0,0,9158658,1292,1,1292,-8,0,5,50
8,720,50.400000,22.608000,0,0,9158668,1292,1,1292,-8,0,5,50
8,720,50.400000,22.608000,0,0,9158679,1292,1,1292,-8,0,5,50
8,720,50.400000,22.608000,0,0,9158689,1292,1,1292,-8,0,5,50
8,720,50.400000,22.608000,0,0,9158700,1292,1,1292,-8,0,5,50
8,720,50.400000,22.608000,0,0,9158710,1292,1,1292,-8,0,5,50
8,720,50.400000,22.608000,0,0,9158721,1292,1,1292,-8,0,5,50
8,720,50.400000,22.608000,0,0,9158731,1292,1,1292,-8,0,5,50
8,720,50.400000,22.608000,0,0,9158741,1292,1,1292,-8,0,5,50
8,720,50.400000,22.608000,0,0,9158753,1295,1,1295,-8,0,5,50
8,720,50.400000,22.608000,0,0,9158764,1299,1,1299,-8,0,5,50
8,720,50.400000,22.608000,0,0,9158774,1302,2,1302,-7,0,5,50
8,720,50.400000,22.608000,0,0,9158786,1305,3,1305,-6,0,5,50
8,720,50.400000,22.608000,0,0,9158797,1305,3,1305,-6,0,5,50
8,720,50.400000,22.608000,0,0,9158807,1305,3,1305,-6,0,5,50
8,720,50.400000,22.608000,0,0,9158819,1303,3,1303,-6,0,5,50
8,720,50.400000,22.608000,0,0,9158828,1302,3,1302,-6,0,5,50
