8,720,50.400000,42.984000,1,1,9104140,600,22,600,22,0,5,10
8,720,50.400000,42.984000,1,1,9104141,600,22,600,22,0,5,10
8,720,50.400000,42.984000,1,1,9104151,600,22,600,22,0,5,10
8,720,50.400000,42.984000,1,1,9104161,600,22,600,22,0,5,10
8,720,50.400000,42.984000,1,1,9104174,600,22,600,22,0,5,10
8,720,50.400000,42.984000,1,1,9104186,603,22,603,22,0,5,10
8,720,50.400000,42.984000,1,1,9104201,611,20,611,20,0,5,10
8,720,50.400000,42.984000,1,1,9104212,628,19,628,19,0,5,10
8,720,50.400000,42.984000,1,1,9104229,651,18,651,18,0,5,10
8,720,50.400000,42.984000,1,1,9104239,699,16,699,16,0,5,10
8,720,50.400000,42.984000,1,1,9104251,733,15,733,15,0,5,10
8,720,50.400000,42.984000,1,1,9104263,783,14,783,14,0,5,10
8,720,50.400000,42.984000,1,1,9104274,829,14,829,14,0,5,10
8,720,50.400000,42.984000,1,1,9104284,873,13,873,13,0,5,10
8,720,50.400000,42.984000,1,1,9104296,924,13,924,13,0,5,10
8,720,50.400000,42.984000,1,1,9104307,981,12,981,12,0,5,10
8,720,50.400000,42.984000,1,1,9104318,1037,11,1037,11,0,5,10
8,720,50.400000,42.984000,1,1,9104329,1076,11,1076,11,0,5,10
8,720,50.400000,42.984000,1,1,9104340,1117,10,1117,10,0,5,10
8,720,50.400000,42.984000,1,1,9104351,1143,9,1143,9,0,5,10
8,720,50.400000,42.984000,1,1,9104361,1170,9,1170,9,0,5,10
8,720,50.400000,42.984000,1,1,9104373,1195,9,1195,9,0,5,10
8,720,50.400000,42.984000,1,1,9104384,1215,8,1215,8,0,5,10
8,720,50.400000,42.984000,1,1,9104395,1233,8,1233,8,0,5,10
8,720,50.400000,42.984000,1,1,9104406,1243,8,1243,8,0,5,10
8,720,50.400000,42.984000,1,1,9104417,1253,8,1253,8,0,5,10
8,720,50.400000,42.984000,1,1,9104428,1258,7,1258,7,0,5,10
8,720,50.400000,42.984000,1,1,9104439,1263,7,1263,7,0,5,10
8,720,50.400000,42.984000,1,1,9104450,1268,6,1268,6,0,5,10
8,720,50.400000,42.984000,1,1,9104461,1275,5,1275,5,0,5,10
8,720,50.400000,42.984000,1,1,9104472,1283,5,1283,5,0,5,10
8,720,50.400000,42.984000,1,1,9104482,1290,4,1290,4,0,5,10
8,720,50.400000,42.984000,1,1,9104493,1297,3,1297,3,0,5,10
8,720,50.400000,42.984000,1,1,9104503,1300,3,1300,3,0,5,10
8,720,50.400000,42.984000,1,1,9104513,1301,3,1301,3,0,5,10
8,720,50.400000,42.984000,1,1,9104523,1301,2,1301,2,0,5,10
8,720,50.400000,42.984000,1,1,9104534,1302,2,1302,2,0,5,10
8,720,50.400000,42.984000,1,1,9104544,1303,2,1303,2,0,5,10
8,720,50.400000,42.984000,1,1,9104556,1308,2,1308,2,0,5,10
8,720,50.400000,42.984000,1,1,9104566,1316,2,1316,2,0,5,10
8,720,50.400000,42.984000,1,1,9104577,1323,2,1323,2,0,5,10
8,720,50.400000,42.984000,1,1,9104587,1326,2,1326,2,0,5,10
8,720,50.400000,42.984000,1,1,9104597,1327,2,1327,2,0,5,10
8,720,50.400000,42.984000,1,1,9104607,1327,2,1327,2,0,5,10
8,720,50.400000,42.984000,1,1,9104617,1327,2,1327,2,0,5,10
8,720,50.400000,42.984000,1,1,9104628,1326,2,1326,2,0,5,10
8,720,50.400000,42.984000,1,1,9104638,1325,2,1325,2,0,5,10
8,720,50.400000,42.984000,1,1,9104649,1325,2,1325,2,0,5,10
8,720,50.400000,42.984000,1,1,9104658,1324,2,1324,2,0,5,10
8,720,50.400000,42.984000,1,1,9104668,1323,2,1323,2,0,5,10
8,720,50.400000,42.984000,1,1,9104678,1322,2,1322,2,0,5,10
8,720,50.400000,42.984000,1,1,9104688,1322,2,1322,2,0,5,10
8,720,50.400000,42.984000,1,1,9104697,1321,2,1321,2,0,5,10
8,720,50.400000,42.984000,1,1,9104707,1321,2,1321,2,0,5,10
8,720,50.400000,42.984000,1,1,9104717,1321,2,1321,2,0,5,10
8,720,50.400000,42.984000,1,1,9104727,1321,2,1321,2,0,5,10
8,720,50.400000,42.984000,1,1,9104736,1321,2,1321,2,0,5,10
