8,720,21.600000,10000.000000,1,1,9107050,600,22,600,22,0,5,12
8,720,21.600000,10000.000000,1,1,9107051,600,22,600,22,0,5,12
8,720,21.600000,10000.000000,1,1,9107060,600,22,600,22,0,5,12
8,720,21.600000,10000.000000,1,1,9107070,600,22,600,22,0,5,12
8,720,21.600000,10000.000000,1,1,9107080,600,22,600,22,0,5,12
8,720,21.600000,10000.000000,1,1,9107090,600,22,600,22,0,5,12
8,720,21.600000,10000.000000,1,1,9107100,600,22,600,22,0,5,12
8,720,21.600000,10000.000000,1,1,9107111,600,22,600,22,0,5,12
8,720,21.600000,10000.000000,1,1,9107125,601,22,601,22,0,5,12
8,720,21.600000,10000.000000,1,1,9107136,610,22,610,22,0,5,12
8,720,21.600000,10000.000000,1,1,9107147,630,22,630,22,0,5,12
8,720,21.600000,10000.000000,1,1,9107158,664,22,664,22,0,5,12
8,720,21.600000,10000.000000,1,1,9107169,717,21,717,21,0,5,12
8,720,21.600000,10000.000000,1,1,9107183,774,19,774,19,0,5,12
8,720,21.600000,10000.000000,1,1,9107196,842,17,842,17,0,5,12
8,720,21.600000,10000.000000,1,1,9107207,899,15,899,15,0,5,12
8,720,21.600000,10000.000000,1,1,9107219,935,14,935,14,0,5,12
8,720,21.600000,10000.000000,1,1,9107234,976,11,976,11,0,5,12
8,720,21.600000,10000.000000,1,1,9107251,1033,9,1033,9,0,5,12
8,720,21.600000,10000.000000,1,1,9107266,1087,6,1087,6,0,5,12
8,720,21.600000,10000.000000,1,1,9107276,1126,2,1126,2,0,5,12
8,720,21.600000,10000.000000,1,1,9107287,1149,1,1149,1,0,5,12
8,720,21.600000,10000.000000,1,1,9107297,1165,0,1165,0,0,5,12
8,720,21.600000,10000.000000,1,1,9107311,1180,0,1180,0,0,5,12
8,720,21.600000,10000.000000,1,1,9107326,1200,0,1200,0,0,5,12
8,720,21.600000,10000.000000,1,1,9107337,1226,0,1226,0,0,5,12
8,720,21.600000,10000.000000,1,1,9107347,1242,0,1242,0,0,5,12
8,720,21.600000,10000.000000,1,1,9107358,1254,0,1254,0,0,5,12
8,720,21.600000,10000.000000,1,1,9107368,1265,0,1265,0,0,5,12
8,720,21.600000,10000.000000,1,1,9107379,1270,0,1270,0,0,5,12
8,720,21.600000,10000.000000,1,1,9107389,1273,0,1273,0,0,5,12
8,720,21.600000,10000.000000,1,1,9107400,1274,0,1274,0,0,5,12
8,720,21.600000,10000.000000,1,1,9107411,1274,0,1274,0,0,5,12
8,720,21.600000,10000.000000,1,1,9107421,1274,0,1274,0,0,5,12
8,720,21.600000,10000.000000,1,1,9107432,1275,0,1275,0,0,5,12
8,720,21.600000,10000.000000,1,1,9107443,1279,0,1279,0,0,5,12
8,720,21.600000,10000.000000,1,1,9107455,1286,0,1286,0,0,5,12
8,720,21.600000,10000.000000,1,1,9107467,1294,0,1294,0,0,5,12
8,720,21.600000,10000.000000,1,1,9107477,1299,0,1299,0,0,5,12
8,720,21.600000,10000.000000,1,1,9107487,1300,0,1300,0,0,5,12
8,720,21.600000,10000.000000,1,1,9107497,1301,0,1301,0,0,5,12
8,720,21.600000,10000.000000,1,1,9107507,1301,0,1301,0,0,5,12
8,720,21.600000,10000.000000,1,1,9107517,1301,0,1301,0,0,5,12
8,720,21.600000,10000.000000,1,1,9107528,1302,0,1302,0,0,5,12
8,720,21.600000,10000.000000,1,1,9107538,1305,0,1305,0,0,5,12
8,720,21.600000,10000.000000,1,1,9107547,1307,0,1307,0,0,5,12
8,720,21.600000,10000.000000,1,1,9107558,1307,0,1307,0,0,5,12
8,720,21.600000,10000.000000,1,1,9107567,1307,0,1307,0,0,5,12
8,720,21.600000,10000.000000,1,1,9107577,1307,1,1307,1,0,5,12
8,720,21.600000,10000.000000,1,1,9107587,1306,1,1306,1,0,5,12
8,720,21.600000,10000.000000,1,1,9107597,1304,1,1304,1,0,5,12
8,720,21.600000,10000.000000,1,1,9107608,1304,2,1304,2,0,5,12
8,720,21.600000,10000.000000,1,1,9107619,1304,3,1304,3,0,5,12
8,720,21.600000,10000.000000,1,1,9107629,1303,3,1303,3,0,5,12
8,720,21.600000,10000.000000,1,1,9107638,1303,3,1303,3,0,5,12
8,720,21.600000,10000.000000,1,1,9107648,1303,3,1303,3,0,5,12
8,720,21.600000,10000.000000,1,1,9107658,1303,3,1303,3,0,5,12
8,720,21.600000,10000.000000,1,1,9107668,1303,3,1303,3,0,5,12
8,720,21.600000,10000.000000,1,1,9107677,1303,3,1303,3,0,5,12
8,720,21.600000,10000.000000,1,1,9107687,1303,3,1303,3,0,5,12
8,720,21.600000,10000.000000,1,1,9107697,1303,3,1303,3,0,5,12
8,720,21.600000,10000.000000,1,1,9107708,1304,4,1304,4,0,5,12
8,720,21.600000,10000.000000,1,1,9107718,1305,4,1305,4,0,5,12
8,720,21.600000,10000.000000,1,1,9107729,1305,4,1305,4,0,5,12
8,720,21.600000,10000.000000,1,1,9107739,1305,4,1305,4,0,5,12
8,720,21.600000,10000.000000,1,1,9107749,1305,4,1305,4,0,5,12
8,720,21.600000,10000.000000,1,1,9107759,1305,4,1305,4,0,5,12
8,720,21.600000,10000.000000,1,1,9107768,1305,4,1305,4,0,5,12
8,720,21.600000,10000.000000,1,1,9107778,1305,4,1305,4,0,5,12
8,720,21.600000,10000.000000,1,1,9107788,1306,4,1306,4,0,5,12
8,720,21.600000,10000.000000,1,1,9107798,1307,4,1307,4,0,5,12
8,720,21.600000,10000.000000,1,1,9107808,1309,4,1309,4,0,5,12
8,720,21.600000,10000.000000,1,1,9107818,1310,4,1310,4,0,5,12
8,720,21.600000,10000.000000,1,1,9107828,1310,4,1310,4,0,5,12
8,720,21.600000,10000.000000,1,1,9107838,1311,4,1311,4,0,5,12
8,720,21.600000,10000.000000,1,1,9107849,1311,4,1311,4,0,5,12
8,720,21.600000,10000.000000,1,1,9107860,1312,4,1312,4,0,5,12
8,720,21.600000,10000.000000,1,1,9107869,1313,4,1313,4,0,5,12
8,720,21.600000,10000.000000,1,1,9107879,1313,4,1313,4,0,5,12
8,720,21.600000,10000.000000,1,1,9107889,1313,4,1313,4,0,5,12
8,720,21.600000,10000.000000,1,1,9107899,1313,4,1313,4,0,5,12
8,720,21.600000,10000.000000,1,1,9107909,1313,4,1313,4,0,5,12
8,720,21.600000,10000.000000,1,1,9107919,1313,4,1313,4,0,5,12
8,720,21.600000,10000.000000,1,1,9107929,1313,4,1313,4,0,5,12
8,720,21.600000,10000.000000,1,1,9107941,1313,4,1313,4,0,5,12
8,720,21.600000,10000.000000,1,1,9107952,1313,4,1313,4,0,5,12
8,720,21.600000,10000.000000,1,1,9107963,1313,4,1313,4,0,5,12
8,720,21.600000,10000.000000,1,1,9107973,1313,4,1313,4,0,5,12
