8,360,21.600000,22.608000,0,0,9144793,780,0,780,0,0,5,40
8,360,21.600000,22.608000,0,0,9144794,780,0,780,0,0,5,40
8,360,21.600000,22.608000,0,0,9144804,780,0,780,0,0,5,40
8,360,21.600000,22.608000,0,0,9144819,780,0,780,0,0,5,40
8,360,21.600000,22.608000,0,0,9144830,784,0,784,0,0,5,40
8,360,21.600000,22.608000,0,0,9144841,794,0,794,-1,0,5,40
8,360,21.600000,22.608000,0,0,9144854,816,0,816,-1,0,5,40
8,360,21.600000,22.608000,0,0,9144867,859,0,859,-1,0,5,40
8,360,21.600000,22.608000,0,0,9144878,929,0,929,-2,0,5,40
8,360,21.600000,22.608000,0,0,9144890,986,0,986,-3,0,5,40
8,360,21.600000,22.608000,0,0,9144901,1038,0,1038,-6,0,5,40
8,360,21.600000,22.608000,0,0,9144913,1073,0,1073,-6,0,5,40
8,360,21.600000,22.608000,0,0,9144925,1095,0,1095,-6,0,5,40
8,360,21.600000,22.608000,0,0,9144937,1108,0,1108,-6,0,5,40
8,360,21.600000,22.608000,0,0,9144948,1115,0,1115,-6,0,5,40
8,360,21.600000,22.608000,0,0,9144959,1118,1,1118,-5,0,5,40
8,360,21.600000,22.608000,0,0,9144969,1120,1,1120,-5,0,5,40
8,360,21.600000,22.608000,0,0,9144982,1123,1,1123,-5,0,5,40
8,360,21.600000,22.608000,0,0,9144994,1123,1,1123,-5,0,5,40
8,360,21.600000,22.608000,0,0,9145005,1123,1,1123,-5,0,5,40
8,360,21.600000,22.608000,0,0,9145016,1123,1,1123,-5,0,5,40
8,360,21.600000,22.608000,0,0,9145027,1123,1,1123,-5,0,5,40
8,360,21.600000,22.608000,0,0,9145038,1123,1,1123,-5,0,5,40
8,360,21.600000,22.608000,0,0,9145049,1123,1,1123,-5,0,5,40
8,360,21.600000,22.608000,0,0,9145060,1124,1,1124,-5,0,5,40
8,360,21.600000,22.608000,0,0,9145070,1124,1,1124,-5,0,5,40
8,360,21.600000,22.608000,0,0,9145081,1124,1,1124,-5,0,5,40
8,360,21.600000,22.608000,0,0,9145093,1124,1,1124,-5,0,5,40
8,360,21.600000,22.608000,0,0,9145103,1125,1,1125,-5,0,5,40
8,360,21.600000,22.608000,0,0,9145114,1131,2,1131,-4,0,5,40
8,360,21.600000,22.608000,0,0,9145125,1141,3,1141,-3,0,5,40
8,360,21.600000,22.608000,0,0,9145137,1149,4,1149,-2,0,5,40
8,360,21.600000,22.608000,0,0,9145152,1153,4,1153,-2,0,5,40
8,360,21.600000,22.608000,0,0,9145162,1154,4,1154,-2,0,5,40
8,360,21.600000,22.608000,0,0,9145174,1154,4,1154,-2,0,5,40
8,360,21.600000,22.608000,0,0,9145184,1153,5,1153,-1,0,5,40
8,360,21.600000,22.608000,0,0,9145195,1152,5,1152,-1,0,5,40
8,360,21.600000,22.608000,0,0,9145205,1151,5,1151,-1,0,5,40
8,360,21.600000,22.608000,0,0,9145216,1151,5,1151,-1,0,5,40
8,360,21.600000,22.608000,0,0,9145227,1151,5,1151,-1,0,5,40
8,360,21.600000,22.608000,0,0,9145238,1151,5,1151,-1,0,5,40
8,360,21.600000,22.608000,0,0,9145248,1150,5,1150,-1,0,5,40
8,360,21.600000,22.608000,0,0,9145259,1149,5,1149,-1,0,5,40
8,360,21.600000,22.608000,0,0,9145270,1148,5,1148,-1,0,5,40
8,360,21.600000,22.608000,0,0,9145281,1148,5,1148,-1,0,5,40
8,360,21.600000,22.608000,0,0,9145291,1148,5,1148,-1,0,5,40
8,360,21.600000,22.608000,0,0,9145301,1148,5,1148,-1,0,5,40
8,360,21.600000,22.608000,0,0,9145311,1148,5,1148,-1,0,5,40
8,360,21.600000,22.608000,0,0,9145328,1148,5,1148,-1,0,5,40
8,360,21.600000,22.608000,0,0,9145344,1148,5,1148,-1,0,5,40
