8,720,50.400000,12.276000,1,1,9126610,600,22,600,22,0,5,26
8,720,50.400000,12.276000,1,1,9126610,600,22,600,22,0,5,26
8,720,50.400000,12.276000,1,1,9126620,600,22,600,22,0,5,26
8,720,50.400000,12.276000,1,1,9126630,600,22,600,22,0,5,26
8,720,50.400000,12.276000,1,1,9126641,600,22,600,22,0,5,26
8,720,50.400000,12.276000,1,1,9126651,600,22,600,22,0,5,26
8,720,50.400000,12.276000,1,1,9126662,603,22,603,22,0,5,26
8,720,50.400000,12.276000,1,1,9126673,611,22,611,22,0,5,26
8,720,50.400000,12.276000,1,1,9126683,631,21,631,21,0,5,26
8,720,50.400000,12.276000,1,1,9126698,670,21,670,21,0,5,26
8,720,50.400000,12.276000,1,1,9126708,748,19,748,19,0,5,26
8,720,50.400000,12.276000,1,1,9126719,830,18,830,18,0,5,26
8,720,50.400000,12.276000,1,1,9126730,937,16,937,16,0,5,26
8,720,50.400000,12.276000,1,1,9126740,1022,14,1022,14,0,5,26
8,720,50.400000,12.276000,1,1,9126753,1096,12,1096,12,0,5,26
8,720,50.400000,12.276000,1,1,9126764,1156,12,1156,12,0,5,26
8,720,50.400000,12.276000,1,1,9126774,1193,12,1193,12,0,5,26
8,720,50.400000,12.276000,1,1,9126785,1223,12,1223,12,0,5,26
8,720,50.400000,12.276000,1,1,9126796,1248,14,1248,14,0,5,26
8,720,50.400000,12.276000,1,1,9126807,1266,14,1266,14,0,5,26
8,720,50.400000,12.276000,1,1,9126819,1281,14,1281,14,0,5,26
8,720,50.400000,12.276000,1,1,9126829,1286,14,1286,14,0,5,26
8,720,50.400000,12.276000,1,1,9126839,1289,14,1289,14,0,5,26
8,720,50.400000,12.276000,1,1,9126851,1290,14,1290,14,0,5,26
8,720,50.400000,12.276000,1,1,9126861,1290,14,1290,14,0,5,26
8,720,50.400000,12.276000,1,1,9126871,1290,14,1290,14,0,5,26
8,720,50.400000,12.276000,1,1,9126883,1291,14,1291,14,0,5,26
8,720,50.400000,12.276000,1,1,9126897,1294,14,1294,14,0,5,26
8,720,50.400000,12.276000,1,1,9126914,1303,15,1303,15,0,5,26
8,720,50.400000,12.276000,1,1,9126929,1311,15,1311,15,0,5,26
8,720,50.400000,12.276000,1,1,9126939,1313,15,1313,15,0,5,26
8,720,50.400000,12.276000,1,1,9126949,1313,15,1313,15,0,5,26
8,720,50.400000,12.276000,1,1,9126961,1313,15,1313,15,0,5,26
8,720,50.400000,12.276000,1,1,9126972,1313,15,1313,15,0,5,26
8,720,50.400000,12.276000,1,1,9126982,1313,15,1313,15,0,5,26
8,720,50.400000,12.276000,1,1,9126992,1313,15,1313,15,0,5,26
8,720,50.400000,12.276000,1,1,9127008,1313,15,1313,15,0,5,26
8,720,50.400000,12.276000,1,1,9127017,1313,15,1313,15,0,5,26
8,720,50.400000,12.276000,1,1,9127027,1313,15,1313,15,0,5,26
8,720,50.400000,12.276000,1,1,9127038,1313,15,1313,15,0,5,26
8,720,50.400000,12.276000,1,1,9127049,1313,15,1313,15,0,5,26
8,720,50.400000,12.276000,1,1,9127060,1313,15,1313,15,0,5,26
8,720,50.400000,12.276000,1,1,9127071,1316,14,1316,14,0,5,26
8,720,50.400000,12.276000,1,1,9127085,1319,14,1319,14,0,5,26
8,720,50.400000,12.276000,1,1,9127095,1319,14,1319,14,0,5,26
