8,360,21.600000,22.608000,1,1,9131954,780,22,780,22,0,5,30
8,360,21.600000,22.608000,1,1,9131955,780,22,780,22,0,5,30
8,360,21.600000,22.608000,1,1,9131966,780,22,780,22,0,5,30
8,360,21.600000,22.608000,1,1,9131978,780,22,780,22,0,5,30
8,360,21.600000,22.608000,1,1,9131989,780,22,780,22,0,5,30
8,360,21.600000,22.608000,1,1,9131999,780,22,780,22,0,5,30
8,360,21.600000,22.608000,1,1,9132010,780,22,780,22,0,5,30
8,360,21.600000,22.608000,1,1,9132021,783,22,783,22,0,5,30
8,360,21.600000,22.608000,1,1,9132034,793,21,793,21,0,5,30
8,360,21.600000,22.608000,1,1,9132047,822,20,822,20,0,5,30
8,360,21.600000,22.608000,1,1,9132060,872,18,872,18,0,5,30
8,360,21.600000,22.608000,1,1,9132072,936,16,936,16,0,5,30
8,360,21.600000,22.608000,1,1,9132084,983,14,983,14,0,5,30
8,360,21.600000,22.608000,1,1,9132096,1012,13,1012,13,0,5,30
8,360,21.600000,22.608000,1,1,9132109,1036,12,1036,12,0,5,30
8,360,21.600000,22.608000,1,1,9132122,1050,12,1050,12,0,5,30
8,360,21.600000,22.608000,1,1,9132133,1056,12,1056,12,0,5,30
8,360,21.600000,22.608000,1,1,9132144,1058,12,1058,12,0,5,30
8,360,21.600000,22.608000,1,1,9132156,1060,12,1060,12,0,5,30
8,360,21.600000,22.608000,1,1,9132168,1066,12,1066,12,0,5,30
8,360,21.600000,22.608000,1,1,9132180,1074,12,1074,12,0,5,30
8,360,21.600000,22.608000,1,1,9132191,1083,11,1083,11,0,5,30
8,360,21.600000,22.608000,1,1,9132202,1094,11,1094,11,0,5,30
8,360,21.600000,22.608000,1,1,9132214,1102,11,1102,11,0,5,30
8,360,21.600000,22.608000,1,1,9132225,1106,11,1106,11,0,5,30
8,360,21.600000,22.608000,1,1,9132236,1108,11,1108,11,0,5,30
8,360,21.600000,22.608000,1,1,9132250,1108,11,1108,11,0,5,30
8,360,21.600000,22.608000,1,1,9132261,1109,11,1109,11,0,5,30
8,360,21.600000,22.608000,1,1,9132273,1115,11,1115,11,0,5,30
8,360,21.600000,22.608000,1,1,9132284,1125,11,1125,11,0,5,30
8,360,21.600000,22.608000,1,1,9132296,1136,11,1136,11,0,5,30
8,360,21.600000,22.608000,1,1,9132310,1147,11,1147,11,0,5,30
8,360,21.600000,22.608000,1,1,9132321,1154,10,1154,10,0,5,30
8,360,21.600000,22.608000,1,1,9132332,1155,10,1155,10,0,5,30
8,360,21.600000,22.608000,1,1,9132343,1155,10,1155,10,0,5,30
8,360,21.600000,22.608000,1,1,9132355,1155,10,1155,10,0,5,30
8,360,21.600000,22.608000,1,1,9132367,1155,10,1155,10,0,5,30
8,360,21.600000,22.608000,1,1,9132379,1155,10,1155,10,0,5,30
8,360,21.600000,22.608000,1,1,9132395,1155,10,1155,10,0,5,30
8,360,21.600000,22.608000,1,1,9132406,1155,10,1155,10,0,5,30
8,360,21.600000,22.608000,1,1,9132417,1155,10,1155,10,0,5,30
8,360,21.600000,22.608000,1,1,9132428,1155,10,1155,10,0,5,30
8,360,21.600000,22.608000,1,1,9132439,1155,10,1155,10,0,5,30
8,360,21.600000,22.608000,1,1,9132450,1155,10,1155,10,0,5,30
8,360,21.600000,22.608000,1,1,9132461,1155,10,1155,10,0,5,30
8,360,21.600000,22.608000,1,1,9132472,1155,10,1155,10,0,5,30
8,360,21.600000,22.608000,1,1,9132483,1155,10,1155,10,0,5,30
8,360,21.600000,22.608000,1,1,9132494,1155,10,1155,10,0,5,30
8,360,21.600000,22.608000,1,1,9132505,1155,10,1155,10,0,5,30
8,360,21.600000,22.608000,1,1,9132515,1155,10,1155,10,0,5,30
8,360,21.600000,22.608000,1,1,9132526,1154,10,1154,10,0,5,30
8,360,21.600000,22.608000,1,1,9132537,1153,10,1153,10,0,5,30
8,360,21.600000,22.608000,1,1,9132548,1152,10,1152,10,0,5,30
8,360,21.600000,22.608000,1,1,9132560,1151,10,1151,10,0,5,30
8,360,21.600000,22.608000,1,1,9132572,1148,9,1148,9,0,5,30
8,360,21.600000,22.608000,1,1,9132584,1145,9,1145,9,0,5,30
8,360,21.600000,22.608000,1,1,9132595,1143,9,1143,9,0,5,30
8,360,21.600000,22.608000,1,1,9132606,1142,9,1142,9,0,5,30
8,360,21.600000,22.608000,1,1,9132616,1141,9,1141,9,0,5,30
8,360,21.600000,22.608000,1,1,9132626,1141,9,1141,9,0,5,30
8,360,21.600000,22.608000,1,1,9132637,1141,9,1141,9,0,5,30
8,360,21.600000,22.608000,1,1,9132648,1141,9,1141,9,0,5,30
8,360,21.600000,22.608000,1,1,9132659,1141,9,1141,9,0,5,30
8,360,21.600000,22.608000,1,1,9132670,1141,9,1141,9,0,5,30
