8,360,50.400000,10000.000000,1,1,9403414,780,22,780,22,0,6,99
8,360,50.400000,10000.000000,1,1,9403415,780,22,780,22,0,6,99
8,360,50.400000,10000.000000,1,1,9403425,780,22,780,22,0,6,99
8,360,50.400000,10000.000000,1,1,9403437,780,22,780,22,0,6,99
8,360,50.400000,10000.000000,1,1,9403451,780,21,780,21,0,6,99
8,360,50.400000,10000.000000,1,1,9403462,785,21,785,21,0,6,99
8,360,50.400000,10000.000000,1,1,9403477,797,20,797,20,0,6,99
8,360,50.400000,10000.000000,1,1,9403488,829,20,829,20,0,6,99
8,360,50.400000,10000.000000,1,1,9403500,866,19,866,19,0,6,99
8,360,50.400000,10000.000000,1,1,9403512,908,19,908,19,0,6,99
8,360,50.400000,10000.000000,1,1,9403526,962,18,962,18,0,6,99
8,360,50.400000,10000.000000,1,1,9403539,1018,17,1018,17,0,6,99
8,360,50.400000,10000.000000,1,1,9403550,1062,17,1062,17,0,6,99
8,360,50.400000,10000.000000,1,1,9403561,1091,17,1091,17,0,6,99
8,360,50.400000,10000.000000,1,1,9403573,1109,17,1109,17,0,6,99
8,360,50.400000,10000.000000,1,1,9403583,1118,17,1118,17,0,6,99
8,360,50.400000,10000.000000,1,1,9403595,1124,17,1124,17,0,6,99
8,360,50.400000,10000.000000,1,1,9403606,1132,17,1132,17,0,6,99
8,360,50.400000,10000.000000,1,1,9403617,1133,16,1133,16,0,6,99
8,360,50.400000,10000.000000,1,1,9403628,1133,16,1133,16,0,6,99
8,360,50.400000,10000.000000,1,1,9403639,1133,16,1133,16,0,6,99
8,360,50.400000,10000.000000,1,1,9403650,1133,16,1133,16,0,6,99
8,360,50.400000,10000.000000,1,1,9403661,1134,16,1134,16,0,6,99
8,360,50.400000,10000.000000,1,1,9403672,1135,15,1135,15,0,6,99
8,360,50.400000,10000.000000,1,1,9403682,1137,15,1137,15,0,6,99
8,360,50.400000,10000.000000,1,1,9403693,1138,14,1138,14,0,6,99
8,360,50.400000,10000.000000,1,1,9403704,1139,14,1139,14,0,6,99
8,360,50.400000,10000.000000,1,1,9403714,1139,13,1139,13,0,6,99
8,360,50.400000,10000.000000,1,1,9403726,1139,13,1139,13,0,6,99
8,360,50.400000,10000.000000,1,1,9403736,1140,13,1140,13,0,6,99
8,360,50.400000,10000.000000,1,1,9403747,1141,12,1141,12,0,6,99
8,360,50.400000,10000.000000,1,1,9403758,1142,12,1142,12,0,6,99
8,360,50.400000,10000.000000,1,1,9403769,1143,11,1143,11,0,6,99
8,360,50.400000,10000.000000,1,1,9403780,1144,11,1144,11,0,6,99
8,360,50.400000,10000.000000,1,1,9403790,1144,11,1144,11,0,6,99
8,360,50.400000,10000.000000,1,1,9403801,1144,11,1144,11,0,6,99
8,360,50.400000,10000.000000,1,1,9403812,1144,11,1144,11,0,6,99
8,360,50.400000,10000.000000,1,1,9403822,1144,11,1144,11,0,6,99
8,360,50.400000,10000.000000,1,1,9403832,1144,11,1144,11,0,6,99
