8,360,21.600000,10000.000000,1,1,9426343,780,22,780,22,0,6,114
8,360,21.600000,10000.000000,1,1,9426344,780,22,780,22,0,6,114
8,360,21.600000,10000.000000,1,1,9426355,780,22,780,22,0,6,114
8,360,21.600000,10000.000000,1,1,9426365,780,22,780,22,0,6,114
8,360,21.600000,10000.000000,1,1,9426375,780,22,780,22,0,6,114
8,360,21.600000,10000.000000,1,1,9426386,783,22,783,22,0,6,114
8,360,21.600000,10000.000000,1,1,9426398,788,22,788,22,0,6,114
8,360,21.600000,10000.000000,1,1,9426409,797,22,797,22,0,6,114
8,360,21.600000,10000.000000,1,1,9426421,815,22,815,22,0,6,114
8,360,21.600000,10000.000000,1,1,9426432,845,22,845,22,0,6,114
8,360,21.600000,10000.000000,1,1,9426442,879,22,879,22,0,6,114
8,360,21.600000,10000.000000,1,1,9426456,921,22,921,22,0,6,114
8,360,21.600000,10000.000000,1,1,9426469,963,22,963,22,0,6,114
8,360,21.600000,10000.000000,1,1,9426481,1016,22,1016,22,0,6,114
8,360,21.600000,10000.000000,1,1,9426493,1050,22,1050,22,0,6,114
8,360,21.600000,10000.000000,1,1,9426505,1077,23,1077,23,0,6,114
8,360,21.600000,10000.000000,1,1,9426518,1095,24,1095,24,0,6,114
8,360,21.600000,10000.000000,1,1,9426529,1106,25,1106,25,0,6,114
8,360,21.600000,10000.000000,1,1,9426543,1110,25,1110,25,0,6,114
8,360,21.600000,10000.000000,1,1,9426555,1112,25,1112,25,0,6,114
8,360,21.600000,10000.000000,1,1,9426566,1113,25,1113,25,0,6,114
8,360,21.600000,10000.000000,1,1,9426579,1115,25,1115,25,0,6,114
8,360,21.600000,10000.000000,1,1,9426590,1119,25,1119,25,0,6,114
8,360,21.600000,10000.000000,1,1,9426601,1123,24,1123,24,0,6,114
8,360,21.600000,10000.000000,1,1,9426613,1128,23,1128,23,0,6,114
8,360,21.600000,10000.000000,1,1,9426625,1133,22,1133,22,0,6,114
8,360,21.600000,10000.000000,1,1,9426636,1137,22,1137,22,0,6,114
8,360,21.600000,10000.000000,1,1,9426646,1138,21,1138,21,0,6,114
8,360,21.600000,10000.000000,1,1,9426658,1139,20,1139,20,0,6,114
8,360,21.600000,10000.000000,1,1,9426669,1139,20,1139,20,0,6,114
8,360,21.600000,10000.000000,1,1,9426679,1139,20,1139,20,0,6,114
8,360,21.600000,10000.000000,1,1,9426690,1139,20,1139,20,0,6,114
8,360,21.600000,10000.000000,1,1,9426701,1139,20,1139,20,0,6,114
8,360,21.600000,10000.000000,1,1,9426712,1139,20,1139,20,0,6,114
8,360,21.600000,10000.000000,1,1,9426723,1140,20,1140,20,0,6,114
8,360,21.600000,10000.000000,1,1,9426735,1140,20,1140,20,0,6,114
8,360,21.600000,10000.000000,1,1,9426746,1140,20,1140,20,0,6,114
8,360,21.600000,10000.000000,1,1,9426758,1141,20,1141,20,0,6,114
8,360,21.600000,10000.000000,1,1,9426768,1143,19,1143,19,0,6,114
8,360,21.600000,10000.000000,1,1,9426780,1144,17,1144,17,0,6,114
8,360,21.600000,10000.000000,1,1,9426790,1145,17,1145,17,0,6,114
8,360,21.600000,10000.000000,1,1,9426801,1146,16,1146,16,0,6,114
8,360,21.600000,10000.000000,1,1,9426812,1146,16,1146,16,0,6,114
8,360,21.600000,10000.000000,1,1,9426822,1146,16,1146,16,0,6,114
8,360,21.600000,10000.000000,1,1,9426833,1146,16,1146,16,0,6,114
8,360,21.600000,10000.000000,1,1,9426844,1146,15,1146,15,0,6,114
8,360,21.600000,10000.000000,1,1,9426855,1146,14,1146,14,0,6,114
8,360,21.600000,10000.000000,1,1,9426866,1146,13,1146,13,0,6,114
8,360,21.600000,10000.000000,1,1,9426876,1146,12,1146,12,0,6,114
8,360,21.600000,10000.000000,1,1,9426887,1147,12,1147,12,0,6,114
