8,720,50.400000,12.276000,1,0,9306286,600,0,600,0,0,6,35
8,720,50.400000,12.276000,1,0,9306287,600,0,600,0,0,6,35
8,720,50.400000,12.276000,1,0,9306297,600,0,600,0,0,6,35
8,720,50.400000,12.276000,1,0,9306307,600,0,600,0,0,6,35
8,720,50.400000,12.276000,1,0,9306318,600,0,600,0,0,6,35
8,720,50.400000,12.276000,1,0,9306328,600,0,600,0,0,6,35
8,720,50.400000,12.276000,1,0,9306339,600,0,600,0,0,6,35
8,720,50.400000,12.276000,1,0,9306351,608,0,608,0,0,6,35
8,720,50.400000,12.276000,1,0,9306362,629,0,629,0,0,6,35
8,720,50.400000,12.276000,1,0,9306373,665,0,665,0,0,6,35
8,720,50.400000,12.276000,1,0,9306385,728,0,728,0,0,6,35
8,720,50.400000,12.276000,1,0,9306395,823,0,823,0,0,6,35
8,720,50.400000,12.276000,1,0,9306406,905,0,905,-2,0,6,35
8,720,50.400000,12.276000,1,0,9306422,999,0,999,-5,0,6,35
8,720,50.400000,12.276000,1,0,9306433,1107,0,1107,-6,0,6,35
8,720,50.400000,12.276000,1,0,9306444,1164,0,1164,-7,0,6,35
8,720,50.400000,12.276000,1,0,9306455,1214,0,1214,-7,0,6,35
8,720,50.400000,12.276000,1,0,9306468,1245,0,1245,-7,0,6,35
8,720,50.400000,12.276000,1,0,9306479,1266,0,1266,-7,0,6,35
8,720,50.400000,12.276000,1,0,9306490,1272,0,1272,-7,0,6,35
8,720,50.400000,12.276000,1,0,9306500,1272,0,1272,-7,0,6,35
8,720,50.400000,12.276000,1,0,9306515,1272,0,1272,-7,0,6,35
8,720,50.400000,12.276000,1,0,9306526,1272,0,1272,-7,0,6,35
8,720,50.400000,12.276000,1,0,9306536,1272,0,1272,-7,0,6,35
8,720,50.400000,12.276000,1,0,9306546,1272,0,1272,-7,0,6,35
8,720,50.400000,12.276000,1,0,9306557,1272,0,1272,-7,0,6,35
8,720,50.400000,12.276000,1,0,9306568,1272,0,1272,-7,0,6,35
8,720,50.400000,12.276000,1,0,9306578,1272,0,1272,-7,0,6,35
8,720,50.400000,12.276000,1,0,9306589,1272,0,1272,-7,0,6,35
8,720,50.400000,12.276000,1,0,9306601,1272,0,1272,-7,0,6,35
8,720,50.400000,12.276000,1,0,9306611,1273,0,1273,-7,0,6,35
8,720,50.400000,12.276000,1,0,9306622,1273,0,1273,-7,0,6,35
8,720,50.400000,12.276000,1,0,9306633,1274,0,1274,-7,0,6,35
8,720,50.400000,12.276000,1,0,9306644,1274,0,1274,-7,0,6,35
8,720,50.400000,12.276000,1,0,9306655,1274,0,1274,-7,0,6,35
8,720,50.400000,12.276000,1,0,9306666,1274,0,1274,-7,0,6,35
8,720,50.400000,12.276000,1,0,9306676,1274,0,1274,-7,0,6,35
8,720,50.400000,12.276000,1,0,9306691,1274,0,1274,-7,0,6,35
8,720,50.400000,12.276000,1,0,9306701,1274,0,1274,-7,0,6,35
8,720,50.400000,12.276000,1,0,9306711,1274,0,1274,-7,0,6,35
8,720,50.400000,12.276000,1,0,9306722,1274,0,1274,-7,0,6,35
8,720,50.400000,12.276000,1,0,9306733,1275,0,1275,-7,0,6,35
8,720,50.400000,12.276000,1,0,9306746,1276,0,1276,-7,0,6,35
8,720,50.400000,12.276000,1,0,9306759,1280,1,1280,-6,0,6,35
8,720,50.400000,12.276000,1,0,9306771,1289,3,1289,-4,0,6,35
8,720,50.400000,12.276000,1,0,9306788,1300,4,1300,-3,0,6,35
8,720,50.400000,12.276000,1,0,9306799,1309,5,1309,-2,0,6,35
8,720,50.400000,12.276000,1,0,9306809,1310,5,1310,-2,0,6,35
8,720,50.400000,12.276000,1,0,9306820,1310,5,1310,-2,0,6,35
8,720,50.400000,12.276000,1,0,9306830,1308,5,1308,-2,0,6,35
8,720,50.400000,12.276000,1,0,9306842,1306,5,1306,-2,0,6,35
8,720,50.400000,12.276000,1,0,9306852,1306,5,1306,-2,0,6,35
8,720,50.400000,12.276000,1,0,9306862,1306,5,1306,-2,0,6,35
