8,720,82.800000,12.276000,0,0,9318776,600,0,600,0,0,6,43
8,720,82.800000,12.276000,0,0,9318777,600,0,600,0,0,6,43
8,720,82.800000,12.276000,0,0,9318795,600,0,600,0,0,6,43
8,720,82.800000,12.276000,0,0,9318806,600,0,600,0,0,6,43
8,720,82.800000,12.276000,0,0,9318817,600,0,600,0,0,6,43
8,720,82.800000,12.276000,0,0,9318830,604,0,604,0,0,6,43
8,720,82.800000,12.276000,0,0,9318841,617,0,617,0,0,6,43
8,720,82.800000,12.276000,0,0,9318856,644,0,644,0,0,6,43
8,720,82.800000,12.276000,0,0,9318868,700,0,700,0,0,6,43
8,720,82.800000,12.276000,0,0,9318879,763,0,763,0,0,6,43
8,720,82.800000,12.276000,0,0,9318891,835,0,835,0,0,6,43
8,720,82.800000,12.276000,0,0,9318902,916,0,916,-1,0,6,43
8,720,82.800000,12.276000,0,0,9318914,988,0,988,-2,0,6,43
8,720,82.800000,12.276000,0,0,9318926,1055,0,1055,-3,0,6,43
8,720,82.800000,12.276000,0,0,9318938,1109,0,1109,-3,0,6,43
8,720,82.800000,12.276000,0,0,9318949,1148,0,1148,-3,0,6,43
8,720,82.800000,12.276000,0,0,9318961,1178,0,1178,-4,0,6,43
8,720,82.800000,12.276000,0,0,9318973,1202,0,1202,-4,0,6,43
8,720,82.800000,12.276000,0,0,9318985,1219,0,1219,-6,0,6,43
8,720,82.800000,12.276000,0,0,9318998,1233,0,1233,-8,0,6,43
8,720,82.800000,12.276000,0,0,9319011,1243,0,1243,-8,0,6,43
8,720,82.800000,12.276000,0,0,9319024,1252,0,1252,-10,0,6,43
8,720,82.800000,12.276000,0,0,9319036,1259,0,1259,-10,0,6,43
8,720,82.800000,12.276000,0,0,9319048,1267,0,1267,-10,0,6,43
8,720,82.800000,12.276000,0,0,9319060,1274,0,1274,-10,0,6,43
8,720,82.800000,12.276000,0,0,9319070,1278,0,1278,-10,0,6,43
8,720,82.800000,12.276000,0,0,9319082,1280,0,1280,-10,0,6,43
8,720,82.800000,12.276000,0,0,9319093,1280,0,1280,-10,0,6,43
8,720,82.800000,12.276000,0,0,9319103,1280,0,1280,-10,0,6,43
8,720,82.800000,12.276000,0,0,9319114,1280,0,1280,-10,0,6,43
8,720,82.800000,12.276000,0,0,9319126,1282,0,1282,-10,0,6,43
8,720,82.800000,12.276000,0,0,9319138,1284,0,1284,-10,0,6,43
8,720,82.800000,12.276000,0,0,9319149,1288,0,1288,-10,0,6,43
8,720,82.800000,12.276000,0,0,9319166,1294,0,1294,-10,0,6,43
8,720,82.800000,12.276000,0,0,9319181,1303,0,1303,-10,0,6,43
8,720,82.800000,12.276000,0,0,9319192,1306,0,1306,-10,0,6,43
8,720,82.800000,12.276000,0,0,9319202,1309,0,1309,-10,0,6,43
8,720,82.800000,12.276000,0,0,9319213,1309,0,1309,-10,0,6,43
8,720,82.800000,12.276000,0,0,9319223,1309,0,1309,-10,0,6,43
8,720,82.800000,12.276000,0,0,9319234,1309,0,1309,-10,0,6,43
8,720,82.800000,12.276000,0,0,9319244,1309,0,1309,-10,0,6,43
8,720,82.800000,12.276000,0,0,9319255,1309,0,1309,-10,0,6,43
8,720,82.800000,12.276000,0,0,9319265,1309,0,1309,-10,0,6,43
8,720,82.800000,12.276000,0,0,9319276,1309,0,1309,-10,0,6,43
8,720,82.800000,12.276000,0,0,9319286,1309,0,1309,-10,0,6,43
8,720,82.800000,12.276000,0,0,9319297,1309,0,1309,-10,0,6,43
8,720,82.800000,12.276000,0,0,9319307,1309,0,1309,-10,0,6,43
8,720,82.800000,12.276000,0,0,9319318,1309,0,1309,-10,0,6,43
8,720,82.800000,12.276000,0,0,9319328,1309,0,1309,-10,0,6,43
