8,360,50.400000,12.276000,1,0,9307727,780,0,780,0,0,6,36
8,360,50.400000,12.276000,1,0,9307728,780,0,780,0,0,6,36
8,360,50.400000,12.276000,1,0,9307739,780,0,780,0,0,6,36
8,360,50.400000,12.276000,1,0,9307750,780,0,780,0,0,6,36
8,360,50.400000,12.276000,1,0,9307761,780,0,780,0,0,6,36
8,360,50.400000,12.276000,1,0,9307772,780,0,780,0,0,6,36
8,360,50.400000,12.276000,1,0,9307786,781,0,781,-1,0,6,36
8,360,50.400000,12.276000,1,0,9307802,791,0,791,-1,0,6,36
8,360,50.400000,12.276000,1,0,9307814,820,0,820,-2,0,6,36
8,360,50.400000,12.276000,1,0,9307826,849,0,849,-4,0,6,36
8,360,50.400000,12.276000,1,0,9307837,887,0,887,-4,0,6,36
8,360,50.400000,12.276000,1,0,9307849,929,0,929,-4,0,6,36
8,360,50.400000,12.276000,1,0,9307861,970,0,970,-4,0,6,36
8,360,50.400000,12.276000,1,0,9307872,1000,0,1000,-4,0,6,36
8,360,50.400000,12.276000,1,0,9307884,1020,0,1020,-4,0,6,36
8,360,50.400000,12.276000,1,0,9307895,1036,0,1036,-4,0,6,36
8,360,50.400000,12.276000,1,0,9307907,1048,0,1048,-4,0,6,36
8,360,50.400000,12.276000,1,0,9307919,1057,0,1057,-4,0,6,36
8,360,50.400000,12.276000,1,0,9307933,1063,0,1063,-4,0,6,36
8,360,50.400000,12.276000,1,0,9307951,1065,0,1065,-4,0,6,36
8,360,50.400000,12.276000,1,0,9307965,1065,0,1065,-5,0,6,36
8,360,50.400000,12.276000,1,0,9307976,1065,0,1065,-5,0,6,36
8,360,50.400000,12.276000,1,0,9307986,1065,0,1065,-5,0,6,36
8,360,50.400000,12.276000,1,0,9307999,1065,0,1065,-5,0,6,36
8,360,50.400000,12.276000,1,0,9308014,1068,0,1068,-5,0,6,36
8,360,50.400000,12.276000,1,0,9308029,1075,0,1075,-5,0,6,36
8,360,50.400000,12.276000,1,0,9308046,1082,0,1082,-5,0,6,36
8,360,50.400000,12.276000,1,0,9308060,1083,0,1083,-5,0,6,36
8,360,50.400000,12.276000,1,0,9308075,1083,0,1083,-5,0,6,36
8,360,50.400000,12.276000,1,0,9308085,1083,0,1083,-5,0,6,36
8,360,50.400000,12.276000,1,0,9308096,1084,0,1084,-5,0,6,36
8,360,50.400000,12.276000,1,0,9308107,1085,0,1085,-5,0,6,36
8,360,50.400000,12.276000,1,0,9308117,1088,0,1088,-5,0,6,36
8,360,50.400000,12.276000,1,0,9308128,1091,0,1091,-5,0,6,36
8,360,50.400000,12.276000,1,0,9308139,1094,0,1094,-5,0,6,36
8,360,50.400000,12.276000,1,0,9308150,1095,0,1095,-5,0,6,36
8,360,50.400000,12.276000,1,0,9308161,1096,0,1096,-6,0,6,36
8,360,50.400000,12.276000,1,0,9308172,1099,0,1099,-6,0,6,36
8,360,50.400000,12.276000,1,0,9308183,1105,0,1105,-6,0,6,36
8,360,50.400000,12.276000,1,0,9308194,1113,1,1113,-5,0,6,36
8,360,50.400000,12.276000,1,0,9308205,1122,2,1122,-4,0,6,36
8,360,50.400000,12.276000,1,0,9308215,1128,2,1128,-4,0,6,36
8,360,50.400000,12.276000,1,0,9308226,1129,2,1129,-4,0,6,36
8,360,50.400000,12.276000,1,0,9308237,1129,2,1129,-4,0,6,36
8,360,50.400000,12.276000,1,0,9308248,1129,2,1129,-4,0,6,36
8,360,50.400000,12.276000,1,0,9308259,1129,2,1129,-4,0,6,36
8,360,50.400000,12.276000,1,0,9308269,1129,2,1129,-4,0,6,36
8,360,50.400000,12.276000,1,0,9308279,1129,2,1129,-4,0,6,36
8,360,50.400000,12.276000,1,0,9308291,1129,2,1129,-4,0,6,36
8,360,50.400000,12.276000,1,0,9308301,1129,2,1129,-4,0,6,36
8,360,50.400000,12.276000,1,0,9308311,1129,2,1129,-4,0,6,36
