8,360,82.800000,42.984000,1,0,9404674,780,0,780,0,0,6,100
8,360,82.800000,42.984000,1,0,9404675,780,0,780,0,0,6,100
8,360,82.800000,42.984000,1,0,9404685,780,0,780,0,0,6,100
8,360,82.800000,42.984000,1,0,9404696,780,0,780,0,0,6,100
8,360,82.800000,42.984000,1,0,9404712,780,0,780,0,0,6,100
8,360,82.800000,42.984000,1,0,9404722,780,0,780,0,0,6,100
8,360,82.800000,42.984000,1,0,9404733,780,0,780,0,0,6,100
8,360,82.800000,42.984000,1,0,9404743,780,0,780,0,0,6,100
8,360,82.800000,42.984000,1,0,9404758,784,0,784,0,0,6,100
8,360,82.800000,42.984000,1,0,9404768,808,0,808,-1,0,6,100
8,360,82.800000,42.984000,1,0,9404779,836,0,836,-3,0,6,100
8,360,82.800000,42.984000,1,0,9404790,877,0,877,-5,0,6,100
8,360,82.800000,42.984000,1,0,9404803,924,0,924,-8,0,6,100
8,360,82.800000,42.984000,1,0,9404813,979,0,979,-10,0,6,100
8,360,82.800000,42.984000,1,0,9404824,1022,0,1022,-11,0,6,100
8,360,82.800000,42.984000,1,0,9404836,1057,0,1057,-11,0,6,100
8,360,82.800000,42.984000,1,0,9404846,1088,0,1088,-11,0,6,100
8,360,82.800000,42.984000,1,0,9404857,1105,0,1105,-11,0,6,100
8,360,82.800000,42.984000,1,0,9404868,1113,0,1113,-11,0,6,100
8,360,82.800000,42.984000,1,0,9404879,1115,0,1115,-11,0,6,100
8,360,82.800000,42.984000,1,0,9404889,1117,0,1117,-11,0,6,100
8,360,82.800000,42.984000,1,0,9404900,1117,0,1117,-11,0,6,100
8,360,82.800000,42.984000,1,0,9404910,1117,0,1117,-11,0,6,100
8,360,82.800000,42.984000,1,0,9404921,1117,0,1117,-11,0,6,100
8,360,82.800000,42.984000,1,0,9404933,1119,0,1119,-11,0,6,100
8,360,82.800000,42.984000,1,0,9404944,1122,0,1122,-11,0,6,100
8,360,82.800000,42.984000,1,0,9404956,1126,0,1126,-11,0,6,100
8,360,82.800000,42.984000,1,0,9404968,1130,0,1130,-11,0,6,100
8,360,82.800000,42.984000,1,0,9404982,1130,0,1130,-11,0,6,100
8,360,82.800000,42.984000,1,0,9404992,1131,0,1131,-11,0,6,100
8,360,82.800000,42.984000,1,0,9405004,1131,0,1131,-11,0,6,100
8,360,82.800000,42.984000,1,0,9405017,1131,0,1131,-11,0,6,100
8,360,82.800000,42.984000,1,0,9405027,1131,0,1131,-11,0,6,100
8,360,82.800000,42.984000,1,0,9405044,1131,0,1131,-11,0,6,100
8,360,82.800000,42.984000,1,0,9405055,1131,0,1131,-11,0,6,100
8,360,82.800000,42.984000,1,0,9405065,1131,0,1131,-11,0,6,100
8,360,82.800000,42.984000,1,0,9405076,1131,0,1131,-11,0,6,100
8,360,82.800000,42.984000,1,0,9405087,1131,0,1131,-11,0,6,100
8,360,82.800000,42.984000,1,0,9405098,1131,0,1131,-11,0,6,100
8,360,82.800000,42.984000,1,0,9405108,1131,0,1131,-11,0,6,100
