8,720,21.600000,10000.000000,1,0,9320185,600,0,600,0,0,6,44
8,720,21.600000,10000.000000,1,0,9320186,600,0,600,0,0,6,44
8,720,21.600000,10000.000000,1,0,9320199,600,0,600,0,0,6,44
8,720,21.600000,10000.000000,1,0,9320209,600,0,600,0,0,6,44
8,720,21.600000,10000.000000,1,0,9320220,600,0,600,0,0,6,44
8,720,21.600000,10000.000000,1,0,9320231,600,0,600,0,0,6,44
8,720,21.600000,10000.000000,1,0,9320243,600,0,600,-1,0,6,44
8,720,21.600000,10000.000000,1,0,9320255,604,0,604,-1,0,6,44
8,720,21.600000,10000.000000,1,0,9320266,616,0,616,-1,0,6,44
8,720,21.600000,10000.000000,1,0,9320278,637,0,637,-1,0,6,44
8,720,21.600000,10000.000000,1,0,9320290,676,0,676,-1,0,6,44
8,720,21.600000,10000.000000,1,0,9320305,747,0,747,-1,0,6,44
8,720,21.600000,10000.000000,1,0,9320317,839,1,839,0,0,6,44
8,720,21.600000,10000.000000,1,0,9320328,927,1,927,0,0,6,44
8,720,21.600000,10000.000000,1,0,9320341,992,1,992,0,0,6,44
8,720,21.600000,10000.000000,1,0,9320355,1054,1,1054,0,0,6,44
8,720,21.600000,10000.000000,1,0,9320366,1114,0,1114,-1,0,6,44
8,720,21.600000,10000.000000,1,0,9320378,1143,0,1143,-1,0,6,44
8,720,21.600000,10000.000000,1,0,9320389,1167,0,1167,-2,0,6,44
8,720,21.600000,10000.000000,1,0,9320401,1181,0,1181,-3,0,6,44
8,720,21.600000,10000.000000,1,0,9320413,1190,0,1190,-3,0,6,44
8,720,21.600000,10000.000000,1,0,9320424,1196,0,1196,-3,0,6,44
8,720,21.600000,10000.000000,1,0,9320437,1200,0,1200,-4,0,6,44
8,720,21.600000,10000.000000,1,0,9320448,1205,0,1205,-4,0,6,44
8,720,21.600000,10000.000000,1,0,9320459,1210,0,1210,-4,0,6,44
8,720,21.600000,10000.000000,1,0,9320471,1215,0,1215,-4,0,6,44
8,720,21.600000,10000.000000,1,0,9320482,1220,0,1220,-4,0,6,44
8,720,21.600000,10000.000000,1,0,9320494,1224,0,1224,-4,0,6,44
8,720,21.600000,10000.000000,1,0,9320505,1228,0,1228,-4,0,6,44
8,720,21.600000,10000.000000,1,0,9320518,1234,0,1234,-4,0,6,44
8,720,21.600000,10000.000000,1,0,9320529,1242,0,1242,-4,0,6,44
8,720,21.600000,10000.000000,1,0,9320540,1248,0,1248,-4,0,6,44
8,720,21.600000,10000.000000,1,0,9320551,1251,0,1251,-4,0,6,44
8,720,21.600000,10000.000000,1,0,9320562,1253,0,1253,-4,0,6,44
8,720,21.600000,10000.000000,1,0,9320573,1256,0,1256,-4,0,6,44
8,720,21.600000,10000.000000,1,0,9320584,1259,0,1259,-4,0,6,44
8,720,21.600000,10000.000000,1,0,9320595,1263,1,1263,-3,0,6,44
8,720,21.600000,10000.000000,1,0,9320606,1266,1,1266,-3,0,6,44
8,720,21.600000,10000.000000,1,0,9320618,1268,1,1268,-3,0,6,44
8,720,21.600000,10000.000000,1,0,9320629,1268,1,1268,-3,0,6,44
8,720,21.600000,10000.000000,1,0,9320639,1268,1,1268,-3,0,6,44
8,720,21.600000,10000.000000,1,0,9320652,1268,1,1268,-3,0,6,44
8,720,21.600000,10000.000000,1,0,9320663,1270,2,1270,-2,0,6,44
8,720,21.600000,10000.000000,1,0,9320674,1275,4,1275,0,0,6,44
8,720,21.600000,10000.000000,1,0,9320685,1280,4,1280,0,0,6,44
8,720,21.600000,10000.000000,1,0,9320697,1285,5,1285,1,0,6,44
8,720,21.600000,10000.000000,1,0,9320712,1289,5,1289,1,0,6,44
8,720,21.600000,10000.000000,1,0,9320728,1292,5,1292,1,0,6,44
8,720,21.600000,10000.000000,1,0,9320748,1294,7,1294,3,0,6,44
8,720,21.600000,10000.000000,1,0,9320760,1304,9,1304,5,0,6,44
8,720,21.600000,10000.000000,1,0,9320772,1314,11,1314,7,0,6,44
8,720,21.600000,10000.000000,1,0,9320786,1323,11,1323,7,0,6,44
8,720,21.600000,10000.000000,1,0,9320797,1329,11,1329,7,0,6,44
8,720,21.600000,10000.000000,1,0,9320813,1330,11,1330,7,0,6,44
8,720,21.600000,10000.000000,1,0,9320824,1330,11,1330,7,0,6,44
8,720,21.600000,10000.000000,1,0,9320835,1330,11,1330,7,0,6,44
8,720,21.600000,10000.000000,1,0,9320846,1330,11,1330,7,0,6,44
8,720,21.600000,10000.000000,1,0,9320857,1330,11,1330,7,0,6,44
8,720,21.600000,10000.000000,1,0,9320869,1330,11,1330,7,0,6,44
8,720,21.600000,10000.000000,1,0,9320880,1330,11,1330,7,0,6,44
8,720,21.600000,10000.000000,1,0,9320891,1330,11,1330,7,0,6,44
8,720,21.600000,10000.000000,1,0,9320901,1330,11,1330,7,0,6,44
8,720,21.600000,10000.000000,1,0,9320912,1330,11,1330,7,0,6,44
8,720,21.600000,10000.000000,1,0,9320923,1330,11,1330,7,0,6,44
8,720,21.600000,10000.000000,1,0,9320934,1330,11,1330,7,0,6,44
8,720,21.600000,10000.000000,1,0,9320945,1330,11,1330,7,0,6,44
8,720,21.600000,10000.000000,1,0,9320955,1330,11,1330,7,0,6,44
8,720,21.600000,10000.000000,1,0,9320966,1330,11,1330,7,0,6,44
8,720,21.600000,10000.000000,1,0,9320977,1330,11,1330,7,0,6,44
8,720,21.600000,10000.000000,1,0,9320987,1330,11,1330,7,0,6,44
8,720,21.600000,10000.000000,1,0,9320997,1330,11,1330,7,0,6,44
