8,360,82.800000,10000.000000,0,1,9434729,780,22,780,22,0,6,119
8,360,82.800000,10000.000000,0,1,9434730,780,22,780,22,0,6,119
8,360,82.800000,10000.000000,0,1,9434741,780,22,780,22,0,6,119
8,360,82.800000,10000.000000,0,1,9434751,780,22,780,22,0,6,119
8,360,82.800000,10000.000000,0,1,9434763,780,22,780,22,0,6,119
8,360,82.800000,10000.000000,0,1,9434773,780,22,780,22,0,6,119
8,360,82.800000,10000.000000,0,1,9434784,780,22,780,22,0,6,119
8,360,82.800000,10000.000000,0,1,9434796,780,22,780,22,0,6,119
8,360,82.800000,10000.000000,0,1,9434810,784,22,784,22,0,6,119
8,360,82.800000,10000.000000,0,1,9434821,793,21,793,21,0,6,119
8,360,82.800000,10000.000000,0,1,9434833,810,20,810,20,0,6,119
8,360,82.800000,10000.000000,0,1,9434846,835,19,835,19,0,6,119
8,360,82.800000,10000.000000,0,1,9434858,874,19,874,19,0,6,119
8,360,82.800000,10000.000000,0,1,9434869,923,18,923,18,0,6,119
8,360,82.800000,10000.000000,0,1,9434881,972,17,972,17,0,6,119
8,360,82.800000,10000.000000,0,1,9434893,1027,15,1027,15,0,6,119
8,360,82.800000,10000.000000,0,1,9434905,1075,14,1075,14,0,6,119
8,360,82.800000,10000.000000,0,1,9434917,1107,12,1107,12,0,6,119
8,360,82.800000,10000.000000,0,1,9434930,1131,11,1131,11,0,6,119
8,360,82.800000,10000.000000,0,1,9434940,1144,9,1144,9,0,6,119
8,360,82.800000,10000.000000,0,1,9434951,1145,9,1145,9,0,6,119
8,360,82.800000,10000.000000,0,1,9434962,1145,9,1145,9,0,6,119
8,360,82.800000,10000.000000,0,1,9434973,1145,9,1145,9,0,6,119
8,360,82.800000,10000.000000,0,1,9434984,1145,9,1145,9,0,6,119
8,360,82.800000,10000.000000,0,1,9434995,1145,9,1145,9,0,6,119
8,360,82.800000,10000.000000,0,1,9435006,1148,9,1148,9,0,6,119
8,360,82.800000,10000.000000,0,1,9435018,1152,8,1152,8,0,6,119
8,360,82.800000,10000.000000,0,1,9435029,1155,8,1155,8,0,6,119
8,360,82.800000,10000.000000,0,1,9435040,1156,8,1156,8,0,6,119
8,360,82.800000,10000.000000,0,1,9435053,1156,8,1156,8,0,6,119
8,360,82.800000,10000.000000,0,1,9435065,1156,8,1156,8,0,6,119
8,360,82.800000,10000.000000,0,1,9435081,1156,8,1156,8,0,6,119
8,360,82.800000,10000.000000,0,1,9435092,1156,8,1156,8,0,6,119
8,360,82.800000,10000.000000,0,1,9435102,1156,8,1156,8,0,6,119
8,360,82.800000,10000.000000,0,1,9435113,1156,8,1156,8,0,6,119
8,360,82.800000,10000.000000,0,1,9435124,1156,8,1156,8,0,6,119
8,360,82.800000,10000.000000,0,1,9435134,1156,8,1156,8,0,6,119
