8,360,21.600000,42.984000,1,0,9365275,780,0,780,0,0,6,73
8,360,21.600000,42.984000,1,0,9365276,780,0,780,0,0,6,73
8,360,21.600000,42.984000,1,0,9365292,780,0,780,0,0,6,73
8,360,21.600000,42.984000,1,0,9365308,780,0,780,0,0,6,73
8,360,21.600000,42.984000,1,0,9365319,780,0,780,0,0,6,73
8,360,21.600000,42.984000,1,0,9365329,780,0,780,0,0,6,73
8,360,21.600000,42.984000,1,0,9365340,780,0,780,0,0,6,73
8,360,21.600000,42.984000,1,0,9365354,781,0,781,0,0,6,73
8,360,21.600000,42.984000,1,0,9365368,790,0,790,-1,0,6,73
8,360,21.600000,42.984000,1,0,9365383,811,0,811,-2,0,6,73
8,360,21.600000,42.984000,1,0,9365394,853,0,853,-2,0,6,73
8,360,21.600000,42.984000,1,0,9365405,892,0,892,-2,0,6,73
8,360,21.600000,42.984000,1,0,9365416,939,1,939,-1,0,6,73
8,360,21.600000,42.984000,1,0,9365427,997,2,997,0,0,6,73
8,360,21.600000,42.984000,1,0,9365438,1040,3,1040,1,0,6,73
8,360,21.600000,42.984000,1,0,9365448,1069,3,1069,1,0,6,73
8,360,21.600000,42.984000,1,0,9365459,1085,3,1085,1,0,6,73
8,360,21.600000,42.984000,1,0,9365470,1090,3,1090,1,0,6,73
8,360,21.600000,42.984000,1,0,9365481,1091,3,1091,1,0,6,73
8,360,21.600000,42.984000,1,0,9365494,1091,3,1091,1,0,6,73
8,360,21.600000,42.984000,1,0,9365505,1091,3,1091,1,0,6,73
8,360,21.600000,42.984000,1,0,9365517,1091,3,1091,1,0,6,73
8,360,21.600000,42.984000,1,0,9365529,1091,3,1091,1,0,6,73
8,360,21.600000,42.984000,1,0,9365540,1091,3,1091,1,0,6,73
8,360,21.600000,42.984000,1,0,9365556,1091,3,1091,1,0,6,73
8,360,21.600000,42.984000,1,0,9365572,1091,3,1091,1,0,6,73
8,360,21.600000,42.984000,1,0,9365585,1093,3,1093,1,0,6,73
8,360,21.600000,42.984000,1,0,9365596,1100,3,1100,1,0,6,73
8,360,21.600000,42.984000,1,0,9365607,1109,3,1109,1,0,6,73
8,360,21.600000,42.984000,1,0,9365618,1115,3,1115,1,0,6,73
8,360,21.600000,42.984000,1,0,9365633,1115,2,1115,0,0,6,73
8,360,21.600000,42.984000,1,0,9365648,1115,2,1115,0,0,6,73
8,360,21.600000,42.984000,1,0,9365659,1113,1,1113,-1,0,6,73
8,360,21.600000,42.984000,1,0,9365670,1113,1,1113,-1,0,6,73
8,360,21.600000,42.984000,1,0,9365680,1113,1,1113,-1,0,6,73
8,360,21.600000,42.984000,1,0,9365690,1113,1,1113,-1,0,6,73
8,360,21.600000,42.984000,1,0,9365701,1113,1,1113,-1,0,6,73
8,360,21.600000,42.984000,1,0,9365711,1113,1,1113,-1,0,6,73
8,360,21.600000,42.984000,1,0,9365723,1113,1,1113,-1,0,6,73
8,360,21.600000,42.984000,1,0,9365734,1113,1,1113,-1,0,6,73
8,360,21.600000,42.984000,1,0,9365745,1118,1,1118,-1,0,6,73
8,360,21.600000,42.984000,1,0,9365757,1125,1,1125,-1,0,6,73
8,360,21.600000,42.984000,1,0,9365768,1133,1,1133,-1,0,6,73
8,360,21.600000,42.984000,1,0,9365778,1137,1,1137,-1,0,6,73
8,360,21.600000,42.984000,1,0,9365793,1137,1,1137,-1,0,6,73
8,360,21.600000,42.984000,1,0,9365803,1137,1,1137,-1,0,6,73
8,360,21.600000,42.984000,1,0,9365815,1136,1,1136,-1,0,6,73
8,360,21.600000,42.984000,1,0,9365827,1135,1,1135,-1,0,6,73
8,360,21.600000,42.984000,1,0,9365838,1135,1,1135,-1,0,6,73
8,360,21.600000,42.984000,1,0,9365849,1135,1,1135,-1,0,6,73
8,360,21.600000,42.984000,1,0,9365859,1135,1,1135,-1,0,6,73
8,360,21.600000,42.984000,1,0,9365869,1135,1,1135,-1,0,6,73
8,360,21.600000,42.984000,1,0,9365880,1135,1,1135,-1,0,6,73
8,360,21.600000,42.984000,1,0,9365890,1135,1,1135,-1,0,6,73
8,360,21.600000,42.984000,1,0,9365900,1135,1,1135,-1,0,6,73
8,360,21.600000,42.984000,1,0,9365911,1135,1,1135,-1,0,6,73
8,360,21.600000,42.984000,1,0,9365923,1135,1,1135,-1,0,6,73
8,360,21.600000,42.984000,1,0,9365934,1135,1,1135,-1,0,6,73
