8,360,82.800000,12.276000,1,1,9397915,780,22,780,22,0,6,95
8,360,82.800000,12.276000,1,1,9397916,780,22,780,22,0,6,95
8,360,82.800000,12.276000,1,1,9397927,780,22,780,22,0,6,95
8,360,82.800000,12.276000,1,1,9397938,780,22,780,22,0,6,95
8,360,82.800000,12.276000,1,1,9397949,780,22,780,22,0,6,95
8,360,82.800000,12.276000,1,1,9397960,780,22,780,22,0,6,95
8,360,82.800000,12.276000,1,1,9397971,780,22,780,22,0,6,95
8,360,82.800000,12.276000,1,1,9397981,780,22,780,22,0,6,95
8,360,82.800000,12.276000,1,1,9397994,781,22,781,22,0,6,95
8,360,82.800000,12.276000,1,1,9398009,790,22,790,22,0,6,95
8,360,82.800000,12.276000,1,1,9398020,815,21,815,21,0,6,95
8,360,82.800000,12.276000,1,1,9398035,844,21,844,21,0,6,95
8,360,82.800000,12.276000,1,1,9398046,905,20,905,20,0,6,95
8,360,82.800000,12.276000,1,1,9398057,953,19,953,19,0,6,95
8,360,82.800000,12.276000,1,1,9398068,1002,18,1002,18,0,6,95
8,360,82.800000,12.276000,1,1,9398079,1049,17,1049,17,0,6,95
8,360,82.800000,12.276000,1,1,9398093,1082,16,1082,16,0,6,95
8,360,82.800000,12.276000,1,1,9398105,1110,16,1110,16,0,6,95
8,360,82.800000,12.276000,1,1,9398116,1122,16,1122,16,0,6,95
8,360,82.800000,12.276000,1,1,9398127,1126,16,1126,16,0,6,95
8,360,82.800000,12.276000,1,1,9398138,1126,15,1126,15,0,6,95
8,360,82.800000,12.276000,1,1,9398149,1126,15,1126,15,0,6,95
8,360,82.800000,12.276000,1,1,9398159,1126,15,1126,15,0,6,95
8,360,82.800000,12.276000,1,1,9398170,1126,15,1126,15,0,6,95
8,360,82.800000,12.276000,1,1,9398180,1126,15,1126,15,0,6,95
8,360,82.800000,12.276000,1,1,9398191,1126,15,1126,15,0,6,95
8,360,82.800000,12.276000,1,1,9398201,1126,15,1126,15,0,6,95
8,360,82.800000,12.276000,1,1,9398212,1126,15,1126,15,0,6,95
8,360,82.800000,12.276000,1,1,9398223,1126,15,1126,15,0,6,95
8,360,82.800000,12.276000,1,1,9398233,1126,15,1126,15,0,6,95
8,360,82.800000,12.276000,1,1,9398245,1128,15,1128,15,0,6,95
8,360,82.800000,12.276000,1,1,9398256,1129,15,1129,15,0,6,95
8,360,82.800000,12.276000,1,1,9398267,1129,15,1129,15,0,6,95
8,360,82.800000,12.276000,1,1,9398278,1129,15,1129,15,0,6,95
8,360,82.800000,12.276000,1,1,9398289,1129,15,1129,15,0,6,95
8,360,82.800000,12.276000,1,1,9398299,1129,15,1129,15,0,6,95
