8,360,21.600000,22.608000,0,1,9572887,780,22,780,22,0,7,93
8,360,21.600000,22.608000,0,1,9572888,780,22,780,22,0,7,93
8,360,21.600000,22.608000,0,1,9572901,780,22,780,22,0,7,93
8,360,21.600000,22.608000,0,1,9572912,780,22,780,22,0,7,93
8,360,21.600000,22.608000,0,1,9572923,781,22,781,22,0,7,93
8,360,21.600000,22.608000,0,1,9572937,785,22,785,22,0,7,93
8,360,21.600000,22.608000,0,1,9572951,794,22,794,22,0,7,93
8,360,21.600000,22.608000,0,1,9572966,815,22,815,22,0,7,93
8,360,21.600000,22.608000,0,1,9572983,851,21,851,21,0,7,93
8,360,21.600000,22.608000,0,1,9572998,905,18,905,18,0,7,93
8,360,21.600000,22.608000,0,1,9573009,970,14,970,14,0,7,93
8,360,21.600000,22.608000,0,1,9573021,1015,13,1015,13,0,7,93
8,360,21.600000,22.608000,0,1,9573033,1052,12,1052,12,0,7,93
8,360,21.600000,22.608000,0,1,9573044,1095,12,1095,12,0,7,93
8,360,21.600000,22.608000,0,1,9573055,1121,11,1121,11,0,7,93
8,360,21.600000,22.608000,0,1,9573067,1135,11,1135,11,0,7,93
8,360,21.600000,22.608000,0,1,9573079,1139,11,1139,11,0,7,93
8,360,21.600000,22.608000,0,1,9573090,1139,11,1139,11,0,7,93
8,360,21.600000,22.608000,0,1,9573100,1139,11,1139,11,0,7,93
8,360,21.600000,22.608000,0,1,9573111,1139,11,1139,11,0,7,93
8,360,21.600000,22.608000,0,1,9573121,1139,11,1139,11,0,7,93
8,360,21.600000,22.608000,0,1,9573132,1139,11,1139,11,0,7,93
8,360,21.600000,22.608000,0,1,9573143,1140,11,1140,11,0,7,93
8,360,21.600000,22.608000,0,1,9573154,1141,11,1141,11,0,7,93
8,360,21.600000,22.608000,0,1,9573165,1141,11,1141,11,0,7,93
8,360,21.600000,22.608000,0,1,9573176,1141,11,1141,11,0,7,93
8,360,21.600000,22.608000,0,1,9573186,1141,11,1141,11,0,7,93
8,360,21.600000,22.608000,0,1,9573197,1141,11,1141,11,0,7,93
8,360,21.600000,22.608000,0,1,9573208,1141,11,1141,11,0,7,93
8,360,21.600000,22.608000,0,1,9573219,1141,11,1141,11,0,7,93
8,360,21.600000,22.608000,0,1,9573230,1141,11,1141,11,0,7,93
8,360,21.600000,22.608000,0,1,9573240,1141,11,1141,11,0,7,93
8,360,21.600000,22.608000,0,1,9573251,1141,11,1141,11,0,7,93
8,360,21.600000,22.608000,0,1,9573262,1141,11,1141,11,0,7,93
8,360,21.600000,22.608000,0,1,9573273,1141,11,1141,11,0,7,93
8,360,21.600000,22.608000,0,1,9573284,1141,11,1141,11,0,7,93
8,360,21.600000,22.608000,0,1,9573298,1141,11,1141,11,0,7,93
8,360,21.600000,22.608000,0,1,9573315,1141,11,1141,11,0,7,93
8,360,21.600000,22.608000,0,1,9573331,1141,11,1141,11,0,7,93
