8,360,50.400000,0.000000,0,0,9571526,780,0,780,0,0,7,92
8,360,50.400000,0.000000,0,0,9571527,780,0,780,0,0,7,92
8,360,50.400000,0.000000,0,0,9571543,780,0,780,0,0,7,92
8,360,50.400000,0.000000,0,0,9571556,780,0,780,0,0,7,92
8,360,50.400000,0.000000,0,0,9571567,780,0,780,0,0,7,92
8,360,50.400000,0.000000,0,0,9571578,780,0,780,0,0,7,92
8,360,50.400000,0.000000,0,0,9571590,780,0,780,-1,0,7,92
8,360,50.400000,0.000000,0,0,9571604,785,0,785,-3,0,7,92
8,360,50.400000,0.000000,0,0,9571621,798,0,798,-4,0,7,92
8,360,50.400000,0.000000,0,0,9571637,830,0,830,-6,0,7,92
8,360,50.400000,0.000000,0,0,9571649,878,0,878,-6,0,7,92
8,360,50.400000,0.000000,0,0,9571660,930,0,930,-6,0,7,92
8,360,50.400000,0.000000,0,0,9571674,985,0,985,-6,0,7,92
8,360,50.400000,0.000000,0,0,9571687,1059,1,1059,-5,0,7,92
8,360,50.400000,0.000000,0,0,9571698,1113,3,1113,-3,0,7,92
8,360,50.400000,0.000000,0,0,9571711,1142,3,1142,-3,0,7,92
8,360,50.400000,0.000000,0,0,9571723,1160,3,1160,-3,0,7,92
8,360,50.400000,0.000000,0,0,9571734,1166,3,1166,-3,0,7,92
8,360,50.400000,0.000000,0,0,9571745,1166,3,1166,-3,0,7,92
8,360,50.400000,0.000000,0,0,9571756,1166,3,1166,-3,0,7,92
8,360,50.400000,0.000000,0,0,9571766,1166,3,1166,-3,0,7,92
8,360,50.400000,0.000000,0,0,9571777,1166,3,1166,-3,0,7,92
8,360,50.400000,0.000000,0,0,9571788,1166,3,1166,-3,0,7,92
8,360,50.400000,0.000000,0,0,9571798,1166,3,1166,-3,0,7,92
8,360,50.400000,0.000000,0,0,9571809,1166,3,1166,-3,0,7,92
8,360,50.400000,0.000000,0,0,9571820,1166,3,1166,-3,0,7,92
8,360,50.400000,0.000000,0,0,9571830,1166,3,1166,-3,0,7,92
8,360,50.400000,0.000000,0,0,9571841,1166,3,1166,-3,0,7,92
8,360,50.400000,0.000000,0,0,9571852,1167,3,1167,-3,0,7,92
8,360,50.400000,0.000000,0,0,9571863,1168,3,1168,-3,0,7,92
8,360,50.400000,0.000000,0,0,9571874,1170,3,1170,-3,0,7,92
8,360,50.400000,0.000000,0,0,9571884,1173,3,1173,-3,0,7,92
8,360,50.400000,0.000000,0,0,9571895,1173,3,1173,-3,0,7,92
8,360,50.400000,0.000000,0,0,9571906,1173,3,1173,-3,0,7,92
8,360,50.400000,0.000000,0,0,9571917,1171,3,1171,-3,0,7,92
8,360,50.400000,0.000000,0,0,9571928,1169,3,1169,-3,0,7,92
8,360,50.400000,0.000000,0,0,9571939,1167,3,1167,-3,0,7,92
8,360,50.400000,0.000000,0,0,9571949,1167,3,1167,-3,0,7,92
8,360,50.400000,0.000000,0,0,9571960,1167,3,1167,-3,0,7,92
8,360,50.400000,0.000000,0,0,9571971,1167,3,1167,-3,0,7,92
8,360,50.400000,0.000000,0,0,9571982,1167,3,1167,-3,0,7,92
8,360,50.400000,0.000000,0,0,9571993,1164,4,1164,-2,0,7,92
8,360,50.400000,0.000000,0,0,9572005,1159,5,1159,-1,0,7,92
8,360,50.400000,0.000000,0,0,9572017,1151,6,1151,0,0,7,92
8,360,50.400000,0.000000,0,0,9572033,1144,7,1144,1,0,7,92
8,360,50.400000,0.000000,0,0,9572050,1139,8,1139,2,0,7,92
8,360,50.400000,0.000000,0,0,9572062,1138,8,1138,2,0,7,92
8,360,50.400000,0.000000,0,0,9572073,1137,8,1137,2,0,7,92
8,360,50.400000,0.000000,0,0,9572083,1137,8,1137,2,0,7,92
