8,720,82.800000,12.276000,0,0,9466648,600,0,600,0,0,7,20
8,720,82.800000,12.276000,0,0,9466648,600,0,600,0,0,7,20
8,720,82.800000,12.276000,0,0,9466660,600,0,600,0,0,7,20
8,720,82.800000,12.276000,0,0,9466671,600,0,600,0,0,7,20
8,720,82.800000,12.276000,0,0,9466682,600,0,600,0,0,7,20
8,720,82.800000,12.276000,0,0,9466692,600,0,600,0,0,7,20
8,720,82.800000,12.276000,0,0,9466704,600,0,600,0,0,7,20
8,720,82.800000,12.276000,0,0,9466715,606,0,606,-1,0,7,20
8,720,82.800000,12.276000,0,0,9466728,620,0,620,-2,0,7,20
8,720,82.800000,12.276000,0,0,9466738,650,0,650,-3,0,7,20
8,720,82.800000,12.276000,0,0,9466750,696,0,696,-4,0,7,20
8,720,82.800000,12.276000,0,0,9466762,763,0,763,-5,0,7,20
8,720,82.800000,12.276000,0,0,9466777,838,0,838,-5,0,7,20
8,720,82.800000,12.276000,0,0,9466793,962,0,962,-5,0,7,20
8,720,82.800000,12.276000,0,0,9466805,1061,0,1061,-5,0,7,20
8,720,82.800000,12.276000,0,0,9466815,1127,0,1127,-5,0,7,20
8,720,82.800000,12.276000,0,0,9466827,1172,1,1172,-4,0,7,20
8,720,82.800000,12.276000,0,0,9466838,1205,2,1205,-3,0,7,20
8,720,82.800000,12.276000,0,0,9466850,1224,3,1224,-2,0,7,20
8,720,82.800000,12.276000,0,0,9466863,1234,3,1234,-2,0,7,20
8,720,82.800000,12.276000,0,0,9466874,1238,3,1238,-2,0,7,20
8,720,82.800000,12.276000,0,0,9466885,1242,3,1242,-2,0,7,20
8,720,82.800000,12.276000,0,0,9466896,1242,3,1242,-2,0,7,20
8,720,82.800000,12.276000,0,0,9466906,1242,3,1242,-2,0,7,20
8,720,82.800000,12.276000,0,0,9466916,1242,3,1242,-2,0,7,20
8,720,82.800000,12.276000,0,0,9466927,1243,3,1243,-2,0,7,20
8,720,82.800000,12.276000,0,0,9466938,1246,3,1246,-2,0,7,20
8,720,82.800000,12.276000,0,0,9466949,1250,3,1250,-2,0,7,20
8,720,82.800000,12.276000,0,0,9466961,1254,3,1254,-2,0,7,20
8,720,82.800000,12.276000,0,0,9466972,1254,3,1254,-2,0,7,20
8,720,82.800000,12.276000,0,0,9466983,1254,3,1254,-2,0,7,20
8,720,82.800000,12.276000,0,0,9466993,1254,3,1254,-2,0,7,20
8,720,82.800000,12.276000,0,0,9467004,1254,3,1254,-2,0,7,20
8,720,82.800000,12.276000,0,0,9467014,1254,3,1254,-2,0,7,20
8,720,82.800000,12.276000,0,0,9467025,1254,3,1254,-2,0,7,20
8,720,82.800000,12.276000,0,0,9467036,1256,3,1256,-2,0,7,20
8,720,82.800000,12.276000,0,0,9467046,1258,3,1258,-2,0,7,20
8,720,82.800000,12.276000,0,0,9467057,1260,3,1260,-2,0,7,20
8,720,82.800000,12.276000,0,0,9467068,1260,3,1260,-2,0,7,20
8,720,82.800000,12.276000,0,0,9467079,1261,3,1261,-2,0,7,20
8,720,82.800000,12.276000,0,0,9467089,1261,3,1261,-2,0,7,20
8,720,82.800000,12.276000,0,0,9467100,1261,3,1261,-2,0,7,20
8,720,82.800000,12.276000,0,0,9467111,1263,3,1263,-2,0,7,20
8,720,82.800000,12.276000,0,0,9467126,1269,4,1269,-1,0,7,20
8,720,82.800000,12.276000,0,0,9467143,1280,5,1280,0,0,7,20
8,720,82.800000,12.276000,0,0,9467157,1292,6,1292,1,0,7,20
8,720,82.800000,12.276000,0,0,9467172,1297,6,1297,1,0,7,20
8,720,82.800000,12.276000,0,0,9467183,1297,6,1297,1,0,7,20
8,720,82.800000,12.276000,0,0,9467194,1297,6,1297,1,0,7,20
8,720,82.800000,12.276000,0,0,9467204,1297,6,1297,1,0,7,20
8,720,82.800000,12.276000,0,0,9467220,1297,6,1297,1,0,7,20
8,720,82.800000,12.276000,0,0,9467230,1297,6,1297,1,0,7,20
8,720,82.800000,12.276000,0,0,9467241,1297,6,1297,1,0,7,20
8,720,82.800000,12.276000,0,0,9467252,1297,6,1297,1,0,7,20
8,720,82.800000,12.276000,0,0,9467263,1297,6,1297,1,0,7,20
8,720,82.800000,12.276000,0,0,9467273,1297,6,1297,1,0,7,20
8,720,82.800000,12.276000,0,0,9467284,1297,6,1297,1,0,7,20
8,720,82.800000,12.276000,0,0,9467299,1297,6,1297,1,0,7,20
8,720,82.800000,12.276000,0,0,9467309,1297,6,1297,1,0,7,20
8,720,82.800000,12.276000,0,0,9467320,1297,6,1297,1,0,7,20
8,720,82.800000,12.276000,0,0,9467330,1297,6,1297,1,0,7,20
8,720,82.800000,12.276000,0,0,9467341,1297,6,1297,1,0,7,20
8,720,82.800000,12.276000,0,0,9467351,1297,6,1297,1,0,7,20
8,720,82.800000,12.276000,0,0,9467361,1297,6,1297,1,0,7,20
