8,360,82.800000,10000.000000,1,0,9518531,780,0,780,0,0,7,54
8,360,82.800000,10000.000000,1,0,9518532,780,0,780,0,0,7,54
8,360,82.800000,10000.000000,1,0,9518543,780,0,780,0,0,7,54
8,360,82.800000,10000.000000,1,0,9518553,780,0,780,0,0,7,54
8,360,82.800000,10000.000000,1,0,9518564,780,0,780,0,0,7,54
8,360,82.800000,10000.000000,1,0,9518575,780,0,780,0,0,7,54
8,360,82.800000,10000.000000,1,0,9518586,780,0,780,0,0,7,54
8,360,82.800000,10000.000000,1,0,9518597,780,0,780,0,0,7,54
8,360,82.800000,10000.000000,1,0,9518607,780,0,780,0,0,7,54
8,360,82.800000,10000.000000,1,0,9518620,780,0,780,0,0,7,54
8,360,82.800000,10000.000000,1,0,9518634,782,0,782,-2,0,7,54
8,360,82.800000,10000.000000,1,0,9518650,789,0,789,-3,0,7,54
8,360,82.800000,10000.000000,1,0,9518665,806,0,806,-4,0,7,54
8,360,82.800000,10000.000000,1,0,9518677,833,0,833,-5,0,7,54
8,360,82.800000,10000.000000,1,0,9518687,859,0,859,-6,0,7,54
8,360,82.800000,10000.000000,1,0,9518698,890,0,890,-6,0,7,54
8,360,82.800000,10000.000000,1,0,9518711,927,0,927,-6,0,7,54
8,360,82.800000,10000.000000,1,0,9518722,968,0,968,-6,0,7,54
8,360,82.800000,10000.000000,1,0,9518732,1001,0,1001,-6,0,7,54
8,360,82.800000,10000.000000,1,0,9518744,1026,0,1026,-6,0,7,54
8,360,82.800000,10000.000000,1,0,9518759,1044,0,1044,-6,0,7,54
8,360,82.800000,10000.000000,1,0,9518770,1050,0,1050,-6,0,7,54
8,360,82.800000,10000.000000,1,0,9518781,1050,0,1050,-6,0,7,54
8,360,82.800000,10000.000000,1,0,9518792,1050,0,1050,-6,0,7,54
8,360,82.800000,10000.000000,1,0,9518807,1051,0,1051,-6,0,7,54
8,360,82.800000,10000.000000,1,0,9518822,1056,0,1056,-6,0,7,54
8,360,82.800000,10000.000000,1,0,9518833,1061,0,1061,-7,0,7,54
8,360,82.800000,10000.000000,1,0,9518844,1065,0,1065,-9,0,7,54
8,360,82.800000,10000.000000,1,0,9518856,1069,0,1069,-10,0,7,54
8,360,82.800000,10000.000000,1,0,9518866,1075,0,1075,-10,0,7,54
8,360,82.800000,10000.000000,1,0,9518877,1082,0,1082,-11,0,7,54
8,360,82.800000,10000.000000,1,0,9518889,1089,0,1089,-11,0,7,54
8,360,82.800000,10000.000000,1,0,9518900,1092,0,1092,-11,0,7,54
8,360,82.800000,10000.000000,1,0,9518911,1092,0,1092,-11,0,7,54
8,360,82.800000,10000.000000,1,0,9518921,1092,0,1092,-11,0,7,54
8,360,82.800000,10000.000000,1,0,9518933,1092,0,1092,-11,0,7,54
8,360,82.800000,10000.000000,1,0,9518944,1092,0,1092,-11,0,7,54
8,360,82.800000,10000.000000,1,0,9518955,1092,0,1092,-11,0,7,54
8,360,82.800000,10000.000000,1,0,9518967,1093,0,1093,-11,0,7,54
8,360,82.800000,10000.000000,1,0,9518981,1095,0,1095,-11,0,7,54
8,360,82.800000,10000.000000,1,0,9518997,1099,0,1099,-11,0,7,54
8,360,82.800000,10000.000000,1,0,9519013,1103,0,1103,-11,0,7,54
8,360,82.800000,10000.000000,1,0,9519024,1106,0,1106,-11,0,7,54
8,360,82.800000,10000.000000,1,0,9519035,1109,0,1109,-11,0,7,54
8,360,82.800000,10000.000000,1,0,9519047,1110,0,1110,-11,0,7,54
8,360,82.800000,10000.000000,1,0,9519059,1110,0,1110,-11,0,7,54
8,360,82.800000,10000.000000,1,0,9519069,1110,0,1110,-11,0,7,54
