8,360,82.800000,12.276000,0,0,9474695,780,0,780,0,0,7,26
8,360,82.800000,12.276000,0,0,9474696,780,0,780,0,0,7,26
8,360,82.800000,12.276000,0,0,9474706,780,0,780,0,0,7,26
8,360,82.800000,12.276000,0,0,9474716,780,0,780,0,0,7,26
8,360,82.800000,12.276000,0,0,9474730,780,0,780,0,0,7,26
8,360,82.800000,12.276000,0,0,9474741,781,0,781,0,0,7,26
8,360,82.800000,12.276000,0,0,9474754,784,0,784,-1,0,7,26
8,360,82.800000,12.276000,0,0,9474765,793,0,793,-1,0,7,26
8,360,82.800000,12.276000,0,0,9474778,809,0,809,-3,0,7,26
8,360,82.800000,12.276000,0,0,9474794,835,0,835,-3,0,7,26
8,360,82.800000,12.276000,0,0,9474810,885,0,885,-5,0,7,26
8,360,82.800000,12.276000,0,0,9474822,955,0,955,-6,0,7,26
8,360,82.800000,12.276000,0,0,9474833,1003,0,1003,-6,0,7,26
8,360,82.800000,12.276000,0,0,9474846,1049,0,1049,-6,0,7,26
8,360,82.800000,12.276000,0,0,9474859,1091,0,1091,-6,0,7,26
8,360,82.800000,12.276000,0,0,9474872,1123,0,1123,-6,0,7,26
8,360,82.800000,12.276000,0,0,9474885,1140,0,1140,-6,0,7,26
8,360,82.800000,12.276000,0,0,9474901,1149,0,1149,-6,0,7,26
8,360,82.800000,12.276000,0,0,9474916,1149,0,1149,-6,0,7,26
8,360,82.800000,12.276000,0,0,9474927,1149,0,1149,-6,0,7,26
8,360,82.800000,12.276000,0,0,9474939,1149,0,1149,-6,0,7,26
8,360,82.800000,12.276000,0,0,9474949,1149,0,1149,-6,0,7,26
8,360,82.800000,12.276000,0,0,9474960,1149,0,1149,-6,0,7,26
8,360,82.800000,12.276000,0,0,9474971,1149,0,1149,-6,0,7,26
8,360,82.800000,12.276000,0,0,9474982,1150,0,1150,-6,0,7,26
8,360,82.800000,12.276000,0,0,9474993,1151,0,1151,-6,0,7,26
8,360,82.800000,12.276000,0,0,9475004,1151,0,1151,-6,0,7,26
8,360,82.800000,12.276000,0,0,9475013,1151,0,1151,-6,0,7,26
8,360,82.800000,12.276000,0,0,9475024,1151,0,1151,-6,0,7,26
8,360,82.800000,12.276000,0,0,9475035,1151,0,1151,-6,0,7,26
8,360,82.800000,12.276000,0,0,9475046,1151,0,1151,-6,0,7,26
8,360,82.800000,12.276000,0,0,9475056,1151,0,1151,-6,0,7,26
8,360,82.800000,12.276000,0,0,9475067,1151,0,1151,-6,0,7,26
8,360,82.800000,12.276000,0,0,9475077,1151,0,1151,-6,0,7,26
8,360,82.800000,12.276000,0,0,9475088,1151,0,1151,-6,0,7,26
8,360,82.800000,12.276000,0,0,9475098,1151,0,1151,-6,0,7,26
