8,720,50.400000,22.608000,0,1,9551635,600,22,600,22,0,7,77
8,720,50.400000,22.608000,0,1,9551636,600,22,600,22,0,7,77
8,720,50.400000,22.608000,0,1,9551652,600,22,600,22,0,7,77
8,720,50.400000,22.608000,0,1,9551666,600,22,600,22,0,7,77
8,720,50.400000,22.608000,0,1,9551683,601,22,601,22,0,7,77
8,720,50.400000,22.608000,0,1,9551699,611,20,611,20,0,7,77
8,720,50.400000,22.608000,0,1,9551716,633,19,633,19,0,7,77
8,720,50.400000,22.608000,0,1,9551729,697,19,697,19,0,7,77
8,720,50.400000,22.608000,0,1,9551740,780,19,780,19,0,7,77
8,720,50.400000,22.608000,0,1,9551752,860,19,860,19,0,7,77
8,720,50.400000,22.608000,0,1,9551763,956,20,956,20,0,7,77
8,720,50.400000,22.608000,0,1,9551775,1034,22,1034,22,0,7,77
8,720,50.400000,22.608000,0,1,9551787,1107,25,1107,25,0,7,77
8,720,50.400000,22.608000,0,1,9551798,1159,28,1159,28,0,7,77
8,720,50.400000,22.608000,0,1,9551811,1191,29,1191,29,0,7,77
8,720,50.400000,22.608000,0,1,9551822,1215,29,1215,29,0,7,77
8,720,50.400000,22.608000,0,1,9551833,1224,29,1224,29,0,7,77
8,720,50.400000,22.608000,0,1,9551844,1229,29,1229,29,0,7,77
8,720,50.400000,22.608000,0,1,9551855,1231,29,1231,29,0,7,77
8,720,50.400000,22.608000,0,1,9551865,1232,29,1232,29,0,7,77
8,720,50.400000,22.608000,0,1,9551876,1233,29,1233,29,0,7,77
8,720,50.400000,22.608000,0,1,9551887,1233,29,1233,29,0,7,77
8,720,50.400000,22.608000,0,1,9551901,1233,29,1233,29,0,7,77
8,720,50.400000,22.608000,0,1,9551912,1235,29,1235,29,0,7,77
8,720,50.400000,22.608000,0,1,9551924,1237,28,1237,28,0,7,77
8,720,50.400000,22.608000,0,1,9551936,1243,27,1243,27,0,7,77
8,720,50.400000,22.608000,0,1,9551947,1248,25,1248,25,0,7,77
8,720,50.400000,22.608000,0,1,9551957,1250,24,1250,24,0,7,77
8,720,50.400000,22.608000,0,1,9551968,1251,23,1251,23,0,7,77
8,720,50.400000,22.608000,0,1,9551979,1251,23,1251,23,0,7,77
8,720,50.400000,22.608000,0,1,9551990,1251,23,1251,23,0,7,77
8,720,50.400000,22.608000,0,1,9552001,1252,23,1252,23,0,7,77
8,720,50.400000,22.608000,0,1,9552014,1254,23,1254,23,0,7,77
8,720,50.400000,22.608000,0,1,9552025,1258,22,1258,22,0,7,77
8,720,50.400000,22.608000,0,1,9552037,1264,20,1264,20,0,7,77
8,720,50.400000,22.608000,0,1,9552049,1271,19,1271,19,0,7,77
8,720,50.400000,22.608000,0,1,9552061,1276,17,1276,17,0,7,77
8,720,50.400000,22.608000,0,1,9552072,1280,15,1280,15,0,7,77
8,720,50.400000,22.608000,0,1,9552084,1284,14,1284,14,0,7,77
8,720,50.400000,22.608000,0,1,9552095,1290,13,1290,13,0,7,77
8,720,50.400000,22.608000,0,1,9552106,1294,12,1294,12,0,7,77
8,720,50.400000,22.608000,0,1,9552117,1296,12,1296,12,0,7,77
8,720,50.400000,22.608000,0,1,9552127,1296,12,1296,12,0,7,77
8,720,50.400000,22.608000,0,1,9552138,1296,12,1296,12,0,7,77
8,720,50.400000,22.608000,0,1,9552148,1296,12,1296,12,0,7,77
8,720,50.400000,22.608000,0,1,9552159,1296,12,1296,12,0,7,77
8,720,50.400000,22.608000,0,1,9552170,1297,12,1297,12,0,7,77
8,720,50.400000,22.608000,0,1,9552185,1298,12,1298,12,0,7,77
8,720,50.400000,22.608000,0,1,9552201,1301,11,1301,11,0,7,77
8,720,50.400000,22.608000,0,1,9552216,1301,11,1301,11,0,7,77
