8,360,82.800000,0.000000,0,1,9607366,780,22,780,22,0,7,116
8,360,82.800000,0.000000,0,1,9607366,780,22,780,22,0,7,116
8,360,82.800000,0.000000,0,1,9607382,780,22,780,22,0,7,116
8,360,82.800000,0.000000,0,1,9607394,780,22,780,22,0,7,116
8,360,82.800000,0.000000,0,1,9607405,780,22,780,22,0,7,116
8,360,82.800000,0.000000,0,1,9607415,780,22,780,22,0,7,116
8,360,82.800000,0.000000,0,1,9607426,781,21,781,21,0,7,116
8,360,82.800000,0.000000,0,1,9607438,785,20,785,20,0,7,116
8,360,82.800000,0.000000,0,1,9607450,796,19,796,19,0,7,116
8,360,82.800000,0.000000,0,1,9607463,821,18,821,18,0,7,116
8,360,82.800000,0.000000,0,1,9607474,860,18,860,18,0,7,116
8,360,82.800000,0.000000,0,1,9607485,904,17,904,17,0,7,116
8,360,82.800000,0.000000,0,1,9607496,956,15,956,15,0,7,116
8,360,82.800000,0.000000,0,1,9607508,1005,14,1005,14,0,7,116
8,360,82.800000,0.000000,0,1,9607519,1049,13,1049,13,0,7,116
8,360,82.800000,0.000000,0,1,9607532,1075,12,1075,12,0,7,116
8,360,82.800000,0.000000,0,1,9607543,1093,12,1093,12,0,7,116
8,360,82.800000,0.000000,0,1,9607555,1102,11,1102,11,0,7,116
8,360,82.800000,0.000000,0,1,9607566,1105,10,1105,10,0,7,116
8,360,82.800000,0.000000,0,1,9607577,1108,9,1108,9,0,7,116
8,360,82.800000,0.000000,0,1,9607588,1108,9,1108,9,0,7,116
8,360,82.800000,0.000000,0,1,9607600,1108,9,1108,9,0,7,116
8,360,82.800000,0.000000,0,1,9607612,1109,9,1109,9,0,7,116
8,360,82.800000,0.000000,0,1,9607625,1110,9,1110,9,0,7,116
8,360,82.800000,0.000000,0,1,9607642,1112,9,1112,9,0,7,116
8,360,82.800000,0.000000,0,1,9607654,1121,8,1121,8,0,7,116
8,360,82.800000,0.000000,0,1,9607665,1128,7,1128,7,0,7,116
8,360,82.800000,0.000000,0,1,9607676,1135,6,1135,6,0,7,116
8,360,82.800000,0.000000,0,1,9607689,1140,5,1140,5,0,7,116
8,360,82.800000,0.000000,0,1,9607700,1145,4,1145,4,0,7,116
8,360,82.800000,0.000000,0,1,9607711,1150,4,1150,4,0,7,116
8,360,82.800000,0.000000,0,1,9607723,1155,4,1155,4,0,7,116
8,360,82.800000,0.000000,0,1,9607735,1162,3,1162,3,0,7,116
8,360,82.800000,0.000000,0,1,9607745,1165,3,1165,3,0,7,116
8,360,82.800000,0.000000,0,1,9607756,1165,3,1165,3,0,7,116
8,360,82.800000,0.000000,0,1,9607767,1165,3,1165,3,0,7,116
8,360,82.800000,0.000000,0,1,9607778,1165,3,1165,3,0,7,116
8,360,82.800000,0.000000,0,1,9607789,1165,3,1165,3,0,7,116
8,360,82.800000,0.000000,0,1,9607799,1165,3,1165,3,0,7,116
