8,720,21.600000,22.608000,0,1,9603056,600,22,600,22,0,7,113
8,720,21.600000,22.608000,0,1,9603057,600,22,600,22,0,7,113
8,720,21.600000,22.608000,0,1,9603068,600,22,600,22,0,7,113
8,720,21.600000,22.608000,0,1,9603081,600,22,600,22,0,7,113
8,720,21.600000,22.608000,0,1,9603092,600,22,600,22,0,7,113
8,720,21.600000,22.608000,0,1,9603103,601,22,601,22,0,7,113
8,720,21.600000,22.608000,0,1,9603115,607,21,607,21,0,7,113
8,720,21.600000,22.608000,0,1,9603126,620,20,620,20,0,7,113
8,720,21.600000,22.608000,0,1,9603138,646,20,646,20,0,7,113
8,720,21.600000,22.608000,0,1,9603152,695,20,695,20,0,7,113
8,720,21.600000,22.608000,0,1,9603164,773,20,773,20,0,7,113
8,720,21.600000,22.608000,0,1,9603174,880,23,880,23,0,7,113
8,720,21.600000,22.608000,0,1,9603186,981,26,981,26,0,7,113
8,720,21.600000,22.608000,0,1,9603198,1071,30,1071,30,0,7,113
8,720,21.600000,22.608000,0,1,9603211,1157,32,1157,32,0,7,113
8,720,21.600000,22.608000,0,1,9603222,1237,33,1237,33,0,7,113
8,720,21.600000,22.608000,0,1,9603233,1281,34,1281,34,0,7,113
8,720,21.600000,22.608000,0,1,9603246,1307,34,1307,34,0,7,113
8,720,21.600000,22.608000,0,1,9603258,1324,34,1324,34,0,7,113
8,720,21.600000,22.608000,0,1,9603269,1331,34,1331,34,0,7,113
8,720,21.600000,22.608000,0,1,9603281,1332,34,1332,34,0,7,113
8,720,21.600000,22.608000,0,1,9603292,1333,34,1333,34,0,7,113
8,720,21.600000,22.608000,0,1,9603303,1335,34,1335,34,0,7,113
8,720,21.600000,22.608000,0,1,9603315,1337,34,1337,34,0,7,113
8,720,21.600000,22.608000,0,1,9603326,1340,33,1340,33,0,7,113
8,720,21.600000,22.608000,0,1,9603336,1341,32,1341,32,0,7,113
8,720,21.600000,22.608000,0,1,9603347,1343,32,1343,32,0,7,113
8,720,21.600000,22.608000,0,1,9603357,1344,32,1344,32,0,7,113
8,720,21.600000,22.608000,0,1,9603368,1344,32,1344,32,0,7,113
8,720,21.600000,22.608000,0,1,9603378,1344,32,1344,32,0,7,113
8,720,21.600000,22.608000,0,1,9603389,1344,32,1344,32,0,7,113
8,720,21.600000,22.608000,0,1,9603400,1344,32,1344,32,0,7,113
8,720,21.600000,22.608000,0,1,9603410,1344,32,1344,32,0,7,113
8,720,21.600000,22.608000,0,1,9603421,1344,32,1344,32,0,7,113
8,720,21.600000,22.608000,0,1,9603431,1344,31,1344,31,0,7,113
8,720,21.600000,22.608000,0,1,9603443,1343,30,1343,30,0,7,113
8,720,21.600000,22.608000,0,1,9603454,1341,28,1341,28,0,7,113
8,720,21.600000,22.608000,0,1,9603465,1339,26,1339,26,0,7,113
8,720,21.600000,22.608000,0,1,9603476,1337,25,1337,25,0,7,113
8,720,21.600000,22.608000,0,1,9603486,1336,24,1336,24,0,7,113
8,720,21.600000,22.608000,0,1,9603497,1336,23,1336,23,0,7,113
8,720,21.600000,22.608000,0,1,9603508,1336,23,1336,23,0,7,113
8,720,21.600000,22.608000,0,1,9603519,1336,22,1336,22,0,7,113
8,720,21.600000,22.608000,0,1,9603530,1336,22,1336,22,0,7,113
8,720,21.600000,22.608000,0,1,9603541,1335,21,1335,21,0,7,113
8,720,21.600000,22.608000,0,1,9603551,1334,20,1334,20,0,7,113
8,720,21.600000,22.608000,0,1,9603563,1333,19,1333,19,0,7,113
8,720,21.600000,22.608000,0,1,9603573,1332,19,1332,19,0,7,113
8,720,21.600000,22.608000,0,1,9603586,1332,18,1332,18,0,7,113
8,720,21.600000,22.608000,0,1,9603597,1332,18,1332,18,0,7,113
8,720,21.600000,22.608000,0,1,9603610,1332,18,1332,18,0,7,113
8,720,21.600000,22.608000,0,1,9603625,1332,18,1332,18,0,7,113
8,720,21.600000,22.608000,0,1,9603636,1332,17,1332,17,0,7,113
8,720,21.600000,22.608000,0,1,9603646,1332,17,1332,17,0,7,113
8,720,21.600000,22.608000,0,1,9603657,1332,17,1332,17,0,7,113
8,720,21.600000,22.608000,0,1,9603667,1332,17,1332,17,1,7,113
