8,360,21.600000,0.000000,0,0,9554516,780,0,780,0,0,7,79
8,360,21.600000,0.000000,0,0,9554517,780,0,780,0,0,7,79
8,360,21.600000,0.000000,0,0,9554532,780,0,780,0,0,7,79
8,360,21.600000,0.000000,0,0,9554547,781,0,781,0,0,7,79
8,360,21.600000,0.000000,0,0,9554565,789,0,789,-2,0,7,79
8,360,21.600000,0.000000,0,0,9554579,822,0,822,-4,0,7,79
8,360,21.600000,0.000000,0,0,9554596,889,0,889,-5,0,7,79
8,360,21.600000,0.000000,0,0,9554610,1001,0,1001,-6,0,7,79
8,360,21.600000,0.000000,0,0,9554626,1090,0,1090,-6,0,7,79
8,360,21.600000,0.000000,0,0,9554643,1164,2,1164,-4,0,7,79
8,360,21.600000,0.000000,0,0,9554658,1204,6,1204,0,0,7,79
8,360,21.600000,0.000000,0,0,9554670,1212,7,1212,1,0,7,79
8,360,21.600000,0.000000,0,0,9554680,1212,7,1212,1,0,7,79
8,360,21.600000,0.000000,0,0,9554691,1212,7,1212,1,0,7,79
8,360,21.600000,0.000000,0,0,9554702,1212,7,1212,1,0,7,79
8,360,21.600000,0.000000,0,0,9554712,1212,7,1212,1,0,7,79
8,360,21.600000,0.000000,0,0,9554725,1212,7,1212,1,0,7,79
8,360,21.600000,0.000000,0,0,9554737,1212,7,1212,1,0,7,79
8,360,21.600000,0.000000,0,0,9554752,1212,7,1212,1,0,7,79
8,360,21.600000,0.000000,0,0,9554764,1212,7,1212,1,0,7,79
8,360,21.600000,0.000000,0,0,9554775,1212,7,1212,1,0,7,79
8,360,21.600000,0.000000,0,0,9554786,1210,8,1210,2,0,7,79
8,360,21.600000,0.000000,0,0,9554798,1208,9,1208,3,0,7,79
8,360,21.600000,0.000000,0,0,9554809,1202,9,1202,3,0,7,79
8,360,21.600000,0.000000,0,0,9554820,1197,10,1197,4,0,7,79
8,360,21.600000,0.000000,0,0,9554831,1192,10,1192,4,0,7,79
8,360,21.600000,0.000000,0,0,9554842,1188,10,1188,4,0,7,79
8,360,21.600000,0.000000,0,0,9554853,1187,10,1187,4,0,7,79
8,360,21.600000,0.000000,0,0,9554864,1186,10,1186,4,0,7,79
8,360,21.600000,0.000000,0,0,9554877,1183,10,1183,4,0,7,79
8,360,21.600000,0.000000,0,0,9554893,1178,10,1178,4,0,7,79
8,360,21.600000,0.000000,0,0,9554909,1169,10,1169,4,0,7,79
8,360,21.600000,0.000000,0,0,9554920,1160,10,1160,4,0,7,79
8,360,21.600000,0.000000,0,0,9554931,1157,9,1157,3,0,7,79
8,360,21.600000,0.000000,0,0,9554941,1156,8,1156,2,0,7,79
8,360,21.600000,0.000000,0,0,9554957,1156,8,1156,2,0,7,79
8,360,21.600000,0.000000,0,0,9554972,1156,8,1156,2,0,7,79
8,360,21.600000,0.000000,0,0,9554983,1156,8,1156,2,0,7,79
8,360,21.600000,0.000000,0,0,9554993,1156,8,1156,2,0,7,79
8,360,21.600000,0.000000,0,0,9555004,1156,8,1156,2,0,7,79
8,360,21.600000,0.000000,0,0,9555015,1156,8,1156,2,0,7,79
8,360,21.600000,0.000000,0,0,9555025,1155,8,1155,2,0,7,79
8,360,21.600000,0.000000,0,0,9555036,1154,8,1154,2,0,7,79
8,360,21.600000,0.000000,0,0,9555048,1153,7,1153,1,0,7,79
8,360,21.600000,0.000000,0,0,9555059,1152,7,1152,1,0,7,79
8,360,21.600000,0.000000,0,0,9555070,1149,7,1149,1,0,7,79
8,360,21.600000,0.000000,0,0,9555084,1147,7,1147,1,0,7,79
8,360,21.600000,0.000000,0,0,9555095,1145,6,1145,0,0,7,79
8,360,21.600000,0.000000,0,0,9555105,1143,5,1143,-1,0,7,79
8,360,21.600000,0.000000,0,0,9555117,1143,5,1143,-1,0,7,79
8,360,21.600000,0.000000,0,0,9555134,1143,5,1143,-1,0,7,79
8,360,21.600000,0.000000,0,0,9555147,1143,5,1143,-1,0,7,79
8,360,21.600000,0.000000,0,0,9555158,1143,5,1143,-1,0,7,79
8,360,21.600000,0.000000,0,0,9555168,1143,5,1143,-1,0,7,79
8,360,21.600000,0.000000,0,0,9555178,1143,5,1143,-1,0,7,79
8,360,21.600000,0.000000,0,0,9555193,1143,5,1143,-1,0,7,79
