8,720,82.800000,12.276000,1,1,9480016,600,22,600,22,0,7,29
8,720,82.800000,12.276000,1,1,9480017,600,22,600,22,0,7,29
8,720,82.800000,12.276000,1,1,9480028,600,22,600,22,0,7,29
8,720,82.800000,12.276000,1,1,9480041,600,22,600,22,0,7,29
8,720,82.800000,12.276000,1,1,9480052,600,22,600,22,0,7,29
8,720,82.800000,12.276000,1,1,9480063,600,22,600,22,0,7,29
8,720,82.800000,12.276000,1,1,9480074,600,22,600,22,0,7,29
8,720,82.800000,12.276000,1,1,9480084,600,22,600,22,0,7,29
8,720,82.800000,12.276000,1,1,9480100,600,22,600,22,0,7,29
8,720,82.800000,12.276000,1,1,9480117,611,22,611,22,0,7,29
8,720,82.800000,12.276000,1,1,9480132,640,22,640,22,0,7,29
8,720,82.800000,12.276000,1,1,9480143,697,22,697,22,0,7,29
8,720,82.800000,12.276000,1,1,9480155,762,22,762,22,0,7,29
8,720,82.800000,12.276000,1,1,9480170,836,21,836,21,0,7,29
8,720,82.800000,12.276000,1,1,9480182,954,19,954,19,0,7,29
8,720,82.800000,12.276000,1,1,9480193,1041,18,1041,18,0,7,29
8,720,82.800000,12.276000,1,1,9480204,1099,17,1099,17,0,7,29
8,720,82.800000,12.276000,1,1,9480215,1134,17,1134,17,0,7,29
8,720,82.800000,12.276000,1,1,9480228,1154,17,1154,17,0,7,29
8,720,82.800000,12.276000,1,1,9480239,1167,17,1167,17,0,7,29
8,720,82.800000,12.276000,1,1,9480251,1170,17,1170,17,0,7,29
8,720,82.800000,12.276000,1,1,9480262,1170,17,1170,17,0,7,29
8,720,82.800000,12.276000,1,1,9480272,1170,17,1170,17,0,7,29
8,720,82.800000,12.276000,1,1,9480282,1170,17,1170,17,0,7,29
8,720,82.800000,12.276000,1,1,9480294,1170,17,1170,17,0,7,29
8,720,82.800000,12.276000,1,1,9480304,1170,17,1170,17,0,7,29
8,720,82.800000,12.276000,1,1,9480315,1170,17,1170,17,0,7,29
8,720,82.800000,12.276000,1,1,9480326,1170,17,1170,17,0,7,29
8,720,82.800000,12.276000,1,1,9480337,1170,16,1170,16,0,7,29
8,720,82.800000,12.276000,1,1,9480347,1170,16,1170,16,0,7,29
8,720,82.800000,12.276000,1,1,9480360,1171,16,1171,16,0,7,29
8,720,82.800000,12.276000,1,1,9480371,1172,15,1172,15,0,7,29
8,720,82.800000,12.276000,1,1,9480382,1173,15,1173,15,0,7,29
8,720,82.800000,12.276000,1,1,9480392,1177,14,1177,14,0,7,29
8,720,82.800000,12.276000,1,1,9480403,1183,14,1183,14,0,7,29
8,720,82.800000,12.276000,1,1,9480415,1192,13,1192,13,0,7,29
8,720,82.800000,12.276000,1,1,9480426,1202,11,1202,11,0,7,29
8,720,82.800000,12.276000,1,1,9480436,1214,11,1214,11,0,7,29
8,720,82.800000,12.276000,1,1,9480447,1222,10,1222,10,0,7,29
8,720,82.800000,12.276000,1,1,9480458,1229,10,1229,10,0,7,29
8,720,82.800000,12.276000,1,1,9480469,1236,10,1236,10,0,7,29
8,720,82.800000,12.276000,1,1,9480479,1246,10,1246,10,0,7,29
8,720,82.800000,12.276000,1,1,9480490,1258,10,1258,10,0,7,29
8,720,82.800000,12.276000,1,1,9480501,1272,10,1272,10,0,7,29
8,720,82.800000,12.276000,1,1,9480511,1284,10,1284,10,0,7,29
8,720,82.800000,12.276000,1,1,9480525,1290,9,1290,9,0,7,29
8,720,82.800000,12.276000,1,1,9480536,1295,9,1295,9,0,7,29
8,720,82.800000,12.276000,1,1,9480547,1296,9,1296,9,0,7,29
8,720,82.800000,12.276000,1,1,9480559,1297,9,1297,9,0,7,29
8,720,82.800000,12.276000,1,1,9480570,1297,9,1297,9,0,7,29
8,720,82.800000,12.276000,1,1,9480581,1297,9,1297,9,0,7,29
8,720,82.800000,12.276000,1,1,9480592,1297,9,1297,9,0,7,29
8,720,82.800000,12.276000,1,1,9480603,1297,9,1297,9,0,7,29
8,720,82.800000,12.276000,1,1,9480613,1297,9,1297,9,0,7,29
