8,720,21.600000,12.276000,0,1,9547143,600,22,600,22,0,7,74
8,720,21.600000,12.276000,0,1,9547144,600,22,600,22,0,7,74
8,720,21.600000,12.276000,0,1,9547155,600,22,600,22,0,7,74
8,720,21.600000,12.276000,0,1,9547165,600,22,600,22,0,7,74
8,720,21.600000,12.276000,0,1,9547176,600,22,600,22,0,7,74
8,720,21.600000,12.276000,0,1,9547186,600,22,600,22,0,7,74
8,720,21.600000,12.276000,0,1,9547197,600,22,600,22,0,7,74
8,720,21.600000,12.276000,0,1,9547209,602,22,602,22,0,7,74
8,720,21.600000,12.276000,0,1,9547219,612,22,612,22,0,7,74
8,720,21.600000,12.276000,0,1,9547230,633,20,633,20,0,7,74
8,720,21.600000,12.276000,0,1,9547243,672,18,672,18,0,7,74
8,720,21.600000,12.276000,0,1,9547254,739,16,739,16,0,7,74
8,720,21.600000,12.276000,0,1,9547265,831,14,831,14,0,7,74
8,720,21.600000,12.276000,0,1,9547276,925,12,925,12,0,7,74
8,720,21.600000,12.276000,0,1,9547287,1037,10,1037,10,0,7,74
8,720,21.600000,12.276000,0,1,9547299,1142,9,1142,9,0,7,74
8,720,21.600000,12.276000,0,1,9547312,1231,8,1231,8,0,7,74
8,720,21.600000,12.276000,0,1,9547323,1311,8,1311,8,0,7,74
8,720,21.600000,12.276000,0,1,9547336,1352,8,1352,8,0,7,74
8,720,21.600000,12.276000,0,1,9547348,1371,8,1371,8,0,7,74
8,720,21.600000,12.276000,0,1,9547359,1374,8,1374,8,0,7,74
8,720,21.600000,12.276000,0,1,9547372,1377,8,1377,8,0,7,74
8,720,21.600000,12.276000,0,1,9547383,1377,8,1377,8,0,7,74
8,720,21.600000,12.276000,0,1,9547394,1377,8,1377,8,0,7,74
8,720,21.600000,12.276000,0,1,9547404,1377,8,1377,8,0,7,74
8,720,21.600000,12.276000,0,1,9547416,1377,8,1377,8,0,7,74
8,720,21.600000,12.276000,0,1,9547427,1377,8,1377,8,0,7,74
8,720,21.600000,12.276000,0,1,9547438,1377,8,1377,8,0,7,74
8,720,21.600000,12.276000,0,1,9547449,1377,8,1377,8,0,7,74
8,720,21.600000,12.276000,0,1,9547467,1377,8,1377,8,0,7,74
8,720,21.600000,12.276000,0,1,9547479,1377,8,1377,8,0,7,74
8,720,21.600000,12.276000,0,1,9547493,1376,8,1376,8,0,7,74
8,720,21.600000,12.276000,0,1,9547504,1373,8,1373,8,0,7,74
8,720,21.600000,12.276000,0,1,9547515,1370,8,1370,8,0,7,74
8,720,21.600000,12.276000,0,1,9547527,1367,8,1367,8,0,7,74
8,720,21.600000,12.276000,0,1,9547540,1362,8,1362,8,0,7,74
8,720,21.600000,12.276000,0,1,9547555,1357,8,1357,8,0,7,74
8,720,21.600000,12.276000,0,1,9547571,1350,8,1350,8,0,7,74
8,720,21.600000,12.276000,0,1,9547587,1342,9,1342,9,0,7,74
8,720,21.600000,12.276000,0,1,9547599,1334,9,1334,9,0,7,74
8,720,21.600000,12.276000,0,1,9547610,1330,9,1330,9,0,7,74
8,720,21.600000,12.276000,0,1,9547621,1328,9,1328,9,0,7,74
8,720,21.600000,12.276000,0,1,9547631,1328,9,1328,9,0,7,74
8,720,21.600000,12.276000,0,1,9547642,1328,9,1328,9,0,7,74
8,720,21.600000,12.276000,0,1,9547652,1328,9,1328,9,0,7,74
8,720,21.600000,12.276000,0,1,9547663,1328,9,1328,9,0,7,74
8,720,21.600000,12.276000,0,1,9547675,1328,9,1328,9,0,7,74
8,720,21.600000,12.276000,0,1,9547685,1328,9,1328,9,0,7,74
8,720,21.600000,12.276000,0,1,9547696,1328,9,1328,9,0,7,74
8,720,21.600000,12.276000,0,1,9547712,1327,9,1327,9,0,7,74
8,720,21.600000,12.276000,0,1,9547726,1323,9,1323,9,0,7,74
8,720,21.600000,12.276000,0,1,9547737,1314,9,1314,9,0,7,74
8,720,21.600000,12.276000,0,1,9547749,1307,10,1307,10,0,7,74
8,720,21.600000,12.276000,0,1,9547760,1301,11,1301,11,0,7,74
8,720,21.600000,12.276000,0,1,9547771,1299,11,1299,11,0,7,74
8,720,21.600000,12.276000,0,1,9547783,1297,11,1297,11,0,7,74
8,720,21.600000,12.276000,0,1,9547793,1297,11,1297,11,0,7,74
8,720,21.600000,12.276000,0,1,9547804,1298,11,1298,11,0,7,74
8,720,21.600000,12.276000,0,1,9547814,1298,11,1298,11,0,7,74
8,720,21.600000,12.276000,0,1,9547825,1298,11,1298,11,1,7,74
