8,720,50.400000,10000.000000,0,0,9539125,600,0,600,0,0,7,68
8,720,50.400000,10000.000000,0,0,9539126,600,0,600,0,0,7,68
8,720,50.400000,10000.000000,0,0,9539141,600,0,600,0,0,7,68
8,720,50.400000,10000.000000,0,0,9539156,600,0,600,0,0,7,68
8,720,50.400000,10000.000000,0,0,9539167,600,0,600,0,0,7,68
8,720,50.400000,10000.000000,0,0,9539178,600,0,600,0,0,7,68
8,720,50.400000,10000.000000,0,0,9539189,600,0,600,0,0,7,68
8,720,50.400000,10000.000000,0,0,9539200,600,0,600,-1,0,7,68
8,720,50.400000,10000.000000,0,0,9539212,603,0,603,-2,0,7,68
8,720,50.400000,10000.000000,0,0,9539224,614,0,614,-3,0,7,68
8,720,50.400000,10000.000000,0,0,9539236,637,0,637,-4,0,7,68
8,720,50.400000,10000.000000,0,0,9539247,692,0,692,-5,0,7,68
8,720,50.400000,10000.000000,0,0,9539259,767,0,767,-5,0,7,68
8,720,50.400000,10000.000000,0,0,9539270,875,0,875,-5,0,7,68
8,720,50.400000,10000.000000,0,0,9539282,998,1,998,-4,0,7,68
8,720,50.400000,10000.000000,0,0,9539299,1136,3,1136,-2,0,7,68
8,720,50.400000,10000.000000,0,0,9539313,1277,6,1277,1,0,7,68
8,720,50.400000,10000.000000,0,0,9539330,1355,8,1355,3,0,7,68
8,720,50.400000,10000.000000,0,0,9539346,1394,9,1394,4,0,7,68
8,720,50.400000,10000.000000,0,0,9539359,1404,10,1404,5,0,7,68
8,720,50.400000,10000.000000,0,0,9539374,1404,10,1404,5,0,7,68
8,720,50.400000,10000.000000,0,0,9539385,1404,10,1404,5,0,7,68
8,720,50.400000,10000.000000,0,0,9539396,1404,10,1404,5,0,7,68
8,720,50.400000,10000.000000,0,0,9539412,1404,10,1404,5,0,7,68
8,720,50.400000,10000.000000,0,0,9539424,1404,10,1404,5,0,7,68
8,720,50.400000,10000.000000,0,0,9539434,1404,10,1404,5,0,7,68
8,720,50.400000,10000.000000,0,0,9539445,1404,10,1404,5,0,7,68
8,720,50.400000,10000.000000,0,0,9539456,1404,10,1404,5,0,7,68
8,720,50.400000,10000.000000,0,0,9539467,1404,10,1404,5,0,7,68
8,720,50.400000,10000.000000,0,0,9539478,1404,10,1404,5,0,7,68
8,720,50.400000,10000.000000,0,0,9539488,1404,10,1404,5,0,7,68
8,720,50.400000,10000.000000,0,0,9539498,1404,10,1404,5,0,7,68
8,720,50.400000,10000.000000,0,0,9539512,1402,10,1402,5,0,7,68
8,720,50.400000,10000.000000,0,0,9539524,1397,10,1397,5,0,7,68
8,720,50.400000,10000.000000,0,0,9539536,1391,11,1391,6,0,7,68
8,720,50.400000,10000.000000,0,0,9539547,1384,11,1384,6,0,7,68
8,720,50.400000,10000.000000,0,0,9539559,1378,11,1378,6,0,7,68
8,720,50.400000,10000.000000,0,0,9539571,1372,12,1372,7,0,7,68
8,720,50.400000,10000.000000,0,0,9539582,1365,12,1365,7,0,7,68
8,720,50.400000,10000.000000,0,0,9539593,1358,13,1358,8,0,7,68
8,720,50.400000,10000.000000,0,0,9539605,1349,13,1349,8,0,7,68
8,720,50.400000,10000.000000,0,0,9539617,1340,13,1340,8,0,7,68
8,720,50.400000,10000.000000,0,0,9539628,1334,13,1334,8,0,7,68
8,720,50.400000,10000.000000,0,0,9539639,1330,13,1330,8,0,7,68
8,720,50.400000,10000.000000,0,0,9539651,1329,13,1329,8,0,7,68
8,720,50.400000,10000.000000,0,0,9539661,1329,13,1329,8,0,7,68
8,720,50.400000,10000.000000,0,0,9539672,1329,13,1329,8,0,7,68
8,720,50.400000,10000.000000,0,0,9539683,1329,13,1329,8,0,7,68
8,720,50.400000,10000.000000,0,0,9539694,1329,13,1329,8,0,7,68
8,720,50.400000,10000.000000,0,0,9539704,1329,13,1329,8,0,7,68
8,720,50.400000,10000.000000,0,0,9539715,1329,13,1329,8,0,7,68
8,720,50.400000,10000.000000,0,0,9539725,1329,13,1329,8,0,7,68
