8,360,50.400000,22.608000,0,0,9509727,780,0,780,0,0,7,48
8,360,50.400000,22.608000,0,0,9509728,780,0,780,0,0,7,48
8,360,50.400000,22.608000,0,0,9509739,780,0,780,0,0,7,48
8,360,50.400000,22.608000,0,0,9509754,780,0,780,0,0,7,48
8,360,50.400000,22.608000,0,0,9509764,780,0,780,0,0,7,48
8,360,50.400000,22.608000,0,0,9509775,780,0,780,0,0,7,48
8,360,50.400000,22.608000,0,0,9509788,780,0,780,0,0,7,48
8,360,50.400000,22.608000,0,0,9509799,786,0,786,-1,0,7,48
8,360,50.400000,22.608000,0,0,9509810,799,0,799,-1,0,7,48
8,360,50.400000,22.608000,0,0,9509822,818,0,818,-1,0,7,48
8,360,50.400000,22.608000,0,0,9509832,845,0,845,-1,0,7,48
8,360,50.400000,22.608000,0,0,9509844,878,0,878,-1,0,7,48
8,360,50.400000,22.608000,0,0,9509856,929,0,929,-1,0,7,48
8,360,50.400000,22.608000,0,0,9509869,987,0,987,-1,0,7,48
8,360,50.400000,22.608000,0,0,9509879,1036,0,1036,-1,0,7,48
8,360,50.400000,22.608000,0,0,9509892,1071,0,1071,-1,0,7,48
8,360,50.400000,22.608000,0,0,9509903,1095,0,1095,-1,0,7,48
8,360,50.400000,22.608000,0,0,9509915,1104,0,1104,-1,0,7,48
8,360,50.400000,22.608000,0,0,9509925,1107,0,1107,-1,0,7,48
8,360,50.400000,22.608000,0,0,9509943,1107,0,1107,-1,0,7,48
8,360,50.400000,22.608000,0,0,9509955,1107,0,1107,-1,0,7,48
8,360,50.400000,22.608000,0,0,9509968,1108,0,1108,-1,0,7,48
8,360,50.400000,22.608000,0,0,9509978,1110,0,1110,-1,0,7,48
8,360,50.400000,22.608000,0,0,9509989,1111,0,1111,-2,0,7,48
8,360,50.400000,22.608000,0,0,9510005,1112,0,1112,-2,0,7,48
8,360,50.400000,22.608000,0,0,9510015,1113,0,1113,-2,0,7,48
8,360,50.400000,22.608000,0,0,9510027,1114,0,1114,-2,0,7,48
8,360,50.400000,22.608000,0,0,9510037,1115,0,1115,-2,0,7,48
8,360,50.400000,22.608000,0,0,9510048,1116,0,1116,-2,0,7,48
8,360,50.400000,22.608000,0,0,9510059,1119,0,1119,-2,0,7,48
8,360,50.400000,22.608000,0,0,9510069,1123,0,1123,-2,0,7,48
8,360,50.400000,22.608000,0,0,9510080,1126,0,1126,-2,0,7,48
8,360,50.400000,22.608000,0,0,9510090,1128,0,1128,-2,0,7,48
8,360,50.400000,22.608000,0,0,9510101,1130,0,1130,-2,0,7,48
8,360,50.400000,22.608000,0,0,9510111,1130,0,1130,-2,0,7,48
8,360,50.400000,22.608000,0,0,9510122,1130,0,1130,-2,0,7,48
8,360,50.400000,22.608000,0,0,9510132,1130,0,1130,-2,0,7,48
8,360,50.400000,22.608000,0,0,9510143,1130,0,1130,-2,0,7,48
8,360,50.400000,22.608000,0,0,9510154,1130,0,1130,-2,0,7,48
8,360,50.400000,22.608000,0,0,9510164,1130,0,1130,-2,0,7,48
8,360,50.400000,22.608000,0,0,9510179,1130,0,1130,-2,0,7,48
8,360,50.400000,22.608000,0,0,9510193,1130,0,1130,-2,0,7,48
