8,360,50.400000,22.608000,0,1,9481405,780,22,780,22,0,7,30
8,360,50.400000,22.608000,0,1,9481405,780,22,780,22,0,7,30
8,360,50.400000,22.608000,0,1,9481416,779,22,779,22,0,7,30
8,360,50.400000,22.608000,0,1,9481427,779,22,779,22,0,7,30
8,360,50.400000,22.608000,0,1,9481438,779,22,779,22,0,7,30
8,360,50.400000,22.608000,0,1,9481448,779,22,779,22,0,7,30
8,360,50.400000,22.608000,0,1,9481463,781,22,781,22,0,7,30
8,360,50.400000,22.608000,0,1,9481474,790,20,790,20,0,7,30
8,360,50.400000,22.608000,0,1,9481485,806,20,806,20,0,7,30
8,360,50.400000,22.608000,0,1,9481496,837,18,837,18,0,7,30
8,360,50.400000,22.608000,0,1,9481506,882,17,882,17,0,7,30
8,360,50.400000,22.608000,0,1,9481518,936,16,936,16,0,7,30
8,360,50.400000,22.608000,0,1,9481529,1003,14,1003,14,0,7,30
8,360,50.400000,22.608000,0,1,9481542,1057,12,1057,12,0,7,30
8,360,50.400000,22.608000,0,1,9481556,1112,11,1112,11,0,7,30
8,360,50.400000,22.608000,0,1,9481571,1148,10,1148,10,0,7,30
8,360,50.400000,22.608000,0,1,9481586,1165,10,1165,10,0,7,30
8,360,50.400000,22.608000,0,1,9481601,1169,10,1169,10,0,7,30
8,360,50.400000,22.608000,0,1,9481611,1169,10,1169,10,0,7,30
8,360,50.400000,22.608000,0,1,9481622,1169,10,1169,10,0,7,30
8,360,50.400000,22.608000,0,1,9481633,1169,10,1169,10,0,7,30
8,360,50.400000,22.608000,0,1,9481648,1169,10,1169,10,0,7,30
8,360,50.400000,22.608000,0,1,9481664,1169,10,1169,10,0,7,30
8,360,50.400000,22.608000,0,1,9481674,1169,10,1169,10,0,7,30
8,360,50.400000,22.608000,0,1,9481685,1170,10,1170,10,0,7,30
8,360,50.400000,22.608000,0,1,9481696,1171,10,1171,10,0,7,30
8,360,50.400000,22.608000,0,1,9481706,1172,10,1172,10,0,7,30
8,360,50.400000,22.608000,0,1,9481717,1172,10,1172,10,0,7,30
8,360,50.400000,22.608000,0,1,9481728,1172,10,1172,10,0,7,30
8,360,50.400000,22.608000,0,1,9481738,1172,10,1172,10,0,7,30
8,360,50.400000,22.608000,0,1,9481748,1172,10,1172,10,0,7,30
8,360,50.400000,22.608000,0,1,9481759,1172,10,1172,10,0,7,30
8,360,50.400000,22.608000,0,1,9481769,1172,10,1172,10,0,7,30
8,360,50.400000,22.608000,0,1,9481779,1172,10,1172,10,0,7,30
8,360,50.400000,22.608000,0,1,9481790,1172,10,1172,10,0,7,30
8,360,50.400000,22.608000,0,1,9481802,1171,10,1171,10,0,7,30
8,360,50.400000,22.608000,0,1,9481813,1169,10,1169,10,0,7,30
8,360,50.400000,22.608000,0,1,9481825,1164,10,1164,10,0,7,30
8,360,50.400000,22.608000,0,1,9481835,1157,10,1157,10,0,7,30
8,360,50.400000,22.608000,0,1,9481846,1153,11,1153,11,0,7,30
8,360,50.400000,22.608000,0,1,9481858,1151,11,1151,11,0,7,30
8,360,50.400000,22.608000,0,1,9481868,1151,11,1151,11,0,7,30
8,360,50.400000,22.608000,0,1,9481884,1151,11,1151,11,0,7,30
8,360,50.400000,22.608000,0,1,9481894,1151,11,1151,11,0,7,30
8,360,50.400000,22.608000,0,1,9481905,1151,11,1151,11,0,7,30
8,360,50.400000,22.608000,0,1,9481915,1151,11,1151,11,0,7,30
8,360,50.400000,22.608000,0,1,9481925,1151,11,1151,11,0,7,30
8,360,50.400000,22.608000,0,1,9481935,1151,11,1151,11,0,7,30
