8,360,21.600000,0.000000,0,1,9553060,780,22,780,22,0,7,78
8,360,21.600000,0.000000,0,1,9553061,780,22,780,22,0,7,78
8,360,21.600000,0.000000,0,1,9553072,780,22,780,22,0,7,78
8,360,21.600000,0.000000,0,1,9553082,780,21,780,21,0,7,78
8,360,21.600000,0.000000,0,1,9553093,780,21,780,21,0,7,78
8,360,21.600000,0.000000,0,1,9553104,783,20,783,20,0,7,78
8,360,21.600000,0.000000,0,1,9553115,789,19,789,19,0,7,78
8,360,21.600000,0.000000,0,1,9553127,801,17,801,17,0,7,78
8,360,21.600000,0.000000,0,1,9553143,822,15,822,15,0,7,78
8,360,21.600000,0.000000,0,1,9553158,883,10,883,10,0,7,78
8,360,21.600000,0.000000,0,1,9553174,952,5,952,5,0,7,78
8,360,21.600000,0.000000,0,1,9553189,1018,1,1018,1,0,7,78
8,360,21.600000,0.000000,0,1,9553200,1068,0,1068,0,0,7,78
8,360,21.600000,0.000000,0,1,9553212,1091,0,1091,-1,0,7,78
8,360,21.600000,0.000000,0,1,9553226,1111,0,1111,-1,0,7,78
8,360,21.600000,0.000000,0,1,9553237,1120,0,1120,-1,0,7,78
8,360,21.600000,0.000000,0,1,9553248,1124,0,1124,-1,0,7,78
8,360,21.600000,0.000000,0,1,9553260,1128,0,1128,-1,0,7,78
8,360,21.600000,0.000000,0,1,9553271,1131,0,1131,-1,0,7,78
8,360,21.600000,0.000000,0,1,9553281,1132,0,1132,-1,0,7,78
8,360,21.600000,0.000000,0,1,9553293,1135,0,1135,-1,0,7,78
8,360,21.600000,0.000000,0,1,9553304,1137,0,1137,-2,0,7,78
8,360,21.600000,0.000000,0,1,9553315,1140,0,1140,-2,0,7,78
8,360,21.600000,0.000000,0,1,9553325,1145,0,1145,-2,0,7,78
8,360,21.600000,0.000000,0,1,9553337,1149,0,1149,-2,0,7,78
8,360,21.600000,0.000000,0,1,9553348,1153,0,1153,-2,0,7,78
8,360,21.600000,0.000000,0,1,9553360,1154,0,1154,-2,0,7,78
8,360,21.600000,0.000000,0,1,9553371,1156,0,1156,-2,0,7,78
8,360,21.600000,0.000000,0,1,9553382,1158,0,1158,-2,0,7,78
8,360,21.600000,0.000000,0,1,9553394,1162,0,1162,-2,0,7,78
8,360,21.600000,0.000000,0,1,9553404,1166,0,1166,-2,0,7,78
8,360,21.600000,0.000000,0,1,9553418,1171,0,1171,-2,0,7,78
8,360,21.600000,0.000000,0,1,9553430,1174,0,1174,-2,0,7,78
8,360,21.600000,0.000000,0,1,9553443,1174,0,1174,-2,0,7,78
8,360,21.600000,0.000000,0,1,9553459,1172,0,1172,-2,0,7,78
8,360,21.600000,0.000000,0,1,9553470,1168,1,1168,-1,0,7,78
8,360,21.600000,0.000000,0,1,9553481,1168,1,1168,-1,0,7,78
8,360,21.600000,0.000000,0,1,9553491,1168,1,1168,-1,0,7,78
8,360,21.600000,0.000000,0,1,9553502,1168,1,1168,-1,0,7,78
8,360,21.600000,0.000000,0,1,9553513,1167,1,1167,-1,0,7,78
8,360,21.600000,0.000000,0,1,9553524,1166,1,1166,-1,0,7,78
8,360,21.600000,0.000000,0,1,9553538,1161,3,1161,1,0,7,78
8,360,21.600000,0.000000,0,1,9553554,1151,4,1151,2,0,7,78
8,360,21.600000,0.000000,0,1,9553565,1142,7,1142,5,0,7,78
8,360,21.600000,0.000000,0,1,9553575,1139,7,1139,5,0,7,78
8,360,21.600000,0.000000,0,1,9553586,1136,7,1136,5,0,7,78
8,360,21.600000,0.000000,0,1,9553597,1136,7,1136,5,0,7,78
8,360,21.600000,0.000000,0,1,9553608,1136,7,1136,5,0,7,78
8,360,21.600000,0.000000,0,1,9553619,1136,7,1136,5,0,7,78
8,360,21.600000,0.000000,0,1,9553634,1136,7,1136,5,0,7,78
8,360,21.600000,0.000000,0,1,9553649,1136,7,1136,5,0,7,78
8,360,21.600000,0.000000,0,1,9553660,1136,7,1136,5,0,7,78
8,360,21.600000,0.000000,0,1,9553671,1136,7,1136,5,0,7,78
8,360,21.600000,0.000000,0,1,9553681,1136,7,1136,5,0,7,78
8,360,21.600000,0.000000,0,1,9553692,1136,7,1136,5,0,7,78
8,360,21.600000,0.000000,0,1,9553703,1136,7,1136,5,0,7,78
8,360,21.600000,0.000000,0,1,9553713,1136,7,1136,5,0,7,78
