8,360,21.600000,0.000000,0,0,9633347,780,0,780,0,0,8,15
8,360,21.600000,0.000000,0,0,9633348,780,0,780,0,0,8,15
8,360,21.600000,0.000000,0,0,9633359,780,0,780,0,0,8,15
8,360,21.600000,0.000000,0,0,9633370,780,0,780,0,0,8,15
8,360,21.600000,0.000000,0,0,9633381,780,0,780,0,0,8,15
8,360,21.600000,0.000000,0,0,9633394,783,0,783,-1,0,8,15
8,360,21.600000,0.000000,0,0,9633404,793,0,793,-2,0,8,15
8,360,21.600000,0.000000,0,0,9633416,810,0,810,-3,0,8,15
8,360,21.600000,0.000000,0,0,9633428,845,0,845,-3,0,8,15
8,360,21.600000,0.000000,0,0,9633440,900,0,900,-3,0,8,15
8,360,21.600000,0.000000,0,0,9633451,976,0,976,-3,0,8,15
8,360,21.600000,0.000000,0,0,9633465,1050,0,1050,-3,0,8,15
8,360,21.600000,0.000000,0,0,9633476,1131,0,1131,-3,0,8,15
8,360,21.600000,0.000000,0,0,9633488,1180,0,1180,-3,0,8,15
8,360,21.600000,0.000000,0,0,9633501,1210,1,1210,-2,0,8,15
8,360,21.600000,0.000000,0,0,9633513,1225,2,1225,-1,0,8,15
8,360,21.600000,0.000000,0,0,9633524,1227,2,1227,-1,0,8,15
8,360,21.600000,0.000000,0,0,9633534,1227,3,1227,0,0,8,15
8,360,21.600000,0.000000,0,0,9633546,1226,3,1226,0,0,8,15
8,360,21.600000,0.000000,0,0,9633556,1226,3,1226,0,0,8,15
8,360,21.600000,0.000000,0,0,9633567,1226,3,1226,0,0,8,15
8,360,21.600000,0.000000,0,0,9633577,1226,3,1226,0,0,8,15
8,360,21.600000,0.000000,0,0,9633589,1226,3,1226,0,0,8,15
8,360,21.600000,0.000000,0,0,9633600,1226,3,1226,0,0,8,15
8,360,21.600000,0.000000,0,0,9633610,1226,3,1226,0,0,8,15
8,360,21.600000,0.000000,0,0,9633621,1225,3,1225,0,0,8,15
8,360,21.600000,0.000000,0,0,9633631,1224,3,1224,0,0,8,15
8,360,21.600000,0.000000,0,0,9633643,1222,3,1222,0,0,8,15
8,360,21.600000,0.000000,0,0,9633654,1219,3,1219,0,0,8,15
8,360,21.600000,0.000000,0,0,9633665,1215,3,1215,0,0,8,15
8,360,21.600000,0.000000,0,0,9633677,1209,3,1209,0,0,8,15
8,360,21.600000,0.000000,0,0,9633687,1202,3,1202,0,0,8,15
8,360,21.600000,0.000000,0,0,9633699,1195,3,1195,0,0,8,15
8,360,21.600000,0.000000,0,0,9633710,1189,3,1189,0,0,8,15
8,360,21.600000,0.000000,0,0,9633721,1187,3,1187,0,0,8,15
8,360,21.600000,0.000000,0,0,9633733,1185,3,1185,0,0,8,15
8,360,21.600000,0.000000,0,0,9633744,1183,3,1183,0,0,8,15
8,360,21.600000,0.000000,0,0,9633758,1180,3,1180,0,0,8,15
8,360,21.600000,0.000000,0,0,9633769,1172,4,1172,1,0,8,15
8,360,21.600000,0.000000,0,0,9633786,1164,4,1164,1,0,8,15
8,360,21.600000,0.000000,0,0,9633798,1153,4,1153,1,0,8,15
8,360,21.600000,0.000000,0,0,9633809,1150,4,1150,1,0,8,15
8,360,21.600000,0.000000,0,0,9633820,1150,4,1150,1,0,8,15
8,360,21.600000,0.000000,0,0,9633832,1150,4,1150,1,0,8,15
8,360,21.600000,0.000000,0,0,9633842,1150,4,1150,1,0,8,15
8,360,21.600000,0.000000,0,0,9633854,1150,4,1150,1,0,8,15
8,360,21.600000,0.000000,0,0,9633865,1150,4,1150,1,0,8,15
8,360,21.600000,0.000000,0,0,9633876,1149,4,1149,1,0,8,15
8,360,21.600000,0.000000,0,0,9633887,1148,4,1148,1,0,8,15
8,360,21.600000,0.000000,0,0,9633898,1147,4,1147,1,0,8,15
8,360,21.600000,0.000000,0,0,9633908,1145,4,1145,1,0,8,15
8,360,21.600000,0.000000,0,0,9633920,1143,4,1143,1,0,8,15
8,360,21.600000,0.000000,0,0,9633930,1142,5,1142,2,0,8,15
8,360,21.600000,0.000000,0,0,9633941,1141,5,1141,2,0,8,15
8,360,21.600000,0.000000,0,0,9633951,1141,5,1141,2,0,8,15
8,360,21.600000,0.000000,0,0,9633963,1141,5,1141,2,0,8,15
8,360,21.600000,0.000000,0,0,9633974,1141,5,1141,2,0,8,15
8,360,21.600000,0.000000,0,0,9633986,1140,5,1140,2,0,8,15
8,360,21.600000,0.000000,0,0,9633996,1138,5,1138,2,0,8,15
8,360,21.600000,0.000000,0,0,9634007,1137,6,1137,3,0,8,15
8,360,21.600000,0.000000,0,0,9634018,1137,6,1137,3,0,8,15
8,360,21.600000,0.000000,0,0,9634029,1137,6,1137,3,0,8,15
8,360,21.600000,0.000000,0,0,9634038,1137,6,1137,3,0,8,15
