8,360,82.800000,12.276000,1,0,9725367,780,0,780,0,0,8,76
8,360,82.800000,12.276000,1,0,9725368,780,0,780,0,0,8,76
8,360,82.800000,12.276000,1,0,9725379,780,0,780,0,0,8,76
8,360,82.800000,12.276000,1,0,9725389,780,0,780,0,0,8,76
8,360,82.800000,12.276000,1,0,9725400,780,0,780,0,0,8,76
8,360,82.800000,12.276000,1,0,9725410,780,0,780,0,0,8,76
8,360,82.800000,12.276000,1,0,9725423,783,0,783,0,0,8,76
8,360,82.800000,12.276000,1,0,9725434,794,0,794,0,0,8,76
8,360,82.800000,12.276000,1,0,9725453,812,0,812,0,0,8,76
8,360,82.800000,12.276000,1,0,9725467,870,3,870,3,0,8,76
8,360,82.800000,12.276000,1,0,9725478,924,5,924,5,0,8,76
8,360,82.800000,12.276000,1,0,9725489,969,7,969,7,0,8,76
8,360,82.800000,12.276000,1,0,9725499,1005,9,1005,9,0,8,76
8,360,82.800000,12.276000,1,0,9725512,1039,9,1039,9,0,8,76
8,360,82.800000,12.276000,1,0,9725525,1071,10,1071,10,0,8,76
8,360,82.800000,12.276000,1,0,9725536,1092,11,1092,11,0,8,76
8,360,82.800000,12.276000,1,0,9725548,1104,11,1104,11,0,8,76
8,360,82.800000,12.276000,1,0,9725558,1112,11,1112,11,0,8,76
8,360,82.800000,12.276000,1,0,9725570,1114,11,1114,11,0,8,76
8,360,82.800000,12.276000,1,0,9725580,1114,11,1114,11,0,8,76
8,360,82.800000,12.276000,1,0,9725591,1114,11,1114,11,0,8,76
8,360,82.800000,12.276000,1,0,9725607,1114,11,1114,11,0,8,76
8,360,82.800000,12.276000,1,0,9725617,1114,11,1114,11,0,8,76
8,360,82.800000,12.276000,1,0,9725627,1114,11,1114,11,0,8,76
8,360,82.800000,12.276000,1,0,9725638,1114,11,1114,11,0,8,76
8,360,82.800000,12.276000,1,0,9725649,1114,11,1114,11,0,8,76
8,360,82.800000,12.276000,1,0,9725660,1114,11,1114,11,0,8,76
8,360,82.800000,12.276000,1,0,9725671,1114,11,1114,11,0,8,76
8,360,82.800000,12.276000,1,0,9725685,1114,11,1114,11,0,8,76
8,360,82.800000,12.276000,1,0,9725695,1114,11,1114,11,0,8,76
8,360,82.800000,12.276000,1,0,9725706,1115,11,1115,11,0,8,76
8,360,82.800000,12.276000,1,0,9725717,1116,11,1116,11,0,8,76
8,360,82.800000,12.276000,1,0,9725728,1117,11,1117,11,0,8,76
8,360,82.800000,12.276000,1,0,9725738,1117,11,1117,11,0,8,76
8,360,82.800000,12.276000,1,0,9725749,1117,11,1117,11,0,8,76
8,360,82.800000,12.276000,1,0,9725759,1117,11,1117,11,0,8,76
