8,720,82.800000,0.000000,1,0,9665028,600,0,600,0,0,8,37
8,720,82.800000,0.000000,1,0,9665029,600,0,600,0,0,8,37
8,720,82.800000,0.000000,1,0,9665039,600,0,600,0,0,8,37
8,720,82.800000,0.000000,1,0,9665050,600,0,600,0,0,8,37
8,720,82.800000,0.000000,1,0,9665061,600,0,600,0,0,8,37
8,720,82.800000,0.000000,1,0,9665071,600,0,600,0,0,8,37
8,720,82.800000,0.000000,1,0,9665082,600,0,600,0,0,8,37
8,720,82.800000,0.000000,1,0,9665094,601,0,601,-1,0,8,37
8,720,82.800000,0.000000,1,0,9665106,606,0,606,-3,0,8,37
8,720,82.800000,0.000000,1,0,9665116,621,0,621,-5,0,8,37
8,720,82.800000,0.000000,1,0,9665129,655,0,655,-6,0,8,37
8,720,82.800000,0.000000,1,0,9665141,705,0,705,-6,0,8,37
8,720,82.800000,0.000000,1,0,9665151,784,0,784,-6,0,8,37
8,720,82.800000,0.000000,1,0,9665163,860,3,860,-3,0,8,37
8,720,82.800000,0.000000,1,0,9665177,950,6,950,0,0,8,37
8,720,82.800000,0.000000,1,0,9665190,1043,9,1043,3,0,8,37
8,720,82.800000,0.000000,1,0,9665201,1123,11,1123,5,0,8,37
8,720,82.800000,0.000000,1,0,9665212,1171,12,1171,6,0,8,37
8,720,82.800000,0.000000,1,0,9665224,1201,12,1201,6,0,8,37
8,720,82.800000,0.000000,1,0,9665237,1218,12,1218,6,0,8,37
8,720,82.800000,0.000000,1,0,9665247,1224,12,1224,6,0,8,37
8,720,82.800000,0.000000,1,0,9665259,1225,12,1225,6,0,8,37
8,720,82.800000,0.000000,1,0,9665270,1225,12,1225,6,0,8,37
8,720,82.800000,0.000000,1,0,9665281,1226,11,1226,5,0,8,37
8,720,82.800000,0.000000,1,0,9665292,1229,11,1229,5,0,8,37
8,720,82.800000,0.000000,1,0,9665303,1235,11,1235,5,0,8,37
8,720,82.800000,0.000000,1,0,9665315,1243,10,1243,4,0,8,37
8,720,82.800000,0.000000,1,0,9665327,1253,10,1253,4,0,8,37
8,720,82.800000,0.000000,1,0,9665342,1265,10,1265,4,0,8,37
8,720,82.800000,0.000000,1,0,9665358,1281,10,1281,4,0,8,37
8,720,82.800000,0.000000,1,0,9665369,1286,10,1286,4,0,8,37
8,720,82.800000,0.000000,1,0,9665379,1286,10,1286,4,0,8,37
8,720,82.800000,0.000000,1,0,9665390,1286,10,1286,4,0,8,37
8,720,82.800000,0.000000,1,0,9665401,1286,10,1286,4,0,8,37
8,720,82.800000,0.000000,1,0,9665412,1286,10,1286,4,0,8,37
8,720,82.800000,0.000000,1,0,9665424,1286,10,1286,4,0,8,37
8,720,82.800000,0.000000,1,0,9665433,1286,10,1286,4,0,8,37
8,720,82.800000,0.000000,1,0,9665444,1287,10,1287,4,0,8,37
8,720,82.800000,0.000000,1,0,9665454,1288,10,1288,4,0,8,37
8,720,82.800000,0.000000,1,0,9665466,1289,10,1289,4,0,8,37
8,720,82.800000,0.000000,1,0,9665477,1291,10,1291,4,0,8,37
8,720,82.800000,0.000000,1,0,9665488,1293,10,1293,4,0,8,37
8,720,82.800000,0.000000,1,0,9665499,1297,10,1297,4,0,8,37
8,720,82.800000,0.000000,1,0,9665510,1301,10,1301,4,0,8,37
8,720,82.800000,0.000000,1,0,9665521,1304,10,1304,4,0,8,37
8,720,82.800000,0.000000,1,0,9665531,1308,10,1308,4,0,8,37
8,720,82.800000,0.000000,1,0,9665547,1308,10,1308,4,0,8,37
8,720,82.800000,0.000000,1,0,9665561,1308,10,1308,4,0,8,37
