8,720,21.600000,22.608000,0,0,9674322,600,0,600,0,0,8,44
8,720,21.600000,22.608000,0,0,9674323,600,0,600,0,0,8,44
8,720,21.600000,22.608000,0,0,9674334,600,0,600,0,0,8,44
8,720,21.600000,22.608000,0,0,9674345,600,0,600,0,0,8,44
8,720,21.600000,22.608000,0,0,9674355,600,0,600,0,0,8,44
8,720,21.600000,22.608000,0,0,9674366,600,0,600,0,0,8,44
8,720,21.600000,22.608000,0,0,9674378,602,0,602,-1,0,8,44
8,720,21.600000,22.608000,0,0,9674389,609,0,609,-2,0,8,44
8,720,21.600000,22.608000,0,0,9674401,621,0,621,-4,0,8,44
8,720,21.600000,22.608000,0,0,9674412,647,0,647,-5,0,8,44
8,720,21.600000,22.608000,0,0,9674425,693,0,693,-6,0,8,44
8,720,21.600000,22.608000,0,0,9674436,762,0,762,-7,0,8,44
8,720,21.600000,22.608000,0,0,9674448,836,0,836,-7,0,8,44
8,720,21.600000,22.608000,0,0,9674460,913,1,913,-6,0,8,44
8,720,21.600000,22.608000,0,0,9674471,1001,3,1001,-4,0,8,44
8,720,21.600000,22.608000,0,0,9674484,1080,5,1080,-2,0,8,44
8,720,21.600000,22.608000,0,0,9674495,1173,5,1173,-2,0,8,44
8,720,21.600000,22.608000,0,0,9674508,1225,7,1225,0,0,8,44
8,720,21.600000,22.608000,0,0,9674520,1262,7,1262,0,0,8,44
8,720,21.600000,22.608000,0,0,9674531,1278,7,1278,0,0,8,44
8,720,21.600000,22.608000,0,0,9674542,1281,7,1281,0,0,8,44
8,720,21.600000,22.608000,0,0,9674553,1281,7,1281,0,0,8,44
8,720,21.600000,22.608000,0,0,9674565,1281,7,1281,0,0,8,44
8,720,21.600000,22.608000,0,0,9674576,1281,7,1281,0,0,8,44
8,720,21.600000,22.608000,0,0,9674587,1281,7,1281,0,0,8,44
8,720,21.600000,22.608000,0,0,9674598,1281,7,1281,0,0,8,44
8,720,21.600000,22.608000,0,0,9674609,1281,7,1281,0,0,8,44
8,720,21.600000,22.608000,0,0,9674620,1281,7,1281,0,0,8,44
8,720,21.600000,22.608000,0,0,9674630,1281,7,1281,0,0,8,44
8,720,21.600000,22.608000,0,0,9674641,1282,7,1282,0,0,8,44
8,720,21.600000,22.608000,0,0,9674653,1283,7,1283,0,0,8,44
8,720,21.600000,22.608000,0,0,9674664,1285,7,1285,0,0,8,44
8,720,21.600000,22.608000,0,0,9674675,1286,7,1286,0,0,8,44
8,720,21.600000,22.608000,0,0,9674685,1287,6,1287,-1,0,8,44
8,720,21.600000,22.608000,0,0,9674697,1288,6,1288,-1,0,8,44
8,720,21.600000,22.608000,0,0,9674709,1291,5,1291,-2,0,8,44
8,720,21.600000,22.608000,0,0,9674720,1298,4,1298,-3,0,8,44
8,720,21.600000,22.608000,0,0,9674729,1307,3,1307,-4,0,8,44
8,720,21.600000,22.608000,0,0,9674740,1313,2,1313,-5,0,8,44
8,720,21.600000,22.608000,0,0,9674751,1316,1,1316,-6,0,8,44
8,720,21.600000,22.608000,0,0,9674762,1317,1,1317,-6,0,8,44
8,720,21.600000,22.608000,0,0,9674773,1318,0,1318,-7,0,8,44
8,720,21.600000,22.608000,0,0,9674783,1318,0,1318,-7,0,8,44
8,720,21.600000,22.608000,0,0,9674794,1318,0,1318,-7,0,8,44
8,720,21.600000,22.608000,0,0,9674805,1318,0,1318,-7,0,8,44
8,720,21.600000,22.608000,0,0,9674816,1319,0,1319,-7,0,8,44
8,720,21.600000,22.608000,0,0,9674826,1321,0,1321,-7,0,8,44
8,720,21.600000,22.608000,0,0,9674837,1321,0,1321,-7,0,8,44
8,720,21.600000,22.608000,0,0,9674847,1321,0,1321,-7,0,8,44
8,720,21.600000,22.608000,0,0,9674858,1321,0,1321,-7,0,8,44
8,720,21.600000,22.608000,0,0,9674870,1321,0,1321,-7,0,8,44
8,720,21.600000,22.608000,0,0,9674881,1321,0,1321,-7,0,8,44
8,720,21.600000,22.608000,0,0,9674893,1321,0,1321,-7,0,8,44
8,720,21.600000,22.608000,0,0,9674908,1321,0,1321,-7,0,8,44
8,720,21.600000,22.608000,0,0,9674919,1321,0,1321,-7,0,8,44
8,720,21.600000,22.608000,0,0,9674929,1321,0,1321,-7,0,8,44
8,720,21.600000,22.608000,0,0,9674939,1321,0,1321,-7,0,8,44
