8,360,82.800000,10000.000000,1,1,9678782,780,22,780,22,0,8,47
8,360,82.800000,10000.000000,1,1,9678783,780,22,780,22,0,8,47
8,360,82.800000,10000.000000,1,1,9678794,780,22,780,22,0,8,47
8,360,82.800000,10000.000000,1,1,9678805,780,22,780,22,0,8,47
8,360,82.800000,10000.000000,1,1,9678815,780,22,780,22,0,8,47
8,360,82.800000,10000.000000,1,1,9678826,780,22,780,22,0,8,47
8,360,82.800000,10000.000000,1,1,9678838,780,22,780,22,0,8,47
8,360,82.800000,10000.000000,1,1,9678850,783,22,783,22,0,8,47
8,360,82.800000,10000.000000,1,1,9678861,790,21,790,21,0,8,47
8,360,82.800000,10000.000000,1,1,9678880,802,21,802,21,0,8,47
8,360,82.800000,10000.000000,1,1,9678891,848,20,848,20,0,8,47
8,360,82.800000,10000.000000,1,1,9678906,887,20,887,20,0,8,47
8,360,82.800000,10000.000000,1,1,9678923,946,22,946,22,0,8,47
8,360,82.800000,10000.000000,1,1,9678935,1012,26,1012,26,0,8,47
8,360,82.800000,10000.000000,1,1,9678947,1050,29,1050,29,0,8,47
8,360,82.800000,10000.000000,1,1,9678959,1077,31,1077,31,0,8,47
8,360,82.800000,10000.000000,1,1,9678972,1089,32,1089,32,0,8,47
8,360,82.800000,10000.000000,1,1,9678983,1096,32,1096,32,0,8,47
8,360,82.800000,10000.000000,1,1,9678994,1097,32,1097,32,0,8,47
8,360,82.800000,10000.000000,1,1,9679005,1098,32,1098,32,0,8,47
8,360,82.800000,10000.000000,1,1,9679016,1099,31,1099,31,0,8,47
8,360,82.800000,10000.000000,1,1,9679029,1101,31,1101,31,0,8,47
8,360,82.800000,10000.000000,1,1,9679041,1106,30,1106,30,0,8,47
8,360,82.800000,10000.000000,1,1,9679058,1113,29,1113,29,0,8,47
8,360,82.800000,10000.000000,1,1,9679071,1130,26,1130,26,0,8,47
8,360,82.800000,10000.000000,1,1,9679083,1141,23,1141,23,0,8,47
8,360,82.800000,10000.000000,1,1,9679095,1150,22,1150,22,0,8,47
8,360,82.800000,10000.000000,1,1,9679108,1156,20,1156,20,0,8,47
8,360,82.800000,10000.000000,1,1,9679120,1159,19,1159,19,0,8,47
8,360,82.800000,10000.000000,1,1,9679132,1159,18,1159,18,0,8,47
8,360,82.800000,10000.000000,1,1,9679142,1159,18,1159,18,0,8,47
8,360,82.800000,10000.000000,1,1,9679154,1159,18,1159,18,0,8,47
8,360,82.800000,10000.000000,1,1,9679166,1159,18,1159,18,0,8,47
8,360,82.800000,10000.000000,1,1,9679178,1159,18,1159,18,0,8,47
8,360,82.800000,10000.000000,1,1,9679189,1159,18,1159,18,0,8,47
8,360,82.800000,10000.000000,1,1,9679201,1159,17,1159,17,0,8,47
8,360,82.800000,10000.000000,1,1,9679213,1159,17,1159,17,0,8,47
8,360,82.800000,10000.000000,1,1,9679225,1159,15,1159,15,0,8,47
8,360,82.800000,10000.000000,1,1,9679236,1160,15,1160,15,0,8,47
8,360,82.800000,10000.000000,1,1,9679247,1160,14,1160,14,0,8,47
8,360,82.800000,10000.000000,1,1,9679258,1160,13,1160,13,0,8,47
