8,360,50.400000,10000.000000,1,0,9735540,780,0,780,0,0,8,83
8,360,50.400000,10000.000000,1,0,9735542,780,0,780,0,0,8,83
8,360,50.400000,10000.000000,1,0,9735557,780,0,780,0,0,8,83
8,360,50.400000,10000.000000,1,0,9735572,780,0,780,0,0,8,83
8,360,50.400000,10000.000000,1,0,9735583,780,0,780,0,0,8,83
8,360,50.400000,10000.000000,1,0,9735594,785,0,785,0,0,8,83
8,360,50.400000,10000.000000,1,0,9735605,793,0,793,-1,0,8,83
8,360,50.400000,10000.000000,1,0,9735615,811,0,811,-2,0,8,83
8,360,50.400000,10000.000000,1,0,9735626,836,0,836,-2,0,8,83
8,360,50.400000,10000.000000,1,0,9735637,866,0,866,-2,0,8,83
8,360,50.400000,10000.000000,1,0,9735648,893,0,893,-3,0,8,83
8,360,50.400000,10000.000000,1,0,9735658,920,0,920,-4,0,8,83
8,360,50.400000,10000.000000,1,0,9735669,944,0,944,-4,0,8,83
8,360,50.400000,10000.000000,1,0,9735682,966,0,966,-4,0,8,83
8,360,50.400000,10000.000000,1,0,9735693,992,0,992,-4,0,8,83
8,360,50.400000,10000.000000,1,0,9735704,1014,0,1014,-4,0,8,83
8,360,50.400000,10000.000000,1,0,9735715,1026,0,1026,-4,0,8,83
8,360,50.400000,10000.000000,1,0,9735728,1033,0,1033,-4,0,8,83
8,360,50.400000,10000.000000,1,0,9735739,1038,0,1038,-4,0,8,83
8,360,50.400000,10000.000000,1,0,9735750,1039,0,1039,-4,0,8,83
8,360,50.400000,10000.000000,1,0,9735760,1039,0,1039,-4,0,8,83
8,360,50.400000,10000.000000,1,0,9735772,1039,0,1039,-4,0,8,83
8,360,50.400000,10000.000000,1,0,9735782,1039,0,1039,-4,0,8,83
8,360,50.400000,10000.000000,1,0,9735793,1039,0,1039,-4,0,8,83
8,360,50.400000,10000.000000,1,0,9735809,1042,0,1042,-4,0,8,83
8,360,50.400000,10000.000000,1,0,9735825,1050,0,1050,-4,0,8,83
8,360,50.400000,10000.000000,1,0,9735836,1057,0,1057,-4,0,8,83
8,360,50.400000,10000.000000,1,0,9735847,1059,0,1059,-4,0,8,83
8,360,50.400000,10000.000000,1,0,9735858,1060,0,1060,-4,0,8,83
8,360,50.400000,10000.000000,1,0,9735869,1062,0,1062,-4,0,8,83
8,360,50.400000,10000.000000,1,0,9735880,1065,0,1065,-4,0,8,83
8,360,50.400000,10000.000000,1,0,9735892,1071,0,1071,-4,0,8,83
8,360,50.400000,10000.000000,1,0,9735904,1081,0,1081,-4,0,8,83
8,360,50.400000,10000.000000,1,0,9735920,1091,0,1091,-4,0,8,83
8,360,50.400000,10000.000000,1,0,9735936,1102,0,1102,-4,0,8,83
8,360,50.400000,10000.000000,1,0,9735950,1107,0,1107,-4,0,8,83
8,360,50.400000,10000.000000,1,0,9735967,1110,0,1110,-4,0,8,83
8,360,50.400000,10000.000000,1,0,9735982,1114,0,1114,-4,0,8,83
8,360,50.400000,10000.000000,1,0,9735992,1117,0,1117,-4,0,8,83
8,360,50.400000,10000.000000,1,0,9736003,1118,0,1118,-4,0,8,83
8,360,50.400000,10000.000000,1,0,9736013,1119,0,1119,-4,0,8,83
8,360,50.400000,10000.000000,1,0,9736026,1119,0,1119,-4,0,8,83
8,360,50.400000,10000.000000,1,0,9736036,1119,0,1119,-4,0,8,83
8,360,50.400000,10000.000000,1,0,9736053,1119,0,1119,-4,0,8,83
8,360,50.400000,10000.000000,1,0,9736064,1120,0,1120,-4,0,8,83
8,360,50.400000,10000.000000,1,0,9736075,1121,0,1121,-4,0,8,83
8,360,50.400000,10000.000000,1,0,9736085,1122,0,1122,-4,0,8,83
8,360,50.400000,10000.000000,1,0,9736096,1122,0,1122,-4,0,8,83
8,360,50.400000,10000.000000,1,0,9736106,1122,0,1122,-4,0,8,83
