8,360,21.600000,12.276000,1,1,9639952,780,22,780,22,0,8,20
8,360,21.600000,12.276000,1,1,9639953,780,22,780,22,0,8,20
8,360,21.600000,12.276000,1,1,9639964,780,22,780,22,0,8,20
8,360,21.600000,12.276000,1,1,9639976,780,22,780,22,0,8,20
8,360,21.600000,12.276000,1,1,9639987,781,22,781,22,0,8,20
8,360,21.600000,12.276000,1,1,9639998,781,22,781,22,0,8,20
8,360,21.600000,12.276000,1,1,9640010,782,22,782,22,0,8,20
8,360,21.600000,12.276000,1,1,9640023,784,21,784,21,0,8,20
8,360,21.600000,12.276000,1,1,9640034,787,21,787,21,0,8,20
8,360,21.600000,12.276000,1,1,9640046,793,20,793,20,0,8,20
8,360,21.600000,12.276000,1,1,9640058,806,19,806,19,0,8,20
8,360,21.600000,12.276000,1,1,9640069,826,18,826,18,0,8,20
8,360,21.600000,12.276000,1,1,9640082,858,16,858,16,0,8,20
8,360,21.600000,12.276000,1,1,9640093,900,16,900,16,0,8,20
8,360,21.600000,12.276000,1,1,9640104,945,15,945,15,0,8,20
8,360,21.600000,12.276000,1,1,9640117,987,15,987,15,0,8,20
8,360,21.600000,12.276000,1,1,9640129,1025,15,1025,15,0,8,20
8,360,21.600000,12.276000,1,1,9640142,1057,15,1057,15,0,8,20
8,360,21.600000,12.276000,1,1,9640156,1075,15,1075,15,0,8,20
8,360,21.600000,12.276000,1,1,9640168,1084,15,1084,15,0,8,20
8,360,21.600000,12.276000,1,1,9640180,1086,14,1086,14,0,8,20
8,360,21.600000,12.276000,1,1,9640191,1088,14,1088,14,0,8,20
8,360,21.600000,12.276000,1,1,9640204,1090,13,1090,13,0,8,20
8,360,21.600000,12.276000,1,1,9640217,1095,12,1095,12,0,8,20
8,360,21.600000,12.276000,1,1,9640228,1099,11,1099,11,0,8,20
8,360,21.600000,12.276000,1,1,9640239,1103,11,1103,11,0,8,20
8,360,21.600000,12.276000,1,1,9640251,1104,10,1104,10,0,8,20
8,360,21.600000,12.276000,1,1,9640263,1105,10,1105,10,0,8,20
8,360,21.600000,12.276000,1,1,9640277,1107,10,1107,10,0,8,20
8,360,21.600000,12.276000,1,1,9640289,1113,9,1113,9,0,8,20
8,360,21.600000,12.276000,1,1,9640300,1120,8,1120,8,0,8,20
8,360,21.600000,12.276000,1,1,9640311,1124,8,1124,8,0,8,20
8,360,21.600000,12.276000,1,1,9640322,1124,8,1124,8,0,8,20
8,360,21.600000,12.276000,1,1,9640332,1124,8,1124,8,0,8,20
8,360,21.600000,12.276000,1,1,9640343,1124,8,1124,8,0,8,20
8,360,21.600000,12.276000,1,1,9640354,1124,8,1124,8,0,8,20
8,360,21.600000,12.276000,1,1,9640365,1124,8,1124,8,0,8,20
8,360,21.600000,12.276000,1,1,9640375,1124,8,1124,8,0,8,20
8,360,21.600000,12.276000,1,1,9640386,1124,8,1124,8,0,8,20
8,360,21.600000,12.276000,1,1,9640397,1125,8,1125,8,0,8,20
8,360,21.600000,12.276000,1,1,9640407,1125,8,1125,8,0,8,20
8,360,21.600000,12.276000,1,1,9640418,1125,8,1125,8,0,8,20
8,360,21.600000,12.276000,1,1,9640429,1125,8,1125,8,0,8,20
8,360,21.600000,12.276000,1,1,9640439,1125,8,1125,8,0,8,20
8,360,21.600000,12.276000,1,1,9640450,1125,8,1125,8,0,8,20
8,360,21.600000,12.276000,1,1,9640461,1126,7,1126,7,0,8,20
8,360,21.600000,12.276000,1,1,9640471,1129,7,1129,7,0,8,20
8,360,21.600000,12.276000,1,1,9640481,1131,7,1131,7,0,8,20
8,360,21.600000,12.276000,1,1,9640491,1131,7,1131,7,0,8,20
