8,360,50.400000,0.000000,0,0,9775373,780,0,780,0,0,8,109
8,360,50.400000,0.000000,0,0,9775374,780,0,780,0,0,8,109
8,360,50.400000,0.000000,0,0,9775385,780,0,780,0,0,8,109
8,360,50.400000,0.000000,0,0,9775395,780,0,780,0,0,8,109
8,360,50.400000,0.000000,0,0,9775406,780,0,780,0,0,8,109
8,360,50.400000,0.000000,0,0,9775417,781,0,781,0,0,8,109
8,360,50.400000,0.000000,0,0,9775428,784,0,784,-1,0,8,109
8,360,50.400000,0.000000,0,0,9775440,794,0,794,-2,0,8,109
8,360,50.400000,0.000000,0,0,9775451,814,0,814,-2,0,8,109
8,360,50.400000,0.000000,0,0,9775463,845,0,845,-2,0,8,109
8,360,50.400000,0.000000,0,0,9775476,887,0,887,-2,0,8,109
8,360,50.400000,0.000000,0,0,9775488,939,0,939,-2,0,8,109
8,360,50.400000,0.000000,0,0,9775500,984,0,984,-2,0,8,109
8,360,50.400000,0.000000,0,0,9775512,1035,2,1035,0,0,8,109
8,360,50.400000,0.000000,0,0,9775525,1081,3,1081,1,0,8,109
8,360,50.400000,0.000000,0,0,9775536,1120,5,1120,3,0,8,109
8,360,50.400000,0.000000,0,0,9775548,1143,5,1143,3,0,8,109
8,360,50.400000,0.000000,0,0,9775560,1155,5,1155,3,0,8,109
8,360,50.400000,0.000000,0,0,9775570,1156,5,1156,3,0,8,109
8,360,50.400000,0.000000,0,0,9775581,1156,5,1156,3,0,8,109
8,360,50.400000,0.000000,0,0,9775593,1156,5,1156,3,0,8,109
8,360,50.400000,0.000000,0,0,9775604,1156,5,1156,3,0,8,109
8,360,50.400000,0.000000,0,0,9775615,1156,5,1156,3,0,8,109
8,360,50.400000,0.000000,0,0,9775627,1156,5,1156,3,0,8,109
8,360,50.400000,0.000000,0,0,9775637,1156,5,1156,3,0,8,109
8,360,50.400000,0.000000,0,0,9775648,1156,5,1156,3,0,8,109
8,360,50.400000,0.000000,0,0,9775659,1156,5,1156,3,0,8,109
8,360,50.400000,0.000000,0,0,9775670,1156,5,1156,3,0,8,109
8,360,50.400000,0.000000,0,0,9775682,1156,5,1156,3,0,8,109
8,360,50.400000,0.000000,0,0,9775693,1156,5,1156,3,0,8,109
8,360,50.400000,0.000000,0,0,9775703,1156,5,1156,3,0,8,109
8,360,50.400000,0.000000,0,0,9775714,1156,5,1156,3,0,8,109
8,360,50.400000,0.000000,0,0,9775725,1155,5,1155,3,0,8,109
8,360,50.400000,0.000000,0,0,9775735,1154,5,1154,3,0,8,109
8,360,50.400000,0.000000,0,0,9775746,1152,5,1152,3,0,8,109
8,360,50.400000,0.000000,0,0,9775756,1151,5,1151,3,0,8,109
8,360,50.400000,0.000000,0,0,9775767,1151,5,1151,3,0,8,109
8,360,50.400000,0.000000,0,0,9775778,1151,5,1151,3,0,8,109
8,360,50.400000,0.000000,0,0,9775788,1151,5,1151,3,0,8,109
8,360,50.400000,0.000000,0,0,9775798,1151,5,1151,3,0,8,109
