8,360,21.600000,22.608000,1,1,9727836,780,22,780,22,0,8,78
8,360,21.600000,22.608000,1,1,9727837,780,22,780,22,0,8,78
8,360,21.600000,22.608000,1,1,9727848,780,22,780,22,0,8,78
8,360,21.600000,22.608000,1,1,9727859,780,22,780,22,0,8,78
8,360,21.600000,22.608000,1,1,9727869,780,22,780,22,0,8,78
8,360,21.600000,22.608000,1,1,9727880,780,22,780,22,0,8,78
8,360,21.600000,22.608000,1,1,9727890,780,22,780,22,0,8,78
8,360,21.600000,22.608000,1,1,9727901,780,22,780,22,0,8,78
8,360,21.600000,22.608000,1,1,9727913,784,21,784,21,0,8,78
8,360,21.600000,22.608000,1,1,9727924,794,21,794,21,0,8,78
8,360,21.600000,22.608000,1,1,9727940,814,19,814,19,0,8,78
8,360,21.600000,22.608000,1,1,9727955,861,15,861,15,0,8,78
8,360,21.600000,22.608000,1,1,9727966,913,11,913,11,0,8,78
8,360,21.600000,22.608000,1,1,9727978,953,10,953,10,0,8,78
8,360,21.600000,22.608000,1,1,9727991,1002,9,1002,9,0,8,78
8,360,21.600000,22.608000,1,1,9728003,1042,9,1042,9,0,8,78
8,360,21.600000,22.608000,1,1,9728014,1071,9,1071,9,0,8,78
8,360,21.600000,22.608000,1,1,9728031,1086,8,1086,8,0,8,78
8,360,21.600000,22.608000,1,1,9728043,1095,8,1095,8,0,8,78
8,360,21.600000,22.608000,1,1,9728054,1097,8,1097,8,0,8,78
8,360,21.600000,22.608000,1,1,9728067,1098,8,1098,8,0,8,78
8,360,21.600000,22.608000,1,1,9728079,1100,8,1100,8,0,8,78
8,360,21.600000,22.608000,1,1,9728090,1104,8,1104,8,0,8,78
8,360,21.600000,22.608000,1,1,9728104,1111,8,1111,8,0,8,78
8,360,21.600000,22.608000,1,1,9728118,1120,8,1120,8,0,8,78
8,360,21.600000,22.608000,1,1,9728129,1129,8,1129,8,0,8,78
8,360,21.600000,22.608000,1,1,9728139,1137,8,1137,8,0,8,78
8,360,21.600000,22.608000,1,1,9728151,1145,8,1145,8,0,8,78
8,360,21.600000,22.608000,1,1,9728163,1154,8,1154,8,0,8,78
8,360,21.600000,22.608000,1,1,9728174,1158,8,1158,8,0,8,78
8,360,21.600000,22.608000,1,1,9728184,1159,8,1159,8,0,8,78
8,360,21.600000,22.608000,1,1,9728195,1160,8,1160,8,0,8,78
8,360,21.600000,22.608000,1,1,9728205,1159,8,1159,8,0,8,78
8,360,21.600000,22.608000,1,1,9728220,1159,8,1159,8,0,8,78
8,360,21.600000,22.608000,1,1,9728236,1158,8,1158,8,0,8,78
8,360,21.600000,22.608000,1,1,9728253,1158,8,1158,8,0,8,78
8,360,21.600000,22.608000,1,1,9728267,1158,8,1158,8,0,8,78
8,360,21.600000,22.608000,1,1,9728277,1158,8,1158,8,0,8,78
8,360,21.600000,22.608000,1,1,9728291,1158,8,1158,8,0,8,78
8,360,21.600000,22.608000,1,1,9728302,1158,8,1158,8,0,8,78
8,360,21.600000,22.608000,1,1,9728313,1158,8,1158,8,0,8,78
8,360,21.600000,22.608000,1,1,9728329,1158,8,1158,8,0,8,78
8,360,21.600000,22.608000,1,1,9728345,1156,9,1156,9,0,8,78
8,360,21.600000,22.608000,1,1,9728362,1153,10,1153,10,0,8,78
8,360,21.600000,22.608000,1,1,9728374,1148,11,1148,11,0,8,78
8,360,21.600000,22.608000,1,1,9728384,1147,11,1147,11,0,8,78
8,360,21.600000,22.608000,1,1,9728395,1146,11,1146,11,0,8,78
8,360,21.600000,22.608000,1,1,9728405,1146,11,1146,11,0,8,78
8,360,21.600000,22.608000,1,1,9728416,1146,11,1146,11,0,8,78
8,360,21.600000,22.608000,1,1,9728427,1146,11,1146,11,0,8,78
8,360,21.600000,22.608000,1,1,9728437,1146,11,1146,11,0,8,78
8,360,21.600000,22.608000,1,1,9728448,1146,11,1146,11,0,8,78
8,360,21.600000,22.608000,1,1,9728459,1146,11,1146,11,0,8,78
8,360,21.600000,22.608000,1,1,9728469,1146,11,1146,11,0,8,78
8,360,21.600000,22.608000,1,1,9728479,1146,11,1146,11,0,8,78
8,360,21.600000,22.608000,1,1,9728489,1146,11,1146,11,0,8,78
8,360,21.600000,22.608000,1,1,9728500,1146,11,1146,11,0,8,78
8,360,21.600000,22.608000,1,1,9728510,1146,11,1146,11,0,8,78
