8,720,21.600000,22.608000,0,1,9918457,600,22,600,22,0,9,89
8,720,21.600000,22.608000,0,1,9918459,600,22,600,22,0,9,89
8,720,21.600000,22.608000,0,1,9918469,600,22,600,22,0,9,89
8,720,21.600000,22.608000,0,1,9918480,600,22,600,22,0,9,89
8,720,21.600000,22.608000,0,1,9918491,600,22,600,22,0,9,89
8,720,21.600000,22.608000,0,1,9918502,601,22,601,22,0,9,89
8,720,21.600000,22.608000,0,1,9918513,605,20,605,20,0,9,89
8,720,21.600000,22.608000,0,1,9918526,616,18,616,18,0,9,89
8,720,21.600000,22.608000,0,1,9918540,643,15,643,15,0,9,89
8,720,21.600000,22.608000,0,1,9918552,701,12,701,12,0,9,89
8,720,21.600000,22.608000,0,1,9918563,772,11,772,11,0,9,89
8,720,21.600000,22.608000,0,1,9918575,847,10,847,10,0,9,89
8,720,21.600000,22.608000,0,1,9918587,932,9,932,9,0,9,89
8,720,21.600000,22.608000,0,1,9918597,1010,9,1010,9,0,9,89
8,720,21.600000,22.608000,0,1,9918610,1084,9,1084,9,0,9,89
8,720,21.600000,22.608000,0,1,9918622,1137,9,1137,9,0,9,89
8,720,21.600000,22.608000,0,1,9918635,1178,10,1178,10,0,9,89
8,720,21.600000,22.608000,0,1,9918653,1204,11,1204,11,0,9,89
8,720,21.600000,22.608000,0,1,9918666,1223,11,1223,11,0,9,89
8,720,21.600000,22.608000,0,1,9918678,1226,11,1226,11,0,9,89
8,720,21.600000,22.608000,0,1,9918689,1226,11,1226,11,0,9,89
8,720,21.600000,22.608000,0,1,9918700,1227,11,1227,11,0,9,89
8,720,21.600000,22.608000,0,1,9918711,1229,11,1229,11,0,9,89
8,720,21.600000,22.608000,0,1,9918723,1231,11,1231,11,0,9,89
8,720,21.600000,22.608000,0,1,9918735,1236,11,1236,11,0,9,89
8,720,21.600000,22.608000,0,1,9918747,1241,10,1241,10,0,9,89
8,720,21.600000,22.608000,0,1,9918759,1246,10,1246,10,0,9,89
8,720,21.600000,22.608000,0,1,9918769,1252,9,1252,9,0,9,89
8,720,21.600000,22.608000,0,1,9918781,1259,9,1259,9,0,9,89
8,720,21.600000,22.608000,0,1,9918792,1263,9,1263,9,0,9,89
8,720,21.600000,22.608000,0,1,9918803,1264,9,1264,9,0,9,89
8,720,21.600000,22.608000,0,1,9918813,1265,9,1265,9,0,9,89
8,720,21.600000,22.608000,0,1,9918824,1265,9,1265,9,0,9,89
8,720,21.600000,22.608000,0,1,9918836,1265,9,1265,9,0,9,89
8,720,21.600000,22.608000,0,1,9918846,1266,9,1266,9,0,9,89
8,720,21.600000,22.608000,0,1,9918859,1268,9,1268,9,0,9,89
8,720,21.600000,22.608000,0,1,9918872,1274,9,1274,9,0,9,89
8,720,21.600000,22.608000,0,1,9918885,1282,9,1282,9,0,9,89
8,720,21.600000,22.608000,0,1,9918897,1288,9,1288,9,0,9,89
8,720,21.600000,22.608000,0,1,9918911,1291,9,1291,9,0,9,89
8,720,21.600000,22.608000,0,1,9918924,1297,9,1297,9,0,9,89
8,720,21.600000,22.608000,0,1,9918940,1306,9,1306,9,0,9,89
8,720,21.600000,22.608000,0,1,9918956,1316,9,1316,9,0,9,89
8,720,21.600000,22.608000,0,1,9918971,1321,9,1321,9,0,9,89
8,720,21.600000,22.608000,0,1,9918985,1321,9,1321,9,0,9,89
8,720,21.600000,22.608000,0,1,9918998,1321,9,1321,9,0,9,89
8,720,21.600000,22.608000,0,1,9919013,1321,9,1321,9,0,9,89
8,720,21.600000,22.608000,0,1,9919026,1321,9,1321,9,0,9,89
8,720,21.600000,22.608000,0,1,9919040,1321,9,1321,9,0,9,89
8,720,21.600000,22.608000,0,1,9919054,1321,9,1321,9,0,9,89
8,720,21.600000,22.608000,0,1,9919069,1321,9,1321,9,0,9,89
8,720,21.600000,22.608000,0,1,9919083,1321,9,1321,9,0,9,89
8,720,21.600000,22.608000,0,1,9919097,1321,9,1321,9,0,9,89
8,720,21.600000,22.608000,0,1,9919110,1321,9,1321,9,0,9,89
8,720,21.600000,22.608000,0,1,9919124,1322,9,1322,9,0,9,89
8,720,21.600000,22.608000,0,1,9919139,1322,9,1322,9,0,9,89
