8,720,50.400000,0.000000,1,0,9792373,600,0,600,0,0,9,1
8,720,50.400000,0.000000,1,0,9792373,600,0,600,0,0,9,1
8,720,50.400000,0.000000,1,0,9792383,600,0,600,0,0,9,1
8,720,50.400000,0.000000,1,0,9792395,600,0,600,0,0,9,1
8,720,50.400000,0.000000,1,0,9792406,600,0,600,0,0,9,1
8,720,50.400000,0.000000,1,0,9792417,600,0,600,0,0,9,1
8,720,50.400000,0.000000,1,0,9792428,600,0,600,0,0,9,1
8,720,50.400000,0.000000,1,0,9792438,600,0,600,0,0,9,1
8,720,50.400000,0.000000,1,0,9792450,602,0,602,0,0,9,1
8,720,50.400000,0.000000,1,0,9792463,610,0,610,0,0,9,1
8,720,50.400000,0.000000,1,0,9792475,633,0,633,-1,0,9,1
8,720,50.400000,0.000000,1,0,9792485,669,0,669,-1,0,9,1
8,720,50.400000,0.000000,1,0,9792497,726,0,726,-1,0,9,1
8,720,50.400000,0.000000,1,0,9792508,804,0,804,-1,0,9,1
8,720,50.400000,0.000000,1,0,9792520,905,0,905,-1,0,9,1
8,720,50.400000,0.000000,1,0,9792532,1006,2,1006,1,0,9,1
8,720,50.400000,0.000000,1,0,9792543,1092,3,1092,2,0,9,1
8,720,50.400000,0.000000,1,0,9792555,1153,4,1153,3,0,9,1
8,720,50.400000,0.000000,1,0,9792567,1218,5,1218,4,0,9,1
8,720,50.400000,0.000000,1,0,9792578,1254,5,1254,4,0,9,1
8,720,50.400000,0.000000,1,0,9792592,1270,5,1270,4,0,9,1
8,720,50.400000,0.000000,1,0,9792605,1282,5,1282,4,0,9,1
8,720,50.400000,0.000000,1,0,9792616,1287,5,1287,4,0,9,1
8,720,50.400000,0.000000,1,0,9792627,1289,5,1289,4,0,9,1
8,720,50.400000,0.000000,1,0,9792638,1291,5,1291,4,0,9,1
8,720,50.400000,0.000000,1,0,9792649,1295,5,1295,4,0,9,1
8,720,50.400000,0.000000,1,0,9792660,1298,5,1298,4,0,9,1
8,720,50.400000,0.000000,1,0,9792672,1299,5,1299,4,0,9,1
8,720,50.400000,0.000000,1,0,9792682,1299,5,1299,4,0,9,1
8,720,50.400000,0.000000,1,0,9792693,1299,5,1299,4,0,9,1
8,720,50.400000,0.000000,1,0,9792704,1299,5,1299,4,0,9,1
8,720,50.400000,0.000000,1,0,9792714,1299,5,1299,4,0,9,1
8,720,50.400000,0.000000,1,0,9792725,1299,5,1299,4,0,9,1
8,720,50.400000,0.000000,1,0,9792740,1299,5,1299,4,0,9,1
8,720,50.400000,0.000000,1,0,9792750,1299,5,1299,4,0,9,1
8,720,50.400000,0.000000,1,0,9792762,1299,5,1299,4,0,9,1
8,720,50.400000,0.000000,1,0,9792772,1299,5,1299,4,0,9,1
8,720,50.400000,0.000000,1,0,9792783,1299,5,1299,4,0,9,1
8,720,50.400000,0.000000,1,0,9792794,1299,5,1299,4,0,9,1
8,720,50.400000,0.000000,1,0,9792804,1299,5,1299,4,0,9,1
8,720,50.400000,0.000000,1,0,9792819,1299,5,1299,4,0,9,1
8,720,50.400000,0.000000,1,0,9792829,1299,5,1299,4,0,9,1
8,720,50.400000,0.000000,1,0,9792840,1299,5,1299,4,0,9,1
8,720,50.400000,0.000000,1,0,9792850,1299,5,1299,4,0,9,1
8,720,50.400000,0.000000,1,0,9792863,1299,5,1299,4,0,9,1
8,720,50.400000,0.000000,1,0,9792876,1299,5,1299,4,0,9,1
8,720,50.400000,0.000000,1,0,9792889,1299,5,1299,4,0,9,1
8,720,50.400000,0.000000,1,0,9792899,1299,5,1299,4,0,9,1
8,720,50.400000,0.000000,1,0,9792914,1299,5,1299,4,0,9,1
8,720,50.400000,0.000000,1,0,9792924,1299,5,1299,4,0,9,1
