8,720,50.400000,42.984000,1,1,9860353,600,22,600,22,0,9,47
8,720,50.400000,42.984000,1,1,9860354,600,22,600,22,0,9,47
8,720,50.400000,42.984000,1,1,9860371,600,22,600,22,0,9,47
8,720,50.400000,42.984000,1,1,9860381,600,22,600,22,0,9,47
8,720,50.400000,42.984000,1,1,9860392,600,22,600,22,0,9,47
8,720,50.400000,42.984000,1,1,9860402,600,22,600,22,0,9,47
8,720,50.400000,42.984000,1,1,9860414,600,22,600,22,0,9,47
8,720,50.400000,42.984000,1,1,9860425,603,22,603,22,0,9,47
8,720,50.400000,42.984000,1,1,9860436,614,22,614,22,0,9,47
8,720,50.400000,42.984000,1,1,9860447,639,22,639,22,0,9,47
8,720,50.400000,42.984000,1,1,9860458,687,22,687,22,0,9,47
8,720,50.400000,42.984000,1,1,9860470,744,22,744,22,0,9,47
8,720,50.400000,42.984000,1,1,9860481,825,22,825,22,0,9,47
8,720,50.400000,42.984000,1,1,9860492,906,21,906,21,0,9,47
8,720,50.400000,42.984000,1,1,9860503,990,18,990,18,0,9,47
8,720,50.400000,42.984000,1,1,9860514,1058,15,1058,15,0,9,47
8,720,50.400000,42.984000,1,1,9860526,1115,12,1115,12,0,9,47
8,720,50.400000,42.984000,1,1,9860536,1153,10,1153,10,0,9,47
8,720,50.400000,42.984000,1,1,9860551,1187,7,1187,7,0,9,47
8,720,50.400000,42.984000,1,1,9860568,1224,3,1224,3,0,9,47
8,720,50.400000,42.984000,1,1,9860583,1248,0,1248,0,0,9,47
8,720,50.400000,42.984000,1,1,9860597,1261,0,1261,-3,0,9,47
8,720,50.400000,42.984000,1,1,9860610,1266,0,1266,-4,0,9,47
8,720,50.400000,42.984000,1,1,9860621,1268,0,1268,-4,0,9,47
8,720,50.400000,42.984000,1,1,9860631,1270,0,1270,-4,0,9,47
8,720,50.400000,42.984000,1,1,9860642,1270,0,1270,-4,0,9,47
8,720,50.400000,42.984000,1,1,9860652,1270,0,1270,-4,0,9,47
8,720,50.400000,42.984000,1,1,9860663,1270,0,1270,-4,0,9,47
8,720,50.400000,42.984000,1,1,9860673,1271,0,1271,-4,0,9,47
8,720,50.400000,42.984000,1,1,9860684,1272,0,1272,-4,0,9,47
8,720,50.400000,42.984000,1,1,9860694,1273,0,1273,-4,0,9,47
8,720,50.400000,42.984000,1,1,9860705,1273,0,1273,-4,0,9,47
8,720,50.400000,42.984000,1,1,9860715,1273,0,1273,-4,0,9,47
8,720,50.400000,42.984000,1,1,9860725,1273,0,1273,-4,0,9,47
8,720,50.400000,42.984000,1,1,9860736,1274,0,1274,-4,0,9,47
8,720,50.400000,42.984000,1,1,9860748,1277,0,1277,-4,0,9,47
8,720,50.400000,42.984000,1,1,9860761,1285,2,1285,-2,0,9,47
8,720,50.400000,42.984000,1,1,9860772,1294,3,1294,-1,0,9,47
8,720,50.400000,42.984000,1,1,9860783,1302,4,1302,0,0,9,47
8,720,50.400000,42.984000,1,1,9860794,1307,5,1307,1,0,9,47
8,720,50.400000,42.984000,1,1,9860804,1309,6,1309,2,0,9,47
8,720,50.400000,42.984000,1,1,9860815,1309,6,1309,2,0,9,47
8,720,50.400000,42.984000,1,1,9860825,1310,6,1310,2,0,9,47
8,720,50.400000,42.984000,1,1,9860835,1310,6,1310,2,0,9,47
8,720,50.400000,42.984000,1,1,9860846,1310,6,1310,2,0,9,47
8,720,50.400000,42.984000,1,1,9860856,1311,6,1311,2,0,9,47
8,720,50.400000,42.984000,1,1,9860867,1314,6,1314,2,0,9,47
8,720,50.400000,42.984000,1,1,9860879,1315,6,1315,2,0,9,47
8,720,50.400000,42.984000,1,1,9860889,1315,6,1315,2,0,9,47
8,720,50.400000,42.984000,1,1,9860899,1315,6,1315,2,0,9,47
8,720,50.400000,42.984000,1,1,9860909,1315,6,1315,2,0,9,47
8,720,50.400000,42.984000,1,1,9860921,1315,6,1315,2,0,9,47
8,720,50.400000,42.984000,1,1,9860931,1315,6,1315,2,0,9,47
8,720,50.400000,42.984000,1,1,9860941,1316,6,1316,2,0,9,47
8,720,50.400000,42.984000,1,1,9860951,1317,6,1317,2,0,9,47
