8,720,82.800000,22.608000,1,1,9903032,600,22,600,22,0,9,78
8,720,82.800000,22.608000,1,1,9903033,600,22,600,22,0,9,78
8,720,82.800000,22.608000,1,1,9903044,600,22,600,22,0,9,78
8,720,82.800000,22.608000,1,1,9903055,600,22,600,22,0,9,78
8,720,82.800000,22.608000,1,1,9903067,603,21,603,21,0,9,78
8,720,82.800000,22.608000,1,1,9903078,613,20,613,20,0,9,78
8,720,82.800000,22.608000,1,1,9903089,633,17,633,17,0,9,78
8,720,82.800000,22.608000,1,1,9903101,667,17,667,17,0,9,78
8,720,82.800000,22.608000,1,1,9903111,718,16,718,16,0,9,78
8,720,82.800000,22.608000,1,1,9903123,784,16,784,16,0,9,78
8,720,82.800000,22.608000,1,1,9903134,861,16,861,16,0,9,78
8,720,82.800000,22.608000,1,1,9903146,956,16,956,16,0,9,78
8,720,82.800000,22.608000,1,1,9903158,1024,16,1024,16,0,9,78
8,720,82.800000,22.608000,1,1,9903170,1091,16,1091,16,0,9,78
8,720,82.800000,22.608000,1,1,9903181,1131,16,1131,16,0,9,78
8,720,82.800000,22.608000,1,1,9903194,1165,16,1165,16,0,9,78
8,720,82.800000,22.608000,1,1,9903205,1188,16,1188,16,0,9,78
8,720,82.800000,22.608000,1,1,9903217,1201,15,1201,15,0,9,78
8,720,82.800000,22.608000,1,1,9903228,1217,14,1217,14,0,9,78
8,720,82.800000,22.608000,1,1,9903241,1227,13,1227,13,0,9,78
8,720,82.800000,22.608000,1,1,9903253,1235,12,1235,12,0,9,78
8,720,82.800000,22.608000,1,1,9903265,1238,11,1238,11,0,9,78
8,720,82.800000,22.608000,1,1,9903277,1239,10,1239,10,0,9,78
8,720,82.800000,22.608000,1,1,9903290,1241,10,1241,10,0,9,78
8,720,82.800000,22.608000,1,1,9903301,1242,10,1242,10,0,9,78
8,720,82.800000,22.608000,1,1,9903314,1246,9,1246,9,0,9,78
8,720,82.800000,22.608000,1,1,9903330,1253,8,1253,8,0,9,78
8,720,82.800000,22.608000,1,1,9903342,1260,6,1260,6,0,9,78
8,720,82.800000,22.608000,1,1,9903353,1262,6,1262,6,0,9,78
8,720,82.800000,22.608000,1,1,9903364,1262,6,1262,6,0,9,78
8,720,82.800000,22.608000,1,1,9903375,1262,6,1262,6,0,9,78
8,720,82.800000,22.608000,1,1,9903386,1262,6,1262,6,0,9,78
8,720,82.800000,22.608000,1,1,9903399,1262,6,1262,6,0,9,78
8,720,82.800000,22.608000,1,1,9903410,1265,5,1265,5,0,9,78
8,720,82.800000,22.608000,1,1,9903421,1268,4,1268,4,0,9,78
8,720,82.800000,22.608000,1,1,9903431,1270,4,1270,4,0,9,78
8,720,82.800000,22.608000,1,1,9903442,1270,4,1270,4,0,9,78
8,720,82.800000,22.608000,1,1,9903453,1270,4,1270,4,0,9,78
8,720,82.800000,22.608000,1,1,9903463,1270,4,1270,4,0,9,78
8,720,82.800000,22.608000,1,1,9903475,1271,4,1271,4,0,9,78
8,720,82.800000,22.608000,1,1,9903487,1275,4,1275,4,0,9,78
8,720,82.800000,22.608000,1,1,9903501,1283,6,1283,6,0,9,78
8,720,82.800000,22.608000,1,1,9903518,1295,7,1295,7,0,9,78
8,720,82.800000,22.608000,1,1,9903534,1304,7,1304,7,0,9,78
8,720,82.800000,22.608000,1,1,9903545,1306,7,1306,7,0,9,78
8,720,82.800000,22.608000,1,1,9903560,1306,7,1306,7,0,9,78
8,720,82.800000,22.608000,1,1,9903571,1306,7,1306,7,0,9,78
8,720,82.800000,22.608000,1,1,9903582,1306,7,1306,7,0,9,78
8,720,82.800000,22.608000,1,1,9903599,1306,7,1306,7,0,9,78
