8,720,82.800000,12.276000,1,1,9831651,600,22,600,22,0,9,28
8,720,82.800000,12.276000,1,1,9831652,600,22,600,22,0,9,28
8,720,82.800000,12.276000,1,1,9831663,600,22,600,22,0,9,28
8,720,82.800000,12.276000,1,1,9831674,600,22,600,22,0,9,28
8,720,82.800000,12.276000,1,1,9831684,600,22,600,22,0,9,28
8,720,82.800000,12.276000,1,1,9831695,601,21,601,21,0,9,28
8,720,82.800000,12.276000,1,1,9831707,606,21,606,21,0,9,28
8,720,82.800000,12.276000,1,1,9831719,619,21,619,21,0,9,28
8,720,82.800000,12.276000,1,1,9831731,652,21,652,21,0,9,28
8,720,82.800000,12.276000,1,1,9831744,710,21,710,21,0,9,28
8,720,82.800000,12.276000,1,1,9831755,794,22,794,22,0,9,28
8,720,82.800000,12.276000,1,1,9831766,874,22,874,22,0,9,28
8,720,82.800000,12.276000,1,1,9831776,958,22,958,22,0,9,28
8,720,82.800000,12.276000,1,1,9831788,1037,22,1037,22,0,9,28
8,720,82.800000,12.276000,1,1,9831800,1102,22,1102,22,0,9,28
8,720,82.800000,12.276000,1,1,9831812,1150,22,1150,22,0,9,28
8,720,82.800000,12.276000,1,1,9831825,1182,22,1182,22,0,9,28
8,720,82.800000,12.276000,1,1,9831835,1197,22,1197,22,0,9,28
8,720,82.800000,12.276000,1,1,9831846,1204,22,1204,22,0,9,28
8,720,82.800000,12.276000,1,1,9831860,1209,22,1209,22,0,9,28
8,720,82.800000,12.276000,1,1,9831871,1212,22,1212,22,0,9,28
8,720,82.800000,12.276000,1,1,9831882,1214,21,1214,21,0,9,28
8,720,82.800000,12.276000,1,1,9831893,1216,21,1216,21,0,9,28
8,720,82.800000,12.276000,1,1,9831903,1216,21,1216,21,0,9,28
8,720,82.800000,12.276000,1,1,9831915,1216,21,1216,21,0,9,28
8,720,82.800000,12.276000,1,1,9831926,1216,21,1216,21,0,9,28
8,720,82.800000,12.276000,1,1,9831941,1216,21,1216,21,0,9,28
8,720,82.800000,12.276000,1,1,9831958,1217,20,1217,20,0,9,28
8,720,82.800000,12.276000,1,1,9831973,1222,19,1222,19,0,9,28
8,720,82.800000,12.276000,1,1,9831984,1226,17,1226,17,0,9,28
8,720,82.800000,12.276000,1,1,9831995,1227,17,1227,17,0,9,28
8,720,82.800000,12.276000,1,1,9832006,1227,17,1227,17,0,9,28
8,720,82.800000,12.276000,1,1,9832016,1227,17,1227,17,0,9,28
8,720,82.800000,12.276000,1,1,9832027,1227,17,1227,17,0,9,28
8,720,82.800000,12.276000,1,1,9832038,1230,16,1230,16,0,9,28
8,720,82.800000,12.276000,1,1,9832050,1236,16,1236,16,0,9,28
8,720,82.800000,12.276000,1,1,9832062,1245,16,1245,16,0,9,28
8,720,82.800000,12.276000,1,1,9832072,1256,15,1256,15,0,9,28
8,720,82.800000,12.276000,1,1,9832084,1263,14,1263,14,0,9,28
8,720,82.800000,12.276000,1,1,9832098,1268,14,1268,14,0,9,28
8,720,82.800000,12.276000,1,1,9832114,1272,13,1272,13,0,9,28
8,720,82.800000,12.276000,1,1,9832124,1273,13,1273,13,0,9,28
8,720,82.800000,12.276000,1,1,9832135,1273,13,1273,13,0,9,28
8,720,82.800000,12.276000,1,1,9832146,1273,13,1273,13,0,9,28
8,720,82.800000,12.276000,1,1,9832156,1274,13,1274,13,0,9,28
8,720,82.800000,12.276000,1,1,9832168,1275,13,1275,13,0,9,28
8,720,82.800000,12.276000,1,1,9832179,1275,13,1275,13,0,9,28
8,720,82.800000,12.276000,1,1,9832193,1275,13,1275,13,0,9,28
8,720,82.800000,12.276000,1,1,9832209,1275,13,1275,13,0,9,28
8,720,82.800000,12.276000,1,1,9832220,1277,12,1277,12,0,9,28
8,720,82.800000,12.276000,1,1,9832230,1279,12,1279,12,0,9,28
