8,720,50.400000,0.000000,1,1,9833126,600,22,600,22,0,9,29
8,720,50.400000,0.000000,1,1,9833127,600,22,600,22,0,9,29
8,720,50.400000,0.000000,1,1,9833138,600,22,600,22,0,9,29
8,720,50.400000,0.000000,1,1,9833152,600,22,600,22,0,9,29
8,720,50.400000,0.000000,1,1,9833168,600,22,600,22,0,9,29
8,720,50.400000,0.000000,1,1,9833184,600,22,600,22,0,9,29
8,720,50.400000,0.000000,1,1,9833195,611,21,611,21,0,9,29
8,720,50.400000,0.000000,1,1,9833206,629,19,629,19,0,9,29
8,720,50.400000,0.000000,1,1,9833217,663,18,663,18,0,9,29
8,720,50.400000,0.000000,1,1,9833231,713,17,713,17,0,9,29
8,720,50.400000,0.000000,1,1,9833246,794,15,794,15,0,9,29
8,720,50.400000,0.000000,1,1,9833258,896,15,896,15,0,9,29
8,720,50.400000,0.000000,1,1,9833270,968,15,968,15,0,9,29
8,720,50.400000,0.000000,1,1,9833282,1041,15,1041,15,0,9,29
8,720,50.400000,0.000000,1,1,9833297,1170,15,1170,15,0,9,29
8,720,50.400000,0.000000,1,1,9833307,1224,15,1224,15,0,9,29
8,720,50.400000,0.000000,1,1,9833318,1250,15,1250,15,0,9,29
8,720,50.400000,0.000000,1,1,9833329,1271,15,1271,15,0,9,29
8,720,50.400000,0.000000,1,1,9833342,1286,14,1286,14,0,9,29
8,720,50.400000,0.000000,1,1,9833358,1298,13,1298,13,0,9,29
8,720,50.400000,0.000000,1,1,9833370,1307,11,1307,11,0,9,29
8,720,50.400000,0.000000,1,1,9833381,1311,11,1311,11,0,9,29
8,720,50.400000,0.000000,1,1,9833392,1312,11,1312,11,0,9,29
8,720,50.400000,0.000000,1,1,9833403,1312,11,1312,11,0,9,29
8,720,50.400000,0.000000,1,1,9833420,1312,11,1312,11,0,9,29
8,720,50.400000,0.000000,1,1,9833435,1316,10,1316,10,0,9,29
8,720,50.400000,0.000000,1,1,9833452,1327,10,1327,10,0,9,29
8,720,50.400000,0.000000,1,1,9833468,1340,8,1340,8,0,9,29
8,720,50.400000,0.000000,1,1,9833479,1347,7,1347,7,0,9,29
8,720,50.400000,0.000000,1,1,9833490,1348,7,1348,7,0,9,29
8,720,50.400000,0.000000,1,1,9833500,1349,7,1349,7,0,9,29
8,720,50.400000,0.000000,1,1,9833516,1349,7,1349,7,0,9,29
8,720,50.400000,0.000000,1,1,9833530,1349,7,1349,7,0,9,29
8,720,50.400000,0.000000,1,1,9833541,1349,7,1349,7,0,9,29
8,720,50.400000,0.000000,1,1,9833552,1349,7,1349,7,0,9,29
8,720,50.400000,0.000000,1,1,9833562,1348,7,1348,7,0,9,29
8,720,50.400000,0.000000,1,1,9833578,1347,7,1347,7,0,9,29
8,720,50.400000,0.000000,1,1,9833593,1344,7,1344,7,0,9,29
8,720,50.400000,0.000000,1,1,9833603,1344,7,1344,7,0,9,29
8,720,50.400000,0.000000,1,1,9833613,1344,7,1344,7,0,9,29
8,720,50.400000,0.000000,1,1,9833624,1343,7,1343,7,0,9,29
8,720,50.400000,0.000000,1,1,9833634,1342,7,1342,7,0,9,29
8,720,50.400000,0.000000,1,1,9833646,1341,7,1341,7,0,9,29
8,720,50.400000,0.000000,1,1,9833657,1339,8,1339,8,0,9,29
8,720,50.400000,0.000000,1,1,9833673,1335,8,1335,8,0,9,29
8,720,50.400000,0.000000,1,1,9833684,1328,9,1328,9,0,9,29
8,720,50.400000,0.000000,1,1,9833696,1323,10,1323,10,0,9,29
8,720,50.400000,0.000000,1,1,9833708,1320,10,1320,10,0,9,29
8,720,50.400000,0.000000,1,1,9833718,1318,10,1318,10,0,9,29
8,720,50.400000,0.000000,1,1,9833728,1316,10,1316,10,0,9,29
8,720,50.400000,0.000000,1,1,9833739,1316,10,1316,10,0,9,29
8,720,50.400000,0.000000,1,1,9833750,1316,10,1316,10,0,9,29
8,720,50.400000,0.000000,1,1,9833761,1316,10,1316,10,0,9,29
8,720,50.400000,0.000000,1,1,9833772,1316,10,1316,10,0,9,29
8,720,50.400000,0.000000,1,1,9833784,1316,10,1316,10,0,9,29
8,720,50.400000,0.000000,1,1,9833794,1316,10,1316,10,0,9,29
8,720,50.400000,0.000000,1,1,9833806,1316,10,1316,10,0,9,29
