8,360,82.800000,42.984000,1,1,9917200,780,22,780,22,0,9,88
8,360,82.800000,42.984000,1,1,9917201,780,22,780,22,0,9,88
8,360,82.800000,42.984000,1,1,9917212,780,22,780,22,0,9,88
8,360,82.800000,42.984000,1,1,9917223,780,22,780,22,0,9,88
8,360,82.800000,42.984000,1,1,9917233,780,22,780,22,0,9,88
8,360,82.800000,42.984000,1,1,9917244,780,22,780,22,0,9,88
8,360,82.800000,42.984000,1,1,9917255,781,22,781,22,0,9,88
8,360,82.800000,42.984000,1,1,9917267,786,22,786,22,0,9,88
8,360,82.800000,42.984000,1,1,9917279,796,22,796,22,0,9,88
8,360,82.800000,42.984000,1,1,9917292,815,22,815,22,0,9,88
8,360,82.800000,42.984000,1,1,9917303,848,22,848,22,0,9,88
8,360,82.800000,42.984000,1,1,9917316,887,22,887,22,0,9,88
8,360,82.800000,42.984000,1,1,9917328,934,22,934,22,0,9,88
8,360,82.800000,42.984000,1,1,9917339,978,21,978,21,0,9,88
8,360,82.800000,42.984000,1,1,9917350,1010,20,1010,20,0,9,88
8,360,82.800000,42.984000,1,1,9917362,1040,20,1040,20,0,9,88
8,360,82.800000,42.984000,1,1,9917374,1065,20,1065,20,0,9,88
8,360,82.800000,42.984000,1,1,9917385,1083,20,1083,20,0,9,88
8,360,82.800000,42.984000,1,1,9917396,1088,20,1088,20,0,9,88
8,360,82.800000,42.984000,1,1,9917407,1089,20,1089,20,0,9,88
8,360,82.800000,42.984000,1,1,9917418,1089,20,1089,20,0,9,88
8,360,82.800000,42.984000,1,1,9917429,1089,20,1089,20,0,9,88
8,360,82.800000,42.984000,1,1,9917439,1089,20,1089,20,0,9,88
8,360,82.800000,42.984000,1,1,9917452,1089,20,1089,20,0,9,88
8,360,82.800000,42.984000,1,1,9917465,1089,20,1089,20,0,9,88
8,360,82.800000,42.984000,1,1,9917477,1089,19,1089,19,0,9,88
8,360,82.800000,42.984000,1,1,9917488,1090,19,1090,19,0,9,88
8,360,82.800000,42.984000,1,1,9917500,1092,18,1092,18,0,9,88
8,360,82.800000,42.984000,1,1,9917513,1097,17,1097,17,0,9,88
8,360,82.800000,42.984000,1,1,9917525,1104,15,1104,15,0,9,88
8,360,82.800000,42.984000,1,1,9917536,1107,14,1107,14,0,9,88
8,360,82.800000,42.984000,1,1,9917547,1111,13,1111,13,0,9,88
8,360,82.800000,42.984000,1,1,9917557,1111,13,1111,13,0,9,88
8,360,82.800000,42.984000,1,1,9917568,1111,13,1111,13,0,9,88
8,360,82.800000,42.984000,1,1,9917580,1111,13,1111,13,0,9,88
8,360,82.800000,42.984000,1,1,9917591,1112,12,1112,12,0,9,88
8,360,82.800000,42.984000,1,1,9917604,1114,12,1114,12,0,9,88
8,360,82.800000,42.984000,1,1,9917616,1116,11,1116,11,0,9,88
8,360,82.800000,42.984000,1,1,9917628,1118,10,1118,10,0,9,88
8,360,82.800000,42.984000,1,1,9917645,1119,9,1119,9,0,9,88
8,360,82.800000,42.984000,1,1,9917657,1119,9,1119,9,0,9,88
8,360,82.800000,42.984000,1,1,9917669,1120,9,1120,9,0,9,88
