8,360,21.600000,22.608000,0,0,9857878,780,0,780,0,0,9,46
8,360,21.600000,22.608000,0,0,9857879,780,0,780,0,0,9,46
8,360,21.600000,22.608000,0,0,9857890,780,0,780,0,0,9,46
8,360,21.600000,22.608000,0,0,9857901,780,0,780,0,0,9,46
8,360,21.600000,22.608000,0,0,9857912,781,0,781,-1,0,9,46
8,360,21.600000,22.608000,0,0,9857925,783,0,783,-1,0,9,46
8,360,21.600000,22.608000,0,0,9857938,791,0,791,-1,0,9,46
8,360,21.600000,22.608000,0,0,9857955,815,0,815,-1,0,9,46
8,360,21.600000,22.608000,0,0,9857970,874,0,874,-1,0,9,46
8,360,21.600000,22.608000,0,0,9857982,940,0,940,-1,0,9,46
8,360,21.600000,22.608000,0,0,9857994,1011,0,1011,-1,0,9,46
8,360,21.600000,22.608000,0,0,9858005,1066,0,1066,-1,0,9,46
8,360,21.600000,22.608000,0,0,9858016,1117,0,1117,-1,0,9,46
8,360,21.600000,22.608000,0,0,9858034,1152,0,1152,-1,0,9,46
8,360,21.600000,22.608000,0,0,9858047,1187,0,1187,-1,0,9,46
8,360,21.600000,22.608000,0,0,9858059,1198,0,1198,-1,0,9,46
8,360,21.600000,22.608000,0,0,9858071,1200,0,1200,-1,0,9,46
8,360,21.600000,22.608000,0,0,9858082,1200,0,1200,-1,0,9,46
8,360,21.600000,22.608000,0,0,9858093,1199,0,1199,-1,0,9,46
8,360,21.600000,22.608000,0,0,9858104,1198,0,1198,-1,0,9,46
8,360,21.600000,22.608000,0,0,9858115,1198,0,1198,-1,0,9,46
8,360,21.600000,22.608000,0,0,9858125,1198,0,1198,-1,0,9,46
8,360,21.600000,22.608000,0,0,9858136,1198,0,1198,-1,0,9,46
8,360,21.600000,22.608000,0,0,9858147,1198,0,1198,-1,0,9,46
8,360,21.600000,22.608000,0,0,9858158,1198,0,1198,-1,0,9,46
8,360,21.600000,22.608000,0,0,9858169,1198,0,1198,-1,0,9,46
8,360,21.600000,22.608000,0,0,9858179,1197,0,1197,-1,0,9,46
8,360,21.600000,22.608000,0,0,9858190,1195,0,1195,-1,0,9,46
8,360,21.600000,22.608000,0,0,9858209,1193,0,1193,-1,0,9,46
8,360,21.600000,22.608000,0,0,9858223,1182,0,1182,-2,0,9,46
8,360,21.600000,22.608000,0,0,9858234,1170,0,1170,-2,0,9,46
8,360,21.600000,22.608000,0,0,9858245,1160,0,1160,-2,0,9,46
8,360,21.600000,22.608000,0,0,9858256,1150,0,1150,-2,0,9,46
8,360,21.600000,22.608000,0,0,9858267,1141,0,1141,-2,0,9,46
8,360,21.600000,22.608000,0,0,9858278,1134,0,1134,-2,0,9,46
8,360,21.600000,22.608000,0,0,9858289,1130,1,1130,-1,0,9,46
8,360,21.600000,22.608000,0,0,9858299,1128,1,1128,-1,0,9,46
8,360,21.600000,22.608000,0,0,9858313,1126,1,1126,-1,0,9,46
8,360,21.600000,22.608000,0,0,9858324,1126,1,1126,-1,0,9,46
8,360,21.600000,22.608000,0,0,9858340,1126,1,1126,-1,0,9,46
8,360,21.600000,22.608000,0,0,9858351,1126,1,1126,-1,0,9,46
8,360,21.600000,22.608000,0,0,9858362,1126,1,1126,-1,0,9,46
8,360,21.600000,22.608000,0,0,9858373,1126,1,1126,-1,0,9,46
8,360,21.600000,22.608000,0,0,9858384,1126,1,1126,-1,0,9,46
8,360,21.600000,22.608000,0,0,9858395,1126,1,1126,-1,0,9,46
8,360,21.600000,22.608000,0,0,9858405,1126,1,1126,-1,0,9,46
8,360,21.600000,22.608000,0,0,9858416,1126,1,1126,-1,0,9,46
8,360,21.600000,22.608000,0,0,9858426,1126,1,1126,-1,0,9,46
8,360,21.600000,22.608000,0,0,9858437,1126,1,1126,-1,0,9,46
8,360,21.600000,22.608000,0,0,9858448,1126,1,1126,-1,0,9,46
8,360,21.600000,22.608000,0,0,9858459,1126,1,1126,-1,0,9,46
8,360,21.600000,22.608000,0,0,9858469,1126,1,1126,-1,0,9,46
8,360,21.600000,22.608000,0,0,9858480,1126,1,1126,-1,0,9,46
8,360,21.600000,22.608000,0,0,9858491,1126,1,1126,-1,0,9,46
8,360,21.600000,22.608000,0,0,9858501,1126,1,1126,-1,0,9,46
8,360,21.600000,22.608000,0,0,9858512,1126,1,1126,-1,0,9,46
8,360,21.600000,22.608000,0,0,9858522,1126,1,1126,-1,0,9,46
8,360,21.600000,22.608000,0,0,9858537,1126,1,1126,-1,0,9,46
8,360,21.600000,22.608000,0,0,9858553,1127,1,1127,-1,0,9,46
8,360,21.600000,22.608000,0,0,9858563,1129,1,1129,-1,0,9,46
8,360,21.600000,22.608000,0,0,9858574,1129,1,1129,-1,0,9,46
8,360,21.600000,22.608000,0,0,9858584,1130,1,1130,-1,0,9,46
8,360,21.600000,22.608000,0,0,9858595,1130,1,1130,-1,0,9,46
8,360,21.600000,22.608000,0,0,9858605,1131,1,1131,-1,0,9,46
8,360,21.600000,22.608000,0,0,9858616,1133,2,1133,0,0,9,46
8,360,21.600000,22.608000,0,0,9858627,1135,2,1135,0,0,9,46
8,360,21.600000,22.608000,0,0,9858637,1135,2,1135,0,0,9,46
8,360,21.600000,22.608000,0,0,9858647,1135,2,1135,0,0,9,46
8,360,21.600000,22.608000,0,0,9858658,1135,2,1135,0,0,9,46
8,360,21.600000,22.608000,0,0,9858669,1135,2,1135,0,0,9,46
8,360,21.600000,22.608000,0,0,9858679,1135,2,1135,0,0,9,46
8,360,21.600000,22.608000,0,0,9858689,1135,2,1135,0,0,9,46
8,360,21.600000,22.608000,0,0,9858699,1135,2,1135,0,0,9,46
