8,720,50.400000,12.276000,0,1,9824793,600,22,600,22,0,9,23
8,720,50.400000,12.276000,0,1,9824794,600,22,600,22,0,9,23
8,720,50.400000,12.276000,0,1,9824805,600,22,600,22,0,9,23
8,720,50.400000,12.276000,0,1,9824815,600,22,600,22,0,9,23
8,720,50.400000,12.276000,0,1,9824826,600,22,600,22,0,9,23
8,720,50.400000,12.276000,0,1,9824836,600,22,600,22,0,9,23
8,720,50.400000,12.276000,0,1,9824847,600,22,600,22,0,9,23
8,720,50.400000,12.276000,0,1,9824858,600,22,600,22,0,9,23
8,720,50.400000,12.276000,0,1,9824869,600,22,600,22,0,9,23
8,720,50.400000,12.276000,0,1,9824881,600,22,600,22,0,9,23
8,720,50.400000,12.276000,0,1,9824892,605,22,605,22,0,9,23
8,720,50.400000,12.276000,0,1,9824903,614,22,614,22,0,9,23
8,720,50.400000,12.276000,0,1,9824914,631,22,631,22,0,9,23
8,720,50.400000,12.276000,0,1,9824924,654,22,654,22,0,9,23
8,720,50.400000,12.276000,0,1,9824940,686,22,686,22,0,9,23
8,720,50.400000,12.276000,0,1,9824955,764,23,764,23,0,9,23
8,720,50.400000,12.276000,0,1,9824971,855,25,855,25,0,9,23
8,720,50.400000,12.276000,0,1,9824983,965,27,965,27,0,9,23
8,720,50.400000,12.276000,0,1,9824995,1039,28,1039,28,0,9,23
8,720,50.400000,12.276000,0,1,9825006,1111,29,1111,29,0,9,23
8,720,50.400000,12.276000,0,1,9825016,1169,30,1169,30,0,9,23
8,720,50.400000,12.276000,0,1,9825027,1212,30,1212,30,0,9,23
8,720,50.400000,12.276000,0,1,9825039,1241,30,1241,30,0,9,23
8,720,50.400000,12.276000,0,1,9825052,1266,30,1266,30,0,9,23
8,720,50.400000,12.276000,0,1,9825064,1281,30,1281,30,0,9,23
8,720,50.400000,12.276000,0,1,9825075,1288,30,1288,30,0,9,23
8,720,50.400000,12.276000,0,1,9825086,1289,30,1289,30,0,9,23
8,720,50.400000,12.276000,0,1,9825096,1290,30,1290,30,0,9,23
8,720,50.400000,12.276000,0,1,9825107,1290,30,1290,30,0,9,23
8,720,50.400000,12.276000,0,1,9825118,1290,30,1290,30,0,9,23
8,720,50.400000,12.276000,0,1,9825128,1290,30,1290,30,0,9,23
8,720,50.400000,12.276000,0,1,9825141,1290,30,1290,30,0,9,23
8,720,50.400000,12.276000,0,1,9825152,1291,30,1291,30,0,9,23
8,720,50.400000,12.276000,0,1,9825165,1294,30,1294,30,0,9,23
8,720,50.400000,12.276000,0,1,9825177,1295,30,1295,30,0,9,23
8,720,50.400000,12.276000,0,1,9825192,1295,30,1295,30,0,9,23
8,720,50.400000,12.276000,0,1,9825210,1295,29,1295,29,0,9,23
8,720,50.400000,12.276000,0,1,9825224,1295,29,1295,29,0,9,23
8,720,50.400000,12.276000,0,1,9825239,1296,29,1296,29,0,9,23
8,720,50.400000,12.276000,0,1,9825250,1297,28,1297,28,0,9,23
8,720,50.400000,12.276000,0,1,9825261,1298,28,1298,28,0,9,23
8,720,50.400000,12.276000,0,1,9825271,1298,27,1298,27,0,9,23
8,720,50.400000,12.276000,0,1,9825287,1298,26,1298,26,0,9,23
8,720,50.400000,12.276000,0,1,9825303,1299,24,1299,24,0,9,23
8,720,50.400000,12.276000,0,1,9825314,1300,22,1300,22,0,9,23
8,720,50.400000,12.276000,0,1,9825326,1302,21,1302,21,0,9,23
8,720,50.400000,12.276000,0,1,9825337,1303,20,1303,20,0,9,23
8,720,50.400000,12.276000,0,1,9825347,1304,18,1304,18,0,9,23
8,720,50.400000,12.276000,0,1,9825363,1305,18,1305,18,0,9,23
8,720,50.400000,12.276000,0,1,9825373,1305,18,1305,18,0,9,23
8,720,50.400000,12.276000,0,1,9825383,1305,18,1305,18,0,9,23
8,720,50.400000,12.276000,0,1,9825394,1305,18,1305,18,0,9,23
8,720,50.400000,12.276000,0,1,9825404,1305,17,1305,17,0,9,23
8,720,50.400000,12.276000,0,1,9825414,1305,17,1305,17,0,9,23
