14,360,21.600000,12.276000,1,0,105724216,780,0,780,0,0,0,100
14,360,21.600000,12.276000,1,0,105724218,780,0,780,0,0,0,100
14,360,21.600000,12.276000,1,0,105724228,780,0,780,0,0,0,100
14,360,21.600000,12.276000,1,0,105724238,780,0,780,0,0,0,100
14,360,21.600000,12.276000,1,0,105724246,780,0,780,0,0,0,100
14,360,21.600000,12.276000,1,0,105724257,780,0,780,0,0,0,100
14,360,21.600000,12.276000,1,0,105724266,780,0,780,0,0,0,100
14,360,21.600000,12.276000,1,0,105724275,780,0,780,0,0,0,100
14,360,21.600000,12.276000,1,0,105724285,780,0,780,0,0,0,100
14,360,21.600000,12.276000,1,0,105724295,780,0,780,0,0,0,100
14,360,21.600000,12.276000,1,0,105724305,780,0,780,0,0,0,100
14,360,21.600000,12.276000,1,0,105724316,780,0,780,0,0,0,100
14,360,21.600000,12.276000,1,0,105724326,781,1,781,1,0,0,100
14,360,21.600000,12.276000,1,0,105724337,784,1,784,1,0,0,100
14,360,21.600000,12.276000,1,0,105724348,789,1,789,1,0,0,100
14,360,21.600000,12.276000,1,0,105724360,795,1,795,1,0,0,100
14,360,21.600000,12.276000,1,0,105724371,802,1,802,1,0,0,100
14,360,21.600000,12.276000,1,0,105724383,812,1,812,1,0,0,100
14,360,21.600000,12.276000,1,0,105724394,826,0,826,0,0,0,100
14,360,21.600000,12.276000,1,0,105724405,842,0,842,-1,0,0,100
14,360,21.600000,12.276000,1,0,105724415,861,0,861,-3,0,0,100
14,360,21.600000,12.276000,1,0,105724427,884,0,884,-4,0,0,100
14,360,21.600000,12.276000,1,0,105724438,908,0,908,-5,0,0,100
14,360,21.600000,12.276000,1,0,105724448,934,0,934,-6,0,0,100
14,360,21.600000,12.276000,1,0,105724460,958,0,958,-7,0,0,100
14,360,21.600000,12.276000,1,0,105724472,985,0,985,-9,0,0,100
14,360,21.600000,12.276000,1,0,105724483,1007,0,1007,-9,0,0,100
14,360,21.600000,12.276000,1,0,105724493,1026,0,1026,-11,0,0,100
14,360,21.600000,12.276000,1,0,105724504,1038,0,1038,-11,0,0,100
14,360,21.600000,12.276000,1,0,105724515,1045,0,1045,-12,0,0,100
14,360,21.600000,12.276000,1,0,105724525,1049,0,1049,-12,0,0,100
14,360,21.600000,12.276000,1,0,105724535,1051,0,1051,-12,0,0,100
14,360,21.600000,12.276000,1,0,105724545,1051,0,1051,-12,0,0,100
14,360,21.600000,12.276000,1,0,105724556,1051,0,1051,-12,0,0,100
14,360,21.600000,12.276000,1,0,105724566,1051,0,1051,-12,0,0,100
14,360,21.600000,12.276000,1,0,105724576,1052,0,1052,-12,0,0,100
14,360,21.600000,12.276000,1,0,105724586,1053,0,1053,-12,0,0,100
14,360,21.600000,12.276000,1,0,105724597,1055,0,1055,-12,0,0,100
14,360,21.600000,12.276000,1,0,105724607,1057,0,1057,-12,0,0,100
14,360,21.600000,12.276000,1,0,105724617,1058,0,1058,-12,0,0,100
14,360,21.600000,12.276000,1,0,105724628,1060,0,1060,-12,0,0,100
14,360,21.600000,12.276000,1,0,105724638,1063,0,1063,-12,0,0,100
14,360,21.600000,12.276000,1,0,105724650,1066,0,1066,-12,0,0,100
14,360,21.600000,12.276000,1,0,105724660,1072,0,1072,-12,0,0,100
14,360,21.600000,12.276000,1,0,105724671,1077,0,1077,-12,0,0,100
14,360,21.600000,12.276000,1,0,105724681,1082,0,1082,-12,0,0,100
14,360,21.600000,12.276000,1,0,105724690,1086,0,1086,-12,0,0,100
14,360,21.600000,12.276000,1,0,105724701,1090,0,1090,-12,0,0,100
14,360,21.600000,12.276000,1,0,105724711,1092,0,1092,-12,0,0,100
14,360,21.600000,12.276000,1,0,105724722,1094,1,1094,-11,0,0,100
14,360,21.600000,12.276000,1,0,105724733,1096,1,1096,-11,0,0,100
14,360,21.600000,12.276000,1,0,105724743,1100,1,1100,-11,0,0,100
14,360,21.600000,12.276000,1,0,105724754,1106,2,1106,-10,0,0,100
14,360,21.600000,12.276000,1,0,105724764,1115,3,1115,-9,0,0,100
14,360,21.600000,12.276000,1,0,105724775,1124,3,1124,-9,0,0,100
14,360,21.600000,12.276000,1,0,105724786,1134,4,1134,-8,0,0,100
14,360,21.600000,12.276000,1,0,105724796,1140,4,1140,-8,0,0,100
14,360,21.600000,12.276000,1,0,105724806,1142,4,1142,-8,0,0,100
14,360,21.600000,12.276000,1,0,105724816,1142,4,1142,-8,0,0,100
14,360,21.600000,12.276000,1,0,105724825,1142,4,1142,-8,0,0,100
14,360,21.600000,12.276000,1,0,105724836,1142,4,1142,-8,0,0,100
14,360,21.600000,12.276000,1,0,105724846,1142,4,1142,-8,0,0,100
14,360,21.600000,12.276000,1,0,105724856,1142,4,1142,-8,0,0,100
14,360,21.600000,12.276000,1,0,105724865,1142,4,1142,-8,0,0,100
14,360,21.600000,12.276000,1,0,105724875,1142,4,1142,-8,0,0,100
14,360,21.600000,12.276000,1,0,105724886,1142,4,1142,-8,0,0,100
14,360,21.600000,12.276000,1,0,105724896,1142,4,1142,-8,0,0,100
14,360,21.600000,12.276000,1,0,105724905,1142,4,1142,-8,0,0,100
14,360,21.600000,12.276000,1,0,105724915,1142,4,1142,-8,0,0,100
14,360,21.600000,12.276000,1,0,105724925,1142,4,1142,-8,0,0,100
14,360,21.600000,12.276000,1,0,105724935,1142,4,1142,-8,0,0,100
14,360,21.600000,12.276000,1,0,105724945,1142,4,1142,-8,0,0,100
14,360,21.600000,12.276000,1,0,105724955,1142,4,1142,-8,0,0,100
14,360,21.600000,12.276000,1,0,105724966,1142,4,1142,-8,0,0,100
14,360,21.600000,12.276000,1,0,105724976,1142,4,1142,-8,0,0,100
14,360,21.600000,12.276000,1,0,105724986,1142,4,1142,-8,0,0,100
14,360,21.600000,12.276000,1,0,105724996,1142,4,1142,-8,0,0,100
14,360,21.600000,12.276000,1,0,105725005,1142,4,1142,-8,0,0,100
