14,360,82.800000,22.608000,0,1,105734438,780,22,780,22,0,0,106
14,360,82.800000,22.608000,0,1,105734439,780,22,780,22,0,0,106
14,360,82.800000,22.608000,0,1,105734449,780,22,780,22,0,0,106
14,360,82.800000,22.608000,0,1,105734458,780,22,780,22,0,0,106
14,360,82.800000,22.608000,0,1,105734467,780,22,780,22,0,0,106
14,360,82.800000,22.608000,0,1,105734477,780,22,780,22,0,0,106
14,360,82.800000,22.608000,0,1,105734487,780,22,780,22,0,0,106
14,360,82.800000,22.608000,0,1,105734497,780,22,780,22,0,0,106
14,360,82.800000,22.608000,0,1,105734508,780,22,780,22,0,0,106
14,360,82.800000,22.608000,0,1,105734518,780,22,780,22,0,0,106
14,360,82.800000,22.608000,0,1,105734535,780,22,780,22,0,0,106
14,360,82.800000,22.608000,0,1,105734546,780,22,780,22,0,0,106
14,360,82.800000,22.608000,0,1,105734556,780,22,780,22,0,0,106
14,360,82.800000,22.608000,0,1,105734569,782,21,782,21,0,0,106
14,360,82.800000,22.608000,0,1,105734580,788,19,788,19,0,0,106
14,360,82.800000,22.608000,0,1,105734592,795,17,795,17,0,0,106
14,360,82.800000,22.608000,0,1,105734602,805,15,805,15,0,0,106
14,360,82.800000,22.608000,0,1,105734614,817,13,817,13,0,0,106
14,360,82.800000,22.608000,0,1,105734624,832,11,832,11,0,0,106
14,360,82.800000,22.608000,0,1,105734636,849,9,849,9,0,0,106
14,360,82.800000,22.608000,0,1,105734646,864,7,864,7,0,0,106
14,360,82.800000,22.608000,0,1,105734657,881,5,881,5,0,0,106
14,360,82.800000,22.608000,0,1,105734668,895,4,895,4,0,0,106
14,360,82.800000,22.608000,0,1,105734678,912,3,912,3,0,0,106
14,360,82.800000,22.608000,0,1,105734689,928,1,928,1,0,0,106
14,360,82.800000,22.608000,0,1,105734700,948,0,948,0,0,0,106
14,360,82.800000,22.608000,0,1,105734711,967,0,967,-2,0,0,106
14,360,82.800000,22.608000,0,1,105734722,986,0,986,-4,0,0,106
14,360,82.800000,22.608000,0,1,105734733,1002,0,1002,-6,0,0,106
14,360,82.800000,22.608000,0,1,105734744,1016,0,1016,-7,0,0,106
14,360,82.800000,22.608000,0,1,105734755,1026,0,1026,-8,0,0,106
14,360,82.800000,22.608000,0,1,105734765,1034,0,1034,-9,0,0,106
14,360,82.800000,22.608000,0,1,105734775,1041,0,1041,-9,0,0,106
14,360,82.800000,22.608000,0,1,105734786,1044,0,1044,-10,0,0,106
14,360,82.800000,22.608000,0,1,105734795,1046,0,1046,-10,0,0,106
14,360,82.800000,22.608000,0,1,105734806,1046,0,1046,-10,0,0,106
14,360,82.800000,22.608000,0,1,105734815,1046,0,1046,-10,0,0,106
14,360,82.800000,22.608000,0,1,105734826,1046,0,1046,-10,0,0,106
14,360,82.800000,22.608000,0,1,105734836,1046,0,1046,-10,0,0,106
14,360,82.800000,22.608000,0,1,105734847,1048,0,1048,-10,0,0,106
14,360,82.800000,22.608000,0,1,105734857,1054,0,1054,-11,0,0,106
14,360,82.800000,22.608000,0,1,105734868,1061,0,1061,-12,0,0,106
14,360,82.800000,22.608000,0,1,105734878,1070,0,1070,-12,0,0,106
14,360,82.800000,22.608000,0,1,105734888,1080,0,1080,-12,0,0,106
14,360,82.800000,22.608000,0,1,105734898,1090,0,1090,-12,0,0,106
14,360,82.800000,22.608000,0,1,105734908,1102,0,1102,-13,0,0,106
14,360,82.800000,22.608000,0,1,105734919,1111,0,1111,-13,0,0,106
14,360,82.800000,22.608000,0,1,105734930,1119,0,1119,-13,0,0,106
14,360,82.800000,22.608000,0,1,105734940,1125,0,1125,-13,0,0,106
14,360,82.800000,22.608000,0,1,105734951,1126,0,1126,-13,0,0,106
14,360,82.800000,22.608000,0,1,105734960,1127,0,1127,-13,0,0,106
14,360,82.800000,22.608000,0,1,105734970,1127,0,1127,-13,0,0,106
14,360,82.800000,22.608000,0,1,105734980,1127,0,1127,-13,0,0,106
14,360,82.800000,22.608000,0,1,105734989,1127,0,1127,-13,0,0,106
14,360,82.800000,22.608000,0,1,105734999,1127,0,1127,-13,0,0,106
14,360,82.800000,22.608000,0,1,105735008,1127,0,1127,-13,0,0,106
14,360,82.800000,22.608000,0,1,105735018,1127,0,1127,-13,0,0,106
14,360,82.800000,22.608000,0,1,105735027,1127,0,1127,-13,0,0,106
14,360,82.800000,22.608000,0,1,105735037,1127,0,1127,-13,0,0,106
14,360,82.800000,22.608000,0,1,105735055,1127,0,1127,-13,0,0,106
14,360,82.800000,22.608000,0,1,105735065,1127,0,1127,-13,0,0,106
14,360,82.800000,22.608000,0,1,105735076,1127,0,1127,-13,0,0,106
14,360,82.800000,22.608000,0,1,105735085,1127,0,1127,-13,0,0,106
14,360,82.800000,22.608000,0,1,105735094,1127,0,1127,-13,0,0,106
14,360,82.800000,22.608000,0,1,105735104,1127,0,1127,-13,0,0,106
14,360,82.800000,22.608000,0,1,105735114,1127,0,1127,-13,0,0,106
14,360,82.800000,22.608000,0,1,105735123,1127,0,1127,-13,0,0,106
14,360,82.800000,22.608000,0,1,105735133,1127,0,1127,-13,0,0,106
14,360,82.800000,22.608000,0,1,105735142,1127,0,1127,-13,0,0,106
