14,360,21.600000,42.984000,0,1,105556873,780,22,780,22,0,0,7
14,360,21.600000,42.984000,0,1,105556874,780,22,780,22,0,0,7
14,360,21.600000,42.984000,0,1,105556885,789,22,789,22,0,0,7
14,360,21.600000,42.984000,0,1,105556895,796,25,796,25,0,0,7
14,360,21.600000,42.984000,0,1,105556905,800,26,800,26,0,0,7
14,360,21.600000,42.984000,0,1,105556915,803,27,803,27,0,0,7
14,360,21.600000,42.984000,0,1,105556925,804,27,804,27,0,0,7
14,360,21.600000,42.984000,0,1,105556934,805,27,805,27,0,0,7
14,360,21.600000,42.984000,0,1,105556944,806,27,806,27,0,0,7
14,360,21.600000,42.984000,0,1,105556954,806,27,806,27,0,0,7
14,360,21.600000,42.984000,0,1,105556964,806,27,806,27,0,0,7
14,360,21.600000,42.984000,0,1,105556973,806,27,806,27,0,0,7
14,360,21.600000,42.984000,0,1,105556983,806,27,806,27,0,0,7
14,360,21.600000,42.984000,0,1,105556993,806,27,806,27,0,0,7
14,360,21.600000,42.984000,0,1,105557003,807,26,807,26,0,0,7
14,360,21.600000,42.984000,0,1,105557013,807,25,807,25,0,0,7
14,360,21.600000,42.984000,0,1,105557023,808,23,808,23,0,0,7
14,360,21.600000,42.984000,0,1,105557033,810,21,810,21,0,0,7
14,360,21.600000,42.984000,0,1,105557043,811,19,811,19,0,0,7
14,360,21.600000,42.984000,0,1,105557053,812,17,812,17,0,0,7
14,360,21.600000,42.984000,0,1,105557062,813,16,813,16,0,0,7
14,360,21.600000,42.984000,0,1,105557073,813,16,813,16,0,0,7
14,360,21.600000,42.984000,0,1,105557082,814,16,814,16,0,0,7
14,360,21.600000,42.984000,0,1,105557092,815,16,815,16,0,0,7
14,360,21.600000,42.984000,0,1,105557102,816,15,816,15,0,0,7
14,360,21.600000,42.984000,0,1,105557112,817,13,817,13,0,0,7
14,360,21.600000,42.984000,0,1,105557122,820,12,820,12,0,0,7
14,360,21.600000,42.984000,0,1,105557134,822,11,822,11,0,0,7
14,360,21.600000,42.984000,0,1,105557146,826,9,826,9,0,0,7
14,360,21.600000,42.984000,0,1,105557165,832,8,832,8,0,0,7
14,360,21.600000,42.984000,0,1,105557177,846,5,846,5,0,0,7
14,360,21.600000,42.984000,0,1,105557186,856,3,856,3,0,0,7
14,360,21.600000,42.984000,0,1,105557197,864,1,864,1,0,0,7
14,360,21.600000,42.984000,0,1,105557209,874,0,874,-1,0,0,7
14,360,21.600000,42.984000,0,1,105557219,886,0,886,-3,0,0,7
14,360,21.600000,42.984000,0,1,105557230,899,0,899,-5,0,0,7
14,360,21.600000,42.984000,0,1,105557241,913,0,913,-8,0,0,7
14,360,21.600000,42.984000,0,1,105557252,926,0,926,-9,0,0,7
14,360,21.600000,42.984000,0,1,105557262,942,0,942,-10,0,0,7
14,360,21.600000,42.984000,0,1,105557273,959,0,959,-12,0,0,7
14,360,21.600000,42.984000,0,1,105557284,972,0,972,-12,0,0,7
14,360,21.600000,42.984000,0,1,105557294,981,0,981,-13,0,0,7
14,360,21.600000,42.984000,0,1,105557306,988,0,988,-13,0,0,7
14,360,21.600000,42.984000,0,1,105557316,995,0,995,-13,0,0,7
14,360,21.600000,42.984000,0,1,105557328,1002,0,1002,-13,0,0,7
14,360,21.600000,42.984000,0,1,105557338,1009,0,1009,-13,0,0,7
14,360,21.600000,42.984000,0,1,105557349,1016,0,1016,-13,0,0,7
14,360,21.600000,42.984000,0,1,105557360,1024,0,1024,-13,0,0,7
14,360,21.600000,42.984000,0,1,105557370,1032,0,1032,-13,0,0,7
14,360,21.600000,42.984000,0,1,105557381,1038,0,1038,-14,0,0,7
14,360,21.600000,42.984000,0,1,105557393,1043,0,1043,-14,0,0,7
14,360,21.600000,42.984000,0,1,105557404,1048,0,1048,-14,0,0,7
14,360,21.600000,42.984000,0,1,105557414,1053,0,1053,-14,0,0,7
14,360,21.600000,42.984000,0,1,105557425,1059,0,1059,-14,0,0,7
14,360,21.600000,42.984000,0,1,105557435,1069,0,1069,-14,0,0,7
14,360,21.600000,42.984000,0,1,105557445,1080,0,1080,-14,0,0,7
14,360,21.600000,42.984000,0,1,105557456,1092,0,1092,-14,0,0,7
14,360,21.600000,42.984000,0,1,105557467,1106,0,1106,-14,0,0,7
14,360,21.600000,42.984000,0,1,105557478,1119,0,1119,-14,0,0,7
14,360,21.600000,42.984000,0,1,105557489,1135,0,1135,-14,0,0,7
14,360,21.600000,42.984000,0,1,105557500,1149,0,1149,-14,0,0,7
14,360,21.600000,42.984000,0,1,105557511,1159,0,1159,-14,0,0,7
14,360,21.600000,42.984000,0,1,105557521,1165,0,1165,-14,0,0,7
14,360,21.600000,42.984000,0,1,105557532,1167,0,1167,-14,0,0,7
14,360,21.600000,42.984000,0,1,105557542,1167,0,1167,-14,0,0,7
14,360,21.600000,42.984000,0,1,105557551,1167,0,1167,-14,0,0,7
14,360,21.600000,42.984000,0,1,105557561,1167,0,1167,-14,0,0,7
14,360,21.600000,42.984000,0,1,105557570,1167,0,1167,-14,0,0,7
14,360,21.600000,42.984000,0,1,105557580,1167,0,1167,-14,0,0,7
14,360,21.600000,42.984000,0,1,105557589,1167,0,1167,-14,0,0,7
14,360,21.600000,42.984000,0,1,105557610,1167,0,1167,-14,0,0,7
14,360,21.600000,42.984000,0,1,105557620,1167,0,1167,-14,0,0,7
14,360,21.600000,42.984000,0,1,105557629,1167,0,1167,-14,0,0,7
14,360,21.600000,42.984000,0,1,105557639,1167,0,1167,-14,0,0,7
14,360,21.600000,42.984000,0,1,105557650,1167,0,1167,-14,0,0,7
14,360,21.600000,42.984000,0,1,105557660,1167,0,1167,-14,0,0,7
14,360,21.600000,42.984000,0,1,105557669,1167,0,1167,-14,0,0,7
14,360,21.600000,42.984000,0,1,105557679,1167,0,1167,-14,0,0,7
14,360,21.600000,42.984000,0,1,105557689,1166,0,1166,-14,0,0,7
14,360,21.600000,42.984000,0,1,105557700,1165,0,1165,-14,0,0,7
14,360,21.600000,42.984000,0,1,105557709,1164,0,1164,-14,0,0,7
14,360,21.600000,42.984000,0,1,105557720,1163,0,1163,-14,0,0,7
14,360,21.600000,42.984000,0,1,105557732,1160,0,1160,-14,0,0,7
14,360,21.600000,42.984000,0,1,105557750,1155,1,1155,-13,0,0,7
14,360,21.600000,42.984000,0,1,105557761,1145,2,1145,-12,0,0,7
14,360,21.600000,42.984000,0,1,105557771,1140,3,1140,-11,0,0,7
14,360,21.600000,42.984000,0,1,105557781,1136,4,1136,-10,0,0,7
14,360,21.600000,42.984000,0,1,105557791,1133,4,1133,-10,0,0,7
14,360,21.600000,42.984000,0,1,105557800,1132,5,1132,-9,0,0,7
14,360,21.600000,42.984000,0,1,105557810,1130,6,1130,-8,0,0,7
14,360,21.600000,42.984000,0,1,105557829,1130,6,1130,-8,0,0,7
14,360,21.600000,42.984000,0,1,105557839,1130,6,1130,-8,0,0,7
14,360,21.600000,42.984000,0,1,105557849,1130,6,1130,-8,0,0,7
14,360,21.600000,42.984000,0,1,105557859,1130,6,1130,-8,0,0,7
14,360,21.600000,42.984000,0,1,105557868,1130,6,1130,-8,0,0,7
14,360,21.600000,42.984000,0,1,105557878,1130,6,1130,-8,0,0,7
14,360,21.600000,42.984000,0,1,105557887,1130,6,1130,-8,0,0,7
14,360,21.600000,42.984000,0,1,105557897,1130,6,1130,-8,0,0,7
14,360,21.600000,42.984000,0,1,105557908,1130,6,1130,-8,0,0,7
14,360,21.600000,42.984000,0,1,105557916,1130,6,1130,-8,0,0,7
14,360,21.600000,42.984000,0,1,105557925,1130,6,1130,-8,0,0,7
