14,720,82.800000,42.984000,0,1,105931601,600,22,600,22,0,1,99
14,720,82.800000,42.984000,0,1,105931601,600,22,600,22,0,1,99
14,720,82.800000,42.984000,0,1,105931613,600,22,600,22,0,1,99
14,720,82.800000,42.984000,0,1,105931624,600,22,600,22,0,1,99
14,720,82.800000,42.984000,0,1,105931634,600,22,600,22,0,1,99
14,720,82.800000,42.984000,0,1,105931645,600,22,600,22,0,1,99
14,720,82.800000,42.984000,0,1,105931655,600,22,600,22,0,1,99
14,720,82.800000,42.984000,0,1,105931666,600,22,600,22,0,1,99
14,720,82.800000,42.984000,0,1,105931676,600,22,600,22,0,1,99
14,720,82.800000,42.984000,0,1,105931685,600,22,600,22,0,1,99
14,720,82.800000,42.984000,0,1,105931696,600,22,600,22,0,1,99
14,720,82.800000,42.984000,0,1,105931707,600,22,600,22,0,1,99
14,720,82.800000,42.984000,0,1,105931717,600,22,600,22,0,1,99
14,720,82.800000,42.984000,0,1,105931728,601,22,601,22,0,1,99
14,720,82.800000,42.984000,0,1,105931739,604,22,604,22,0,1,99
14,720,82.800000,42.984000,0,1,105931751,610,22,610,22,0,1,99
14,720,82.800000,42.984000,0,1,105931762,617,22,617,22,0,1,99
14,720,82.800000,42.984000,0,1,105931773,625,22,625,22,0,1,99
14,720,82.800000,42.984000,0,1,105931783,638,22,638,22,0,1,99
14,720,82.800000,42.984000,0,1,105931794,652,22,652,22,0,1,99
14,720,82.800000,42.984000,0,1,105931805,678,21,678,21,0,1,99
14,720,82.800000,42.984000,0,1,105931816,707,20,707,20,0,1,99
14,720,82.800000,42.984000,0,1,105931827,741,18,741,18,0,1,99
14,720,82.800000,42.984000,0,1,105931839,790,16,790,16,0,1,99
14,720,82.800000,42.984000,0,1,105931850,846,12,846,12,0,1,99
14,720,82.800000,42.984000,0,1,105931861,902,9,902,9,0,1,99
14,720,82.800000,42.984000,0,1,105931872,955,7,955,7,0,1,99
14,720,82.800000,42.984000,0,1,105931883,1013,4,1013,4,0,1,99
14,720,82.800000,42.984000,0,1,105931893,1066,1,1066,1,0,1,99
14,720,82.800000,42.984000,0,1,105931905,1122,0,1122,-3,0,1,99
14,720,82.800000,42.984000,0,1,105931916,1163,0,1163,-6,0,1,99
14,720,82.800000,42.984000,0,1,105931927,1206,0,1206,-10,0,1,99
14,720,82.800000,42.984000,0,1,105931937,1234,0,1234,-12,0,1,99
14,720,82.800000,42.984000,0,1,105931948,1254,0,1254,-14,0,1,99
14,720,82.800000,42.984000,0,1,105931959,1270,0,1270,-15,0,1,99
14,720,82.800000,42.984000,0,1,105931970,1281,0,1281,-16,0,1,99
14,720,82.800000,42.984000,0,1,105931981,1287,0,1287,-17,0,1,99
14,720,82.800000,42.984000,0,1,105931992,1288,0,1288,-17,0,1,99
14,720,82.800000,42.984000,0,1,105932002,1288,0,1288,-17,0,1,99
14,720,82.800000,42.984000,0,1,105932012,1288,0,1288,-17,0,1,99
14,720,82.800000,42.984000,0,1,105932022,1288,0,1288,-18,0,1,99
14,720,82.800000,42.984000,0,1,105932032,1286,0,1286,-18,0,1,99
14,720,82.800000,42.984000,0,1,105932042,1285,0,1285,-18,0,1,99
14,720,82.800000,42.984000,0,1,105932052,1285,0,1285,-18,0,1,99
14,720,82.800000,42.984000,0,1,105932063,1285,0,1285,-18,0,1,99
14,720,82.800000,42.984000,0,1,105932073,1285,0,1285,-18,0,1,99
14,720,82.800000,42.984000,0,1,105932084,1285,0,1285,-18,0,1,99
14,720,82.800000,42.984000,0,1,105932094,1285,0,1285,-18,0,1,99
14,720,82.800000,42.984000,0,1,105932104,1285,0,1285,-18,0,1,99
14,720,82.800000,42.984000,0,1,105932115,1285,0,1285,-18,0,1,99
14,720,82.800000,42.984000,0,1,105932125,1285,0,1285,-18,0,1,99
14,720,82.800000,42.984000,0,1,105932135,1285,0,1285,-18,0,1,99
14,720,82.800000,42.984000,0,1,105932146,1285,0,1285,-18,0,1,99
14,720,82.800000,42.984000,0,1,105932156,1285,0,1285,-18,0,1,99
14,720,82.800000,42.984000,0,1,105932166,1285,0,1285,-18,0,1,99
14,720,82.800000,42.984000,0,1,105932176,1285,0,1285,-18,0,1,99
14,720,82.800000,42.984000,0,1,105932187,1285,0,1285,-18,0,1,99
14,720,82.800000,42.984000,0,1,105932197,1285,0,1285,-18,0,1,99
14,720,82.800000,42.984000,0,1,105932207,1285,0,1285,-18,0,1,99
14,720,82.800000,42.984000,0,1,105932219,1285,0,1285,-18,0,1,99
14,720,82.800000,42.984000,0,1,105932229,1285,0,1285,-18,0,1,99
14,720,82.800000,42.984000,0,1,105932239,1285,0,1285,-18,0,1,99
