14,360,50.400000,22.608000,1,0,105944280,780,0,780,0,0,1,106
14,360,50.400000,22.608000,1,0,105944281,780,0,780,0,0,1,106
14,360,50.400000,22.608000,1,0,105944292,780,0,780,0,0,1,106
14,360,50.400000,22.608000,1,0,105944302,780,0,780,0,0,1,106
14,360,50.400000,22.608000,1,0,105944312,780,0,780,0,0,1,106
14,360,50.400000,22.608000,1,0,105944322,780,0,780,0,0,1,106
14,360,50.400000,22.608000,1,0,105944332,780,0,780,0,0,1,106
14,360,50.400000,22.608000,1,0,105944342,780,0,780,0,0,1,106
14,360,50.400000,22.608000,1,0,105944360,780,0,780,0,0,1,106
14,360,50.400000,22.608000,1,0,105944370,780,0,780,0,0,1,106
14,360,50.400000,22.608000,1,0,105944380,780,0,780,0,0,1,106
14,360,50.400000,22.608000,1,0,105944392,782,0,782,0,0,1,106
14,360,50.400000,22.608000,1,0,105944403,789,0,789,0,0,1,106
14,360,50.400000,22.608000,1,0,105944415,800,0,800,0,0,1,106
14,360,50.400000,22.608000,1,0,105944425,818,0,818,0,0,1,106
14,360,50.400000,22.608000,1,0,105944437,840,0,840,0,0,1,106
14,360,50.400000,22.608000,1,0,105944456,867,0,867,0,0,1,106
14,360,50.400000,22.608000,1,0,105944467,918,0,918,-1,0,1,106
14,360,50.400000,22.608000,1,0,105944479,939,0,939,-2,0,1,106
14,360,50.400000,22.608000,1,0,105944490,964,0,964,-2,0,1,106
14,360,50.400000,22.608000,1,0,105944501,980,0,980,-2,0,1,106
14,360,50.400000,22.608000,1,0,105944511,995,0,995,-2,0,1,106
14,360,50.400000,22.608000,1,0,105944522,1006,0,1006,-2,0,1,106
14,360,50.400000,22.608000,1,0,105944533,1015,0,1015,-2,0,1,106
14,360,50.400000,22.608000,1,0,105944544,1025,0,1025,-2,0,1,106
14,360,50.400000,22.608000,1,0,105944554,1032,0,1032,-2,0,1,106
14,360,50.400000,22.608000,1,0,105944565,1039,0,1039,-2,0,1,106
14,360,50.400000,22.608000,1,0,105944575,1044,0,1044,-2,0,1,106
14,360,50.400000,22.608000,1,0,105944586,1048,0,1048,-2,0,1,106
14,360,50.400000,22.608000,1,0,105944596,1051,0,1051,-2,0,1,106
14,360,50.400000,22.608000,1,0,105944606,1052,0,1052,-2,0,1,106
14,360,50.400000,22.608000,1,0,105944616,1052,0,1052,-2,0,1,106
14,360,50.400000,22.608000,1,0,105944627,1052,0,1052,-2,0,1,106
14,360,50.400000,22.608000,1,0,105944638,1052,0,1052,-2,0,1,106
14,360,50.400000,22.608000,1,0,105944649,1055,0,1055,-2,0,1,106
14,360,50.400000,22.608000,1,0,105944660,1058,0,1058,-2,0,1,106
14,360,50.400000,22.608000,1,0,105944670,1062,0,1062,-2,0,1,106
14,360,50.400000,22.608000,1,0,105944681,1066,0,1066,-2,0,1,106
14,360,50.400000,22.608000,1,0,105944691,1071,0,1071,-2,0,1,106
14,360,50.400000,22.608000,1,0,105944703,1076,0,1076,-2,0,1,106
14,360,50.400000,22.608000,1,0,105944713,1083,0,1083,-2,0,1,106
14,360,50.400000,22.608000,1,0,105944724,1091,0,1091,-2,0,1,106
14,360,50.400000,22.608000,1,0,105944734,1104,1,1104,-1,0,1,106
14,360,50.400000,22.608000,1,0,105944745,1118,2,1118,0,0,1,106
14,360,50.400000,22.608000,1,0,105944756,1129,2,1129,0,0,1,106
14,360,50.400000,22.608000,1,0,105944767,1137,2,1137,0,0,1,106
14,360,50.400000,22.608000,1,0,105944777,1141,2,1141,0,0,1,106
14,360,50.400000,22.608000,1,0,105944787,1143,2,1143,0,0,1,106
14,360,50.400000,22.608000,1,0,105944798,1145,2,1145,0,0,1,106
14,360,50.400000,22.608000,1,0,105944808,1145,2,1145,0,0,1,106
14,360,50.400000,22.608000,1,0,105944819,1145,2,1145,0,0,1,106
14,360,50.400000,22.608000,1,0,105944830,1145,2,1145,0,0,1,106
14,360,50.400000,22.608000,1,0,105944840,1145,2,1145,0,0,1,106
14,360,50.400000,22.608000,1,0,105944851,1145,2,1145,0,0,1,106
14,360,50.400000,22.608000,1,0,105944861,1145,2,1145,0,0,1,106
14,360,50.400000,22.608000,1,0,105944872,1145,2,1145,0,0,1,106
14,360,50.400000,22.608000,1,0,105944881,1145,2,1145,0,0,1,106
