14,360,82.800000,10000.000000,0,1,105938200,780,22,780,22,0,1,103
14,360,82.800000,10000.000000,0,1,105938201,780,22,780,22,0,1,103
14,360,82.800000,10000.000000,0,1,105938211,780,22,780,22,0,1,103
14,360,82.800000,10000.000000,0,1,105938222,780,22,780,22,0,1,103
14,360,82.800000,10000.000000,0,1,105938233,780,22,780,22,0,1,103
14,360,82.800000,10000.000000,0,1,105938243,780,22,780,22,0,1,103
14,360,82.800000,10000.000000,0,1,105938254,780,22,780,22,0,1,103
14,360,82.800000,10000.000000,0,1,105938265,780,22,780,22,0,1,103
14,360,82.800000,10000.000000,0,1,105938275,780,22,780,22,0,1,103
14,360,82.800000,10000.000000,0,1,105938293,780,22,780,22,0,1,103
14,360,82.800000,10000.000000,0,1,105938304,784,22,784,22,0,1,103
14,360,82.800000,10000.000000,0,1,105938315,790,22,790,22,0,1,103
14,360,82.800000,10000.000000,0,1,105938328,799,22,799,22,0,1,103
14,360,82.800000,10000.000000,0,1,105938338,814,22,814,22,0,1,103
14,360,82.800000,10000.000000,0,1,105938349,829,21,829,21,0,1,103
14,360,82.800000,10000.000000,0,1,105938361,847,20,847,20,0,1,103
14,360,82.800000,10000.000000,0,1,105938371,872,19,872,19,0,1,103
14,360,82.800000,10000.000000,0,1,105938382,902,18,902,18,0,1,103
14,360,82.800000,10000.000000,0,1,105938392,930,16,930,16,0,1,103
14,360,82.800000,10000.000000,0,1,105938404,958,16,958,16,0,1,103
14,360,82.800000,10000.000000,0,1,105938415,989,14,989,14,0,1,103
14,360,82.800000,10000.000000,0,1,105938425,1012,13,1012,13,0,1,103
14,360,82.800000,10000.000000,0,1,105938436,1029,12,1029,12,0,1,103
14,360,82.800000,10000.000000,0,1,105938447,1041,12,1041,12,0,1,103
14,360,82.800000,10000.000000,0,1,105938458,1051,12,1051,12,0,1,103
14,360,82.800000,10000.000000,0,1,105938470,1059,12,1059,12,0,1,103
14,360,82.800000,10000.000000,0,1,105938482,1067,12,1067,12,0,1,103
14,360,82.800000,10000.000000,0,1,105938492,1073,12,1073,12,0,1,103
14,360,82.800000,10000.000000,0,1,105938503,1078,12,1078,12,0,1,103
14,360,82.800000,10000.000000,0,1,105938514,1083,12,1083,12,0,1,103
14,360,82.800000,10000.000000,0,1,105938525,1089,11,1089,11,0,1,103
14,360,82.800000,10000.000000,0,1,105938536,1097,11,1097,11,0,1,103
14,360,82.800000,10000.000000,0,1,105938547,1107,10,1107,10,0,1,103
14,360,82.800000,10000.000000,0,1,105938557,1116,10,1116,10,0,1,103
14,360,82.800000,10000.000000,0,1,105938568,1128,8,1128,8,0,1,103
14,360,82.800000,10000.000000,0,1,105938579,1140,7,1140,7,0,1,103
14,360,82.800000,10000.000000,0,1,105938589,1152,6,1152,6,0,1,103
14,360,82.800000,10000.000000,0,1,105938601,1157,5,1157,5,0,1,103
14,360,82.800000,10000.000000,0,1,105938611,1160,5,1160,5,0,1,103
14,360,82.800000,10000.000000,0,1,105938622,1163,5,1163,5,0,1,103
14,360,82.800000,10000.000000,0,1,105938640,1163,5,1163,5,0,1,103
14,360,82.800000,10000.000000,0,1,105938651,1163,5,1163,5,0,1,103
14,360,82.800000,10000.000000,0,1,105938662,1163,5,1163,5,0,1,103
14,360,82.800000,10000.000000,0,1,105938672,1163,5,1163,5,0,1,103
14,360,82.800000,10000.000000,0,1,105938681,1163,5,1163,5,0,1,103
