14,360,82.800000,12.276000,0,0,105945586,780,0,780,0,0,1,107
14,360,82.800000,12.276000,0,0,105945587,780,0,780,0,0,1,107
14,360,82.800000,12.276000,0,0,105945597,780,0,780,0,0,1,107
14,360,82.800000,12.276000,0,0,105945607,780,0,780,0,0,1,107
14,360,82.800000,12.276000,0,0,105945618,780,0,780,0,0,1,107
14,360,82.800000,12.276000,0,0,105945628,780,0,780,0,0,1,107
14,360,82.800000,12.276000,0,0,105945638,780,0,780,0,0,1,107
14,360,82.800000,12.276000,0,0,105945649,780,0,780,0,0,1,107
14,360,82.800000,12.276000,0,0,105945660,780,0,780,0,0,1,107
14,360,82.800000,12.276000,0,0,105945670,780,0,780,0,0,1,107
14,360,82.800000,12.276000,0,0,105945680,780,0,780,0,0,1,107
14,360,82.800000,12.276000,0,0,105945691,780,0,780,0,0,1,107
14,360,82.800000,12.276000,0,0,105945704,780,0,780,0,0,1,107
14,360,82.800000,12.276000,0,0,105945723,784,0,784,0,0,1,107
14,360,82.800000,12.276000,0,0,105945734,799,0,799,0,0,1,107
14,360,82.800000,12.276000,0,0,105945745,811,0,811,0,0,1,107
14,360,82.800000,12.276000,0,0,105945756,830,0,830,0,0,1,107
14,360,82.800000,12.276000,0,0,105945766,857,1,857,1,0,1,107
14,360,82.800000,12.276000,0,0,105945777,880,2,880,2,0,1,107
14,360,82.800000,12.276000,0,0,105945788,909,3,909,3,0,1,107
14,360,82.800000,12.276000,0,0,105945800,936,3,936,3,0,1,107
14,360,82.800000,12.276000,0,0,105945811,967,3,967,3,0,1,107
14,360,82.800000,12.276000,0,0,105945822,996,3,996,3,0,1,107
14,360,82.800000,12.276000,0,0,105945833,1020,3,1020,3,0,1,107
14,360,82.800000,12.276000,0,0,105945844,1040,3,1040,3,0,1,107
14,360,82.800000,12.276000,0,0,105945855,1054,3,1054,3,0,1,107
14,360,82.800000,12.276000,0,0,105945866,1070,3,1070,3,0,1,107
14,360,82.800000,12.276000,0,0,105945878,1081,3,1081,3,0,1,107
14,360,82.800000,12.276000,0,0,105945896,1091,3,1091,3,0,1,107
14,360,82.800000,12.276000,0,0,105945907,1103,3,1103,3,0,1,107
14,360,82.800000,12.276000,0,0,105945918,1106,2,1106,2,0,1,107
14,360,82.800000,12.276000,0,0,105945928,1107,2,1107,2,0,1,107
14,360,82.800000,12.276000,0,0,105945938,1107,2,1107,2,0,1,107
14,360,82.800000,12.276000,0,0,105945949,1107,2,1107,2,0,1,107
14,360,82.800000,12.276000,0,0,105945959,1107,2,1107,2,0,1,107
14,360,82.800000,12.276000,0,0,105945969,1108,2,1108,2,0,1,107
14,360,82.800000,12.276000,0,0,105945980,1109,2,1109,2,0,1,107
14,360,82.800000,12.276000,0,0,105945990,1113,2,1113,2,0,1,107
14,360,82.800000,12.276000,0,0,105946001,1118,2,1118,2,0,1,107
14,360,82.800000,12.276000,0,0,105946012,1123,2,1123,2,0,1,107
14,360,82.800000,12.276000,0,0,105946023,1128,1,1128,1,0,1,107
14,360,82.800000,12.276000,0,0,105946033,1130,1,1130,1,0,1,107
14,360,82.800000,12.276000,0,0,105946043,1131,1,1131,1,0,1,107
14,360,82.800000,12.276000,0,0,105946054,1132,1,1132,1,0,1,107
14,360,82.800000,12.276000,0,0,105946063,1132,1,1132,1,0,1,107
14,360,82.800000,12.276000,0,0,105946074,1132,1,1132,1,0,1,107
14,360,82.800000,12.276000,0,0,105946084,1132,1,1132,1,0,1,107
14,360,82.800000,12.276000,0,0,105946094,1132,1,1132,1,0,1,107
14,360,82.800000,12.276000,0,0,105946105,1133,1,1133,1,0,1,107
14,360,82.800000,12.276000,0,0,105946115,1134,1,1134,1,0,1,107
14,360,82.800000,12.276000,0,0,105946133,1134,1,1134,1,0,1,107
14,360,82.800000,12.276000,0,0,105946143,1134,1,1134,1,0,1,107
