14,360,21.600000,22.608000,0,0,105890674,780,0,780,0,0,1,75
14,360,21.600000,22.608000,0,0,105890675,780,0,780,0,0,1,75
14,360,21.600000,22.608000,0,0,105890685,780,0,780,0,0,1,75
14,360,21.600000,22.608000,0,0,105890695,780,0,780,0,0,1,75
14,360,21.600000,22.608000,0,0,105890706,780,0,780,0,0,1,75
14,360,21.600000,22.608000,0,0,105890717,780,0,780,0,0,1,75
14,360,21.600000,22.608000,0,0,105890727,780,0,780,0,0,1,75
14,360,21.600000,22.608000,0,0,105890738,780,0,780,0,0,1,75
14,360,21.600000,22.608000,0,0,105890748,780,0,780,0,0,1,75
14,360,21.600000,22.608000,0,0,105890758,780,0,780,0,0,1,75
14,360,21.600000,22.608000,0,0,105890768,780,0,780,0,0,1,75
14,360,21.600000,22.608000,0,0,105890780,780,0,780,0,0,1,75
14,360,21.600000,22.608000,0,0,105890791,781,0,781,0,0,1,75
14,360,21.600000,22.608000,0,0,105890801,784,0,784,0,0,1,75
14,360,21.600000,22.608000,0,0,105890812,790,0,790,0,0,1,75
14,360,21.600000,22.608000,0,0,105890822,800,2,800,2,0,1,75
14,360,21.600000,22.608000,0,0,105890833,813,2,813,2,0,1,75
14,360,21.600000,22.608000,0,0,105890843,829,3,829,3,0,1,75
14,360,21.600000,22.608000,0,0,105890854,849,4,849,4,0,1,75
14,360,21.600000,22.608000,0,0,105890864,870,4,870,4,0,1,75
14,360,21.600000,22.608000,0,0,105890874,897,5,897,5,0,1,75
14,360,21.600000,22.608000,0,0,105890885,926,5,926,5,0,1,75
14,360,21.600000,22.608000,0,0,105890895,954,5,954,5,0,1,75
14,360,21.600000,22.608000,0,0,105890905,982,5,982,5,0,1,75
14,360,21.600000,22.608000,0,0,105890916,1011,5,1011,5,0,1,75
14,360,21.600000,22.608000,0,0,105890926,1035,5,1035,5,0,1,75
14,360,21.600000,22.608000,0,0,105890936,1056,5,1056,5,0,1,75
14,360,21.600000,22.608000,0,0,105890947,1075,5,1075,5,0,1,75
14,360,21.600000,22.608000,0,0,105890957,1090,5,1090,5,0,1,75
14,360,21.600000,22.608000,0,0,105890968,1102,5,1102,5,0,1,75
14,360,21.600000,22.608000,0,0,105890978,1109,5,1109,5,0,1,75
14,360,21.600000,22.608000,0,0,105890998,1114,5,1114,5,0,1,75
14,360,21.600000,22.608000,0,0,105891007,1122,5,1122,5,0,1,75
14,360,21.600000,22.608000,0,0,105891018,1125,5,1125,5,0,1,75
14,360,21.600000,22.608000,0,0,105891029,1128,5,1128,5,0,1,75
14,360,21.600000,22.608000,0,0,105891039,1130,5,1130,5,0,1,75
14,360,21.600000,22.608000,0,0,105891049,1132,6,1132,6,0,1,75
14,360,21.600000,22.608000,0,0,105891059,1134,7,1134,7,0,1,75
14,360,21.600000,22.608000,0,0,105891069,1134,7,1134,7,0,1,75
14,360,21.600000,22.608000,0,0,105891079,1134,7,1134,7,0,1,75
14,360,21.600000,22.608000,0,0,105891091,1134,7,1134,7,0,1,75
14,360,21.600000,22.608000,0,0,105891101,1134,7,1134,7,0,1,75
14,360,21.600000,22.608000,0,0,105891111,1134,7,1134,7,0,1,75
14,360,21.600000,22.608000,0,0,105891131,1134,7,1134,7,0,1,75
14,360,21.600000,22.608000,0,0,105891141,1134,7,1134,7,0,1,75
14,360,21.600000,22.608000,0,0,105891152,1134,7,1134,7,0,1,75
14,360,21.600000,22.608000,0,0,105891162,1134,7,1134,7,0,1,75
14,360,21.600000,22.608000,0,0,105891172,1134,7,1134,7,0,1,75
14,360,21.600000,22.608000,0,0,105891183,1134,7,1134,7,0,1,75
14,360,21.600000,22.608000,0,0,105891194,1134,7,1134,7,0,1,75
14,360,21.600000,22.608000,0,0,105891204,1134,7,1134,7,0,1,75
14,360,21.600000,22.608000,0,0,105891214,1136,7,1136,7,0,1,75
14,360,21.600000,22.608000,0,0,105891225,1136,7,1136,7,0,1,75
14,360,21.600000,22.608000,0,0,105891235,1136,7,1136,7,0,1,75
14,360,21.600000,22.608000,0,0,105891246,1136,7,1136,7,0,1,75
14,360,21.600000,22.608000,0,0,105891256,1136,7,1136,7,0,1,75
14,360,21.600000,22.608000,0,0,105891266,1136,7,1136,7,0,1,75
14,360,21.600000,22.608000,0,0,105891277,1136,7,1136,7,0,1,75
14,360,21.600000,22.608000,0,0,105891287,1136,7,1136,7,0,1,75
14,360,21.600000,22.608000,0,0,105891297,1136,7,1136,7,0,1,75
14,360,21.600000,22.608000,0,0,105891307,1136,7,1136,7,0,1,75
14,360,21.600000,22.608000,0,0,105891316,1136,7,1136,7,0,1,75
