14,360,82.800000,12.276000,1,1,105820055,780,22,780,22,0,1,34
14,360,82.800000,12.276000,1,1,105820056,780,22,780,22,0,1,34
14,360,82.800000,12.276000,1,1,105820067,780,22,780,22,0,1,34
14,360,82.800000,12.276000,1,1,105820077,780,22,780,22,0,1,34
14,360,82.800000,12.276000,1,1,105820087,780,22,780,22,0,1,34
14,360,82.800000,12.276000,1,1,105820097,780,22,780,22,0,1,34
14,360,82.800000,12.276000,1,1,105820108,780,22,780,22,0,1,34
14,360,82.800000,12.276000,1,1,105820118,780,22,780,22,0,1,34
14,360,82.800000,12.276000,1,1,105820136,780,22,780,22,0,1,34
14,360,82.800000,12.276000,1,1,105820146,780,22,780,22,0,1,34
14,360,82.800000,12.276000,1,1,105820157,781,22,781,22,0,1,34
14,360,82.800000,12.276000,1,1,105820169,786,22,786,22,0,1,34
14,360,82.800000,12.276000,1,1,105820180,797,22,797,22,0,1,34
14,360,82.800000,12.276000,1,1,105820190,809,22,809,22,0,1,34
14,360,82.800000,12.276000,1,1,105820201,826,21,826,21,0,1,34
14,360,82.800000,12.276000,1,1,105820211,844,20,844,20,0,1,34
14,360,82.800000,12.276000,1,1,105820223,859,19,859,19,0,1,34
14,360,82.800000,12.276000,1,1,105820235,876,18,876,18,0,1,34
14,360,82.800000,12.276000,1,1,105820246,915,15,915,15,0,1,34
14,360,82.800000,12.276000,1,1,105820256,932,13,932,13,0,1,34
14,360,82.800000,12.276000,1,1,105820267,947,13,947,13,0,1,34
14,360,82.800000,12.276000,1,1,105820279,963,11,963,11,0,1,34
14,360,82.800000,12.276000,1,1,105820290,978,10,978,10,0,1,34
14,360,82.800000,12.276000,1,1,105820301,992,9,992,9,0,1,34
14,360,82.800000,12.276000,1,1,105820311,1005,7,1005,7,0,1,34
14,360,82.800000,12.276000,1,1,105820322,1017,5,1017,5,0,1,34
14,360,82.800000,12.276000,1,1,105820340,1027,4,1027,4,0,1,34
14,360,82.800000,12.276000,1,1,105820351,1048,1,1048,1,0,1,34
14,360,82.800000,12.276000,1,1,105820362,1059,0,1059,-1,0,1,34
14,360,82.800000,12.276000,1,1,105820374,1070,0,1070,-3,0,1,34
14,360,82.800000,12.276000,1,1,105820384,1080,0,1080,-5,0,1,34
14,360,82.800000,12.276000,1,1,105820394,1091,0,1091,-7,0,1,34
14,360,82.800000,12.276000,1,1,105820404,1101,0,1101,-9,0,1,34
14,360,82.800000,12.276000,1,1,105820414,1109,0,1109,-10,0,1,34
14,360,82.800000,12.276000,1,1,105820435,1118,0,1118,-11,0,1,34
14,360,82.800000,12.276000,1,1,105820446,1130,0,1130,-14,0,1,34
14,360,82.800000,12.276000,1,1,105820457,1134,0,1134,-15,0,1,34
14,360,82.800000,12.276000,1,1,105820467,1138,0,1138,-16,0,1,34
14,360,82.800000,12.276000,1,1,105820478,1140,0,1140,-17,0,1,34
14,360,82.800000,12.276000,1,1,105820488,1142,0,1142,-17,0,1,34
14,360,82.800000,12.276000,1,1,105820498,1143,0,1143,-18,0,1,34
14,360,82.800000,12.276000,1,1,105820508,1143,0,1143,-18,0,1,34
14,360,82.800000,12.276000,1,1,105820518,1143,0,1143,-18,0,1,34
14,360,82.800000,12.276000,1,1,105820528,1143,0,1143,-18,0,1,34
14,360,82.800000,12.276000,1,1,105820538,1143,0,1143,-18,0,1,34
14,360,82.800000,12.276000,1,1,105820548,1143,0,1143,-18,0,1,34
14,360,82.800000,12.276000,1,1,105820558,1143,0,1143,-18,0,1,34
14,360,82.800000,12.276000,1,1,105820576,1143,0,1143,-18,0,1,34
14,360,82.800000,12.276000,1,1,105820586,1143,0,1143,-18,0,1,34
14,360,82.800000,12.276000,1,1,105820596,1143,0,1143,-18,0,1,34
14,360,82.800000,12.276000,1,1,105820606,1143,0,1143,-18,0,1,34
14,360,82.800000,12.276000,1,1,105820616,1143,0,1143,-18,0,1,34
14,360,82.800000,12.276000,1,1,105820626,1143,0,1143,-18,0,1,34
14,360,82.800000,12.276000,1,1,105820637,1143,0,1143,-18,0,1,34
14,360,82.800000,12.276000,1,1,105820647,1143,0,1143,-18,0,1,34
14,360,82.800000,12.276000,1,1,105820657,1143,0,1143,-18,0,1,34
14,360,82.800000,12.276000,1,1,105820666,1143,0,1143,-18,0,1,34
