14,720,82.800000,22.608000,1,0,105815636,600,0,600,0,0,1,31
14,720,82.800000,22.608000,1,0,105815637,600,0,600,0,0,1,31
14,720,82.800000,22.608000,1,0,105815646,600,0,600,0,0,1,31
14,720,82.800000,22.608000,1,0,105815656,600,0,600,0,0,1,31
14,720,82.800000,22.608000,1,0,105815666,600,0,600,0,0,1,31
14,720,82.800000,22.608000,1,0,105815675,600,0,600,0,0,1,31
14,720,82.800000,22.608000,1,0,105815685,600,0,600,0,0,1,31
14,720,82.800000,22.608000,1,0,105815695,600,0,600,0,0,1,31
14,720,82.800000,22.608000,1,0,105815705,600,0,600,0,0,1,31
14,720,82.800000,22.608000,1,0,105815715,600,0,600,0,0,1,31
14,720,82.800000,22.608000,1,0,105815725,600,0,600,0,0,1,31
14,720,82.800000,22.608000,1,0,105815735,600,0,600,0,0,1,31
14,720,82.800000,22.608000,1,0,105815753,600,0,600,0,0,1,31
14,720,82.800000,22.608000,1,0,105815764,608,1,608,1,0,1,31
14,720,82.800000,22.608000,1,0,105815775,617,3,617,3,0,1,31
14,720,82.800000,22.608000,1,0,105815786,629,4,629,4,0,1,31
14,720,82.800000,22.608000,1,0,105815795,643,5,643,5,0,1,31
14,720,82.800000,22.608000,1,0,105815814,663,6,663,6,0,1,31
14,720,82.800000,22.608000,1,0,105815825,709,6,709,6,0,1,31
14,720,82.800000,22.608000,1,0,105815836,735,6,735,6,0,1,31
14,720,82.800000,22.608000,1,0,105815847,771,6,771,6,0,1,31
14,720,82.800000,22.608000,1,0,105815858,809,6,809,6,0,1,31
14,720,82.800000,22.608000,1,0,105815869,850,5,850,5,0,1,31
14,720,82.800000,22.608000,1,0,105815879,897,3,897,3,0,1,31
14,720,82.800000,22.608000,1,0,105815892,954,2,954,2,0,1,31
14,720,82.800000,22.608000,1,0,105815903,1009,0,1009,0,0,1,31
14,720,82.800000,22.608000,1,0,105815922,1067,0,1067,-2,0,1,31
14,720,82.800000,22.608000,1,0,105815933,1168,0,1168,-11,0,1,31
14,720,82.800000,22.608000,1,0,105815944,1215,0,1215,-15,0,1,31
14,720,82.800000,22.608000,1,0,105815955,1247,0,1247,-17,0,1,31
14,720,82.800000,22.608000,1,0,105815966,1272,0,1272,-19,0,1,31
14,720,82.800000,22.608000,1,0,105815977,1293,0,1293,-21,0,1,31
14,720,82.800000,22.608000,1,0,105815988,1306,0,1306,-23,0,1,31
14,720,82.800000,22.608000,1,0,105815999,1315,0,1315,-24,0,1,31
14,720,82.800000,22.608000,1,0,105816010,1319,0,1319,-24,0,1,31
14,720,82.800000,22.608000,1,0,105816020,1321,0,1321,-24,0,1,31
14,720,82.800000,22.608000,1,0,105816031,1323,0,1323,-24,0,1,31
14,720,82.800000,22.608000,1,0,105816041,1324,0,1324,-24,0,1,31
14,720,82.800000,22.608000,1,0,105816051,1325,0,1325,-24,0,1,31
14,720,82.800000,22.608000,1,0,105816061,1326,0,1326,-24,0,1,31
14,720,82.800000,22.608000,1,0,105816072,1327,0,1327,-24,0,1,31
14,720,82.800000,22.608000,1,0,105816082,1329,0,1329,-24,0,1,31
14,720,82.800000,22.608000,1,0,105816093,1333,0,1333,-24,0,1,31
14,720,82.800000,22.608000,1,0,105816104,1342,0,1342,-24,0,1,31
14,720,82.800000,22.608000,1,0,105816114,1351,0,1351,-24,0,1,31
14,720,82.800000,22.608000,1,0,105816124,1364,0,1364,-24,0,1,31
14,720,82.800000,22.608000,1,0,105816135,1374,0,1374,-24,0,1,31
14,720,82.800000,22.608000,1,0,105816146,1383,0,1383,-24,0,1,31
14,720,82.800000,22.608000,1,0,105816157,1398,0,1398,-24,0,1,31
14,720,82.800000,22.608000,1,0,105816167,1398,0,1398,-24,0,1,31
14,720,82.800000,22.608000,1,0,105816177,1398,0,1398,-24,0,1,31
14,720,82.800000,22.608000,1,0,105816187,1398,0,1398,-24,0,1,31
14,720,82.800000,22.608000,1,0,105816197,1398,0,1398,-24,0,1,31
14,720,82.800000,22.608000,1,0,105816207,1397,0,1397,-24,0,1,31
14,720,82.800000,22.608000,1,0,105816217,1396,0,1396,-24,0,1,31
14,720,82.800000,22.608000,1,0,105816227,1396,0,1396,-24,0,1,31
14,720,82.800000,22.608000,1,0,105816237,1396,0,1396,-24,0,1,31
14,720,82.800000,22.608000,1,0,105816247,1396,0,1396,-24,0,1,31
14,720,82.800000,22.608000,1,0,105816257,1396,0,1396,-24,0,1,31
14,720,82.800000,22.608000,1,0,105816267,1395,0,1395,-24,0,1,31
14,720,82.800000,22.608000,1,0,105816279,1393,0,1393,-24,0,1,31
14,720,82.800000,22.608000,1,0,105816289,1388,1,1388,-23,0,1,31
14,720,82.800000,22.608000,1,0,105816299,1382,2,1382,-22,0,1,31
14,720,82.800000,22.608000,1,0,105816310,1376,4,1376,-20,0,1,31
14,720,82.800000,22.608000,1,0,105816321,1369,5,1369,-19,0,1,31
14,720,82.800000,22.608000,1,0,105816332,1362,6,1362,-18,0,1,31
14,720,82.800000,22.608000,1,0,105816343,1358,7,1358,-17,0,1,31
14,720,82.800000,22.608000,1,0,105816353,1355,7,1355,-17,0,1,31
14,720,82.800000,22.608000,1,0,105816364,1353,7,1353,-17,0,1,31
14,720,82.800000,22.608000,1,0,105816374,1353,7,1353,-17,0,1,31
14,720,82.800000,22.608000,1,0,105816384,1352,7,1352,-17,0,1,31
14,720,82.800000,22.608000,1,0,105816395,1352,7,1352,-17,0,1,31
14,720,82.800000,22.608000,1,0,105816405,1352,7,1352,-17,0,1,31
14,720,82.800000,22.608000,1,0,105816415,1352,7,1352,-17,0,1,31
14,720,82.800000,22.608000,1,0,105816425,1352,7,1352,-17,0,1,31
14,720,82.800000,22.608000,1,0,105816436,1352,7,1352,-17,0,1,31
14,720,82.800000,22.608000,1,0,105816446,1352,7,1352,-17,0,1,31
14,720,82.800000,22.608000,1,0,105816456,1351,8,1351,-16,0,1,31
14,720,82.800000,22.608000,1,0,105816466,1350,8,1350,-16,0,1,31
14,720,82.800000,22.608000,1,0,105816475,1349,8,1349,-16,0,1,31
