14,720,50.400000,12.276000,0,1,105792896,600,22,600,22,0,1,18
14,720,50.400000,12.276000,0,1,105792897,600,22,600,22,0,1,18
14,720,50.400000,12.276000,0,1,105792907,600,22,600,22,0,1,18
14,720,50.400000,12.276000,0,1,105792918,600,22,600,22,0,1,18
14,720,50.400000,12.276000,0,1,105792928,600,22,600,22,0,1,18
14,720,50.400000,12.276000,0,1,105792938,600,22,600,22,0,1,18
14,720,50.400000,12.276000,0,1,105792949,600,22,600,22,0,1,18
14,720,50.400000,12.276000,0,1,105792959,600,22,600,22,0,1,18
14,720,50.400000,12.276000,0,1,105792969,600,22,600,22,0,1,18
14,720,50.400000,12.276000,0,1,105792979,600,22,600,22,0,1,18
14,720,50.400000,12.276000,0,1,105792990,603,23,603,23,0,1,18
14,720,50.400000,12.276000,0,1,105793000,607,23,607,23,0,1,18
14,720,50.400000,12.276000,0,1,105793010,614,24,614,24,0,1,18
14,720,50.400000,12.276000,0,1,105793021,623,24,623,24,0,1,18
14,720,50.400000,12.276000,0,1,105793032,635,24,635,24,0,1,18
14,720,50.400000,12.276000,0,1,105793042,652,24,652,24,0,1,18
14,720,50.400000,12.276000,0,1,105793053,673,24,673,24,0,1,18
14,720,50.400000,12.276000,0,1,105793064,704,24,704,24,0,1,18
14,720,50.400000,12.276000,0,1,105793074,735,24,735,24,0,1,18
14,720,50.400000,12.276000,0,1,105793086,769,23,769,23,0,1,18
14,720,50.400000,12.276000,0,1,105793097,805,23,805,23,0,1,18
14,720,50.400000,12.276000,0,1,105793108,836,23,836,23,0,1,18
14,720,50.400000,12.276000,0,1,105793118,869,23,869,23,0,1,18
14,720,50.400000,12.276000,0,1,105793129,898,23,898,23,0,1,18
14,720,50.400000,12.276000,0,1,105793140,923,23,923,23,0,1,18
14,720,50.400000,12.276000,0,1,105793150,953,23,953,23,0,1,18
14,720,50.400000,12.276000,0,1,105793161,981,24,981,24,0,1,18
14,720,50.400000,12.276000,0,1,105793172,1008,24,1008,24,0,1,18
14,720,50.400000,12.276000,0,1,105793182,1038,24,1038,24,0,1,18
14,720,50.400000,12.276000,0,1,105793193,1064,24,1064,24,0,1,18
14,720,50.400000,12.276000,0,1,105793204,1084,24,1084,24,0,1,18
14,720,50.400000,12.276000,0,1,105793214,1100,24,1100,24,0,1,18
14,720,50.400000,12.276000,0,1,105793224,1114,24,1114,24,0,1,18
14,720,50.400000,12.276000,0,1,105793235,1127,25,1127,25,0,1,18
14,720,50.400000,12.276000,0,1,105793246,1141,26,1141,26,0,1,18
14,720,50.400000,12.276000,0,1,105793257,1157,26,1157,26,0,1,18
14,720,50.400000,12.276000,0,1,105793267,1176,26,1176,26,0,1,18
14,720,50.400000,12.276000,0,1,105793278,1196,26,1196,26,0,1,18
14,720,50.400000,12.276000,0,1,105793288,1214,25,1214,25,0,1,18
14,720,50.400000,12.276000,0,1,105793299,1235,24,1235,24,0,1,18
14,720,50.400000,12.276000,0,1,105793309,1253,22,1253,22,0,1,18
14,720,50.400000,12.276000,0,1,105793320,1274,21,1274,21,0,1,18
14,720,50.400000,12.276000,0,1,105793330,1293,20,1293,20,0,1,18
14,720,50.400000,12.276000,0,1,105793341,1308,18,1308,18,0,1,18
14,720,50.400000,12.276000,0,1,105793353,1324,16,1324,16,0,1,18
14,720,50.400000,12.276000,0,1,105793363,1338,14,1338,14,0,1,18
14,720,50.400000,12.276000,0,1,105793374,1346,13,1346,13,0,1,18
14,720,50.400000,12.276000,0,1,105793384,1353,12,1353,12,0,1,18
14,720,50.400000,12.276000,0,1,105793394,1357,12,1357,12,0,1,18
14,720,50.400000,12.276000,0,1,105793403,1358,11,1358,11,0,1,18
14,720,50.400000,12.276000,0,1,105793415,1358,11,1358,11,0,1,18
14,720,50.400000,12.276000,0,1,105793424,1358,11,1358,11,0,1,18
14,720,50.400000,12.276000,0,1,105793434,1357,11,1357,11,0,1,18
14,720,50.400000,12.276000,0,1,105793445,1355,10,1355,10,0,1,18
14,720,50.400000,12.276000,0,1,105793455,1354,10,1354,10,0,1,18
14,720,50.400000,12.276000,0,1,105793465,1353,10,1353,10,0,1,18
14,720,50.400000,12.276000,0,1,105793476,1352,10,1352,10,0,1,18
14,720,50.400000,12.276000,0,1,105793486,1352,10,1352,10,0,1,18
14,720,50.400000,12.276000,0,1,105793495,1352,10,1352,10,0,1,18
14,720,50.400000,12.276000,0,1,105793505,1352,10,1352,10,0,1,18
14,720,50.400000,12.276000,0,1,105793515,1351,10,1351,10,0,1,18
14,720,50.400000,12.276000,0,1,105793525,1349,10,1349,10,0,1,18
14,720,50.400000,12.276000,0,1,105793537,1346,10,1346,10,0,1,18
14,720,50.400000,12.276000,0,1,105793548,1342,10,1342,10,0,1,18
14,720,50.400000,12.276000,0,1,105793558,1336,10,1336,10,0,1,18
14,720,50.400000,12.276000,0,1,105793568,1331,10,1331,10,0,1,18
14,720,50.400000,12.276000,0,1,105793578,1326,10,1326,10,0,1,18
14,720,50.400000,12.276000,0,1,105793588,1321,10,1321,10,0,1,18
14,720,50.400000,12.276000,0,1,105793598,1319,10,1319,10,0,1,18
14,720,50.400000,12.276000,0,1,105793608,1319,11,1319,11,0,1,18
14,720,50.400000,12.276000,0,1,105793618,1319,11,1319,11,0,1,18
14,720,50.400000,12.276000,0,1,105793628,1319,11,1319,11,0,1,18
14,720,50.400000,12.276000,0,1,105793638,1319,11,1319,11,0,1,18
14,720,50.400000,12.276000,0,1,105793647,1319,11,1319,11,0,1,18
14,720,50.400000,12.276000,0,1,105793657,1319,11,1319,11,0,1,18
14,720,50.400000,12.276000,0,1,105793666,1319,11,1319,11,0,1,18
