14,720,50.400000,10000.000000,1,0,105810853,600,0,600,0,0,1,29
14,720,50.400000,10000.000000,1,0,105810854,600,0,600,0,0,1,29
14,720,50.400000,10000.000000,1,0,105810871,600,0,600,0,0,1,29
14,720,50.400000,10000.000000,1,0,105810881,600,0,600,0,0,1,29
14,720,50.400000,10000.000000,1,0,105810891,600,0,600,0,0,1,29
14,720,50.400000,10000.000000,1,0,105810901,600,0,600,0,0,1,29
14,720,50.400000,10000.000000,1,0,105810911,600,0,600,0,0,1,29
14,720,50.400000,10000.000000,1,0,105810921,600,0,600,0,0,1,29
14,720,50.400000,10000.000000,1,0,105810931,600,0,600,0,0,1,29
14,720,50.400000,10000.000000,1,0,105810941,600,0,600,0,0,1,29
14,720,50.400000,10000.000000,1,0,105810952,600,0,600,0,0,1,29
14,720,50.400000,10000.000000,1,0,105810963,600,0,600,0,0,1,29
14,720,50.400000,10000.000000,1,0,105810974,600,0,600,0,0,1,29
14,720,50.400000,10000.000000,1,0,105810984,602,0,602,0,0,1,29
14,720,50.400000,10000.000000,1,0,105810995,606,0,606,-1,0,1,29
14,720,50.400000,10000.000000,1,0,105811006,612,0,612,-3,0,1,29
14,720,50.400000,10000.000000,1,0,105811016,620,0,620,-4,0,1,29
14,720,50.400000,10000.000000,1,0,105811027,628,0,628,-5,0,1,29
14,720,50.400000,10000.000000,1,0,105811047,640,0,640,-6,0,1,29
14,720,50.400000,10000.000000,1,0,105811058,666,0,666,-8,0,1,29
14,720,50.400000,10000.000000,1,0,105811069,683,0,683,-8,0,1,29
14,720,50.400000,10000.000000,1,0,105811081,701,0,701,-8,0,1,29
14,720,50.400000,10000.000000,1,0,105811091,722,0,722,-9,0,1,29
14,720,50.400000,10000.000000,1,0,105811102,745,0,745,-9,0,1,29
14,720,50.400000,10000.000000,1,0,105811112,767,0,767,-9,0,1,29
14,720,50.400000,10000.000000,1,0,105811124,795,0,795,-10,0,1,29
14,720,50.400000,10000.000000,1,0,105811135,829,0,829,-11,0,1,29
14,720,50.400000,10000.000000,1,0,105811146,872,0,872,-12,0,1,29
14,720,50.400000,10000.000000,1,0,105811157,918,0,918,-13,0,1,29
14,720,50.400000,10000.000000,1,0,105811169,965,0,965,-15,0,1,29
14,720,50.400000,10000.000000,1,0,105811189,1011,0,1011,-18,0,1,29
14,720,50.400000,10000.000000,1,0,105811200,1075,0,1075,-23,0,1,29
14,720,50.400000,10000.000000,1,0,105811210,1102,0,1102,-25,0,1,29
14,720,50.400000,10000.000000,1,0,105811220,1121,0,1121,-26,0,1,29
14,720,50.400000,10000.000000,1,0,105811231,1135,0,1135,-27,0,1,29
14,720,50.400000,10000.000000,1,0,105811241,1145,0,1145,-28,0,1,29
14,720,50.400000,10000.000000,1,0,105811252,1153,0,1153,-29,0,1,29
14,720,50.400000,10000.000000,1,0,105811262,1158,0,1158,-29,0,1,29
14,720,50.400000,10000.000000,1,0,105811273,1163,0,1163,-30,0,1,29
14,720,50.400000,10000.000000,1,0,105811283,1166,0,1166,-31,0,1,29
14,720,50.400000,10000.000000,1,0,105811293,1169,0,1169,-31,0,1,29
14,720,50.400000,10000.000000,1,0,105811303,1171,0,1171,-32,0,1,29
14,720,50.400000,10000.000000,1,0,105811314,1171,0,1171,-32,0,1,29
14,720,50.400000,10000.000000,1,0,105811324,1171,0,1171,-32,0,1,29
14,720,50.400000,10000.000000,1,0,105811334,1171,0,1171,-32,0,1,29
14,720,50.400000,10000.000000,1,0,105811344,1172,0,1172,-32,0,1,29
14,720,50.400000,10000.000000,1,0,105811363,1173,0,1173,-32,0,1,29
14,720,50.400000,10000.000000,1,0,105811375,1183,0,1183,-32,0,1,29
14,720,50.400000,10000.000000,1,0,105811387,1190,0,1190,-32,0,1,29
14,720,50.400000,10000.000000,1,0,105811398,1199,0,1199,-32,0,1,29
14,720,50.400000,10000.000000,1,0,105811408,1209,0,1209,-32,0,1,29
14,720,50.400000,10000.000000,1,0,105811419,1221,0,1221,-32,0,1,29
14,720,50.400000,10000.000000,1,0,105811429,1232,1,1232,-31,0,1,29
14,720,50.400000,10000.000000,1,0,105811440,1243,1,1243,-31,0,1,29
14,720,50.400000,10000.000000,1,0,105811460,1258,1,1258,-31,0,1,29
14,720,50.400000,10000.000000,1,0,105811470,1281,2,1281,-30,0,1,29
14,720,50.400000,10000.000000,1,0,105811480,1289,2,1289,-30,0,1,29
14,720,50.400000,10000.000000,1,0,105811490,1295,2,1295,-30,0,1,29
14,720,50.400000,10000.000000,1,0,105811500,1298,2,1298,-30,0,1,29
14,720,50.400000,10000.000000,1,0,105811512,1299,2,1299,-30,0,1,29
14,720,50.400000,10000.000000,1,0,105811522,1301,3,1301,-29,0,1,29
14,720,50.400000,10000.000000,1,0,105811533,1302,3,1302,-29,0,1,29
14,720,50.400000,10000.000000,1,0,105811544,1303,3,1303,-29,0,1,29
14,720,50.400000,10000.000000,1,0,105811555,1303,3,1303,-29,0,1,29
14,720,50.400000,10000.000000,1,0,105811566,1303,3,1303,-29,0,1,29
14,720,50.400000,10000.000000,1,0,105811577,1303,3,1303,-29,0,1,29
14,720,50.400000,10000.000000,1,0,105811588,1303,3,1303,-29,0,1,29
14,720,50.400000,10000.000000,1,0,105811598,1303,3,1303,-29,0,1,29
14,720,50.400000,10000.000000,1,0,105811616,1303,3,1303,-29,0,1,29
14,720,50.400000,10000.000000,1,0,105811627,1303,3,1303,-29,0,1,29
14,720,50.400000,10000.000000,1,0,105811637,1303,3,1303,-29,0,1,29
14,720,50.400000,10000.000000,1,0,105811647,1303,3,1303,-29,0,1,29
14,720,50.400000,10000.000000,1,0,105811657,1303,3,1303,-29,0,1,29
14,720,50.400000,10000.000000,1,0,105811667,1304,3,1304,-29,0,1,29
14,720,50.400000,10000.000000,1,0,105811677,1305,3,1305,-29,0,1,29
14,720,50.400000,10000.000000,1,0,105811687,1305,3,1305,-29,0,1,29
14,720,50.400000,10000.000000,1,0,105811697,1305,3,1305,-29,0,1,29
14,720,50.400000,10000.000000,1,0,105811706,1305,3,1305,-29,0,1,29
