14,720,82.800000,10000.000000,1,1,105902330,600,22,600,22,0,1,82
14,720,82.800000,10000.000000,1,1,105902331,600,22,600,22,0,1,82
14,720,82.800000,10000.000000,1,1,105902342,600,22,600,22,0,1,82
14,720,82.800000,10000.000000,1,1,105902352,600,22,600,22,0,1,82
14,720,82.800000,10000.000000,1,1,105902362,600,22,600,22,0,1,82
14,720,82.800000,10000.000000,1,1,105902372,600,22,600,22,0,1,82
14,720,82.800000,10000.000000,1,1,105902383,600,22,600,22,0,1,82
14,720,82.800000,10000.000000,1,1,105902393,600,22,600,22,0,1,82
14,720,82.800000,10000.000000,1,1,105902404,600,22,600,22,0,1,82
14,720,82.800000,10000.000000,1,1,105902414,600,22,600,22,0,1,82
14,720,82.800000,10000.000000,1,1,105902425,600,21,600,21,0,1,82
14,720,82.800000,10000.000000,1,1,105902436,601,21,601,21,0,1,82
14,720,82.800000,10000.000000,1,1,105902448,604,20,604,20,0,1,82
14,720,82.800000,10000.000000,1,1,105902458,611,19,611,19,0,1,82
14,720,82.800000,10000.000000,1,1,105902470,620,19,620,19,0,1,82
14,720,82.800000,10000.000000,1,1,105902481,632,19,632,19,0,1,82
14,720,82.800000,10000.000000,1,1,105902491,649,17,649,17,0,1,82
14,720,82.800000,10000.000000,1,1,105902505,667,16,667,16,0,1,82
14,720,82.800000,10000.000000,1,1,105902516,693,14,693,14,0,1,82
14,720,82.800000,10000.000000,1,1,105902527,720,12,720,12,0,1,82
14,720,82.800000,10000.000000,1,1,105902537,755,11,755,11,0,1,82
14,720,82.800000,10000.000000,1,1,105902548,790,10,790,10,0,1,82
14,720,82.800000,10000.000000,1,1,105902559,833,8,833,8,0,1,82
14,720,82.800000,10000.000000,1,1,105902571,879,6,879,6,0,1,82
14,720,82.800000,10000.000000,1,1,105902582,935,4,935,4,0,1,82
14,720,82.800000,10000.000000,1,1,105902593,998,2,998,2,0,1,82
14,720,82.800000,10000.000000,1,1,105902603,1054,1,1054,1,0,1,82
14,720,82.800000,10000.000000,1,1,105902614,1100,0,1100,-2,0,1,82
14,720,82.800000,10000.000000,1,1,105902624,1150,0,1150,-6,0,1,82
14,720,82.800000,10000.000000,1,1,105902635,1183,0,1183,-10,0,1,82
14,720,82.800000,10000.000000,1,1,105902647,1212,0,1212,-13,0,1,82
14,720,82.800000,10000.000000,1,1,105902657,1232,0,1232,-14,0,1,82
14,720,82.800000,10000.000000,1,1,105902668,1246,0,1246,-14,0,1,82
14,720,82.800000,10000.000000,1,1,105902678,1257,0,1257,-14,0,1,82
14,720,82.800000,10000.000000,1,1,105902689,1267,0,1267,-14,0,1,82
14,720,82.800000,10000.000000,1,1,105902699,1278,0,1278,-14,0,1,82
14,720,82.800000,10000.000000,1,1,105902710,1289,0,1289,-14,0,1,82
14,720,82.800000,10000.000000,1,1,105902721,1302,0,1302,-15,0,1,82
14,720,82.800000,10000.000000,1,1,105902731,1316,0,1316,-15,0,1,82
14,720,82.800000,10000.000000,1,1,105902742,1328,0,1328,-16,0,1,82
14,720,82.800000,10000.000000,1,1,105902752,1338,0,1338,-16,0,1,82
14,720,82.800000,10000.000000,1,1,105902763,1345,0,1345,-16,0,1,82
14,720,82.800000,10000.000000,1,1,105902773,1349,0,1349,-16,0,1,82
14,720,82.800000,10000.000000,1,1,105902783,1350,0,1350,-16,0,1,82
14,720,82.800000,10000.000000,1,1,105902794,1350,0,1350,-16,0,1,82
14,720,82.800000,10000.000000,1,1,105902804,1350,0,1350,-16,0,1,82
14,720,82.800000,10000.000000,1,1,105902814,1350,0,1350,-16,0,1,82
14,720,82.800000,10000.000000,1,1,105902825,1350,0,1350,-16,0,1,82
14,720,82.800000,10000.000000,1,1,105902835,1350,0,1350,-16,0,1,82
14,720,82.800000,10000.000000,1,1,105902846,1350,0,1350,-16,0,1,82
14,720,82.800000,10000.000000,1,1,105902856,1350,0,1350,-16,0,1,82
14,720,82.800000,10000.000000,1,1,105902867,1350,0,1350,-16,0,1,82
14,720,82.800000,10000.000000,1,1,105902877,1350,0,1350,-16,0,1,82
14,720,82.800000,10000.000000,1,1,105902888,1350,0,1350,-16,0,1,82
14,720,82.800000,10000.000000,1,1,105902898,1350,0,1350,-16,0,1,82
14,720,82.800000,10000.000000,1,1,105902908,1350,0,1350,-16,0,1,82
