14,360,82.800000,42.984000,0,1,105855130,780,22,780,22,0,1,54
14,360,82.800000,42.984000,0,1,105855131,780,22,780,22,0,1,54
14,360,82.800000,42.984000,0,1,105855142,780,22,780,22,0,1,54
14,360,82.800000,42.984000,0,1,105855152,780,22,780,22,0,1,54
14,360,82.800000,42.984000,0,1,105855162,780,22,780,22,0,1,54
14,360,82.800000,42.984000,0,1,105855173,780,22,780,22,0,1,54
14,360,82.800000,42.984000,0,1,105855183,780,22,780,22,0,1,54
14,360,82.800000,42.984000,0,1,105855193,780,22,780,22,0,1,54
14,360,82.800000,42.984000,0,1,105855205,784,22,784,22,0,1,54
14,360,82.800000,42.984000,0,1,105855216,790,21,790,21,0,1,54
14,360,82.800000,42.984000,0,1,105855226,799,20,799,20,0,1,54
14,360,82.800000,42.984000,0,1,105855248,811,19,811,19,0,1,54
14,360,82.800000,42.984000,0,1,105855258,846,16,846,16,0,1,54
14,360,82.800000,42.984000,0,1,105855269,863,15,863,15,0,1,54
14,360,82.800000,42.984000,0,1,105855279,883,13,883,13,0,1,54
14,360,82.800000,42.984000,0,1,105855290,903,10,903,10,0,1,54
14,360,82.800000,42.984000,0,1,105855310,920,9,920,9,0,1,54
14,360,82.800000,42.984000,0,1,105855320,949,6,949,6,0,1,54
14,360,82.800000,42.984000,0,1,105855332,960,6,960,6,0,1,54
14,360,82.800000,42.984000,0,1,105855342,970,4,970,4,0,1,54
14,360,82.800000,42.984000,0,1,105855352,978,4,978,4,0,1,54
14,360,82.800000,42.984000,0,1,105855363,986,3,986,3,0,1,54
14,360,82.800000,42.984000,0,1,105855374,994,2,994,2,0,1,54
14,360,82.800000,42.984000,0,1,105855385,1002,1,1002,1,0,1,54
14,360,82.800000,42.984000,0,1,105855395,1009,1,1009,1,0,1,54
14,360,82.800000,42.984000,0,1,105855405,1015,1,1015,1,0,1,54
14,360,82.800000,42.984000,0,1,105855416,1024,0,1024,0,0,1,54
14,360,82.800000,42.984000,0,1,105855428,1032,0,1032,0,0,1,54
14,360,82.800000,42.984000,0,1,105855438,1043,0,1043,-2,0,1,54
14,360,82.800000,42.984000,0,1,105855450,1056,0,1056,-3,0,1,54
14,360,82.800000,42.984000,0,1,105855461,1068,0,1068,-3,0,1,54
14,360,82.800000,42.984000,0,1,105855471,1081,0,1081,-3,0,1,54
14,360,82.800000,42.984000,0,1,105855483,1096,0,1096,-4,0,1,54
14,360,82.800000,42.984000,0,1,105855493,1110,0,1110,-5,0,1,54
14,360,82.800000,42.984000,0,1,105855504,1122,0,1122,-5,0,1,54
14,360,82.800000,42.984000,0,1,105855515,1132,0,1132,-6,0,1,54
14,360,82.800000,42.984000,0,1,105855526,1139,0,1139,-6,0,1,54
14,360,82.800000,42.984000,0,1,105855538,1144,0,1144,-6,0,1,54
14,360,82.800000,42.984000,0,1,105855549,1148,0,1148,-7,0,1,54
14,360,82.800000,42.984000,0,1,105855560,1152,0,1152,-7,0,1,54
14,360,82.800000,42.984000,0,1,105855571,1154,0,1154,-7,0,1,54
14,360,82.800000,42.984000,0,1,105855581,1156,0,1156,-7,0,1,54
14,360,82.800000,42.984000,0,1,105855591,1158,0,1158,-7,0,1,54
14,360,82.800000,42.984000,0,1,105855601,1158,0,1158,-7,0,1,54
14,360,82.800000,42.984000,0,1,105855612,1158,0,1158,-7,0,1,54
14,360,82.800000,42.984000,0,1,105855622,1158,0,1158,-7,0,1,54
14,360,82.800000,42.984000,0,1,105855632,1158,0,1158,-7,0,1,54
14,360,82.800000,42.984000,0,1,105855642,1158,0,1158,-7,0,1,54
14,360,82.800000,42.984000,0,1,105855652,1158,0,1158,-7,0,1,54
14,360,82.800000,42.984000,0,1,105855662,1158,0,1158,-7,0,1,54
14,360,82.800000,42.984000,0,1,105855672,1158,0,1158,-7,0,1,54
14,360,82.800000,42.984000,0,1,105855684,1158,0,1158,-7,0,1,54
14,360,82.800000,42.984000,0,1,105855694,1158,0,1158,-7,0,1,54
14,360,82.800000,42.984000,0,1,105855706,1158,0,1158,-7,0,1,54
14,360,82.800000,42.984000,0,1,105855716,1158,0,1158,-7,0,1,54
14,360,82.800000,42.984000,0,1,105855726,1158,0,1158,-7,0,1,54
14,360,82.800000,42.984000,0,1,105855736,1158,0,1158,-7,0,1,54
14,360,82.800000,42.984000,0,1,105855746,1158,0,1158,-7,0,1,54
14,360,82.800000,42.984000,0,1,105855756,1158,0,1158,-7,0,1,54
