14,720,82.800000,0.000000,1,0,105929965,600,0,600,0,0,1,98
14,720,82.800000,0.000000,1,0,105929966,600,0,600,0,0,1,98
14,720,82.800000,0.000000,1,0,105929977,600,0,600,0,0,1,98
14,720,82.800000,0.000000,1,0,105929987,600,0,600,0,0,1,98
14,720,82.800000,0.000000,1,0,105929998,600,0,600,0,0,1,98
14,720,82.800000,0.000000,1,0,105930009,600,0,600,0,0,1,98
14,720,82.800000,0.000000,1,0,105930019,600,0,600,0,0,1,98
14,720,82.800000,0.000000,1,0,105930029,600,0,600,0,0,1,98
14,720,82.800000,0.000000,1,0,105930040,600,0,600,0,0,1,98
14,720,82.800000,0.000000,1,0,105930051,600,0,600,0,0,1,98
14,720,82.800000,0.000000,1,0,105930061,600,0,600,0,0,1,98
14,720,82.800000,0.000000,1,0,105930072,600,0,600,0,0,1,98
14,720,82.800000,0.000000,1,0,105930084,600,0,600,0,0,1,98
14,720,82.800000,0.000000,1,0,105930096,603,0,603,0,0,1,98
14,720,82.800000,0.000000,1,0,105930106,609,1,609,1,0,1,98
14,720,82.800000,0.000000,1,0,105930118,617,1,617,1,0,1,98
14,720,82.800000,0.000000,1,0,105930129,631,1,631,1,0,1,98
14,720,82.800000,0.000000,1,0,105930139,650,1,650,1,0,1,98
14,720,82.800000,0.000000,1,0,105930150,670,1,670,1,0,1,98
14,720,82.800000,0.000000,1,0,105930160,696,1,696,1,0,1,98
14,720,82.800000,0.000000,1,0,105930171,720,0,720,0,0,1,98
14,720,82.800000,0.000000,1,0,105930183,755,0,755,-2,0,1,98
14,720,82.800000,0.000000,1,0,105930195,796,0,796,-4,0,1,98
14,720,82.800000,0.000000,1,0,105930206,842,0,842,-7,0,1,98
14,720,82.800000,0.000000,1,0,105930217,884,0,884,-9,0,1,98
14,720,82.800000,0.000000,1,0,105930227,927,0,927,-10,0,1,98
14,720,82.800000,0.000000,1,0,105930238,976,0,976,-14,0,1,98
14,720,82.800000,0.000000,1,0,105930248,1020,0,1020,-17,0,1,98
14,720,82.800000,0.000000,1,0,105930259,1068,0,1068,-21,0,1,98
14,720,82.800000,0.000000,1,0,105930270,1105,0,1105,-24,0,1,98
14,720,82.800000,0.000000,1,0,105930281,1137,0,1137,-28,0,1,98
14,720,82.800000,0.000000,1,0,105930291,1158,0,1158,-30,0,1,98
14,720,82.800000,0.000000,1,0,105930303,1172,0,1172,-31,0,1,98
14,720,82.800000,0.000000,1,0,105930313,1180,0,1180,-31,0,1,98
14,720,82.800000,0.000000,1,0,105930323,1184,0,1184,-31,0,1,98
14,720,82.800000,0.000000,1,0,105930333,1187,0,1187,-31,0,1,98
14,720,82.800000,0.000000,1,0,105930344,1187,0,1187,-31,0,1,98
14,720,82.800000,0.000000,1,0,105930355,1187,0,1187,-31,0,1,98
14,720,82.800000,0.000000,1,0,105930365,1187,0,1187,-31,0,1,98
14,720,82.800000,0.000000,1,0,105930375,1187,0,1187,-31,0,1,98
14,720,82.800000,0.000000,1,0,105930386,1187,0,1187,-31,0,1,98
14,720,82.800000,0.000000,1,0,105930396,1187,0,1187,-31,0,1,98
14,720,82.800000,0.000000,1,0,105930407,1187,0,1187,-31,0,1,98
14,720,82.800000,0.000000,1,0,105930417,1187,0,1187,-31,0,1,98
14,720,82.800000,0.000000,1,0,105930428,1187,0,1187,-31,0,1,98
14,720,82.800000,0.000000,1,0,105930438,1187,0,1187,-31,0,1,98
14,720,82.800000,0.000000,1,0,105930448,1188,0,1188,-32,0,1,98
14,720,82.800000,0.000000,1,0,105930458,1190,0,1190,-32,0,1,98
14,720,82.800000,0.000000,1,0,105930469,1193,0,1193,-32,0,1,98
14,720,82.800000,0.000000,1,0,105930480,1198,0,1198,-32,0,1,98
14,720,82.800000,0.000000,1,0,105930491,1207,0,1207,-32,0,1,98
14,720,82.800000,0.000000,1,0,105930502,1222,0,1222,-32,0,1,98
14,720,82.800000,0.000000,1,0,105930512,1238,0,1238,-33,0,1,98
14,720,82.800000,0.000000,1,0,105930523,1257,0,1257,-33,0,1,98
14,720,82.800000,0.000000,1,0,105930533,1271,0,1271,-33,0,1,98
14,720,82.800000,0.000000,1,0,105930544,1286,0,1286,-34,0,1,98
14,720,82.800000,0.000000,1,0,105930555,1297,0,1297,-34,0,1,98
14,720,82.800000,0.000000,1,0,105930566,1305,0,1305,-34,0,1,98
14,720,82.800000,0.000000,1,0,105930576,1311,0,1311,-34,0,1,98
14,720,82.800000,0.000000,1,0,105930587,1314,0,1314,-34,0,1,98
14,720,82.800000,0.000000,1,0,105930598,1315,0,1315,-34,0,1,98
14,720,82.800000,0.000000,1,0,105930608,1316,0,1316,-34,0,1,98
14,720,82.800000,0.000000,1,0,105930618,1316,0,1316,-34,0,1,98
14,720,82.800000,0.000000,1,0,105930628,1316,0,1316,-34,0,1,98
14,720,82.800000,0.000000,1,0,105930639,1316,0,1316,-34,0,1,98
14,720,82.800000,0.000000,1,0,105930649,1316,0,1316,-34,0,1,98
14,720,82.800000,0.000000,1,0,105930659,1316,0,1316,-34,0,1,98
14,720,82.800000,0.000000,1,0,105930669,1316,0,1316,-34,0,1,98
14,720,82.800000,0.000000,1,0,105930679,1316,0,1316,-34,0,1,98
14,720,82.800000,0.000000,1,0,105930689,1316,0,1316,-34,0,1,98
14,720,82.800000,0.000000,1,0,105930699,1316,0,1316,-34,0,1,98
14,720,82.800000,0.000000,1,0,105930708,1316,0,1316,-34,0,1,98
14,720,82.800000,0.000000,1,0,105930719,1316,0,1316,-34,0,1,98
14,720,82.800000,0.000000,1,0,105930729,1316,0,1316,-34,0,1,98
