14,720,50.400000,42.984000,1,0,105948840,600,0,600,0,0,1,109
14,720,50.400000,42.984000,1,0,105948841,600,0,600,0,0,1,109
14,720,50.400000,42.984000,1,0,105948851,600,0,600,0,0,1,109
14,720,50.400000,42.984000,1,0,105948861,600,0,600,0,0,1,109
14,720,50.400000,42.984000,1,0,105948872,600,0,600,0,0,1,109
14,720,50.400000,42.984000,1,0,105948883,600,0,600,0,0,1,109
14,720,50.400000,42.984000,1,0,105948893,600,0,600,0,0,1,109
14,720,50.400000,42.984000,1,0,105948903,600,0,600,0,0,1,109
14,720,50.400000,42.984000,1,0,105948913,600,0,600,0,0,1,109
14,720,50.400000,42.984000,1,0,105948924,600,0,600,0,0,1,109
14,720,50.400000,42.984000,1,0,105948934,600,0,600,0,0,1,109
14,720,50.400000,42.984000,1,0,105948945,600,0,600,0,0,1,109
14,720,50.400000,42.984000,1,0,105948955,601,0,601,0,0,1,109
14,720,50.400000,42.984000,1,0,105948966,606,0,606,0,0,1,109
14,720,50.400000,42.984000,1,0,105948977,614,0,614,0,0,1,109
14,720,50.400000,42.984000,1,0,105948987,622,0,622,-1,0,1,109
14,720,50.400000,42.984000,1,0,105948998,638,0,638,-3,0,1,109
14,720,50.400000,42.984000,1,0,105949009,656,0,656,-5,0,1,109
14,720,50.400000,42.984000,1,0,105949020,676,0,676,-7,0,1,109
14,720,50.400000,42.984000,1,0,105949033,705,0,705,-10,0,1,109
14,720,50.400000,42.984000,1,0,105949045,734,0,734,-12,0,1,109
14,720,50.400000,42.984000,1,0,105949055,765,0,765,-14,0,1,109
14,720,50.400000,42.984000,1,0,105949066,796,0,796,-15,0,1,109
14,720,50.400000,42.984000,1,0,105949077,840,0,840,-17,0,1,109
14,720,50.400000,42.984000,1,0,105949087,877,0,877,-19,0,1,109
14,720,50.400000,42.984000,1,0,105949098,924,0,924,-21,0,1,109
14,720,50.400000,42.984000,1,0,105949108,971,0,971,-23,0,1,109
14,720,50.400000,42.984000,1,0,105949119,1029,0,1029,-25,0,1,109
14,720,50.400000,42.984000,1,0,105949130,1088,0,1088,-27,0,1,109
14,720,50.400000,42.984000,1,0,105949141,1146,0,1146,-29,0,1,109
14,720,50.400000,42.984000,1,0,105949162,1193,0,1193,-31,0,1,109
14,720,50.400000,42.984000,1,0,105949173,1263,0,1263,-34,0,1,109
14,720,50.400000,42.984000,1,0,105949192,1281,0,1281,-35,0,1,109
14,720,50.400000,42.984000,1,0,105949204,1303,0,1303,-35,0,1,109
14,720,50.400000,42.984000,1,0,105949214,1309,0,1309,-35,0,1,109
14,720,50.400000,42.984000,1,0,105949225,1314,0,1314,-35,0,1,109
14,720,50.400000,42.984000,1,0,105949235,1316,0,1316,-35,0,1,109
14,720,50.400000,42.984000,1,0,105949254,1316,0,1316,-35,0,1,109
14,720,50.400000,42.984000,1,0,105949263,1316,0,1316,-35,0,1,109
14,720,50.400000,42.984000,1,0,105949274,1316,0,1316,-35,0,1,109
14,720,50.400000,42.984000,1,0,105949285,1316,0,1316,-35,0,1,109
14,720,50.400000,42.984000,1,0,105949295,1316,0,1316,-35,0,1,109
14,720,50.400000,42.984000,1,0,105949305,1316,0,1316,-35,0,1,109
14,720,50.400000,42.984000,1,0,105949315,1316,0,1316,-35,0,1,109
14,720,50.400000,42.984000,1,0,105949325,1316,0,1316,-35,0,1,109
14,720,50.400000,42.984000,1,0,105949335,1316,0,1316,-35,0,1,109
14,720,50.400000,42.984000,1,0,105949344,1316,0,1316,-35,0,1,109
14,720,50.400000,42.984000,1,0,105949354,1316,0,1316,-35,0,1,109
14,720,50.400000,42.984000,1,0,105949374,1316,0,1316,-35,0,1,109
14,720,50.400000,42.984000,1,0,105949383,1316,0,1316,-35,0,1,109
14,720,50.400000,42.984000,1,0,105949394,1316,0,1316,-35,0,1,109
14,720,50.400000,42.984000,1,0,105949404,1316,0,1316,-35,0,1,109
14,720,50.400000,42.984000,1,0,105949414,1316,0,1316,-35,0,1,109
14,720,50.400000,42.984000,1,0,105949424,1316,0,1316,-35,0,1,109
14,720,50.400000,42.984000,1,0,105949434,1316,0,1316,-35,0,1,109
14,720,50.400000,42.984000,1,0,105949444,1316,0,1316,-35,0,1,109
14,720,50.400000,42.984000,1,0,105949454,1316,0,1316,-35,0,1,109
14,720,50.400000,42.984000,1,0,105949464,1316,0,1316,-35,0,1,109
14,720,50.400000,42.984000,1,0,105949475,1316,0,1316,-35,0,1,109
14,720,50.400000,42.984000,1,0,105949484,1316,0,1316,-35,0,1,109
