14,360,21.600000,42.984000,1,1,105956705,780,22,780,22,0,1,114
14,360,21.600000,42.984000,1,1,105956706,780,22,780,22,0,1,114
14,360,21.600000,42.984000,1,1,105956716,780,22,780,22,0,1,114
14,360,21.600000,42.984000,1,1,105956736,780,22,780,22,0,1,114
14,360,21.600000,42.984000,1,1,105956747,780,22,780,22,0,1,114
14,360,21.600000,42.984000,1,1,105956758,780,22,780,22,0,1,114
14,360,21.600000,42.984000,1,1,105956769,780,22,780,22,0,1,114
14,360,21.600000,42.984000,1,1,105956780,780,22,780,22,0,1,114
14,360,21.600000,42.984000,1,1,105956791,780,22,780,22,0,1,114
14,360,21.600000,42.984000,1,1,105956803,782,22,782,22,0,1,114
14,360,21.600000,42.984000,1,1,105956814,786,22,786,22,0,1,114
14,360,21.600000,42.984000,1,1,105956825,793,22,793,22,0,1,114
14,360,21.600000,42.984000,1,1,105956836,804,23,804,23,0,1,114
14,360,21.600000,42.984000,1,1,105956847,818,23,818,23,0,1,114
14,360,21.600000,42.984000,1,1,105956858,837,23,837,23,0,1,114
14,360,21.600000,42.984000,1,1,105956870,861,22,861,22,0,1,114
14,360,21.600000,42.984000,1,1,105956880,895,19,895,19,0,1,114
14,360,21.600000,42.984000,1,1,105956891,929,16,929,16,0,1,114
14,360,21.600000,42.984000,1,1,105956903,960,14,960,14,0,1,114
14,360,21.600000,42.984000,1,1,105956913,993,11,993,11,0,1,114
14,360,21.600000,42.984000,1,1,105956924,1026,9,1026,9,0,1,114
14,360,21.600000,42.984000,1,1,105956935,1053,8,1053,8,0,1,114
14,360,21.600000,42.984000,1,1,105956954,1081,7,1081,7,0,1,114
14,360,21.600000,42.984000,1,1,105956965,1115,6,1115,6,0,1,114
14,360,21.600000,42.984000,1,1,105956975,1128,5,1128,5,0,1,114
14,360,21.600000,42.984000,1,1,105956988,1139,5,1139,5,0,1,114
14,360,21.600000,42.984000,1,1,105956998,1149,5,1149,5,0,1,114
14,360,21.600000,42.984000,1,1,105957018,1155,5,1155,5,0,1,114
14,360,21.600000,42.984000,1,1,105957028,1160,5,1160,5,0,1,114
14,360,21.600000,42.984000,1,1,105957038,1160,5,1160,5,0,1,114
14,360,21.600000,42.984000,1,1,105957048,1160,5,1160,5,0,1,114
14,360,21.600000,42.984000,1,1,105957060,1160,5,1160,5,0,1,114
14,360,21.600000,42.984000,1,1,105957071,1160,5,1160,5,0,1,114
14,360,21.600000,42.984000,1,1,105957081,1160,5,1160,5,0,1,114
14,360,21.600000,42.984000,1,1,105957092,1160,5,1160,5,0,1,114
14,360,21.600000,42.984000,1,1,105957103,1160,5,1160,5,0,1,114
14,360,21.600000,42.984000,1,1,105957114,1160,5,1160,5,0,1,114
14,360,21.600000,42.984000,1,1,105957124,1160,5,1160,5,0,1,114
14,360,21.600000,42.984000,1,1,105957134,1160,5,1160,5,0,1,114
14,360,21.600000,42.984000,1,1,105957144,1158,5,1158,5,0,1,114
14,360,21.600000,42.984000,1,1,105957154,1157,5,1157,5,0,1,114
14,360,21.600000,42.984000,1,1,105957174,1157,6,1157,6,0,1,114
14,360,21.600000,42.984000,1,1,105957183,1156,6,1156,6,0,1,114
14,360,21.600000,42.984000,1,1,105957193,1156,6,1156,6,0,1,114
14,360,21.600000,42.984000,1,1,105957204,1154,6,1154,6,0,1,114
14,360,21.600000,42.984000,1,1,105957214,1153,6,1153,6,0,1,114
14,360,21.600000,42.984000,1,1,105957224,1150,7,1150,7,0,1,114
14,360,21.600000,42.984000,1,1,105957235,1147,7,1147,7,0,1,114
14,360,21.600000,42.984000,1,1,105957245,1144,8,1144,8,0,1,114
14,360,21.600000,42.984000,1,1,105957255,1141,8,1141,8,0,1,114
14,360,21.600000,42.984000,1,1,105957265,1140,9,1140,9,0,1,114
14,360,21.600000,42.984000,1,1,105957275,1139,9,1139,9,0,1,114
14,360,21.600000,42.984000,1,1,105957285,1139,9,1139,9,0,1,114
14,360,21.600000,42.984000,1,1,105957296,1139,9,1139,9,0,1,114
14,360,21.600000,42.984000,1,1,105957316,1139,9,1139,9,0,1,114
14,360,21.600000,42.984000,1,1,105957326,1139,9,1139,9,0,1,114
14,360,21.600000,42.984000,1,1,105957337,1139,9,1139,9,0,1,114
14,360,21.600000,42.984000,1,1,105957347,1139,9,1139,9,0,1,114
14,360,21.600000,42.984000,1,1,105957357,1139,9,1139,9,0,1,114
14,360,21.600000,42.984000,1,1,105957368,1139,9,1139,9,0,1,114
14,360,21.600000,42.984000,1,1,105957377,1139,9,1139,9,0,1,114
