14,360,21.600000,42.984000,0,0,105897366,780,0,780,0,0,1,79
14,360,21.600000,42.984000,0,0,105897366,780,0,780,0,0,1,79
14,360,21.600000,42.984000,0,0,105897376,780,0,780,0,0,1,79
14,360,21.600000,42.984000,0,0,105897386,780,0,780,0,0,1,79
14,360,21.600000,42.984000,0,0,105897397,780,0,780,0,0,1,79
14,360,21.600000,42.984000,0,0,105897409,780,0,780,0,0,1,79
14,360,21.600000,42.984000,0,0,105897419,780,0,780,0,0,1,79
14,360,21.600000,42.984000,0,0,105897430,780,0,780,0,0,1,79
14,360,21.600000,42.984000,0,0,105897441,780,0,780,0,0,1,79
14,360,21.600000,42.984000,0,0,105897453,780,0,780,0,0,1,79
14,360,21.600000,42.984000,0,0,105897463,780,0,780,0,0,1,79
14,360,21.600000,42.984000,0,0,105897474,781,0,781,0,0,1,79
14,360,21.600000,42.984000,0,0,105897485,784,0,784,0,0,1,79
14,360,21.600000,42.984000,0,0,105897495,792,0,792,0,0,1,79
14,360,21.600000,42.984000,0,0,105897507,805,0,805,0,0,1,79
14,360,21.600000,42.984000,0,0,105897517,828,0,828,0,0,1,79
14,360,21.600000,42.984000,0,0,105897528,856,0,856,0,0,1,79
14,360,21.600000,42.984000,0,0,105897538,887,0,887,0,0,1,79
14,360,21.600000,42.984000,0,0,105897549,919,0,919,0,0,1,79
14,360,21.600000,42.984000,0,0,105897560,947,0,947,0,0,1,79
14,360,21.600000,42.984000,0,0,105897570,977,0,977,-1,0,1,79
14,360,21.600000,42.984000,0,0,105897581,996,0,996,-1,0,1,79
14,360,21.600000,42.984000,0,0,105897591,1015,0,1015,-1,0,1,79
14,360,21.600000,42.984000,0,0,105897602,1028,0,1028,-1,0,1,79
14,360,21.600000,42.984000,0,0,105897612,1040,0,1040,-1,0,1,79
14,360,21.600000,42.984000,0,0,105897622,1049,0,1049,-2,0,1,79
14,360,21.600000,42.984000,0,0,105897633,1057,0,1057,-2,0,1,79
14,360,21.600000,42.984000,0,0,105897644,1065,0,1065,-3,0,1,79
14,360,21.600000,42.984000,0,0,105897654,1074,0,1074,-3,0,1,79
14,360,21.600000,42.984000,0,0,105897665,1083,0,1083,-3,0,1,79
14,360,21.600000,42.984000,0,0,105897675,1092,0,1092,-3,0,1,79
14,360,21.600000,42.984000,0,0,105897686,1100,0,1100,-3,0,1,79
14,360,21.600000,42.984000,0,0,105897697,1107,0,1107,-3,0,1,79
14,360,21.600000,42.984000,0,0,105897708,1113,0,1113,-3,0,1,79
14,360,21.600000,42.984000,0,0,105897718,1119,0,1119,-3,0,1,79
14,360,21.600000,42.984000,0,0,105897730,1124,0,1124,-3,0,1,79
14,360,21.600000,42.984000,0,0,105897741,1131,0,1131,-3,0,1,79
14,360,21.600000,42.984000,0,0,105897761,1137,0,1137,-3,0,1,79
14,360,21.600000,42.984000,0,0,105897772,1144,0,1144,-3,0,1,79
14,360,21.600000,42.984000,0,0,105897782,1151,0,1151,-3,0,1,79
14,360,21.600000,42.984000,0,0,105897792,1151,0,1151,-3,0,1,79
14,360,21.600000,42.984000,0,0,105897802,1151,0,1151,-3,0,1,79
14,360,21.600000,42.984000,0,0,105897813,1151,0,1151,-3,0,1,79
14,360,21.600000,42.984000,0,0,105897823,1151,0,1151,-3,0,1,79
14,360,21.600000,42.984000,0,0,105897833,1151,0,1151,-3,0,1,79
14,360,21.600000,42.984000,0,0,105897843,1151,0,1151,-3,0,1,79
14,360,21.600000,42.984000,0,0,105897854,1151,0,1151,-3,0,1,79
14,360,21.600000,42.984000,0,0,105897866,1151,0,1151,-3,0,1,79
14,360,21.600000,42.984000,0,0,105897877,1151,0,1151,-3,0,1,79
14,360,21.600000,42.984000,0,0,105897888,1151,0,1151,-3,0,1,79
14,360,21.600000,42.984000,0,0,105897899,1151,0,1151,-3,0,1,79
14,360,21.600000,42.984000,0,0,105897909,1151,0,1151,-3,0,1,79
14,360,21.600000,42.984000,0,0,105897920,1151,0,1151,-3,0,1,79
14,360,21.600000,42.984000,0,0,105897931,1151,0,1151,-3,0,1,79
14,360,21.600000,42.984000,0,0,105897941,1151,0,1151,-3,0,1,79
14,360,21.600000,42.984000,0,0,105897951,1151,0,1151,-3,0,1,79
14,360,21.600000,42.984000,0,0,105897961,1151,0,1151,-3,0,1,79
14,360,21.600000,42.984000,0,0,105897972,1151,0,1151,-3,0,1,79
14,360,21.600000,42.984000,0,0,105897982,1151,0,1151,-3,0,1,79
14,360,21.600000,42.984000,0,0,105897992,1151,0,1151,-3,0,1,79
14,360,21.600000,42.984000,0,0,105898002,1150,0,1150,-3,0,1,79
14,360,21.600000,42.984000,0,0,105898012,1150,0,1150,-3,0,1,79
14,360,21.600000,42.984000,0,0,105898023,1150,0,1150,-3,0,1,79
14,360,21.600000,42.984000,0,0,105898033,1150,0,1150,-3,0,1,79
14,360,21.600000,42.984000,0,0,105898043,1150,0,1150,-3,0,1,79
14,360,21.600000,42.984000,0,0,105898053,1150,0,1150,-3,0,1,79
14,360,21.600000,42.984000,0,0,105898063,1150,0,1150,-3,0,1,79
14,360,21.600000,42.984000,0,0,105898073,1149,0,1149,-3,0,1,79
14,360,21.600000,42.984000,0,0,105898083,1148,0,1148,-3,0,1,79
14,360,21.600000,42.984000,0,0,105898095,1147,0,1147,-3,0,1,79
14,360,21.600000,42.984000,0,0,105898105,1146,0,1146,-3,0,1,79
14,360,21.600000,42.984000,0,0,105898115,1145,0,1145,-3,0,1,79
14,360,21.600000,42.984000,0,0,105898125,1144,0,1144,-3,0,1,79
14,360,21.600000,42.984000,0,0,105898135,1143,0,1143,-3,0,1,79
14,360,21.600000,42.984000,0,0,105898145,1142,1,1142,-2,0,1,79
14,360,21.600000,42.984000,0,0,105898155,1141,2,1141,-1,0,1,79
14,360,21.600000,42.984000,0,0,105898165,1141,2,1141,-1,0,1,79
14,360,21.600000,42.984000,0,0,105898175,1141,2,1141,-1,0,1,79
14,360,21.600000,42.984000,0,0,105898185,1141,2,1141,-1,0,1,79
14,360,21.600000,42.984000,0,0,105898195,1141,2,1141,-1,0,1,79
14,360,21.600000,42.984000,0,0,105898205,1141,2,1141,-1,0,1,79
14,360,21.600000,42.984000,0,0,105898215,1141,2,1141,-1,0,1,79
14,360,21.600000,42.984000,0,0,105898225,1141,2,1141,-1,0,1,79
14,360,21.600000,42.984000,0,0,105898235,1141,2,1141,-1,0,1,79
14,360,21.600000,42.984000,0,0,105898245,1141,2,1141,-1,0,1,79
14,360,21.600000,42.984000,0,0,105898254,1141,2,1141,-1,0,1,79
14,360,21.600000,42.984000,0,0,105898264,1141,2,1141,-1,0,1,79
14,360,21.600000,42.984000,0,0,105898274,1141,2,1141,-1,0,1,79
14,360,21.600000,42.984000,0,0,105898284,1141,2,1141,-1,0,1,79
14,360,21.600000,42.984000,0,0,105898293,1141,2,1141,-1,0,1,79
