14,720,50.400000,12.276000,1,0,105840654,600,0,600,0,0,1,47
14,720,50.400000,12.276000,1,0,105840655,600,0,600,0,0,1,47
14,720,50.400000,12.276000,1,0,105840666,600,0,600,0,0,1,47
14,720,50.400000,12.276000,1,0,105840676,600,0,600,0,0,1,47
14,720,50.400000,12.276000,1,0,105840686,600,0,600,0,0,1,47
14,720,50.400000,12.276000,1,0,105840696,600,0,600,0,0,1,47
14,720,50.400000,12.276000,1,0,105840707,600,0,600,0,0,1,47
14,720,50.400000,12.276000,1,0,105840717,600,0,600,0,0,1,47
14,720,50.400000,12.276000,1,0,105840727,600,0,600,0,0,1,47
14,720,50.400000,12.276000,1,0,105840738,600,0,600,0,0,1,47
14,720,50.400000,12.276000,1,0,105840748,600,0,600,0,0,1,47
14,720,50.400000,12.276000,1,0,105840758,600,0,600,0,0,1,47
14,720,50.400000,12.276000,1,0,105840769,600,0,600,0,0,1,47
14,720,50.400000,12.276000,1,0,105840788,604,0,604,0,0,1,47
14,720,50.400000,12.276000,1,0,105840799,617,0,617,0,0,1,47
14,720,50.400000,12.276000,1,0,105840810,627,0,627,0,0,1,47
14,720,50.400000,12.276000,1,0,105840820,640,0,640,0,0,1,47
14,720,50.400000,12.276000,1,0,105840831,653,0,653,0,0,1,47
14,720,50.400000,12.276000,1,0,105840841,671,0,671,0,0,1,47
14,720,50.400000,12.276000,1,0,105840852,692,0,692,-1,0,1,47
14,720,50.400000,12.276000,1,0,105840863,720,0,720,-1,0,1,47
14,720,50.400000,12.276000,1,0,105840874,756,0,756,-2,0,1,47
14,720,50.400000,12.276000,1,0,105840885,789,0,789,-2,0,1,47
14,720,50.400000,12.276000,1,0,105840897,826,0,826,-2,0,1,47
14,720,50.400000,12.276000,1,0,105840907,866,0,866,-2,0,1,47
14,720,50.400000,12.276000,1,0,105840918,902,0,902,-2,0,1,47
14,720,50.400000,12.276000,1,0,105840928,937,0,937,-2,0,1,47
14,720,50.400000,12.276000,1,0,105840940,961,0,961,-2,0,1,47
14,720,50.400000,12.276000,1,0,105840951,989,1,989,-1,0,1,47
14,720,50.400000,12.276000,1,0,105840961,1011,1,1011,-1,0,1,47
14,720,50.400000,12.276000,1,0,105840972,1034,1,1034,-1,0,1,47
14,720,50.400000,12.276000,1,0,105840984,1053,1,1053,-1,0,1,47
14,720,50.400000,12.276000,1,0,105840995,1076,2,1076,0,0,1,47
14,720,50.400000,12.276000,1,0,105841005,1097,3,1097,1,0,1,47
14,720,50.400000,12.276000,1,0,105841016,1123,4,1123,2,0,1,47
14,720,50.400000,12.276000,1,0,105841027,1146,4,1146,2,0,1,47
14,720,50.400000,12.276000,1,0,105841038,1163,4,1163,2,0,1,47
14,720,50.400000,12.276000,1,0,105841058,1175,4,1175,2,0,1,47
14,720,50.400000,12.276000,1,0,105841068,1188,4,1188,2,0,1,47
14,720,50.400000,12.276000,1,0,105841078,1189,4,1189,2,0,1,47
14,720,50.400000,12.276000,1,0,105841088,1189,4,1189,2,0,1,47
14,720,50.400000,12.276000,1,0,105841098,1189,4,1189,2,0,1,47
14,720,50.400000,12.276000,1,0,105841108,1189,4,1189,2,0,1,47
14,720,50.400000,12.276000,1,0,105841119,1189,4,1189,2,0,1,47
14,720,50.400000,12.276000,1,0,105841129,1190,4,1190,2,0,1,47
14,720,50.400000,12.276000,1,0,105841139,1192,4,1192,2,0,1,47
14,720,50.400000,12.276000,1,0,105841151,1195,4,1195,2,0,1,47
14,720,50.400000,12.276000,1,0,105841161,1202,4,1202,2,0,1,47
14,720,50.400000,12.276000,1,0,105841171,1209,4,1209,2,0,1,47
14,720,50.400000,12.276000,1,0,105841182,1216,4,1216,2,0,1,47
14,720,50.400000,12.276000,1,0,105841201,1221,4,1221,2,0,1,47
14,720,50.400000,12.276000,1,0,105841212,1229,4,1229,2,0,1,47
14,720,50.400000,12.276000,1,0,105841232,1236,5,1236,3,0,1,47
14,720,50.400000,12.276000,1,0,105841243,1255,6,1255,4,0,1,47
14,720,50.400000,12.276000,1,0,105841254,1271,6,1271,4,0,1,47
14,720,50.400000,12.276000,1,0,105841265,1288,6,1288,4,0,1,47
14,720,50.400000,12.276000,1,0,105841275,1305,6,1305,4,0,1,47
14,720,50.400000,12.276000,1,0,105841286,1316,6,1316,4,0,1,47
14,720,50.400000,12.276000,1,0,105841296,1325,5,1325,3,0,1,47
14,720,50.400000,12.276000,1,0,105841307,1329,5,1329,3,0,1,47
14,720,50.400000,12.276000,1,0,105841316,1330,5,1330,3,0,1,47
14,720,50.400000,12.276000,1,0,105841327,1330,5,1330,3,0,1,47
14,720,50.400000,12.276000,1,0,105841337,1330,5,1330,3,0,1,47
14,720,50.400000,12.276000,1,0,105841347,1330,5,1330,3,0,1,47
14,720,50.400000,12.276000,1,0,105841357,1330,5,1330,3,0,1,47
14,720,50.400000,12.276000,1,0,105841368,1329,5,1329,3,0,1,47
14,720,50.400000,12.276000,1,0,105841378,1327,5,1327,3,0,1,47
14,720,50.400000,12.276000,1,0,105841388,1326,5,1326,3,0,1,47
14,720,50.400000,12.276000,1,0,105841398,1325,5,1325,3,0,1,47
14,720,50.400000,12.276000,1,0,105841408,1325,5,1325,3,0,1,47
14,720,50.400000,12.276000,1,0,105841418,1325,5,1325,3,0,1,47
14,720,50.400000,12.276000,1,0,105841429,1325,5,1325,3,0,1,47
14,720,50.400000,12.276000,1,0,105841439,1325,5,1325,3,0,1,47
14,720,50.400000,12.276000,1,0,105841449,1325,5,1325,3,0,1,47
14,720,50.400000,12.276000,1,0,105841459,1325,5,1325,3,0,1,47
14,720,50.400000,12.276000,1,0,105841469,1325,5,1325,3,0,1,47
14,720,50.400000,12.276000,1,0,105841479,1325,5,1325,3,0,1,47
14,720,50.400000,12.276000,1,0,105841489,1324,5,1324,3,0,1,47
14,720,50.400000,12.276000,1,0,105841499,1323,5,1323,3,0,1,47
14,720,50.400000,12.276000,1,0,105841510,1323,5,1323,3,0,1,47
14,720,50.400000,12.276000,1,0,105841520,1323,5,1323,3,0,1,47
14,720,50.400000,12.276000,1,0,105841531,1323,5,1323,3,0,1,47
14,720,50.400000,12.276000,1,0,105841542,1323,5,1323,3,0,1,47
14,720,50.400000,12.276000,1,0,105841552,1323,5,1323,3,0,1,47
14,720,50.400000,12.276000,1,0,105841562,1323,5,1323,3,0,1,47
14,720,50.400000,12.276000,1,0,105841573,1323,5,1323,3,0,1,47
14,720,50.400000,12.276000,1,0,105841583,1323,5,1323,3,0,1,47
14,720,50.400000,12.276000,1,0,105841593,1323,5,1323,3,0,1,47
14,720,50.400000,12.276000,1,0,105841603,1323,5,1323,3,0,1,47
14,720,50.400000,12.276000,1,0,105841613,1323,5,1323,3,0,1,47
14,720,50.400000,12.276000,1,0,105841623,1323,5,1323,3,0,1,47
14,720,50.400000,12.276000,1,0,105841632,1323,5,1323,3,0,1,47
