14,720,82.800000,42.984000,1,1,105996268,600,22,600,22,0,2,19
14,720,82.800000,42.984000,1,1,105996269,600,22,600,22,0,2,19
14,720,82.800000,42.984000,1,1,105996279,600,22,600,22,0,2,19
14,720,82.800000,42.984000,1,1,105996290,600,22,600,22,0,2,19
14,720,82.800000,42.984000,1,1,105996300,600,22,600,22,0,2,19
14,720,82.800000,42.984000,1,1,105996310,600,22,600,22,0,2,19
14,720,82.800000,42.984000,1,1,105996320,600,22,600,22,0,2,19
14,720,82.800000,42.984000,1,1,105996331,600,22,600,22,0,2,19
14,720,82.800000,42.984000,1,1,105996341,601,22,601,22,0,2,19
14,720,82.800000,42.984000,1,1,105996351,606,22,606,22,0,2,19
14,720,82.800000,42.984000,1,1,105996363,614,21,614,21,0,2,19
14,720,82.800000,42.984000,1,1,105996376,627,20,627,20,0,2,19
14,720,82.800000,42.984000,1,1,105996386,648,18,648,18,0,2,19
14,720,82.800000,42.984000,1,1,105996397,675,15,675,15,0,2,19
14,720,82.800000,42.984000,1,1,105996408,707,12,707,12,0,2,19
14,720,82.800000,42.984000,1,1,105996418,746,8,746,8,0,2,19
14,720,82.800000,42.984000,1,1,105996430,782,6,782,6,0,2,19
14,720,82.800000,42.984000,1,1,105996441,828,3,828,3,0,2,19
14,720,82.800000,42.984000,1,1,105996452,866,0,866,0,0,2,19
14,720,82.800000,42.984000,1,1,105996462,911,0,911,-3,0,2,19
14,720,82.800000,42.984000,1,1,105996474,942,0,942,-4,0,2,19
14,720,82.800000,42.984000,1,1,105996484,979,0,979,-5,0,2,19
14,720,82.800000,42.984000,1,1,105996496,1007,0,1007,-7,0,2,19
14,720,82.800000,42.984000,1,1,105996507,1036,0,1036,-8,0,2,19
14,720,82.800000,42.984000,1,1,105996517,1059,0,1059,-9,0,2,19
14,720,82.800000,42.984000,1,1,105996528,1083,0,1083,-9,0,2,19
14,720,82.800000,42.984000,1,1,105996539,1104,0,1104,-10,0,2,19
14,720,82.800000,42.984000,1,1,105996550,1122,0,1122,-11,0,2,19
14,720,82.800000,42.984000,1,1,105996560,1141,0,1141,-12,0,2,19
14,720,82.800000,42.984000,1,1,105996570,1157,0,1157,-12,0,2,19
14,720,82.800000,42.984000,1,1,105996582,1174,0,1174,-13,0,2,19
14,720,82.800000,42.984000,1,1,105996592,1189,0,1189,-14,0,2,19
14,720,82.800000,42.984000,1,1,105996603,1206,0,1206,-14,0,2,19
14,720,82.800000,42.984000,1,1,105996614,1221,0,1221,-14,0,2,19
14,720,82.800000,42.984000,1,1,105996624,1234,0,1234,-15,0,2,19
14,720,82.800000,42.984000,1,1,105996635,1242,0,1242,-16,0,2,19
14,720,82.800000,42.984000,1,1,105996646,1248,0,1248,-16,0,2,19
14,720,82.800000,42.984000,1,1,105996657,1254,0,1254,-17,0,2,19
14,720,82.800000,42.984000,1,1,105996667,1256,0,1256,-17,0,2,19
14,720,82.800000,42.984000,1,1,105996678,1258,0,1258,-17,0,2,19
14,720,82.800000,42.984000,1,1,105996688,1258,0,1258,-17,0,2,19
14,720,82.800000,42.984000,1,1,105996700,1258,0,1258,-17,0,2,19
14,720,82.800000,42.984000,1,1,105996712,1260,0,1260,-17,0,2,19
14,720,82.800000,42.984000,1,1,105996722,1263,0,1263,-18,0,2,19
14,720,82.800000,42.984000,1,1,105996733,1267,0,1267,-18,0,2,19
14,720,82.800000,42.984000,1,1,105996745,1271,0,1271,-18,0,2,19
14,720,82.800000,42.984000,1,1,105996757,1277,0,1277,-18,0,2,19
14,720,82.800000,42.984000,1,1,105996768,1283,0,1283,-18,0,2,19
14,720,82.800000,42.984000,1,1,105996778,1289,0,1289,-19,0,2,19
14,720,82.800000,42.984000,1,1,105996788,1293,0,1293,-19,0,2,19
14,720,82.800000,42.984000,1,1,105996798,1295,0,1295,-19,0,2,19
14,720,82.800000,42.984000,1,1,105996810,1295,0,1295,-19,0,2,19
14,720,82.800000,42.984000,1,1,105996820,1295,0,1295,-19,0,2,19
14,720,82.800000,42.984000,1,1,105996830,1295,0,1295,-19,0,2,19
14,720,82.800000,42.984000,1,1,105996841,1295,0,1295,-20,0,2,19
14,720,82.800000,42.984000,1,1,105996851,1295,0,1295,-20,0,2,19
14,720,82.800000,42.984000,1,1,105996861,1294,0,1294,-20,0,2,19
14,720,82.800000,42.984000,1,1,105996872,1293,0,1293,-20,0,2,19
14,720,82.800000,42.984000,1,1,105996882,1293,0,1293,-20,0,2,19
14,720,82.800000,42.984000,1,1,105996892,1293,0,1293,-20,0,2,19
