14,720,21.600000,10000.000000,1,1,106100386,600,22,600,22,0,2,82
14,720,21.600000,10000.000000,1,1,106100387,600,22,600,22,0,2,82
14,720,21.600000,10000.000000,1,1,106100397,600,22,600,22,0,2,82
14,720,21.600000,10000.000000,1,1,106100407,600,22,600,22,0,2,82
14,720,21.600000,10000.000000,1,1,106100417,600,22,600,22,0,2,82
14,720,21.600000,10000.000000,1,1,106100426,600,22,600,22,0,2,82
14,720,21.600000,10000.000000,1,1,106100437,600,22,600,22,0,2,82
14,720,21.600000,10000.000000,1,1,106100447,600,22,600,22,0,2,82
14,720,21.600000,10000.000000,1,1,106100457,600,22,600,22,0,2,82
14,720,21.600000,10000.000000,1,1,106100467,600,22,600,22,0,2,82
14,720,21.600000,10000.000000,1,1,106100478,600,22,600,22,0,2,82
14,720,21.600000,10000.000000,1,1,106100488,600,22,600,22,0,2,82
14,720,21.600000,10000.000000,1,1,106100498,600,22,600,22,0,2,82
14,720,21.600000,10000.000000,1,1,106100508,600,22,600,22,0,2,82
14,720,21.600000,10000.000000,1,1,106100519,601,22,601,22,0,2,82
14,720,21.600000,10000.000000,1,1,106100530,604,22,604,22,0,2,82
14,720,21.600000,10000.000000,1,1,106100540,608,22,608,22,0,2,82
14,720,21.600000,10000.000000,1,1,106100551,612,22,612,22,0,2,82
14,720,21.600000,10000.000000,1,1,106100562,619,22,619,22,0,2,82
14,720,21.600000,10000.000000,1,1,106100574,628,22,628,22,0,2,82
14,720,21.600000,10000.000000,1,1,106100585,641,22,641,22,0,2,82
14,720,21.600000,10000.000000,1,1,106100596,663,22,663,22,0,2,82
14,720,21.600000,10000.000000,1,1,106100607,687,21,687,21,0,2,82
14,720,21.600000,10000.000000,1,1,106100618,712,21,712,21,0,2,82
14,720,21.600000,10000.000000,1,1,106100628,733,20,733,20,0,2,82
14,720,21.600000,10000.000000,1,1,106100639,764,20,764,20,0,2,82
14,720,21.600000,10000.000000,1,1,106100649,795,19,795,19,0,2,82
14,720,21.600000,10000.000000,1,1,106100660,831,17,831,17,0,2,82
14,720,21.600000,10000.000000,1,1,106100672,877,14,877,14,0,2,82
14,720,21.600000,10000.000000,1,1,106100683,977,9,977,9,0,2,82
14,720,21.600000,10000.000000,1,1,106100694,1018,7,1018,7,0,2,82
14,720,21.600000,10000.000000,1,1,106100704,1060,5,1060,5,0,2,82
14,720,21.600000,10000.000000,1,1,106100715,1092,4,1092,4,0,2,82
14,720,21.600000,10000.000000,1,1,106100725,1118,4,1118,4,0,2,82
14,720,21.600000,10000.000000,1,1,106100736,1137,3,1137,3,0,2,82
14,720,21.600000,10000.000000,1,1,106100747,1154,3,1154,3,0,2,82
14,720,21.600000,10000.000000,1,1,106100757,1171,3,1171,3,0,2,82
14,720,21.600000,10000.000000,1,1,106100768,1186,3,1186,3,0,2,82
14,720,21.600000,10000.000000,1,1,106100779,1198,3,1198,3,0,2,82
14,720,21.600000,10000.000000,1,1,106100789,1211,3,1211,3,0,2,82
14,720,21.600000,10000.000000,1,1,106100799,1221,3,1221,3,0,2,82
14,720,21.600000,10000.000000,1,1,106100811,1230,3,1230,3,0,2,82
14,720,21.600000,10000.000000,1,1,106100822,1239,3,1239,3,0,2,82
14,720,21.600000,10000.000000,1,1,106100833,1247,3,1247,3,0,2,82
14,720,21.600000,10000.000000,1,1,106100843,1252,3,1252,3,0,2,82
14,720,21.600000,10000.000000,1,1,106100854,1258,3,1258,3,0,2,82
14,720,21.600000,10000.000000,1,1,106100865,1266,3,1266,3,0,2,82
14,720,21.600000,10000.000000,1,1,106100875,1275,3,1275,3,0,2,82
14,720,21.600000,10000.000000,1,1,106100886,1283,3,1283,3,0,2,82
14,720,21.600000,10000.000000,1,1,106100896,1294,3,1294,3,0,2,82
14,720,21.600000,10000.000000,1,1,106100907,1303,3,1303,3,0,2,82
14,720,21.600000,10000.000000,1,1,106100918,1307,3,1307,3,0,2,82
14,720,21.600000,10000.000000,1,1,106100929,1309,3,1309,3,0,2,82
14,720,21.600000,10000.000000,1,1,106100939,1311,3,1311,3,0,2,82
14,720,21.600000,10000.000000,1,1,106100950,1311,3,1311,3,0,2,82
14,720,21.600000,10000.000000,1,1,106100961,1311,3,1311,3,0,2,82
14,720,21.600000,10000.000000,1,1,106100971,1311,3,1311,3,0,2,82
14,720,21.600000,10000.000000,1,1,106100982,1311,3,1311,3,0,2,82
14,720,21.600000,10000.000000,1,1,106100994,1311,3,1311,3,0,2,82
14,720,21.600000,10000.000000,1,1,106101004,1311,3,1311,3,0,2,82
14,720,21.600000,10000.000000,1,1,106101015,1311,3,1311,3,0,2,82
14,720,21.600000,10000.000000,1,1,106101025,1311,3,1311,3,0,2,82
14,720,21.600000,10000.000000,1,1,106101035,1311,3,1311,3,0,2,82
14,720,21.600000,10000.000000,1,1,106101045,1311,3,1311,3,0,2,82
14,720,21.600000,10000.000000,1,1,106101055,1311,3,1311,3,0,2,82
14,720,21.600000,10000.000000,1,1,106101065,1311,3,1311,3,0,2,82
14,720,21.600000,10000.000000,1,1,106101075,1311,3,1311,3,0,2,82
14,720,21.600000,10000.000000,1,1,106101085,1311,3,1311,3,0,2,82
14,720,21.600000,10000.000000,1,1,106101095,1311,3,1311,3,0,2,82
14,720,21.600000,10000.000000,1,1,106101105,1311,3,1311,3,0,2,82
14,720,21.600000,10000.000000,1,1,106101115,1311,3,1311,3,0,2,82
14,720,21.600000,10000.000000,1,1,106101125,1311,3,1311,3,0,2,82
14,720,21.600000,10000.000000,1,1,106101135,1311,3,1311,3,0,2,82
14,720,21.600000,10000.000000,1,1,106101145,1311,3,1311,3,0,2,82
14,720,21.600000,10000.000000,1,1,106101156,1311,3,1311,3,0,2,82
14,720,21.600000,10000.000000,1,1,106101166,1311,3,1311,3,0,2,82
14,720,21.600000,10000.000000,1,1,106101176,1311,3,1311,3,0,2,82
14,720,21.600000,10000.000000,1,1,106101186,1311,3,1311,3,0,2,82
14,720,21.600000,10000.000000,1,1,106101196,1311,3,1311,3,0,2,82
14,720,21.600000,10000.000000,1,1,106101206,1311,3,1311,3,0,2,82
14,720,21.600000,10000.000000,1,1,106101216,1311,3,1311,3,0,2,82
14,720,21.600000,10000.000000,1,1,106101226,1311,3,1311,3,0,2,82
14,720,21.600000,10000.000000,1,1,106101236,1311,3,1311,3,0,2,82
14,720,21.600000,10000.000000,1,1,106101246,1312,3,1312,3,0,2,82
14,720,21.600000,10000.000000,1,1,106101256,1313,3,1313,3,0,2,82
14,720,21.600000,10000.000000,1,1,106101266,1314,3,1314,3,0,2,82
14,720,21.600000,10000.000000,1,1,106101275,1314,3,1314,3,0,2,82
