14,720,21.600000,10000.000000,0,1,106051229,600,22,600,22,0,2,52
14,720,21.600000,10000.000000,0,1,106051230,600,22,600,22,0,2,52
14,720,21.600000,10000.000000,0,1,106051240,600,22,600,22,0,2,52
14,720,21.600000,10000.000000,0,1,106051250,600,22,600,22,0,2,52
14,720,21.600000,10000.000000,0,1,106051261,600,22,600,22,0,2,52
14,720,21.600000,10000.000000,0,1,106051271,600,22,600,22,0,2,52
14,720,21.600000,10000.000000,0,1,106051281,600,22,600,22,0,2,52
14,720,21.600000,10000.000000,0,1,106051292,600,22,600,22,0,2,52
14,720,21.600000,10000.000000,0,1,106051302,600,22,600,22,0,2,52
14,720,21.600000,10000.000000,0,1,106051313,600,22,600,22,0,2,52
14,720,21.600000,10000.000000,0,1,106051323,600,22,600,22,0,2,52
14,720,21.600000,10000.000000,0,1,106051333,601,22,601,22,0,2,52
14,720,21.600000,10000.000000,0,1,106051345,603,22,603,22,0,2,52
14,720,21.600000,10000.000000,0,1,106051355,608,22,608,22,0,2,52
14,720,21.600000,10000.000000,0,1,106051365,614,22,614,22,0,2,52
14,720,21.600000,10000.000000,0,1,106051376,623,22,623,22,0,2,52
14,720,21.600000,10000.000000,0,1,106051388,640,20,640,20,0,2,52
14,720,21.600000,10000.000000,0,1,106051399,662,18,662,18,0,2,52
14,720,21.600000,10000.000000,0,1,106051409,696,16,696,16,0,2,52
14,720,21.600000,10000.000000,0,1,106051420,735,14,735,14,0,2,52
14,720,21.600000,10000.000000,0,1,106051431,795,11,795,11,0,2,52
14,720,21.600000,10000.000000,0,1,106051441,847,8,847,8,0,2,52
14,720,21.600000,10000.000000,0,1,106051453,914,4,914,4,0,2,52
14,720,21.600000,10000.000000,0,1,106051471,983,0,983,-1,0,2,52
14,720,21.600000,10000.000000,0,1,106051481,1083,0,1083,-8,0,2,52
14,720,21.600000,10000.000000,0,1,106051493,1134,0,1134,-10,0,2,52
14,720,21.600000,10000.000000,0,1,106051503,1181,0,1181,-13,0,2,52
14,720,21.600000,10000.000000,0,1,106051514,1221,0,1221,-15,0,2,52
14,720,21.600000,10000.000000,0,1,106051524,1255,0,1255,-16,0,2,52
14,720,21.600000,10000.000000,0,1,106051535,1278,0,1278,-16,0,2,52
14,720,21.600000,10000.000000,0,1,106051546,1294,0,1294,-16,0,2,52
14,720,21.600000,10000.000000,0,1,106051556,1305,0,1305,-16,0,2,52
14,720,21.600000,10000.000000,0,1,106051567,1309,0,1309,-16,0,2,52
14,720,21.600000,10000.000000,0,1,106051577,1309,0,1309,-16,0,2,52
14,720,21.600000,10000.000000,0,1,106051588,1309,0,1309,-16,0,2,52
14,720,21.600000,10000.000000,0,1,106051598,1309,0,1309,-16,0,2,52
14,720,21.600000,10000.000000,0,1,106051608,1309,0,1309,-16,0,2,52
14,720,21.600000,10000.000000,0,1,106051626,1309,0,1309,-16,0,2,52
14,720,21.600000,10000.000000,0,1,106051637,1309,0,1309,-16,0,2,52
14,720,21.600000,10000.000000,0,1,106051647,1309,0,1309,-16,0,2,52
14,720,21.600000,10000.000000,0,1,106051657,1309,0,1309,-16,0,2,52
14,720,21.600000,10000.000000,0,1,106051668,1309,0,1309,-16,0,2,52
14,720,21.600000,10000.000000,0,1,106051678,1309,0,1309,-16,0,2,52
14,720,21.600000,10000.000000,0,1,106051688,1309,0,1309,-16,0,2,52
14,720,21.600000,10000.000000,0,1,106051699,1309,0,1309,-16,0,2,52
14,720,21.600000,10000.000000,0,1,106051708,1309,0,1309,-16,0,2,52
14,720,21.600000,10000.000000,0,1,106051719,1309,0,1309,-16,0,2,52
14,720,21.600000,10000.000000,0,1,106051729,1309,0,1309,-16,0,2,52
14,720,21.600000,10000.000000,0,1,106051740,1309,0,1309,-16,0,2,52
14,720,21.600000,10000.000000,0,1,106051750,1309,0,1309,-16,0,2,52
14,720,21.600000,10000.000000,0,1,106051761,1308,0,1308,-16,0,2,52
14,720,21.600000,10000.000000,0,1,106051771,1307,0,1307,-16,0,2,52
14,720,21.600000,10000.000000,0,1,106051782,1306,0,1306,-16,0,2,52
14,720,21.600000,10000.000000,0,1,106051799,1305,0,1305,-16,0,2,52
14,720,21.600000,10000.000000,0,1,106051808,1305,0,1305,-16,0,2,52
14,720,21.600000,10000.000000,0,1,106051818,1305,0,1305,-16,0,2,52
14,720,21.600000,10000.000000,0,1,106051838,1305,0,1305,-16,0,2,52
14,720,21.600000,10000.000000,0,1,106051848,1305,0,1305,-16,0,2,52
14,720,21.600000,10000.000000,0,1,106051859,1305,0,1305,-16,0,2,52
14,720,21.600000,10000.000000,0,1,106051869,1305,0,1305,-16,0,2,52
14,720,21.600000,10000.000000,0,1,106051879,1305,0,1305,-16,0,2,52
14,720,21.600000,10000.000000,0,1,106051890,1305,0,1305,-16,0,2,52
14,720,21.600000,10000.000000,0,1,106051900,1305,0,1305,-16,0,2,52
14,720,21.600000,10000.000000,0,1,106051910,1305,0,1305,-16,0,2,52
14,720,21.600000,10000.000000,0,1,106051920,1305,0,1305,-16,0,2,52
14,720,21.600000,10000.000000,0,1,106051931,1306,0,1306,-16,0,2,52
14,720,21.600000,10000.000000,0,1,106051941,1307,1,1307,-15,0,2,52
14,720,21.600000,10000.000000,0,1,106051951,1309,1,1309,-15,0,2,52
14,720,21.600000,10000.000000,0,1,106051961,1311,2,1311,-14,0,2,52
14,720,21.600000,10000.000000,0,1,106051972,1313,2,1313,-14,0,2,52
14,720,21.600000,10000.000000,0,1,106051981,1315,3,1315,-13,0,2,52
14,720,21.600000,10000.000000,0,1,106051991,1317,3,1317,-13,0,2,52
14,720,21.600000,10000.000000,0,1,106052002,1318,3,1318,-13,0,2,52
14,720,21.600000,10000.000000,0,1,106052013,1319,3,1319,-13,0,2,52
14,720,21.600000,10000.000000,0,1,106052023,1319,3,1319,-13,0,2,52
14,720,21.600000,10000.000000,0,1,106052033,1319,3,1319,-13,0,2,52
14,720,21.600000,10000.000000,0,1,106052044,1319,3,1319,-13,0,2,52
14,720,21.600000,10000.000000,0,1,106052054,1319,3,1319,-13,0,2,52
14,720,21.600000,10000.000000,0,1,106052064,1319,3,1319,-13,0,2,52
14,720,21.600000,10000.000000,0,1,106052074,1319,3,1319,-13,0,2,52
14,720,21.600000,10000.000000,0,1,106052085,1319,3,1319,-13,0,2,52
14,720,21.600000,10000.000000,0,1,106052095,1319,3,1319,-13,0,2,52
14,720,21.600000,10000.000000,0,1,106052106,1319,3,1319,-13,0,2,52
14,720,21.600000,10000.000000,0,1,106052116,1319,3,1319,-13,0,2,52
14,720,21.600000,10000.000000,0,1,106052126,1319,3,1319,-13,0,2,52
14,720,21.600000,10000.000000,0,1,106052136,1320,3,1320,-13,0,2,52
14,720,21.600000,10000.000000,0,1,106052146,1321,3,1321,-13,0,2,52
14,720,21.600000,10000.000000,0,1,106052156,1321,3,1321,-13,0,2,52
14,720,21.600000,10000.000000,0,1,106052166,1321,3,1321,-13,0,2,52
14,720,21.600000,10000.000000,0,1,106052177,1321,3,1321,-13,0,2,52
14,720,21.600000,10000.000000,0,1,106052187,1321,3,1321,-13,0,2,52
14,720,21.600000,10000.000000,0,1,106052196,1321,3,1321,-13,0,2,52
