14,720,50.400000,42.984000,0,0,105999195,600,0,600,0,0,2,21
14,720,50.400000,42.984000,0,0,105999195,600,0,600,0,0,2,21
14,720,50.400000,42.984000,0,0,105999206,600,0,600,0,0,2,21
14,720,50.400000,42.984000,0,0,105999216,600,0,600,0,0,2,21
14,720,50.400000,42.984000,0,0,105999226,600,0,600,0,0,2,21
14,720,50.400000,42.984000,0,0,105999236,600,0,600,0,0,2,21
14,720,50.400000,42.984000,0,0,105999246,600,0,600,0,0,2,21
14,720,50.400000,42.984000,0,0,105999257,600,0,600,0,0,2,21
14,720,50.400000,42.984000,0,0,105999267,600,0,600,0,0,2,21
14,720,50.400000,42.984000,0,0,105999277,600,0,600,0,0,2,21
14,720,50.400000,42.984000,0,0,105999287,601,0,601,0,0,2,21
14,720,50.400000,42.984000,0,0,105999298,607,0,607,-2,0,2,21
14,720,50.400000,42.984000,0,0,105999309,620,0,620,-5,0,2,21
14,720,50.400000,42.984000,0,0,105999320,639,0,639,-7,0,2,21
14,720,50.400000,42.984000,0,0,105999331,663,0,663,-10,0,2,21
14,720,50.400000,42.984000,0,0,105999341,698,0,698,-14,0,2,21
14,720,50.400000,42.984000,0,0,105999352,740,0,740,-19,0,2,21
14,720,50.400000,42.984000,0,0,105999362,789,0,789,-24,0,2,21
14,720,50.400000,42.984000,0,0,105999373,834,0,834,-30,0,2,21
14,720,50.400000,42.984000,0,0,105999383,878,0,878,-36,0,2,21
14,720,50.400000,42.984000,0,0,105999395,912,0,912,-40,0,2,21
14,720,50.400000,42.984000,0,0,105999404,940,0,940,-43,0,2,21
14,720,50.400000,42.984000,0,0,105999415,961,0,961,-45,0,2,21
14,720,50.400000,42.984000,0,0,105999425,979,0,979,-46,0,2,21
14,720,50.400000,42.984000,0,0,105999436,992,0,992,-48,0,2,21
14,720,50.400000,42.984000,0,0,105999446,1004,0,1004,-49,0,2,21
14,720,50.400000,42.984000,0,0,105999457,1013,0,1013,-49,0,2,21
14,720,50.400000,42.984000,0,0,105999467,1022,0,1022,-50,0,2,21
14,720,50.400000,42.984000,0,0,105999478,1030,0,1030,-51,0,2,21
14,720,50.400000,42.984000,0,0,105999488,1042,0,1042,-52,0,2,21
14,720,50.400000,42.984000,0,0,105999498,1052,0,1052,-53,0,2,21
14,720,50.400000,42.984000,0,0,105999509,1064,0,1064,-54,0,2,21
14,720,50.400000,42.984000,0,0,105999520,1078,0,1078,-54,0,2,21
14,720,50.400000,42.984000,0,0,105999531,1092,0,1092,-54,0,2,21
14,720,50.400000,42.984000,0,0,105999541,1107,0,1107,-54,0,2,21
14,720,50.400000,42.984000,0,0,105999552,1123,0,1123,-54,0,2,21
14,720,50.400000,42.984000,0,0,105999563,1143,0,1143,-54,0,2,21
14,720,50.400000,42.984000,0,0,105999573,1157,0,1157,-54,0,2,21
14,720,50.400000,42.984000,0,0,105999584,1167,0,1167,-54,0,2,21
14,720,50.400000,42.984000,0,0,105999595,1174,0,1174,-54,0,2,21
14,720,50.400000,42.984000,0,0,105999605,1177,0,1177,-54,0,2,21
14,720,50.400000,42.984000,0,0,105999616,1178,0,1178,-54,0,2,21
14,720,50.400000,42.984000,0,0,105999627,1179,0,1179,-54,0,2,21
14,720,50.400000,42.984000,0,0,105999637,1180,0,1180,-54,0,2,21
14,720,50.400000,42.984000,0,0,105999648,1183,0,1183,-54,0,2,21
14,720,50.400000,42.984000,0,0,105999659,1187,0,1187,-54,0,2,21
14,720,50.400000,42.984000,0,0,105999670,1194,0,1194,-54,0,2,21
14,720,50.400000,42.984000,0,0,105999681,1202,0,1202,-54,0,2,21
14,720,50.400000,42.984000,0,0,105999692,1212,0,1212,-55,0,2,21
14,720,50.400000,42.984000,0,0,105999702,1227,0,1227,-56,0,2,21
14,720,50.400000,42.984000,0,0,105999712,1241,0,1241,-56,0,2,21
14,720,50.400000,42.984000,0,0,105999723,1257,0,1257,-56,0,2,21
14,720,50.400000,42.984000,0,0,105999734,1275,0,1275,-57,0,2,21
14,720,50.400000,42.984000,0,0,105999746,1291,0,1291,-57,0,2,21
14,720,50.400000,42.984000,0,0,105999756,1304,0,1304,-58,0,2,21
14,720,50.400000,42.984000,0,0,105999767,1313,0,1313,-58,0,2,21
14,720,50.400000,42.984000,0,0,105999778,1321,0,1321,-59,0,2,21
14,720,50.400000,42.984000,0,0,105999789,1323,0,1323,-59,0,2,21
14,720,50.400000,42.984000,0,0,105999799,1326,0,1326,-59,0,2,21
14,720,50.400000,42.984000,0,0,105999810,1326,0,1326,-59,0,2,21
14,720,50.400000,42.984000,0,0,105999821,1326,0,1326,-59,0,2,21
14,720,50.400000,42.984000,0,0,105999831,1326,0,1326,-59,0,2,21
14,720,50.400000,42.984000,0,0,105999842,1326,0,1326,-59,0,2,21
14,720,50.400000,42.984000,0,0,105999852,1326,0,1326,-59,0,2,21
14,720,50.400000,42.984000,0,0,105999862,1326,0,1326,-59,0,2,21
14,720,50.400000,42.984000,0,0,105999872,1326,0,1326,-59,0,2,21
14,720,50.400000,42.984000,0,0,105999882,1327,0,1327,-59,0,2,21
14,720,50.400000,42.984000,0,0,105999893,1329,0,1329,-59,0,2,21
14,720,50.400000,42.984000,0,0,105999904,1330,0,1330,-60,0,2,21
14,720,50.400000,42.984000,0,0,105999915,1331,0,1331,-61,0,2,21
14,720,50.400000,42.984000,0,0,105999926,1331,0,1331,-61,0,2,21
14,720,50.400000,42.984000,0,0,105999936,1331,0,1331,-61,0,2,21
14,720,50.400000,42.984000,0,0,105999946,1331,0,1331,-61,0,2,21
14,720,50.400000,42.984000,0,0,105999956,1331,0,1331,-61,0,2,21
14,720,50.400000,42.984000,0,0,105999966,1331,0,1331,-61,0,2,21
14,720,50.400000,42.984000,0,0,105999977,1331,0,1331,-61,0,2,21
14,720,50.400000,42.984000,0,0,105999987,1331,0,1331,-61,0,2,21
14,720,50.400000,42.984000,0,0,105999997,1331,0,1331,-61,0,2,21
14,720,50.400000,42.984000,0,0,106000007,1331,0,1331,-61,0,2,21
14,720,50.400000,42.984000,0,0,106000018,1331,0,1331,-61,0,2,21
14,720,50.400000,42.984000,0,0,106000028,1331,0,1331,-61,0,2,21
14,720,50.400000,42.984000,0,0,106000038,1331,0,1331,-61,0,2,21
14,720,50.400000,42.984000,0,0,106000048,1331,0,1331,-61,0,2,21
14,720,50.400000,42.984000,0,0,106000057,1331,0,1331,-61,0,2,21
