14,360,21.600000,0.000000,1,1,106013753,780,22,780,22,0,2,29
14,360,21.600000,0.000000,1,1,106013753,780,22,780,22,0,2,29
14,360,21.600000,0.000000,1,1,106013764,783,22,783,22,0,2,29
14,360,21.600000,0.000000,1,1,106013775,785,23,785,23,0,2,29
14,360,21.600000,0.000000,1,1,106013786,787,23,787,23,0,2,29
14,360,21.600000,0.000000,1,1,106013796,789,23,789,23,0,2,29
14,360,21.600000,0.000000,1,1,106013815,791,23,791,23,0,2,29
14,360,21.600000,0.000000,1,1,106013825,795,23,795,23,0,2,29
14,360,21.600000,0.000000,1,1,106013838,799,23,799,23,0,2,29
14,360,21.600000,0.000000,1,1,106013848,807,23,807,23,0,2,29
14,360,21.600000,0.000000,1,1,106013860,822,23,822,23,0,2,29
14,360,21.600000,0.000000,1,1,106013871,844,22,844,22,0,2,29
14,360,21.600000,0.000000,1,1,106013882,870,22,870,22,0,2,29
14,360,21.600000,0.000000,1,1,106013893,898,22,898,22,0,2,29
14,360,21.600000,0.000000,1,1,106013904,932,22,932,22,0,2,29
14,360,21.600000,0.000000,1,1,106013915,967,22,967,22,0,2,29
14,360,21.600000,0.000000,1,1,106013925,999,21,999,21,0,2,29
14,360,21.600000,0.000000,1,1,106013938,1027,20,1027,20,0,2,29
14,360,21.600000,0.000000,1,1,106013948,1051,19,1051,19,0,2,29
14,360,21.600000,0.000000,1,1,106013959,1064,18,1064,18,0,2,29
14,360,21.600000,0.000000,1,1,106013970,1072,18,1072,18,0,2,29
14,360,21.600000,0.000000,1,1,106013982,1076,17,1076,17,0,2,29
14,360,21.600000,0.000000,1,1,106013992,1078,17,1078,17,0,2,29
14,360,21.600000,0.000000,1,1,106014003,1078,17,1078,17,0,2,29
14,360,21.600000,0.000000,1,1,106014013,1078,17,1078,17,0,2,29
14,360,21.600000,0.000000,1,1,106014023,1078,17,1078,17,0,2,29
14,360,21.600000,0.000000,1,1,106014034,1078,17,1078,17,0,2,29
14,360,21.600000,0.000000,1,1,106014045,1078,17,1078,17,0,2,29
14,360,21.600000,0.000000,1,1,106014055,1078,17,1078,17,0,2,29
14,360,21.600000,0.000000,1,1,106014065,1078,17,1078,17,0,2,29
14,360,21.600000,0.000000,1,1,106014075,1079,17,1079,17,0,2,29
14,360,21.600000,0.000000,1,1,106014086,1080,17,1080,17,0,2,29
14,360,21.600000,0.000000,1,1,106014096,1081,17,1081,17,0,2,29
14,360,21.600000,0.000000,1,1,106014106,1083,17,1083,17,0,2,29
14,360,21.600000,0.000000,1,1,106014117,1085,17,1085,17,0,2,29
14,360,21.600000,0.000000,1,1,106014127,1085,16,1085,16,0,2,29
14,360,21.600000,0.000000,1,1,106014137,1085,16,1085,16,0,2,29
14,360,21.600000,0.000000,1,1,106014147,1085,16,1085,16,0,2,29
14,360,21.600000,0.000000,1,1,106014158,1085,16,1085,16,0,2,29
14,360,21.600000,0.000000,1,1,106014176,1085,16,1085,16,0,2,29
14,360,21.600000,0.000000,1,1,106014188,1085,16,1085,16,0,2,29
14,360,21.600000,0.000000,1,1,106014199,1085,16,1085,16,0,2,29
14,360,21.600000,0.000000,1,1,106014209,1086,16,1086,16,0,2,29
14,360,21.600000,0.000000,1,1,106014220,1089,16,1089,16,0,2,29
14,360,21.600000,0.000000,1,1,106014231,1093,15,1093,15,0,2,29
14,360,21.600000,0.000000,1,1,106014241,1098,14,1098,14,0,2,29
14,360,21.600000,0.000000,1,1,106014251,1103,14,1103,14,0,2,29
14,360,21.600000,0.000000,1,1,106014272,1108,13,1108,13,0,2,29
14,360,21.600000,0.000000,1,1,106014281,1117,12,1117,12,0,2,29
14,360,21.600000,0.000000,1,1,106014292,1120,12,1120,12,0,2,29
14,360,21.600000,0.000000,1,1,106014302,1122,12,1122,12,0,2,29
14,360,21.600000,0.000000,1,1,106014312,1122,12,1122,12,0,2,29
14,360,21.600000,0.000000,1,1,106014322,1122,12,1122,12,0,2,29
14,360,21.600000,0.000000,1,1,106014333,1122,12,1122,12,0,2,29
14,360,21.600000,0.000000,1,1,106014343,1122,12,1122,12,0,2,29
14,360,21.600000,0.000000,1,1,106014353,1122,12,1122,12,0,2,29
14,360,21.600000,0.000000,1,1,106014363,1122,12,1122,12,0,2,29
14,360,21.600000,0.000000,1,1,106014374,1122,12,1122,12,0,2,29
14,360,21.600000,0.000000,1,1,106014384,1123,12,1123,12,0,2,29
14,360,21.600000,0.000000,1,1,106014395,1124,12,1124,12,0,2,29
14,360,21.600000,0.000000,1,1,106014413,1125,11,1125,11,0,2,29
14,360,21.600000,0.000000,1,1,106014424,1126,11,1126,11,0,2,29
14,360,21.600000,0.000000,1,1,106014436,1126,11,1126,11,0,2,29
14,360,21.600000,0.000000,1,1,106014446,1127,11,1127,11,0,2,29
14,360,21.600000,0.000000,1,1,106014457,1129,11,1129,11,0,2,29
14,360,21.600000,0.000000,1,1,106014468,1133,10,1133,10,0,2,29
14,360,21.600000,0.000000,1,1,106014479,1137,10,1137,10,0,2,29
14,360,21.600000,0.000000,1,1,106014490,1142,10,1142,10,0,2,29
14,360,21.600000,0.000000,1,1,106014500,1145,10,1145,10,0,2,29
14,360,21.600000,0.000000,1,1,106014510,1146,10,1146,10,0,2,29
14,360,21.600000,0.000000,1,1,106014521,1147,10,1147,10,0,2,29
14,360,21.600000,0.000000,1,1,106014531,1148,10,1148,10,0,2,29
14,360,21.600000,0.000000,1,1,106014542,1148,10,1148,10,0,2,29
14,360,21.600000,0.000000,1,1,106014552,1148,10,1148,10,0,2,29
14,360,21.600000,0.000000,1,1,106014562,1148,10,1148,10,0,2,29
14,360,21.600000,0.000000,1,1,106014572,1148,10,1148,10,0,2,29
14,360,21.600000,0.000000,1,1,106014581,1148,10,1148,10,0,2,29
14,360,21.600000,0.000000,1,1,106014600,1148,10,1148,10,0,2,29
14,360,21.600000,0.000000,1,1,106014611,1148,10,1148,10,0,2,29
14,360,21.600000,0.000000,1,1,106014621,1148,10,1148,10,0,2,29
14,360,21.600000,0.000000,1,1,106014631,1148,10,1148,10,0,2,29
14,360,21.600000,0.000000,1,1,106014641,1148,10,1148,10,0,2,29
