14,360,50.400000,10000.000000,0,0,106166865,780,0,780,0,0,3,1
14,360,50.400000,10000.000000,0,0,106166866,780,0,780,0,0,3,1
14,360,50.400000,10000.000000,0,0,106166876,780,0,780,0,0,3,1
14,360,50.400000,10000.000000,0,0,106166886,780,0,780,0,0,3,1
14,360,50.400000,10000.000000,0,0,106166896,780,0,780,0,0,3,1
14,360,50.400000,10000.000000,0,0,106166906,780,0,780,0,0,3,1
14,360,50.400000,10000.000000,0,0,106166916,780,0,780,0,0,3,1
14,360,50.400000,10000.000000,0,0,106166926,780,0,780,0,0,3,1
14,360,50.400000,10000.000000,0,0,106166936,780,0,780,0,0,3,1
14,360,50.400000,10000.000000,0,0,106166948,780,0,780,0,0,3,1
14,360,50.400000,10000.000000,0,0,106166958,781,0,781,0,0,3,1
14,360,50.400000,10000.000000,0,0,106166969,781,0,781,0,0,3,1
14,360,50.400000,10000.000000,0,0,106166979,781,0,781,0,0,3,1
14,360,50.400000,10000.000000,0,0,106166989,781,0,781,0,0,3,1
14,360,50.400000,10000.000000,0,0,106166999,782,0,782,0,0,3,1
14,360,50.400000,10000.000000,0,0,106167010,784,0,784,0,0,3,1
14,360,50.400000,10000.000000,0,0,106167020,786,0,786,0,0,3,1
14,360,50.400000,10000.000000,0,0,106167030,788,0,788,0,0,3,1
14,360,50.400000,10000.000000,0,0,106167040,789,0,789,0,0,3,1
14,360,50.400000,10000.000000,0,0,106167052,792,0,792,0,0,3,1
14,360,50.400000,10000.000000,0,0,106167061,796,0,796,0,0,3,1
14,360,50.400000,10000.000000,0,0,106167072,800,0,800,0,0,3,1
14,360,50.400000,10000.000000,0,0,106167082,806,0,806,0,0,3,1
14,360,50.400000,10000.000000,0,0,106167092,812,0,812,0,0,3,1
14,360,50.400000,10000.000000,0,0,106167104,817,0,817,0,0,3,1
14,360,50.400000,10000.000000,0,0,106167115,822,0,822,0,0,3,1
14,360,50.400000,10000.000000,0,0,106167126,828,0,828,-1,0,3,1
14,360,50.400000,10000.000000,0,0,106167136,834,0,834,-1,0,3,1
14,360,50.400000,10000.000000,0,0,106167147,843,0,843,-1,0,3,1
14,360,50.400000,10000.000000,0,0,106167168,854,0,854,-2,0,3,1
14,360,50.400000,10000.000000,0,0,106167178,879,0,879,-4,0,3,1
14,360,50.400000,10000.000000,0,0,106167189,894,0,894,-5,0,3,1
14,360,50.400000,10000.000000,0,0,106167199,912,0,912,-6,0,3,1
14,360,50.400000,10000.000000,0,0,106167210,930,0,930,-7,0,3,1
14,360,50.400000,10000.000000,0,0,106167230,949,0,949,-10,0,3,1
14,360,50.400000,10000.000000,0,0,106167241,993,0,993,-12,0,3,1
14,360,50.400000,10000.000000,0,0,106167262,1012,0,1012,-13,0,3,1
14,360,50.400000,10000.000000,0,0,106167272,1038,0,1038,-14,0,3,1
14,360,50.400000,10000.000000,0,0,106167283,1046,0,1046,-14,0,3,1
14,360,50.400000,10000.000000,0,0,106167294,1051,0,1051,-14,0,3,1
14,360,50.400000,10000.000000,0,0,106167304,1055,0,1055,-14,0,3,1
14,360,50.400000,10000.000000,0,0,106167323,1058,0,1058,-14,0,3,1
14,360,50.400000,10000.000000,0,0,106167334,1064,0,1064,-14,0,3,1
14,360,50.400000,10000.000000,0,0,106167354,1070,0,1070,-14,0,3,1
14,360,50.400000,10000.000000,0,0,106167364,1088,0,1088,-14,0,3,1
14,360,50.400000,10000.000000,0,0,106167376,1100,0,1100,-14,0,3,1
14,360,50.400000,10000.000000,0,0,106167386,1110,0,1110,-14,0,3,1
14,360,50.400000,10000.000000,0,0,106167397,1119,0,1119,-14,0,3,1
14,360,50.400000,10000.000000,0,0,106167416,1124,0,1124,-14,0,3,1
14,360,50.400000,10000.000000,0,0,106167427,1126,0,1126,-14,0,3,1
14,360,50.400000,10000.000000,0,0,106167437,1126,0,1126,-14,0,3,1
14,360,50.400000,10000.000000,0,0,106167448,1126,0,1126,-14,0,3,1
14,360,50.400000,10000.000000,0,0,106167459,1126,0,1126,-14,0,3,1
14,360,50.400000,10000.000000,0,0,106167470,1126,0,1126,-14,0,3,1
14,360,50.400000,10000.000000,0,0,106167480,1127,0,1127,-14,0,3,1
14,360,50.400000,10000.000000,0,0,106167491,1127,0,1127,-14,0,3,1
14,360,50.400000,10000.000000,0,0,106167501,1127,0,1127,-14,0,3,1
14,360,50.400000,10000.000000,0,0,106167511,1127,0,1127,-14,0,3,1
14,360,50.400000,10000.000000,0,0,106167521,1127,0,1127,-14,0,3,1
14,360,50.400000,10000.000000,0,0,106167531,1127,0,1127,-14,0,3,1
14,360,50.400000,10000.000000,0,0,106167542,1127,0,1127,-14,0,3,1
14,360,50.400000,10000.000000,0,0,106167552,1127,0,1127,-14,0,3,1
14,360,50.400000,10000.000000,0,0,106167562,1127,0,1127,-14,0,3,1
14,360,50.400000,10000.000000,0,0,106167572,1127,0,1127,-14,0,3,1
14,360,50.400000,10000.000000,0,0,106167583,1127,0,1127,-14,0,3,1
14,360,50.400000,10000.000000,0,0,106167593,1127,0,1127,-14,0,3,1
14,360,50.400000,10000.000000,0,0,106167602,1127,0,1127,-14,0,3,1
