14,360,21.600000,12.276000,0,1,106288089,780,22,780,22,0,3,72
14,360,21.600000,12.276000,0,1,106288090,780,22,780,22,0,3,72
14,360,21.600000,12.276000,0,1,106288101,780,22,780,22,0,3,72
14,360,21.600000,12.276000,0,1,106288111,780,22,780,22,0,3,72
14,360,21.600000,12.276000,0,1,106288121,780,22,780,22,0,3,72
14,360,21.600000,12.276000,0,1,106288133,780,22,780,22,0,3,72
14,360,21.600000,12.276000,0,1,106288144,780,22,780,22,0,3,72
14,360,21.600000,12.276000,0,1,106288156,780,22,780,22,0,3,72
14,360,21.600000,12.276000,0,1,106288167,780,22,780,22,0,3,72
14,360,21.600000,12.276000,0,1,106288178,782,22,782,22,0,3,72
14,360,21.600000,12.276000,0,1,106288189,786,21,786,21,0,3,72
14,360,21.600000,12.276000,0,1,106288199,791,20,791,20,0,3,72
14,360,21.600000,12.276000,0,1,106288210,797,18,797,18,0,3,72
14,360,21.600000,12.276000,0,1,106288221,807,18,807,18,0,3,72
14,360,21.600000,12.276000,0,1,106288232,822,17,822,17,0,3,72
14,360,21.600000,12.276000,0,1,106288243,840,16,840,16,0,3,72
14,360,21.600000,12.276000,0,1,106288254,863,14,863,14,0,3,72
14,360,21.600000,12.276000,0,1,106288264,886,13,886,13,0,3,72
14,360,21.600000,12.276000,0,1,106288274,907,11,907,11,0,3,72
14,360,21.600000,12.276000,0,1,106288285,934,10,934,10,0,3,72
14,360,21.600000,12.276000,0,1,106288295,963,10,963,10,0,3,72
14,360,21.600000,12.276000,0,1,106288306,987,9,987,9,0,3,72
14,360,21.600000,12.276000,0,1,106288316,1008,8,1008,8,0,3,72
14,360,21.600000,12.276000,0,1,106288327,1027,7,1027,7,0,3,72
14,360,21.600000,12.276000,0,1,106288338,1044,7,1044,7,0,3,72
14,360,21.600000,12.276000,0,1,106288348,1057,7,1057,7,0,3,72
14,360,21.600000,12.276000,0,1,106288359,1067,7,1067,7,0,3,72
14,360,21.600000,12.276000,0,1,106288370,1076,7,1076,7,0,3,72
14,360,21.600000,12.276000,0,1,106288381,1083,7,1083,7,0,3,72
14,360,21.600000,12.276000,0,1,106288392,1089,7,1089,7,0,3,72
14,360,21.600000,12.276000,0,1,106288402,1093,7,1093,7,0,3,72
14,360,21.600000,12.276000,0,1,106288413,1097,7,1097,7,0,3,72
14,360,21.600000,12.276000,0,1,106288424,1101,7,1101,7,0,3,72
14,360,21.600000,12.276000,0,1,106288433,1105,7,1105,7,0,3,72
14,360,21.600000,12.276000,0,1,106288454,1109,7,1109,7,0,3,72
14,360,21.600000,12.276000,0,1,106288465,1114,7,1114,7,0,3,72
14,360,21.600000,12.276000,0,1,106288476,1115,7,1115,7,0,3,72
14,360,21.600000,12.276000,0,1,106288486,1115,7,1115,7,0,3,72
14,360,21.600000,12.276000,0,1,106288497,1115,7,1115,7,0,3,72
14,360,21.600000,12.276000,0,1,106288507,1115,7,1115,7,0,3,72
14,360,21.600000,12.276000,0,1,106288517,1115,7,1115,7,0,3,72
14,360,21.600000,12.276000,0,1,106288527,1115,7,1115,7,0,3,72
14,360,21.600000,12.276000,0,1,106288538,1116,7,1116,7,0,3,72
14,360,21.600000,12.276000,0,1,106288548,1118,6,1118,6,0,3,72
14,360,21.600000,12.276000,0,1,106288558,1121,5,1121,5,0,3,72
14,360,21.600000,12.276000,0,1,106288568,1123,5,1123,5,0,3,72
14,360,21.600000,12.276000,0,1,106288578,1123,5,1123,5,0,3,72
14,360,21.600000,12.276000,0,1,106288589,1123,5,1123,5,0,3,72
14,360,21.600000,12.276000,0,1,106288599,1123,5,1123,5,0,3,72
14,360,21.600000,12.276000,0,1,106288609,1123,5,1123,5,0,3,72
14,360,21.600000,12.276000,0,1,106288619,1123,5,1123,5,0,3,72
14,360,21.600000,12.276000,0,1,106288630,1123,5,1123,5,0,3,72
14,360,21.600000,12.276000,0,1,106288640,1123,5,1123,5,0,3,72
14,360,21.600000,12.276000,0,1,106288650,1123,5,1123,5,0,3,72
14,360,21.600000,12.276000,0,1,106288661,1123,5,1123,5,0,3,72
14,360,21.600000,12.276000,0,1,106288671,1124,5,1124,5,0,3,72
14,360,21.600000,12.276000,0,1,106288684,1125,5,1125,5,0,3,72
14,360,21.600000,12.276000,0,1,106288694,1125,5,1125,5,0,3,72
14,360,21.600000,12.276000,0,1,106288705,1125,5,1125,5,0,3,72
14,360,21.600000,12.276000,0,1,106288715,1125,5,1125,5,0,3,72
14,360,21.600000,12.276000,0,1,106288725,1125,5,1125,5,0,3,72
14,360,21.600000,12.276000,0,1,106288736,1125,5,1125,5,0,3,72
14,360,21.600000,12.276000,0,1,106288746,1125,5,1125,5,0,3,72
14,360,21.600000,12.276000,0,1,106288757,1126,5,1126,5,0,3,72
14,360,21.600000,12.276000,0,1,106288767,1126,5,1126,5,0,3,72
14,360,21.600000,12.276000,0,1,106288777,1126,5,1126,5,0,3,72
14,360,21.600000,12.276000,0,1,106288787,1126,5,1126,5,0,3,72
14,360,21.600000,12.276000,0,1,106288798,1126,5,1126,5,0,3,72
14,360,21.600000,12.276000,0,1,106288809,1126,5,1126,5,0,3,72
14,360,21.600000,12.276000,0,1,106288819,1127,5,1127,5,0,3,72
14,360,21.600000,12.276000,0,1,106288830,1128,4,1128,4,0,3,72
14,360,21.600000,12.276000,0,1,106288840,1130,4,1130,4,0,3,72
14,360,21.600000,12.276000,0,1,106288851,1132,4,1132,4,0,3,72
14,360,21.600000,12.276000,0,1,106288861,1134,4,1134,4,0,3,72
14,360,21.600000,12.276000,0,1,106288871,1134,4,1134,4,0,3,72
14,360,21.600000,12.276000,0,1,106288881,1134,4,1134,4,0,3,72
14,360,21.600000,12.276000,0,1,106288892,1134,4,1134,4,0,3,72
14,360,21.600000,12.276000,0,1,106288903,1134,4,1134,4,0,3,72
14,360,21.600000,12.276000,0,1,106288913,1134,4,1134,4,0,3,72
14,360,21.600000,12.276000,0,1,106288923,1134,4,1134,4,0,3,72
14,360,21.600000,12.276000,0,1,106288935,1134,4,1134,4,0,3,72
14,360,21.600000,12.276000,0,1,106288945,1134,4,1134,4,0,3,72
14,360,21.600000,12.276000,0,1,106288956,1134,4,1134,4,0,3,72
14,360,21.600000,12.276000,0,1,106288966,1134,4,1134,4,0,3,72
14,360,21.600000,12.276000,0,1,106288976,1134,4,1134,4,0,3,72
14,360,21.600000,12.276000,0,1,106288996,1134,4,1134,4,0,3,72
14,360,21.600000,12.276000,0,1,106289006,1134,4,1134,4,0,3,72
