14,360,21.600000,42.984000,0,0,106210285,780,0,780,0,0,3,26
14,360,21.600000,42.984000,0,0,106210286,780,0,780,0,0,3,26
14,360,21.600000,42.984000,0,0,106210296,780,0,780,0,0,3,26
14,360,21.600000,42.984000,0,0,106210306,780,0,780,0,0,3,26
14,360,21.600000,42.984000,0,0,106210317,780,0,780,0,0,3,26
14,360,21.600000,42.984000,0,0,106210328,780,0,780,0,0,3,26
14,360,21.600000,42.984000,0,0,106210339,780,0,780,0,0,3,26
14,360,21.600000,42.984000,0,0,106210350,780,0,780,0,0,3,26
14,360,21.600000,42.984000,0,0,106210361,780,0,780,0,0,3,26
14,360,21.600000,42.984000,0,0,106210371,780,0,780,0,0,3,26
14,360,21.600000,42.984000,0,0,106210383,780,0,780,0,0,3,26
14,360,21.600000,42.984000,0,0,106210393,780,0,780,0,0,3,26
14,360,21.600000,42.984000,0,0,106210405,783,0,783,-1,0,3,26
14,360,21.600000,42.984000,0,0,106210416,790,0,790,-1,0,3,26
14,360,21.600000,42.984000,0,0,106210427,800,0,800,-2,0,3,26
14,360,21.600000,42.984000,0,0,106210438,815,0,815,-3,0,3,26
14,360,21.600000,42.984000,0,0,106210449,835,0,835,-4,0,3,26
14,360,21.600000,42.984000,0,0,106210460,860,0,860,-6,0,3,26
14,360,21.600000,42.984000,0,0,106210471,889,0,889,-7,0,3,26
14,360,21.600000,42.984000,0,0,106210481,926,0,926,-9,0,3,26
14,360,21.600000,42.984000,0,0,106210492,960,0,960,-11,0,3,26
14,360,21.600000,42.984000,0,0,106210503,993,0,993,-12,0,3,26
14,360,21.600000,42.984000,0,0,106210515,1024,0,1024,-13,0,3,26
14,360,21.600000,42.984000,0,0,106210526,1051,0,1051,-14,0,3,26
14,360,21.600000,42.984000,0,0,106210536,1071,0,1071,-14,0,3,26
14,360,21.600000,42.984000,0,0,106210548,1090,0,1090,-15,0,3,26
14,360,21.600000,42.984000,0,0,106210558,1102,0,1102,-15,0,3,26
14,360,21.600000,42.984000,0,0,106210569,1110,0,1110,-15,0,3,26
14,360,21.600000,42.984000,0,0,106210581,1115,0,1115,-15,0,3,26
14,360,21.600000,42.984000,0,0,106210591,1119,0,1119,-16,0,3,26
14,360,21.600000,42.984000,0,0,106210602,1122,0,1122,-16,0,3,26
14,360,21.600000,42.984000,0,0,106210612,1123,0,1123,-16,0,3,26
14,360,21.600000,42.984000,0,0,106210622,1124,0,1124,-16,0,3,26
14,360,21.600000,42.984000,0,0,106210633,1125,0,1125,-16,0,3,26
14,360,21.600000,42.984000,0,0,106210643,1126,0,1126,-16,0,3,26
14,360,21.600000,42.984000,0,0,106210653,1128,0,1128,-16,0,3,26
14,360,21.600000,42.984000,0,0,106210663,1130,0,1130,-16,0,3,26
14,360,21.600000,42.984000,0,0,106210673,1132,0,1132,-16,0,3,26
14,360,21.600000,42.984000,0,0,106210684,1133,0,1133,-16,0,3,26
14,360,21.600000,42.984000,0,0,106210694,1133,0,1133,-16,0,3,26
14,360,21.600000,42.984000,0,0,106210704,1133,0,1133,-16,0,3,26
14,360,21.600000,42.984000,0,0,106210715,1133,0,1133,-16,0,3,26
14,360,21.600000,42.984000,0,0,106210725,1133,0,1133,-16,0,3,26
14,360,21.600000,42.984000,0,0,106210735,1133,0,1133,-16,0,3,26
14,360,21.600000,42.984000,0,0,106210745,1133,0,1133,-16,0,3,26
14,360,21.600000,42.984000,0,0,106210756,1134,0,1134,-16,0,3,26
14,360,21.600000,42.984000,0,0,106210766,1136,0,1136,-16,0,3,26
14,360,21.600000,42.984000,0,0,106210776,1138,0,1138,-16,0,3,26
14,360,21.600000,42.984000,0,0,106210786,1138,0,1138,-16,0,3,26
14,360,21.600000,42.984000,0,0,106210797,1138,0,1138,-16,0,3,26
14,360,21.600000,42.984000,0,0,106210807,1138,0,1138,-16,0,3,26
14,360,21.600000,42.984000,0,0,106210818,1138,0,1138,-16,0,3,26
14,360,21.600000,42.984000,0,0,106210828,1138,0,1138,-16,0,3,26
14,360,21.600000,42.984000,0,0,106210839,1138,0,1138,-16,0,3,26
14,360,21.600000,42.984000,0,0,106210850,1138,0,1138,-16,0,3,26
14,360,21.600000,42.984000,0,0,106210861,1138,0,1138,-16,0,3,26
14,360,21.600000,42.984000,0,0,106210870,1138,0,1138,-16,0,3,26
14,360,21.600000,42.984000,0,0,106210881,1138,0,1138,-16,0,3,26
14,360,21.600000,42.984000,0,0,106210891,1138,0,1138,-16,0,3,26
14,360,21.600000,42.984000,0,0,106210901,1138,0,1138,-16,0,3,26
14,360,21.600000,42.984000,0,0,106210910,1138,0,1138,-16,0,3,26
