14,720,50.400000,10000.000000,1,0,106362087,600,0,600,0,0,3,117
14,720,50.400000,10000.000000,1,0,106362087,600,0,600,0,0,3,117
14,720,50.400000,10000.000000,1,0,106362098,600,0,600,0,0,3,117
14,720,50.400000,10000.000000,1,0,106362109,600,0,600,0,0,3,117
14,720,50.400000,10000.000000,1,0,106362119,600,0,600,0,0,3,117
14,720,50.400000,10000.000000,1,0,106362130,600,0,600,0,0,3,117
14,720,50.400000,10000.000000,1,0,106362140,600,0,600,0,0,3,117
14,720,50.400000,10000.000000,1,0,106362151,600,0,600,0,0,3,117
14,720,50.400000,10000.000000,1,0,106362161,600,0,600,0,0,3,117
14,720,50.400000,10000.000000,1,0,106362172,600,0,600,0,0,3,117
14,720,50.400000,10000.000000,1,0,106362182,600,0,600,0,0,3,117
14,720,50.400000,10000.000000,1,0,106362193,601,0,601,0,0,3,117
14,720,50.400000,10000.000000,1,0,106362204,606,0,606,0,0,3,117
14,720,50.400000,10000.000000,1,0,106362216,615,0,615,0,0,3,117
14,720,50.400000,10000.000000,1,0,106362226,629,0,629,0,0,3,117
14,720,50.400000,10000.000000,1,0,106362237,648,0,648,0,0,3,117
14,720,50.400000,10000.000000,1,0,106362248,675,0,675,-1,0,3,117
14,720,50.400000,10000.000000,1,0,106362258,705,0,705,-1,0,3,117
14,720,50.400000,10000.000000,1,0,106362269,746,0,746,-2,0,3,117
14,720,50.400000,10000.000000,1,0,106362280,780,0,780,-3,0,3,117
14,720,50.400000,10000.000000,1,0,106362290,820,0,820,-4,0,3,117
14,720,50.400000,10000.000000,1,0,106362310,869,0,869,-5,0,3,117
14,720,50.400000,10000.000000,1,0,106362322,947,0,947,-6,0,3,117
14,720,50.400000,10000.000000,1,0,106362333,983,0,983,-6,0,3,117
14,720,50.400000,10000.000000,1,0,106362344,1020,0,1020,-6,0,3,117
14,720,50.400000,10000.000000,1,0,106362355,1045,0,1045,-6,0,3,117
14,720,50.400000,10000.000000,1,0,106362366,1070,0,1070,-7,0,3,117
14,720,50.400000,10000.000000,1,0,106362376,1092,0,1092,-7,0,3,117
14,720,50.400000,10000.000000,1,0,106362387,1110,0,1110,-8,0,3,117
14,720,50.400000,10000.000000,1,0,106362398,1127,0,1127,-8,0,3,117
14,720,50.400000,10000.000000,1,0,106362408,1144,0,1144,-9,0,3,117
14,720,50.400000,10000.000000,1,0,106362419,1157,0,1157,-9,0,3,117
14,720,50.400000,10000.000000,1,0,106362430,1169,0,1169,-9,0,3,117
14,720,50.400000,10000.000000,1,0,106362440,1178,0,1178,-9,0,3,117
14,720,50.400000,10000.000000,1,0,106362451,1185,0,1185,-10,0,3,117
14,720,50.400000,10000.000000,1,0,106362461,1188,0,1188,-10,0,3,117
14,720,50.400000,10000.000000,1,0,106362471,1188,0,1188,-10,0,3,117
14,720,50.400000,10000.000000,1,0,106362481,1188,0,1188,-10,0,3,117
14,720,50.400000,10000.000000,1,0,106362491,1188,0,1188,-10,0,3,117
14,720,50.400000,10000.000000,1,0,106362501,1188,0,1188,-10,0,3,117
14,720,50.400000,10000.000000,1,0,106362511,1188,0,1188,-10,0,3,117
14,720,50.400000,10000.000000,1,0,106362521,1188,0,1188,-10,0,3,117
14,720,50.400000,10000.000000,1,0,106362531,1189,0,1189,-10,0,3,117
14,720,50.400000,10000.000000,1,0,106362542,1190,0,1190,-10,0,3,117
14,720,50.400000,10000.000000,1,0,106362552,1193,0,1193,-10,0,3,117
14,720,50.400000,10000.000000,1,0,106362563,1199,0,1199,-10,0,3,117
14,720,50.400000,10000.000000,1,0,106362574,1207,0,1207,-10,0,3,117
14,720,50.400000,10000.000000,1,0,106362585,1218,0,1218,-11,0,3,117
14,720,50.400000,10000.000000,1,0,106362596,1234,0,1234,-12,0,3,117
14,720,50.400000,10000.000000,1,0,106362608,1246,0,1246,-13,0,3,117
14,720,50.400000,10000.000000,1,0,106362626,1260,0,1260,-13,0,3,117
14,720,50.400000,10000.000000,1,0,106362637,1276,0,1276,-14,0,3,117
14,720,50.400000,10000.000000,1,0,106362648,1283,0,1283,-14,0,3,117
14,720,50.400000,10000.000000,1,0,106362659,1288,0,1288,-14,0,3,117
14,720,50.400000,10000.000000,1,0,106362671,1292,0,1292,-14,0,3,117
14,720,50.400000,10000.000000,1,0,106362681,1296,0,1296,-14,0,3,117
14,720,50.400000,10000.000000,1,0,106362691,1299,0,1299,-14,0,3,117
14,720,50.400000,10000.000000,1,0,106362701,1302,0,1302,-14,0,3,117
14,720,50.400000,10000.000000,1,0,106362723,1305,0,1305,-14,0,3,117
14,720,50.400000,10000.000000,1,0,106362733,1313,0,1313,-14,0,3,117
14,720,50.400000,10000.000000,1,0,106362744,1317,0,1317,-14,0,3,117
14,720,50.400000,10000.000000,1,0,106362754,1323,0,1323,-14,0,3,117
14,720,50.400000,10000.000000,1,0,106362765,1329,0,1329,-14,0,3,117
14,720,50.400000,10000.000000,1,0,106362775,1335,0,1335,-14,0,3,117
14,720,50.400000,10000.000000,1,0,106362785,1340,0,1340,-14,0,3,117
14,720,50.400000,10000.000000,1,0,106362795,1342,0,1342,-14,0,3,117
14,720,50.400000,10000.000000,1,0,106362805,1343,0,1343,-14,0,3,117
14,720,50.400000,10000.000000,1,0,106362816,1343,0,1343,-14,0,3,117
14,720,50.400000,10000.000000,1,0,106362826,1343,0,1343,-14,0,3,117
14,720,50.400000,10000.000000,1,0,106362836,1343,0,1343,-14,0,3,117
14,720,50.400000,10000.000000,1,0,106362846,1343,0,1343,-14,0,3,117
14,720,50.400000,10000.000000,1,0,106362856,1342,0,1342,-14,0,3,117
