14,720,82.800000,42.984000,1,0,106235711,600,0,600,0,0,3,41
14,720,82.800000,42.984000,1,0,106235712,600,0,600,0,0,3,41
14,720,82.800000,42.984000,1,0,106235723,598,0,598,0,0,3,41
14,720,82.800000,42.984000,1,0,106235733,598,0,598,0,0,3,41
14,720,82.800000,42.984000,1,0,106235743,598,0,598,0,0,3,41
14,720,82.800000,42.984000,1,0,106235761,598,0,598,0,0,3,41
14,720,82.800000,42.984000,1,0,106235771,598,0,598,0,0,3,41
14,720,82.800000,42.984000,1,0,106235781,598,0,598,0,0,3,41
14,720,82.800000,42.984000,1,0,106235792,598,0,598,0,0,3,41
14,720,82.800000,42.984000,1,0,106235802,598,0,598,0,0,3,41
14,720,82.800000,42.984000,1,0,106235812,598,0,598,0,0,3,41
14,720,82.800000,42.984000,1,0,106235823,598,0,598,-1,0,3,41
14,720,82.800000,42.984000,1,0,106235841,602,0,602,-1,0,3,41
14,720,82.800000,42.984000,1,0,106235853,619,0,619,-4,0,3,41
14,720,82.800000,42.984000,1,0,106235873,640,0,640,-5,0,3,41
14,720,82.800000,42.984000,1,0,106235885,693,0,693,-7,0,3,41
14,720,82.800000,42.984000,1,0,106235895,722,0,722,-8,0,3,41
14,720,82.800000,42.984000,1,0,106235907,750,0,750,-9,0,3,41
14,720,82.800000,42.984000,1,0,106235917,780,0,780,-9,0,3,41
14,720,82.800000,42.984000,1,0,106235937,807,0,807,-10,0,3,41
14,720,82.800000,42.984000,1,0,106235948,859,0,859,-12,0,3,41
14,720,82.800000,42.984000,1,0,106235967,890,0,890,-12,0,3,41
14,720,82.800000,42.984000,1,0,106235978,959,0,959,-14,0,3,41
14,720,82.800000,42.984000,1,0,106235990,1003,0,1003,-16,0,3,41
14,720,82.800000,42.984000,1,0,106236000,1042,0,1042,-17,0,3,41
14,720,82.800000,42.984000,1,0,106236011,1085,0,1085,-20,0,3,41
14,720,82.800000,42.984000,1,0,106236030,1128,0,1128,-23,0,3,41
14,720,82.800000,42.984000,1,0,106236042,1196,0,1196,-27,0,3,41
14,720,82.800000,42.984000,1,0,106236061,1227,0,1227,-28,0,3,41
14,720,82.800000,42.984000,1,0,106236071,1278,0,1278,-31,0,3,41
14,720,82.800000,42.984000,1,0,106236082,1293,0,1293,-32,0,3,41
14,720,82.800000,42.984000,1,0,106236094,1307,0,1307,-33,0,3,41
14,720,82.800000,42.984000,1,0,106236104,1320,0,1320,-33,0,3,41
14,720,82.800000,42.984000,1,0,106236122,1331,0,1331,-34,0,3,41
14,720,82.800000,42.984000,1,0,106236133,1353,0,1353,-35,0,3,41
14,720,82.800000,42.984000,1,0,106236144,1361,0,1361,-36,0,3,41
14,720,82.800000,42.984000,1,0,106236155,1368,0,1368,-36,0,3,41
14,720,82.800000,42.984000,1,0,106236165,1370,0,1370,-36,0,3,41
14,720,82.800000,42.984000,1,0,106236175,1372,0,1372,-36,0,3,41
14,720,82.800000,42.984000,1,0,106236185,1372,0,1372,-36,0,3,41
14,720,82.800000,42.984000,1,0,106236195,1372,0,1372,-36,0,3,41
14,720,82.800000,42.984000,1,0,106236205,1372,0,1372,-36,0,3,41
14,720,82.800000,42.984000,1,0,106236215,1372,0,1372,-36,0,3,41
14,720,82.800000,42.984000,1,0,106236225,1372,0,1372,-36,0,3,41
14,720,82.800000,42.984000,1,0,106236235,1372,0,1372,-36,0,3,41
14,720,82.800000,42.984000,1,0,106236245,1372,0,1372,-36,0,3,41
14,720,82.800000,42.984000,1,0,106236256,1372,0,1372,-36,0,3,41
14,720,82.800000,42.984000,1,0,106236266,1372,0,1372,-36,0,3,41
14,720,82.800000,42.984000,1,0,106236277,1372,0,1372,-36,0,3,41
14,720,82.800000,42.984000,1,0,106236287,1372,0,1372,-36,0,3,41
14,720,82.800000,42.984000,1,0,106236298,1372,0,1372,-36,0,3,41
14,720,82.800000,42.984000,1,0,106236308,1372,0,1372,-36,0,3,41
14,720,82.800000,42.984000,1,0,106236318,1372,0,1372,-36,0,3,41
14,720,82.800000,42.984000,1,0,106236329,1372,0,1372,-37,0,3,41
14,720,82.800000,42.984000,1,0,106236339,1372,0,1372,-37,0,3,41
14,720,82.800000,42.984000,1,0,106236349,1372,0,1372,-37,0,3,41
14,720,82.800000,42.984000,1,0,106236359,1372,0,1372,-37,0,3,41
14,720,82.800000,42.984000,1,0,106236369,1372,0,1372,-37,0,3,41
14,720,82.800000,42.984000,1,0,106236379,1371,0,1371,-37,0,3,41
14,720,82.800000,42.984000,1,0,106236390,1370,0,1370,-37,0,3,41
14,720,82.800000,42.984000,1,0,106236409,1367,0,1367,-37,0,3,41
14,720,82.800000,42.984000,1,0,106236420,1356,0,1356,-37,0,3,41
14,720,82.800000,42.984000,1,0,106236431,1350,0,1350,-37,0,3,41
14,720,82.800000,42.984000,1,0,106236441,1345,0,1345,-37,0,3,41
14,720,82.800000,42.984000,1,0,106236452,1341,0,1341,-37,0,3,41
14,720,82.800000,42.984000,1,0,106236469,1337,1,1337,-36,0,3,41
14,720,82.800000,42.984000,1,0,106236478,1335,1,1335,-36,0,3,41
14,720,82.800000,42.984000,1,0,106236488,1334,1,1334,-36,0,3,41
14,720,82.800000,42.984000,1,0,106236498,1334,1,1334,-36,0,3,41
14,720,82.800000,42.984000,1,0,106236508,1334,1,1334,-36,0,3,41
14,720,82.800000,42.984000,1,0,106236518,1334,1,1334,-36,0,3,41
14,720,82.800000,42.984000,1,0,106236528,1334,1,1334,-36,0,3,41
14,720,82.800000,42.984000,1,0,106236538,1334,1,1334,-36,0,3,41
14,720,82.800000,42.984000,1,0,106236548,1334,1,1334,-36,0,3,41
14,720,82.800000,42.984000,1,0,106236557,1334,1,1334,-36,0,3,41
14,720,82.800000,42.984000,1,0,106236567,1334,1,1334,-36,0,3,41
14,720,82.800000,42.984000,1,0,106236578,1334,1,1334,-36,0,3,41
14,720,82.800000,42.984000,1,0,106236589,1334,1,1334,-36,0,3,41
14,720,82.800000,42.984000,1,0,106236599,1334,1,1334,-36,0,3,41
