14,360,50.400000,0.000000,0,1,106255949,780,22,780,22,0,3,52
14,360,50.400000,0.000000,0,1,106255950,780,22,780,22,0,3,52
14,360,50.400000,0.000000,0,1,106255961,780,22,780,22,0,3,52
14,360,50.400000,0.000000,0,1,106255972,780,22,780,22,0,3,52
14,360,50.400000,0.000000,0,1,106255983,780,22,780,22,0,3,52
14,360,50.400000,0.000000,0,1,106255993,780,22,780,22,0,3,52
14,360,50.400000,0.000000,0,1,106256004,780,22,780,22,0,3,52
14,360,50.400000,0.000000,0,1,106256015,780,22,780,22,0,3,52
14,360,50.400000,0.000000,0,1,106256025,780,22,780,22,0,3,52
14,360,50.400000,0.000000,0,1,106256037,780,22,780,22,0,3,52
14,360,50.400000,0.000000,0,1,106256048,782,22,782,22,0,3,52
14,360,50.400000,0.000000,0,1,106256068,787,22,787,22,0,3,52
14,360,50.400000,0.000000,0,1,106256079,809,19,809,19,0,3,52
14,360,50.400000,0.000000,0,1,106256090,830,17,830,17,0,3,52
14,360,50.400000,0.000000,0,1,106256101,858,15,858,15,0,3,52
14,360,50.400000,0.000000,0,1,106256112,891,13,891,13,0,3,52
14,360,50.400000,0.000000,0,1,106256123,925,11,925,11,0,3,52
14,360,50.400000,0.000000,0,1,106256134,955,10,955,10,0,3,52
14,360,50.400000,0.000000,0,1,106256144,986,9,986,9,0,3,52
14,360,50.400000,0.000000,0,1,106256155,1011,8,1011,8,0,3,52
14,360,50.400000,0.000000,0,1,106256165,1030,8,1030,8,0,3,52
14,360,50.400000,0.000000,0,1,106256175,1042,7,1042,7,0,3,52
14,360,50.400000,0.000000,0,1,106256186,1050,7,1050,7,0,3,52
14,360,50.400000,0.000000,0,1,106256196,1054,7,1054,7,0,3,52
14,360,50.400000,0.000000,0,1,106256207,1056,7,1056,7,0,3,52
14,360,50.400000,0.000000,0,1,106256218,1058,7,1058,7,0,3,52
14,360,50.400000,0.000000,0,1,106256228,1061,7,1061,7,0,3,52
14,360,50.400000,0.000000,0,1,106256239,1065,7,1065,7,0,3,52
14,360,50.400000,0.000000,0,1,106256249,1068,7,1068,7,0,3,52
14,360,50.400000,0.000000,0,1,106256260,1072,7,1072,7,0,3,52
14,360,50.400000,0.000000,0,1,106256272,1077,7,1077,7,0,3,52
14,360,50.400000,0.000000,0,1,106256283,1082,7,1082,7,0,3,52
14,360,50.400000,0.000000,0,1,106256294,1086,7,1086,7,0,3,52
14,360,50.400000,0.000000,0,1,106256305,1090,7,1090,7,0,3,52
14,360,50.400000,0.000000,0,1,106256317,1095,7,1095,7,0,3,52
14,360,50.400000,0.000000,0,1,106256328,1100,7,1100,7,0,3,52
14,360,50.400000,0.000000,0,1,106256339,1107,7,1107,7,0,3,52
14,360,50.400000,0.000000,0,1,106256349,1114,7,1114,7,0,3,52
14,360,50.400000,0.000000,0,1,106256360,1124,7,1124,7,0,3,52
14,360,50.400000,0.000000,0,1,106256371,1132,7,1132,7,0,3,52
14,360,50.400000,0.000000,0,1,106256382,1140,7,1140,7,0,3,52
14,360,50.400000,0.000000,0,1,106256394,1146,6,1146,6,0,3,52
14,360,50.400000,0.000000,0,1,106256404,1151,6,1151,6,0,3,52
14,360,50.400000,0.000000,0,1,106256415,1155,6,1155,6,0,3,52
14,360,50.400000,0.000000,0,1,106256426,1157,6,1157,6,0,3,52
14,360,50.400000,0.000000,0,1,106256436,1158,5,1158,5,0,3,52
14,360,50.400000,0.000000,0,1,106256447,1159,5,1159,5,0,3,52
14,360,50.400000,0.000000,0,1,106256457,1159,5,1159,5,0,3,52
14,360,50.400000,0.000000,0,1,106256468,1160,5,1160,5,0,3,52
14,360,50.400000,0.000000,0,1,106256478,1161,5,1161,5,0,3,52
14,360,50.400000,0.000000,0,1,106256490,1162,5,1162,5,0,3,52
14,360,50.400000,0.000000,0,1,106256501,1164,5,1164,5,0,3,52
14,360,50.400000,0.000000,0,1,106256512,1167,5,1167,5,0,3,52
14,360,50.400000,0.000000,0,1,106256522,1169,5,1169,5,0,3,52
14,360,50.400000,0.000000,0,1,106256533,1171,5,1171,5,0,3,52
14,360,50.400000,0.000000,0,1,106256543,1173,5,1173,5,0,3,52
14,360,50.400000,0.000000,0,1,106256553,1173,5,1173,5,0,3,52
14,360,50.400000,0.000000,0,1,106256564,1173,5,1173,5,0,3,52
14,360,50.400000,0.000000,0,1,106256575,1173,4,1173,4,1,3,52
