14,360,82.800000,0.000000,0,0,106224935,780,0,780,0,0,3,35
14,360,82.800000,0.000000,0,0,106224937,780,0,780,0,0,3,35
14,360,82.800000,0.000000,0,0,106224947,778,0,778,0,0,3,35
14,360,82.800000,0.000000,0,0,106224958,777,0,777,0,0,3,35
14,360,82.800000,0.000000,0,0,106224978,777,0,777,0,0,3,35
14,360,82.800000,0.000000,0,0,106224988,777,0,777,0,0,3,35
14,360,82.800000,0.000000,0,0,106224999,777,0,777,0,0,3,35
14,360,82.800000,0.000000,0,0,106225009,777,0,777,0,0,3,35
14,360,82.800000,0.000000,0,0,106225019,777,0,777,0,0,3,35
14,360,82.800000,0.000000,0,0,106225029,777,0,777,0,0,3,35
14,360,82.800000,0.000000,0,0,106225041,777,0,777,0,0,3,35
14,360,82.800000,0.000000,0,0,106225052,777,0,777,0,0,3,35
14,360,82.800000,0.000000,0,0,106225062,777,0,777,0,0,3,35
14,360,82.800000,0.000000,0,0,106225074,778,0,778,0,0,3,35
14,360,82.800000,0.000000,0,0,106225085,784,0,784,-1,0,3,35
14,360,82.800000,0.000000,0,0,106225095,793,0,793,-3,0,3,35
14,360,82.800000,0.000000,0,0,106225106,806,0,806,-4,0,3,35
14,360,82.800000,0.000000,0,0,106225116,822,0,822,-6,0,3,35
14,360,82.800000,0.000000,0,0,106225136,842,0,842,-8,0,3,35
14,360,82.800000,0.000000,0,0,106225147,887,0,887,-10,0,3,35
14,360,82.800000,0.000000,0,0,106225158,909,0,909,-11,0,3,35
14,360,82.800000,0.000000,0,0,106225170,929,0,929,-11,0,3,35
14,360,82.800000,0.000000,0,0,106225181,951,0,951,-12,0,3,35
14,360,82.800000,0.000000,0,0,106225191,968,0,968,-12,0,3,35
14,360,82.800000,0.000000,0,0,106225203,985,0,985,-12,0,3,35
14,360,82.800000,0.000000,0,0,106225213,1001,0,1001,-14,0,3,35
14,360,82.800000,0.000000,0,0,106225224,1016,0,1016,-14,0,3,35
14,360,82.800000,0.000000,0,0,106225234,1032,0,1032,-16,0,3,35
14,360,82.800000,0.000000,0,0,106225244,1046,0,1046,-17,0,3,35
14,360,82.800000,0.000000,0,0,106225254,1063,0,1063,-18,0,3,35
14,360,82.800000,0.000000,0,0,106225265,1076,0,1076,-19,0,3,35
14,360,82.800000,0.000000,0,0,106225276,1086,0,1086,-20,0,3,35
14,360,82.800000,0.000000,0,0,106225287,1093,0,1093,-21,0,3,35
14,360,82.800000,0.000000,0,0,106225298,1098,0,1098,-21,0,3,35
14,360,82.800000,0.000000,0,0,106225308,1103,0,1103,-22,0,3,35
14,360,82.800000,0.000000,0,0,106225319,1107,0,1107,-22,0,3,35
14,360,82.800000,0.000000,0,0,106225343,1111,0,1111,-23,0,3,35
14,360,82.800000,0.000000,0,0,106225354,1122,0,1122,-23,0,3,35
14,360,82.800000,0.000000,0,0,106225366,1129,0,1129,-23,0,3,35
14,360,82.800000,0.000000,0,0,106225376,1138,0,1138,-24,0,3,35
14,360,82.800000,0.000000,0,0,106225386,1145,0,1145,-24,0,3,35
14,360,82.800000,0.000000,0,0,106225397,1149,0,1149,-24,0,3,35
14,360,82.800000,0.000000,0,0,106225407,1150,0,1150,-24,0,3,35
14,360,82.800000,0.000000,0,0,106225417,1150,0,1150,-24,0,3,35
14,360,82.800000,0.000000,0,0,106225428,1150,0,1150,-24,0,3,35
14,360,82.800000,0.000000,0,0,106225439,1150,0,1150,-24,0,3,35
14,360,82.800000,0.000000,0,0,106225449,1150,0,1150,-24,0,3,35
14,360,82.800000,0.000000,0,0,106225459,1150,0,1150,-24,0,3,35
14,360,82.800000,0.000000,0,0,106225469,1150,0,1150,-24,0,3,35
14,360,82.800000,0.000000,0,0,106225480,1150,0,1150,-24,0,3,35
14,360,82.800000,0.000000,0,0,106225489,1150,0,1150,-24,0,3,35
14,360,82.800000,0.000000,0,0,106225499,1150,0,1150,-24,0,3,35
14,360,82.800000,0.000000,0,0,106225509,1150,0,1150,-24,0,3,35
14,360,82.800000,0.000000,0,0,106225519,1150,0,1150,-24,0,3,35
14,360,82.800000,0.000000,0,0,106225529,1150,0,1150,-24,0,3,35
14,360,82.800000,0.000000,0,0,106225540,1150,0,1150,-24,0,3,35
14,360,82.800000,0.000000,0,0,106225550,1150,0,1150,-24,0,3,35
14,360,82.800000,0.000000,0,0,106225560,1150,0,1150,-24,0,3,35
14,360,82.800000,0.000000,0,0,106225571,1150,0,1150,-24,0,3,35
14,360,82.800000,0.000000,0,0,106225581,1150,0,1150,-24,0,3,35
14,360,82.800000,0.000000,0,0,106225591,1150,0,1150,-24,0,3,35
