14,720,21.600000,10000.000000,1,1,106521853,600,22,600,22,0,4,98
14,720,21.600000,10000.000000,1,1,106521854,600,22,600,22,0,4,98
14,720,21.600000,10000.000000,1,1,106521865,600,22,600,22,0,4,98
14,720,21.600000,10000.000000,1,1,106521875,600,22,600,22,0,4,98
14,720,21.600000,10000.000000,1,1,106521886,600,22,600,22,0,4,98
14,720,21.600000,10000.000000,1,1,106521897,600,22,600,22,0,4,98
14,720,21.600000,10000.000000,1,1,106521908,600,22,600,22,0,4,98
14,720,21.600000,10000.000000,1,1,106521918,600,22,600,22,0,4,98
14,720,21.600000,10000.000000,1,1,106521929,600,22,600,22,0,4,98
14,720,21.600000,10000.000000,1,1,106521940,600,22,600,22,0,4,98
14,720,21.600000,10000.000000,1,1,106521950,600,22,600,22,0,4,98
14,720,21.600000,10000.000000,1,1,106521962,601,22,601,22,0,4,98
14,720,21.600000,10000.000000,1,1,106521973,607,22,607,22,0,4,98
14,720,21.600000,10000.000000,1,1,106521984,619,22,619,22,0,4,98
14,720,21.600000,10000.000000,1,1,106521995,634,22,634,22,0,4,98
14,720,21.600000,10000.000000,1,1,106522007,657,22,657,22,0,4,98
14,720,21.600000,10000.000000,1,1,106522017,688,22,688,22,0,4,98
14,720,21.600000,10000.000000,1,1,106522028,726,22,726,22,0,4,98
14,720,21.600000,10000.000000,1,1,106522039,772,22,772,22,0,4,98
14,720,21.600000,10000.000000,1,1,106522050,820,22,820,22,0,4,98
14,720,21.600000,10000.000000,1,1,106522061,867,21,867,21,0,4,98
14,720,21.600000,10000.000000,1,1,106522072,914,20,914,20,0,4,98
14,720,21.600000,10000.000000,1,1,106522085,954,20,954,20,0,4,98
14,720,21.600000,10000.000000,1,1,106522097,990,19,990,19,0,4,98
14,720,21.600000,10000.000000,1,1,106522108,1012,19,1012,19,0,4,98
14,720,21.600000,10000.000000,1,1,106522118,1036,18,1036,18,0,4,98
14,720,21.600000,10000.000000,1,1,106522129,1051,18,1051,18,0,4,98
14,720,21.600000,10000.000000,1,1,106522139,1069,17,1069,17,0,4,98
14,720,21.600000,10000.000000,1,1,106522150,1083,15,1083,15,0,4,98
14,720,21.600000,10000.000000,1,1,106522161,1097,15,1097,15,0,4,98
14,720,21.600000,10000.000000,1,1,106522172,1114,14,1114,14,0,4,98
14,720,21.600000,10000.000000,1,1,106522183,1128,14,1128,14,0,4,98
14,720,21.600000,10000.000000,1,1,106522193,1143,13,1143,13,0,4,98
14,720,21.600000,10000.000000,1,1,106522204,1157,13,1157,13,0,4,98
14,720,21.600000,10000.000000,1,1,106522215,1171,13,1171,13,0,4,98
14,720,21.600000,10000.000000,1,1,106522226,1185,13,1185,13,0,4,98
14,720,21.600000,10000.000000,1,1,106522237,1200,13,1200,13,0,4,98
14,720,21.600000,10000.000000,1,1,106522248,1209,13,1209,13,0,4,98
14,720,21.600000,10000.000000,1,1,106522257,1217,13,1217,13,0,4,98
14,720,21.600000,10000.000000,1,1,106522268,1221,13,1221,13,0,4,98
14,720,21.600000,10000.000000,1,1,106522279,1224,13,1224,13,0,4,98
14,720,21.600000,10000.000000,1,1,106522289,1225,13,1225,13,0,4,98
14,720,21.600000,10000.000000,1,1,106522300,1226,13,1226,13,0,4,98
14,720,21.600000,10000.000000,1,1,106522310,1227,13,1227,13,0,4,98
14,720,21.600000,10000.000000,1,1,106522321,1228,13,1228,13,0,4,98
14,720,21.600000,10000.000000,1,1,106522333,1229,13,1229,13,0,4,98
14,720,21.600000,10000.000000,1,1,106522343,1230,13,1230,13,0,4,98
14,720,21.600000,10000.000000,1,1,106522354,1233,12,1233,12,0,4,98
14,720,21.600000,10000.000000,1,1,106522365,1238,12,1238,12,0,4,98
14,720,21.600000,10000.000000,1,1,106522376,1246,12,1246,12,0,4,98
14,720,21.600000,10000.000000,1,1,106522387,1255,12,1255,12,0,4,98
14,720,21.600000,10000.000000,1,1,106522398,1265,12,1265,12,0,4,98
14,720,21.600000,10000.000000,1,1,106522409,1276,12,1276,12,0,4,98
14,720,21.600000,10000.000000,1,1,106522419,1284,11,1284,11,0,4,98
14,720,21.600000,10000.000000,1,1,106522431,1288,11,1288,11,0,4,98
14,720,21.600000,10000.000000,1,1,106522441,1288,11,1288,11,0,4,98
14,720,21.600000,10000.000000,1,1,106522452,1288,11,1288,11,0,4,98
14,720,21.600000,10000.000000,1,1,106522462,1288,11,1288,11,0,4,98
14,720,21.600000,10000.000000,1,1,106522473,1288,11,1288,11,0,4,98
14,720,21.600000,10000.000000,1,1,106522484,1288,11,1288,11,0,4,98
14,720,21.600000,10000.000000,1,1,106522494,1288,11,1288,11,0,4,98
14,720,21.600000,10000.000000,1,1,106522504,1288,11,1288,11,0,4,98
14,720,21.600000,10000.000000,1,1,106522516,1288,11,1288,11,0,4,98
14,720,21.600000,10000.000000,1,1,106522526,1289,11,1289,11,0,4,98
14,720,21.600000,10000.000000,1,1,106522536,1290,11,1290,11,0,4,98
14,720,21.600000,10000.000000,1,1,106522547,1290,11,1290,11,0,4,98
14,720,21.600000,10000.000000,1,1,106522557,1290,11,1290,11,0,4,98
14,720,21.600000,10000.000000,1,1,106522568,1290,11,1290,11,0,4,98
14,720,21.600000,10000.000000,1,1,106522578,1290,11,1290,11,0,4,98
14,720,21.600000,10000.000000,1,1,106522589,1290,11,1290,11,0,4,98
14,720,21.600000,10000.000000,1,1,106522599,1290,11,1290,11,0,4,98
14,720,21.600000,10000.000000,1,1,106522610,1291,11,1291,11,0,4,98
14,720,21.600000,10000.000000,1,1,106522620,1293,11,1293,11,0,4,98
14,720,21.600000,10000.000000,1,1,106522630,1296,11,1296,11,0,4,98
14,720,21.600000,10000.000000,1,1,106522641,1300,11,1300,11,0,4,98
14,720,21.600000,10000.000000,1,1,106522652,1304,11,1304,11,0,4,98
14,720,21.600000,10000.000000,1,1,106522663,1308,12,1308,12,0,4,98
14,720,21.600000,10000.000000,1,1,106522673,1311,12,1311,12,0,4,98
14,720,21.600000,10000.000000,1,1,106522682,1313,12,1313,12,0,4,98
14,720,21.600000,10000.000000,1,1,106522693,1313,12,1313,12,0,4,98
14,720,21.600000,10000.000000,1,1,106522702,1313,12,1313,12,0,4,98
14,720,21.600000,10000.000000,1,1,106522712,1313,12,1313,12,0,4,98
14,720,21.600000,10000.000000,1,1,106522722,1313,12,1313,12,0,4,98
14,720,21.600000,10000.000000,1,1,106522732,1313,12,1313,12,0,4,98
14,720,21.600000,10000.000000,1,1,106522742,1313,12,1313,12,0,4,98
14,720,21.600000,10000.000000,1,1,106522752,1313,12,1313,12,0,4,98
14,720,21.600000,10000.000000,1,1,106522763,1313,12,1313,12,0,4,98
14,720,21.600000,10000.000000,1,1,106522773,1313,12,1313,12,0,4,98
14,720,21.600000,10000.000000,1,1,106522783,1313,12,1313,12,0,4,98
14,720,21.600000,10000.000000,1,1,106522794,1313,12,1313,12,0,4,98
14,720,21.600000,10000.000000,1,1,106522804,1313,12,1313,12,0,4,98
14,720,21.600000,10000.000000,1,1,106522815,1313,12,1313,12,0,4,98
14,720,21.600000,10000.000000,1,1,106522825,1313,12,1313,12,0,4,98
14,720,21.600000,10000.000000,1,1,106522836,1313,12,1313,12,0,4,98
14,720,21.600000,10000.000000,1,1,106522846,1313,12,1313,12,0,4,98
14,720,21.600000,10000.000000,1,1,106522856,1313,12,1313,12,0,4,98
14,720,21.600000,10000.000000,1,1,106522867,1313,12,1313,12,0,4,98
14,720,21.600000,10000.000000,1,1,106522877,1313,12,1313,12,0,4,98
14,720,21.600000,10000.000000,1,1,106522887,1313,12,1313,12,0,4,98
