14,360,82.800000,12.276000,1,0,106435685,780,0,780,0,1,4,43
14,360,82.800000,12.276000,1,0,106435686,780,0,780,0,1,4,43
14,360,82.800000,12.276000,1,0,106435697,780,0,780,0,1,4,43
14,360,82.800000,12.276000,1,0,106435707,780,0,780,0,1,4,43
14,360,82.800000,12.276000,1,0,106435717,780,0,780,0,1,4,43
14,360,82.800000,12.276000,1,0,106435727,780,0,780,0,1,4,43
14,360,82.800000,12.276000,1,0,106435737,780,0,780,0,1,4,43
14,360,82.800000,12.276000,1,0,106435747,780,0,780,0,1,4,43
14,360,82.800000,12.276000,1,0,106435757,780,0,780,0,1,4,43
14,360,82.800000,12.276000,1,0,106435767,780,0,780,0,1,4,43
14,360,82.800000,12.276000,1,0,106435778,782,0,782,0,1,4,43
14,360,82.800000,12.276000,1,0,106435788,788,0,788,0,1,4,43
14,360,82.800000,12.276000,1,0,106435799,798,0,798,0,1,4,43
14,360,82.800000,12.276000,1,0,106435810,816,0,816,0,1,4,43
14,360,82.800000,12.276000,1,0,106435821,841,0,841,0,1,4,43
14,360,82.800000,12.276000,1,0,106435831,869,0,869,0,1,4,43
14,360,82.800000,12.276000,1,0,106435842,905,0,905,0,1,4,43
14,360,82.800000,12.276000,1,0,106435853,944,0,944,-1,1,4,43
14,360,82.800000,12.276000,1,0,106435864,980,0,980,-2,1,4,43
14,360,82.800000,12.276000,1,0,106435875,1008,0,1008,-2,1,4,43
14,360,82.800000,12.276000,1,0,106435885,1026,0,1026,-3,1,4,43
14,360,82.800000,12.276000,1,0,106435897,1040,0,1040,-3,1,4,43
14,360,82.800000,12.276000,1,0,106435907,1050,0,1050,-4,1,4,43
14,360,82.800000,12.276000,1,0,106435917,1055,0,1055,-4,1,4,43
14,360,82.800000,12.276000,1,0,106435927,1057,0,1057,-4,1,4,43
14,360,82.800000,12.276000,1,0,106435936,1057,0,1057,-5,1,4,43
14,360,82.800000,12.276000,1,0,106435946,1057,0,1057,-6,1,4,43
14,360,82.800000,12.276000,1,0,106435957,1058,0,1058,-6,1,4,43
14,360,82.800000,12.276000,1,0,106435967,1058,0,1058,-6,1,4,43
14,360,82.800000,12.276000,1,0,106435977,1060,0,1060,-6,1,4,43
14,360,82.800000,12.276000,1,0,106435987,1064,0,1064,-7,1,4,43
14,360,82.800000,12.276000,1,0,106435998,1069,0,1069,-8,1,4,43
14,360,82.800000,12.276000,1,0,106436009,1075,0,1075,-9,1,4,43
14,360,82.800000,12.276000,1,0,106436020,1086,0,1086,-9,1,4,43
14,360,82.800000,12.276000,1,0,106436031,1099,0,1099,-10,1,4,43
14,360,82.800000,12.276000,1,0,106436043,1117,0,1117,-11,1,4,43
14,360,82.800000,12.276000,1,0,106436054,1131,0,1131,-12,1,4,43
14,360,82.800000,12.276000,1,0,106436064,1139,0,1139,-12,1,4,43
14,360,82.800000,12.276000,1,0,106436075,1141,0,1141,-12,1,4,43
14,360,82.800000,12.276000,1,0,106436089,1141,0,1141,-12,1,4,43
14,360,82.800000,12.276000,1,0,106436099,1141,0,1141,-12,1,4,43
14,360,82.800000,12.276000,1,0,106436110,1141,0,1141,-12,1,4,43
14,360,82.800000,12.276000,1,0,106436121,1141,0,1141,-12,1,4,43
14,360,82.800000,12.276000,1,0,106436132,1141,0,1141,-12,1,4,43
14,360,82.800000,12.276000,1,0,106436142,1141,0,1141,-12,1,4,43
14,360,82.800000,12.276000,1,0,106436153,1141,0,1141,-12,1,4,43
14,360,82.800000,12.276000,1,0,106436163,1141,0,1141,-12,1,4,43
14,360,82.800000,12.276000,1,0,106436174,1141,0,1141,-12,1,4,43
14,360,82.800000,12.276000,1,0,106436183,1141,0,1141,-12,0,4,43
