14,360,82.800000,22.608000,0,1,106530121,780,22,780,22,0,4,103
14,360,82.800000,22.608000,0,1,106530121,780,22,780,22,0,4,103
14,360,82.800000,22.608000,0,1,106530132,780,22,780,22,0,4,103
14,360,82.800000,22.608000,0,1,106530142,781,22,781,22,0,4,103
14,360,82.800000,22.608000,0,1,106530153,781,22,781,22,0,4,103
14,360,82.800000,22.608000,0,1,106530163,782,22,782,22,0,4,103
14,360,82.800000,22.608000,0,1,106530175,783,22,783,22,0,4,103
14,360,82.800000,22.608000,0,1,106530186,785,22,785,22,0,4,103
14,360,82.800000,22.608000,0,1,106530197,789,22,789,22,0,4,103
14,360,82.800000,22.608000,0,1,106530208,798,22,798,22,0,4,103
14,360,82.800000,22.608000,0,1,106530219,808,23,808,23,0,4,103
14,360,82.800000,22.608000,0,1,106530229,824,23,824,23,0,4,103
14,360,82.800000,22.608000,0,1,106530240,845,24,845,24,0,4,103
14,360,82.800000,22.608000,0,1,106530250,869,24,869,24,0,4,103
14,360,82.800000,22.608000,0,1,106530261,898,24,898,24,0,4,103
14,360,82.800000,22.608000,0,1,106530272,928,23,928,23,0,4,103
14,360,82.800000,22.608000,0,1,106530282,960,22,960,22,0,4,103
14,360,82.800000,22.608000,0,1,106530293,990,21,990,21,0,4,103
14,360,82.800000,22.608000,0,1,106530303,1015,19,1015,19,0,4,103
14,360,82.800000,22.608000,0,1,106530314,1035,18,1035,18,0,4,103
14,360,82.800000,22.608000,0,1,106530324,1050,17,1050,17,0,4,103
14,360,82.800000,22.608000,0,1,106530335,1059,15,1059,15,0,4,103
14,360,82.800000,22.608000,0,1,106530345,1066,15,1066,15,0,4,103
14,360,82.800000,22.608000,0,1,106530355,1070,14,1070,14,0,4,103
14,360,82.800000,22.608000,0,1,106530366,1072,14,1072,14,0,4,103
14,360,82.800000,22.608000,0,1,106530376,1072,14,1072,14,0,4,103
14,360,82.800000,22.608000,0,1,106530387,1072,14,1072,14,0,4,103
14,360,82.800000,22.608000,0,1,106530397,1072,14,1072,14,0,4,103
14,360,82.800000,22.608000,0,1,106530408,1072,14,1072,14,0,4,103
14,360,82.800000,22.608000,0,1,106530418,1073,13,1073,13,0,4,103
14,360,82.800000,22.608000,0,1,106530429,1076,12,1076,12,0,4,103
14,360,82.800000,22.608000,0,1,106530441,1079,12,1079,12,0,4,103
14,360,82.800000,22.608000,0,1,106530453,1084,11,1084,11,0,4,103
14,360,82.800000,22.608000,0,1,106530463,1090,10,1090,10,0,4,103
14,360,82.800000,22.608000,0,1,106530474,1098,9,1098,9,0,4,103
14,360,82.800000,22.608000,0,1,106530484,1106,9,1106,9,0,4,103
14,360,82.800000,22.608000,0,1,106530494,1115,8,1115,8,0,4,103
14,360,82.800000,22.608000,0,1,106530505,1121,8,1121,8,0,4,103
14,360,82.800000,22.608000,0,1,106530516,1126,7,1126,7,0,4,103
14,360,82.800000,22.608000,0,1,106530526,1129,7,1129,7,0,4,103
14,360,82.800000,22.608000,0,1,106530536,1131,7,1131,7,0,4,103
14,360,82.800000,22.608000,0,1,106530547,1132,7,1132,7,0,4,103
14,360,82.800000,22.608000,0,1,106530557,1133,7,1133,7,0,4,103
14,360,82.800000,22.608000,0,1,106530566,1134,7,1134,7,0,4,103
