14,360,21.600000,12.276000,1,1,106373170,780,22,780,22,1,4,4
14,360,21.600000,12.276000,1,1,106373171,780,22,780,22,1,4,4
14,360,21.600000,12.276000,1,1,106373181,780,22,780,22,1,4,4
14,360,21.600000,12.276000,1,1,106373191,780,22,780,22,1,4,4
14,360,21.600000,12.276000,1,1,106373201,781,22,781,22,1,4,4
14,360,21.600000,12.276000,1,1,106373211,781,22,781,22,1,4,4
14,360,21.600000,12.276000,1,1,106373221,781,22,781,22,1,4,4
14,360,21.600000,12.276000,1,1,106373239,781,22,781,22,1,4,4
14,360,21.600000,12.276000,1,1,106373251,786,22,786,22,1,4,4
14,360,21.600000,12.276000,1,1,106373262,793,20,793,20,1,4,4
14,360,21.600000,12.276000,1,1,106373273,802,20,802,20,1,4,4
14,360,21.600000,12.276000,1,1,106373284,815,20,815,20,1,4,4
14,360,21.600000,12.276000,1,1,106373295,833,20,833,20,1,4,4
14,360,21.600000,12.276000,1,1,106373306,855,19,855,19,1,4,4
14,360,21.600000,12.276000,1,1,106373317,880,19,880,19,1,4,4
14,360,21.600000,12.276000,1,1,106373328,904,19,904,19,1,4,4
14,360,21.600000,12.276000,1,1,106373339,929,18,929,18,1,4,4
14,360,21.600000,12.276000,1,1,106373350,951,17,951,17,1,4,4
14,360,21.600000,12.276000,1,1,106373361,967,16,967,16,1,4,4
14,360,21.600000,12.276000,1,1,106373381,979,16,979,16,1,4,4
14,360,21.600000,12.276000,1,1,106373392,995,15,995,15,1,4,4
14,360,21.600000,12.276000,1,1,106373403,1001,14,1001,14,1,4,4
14,360,21.600000,12.276000,1,1,106373414,1006,14,1006,14,1,4,4
14,360,21.600000,12.276000,1,1,106373425,1011,13,1011,13,1,4,4
14,360,21.600000,12.276000,1,1,106373437,1017,13,1017,13,1,4,4
14,360,21.600000,12.276000,1,1,106373449,1025,12,1025,12,1,4,4
14,360,21.600000,12.276000,1,1,106373460,1035,11,1035,11,1,4,4
14,360,21.600000,12.276000,1,1,106373470,1044,9,1044,9,1,4,4
14,360,21.600000,12.276000,1,1,106373481,1052,7,1052,7,1,4,4
14,360,21.600000,12.276000,1,1,106373492,1061,6,1061,6,1,4,4
14,360,21.600000,12.276000,1,1,106373502,1071,5,1071,5,1,4,4
14,360,21.600000,12.276000,1,1,106373513,1080,4,1080,4,1,4,4
14,360,21.600000,12.276000,1,1,106373523,1091,3,1091,3,1,4,4
14,360,21.600000,12.276000,1,1,106373534,1101,2,1101,2,1,4,4
14,360,21.600000,12.276000,1,1,106373552,1112,1,1112,1,1,4,4
14,360,21.600000,12.276000,1,1,106373563,1128,0,1128,-2,1,4,4
14,360,21.600000,12.276000,1,1,106373573,1132,0,1132,-3,1,4,4
14,360,21.600000,12.276000,1,1,106373583,1132,0,1132,-3,1,4,4
14,360,21.600000,12.276000,1,1,106373593,1132,0,1132,-3,1,4,4
14,360,21.600000,12.276000,1,1,106373603,1132,0,1132,-3,1,4,4
14,360,21.600000,12.276000,1,1,106373614,1132,0,1132,-3,1,4,4
14,360,21.600000,12.276000,1,1,106373624,1132,0,1132,-3,1,4,4
14,360,21.600000,12.276000,1,1,106373635,1132,0,1132,-3,1,4,4
14,360,21.600000,12.276000,1,1,106373646,1132,0,1132,-3,1,4,4
14,360,21.600000,12.276000,1,1,106373656,1132,0,1132,-3,1,4,4
14,360,21.600000,12.276000,1,1,106373666,1132,0,1132,-3,1,4,4
14,360,21.600000,12.276000,1,1,106373677,1132,0,1132,-3,1,4,4
14,360,21.600000,12.276000,1,1,106373696,1132,0,1132,-3,1,4,4
14,360,21.600000,12.276000,1,1,106373706,1132,0,1132,-3,1,4,4
14,360,21.600000,12.276000,1,1,106373716,1132,0,1132,-3,1,4,4
14,360,21.600000,12.276000,1,1,106373726,1132,0,1132,-3,1,4,4
14,360,21.600000,12.276000,1,1,106373737,1132,0,1132,-3,1,4,4
14,360,21.600000,12.276000,1,1,106373746,1132,0,1132,-3,1,4,4
14,360,21.600000,12.276000,1,1,106373756,1132,0,1132,-3,1,4,4
14,360,21.600000,12.276000,1,1,106373767,1132,0,1132,-3,1,4,4
14,360,21.600000,12.276000,1,1,106373777,1132,0,1132,-3,1,4,4
14,360,21.600000,12.276000,1,1,106373787,1132,0,1132,-3,1,4,4
14,360,21.600000,12.276000,1,1,106373797,1132,0,1132,-3,1,4,4
14,360,21.600000,12.276000,1,1,106373806,1132,0,1132,-3,0,4,4
