14,360,21.600000,12.276000,1,0,106485628,780,0,780,0,0,4,74
14,360,21.600000,12.276000,1,0,106485629,780,0,780,0,0,4,74
14,360,21.600000,12.276000,1,0,106485639,780,0,780,0,0,4,74
14,360,21.600000,12.276000,1,0,106485650,780,0,780,0,0,4,74
14,360,21.600000,12.276000,1,0,106485661,780,0,780,0,0,4,74
14,360,21.600000,12.276000,1,0,106485672,780,0,780,0,0,4,74
14,360,21.600000,12.276000,1,0,106485682,780,0,780,0,0,4,74
14,360,21.600000,12.276000,1,0,106485696,780,0,780,0,0,4,74
14,360,21.600000,12.276000,1,0,106485708,788,0,788,-2,0,4,74
14,360,21.600000,12.276000,1,0,106485719,802,0,802,-5,0,4,74
14,360,21.600000,12.276000,1,0,106485731,831,0,831,-7,0,4,74
14,360,21.600000,12.276000,1,0,106485742,860,0,860,-8,0,4,74
14,360,21.600000,12.276000,1,0,106485752,907,0,907,-9,0,4,74
14,360,21.600000,12.276000,1,0,106485763,952,0,952,-10,0,4,74
14,360,21.600000,12.276000,1,0,106485773,1010,0,1010,-10,0,4,74
14,360,21.600000,12.276000,1,0,106485784,1068,0,1068,-11,0,4,74
14,360,21.600000,12.276000,1,0,106485795,1111,0,1111,-11,0,4,74
14,360,21.600000,12.276000,1,0,106485805,1156,0,1156,-12,0,4,74
14,360,21.600000,12.276000,1,0,106485815,1181,0,1181,-13,0,4,74
14,360,21.600000,12.276000,1,0,106485836,1202,0,1202,-13,0,4,74
14,360,21.600000,12.276000,1,0,106485847,1222,0,1222,-13,0,4,74
14,360,21.600000,12.276000,1,0,106485857,1224,0,1224,-13,0,4,74
14,360,21.600000,12.276000,1,0,106485868,1224,0,1224,-13,0,4,74
14,360,21.600000,12.276000,1,0,106485879,1224,0,1224,-13,0,4,74
14,360,21.600000,12.276000,1,0,106485890,1224,0,1224,-13,0,4,74
14,360,21.600000,12.276000,1,0,106485900,1224,0,1224,-13,0,4,74
14,360,21.600000,12.276000,1,0,106485911,1224,0,1224,-13,0,4,74
14,360,21.600000,12.276000,1,0,106485925,1224,0,1224,-13,0,4,74
14,360,21.600000,12.276000,1,0,106485936,1224,0,1224,-13,0,4,74
14,360,21.600000,12.276000,1,0,106485947,1224,0,1224,-13,0,4,74
14,360,21.600000,12.276000,1,0,106485957,1224,0,1224,-13,0,4,74
14,360,21.600000,12.276000,1,0,106485969,1224,0,1224,-13,0,4,74
14,360,21.600000,12.276000,1,0,106485980,1224,0,1224,-13,0,4,74
14,360,21.600000,12.276000,1,0,106485992,1224,0,1224,-13,0,4,74
14,360,21.600000,12.276000,1,0,106486002,1224,0,1224,-13,0,4,74
14,360,21.600000,12.276000,1,0,106486013,1224,0,1224,-13,0,4,74
14,360,21.600000,12.276000,1,0,106486024,1223,0,1223,-13,0,4,74
14,360,21.600000,12.276000,1,0,106486034,1220,0,1220,-13,0,4,74
14,360,21.600000,12.276000,1,0,106486044,1216,0,1216,-13,0,4,74
14,360,21.600000,12.276000,1,0,106486056,1211,1,1211,-12,0,4,74
14,360,21.600000,12.276000,1,0,106486067,1204,2,1204,-11,0,4,74
14,360,21.600000,12.276000,1,0,106486078,1198,3,1198,-10,0,4,74
14,360,21.600000,12.276000,1,0,106486089,1191,3,1191,-10,0,4,74
14,360,21.600000,12.276000,1,0,106486099,1185,4,1185,-9,0,4,74
14,360,21.600000,12.276000,1,0,106486110,1180,4,1180,-9,0,4,74
14,360,21.600000,12.276000,1,0,106486121,1177,4,1177,-9,0,4,74
14,360,21.600000,12.276000,1,0,106486132,1176,4,1176,-9,0,4,74
14,360,21.600000,12.276000,1,0,106486143,1176,4,1176,-9,0,4,74
14,360,21.600000,12.276000,1,0,106486154,1176,4,1176,-9,0,4,74
14,360,21.600000,12.276000,1,0,106486164,1176,4,1176,-9,0,4,74
14,360,21.600000,12.276000,1,0,106486174,1176,4,1176,-9,0,4,74
14,360,21.600000,12.276000,1,0,106486184,1176,4,1176,-9,0,4,74
14,360,21.600000,12.276000,1,0,106486195,1176,4,1176,-9,0,4,74
14,360,21.600000,12.276000,1,0,106486205,1176,4,1176,-9,0,4,74
14,360,21.600000,12.276000,1,0,106486215,1176,4,1176,-9,0,4,74
14,360,21.600000,12.276000,1,0,106486225,1176,4,1176,-9,0,4,74
14,360,21.600000,12.276000,1,0,106486235,1176,4,1176,-9,0,4,74
14,360,21.600000,12.276000,1,0,106486245,1176,4,1176,-9,0,4,74
14,360,21.600000,12.276000,1,0,106486255,1176,4,1176,-9,0,4,74
14,360,21.600000,12.276000,1,0,106486265,1176,4,1176,-9,0,4,74
14,360,21.600000,12.276000,1,0,106486276,1176,4,1176,-9,0,4,74
14,360,21.600000,12.276000,1,0,106486286,1175,4,1175,-9,0,4,74
14,360,21.600000,12.276000,1,0,106486297,1172,4,1172,-9,0,4,74
14,360,21.600000,12.276000,1,0,106486309,1168,4,1168,-9,0,4,74
14,360,21.600000,12.276000,1,0,106486320,1162,4,1162,-9,0,4,74
14,360,21.600000,12.276000,1,0,106486331,1157,4,1157,-9,0,4,74
14,360,21.600000,12.276000,1,0,106486342,1154,4,1154,-9,0,4,74
14,360,21.600000,12.276000,1,0,106486352,1153,4,1153,-9,0,4,74
14,360,21.600000,12.276000,1,0,106486362,1153,4,1153,-9,0,4,74
14,360,21.600000,12.276000,1,0,106486373,1153,4,1153,-9,0,4,74
14,360,21.600000,12.276000,1,0,106486384,1153,4,1153,-9,0,4,74
14,360,21.600000,12.276000,1,0,106486394,1153,4,1153,-9,0,4,74
14,360,21.600000,12.276000,1,0,106486404,1153,4,1153,-9,0,4,74
14,360,21.600000,12.276000,1,0,106486414,1153,4,1153,-9,0,4,74
14,360,21.600000,12.276000,1,0,106486425,1153,4,1153,-9,0,4,74
14,360,21.600000,12.276000,1,0,106486435,1153,4,1153,-9,0,4,74
14,360,21.600000,12.276000,1,0,106486445,1153,4,1153,-9,0,4,74
14,360,21.600000,12.276000,1,0,106486455,1151,3,1151,-10,0,4,74
14,360,21.600000,12.276000,1,0,106486465,1150,3,1150,-10,0,4,74
14,360,21.600000,12.276000,1,0,106486476,1149,3,1149,-10,0,4,74
14,360,21.600000,12.276000,1,0,106486486,1148,3,1148,-10,0,4,74
14,360,21.600000,12.276000,1,0,106486496,1147,2,1147,-11,0,4,74
14,360,21.600000,12.276000,1,0,106486506,1147,2,1147,-11,0,4,74
14,360,21.600000,12.276000,1,0,106486517,1147,2,1147,-11,0,4,74
14,360,21.600000,12.276000,1,0,106486526,1147,2,1147,-11,0,4,74
14,360,21.600000,12.276000,1,0,106486536,1147,2,1147,-11,0,4,74
14,360,21.600000,12.276000,1,0,106486546,1147,2,1147,-11,0,4,74
14,360,21.600000,12.276000,1,0,106486556,1147,2,1147,-11,0,4,74
14,360,21.600000,12.276000,1,0,106486566,1147,2,1147,-11,0,4,74
14,360,21.600000,12.276000,1,0,106486576,1146,2,1146,-11,0,4,74
14,360,21.600000,12.276000,1,0,106486586,1145,2,1145,-11,0,4,74
14,360,21.600000,12.276000,1,0,106486596,1144,2,1144,-11,0,4,74
14,360,21.600000,12.276000,1,0,106486606,1143,2,1143,-11,0,4,74
14,360,21.600000,12.276000,1,0,106486616,1140,2,1140,-11,0,4,74
14,360,21.600000,12.276000,1,0,106486626,1138,2,1138,-11,0,4,74
14,360,21.600000,12.276000,1,0,106486636,1136,2,1136,-11,0,4,74
14,360,21.600000,12.276000,1,0,106486646,1135,2,1135,-11,0,4,74
14,360,21.600000,12.276000,1,0,106486656,1134,2,1134,-11,0,4,74
14,360,21.600000,12.276000,1,0,106486666,1134,2,1134,-11,0,4,74
14,360,21.600000,12.276000,1,0,106486676,1134,2,1134,-11,0,4,74
14,360,21.600000,12.276000,1,0,106486687,1134,2,1134,-11,0,4,74
14,360,21.600000,12.276000,1,0,106486697,1134,2,1134,-11,0,4,74
14,360,21.600000,12.276000,1,0,106486707,1134,2,1134,-11,0,4,74
14,360,21.600000,12.276000,1,0,106486717,1134,2,1134,-11,0,4,74
