14,720,82.800000,22.608000,0,0,106402201,600,0,600,0,0,4,22
14,720,82.800000,22.608000,0,0,106402203,600,0,600,0,0,4,22
14,720,82.800000,22.608000,0,0,106402215,600,0,600,0,0,4,22
14,720,82.800000,22.608000,0,0,106402225,600,0,600,0,0,4,22
14,720,82.800000,22.608000,0,0,106402236,601,0,601,0,0,4,22
14,720,82.800000,22.608000,0,0,106402247,602,0,602,0,0,4,22
14,720,82.800000,22.608000,0,0,106402258,603,0,603,0,0,4,22
14,720,82.800000,22.608000,0,0,106402270,608,0,608,0,0,4,22
14,720,82.800000,22.608000,0,0,106402281,615,0,615,-1,0,4,22
14,720,82.800000,22.608000,0,0,106402292,623,0,623,-2,0,4,22
14,720,82.800000,22.608000,0,0,106402303,639,0,639,-3,0,4,22
14,720,82.800000,22.608000,0,0,106402314,659,0,659,-4,0,4,22
14,720,82.800000,22.608000,0,0,106402324,686,0,686,-6,0,4,22
14,720,82.800000,22.608000,0,0,106402334,716,0,716,-8,0,4,22
14,720,82.800000,22.608000,0,0,106402346,773,0,773,-11,0,4,22
14,720,82.800000,22.608000,0,0,106402356,834,0,834,-13,0,4,22
14,720,82.800000,22.608000,0,0,106402367,900,0,900,-15,0,4,22
14,720,82.800000,22.608000,0,0,106402378,962,0,962,-16,0,4,22
14,720,82.800000,22.608000,0,0,106402388,1022,0,1022,-17,0,4,22
14,720,82.800000,22.608000,0,0,106402398,1070,0,1070,-18,0,4,22
14,720,82.800000,22.608000,0,0,106402409,1116,0,1116,-19,0,4,22
14,720,82.800000,22.608000,0,0,106402419,1161,0,1161,-20,0,4,22
14,720,82.800000,22.608000,0,0,106402429,1193,0,1193,-21,0,4,22
14,720,82.800000,22.608000,0,0,106402440,1220,0,1220,-21,0,4,22
14,720,82.800000,22.608000,0,0,106402450,1250,0,1250,-21,0,4,22
14,720,82.800000,22.608000,0,0,106402461,1270,0,1270,-21,0,4,22
14,720,82.800000,22.608000,0,0,106402471,1289,1,1289,-20,0,4,22
14,720,82.800000,22.608000,0,0,106402482,1303,2,1303,-19,0,4,22
14,720,82.800000,22.608000,0,0,106402492,1312,3,1312,-18,0,4,22
14,720,82.800000,22.608000,0,0,106402502,1317,3,1317,-18,0,4,22
14,720,82.800000,22.608000,0,0,106402513,1320,4,1320,-17,0,4,22
14,720,82.800000,22.608000,0,0,106402524,1322,4,1322,-17,0,4,22
14,720,82.800000,22.608000,0,0,106402535,1324,4,1324,-17,0,4,22
14,720,82.800000,22.608000,0,0,106402545,1324,4,1324,-17,0,4,22
14,720,82.800000,22.608000,0,0,106402556,1325,4,1325,-17,0,4,22
14,720,82.800000,22.608000,0,0,106402566,1325,4,1325,-17,0,4,22
14,720,82.800000,22.608000,0,0,106402576,1325,4,1325,-17,0,4,22
14,720,82.800000,22.608000,0,0,106402587,1325,4,1325,-17,0,4,22
14,720,82.800000,22.608000,0,0,106402597,1325,4,1325,-17,0,4,22
14,720,82.800000,22.608000,0,0,106402607,1325,4,1325,-17,0,4,22
14,720,82.800000,22.608000,0,0,106402617,1327,4,1327,-17,0,4,22
14,720,82.800000,22.608000,0,0,106402628,1330,4,1330,-17,0,4,22
14,720,82.800000,22.608000,0,0,106402639,1334,4,1334,-17,0,4,22
14,720,82.800000,22.608000,0,0,106402651,1339,4,1339,-17,0,4,22
14,720,82.800000,22.608000,0,0,106402662,1344,4,1344,-17,0,4,22
14,720,82.800000,22.608000,0,0,106402672,1345,4,1345,-17,0,4,22
14,720,82.800000,22.608000,0,0,106402683,1345,4,1345,-17,0,4,22
14,720,82.800000,22.608000,0,0,106402694,1345,4,1345,-17,0,4,22
14,720,82.800000,22.608000,0,0,106402704,1345,4,1345,-17,0,4,22
14,720,82.800000,22.608000,0,0,106402714,1345,4,1345,-17,0,4,22
14,720,82.800000,22.608000,0,0,106402725,1344,4,1344,-17,0,4,22
14,720,82.800000,22.608000,0,0,106402735,1343,4,1343,-17,0,4,22
14,720,82.800000,22.608000,0,0,106402745,1342,4,1342,-17,0,4,22
14,720,82.800000,22.608000,0,0,106402764,1342,4,1342,-17,0,4,22
14,720,82.800000,22.608000,0,0,106402775,1342,4,1342,-17,0,4,22
14,720,82.800000,22.608000,0,0,106402784,1342,4,1342,-17,0,4,22
