14,720,82.800000,0.000000,1,1,106539082,600,22,600,22,0,4,109
14,720,82.800000,0.000000,1,1,106539083,600,22,600,22,0,4,109
14,720,82.800000,0.000000,1,1,106539094,600,22,600,22,0,4,109
14,720,82.800000,0.000000,1,1,106539105,600,22,600,22,0,4,109
14,720,82.800000,0.000000,1,1,106539115,600,22,600,22,0,4,109
14,720,82.800000,0.000000,1,1,106539126,600,22,600,22,0,4,109
14,720,82.800000,0.000000,1,1,106539136,600,22,600,22,0,4,109
14,720,82.800000,0.000000,1,1,106539147,600,22,600,22,0,4,109
14,720,82.800000,0.000000,1,1,106539158,600,22,600,22,0,4,109
14,720,82.800000,0.000000,1,1,106539169,602,22,602,22,0,4,109
14,720,82.800000,0.000000,1,1,106539180,608,22,608,22,0,4,109
14,720,82.800000,0.000000,1,1,106539191,618,22,618,22,0,4,109
14,720,82.800000,0.000000,1,1,106539201,633,22,633,22,0,4,109
14,720,82.800000,0.000000,1,1,106539212,652,22,652,22,0,4,109
14,720,82.800000,0.000000,1,1,106539222,678,22,678,22,0,4,109
14,720,82.800000,0.000000,1,1,106539233,706,22,706,22,0,4,109
14,720,82.800000,0.000000,1,1,106539244,747,20,747,20,0,4,109
14,720,82.800000,0.000000,1,1,106539255,786,19,786,19,0,4,109
14,720,82.800000,0.000000,1,1,106539267,836,17,836,17,0,4,109
14,720,82.800000,0.000000,1,1,106539281,885,16,885,16,0,4,109
14,720,82.800000,0.000000,1,1,106539292,941,16,941,16,0,4,109
14,720,82.800000,0.000000,1,1,106539304,979,15,979,15,0,4,109
14,720,82.800000,0.000000,1,1,106539323,1014,14,1014,14,0,4,109
14,720,82.800000,0.000000,1,1,106539334,1053,13,1053,13,0,4,109
14,720,82.800000,0.000000,1,1,106539346,1067,13,1067,13,0,4,109
14,720,82.800000,0.000000,1,1,106539357,1079,13,1079,13,0,4,109
14,720,82.800000,0.000000,1,1,106539368,1089,12,1089,12,0,4,109
14,720,82.800000,0.000000,1,1,106539379,1099,12,1099,12,0,4,109
14,720,82.800000,0.000000,1,1,106539390,1110,12,1110,12,0,4,109
14,720,82.800000,0.000000,1,1,106539399,1123,12,1123,12,0,4,109
14,720,82.800000,0.000000,1,1,106539411,1136,11,1136,11,0,4,109
14,720,82.800000,0.000000,1,1,106539422,1149,11,1149,11,0,4,109
14,720,82.800000,0.000000,1,1,106539434,1166,10,1166,10,0,4,109
14,720,82.800000,0.000000,1,1,106539446,1183,10,1183,10,0,4,109
14,720,82.800000,0.000000,1,1,106539458,1198,10,1198,10,0,4,109
14,720,82.800000,0.000000,1,1,106539469,1209,10,1209,10,0,4,109
14,720,82.800000,0.000000,1,1,106539480,1218,9,1218,9,0,4,109
14,720,82.800000,0.000000,1,1,106539493,1224,9,1224,9,0,4,109
14,720,82.800000,0.000000,1,1,106539504,1230,9,1230,9,0,4,109
14,720,82.800000,0.000000,1,1,106539514,1233,9,1233,9,0,4,109
14,720,82.800000,0.000000,1,1,106539525,1234,9,1234,9,0,4,109
14,720,82.800000,0.000000,1,1,106539536,1234,9,1234,9,0,4,109
14,720,82.800000,0.000000,1,1,106539547,1235,9,1235,9,0,4,109
14,720,82.800000,0.000000,1,1,106539558,1237,8,1237,8,0,4,109
14,720,82.800000,0.000000,1,1,106539577,1241,8,1241,8,0,4,109
14,720,82.800000,0.000000,1,1,106539590,1253,8,1253,8,0,4,109
14,720,82.800000,0.000000,1,1,106539601,1264,8,1264,8,0,4,109
14,720,82.800000,0.000000,1,1,106539611,1275,8,1275,8,0,4,109
14,720,82.800000,0.000000,1,1,106539622,1285,7,1285,7,0,4,109
14,720,82.800000,0.000000,1,1,106539633,1292,7,1292,7,0,4,109
14,720,82.800000,0.000000,1,1,106539644,1296,7,1296,7,0,4,109
14,720,82.800000,0.000000,1,1,106539655,1297,7,1297,7,0,4,109
14,720,82.800000,0.000000,1,1,106539666,1299,7,1299,7,0,4,109
14,720,82.800000,0.000000,1,1,106539676,1299,7,1299,7,0,4,109
14,720,82.800000,0.000000,1,1,106539687,1299,7,1299,7,0,4,109
14,720,82.800000,0.000000,1,1,106539698,1299,7,1299,7,0,4,109
14,720,82.800000,0.000000,1,1,106539709,1299,7,1299,7,0,4,109
14,720,82.800000,0.000000,1,1,106539718,1299,7,1299,7,0,4,109
