14,360,50.400000,12.276000,1,0,106498428,780,0,780,0,1,4,82
14,360,50.400000,12.276000,1,0,106498429,780,0,780,0,1,4,82
14,360,50.400000,12.276000,1,0,106498440,780,0,780,0,1,4,82
14,360,50.400000,12.276000,1,0,106498450,780,0,780,0,1,4,82
14,360,50.400000,12.276000,1,0,106498460,780,0,780,0,1,4,82
14,360,50.400000,12.276000,1,0,106498480,780,0,780,0,1,4,82
14,360,50.400000,12.276000,1,0,106498490,780,0,780,0,1,4,82
14,360,50.400000,12.276000,1,0,106498501,780,0,780,0,1,4,82
14,360,50.400000,12.276000,1,0,106498512,783,0,783,0,1,4,82
14,360,50.400000,12.276000,1,0,106498523,790,0,790,-1,1,4,82
14,360,50.400000,12.276000,1,0,106498534,800,0,800,-3,1,4,82
14,360,50.400000,12.276000,1,0,106498544,811,0,811,-4,1,4,82
14,360,50.400000,12.276000,1,0,106498554,826,0,826,-6,1,4,82
14,360,50.400000,12.276000,1,0,106498564,847,0,847,-9,1,4,82
14,360,50.400000,12.276000,1,0,106498575,871,0,871,-12,1,4,82
14,360,50.400000,12.276000,1,0,106498585,898,0,898,-14,1,4,82
14,360,50.400000,12.276000,1,0,106498596,925,0,925,-16,1,4,82
14,360,50.400000,12.276000,1,0,106498607,951,0,951,-19,1,4,82
14,360,50.400000,12.276000,1,0,106498617,972,0,972,-21,1,4,82
14,360,50.400000,12.276000,1,0,106498628,997,0,997,-23,1,4,82
14,360,50.400000,12.276000,1,0,106498638,1013,0,1013,-24,1,4,82
14,360,50.400000,12.276000,1,0,106498648,1028,0,1028,-25,1,4,82
14,360,50.400000,12.276000,1,0,106498659,1041,0,1041,-26,1,4,82
14,360,50.400000,12.276000,1,0,106498670,1054,0,1054,-27,1,4,82
14,360,50.400000,12.276000,1,0,106498681,1066,0,1066,-27,1,4,82
14,360,50.400000,12.276000,1,0,106498692,1076,0,1076,-28,1,4,82
14,360,50.400000,12.276000,1,0,106498703,1086,0,1086,-28,1,4,82
14,360,50.400000,12.276000,1,0,106498714,1095,0,1095,-29,1,4,82
14,360,50.400000,12.276000,1,0,106498725,1101,0,1101,-30,1,4,82
14,360,50.400000,12.276000,1,0,106498735,1105,0,1105,-30,1,4,82
14,360,50.400000,12.276000,1,0,106498746,1109,0,1109,-30,1,4,82
14,360,50.400000,12.276000,1,0,106498755,1112,0,1112,-30,1,4,82
14,360,50.400000,12.276000,1,0,106498766,1115,0,1115,-30,1,4,82
14,360,50.400000,12.276000,1,0,106498776,1118,0,1118,-30,1,4,82
14,360,50.400000,12.276000,1,0,106498786,1120,0,1120,-30,1,4,82
14,360,50.400000,12.276000,1,0,106498797,1122,0,1122,-30,1,4,82
14,360,50.400000,12.276000,1,0,106498807,1125,0,1125,-30,1,4,82
14,360,50.400000,12.276000,1,0,106498817,1127,0,1127,-30,1,4,82
14,360,50.400000,12.276000,1,0,106498828,1128,0,1128,-30,1,4,82
14,360,50.400000,12.276000,1,0,106498838,1129,0,1129,-30,1,4,82
14,360,50.400000,12.276000,1,0,106498848,1129,0,1129,-30,1,4,82
14,360,50.400000,12.276000,1,0,106498858,1129,0,1129,-30,1,4,82
14,360,50.400000,12.276000,1,0,106498867,1129,0,1129,-30,1,4,82
14,360,50.400000,12.276000,1,0,106498877,1129,0,1129,-30,1,4,82
14,360,50.400000,12.276000,1,0,106498887,1129,0,1129,-30,1,4,82
14,360,50.400000,12.276000,1,0,106498901,1129,0,1129,-30,1,4,82
14,360,50.400000,12.276000,1,0,106498910,1129,0,1129,-30,0,4,82
