14,360,21.600000,22.608000,0,0,106762614,780,0,780,0,0,5,48
14,360,21.600000,22.608000,0,0,106762615,780,0,780,0,0,5,48
14,360,21.600000,22.608000,0,0,106762625,779,0,779,0,0,5,48
14,360,21.600000,22.608000,0,0,106762636,779,0,779,0,0,5,48
14,360,21.600000,22.608000,0,0,106762647,779,0,779,0,0,5,48
14,360,21.600000,22.608000,0,0,106762658,779,0,779,0,0,5,48
14,360,21.600000,22.608000,0,0,106762669,779,0,779,0,0,5,48
14,360,21.600000,22.608000,0,0,106762679,779,0,779,0,0,5,48
14,360,21.600000,22.608000,0,0,106762691,779,0,779,0,0,5,48
14,360,21.600000,22.608000,0,0,106762701,779,0,779,0,0,5,48
14,360,21.600000,22.608000,0,0,106762712,780,0,780,-2,0,5,48
14,360,21.600000,22.608000,0,0,106762723,781,0,781,-3,0,5,48
14,360,21.600000,22.608000,0,0,106762734,783,0,783,-4,0,5,48
14,360,21.600000,22.608000,0,0,106762745,788,0,788,-6,0,5,48
14,360,21.600000,22.608000,0,0,106762756,797,0,797,-9,0,5,48
14,360,21.600000,22.608000,0,0,106762767,811,0,811,-12,0,5,48
14,360,21.600000,22.608000,0,0,106762777,833,0,833,-16,0,5,48
14,360,21.600000,22.608000,0,0,106762788,856,0,856,-20,0,5,48
14,360,21.600000,22.608000,0,0,106762798,880,0,880,-23,0,5,48
14,360,21.600000,22.608000,0,0,106762810,905,0,905,-25,0,5,48
14,360,21.600000,22.608000,0,0,106762821,933,0,933,-27,0,5,48
14,360,21.600000,22.608000,0,0,106762831,959,0,959,-29,0,5,48
14,360,21.600000,22.608000,0,0,106762842,987,0,987,-30,0,5,48
14,360,21.600000,22.608000,0,0,106762852,1008,0,1008,-31,0,5,48
14,360,21.600000,22.608000,0,0,106762863,1026,0,1026,-31,0,5,48
14,360,21.600000,22.608000,0,0,106762874,1042,0,1042,-31,0,5,48
14,360,21.600000,22.608000,0,0,106762885,1058,0,1058,-31,0,5,48
14,360,21.600000,22.608000,0,0,106762896,1070,0,1070,-31,0,5,48
14,360,21.600000,22.608000,0,0,106762907,1079,0,1079,-31,0,5,48
14,360,21.600000,22.608000,0,0,106762918,1085,0,1085,-31,0,5,48
14,360,21.600000,22.608000,0,0,106762929,1091,0,1091,-31,0,5,48
14,360,21.600000,22.608000,0,0,106762941,1096,0,1096,-31,0,5,48
14,360,21.600000,22.608000,0,0,106762951,1102,1,1102,-30,0,5,48
14,360,21.600000,22.608000,0,0,106762962,1108,1,1108,-30,0,5,48
14,360,21.600000,22.608000,0,0,106762973,1116,2,1116,-29,0,5,48
14,360,21.600000,22.608000,0,0,106762986,1125,4,1125,-27,0,5,48
14,360,21.600000,22.608000,0,0,106762997,1139,4,1139,-27,0,5,48
14,360,21.600000,22.608000,0,0,106763008,1148,5,1148,-26,0,5,48
14,360,21.600000,22.608000,0,0,106763020,1157,5,1157,-26,0,5,48
14,360,21.600000,22.608000,0,0,106763030,1164,6,1164,-25,0,5,48
14,360,21.600000,22.608000,0,0,106763041,1170,7,1170,-24,0,5,48
14,360,21.600000,22.608000,0,0,106763052,1175,7,1175,-24,0,5,48
14,360,21.600000,22.608000,0,0,106763063,1178,7,1178,-24,0,5,48
14,360,21.600000,22.608000,0,0,106763073,1179,7,1179,-24,0,5,48
14,360,21.600000,22.608000,0,0,106763084,1180,7,1180,-24,0,5,48
14,360,21.600000,22.608000,0,0,106763094,1180,7,1180,-24,0,5,48
14,360,21.600000,22.608000,0,0,106763104,1180,7,1180,-24,0,5,48
14,360,21.600000,22.608000,0,0,106763114,1180,7,1180,-24,0,5,48
14,360,21.600000,22.608000,0,0,106763125,1180,7,1180,-24,0,5,48
14,360,21.600000,22.608000,0,0,106763135,1180,7,1180,-24,0,5,48
14,360,21.600000,22.608000,0,0,106763145,1180,7,1180,-24,0,5,48
14,360,21.600000,22.608000,0,0,106763155,1180,7,1180,-24,0,5,48
14,360,21.600000,22.608000,0,0,106763166,1180,7,1180,-24,0,5,48
14,360,21.600000,22.608000,0,0,106763177,1180,7,1180,-24,0,5,48
14,360,21.600000,22.608000,0,0,106763187,1180,7,1180,-24,0,5,48
14,360,21.600000,22.608000,0,0,106763198,1180,7,1180,-24,0,5,48
14,360,21.600000,22.608000,0,0,106763208,1180,7,1180,-24,0,5,48
14,360,21.600000,22.608000,0,0,106763219,1180,7,1180,-24,0,5,48
14,360,21.600000,22.608000,0,0,106763229,1180,7,1180,-24,0,5,48
14,360,21.600000,22.608000,0,0,106763239,1179,8,1179,-23,0,5,48
14,360,21.600000,22.608000,0,0,106763250,1178,8,1178,-23,0,5,48
14,360,21.600000,22.608000,0,0,106763260,1176,9,1176,-22,0,5,48
14,360,21.600000,22.608000,0,0,106763271,1171,9,1171,-22,0,5,48
14,360,21.600000,22.608000,0,0,106763281,1165,9,1165,-22,0,5,48
14,360,21.600000,22.608000,0,0,106763293,1159,11,1159,-20,0,5,48
14,360,21.600000,22.608000,0,0,106763305,1152,11,1152,-20,0,5,48
14,360,21.600000,22.608000,0,0,106763316,1145,12,1145,-19,0,5,48
14,360,21.600000,22.608000,0,0,106763326,1141,13,1141,-18,0,5,48
14,360,21.600000,22.608000,0,0,106763338,1138,13,1138,-18,0,5,48
14,360,21.600000,22.608000,0,0,106763348,1137,13,1137,-18,0,5,48
14,360,21.600000,22.608000,0,0,106763359,1137,13,1137,-18,0,5,48
14,360,21.600000,22.608000,0,0,106763370,1137,13,1137,-18,0,5,48
14,360,21.600000,22.608000,0,0,106763380,1137,13,1137,-18,0,5,48
14,360,21.600000,22.608000,0,0,106763390,1137,13,1137,-18,0,5,48
14,360,21.600000,22.608000,0,0,106763400,1137,13,1137,-18,0,5,48
14,360,21.600000,22.608000,0,0,106763411,1137,13,1137,-18,0,5,48
14,360,21.600000,22.608000,0,0,106763422,1137,13,1137,-18,0,5,48
14,360,21.600000,22.608000,0,0,106763432,1137,13,1137,-18,0,5,48
14,360,21.600000,22.608000,0,0,106763442,1137,13,1137,-18,0,5,48
14,360,21.600000,22.608000,0,0,106763461,1137,13,1137,-18,0,5,48
14,360,21.600000,22.608000,0,0,106763471,1137,13,1137,-18,0,5,48
