14,360,21.600000,12.276000,0,0,106827175,780,0,780,0,0,5,91
14,360,21.600000,12.276000,0,0,106827176,780,0,780,0,0,5,91
14,360,21.600000,12.276000,0,0,106827187,779,0,779,0,0,5,91
14,360,21.600000,12.276000,0,0,106827197,777,0,777,0,0,5,91
14,360,21.600000,12.276000,0,0,106827208,776,0,776,0,0,5,91
14,360,21.600000,12.276000,0,0,106827219,776,0,776,0,0,5,91
14,360,21.600000,12.276000,0,0,106827229,776,0,776,0,0,5,91
14,360,21.600000,12.276000,0,0,106827240,776,0,776,0,0,5,91
14,360,21.600000,12.276000,0,0,106827251,776,0,776,0,0,5,91
14,360,21.600000,12.276000,0,0,106827262,776,0,776,0,0,5,91
14,360,21.600000,12.276000,0,0,106827272,776,0,776,0,0,5,91
14,360,21.600000,12.276000,0,0,106827284,776,0,776,0,0,5,91
14,360,21.600000,12.276000,0,0,106827296,781,0,781,0,0,5,91
14,360,21.600000,12.276000,0,0,106827307,793,0,793,0,0,5,91
14,360,21.600000,12.276000,0,0,106827317,814,0,814,-1,0,5,91
14,360,21.600000,12.276000,0,0,106827329,840,0,840,-2,0,5,91
14,360,21.600000,12.276000,0,0,106827339,878,0,878,-4,0,5,91
14,360,21.600000,12.276000,0,0,106827360,917,0,917,-5,0,5,91
14,360,21.600000,12.276000,0,0,106827370,1002,0,1002,-6,0,5,91
14,360,21.600000,12.276000,0,0,106827381,1038,0,1038,-7,0,5,91
14,360,21.600000,12.276000,0,0,106827392,1075,0,1075,-8,0,5,91
14,360,21.600000,12.276000,0,0,106827403,1100,0,1100,-9,0,5,91
14,360,21.600000,12.276000,0,0,106827413,1115,0,1115,-9,0,5,91
14,360,21.600000,12.276000,0,0,106827424,1128,0,1128,-9,0,5,91
14,360,21.600000,12.276000,0,0,106827435,1136,0,1136,-9,0,5,91
14,360,21.600000,12.276000,0,0,106827454,1140,0,1140,-9,0,5,91
14,360,21.600000,12.276000,0,0,106827465,1146,0,1146,-9,0,5,91
14,360,21.600000,12.276000,0,0,106827476,1148,0,1148,-9,0,5,91
14,360,21.600000,12.276000,0,0,106827487,1150,0,1150,-9,0,5,91
14,360,21.600000,12.276000,0,0,106827497,1153,0,1153,-9,0,5,91
14,360,21.600000,12.276000,0,0,106827508,1156,0,1156,-9,0,5,91
14,360,21.600000,12.276000,0,0,106827518,1161,0,1161,-9,0,5,91
14,360,21.600000,12.276000,0,0,106827530,1168,0,1168,-9,0,5,91
14,360,21.600000,12.276000,0,0,106827549,1175,0,1175,-9,0,5,91
14,360,21.600000,12.276000,0,0,106827560,1185,0,1185,-9,0,5,91
14,360,21.600000,12.276000,0,0,106827580,1188,0,1188,-9,0,5,91
14,360,21.600000,12.276000,0,0,106827590,1189,0,1189,-9,0,5,91
14,360,21.600000,12.276000,0,0,106827601,1190,0,1190,-9,0,5,91
14,360,21.600000,12.276000,0,0,106827611,1191,0,1191,-9,0,5,91
14,360,21.600000,12.276000,0,0,106827622,1192,0,1192,-9,0,5,91
14,360,21.600000,12.276000,0,0,106827641,1195,0,1195,-9,0,5,91
14,360,21.600000,12.276000,0,0,106827652,1201,0,1201,-9,0,5,91
14,360,21.600000,12.276000,0,0,106827663,1207,0,1207,-9,0,5,91
14,360,21.600000,12.276000,0,0,106827674,1207,0,1207,-9,0,5,91
14,360,21.600000,12.276000,0,0,106827685,1207,0,1207,-9,0,5,91
14,360,21.600000,12.276000,0,0,106827696,1207,0,1207,-9,0,5,91
14,360,21.600000,12.276000,0,0,106827706,1207,0,1207,-9,0,5,91
14,360,21.600000,12.276000,0,0,106827716,1207,0,1207,-9,0,5,91
14,360,21.600000,12.276000,0,0,106827726,1207,0,1207,-9,0,5,91
14,360,21.600000,12.276000,0,0,106827737,1206,1,1206,-8,0,5,91
14,360,21.600000,12.276000,0,0,106827748,1204,2,1204,-7,0,5,91
14,360,21.600000,12.276000,0,0,106827759,1200,2,1200,-7,0,5,91
14,360,21.600000,12.276000,0,0,106827770,1194,3,1194,-6,0,5,91
14,360,21.600000,12.276000,0,0,106827781,1187,4,1187,-5,0,5,91
14,360,21.600000,12.276000,0,0,106827802,1177,6,1177,-3,0,5,91
14,360,21.600000,12.276000,0,0,106827812,1158,8,1158,-1,0,5,91
14,360,21.600000,12.276000,0,0,106827832,1152,9,1152,0,0,5,91
14,360,21.600000,12.276000,0,0,106827842,1143,9,1143,0,0,5,91
14,360,21.600000,12.276000,0,0,106827852,1142,10,1142,1,0,5,91
14,360,21.600000,12.276000,0,0,106827863,1142,10,1142,1,0,5,91
14,360,21.600000,12.276000,0,0,106827874,1142,10,1142,1,0,5,91
14,360,21.600000,12.276000,0,0,106827885,1142,10,1142,1,0,5,91
14,360,21.600000,12.276000,0,0,106827896,1142,10,1142,1,0,5,91
14,360,21.600000,12.276000,0,0,106827906,1142,10,1142,1,0,5,91
14,360,21.600000,12.276000,0,0,106827916,1142,10,1142,1,0,5,91
14,360,21.600000,12.276000,0,0,106827927,1142,10,1142,1,0,5,91
14,360,21.600000,12.276000,0,0,106827938,1142,10,1142,1,0,5,91
14,360,21.600000,12.276000,0,0,106827948,1142,10,1142,1,0,5,91
14,360,21.600000,12.276000,0,0,106827960,1142,10,1142,1,0,5,91
14,360,21.600000,12.276000,0,0,106827970,1142,10,1142,1,0,5,91
14,360,21.600000,12.276000,0,0,106827979,1142,10,1142,1,0,5,91
14,360,21.600000,12.276000,0,0,106827989,1141,10,1141,1,0,5,91
14,360,21.600000,12.276000,0,0,106828000,1140,10,1140,1,0,5,91
14,360,21.600000,12.276000,0,0,106828010,1140,10,1140,1,0,5,91
14,360,21.600000,12.276000,0,0,106828021,1140,10,1140,1,0,5,91
14,360,21.600000,12.276000,0,0,106828031,1140,10,1140,1,0,5,91
