14,720,50.400000,42.984000,1,0,106733810,600,0,600,0,0,5,29
14,720,50.400000,42.984000,1,0,106733811,600,0,600,0,0,5,29
14,720,50.400000,42.984000,1,0,106733821,600,0,600,0,0,5,29
14,720,50.400000,42.984000,1,0,106733831,600,0,600,0,0,5,29
14,720,50.400000,42.984000,1,0,106733840,600,0,600,0,0,5,29
14,720,50.400000,42.984000,1,0,106733849,600,0,600,0,0,5,29
14,720,50.400000,42.984000,1,0,106733859,600,0,600,0,0,5,29
14,720,50.400000,42.984000,1,0,106733869,600,0,600,0,0,5,29
14,720,50.400000,42.984000,1,0,106733879,600,0,600,0,0,5,29
14,720,50.400000,42.984000,1,0,106733888,600,0,600,0,0,5,29
14,720,50.400000,42.984000,1,0,106733898,600,0,600,0,0,5,29
14,720,50.400000,42.984000,1,0,106733907,600,0,600,0,0,5,29
14,720,50.400000,42.984000,1,0,106733919,601,0,601,0,0,5,29
14,720,50.400000,42.984000,1,0,106733929,605,0,605,0,0,5,29
14,720,50.400000,42.984000,1,0,106733939,611,0,611,-1,0,5,29
14,720,50.400000,42.984000,1,0,106733950,619,0,619,-1,0,5,29
14,720,50.400000,42.984000,1,0,106733961,632,0,632,-2,0,5,29
14,720,50.400000,42.984000,1,0,106733971,650,0,650,-4,0,5,29
14,720,50.400000,42.984000,1,0,106733981,674,0,674,-6,0,5,29
14,720,50.400000,42.984000,1,0,106733992,698,0,698,-8,0,5,29
14,720,50.400000,42.984000,1,0,106734003,734,0,734,-11,0,5,29
14,720,50.400000,42.984000,1,0,106734013,776,0,776,-14,0,5,29
14,720,50.400000,42.984000,1,0,106734024,813,0,813,-17,0,5,29
14,720,50.400000,42.984000,1,0,106734034,848,0,848,-19,0,5,29
14,720,50.400000,42.984000,1,0,106734045,889,0,889,-22,0,5,29
14,720,50.400000,42.984000,1,0,106734056,934,0,934,-24,0,5,29
14,720,50.400000,42.984000,1,0,106734067,981,0,981,-26,0,5,29
14,720,50.400000,42.984000,1,0,106734077,1015,0,1015,-28,0,5,29
14,720,50.400000,42.984000,1,0,106734088,1046,0,1046,-29,0,5,29
14,720,50.400000,42.984000,1,0,106734098,1072,0,1072,-30,0,5,29
14,720,50.400000,42.984000,1,0,106734109,1098,0,1098,-30,0,5,29
14,720,50.400000,42.984000,1,0,106734120,1117,0,1117,-30,0,5,29
14,720,50.400000,42.984000,1,0,106734131,1133,0,1133,-30,0,5,29
14,720,50.400000,42.984000,1,0,106734142,1148,0,1148,-30,0,5,29
14,720,50.400000,42.984000,1,0,106734153,1162,0,1162,-30,0,5,29
14,720,50.400000,42.984000,1,0,106734164,1176,0,1176,-30,0,5,29
14,720,50.400000,42.984000,1,0,106734174,1187,0,1187,-30,0,5,29
14,720,50.400000,42.984000,1,0,106734185,1197,1,1197,-29,0,5,29
14,720,50.400000,42.984000,1,0,106734195,1206,1,1206,-29,0,5,29
14,720,50.400000,42.984000,1,0,106734206,1212,1,1212,-29,0,5,29
14,720,50.400000,42.984000,1,0,106734216,1217,1,1217,-29,0,5,29
14,720,50.400000,42.984000,1,0,106734228,1221,1,1221,-29,0,5,29
14,720,50.400000,42.984000,1,0,106734238,1224,2,1224,-28,0,5,29
14,720,50.400000,42.984000,1,0,106734247,1227,2,1227,-28,0,5,29
14,720,50.400000,42.984000,1,0,106734258,1230,2,1230,-28,0,5,29
14,720,50.400000,42.984000,1,0,106734269,1233,2,1233,-28,0,5,29
14,720,50.400000,42.984000,1,0,106734279,1237,2,1237,-28,0,5,29
14,720,50.400000,42.984000,1,0,106734290,1241,2,1241,-28,0,5,29
14,720,50.400000,42.984000,1,0,106734300,1245,2,1245,-28,0,5,29
14,720,50.400000,42.984000,1,0,106734311,1249,2,1249,-28,0,5,29
14,720,50.400000,42.984000,1,0,106734323,1255,3,1255,-27,0,5,29
14,720,50.400000,42.984000,1,0,106734334,1264,3,1264,-27,0,5,29
14,720,50.400000,42.984000,1,0,106734345,1275,3,1275,-27,0,5,29
14,720,50.400000,42.984000,1,0,106734356,1287,3,1287,-27,0,5,29
14,720,50.400000,42.984000,1,0,106734367,1298,3,1298,-27,0,5,29
14,720,50.400000,42.984000,1,0,106734377,1305,3,1305,-27,0,5,29
14,720,50.400000,42.984000,1,0,106734387,1308,3,1308,-27,0,5,29
14,720,50.400000,42.984000,1,0,106734396,1308,3,1308,-27,0,5,29
14,720,50.400000,42.984000,1,0,106734406,1308,3,1308,-27,0,5,29
14,720,50.400000,42.984000,1,0,106734416,1308,3,1308,-27,0,5,29
14,720,50.400000,42.984000,1,0,106734425,1308,3,1308,-27,0,5,29
14,720,50.400000,42.984000,1,0,106734435,1308,3,1308,-27,0,5,29
14,720,50.400000,42.984000,1,0,106734444,1308,3,1308,-27,0,5,29
14,720,50.400000,42.984000,1,0,106734454,1308,3,1308,-27,0,5,29
14,720,50.400000,42.984000,1,0,106734463,1308,3,1308,-27,0,5,29
14,720,50.400000,42.984000,1,0,106734473,1308,3,1308,-27,0,5,29
14,720,50.400000,42.984000,1,0,106734483,1308,3,1308,-27,0,5,29
14,720,50.400000,42.984000,1,0,106734492,1308,3,1308,-27,0,5,29
