14,360,82.800000,10000.000000,1,0,106785123,780,0,780,0,0,5,63
14,360,82.800000,10000.000000,1,0,106785123,780,0,780,0,0,5,63
14,360,82.800000,10000.000000,1,0,106785134,780,0,780,0,0,5,63
14,360,82.800000,10000.000000,1,0,106785145,780,0,780,0,0,5,63
14,360,82.800000,10000.000000,1,0,106785156,780,0,780,0,0,5,63
14,360,82.800000,10000.000000,1,0,106785167,780,0,780,0,0,5,63
14,360,82.800000,10000.000000,1,0,106785178,780,0,780,0,0,5,63
14,360,82.800000,10000.000000,1,0,106785188,780,0,780,0,0,5,63
14,360,82.800000,10000.000000,1,0,106785198,780,0,780,0,0,5,63
14,360,82.800000,10000.000000,1,0,106785209,780,0,780,0,0,5,63
14,360,82.800000,10000.000000,1,0,106785220,782,0,782,0,0,5,63
14,360,82.800000,10000.000000,1,0,106785232,785,0,785,0,0,5,63
14,360,82.800000,10000.000000,1,0,106785243,792,0,792,0,0,5,63
14,360,82.800000,10000.000000,1,0,106785254,803,0,803,0,0,5,63
14,360,82.800000,10000.000000,1,0,106785264,815,0,815,0,0,5,63
14,360,82.800000,10000.000000,1,0,106785275,832,0,832,0,0,5,63
14,360,82.800000,10000.000000,1,0,106785286,849,0,849,0,0,5,63
14,360,82.800000,10000.000000,1,0,106785297,874,0,874,0,0,5,63
14,360,82.800000,10000.000000,1,0,106785308,896,0,896,-1,0,5,63
14,360,82.800000,10000.000000,1,0,106785319,918,0,918,-1,0,5,63
14,360,82.800000,10000.000000,1,0,106785330,941,0,941,-1,0,5,63
14,360,82.800000,10000.000000,1,0,106785340,963,0,963,-1,0,5,63
14,360,82.800000,10000.000000,1,0,106785351,985,0,985,-2,0,5,63
14,360,82.800000,10000.000000,1,0,106785362,1001,0,1001,-2,0,5,63
14,360,82.800000,10000.000000,1,0,106785373,1013,0,1013,-2,0,5,63
14,360,82.800000,10000.000000,1,0,106785383,1019,0,1019,-3,0,5,63
14,360,82.800000,10000.000000,1,0,106785394,1023,0,1023,-3,0,5,63
14,360,82.800000,10000.000000,1,0,106785404,1024,0,1024,-3,0,5,63
14,360,82.800000,10000.000000,1,0,106785415,1025,0,1025,-3,0,5,63
14,360,82.800000,10000.000000,1,0,106785425,1025,0,1025,-3,0,5,63
14,360,82.800000,10000.000000,1,0,106785436,1025,0,1025,-3,0,5,63
14,360,82.800000,10000.000000,1,0,106785446,1025,0,1025,-3,0,5,63
14,360,82.800000,10000.000000,1,0,106785457,1025,0,1025,-3,0,5,63
14,360,82.800000,10000.000000,1,0,106785468,1026,0,1026,-3,0,5,63
14,360,82.800000,10000.000000,1,0,106785478,1029,0,1029,-3,0,5,63
14,360,82.800000,10000.000000,1,0,106785489,1035,0,1035,-3,0,5,63
14,360,82.800000,10000.000000,1,0,106785500,1044,0,1044,-3,0,5,63
14,360,82.800000,10000.000000,1,0,106785511,1055,0,1055,-3,0,5,63
14,360,82.800000,10000.000000,1,0,106785521,1071,0,1071,-4,0,5,63
14,360,82.800000,10000.000000,1,0,106785532,1084,0,1084,-5,0,5,63
14,360,82.800000,10000.000000,1,0,106785543,1094,0,1094,-5,0,5,63
14,360,82.800000,10000.000000,1,0,106785553,1111,0,1111,-5,0,5,63
14,360,82.800000,10000.000000,1,0,106785564,1113,0,1113,-6,0,5,63
14,360,82.800000,10000.000000,1,0,106785575,1115,0,1115,-7,0,5,63
14,360,82.800000,10000.000000,1,0,106785585,1115,0,1115,-7,0,5,63
14,360,82.800000,10000.000000,1,0,106785595,1115,0,1115,-7,0,5,63
14,360,82.800000,10000.000000,1,0,106785605,1115,0,1115,-7,0,5,63
14,360,82.800000,10000.000000,1,0,106785616,1115,0,1115,-7,0,5,63
14,360,82.800000,10000.000000,1,0,106785626,1115,0,1115,-7,0,5,63
14,360,82.800000,10000.000000,1,0,106785636,1115,0,1115,-7,0,5,63
14,360,82.800000,10000.000000,1,0,106785648,1116,0,1116,-7,0,5,63
14,360,82.800000,10000.000000,1,0,106785667,1119,0,1119,-7,0,5,63
14,360,82.800000,10000.000000,1,0,106785678,1123,0,1123,-7,0,5,63
14,360,82.800000,10000.000000,1,0,106785688,1123,0,1123,-7,0,5,63
