14,360,50.400000,12.276000,1,1,106849527,780,22,780,22,0,5,106
14,360,50.400000,12.276000,1,1,106849528,780,22,780,22,0,5,106
14,360,50.400000,12.276000,1,1,106849540,780,22,780,22,0,5,106
14,360,50.400000,12.276000,1,1,106849550,780,22,780,22,0,5,106
14,360,50.400000,12.276000,1,1,106849560,780,22,780,22,0,5,106
14,360,50.400000,12.276000,1,1,106849572,780,22,780,22,0,5,106
14,360,50.400000,12.276000,1,1,106849582,783,22,783,22,0,5,106
14,360,50.400000,12.276000,1,1,106849601,790,22,790,22,0,5,106
14,360,50.400000,12.276000,1,1,106849612,813,22,813,22,0,5,106
14,360,50.400000,12.276000,1,1,106849622,832,22,832,22,0,5,106
14,360,50.400000,12.276000,1,1,106849633,855,22,855,22,0,5,106
14,360,50.400000,12.276000,1,1,106849644,880,21,880,21,0,5,106
14,360,50.400000,12.276000,1,1,106849655,904,21,904,21,0,5,106
14,360,50.400000,12.276000,1,1,106849666,928,21,928,21,0,5,106
14,360,50.400000,12.276000,1,1,106849676,948,21,948,21,0,5,106
14,360,50.400000,12.276000,1,1,106849687,966,21,966,21,0,5,106
14,360,50.400000,12.276000,1,1,106849698,985,20,985,20,0,5,106
14,360,50.400000,12.276000,1,1,106849709,1000,19,1000,19,0,5,106
14,360,50.400000,12.276000,1,1,106849719,1015,19,1015,19,0,5,106
14,360,50.400000,12.276000,1,1,106849730,1028,18,1028,18,0,5,106
14,360,50.400000,12.276000,1,1,106849740,1039,17,1039,17,0,5,106
14,360,50.400000,12.276000,1,1,106849759,1050,16,1050,16,0,5,106
14,360,50.400000,12.276000,1,1,106849770,1063,15,1063,15,0,5,106
14,360,50.400000,12.276000,1,1,106849781,1068,14,1068,14,0,5,106
14,360,50.400000,12.276000,1,1,106849792,1073,14,1073,14,0,5,106
14,360,50.400000,12.276000,1,1,106849803,1077,13,1077,13,0,5,106
14,360,50.400000,12.276000,1,1,106849813,1080,13,1080,13,0,5,106
14,360,50.400000,12.276000,1,1,106849824,1083,13,1083,13,0,5,106
14,360,50.400000,12.276000,1,1,106849834,1085,12,1085,12,0,5,106
14,360,50.400000,12.276000,1,1,106849855,1088,12,1088,12,0,5,106
14,360,50.400000,12.276000,1,1,106849866,1097,11,1097,11,0,5,106
14,360,50.400000,12.276000,1,1,106849877,1103,10,1103,10,0,5,106
14,360,50.400000,12.276000,1,1,106849888,1108,10,1108,10,0,5,106
14,360,50.400000,12.276000,1,1,106849898,1111,10,1111,10,0,5,106
14,360,50.400000,12.276000,1,1,106849909,1113,10,1113,10,0,5,106
14,360,50.400000,12.276000,1,1,106849920,1113,9,1113,9,0,5,106
14,360,50.400000,12.276000,1,1,106849931,1113,8,1113,8,0,5,106
14,360,50.400000,12.276000,1,1,106849941,1113,8,1113,8,0,5,106
14,360,50.400000,12.276000,1,1,106849951,1113,8,1113,8,0,5,106
14,360,50.400000,12.276000,1,1,106849962,1113,8,1113,8,0,5,106
14,360,50.400000,12.276000,1,1,106849972,1113,8,1113,8,0,5,106
14,360,50.400000,12.276000,1,1,106849982,1114,8,1114,8,0,5,106
14,360,50.400000,12.276000,1,1,106849993,1116,8,1116,8,0,5,106
14,360,50.400000,12.276000,1,1,106850003,1117,8,1117,8,0,5,106
14,360,50.400000,12.276000,1,1,106850013,1119,8,1119,8,0,5,106
14,360,50.400000,12.276000,1,1,106850023,1122,7,1122,7,0,5,106
14,360,50.400000,12.276000,1,1,106850034,1125,7,1125,7,0,5,106
14,360,50.400000,12.276000,1,1,106850045,1129,6,1129,6,0,5,106
14,360,50.400000,12.276000,1,1,106850055,1131,6,1131,6,0,5,106
14,360,50.400000,12.276000,1,1,106850066,1131,6,1131,6,0,5,106
14,360,50.400000,12.276000,1,1,106850075,1131,6,1131,6,0,5,106
