14,720,50.400000,42.984000,0,0,106817657,600,0,600,0,1,5,85
14,720,50.400000,42.984000,0,0,106817658,600,0,600,0,1,5,85
14,720,50.400000,42.984000,0,0,106817668,600,0,600,0,1,5,85
14,720,50.400000,42.984000,0,0,106817679,600,0,600,0,1,5,85
14,720,50.400000,42.984000,0,0,106817689,600,0,600,0,1,5,85
14,720,50.400000,42.984000,0,0,106817699,600,0,600,0,1,5,85
14,720,50.400000,42.984000,0,0,106817709,600,0,600,0,1,5,85
14,720,50.400000,42.984000,0,0,106817720,600,0,600,0,1,5,85
14,720,50.400000,42.984000,0,0,106817731,600,0,600,0,1,5,85
14,720,50.400000,42.984000,0,0,106817742,600,0,600,0,1,5,85
14,720,50.400000,42.984000,0,0,106817763,600,0,600,0,1,5,85
14,720,50.400000,42.984000,0,0,106817773,600,0,600,0,1,5,85
14,720,50.400000,42.984000,0,0,106817784,600,0,600,0,1,5,85
14,720,50.400000,42.984000,0,0,106817795,607,0,607,0,1,5,85
14,720,50.400000,42.984000,0,0,106817805,621,0,621,-2,1,5,85
14,720,50.400000,42.984000,0,0,106817824,643,0,643,-3,1,5,85
14,720,50.400000,42.984000,0,0,106817835,719,0,719,-7,1,5,85
14,720,50.400000,42.984000,0,0,106817846,775,0,775,-10,1,5,85
14,720,50.400000,42.984000,0,0,106817857,834,0,834,-11,1,5,85
14,720,50.400000,42.984000,0,0,106817868,891,0,891,-12,1,5,85
14,720,50.400000,42.984000,0,0,106817879,948,0,948,-13,1,5,85
14,720,50.400000,42.984000,0,0,106817890,992,0,992,-13,1,5,85
14,720,50.400000,42.984000,0,0,106817901,1029,0,1029,-13,1,5,85
14,720,50.400000,42.984000,0,0,106817911,1073,0,1073,-13,1,5,85
14,720,50.400000,42.984000,0,0,106817922,1109,1,1109,-12,1,5,85
14,720,50.400000,42.984000,0,0,106817933,1134,1,1134,-12,1,5,85
14,720,50.400000,42.984000,0,0,106817945,1158,2,1158,-11,1,5,85
14,720,50.400000,42.984000,0,0,106817956,1179,2,1179,-11,1,5,85
14,720,50.400000,42.984000,0,0,106817966,1196,2,1196,-11,1,5,85
14,720,50.400000,42.984000,0,0,106817977,1211,2,1211,-11,1,5,85
14,720,50.400000,42.984000,0,0,106817987,1222,3,1222,-10,1,5,85
14,720,50.400000,42.984000,0,0,106817997,1233,3,1233,-10,1,5,85
14,720,50.400000,42.984000,0,0,106818008,1239,4,1239,-9,1,5,85
14,720,50.400000,42.984000,0,0,106818019,1243,4,1243,-9,1,5,85
14,720,50.400000,42.984000,0,0,106818029,1247,4,1247,-9,1,5,85
14,720,50.400000,42.984000,0,0,106818039,1250,4,1250,-9,1,5,85
14,720,50.400000,42.984000,0,0,106818049,1252,4,1252,-9,1,5,85
14,720,50.400000,42.984000,0,0,106818061,1253,4,1253,-9,1,5,85
14,720,50.400000,42.984000,0,0,106818071,1255,4,1255,-9,1,5,85
14,720,50.400000,42.984000,0,0,106818082,1256,4,1256,-9,1,5,85
14,720,50.400000,42.984000,0,0,106818092,1257,4,1257,-9,1,5,85
14,720,50.400000,42.984000,0,0,106818103,1257,4,1257,-9,1,5,85
14,720,50.400000,42.984000,0,0,106818113,1257,4,1257,-9,1,5,85
14,720,50.400000,42.984000,0,0,106818123,1257,4,1257,-9,1,5,85
14,720,50.400000,42.984000,0,0,106818133,1259,4,1259,-9,1,5,85
14,720,50.400000,42.984000,0,0,106818143,1264,4,1264,-9,1,5,85
14,720,50.400000,42.984000,0,0,106818155,1271,4,1271,-9,1,5,85
14,720,50.400000,42.984000,0,0,106818165,1280,5,1280,-8,1,5,85
14,720,50.400000,42.984000,0,0,106818176,1288,5,1288,-8,1,5,85
14,720,50.400000,42.984000,0,0,106818186,1294,5,1294,-8,1,5,85
14,720,50.400000,42.984000,0,0,106818196,1298,6,1298,-7,1,5,85
14,720,50.400000,42.984000,0,0,106818206,1301,6,1301,-7,1,5,85
14,720,50.400000,42.984000,0,0,106818216,1305,7,1305,-6,1,5,85
14,720,50.400000,42.984000,0,0,106818227,1309,7,1309,-6,1,5,85
14,720,50.400000,42.984000,0,0,106818237,1313,7,1313,-6,1,5,85
14,720,50.400000,42.984000,0,0,106818247,1315,7,1315,-6,1,5,85
14,720,50.400000,42.984000,0,0,106818257,1316,8,1316,-5,1,5,85
14,720,50.400000,42.984000,0,0,106818267,1316,8,1316,-5,1,5,85
14,720,50.400000,42.984000,0,0,106818277,1316,8,1316,-5,1,5,85
14,720,50.400000,42.984000,0,0,106818297,1316,8,1316,-5,1,5,85
14,720,50.400000,42.984000,0,0,106818309,1316,8,1316,-5,1,5,85
14,720,50.400000,42.984000,0,0,106818320,1316,8,1316,-5,1,5,85
14,720,50.400000,42.984000,0,0,106818330,1316,8,1316,-5,1,5,85
14,720,50.400000,42.984000,0,0,106818340,1316,8,1316,-5,1,5,85
14,720,50.400000,42.984000,0,0,106818350,1316,8,1316,-5,1,5,85
14,720,50.400000,42.984000,0,0,106818361,1316,8,1316,-5,1,5,85
14,720,50.400000,42.984000,0,0,106818372,1316,8,1316,-5,1,5,85
14,720,50.400000,42.984000,0,0,106818381,1316,8,1316,-5,0,5,85
