14,720,21.600000,42.984000,1,0,106850925,600,0,600,0,0,5,107
14,720,21.600000,42.984000,1,0,106850926,600,0,600,0,0,5,107
14,720,21.600000,42.984000,1,0,106850937,600,0,600,0,0,5,107
14,720,21.600000,42.984000,1,0,106850947,600,0,600,0,0,5,107
14,720,21.600000,42.984000,1,0,106850957,600,0,600,0,0,5,107
14,720,21.600000,42.984000,1,0,106850968,600,0,600,0,0,5,107
14,720,21.600000,42.984000,1,0,106850986,600,0,600,0,0,5,107
14,720,21.600000,42.984000,1,0,106850997,600,0,600,0,0,5,107
14,720,21.600000,42.984000,1,0,106851009,602,0,602,0,0,5,107
14,720,21.600000,42.984000,1,0,106851019,607,0,607,0,0,5,107
14,720,21.600000,42.984000,1,0,106851030,615,0,615,-1,0,5,107
14,720,21.600000,42.984000,1,0,106851042,626,0,626,-3,0,5,107
14,720,21.600000,42.984000,1,0,106851053,645,0,645,-5,0,5,107
14,720,21.600000,42.984000,1,0,106851064,671,0,671,-7,0,5,107
14,720,21.600000,42.984000,1,0,106851075,708,0,708,-10,0,5,107
14,720,21.600000,42.984000,1,0,106851096,744,0,744,-13,0,5,107
14,720,21.600000,42.984000,1,0,106851106,811,0,811,-18,0,5,107
14,720,21.600000,42.984000,1,0,106851117,846,0,846,-20,0,5,107
14,720,21.600000,42.984000,1,0,106851128,884,0,884,-21,0,5,107
14,720,21.600000,42.984000,1,0,106851139,916,0,916,-23,0,5,107
14,720,21.600000,42.984000,1,0,106851150,947,0,947,-23,0,5,107
14,720,21.600000,42.984000,1,0,106851161,970,0,970,-24,0,5,107
14,720,21.600000,42.984000,1,0,106851172,995,0,995,-24,0,5,107
14,720,21.600000,42.984000,1,0,106851183,1019,0,1019,-24,0,5,107
14,720,21.600000,42.984000,1,0,106851194,1044,0,1044,-24,0,5,107
14,720,21.600000,42.984000,1,0,106851204,1070,0,1070,-24,0,5,107
14,720,21.600000,42.984000,1,0,106851215,1092,0,1092,-24,0,5,107
14,720,21.600000,42.984000,1,0,106851227,1110,0,1110,-24,0,5,107
14,720,21.600000,42.984000,1,0,106851237,1132,1,1132,-23,0,5,107
14,720,21.600000,42.984000,1,0,106851247,1149,1,1149,-23,0,5,107
14,720,21.600000,42.984000,1,0,106851270,1164,1,1164,-23,0,5,107
14,720,21.600000,42.984000,1,0,106851281,1197,1,1197,-23,0,5,107
14,720,21.600000,42.984000,1,0,106851292,1209,1,1209,-23,0,5,107
14,720,21.600000,42.984000,1,0,106851304,1218,1,1218,-23,0,5,107
14,720,21.600000,42.984000,1,0,106851316,1226,1,1226,-23,0,5,107
14,720,21.600000,42.984000,1,0,106851327,1232,1,1232,-23,0,5,107
14,720,21.600000,42.984000,1,0,106851345,1235,1,1235,-23,0,5,107
14,720,21.600000,42.984000,1,0,106851357,1237,1,1237,-23,0,5,107
14,720,21.600000,42.984000,1,0,106851376,1238,1,1238,-23,0,5,107
14,720,21.600000,42.984000,1,0,106851386,1243,1,1243,-23,0,5,107
14,720,21.600000,42.984000,1,0,106851398,1247,1,1247,-23,0,5,107
14,720,21.600000,42.984000,1,0,106851408,1251,1,1251,-23,0,5,107
14,720,21.600000,42.984000,1,0,106851419,1254,1,1254,-23,0,5,107
14,720,21.600000,42.984000,1,0,106851439,1256,1,1256,-23,0,5,107
14,720,21.600000,42.984000,1,0,106851450,1264,2,1264,-22,0,5,107
14,720,21.600000,42.984000,1,0,106851459,1269,3,1269,-21,0,5,107
14,720,21.600000,42.984000,1,0,106851470,1275,3,1275,-21,0,5,107
14,720,21.600000,42.984000,1,0,106851481,1282,3,1282,-21,0,5,107
14,720,21.600000,42.984000,1,0,106851492,1288,3,1288,-21,0,5,107
14,720,21.600000,42.984000,1,0,106851502,1291,3,1291,-21,0,5,107
14,720,21.600000,42.984000,1,0,106851512,1292,3,1292,-21,0,5,107
14,720,21.600000,42.984000,1,0,106851523,1292,3,1292,-21,0,5,107
14,720,21.600000,42.984000,1,0,106851533,1292,3,1292,-21,0,5,107
14,720,21.600000,42.984000,1,0,106851544,1292,3,1292,-21,0,5,107
14,720,21.600000,42.984000,1,0,106851556,1292,3,1292,-21,0,5,107
14,720,21.600000,42.984000,1,0,106851567,1293,3,1293,-21,0,5,107
14,720,21.600000,42.984000,1,0,106851578,1295,3,1295,-21,0,5,107
14,720,21.600000,42.984000,1,0,106851587,1298,3,1298,-21,0,5,107
14,720,21.600000,42.984000,1,0,106851597,1299,3,1299,-21,0,5,107
14,720,21.600000,42.984000,1,0,106851607,1300,3,1300,-21,0,5,107
14,720,21.600000,42.984000,1,0,106851617,1300,3,1300,-21,0,5,107
14,720,21.600000,42.984000,1,0,106851626,1300,3,1300,-21,0,5,107
14,720,21.600000,42.984000,1,0,106851636,1300,3,1300,-21,0,5,107
14,720,21.600000,42.984000,1,0,106851645,1301,3,1301,-21,0,5,107
14,720,21.600000,42.984000,1,0,106851656,1303,3,1303,-21,0,5,107
14,720,21.600000,42.984000,1,0,106851666,1305,3,1305,-21,0,5,107
14,720,21.600000,42.984000,1,0,106851676,1306,3,1306,-21,0,5,107
14,720,21.600000,42.984000,1,0,106851686,1307,3,1307,-21,0,5,107
14,720,21.600000,42.984000,1,0,106851697,1307,3,1307,-21,0,5,107
14,720,21.600000,42.984000,1,0,106851707,1307,3,1307,-21,0,5,107
14,720,21.600000,42.984000,1,0,106851717,1307,3,1307,-21,0,5,107
14,720,21.600000,42.984000,1,0,106851727,1307,3,1307,-21,0,5,107
14,720,21.600000,42.984000,1,0,106851738,1307,3,1307,-21,0,5,107
14,720,21.600000,42.984000,1,0,106851748,1308,3,1308,-21,0,5,107
14,720,21.600000,42.984000,1,0,106851758,1309,3,1309,-21,0,5,107
14,720,21.600000,42.984000,1,0,106851768,1310,3,1310,-21,0,5,107
14,720,21.600000,42.984000,1,0,106851778,1311,3,1311,-21,0,5,107
14,720,21.600000,42.984000,1,0,106851789,1311,3,1311,-21,0,5,107
14,720,21.600000,42.984000,1,0,106851799,1311,3,1311,-21,0,5,107
14,720,21.600000,42.984000,1,0,106851809,1311,3,1311,-21,0,5,107
14,720,21.600000,42.984000,1,0,106851819,1311,3,1311,-21,0,5,107
14,720,21.600000,42.984000,1,0,106851830,1311,3,1311,-21,0,5,107
14,720,21.600000,42.984000,1,0,106851840,1311,3,1311,-21,0,5,107
14,720,21.600000,42.984000,1,0,106851850,1311,3,1311,-21,0,5,107
14,720,21.600000,42.984000,1,0,106851860,1311,3,1311,-21,0,5,107
14,720,21.600000,42.984000,1,0,106851870,1311,3,1311,-21,0,5,107
14,720,21.600000,42.984000,1,0,106851881,1311,3,1311,-21,0,5,107
14,720,21.600000,42.984000,1,0,106851890,1311,3,1311,-21,0,5,107
