14,720,50.400000,10000.000000,1,1,106698839,600,22,600,22,0,5,5
14,720,50.400000,10000.000000,1,1,106698839,600,22,600,22,0,5,5
14,720,50.400000,10000.000000,1,1,106698849,600,22,600,22,0,5,5
14,720,50.400000,10000.000000,1,1,106698861,600,22,600,22,0,5,5
14,720,50.400000,10000.000000,1,1,106698871,600,22,600,22,0,5,5
14,720,50.400000,10000.000000,1,1,106698881,600,22,600,22,0,5,5
14,720,50.400000,10000.000000,1,1,106698890,600,22,600,22,0,5,5
14,720,50.400000,10000.000000,1,1,106698900,600,22,600,22,0,5,5
14,720,50.400000,10000.000000,1,1,106698910,600,22,600,22,0,5,5
14,720,50.400000,10000.000000,1,1,106698920,600,22,600,22,0,5,5
14,720,50.400000,10000.000000,1,1,106698930,601,21,601,21,0,5,5
14,720,50.400000,10000.000000,1,1,106698941,605,21,605,21,0,5,5
14,720,50.400000,10000.000000,1,1,106698952,614,20,614,20,0,5,5
14,720,50.400000,10000.000000,1,1,106698962,627,19,627,19,0,5,5
14,720,50.400000,10000.000000,1,1,106698973,655,16,655,16,0,5,5
14,720,50.400000,10000.000000,1,1,106698983,686,14,686,14,0,5,5
14,720,50.400000,10000.000000,1,1,106698995,735,11,735,11,0,5,5
14,720,50.400000,10000.000000,1,1,106699005,791,8,791,8,0,5,5
14,720,50.400000,10000.000000,1,1,106699015,836,5,836,5,0,5,5
14,720,50.400000,10000.000000,1,1,106699027,887,2,887,2,0,5,5
14,720,50.400000,10000.000000,1,1,106699038,933,0,933,-1,0,5,5
14,720,50.400000,10000.000000,1,1,106699048,976,0,976,-2,0,5,5
14,720,50.400000,10000.000000,1,1,106699059,1012,0,1012,-4,0,5,5
14,720,50.400000,10000.000000,1,1,106699069,1048,0,1048,-5,0,5,5
14,720,50.400000,10000.000000,1,1,106699079,1079,0,1079,-6,0,5,5
14,720,50.400000,10000.000000,1,1,106699091,1102,0,1102,-7,0,5,5
14,720,50.400000,10000.000000,1,1,106699102,1120,0,1120,-8,0,5,5
14,720,50.400000,10000.000000,1,1,106699114,1135,0,1135,-9,0,5,5
14,720,50.400000,10000.000000,1,1,106699124,1150,0,1150,-9,0,5,5
14,720,50.400000,10000.000000,1,1,106699135,1163,0,1163,-9,0,5,5
14,720,50.400000,10000.000000,1,1,106699146,1174,0,1174,-9,0,5,5
14,720,50.400000,10000.000000,1,1,106699157,1183,0,1183,-9,0,5,5
14,720,50.400000,10000.000000,1,1,106699167,1193,0,1193,-9,0,5,5
14,720,50.400000,10000.000000,1,1,106699179,1203,0,1203,-9,0,5,5
14,720,50.400000,10000.000000,1,1,106699189,1214,0,1214,-10,0,5,5
14,720,50.400000,10000.000000,1,1,106699200,1223,0,1223,-10,0,5,5
14,720,50.400000,10000.000000,1,1,106699210,1227,0,1227,-10,0,5,5
14,720,50.400000,10000.000000,1,1,106699220,1229,0,1229,-10,0,5,5
14,720,50.400000,10000.000000,1,1,106699229,1231,0,1231,-10,0,5,5
14,720,50.400000,10000.000000,1,1,106699239,1231,0,1231,-10,0,5,5
14,720,50.400000,10000.000000,1,1,106699248,1231,0,1231,-10,0,5,5
14,720,50.400000,10000.000000,1,1,106699257,1231,0,1231,-10,0,5,5
14,720,50.400000,10000.000000,1,1,106699267,1231,0,1231,-10,0,5,5
14,720,50.400000,10000.000000,1,1,106699276,1231,0,1231,-10,0,5,5
14,720,50.400000,10000.000000,1,1,106699286,1232,0,1232,-10,0,5,5
14,720,50.400000,10000.000000,1,1,106699297,1236,0,1236,-10,0,5,5
14,720,50.400000,10000.000000,1,1,106699309,1242,0,1242,-10,0,5,5
14,720,50.400000,10000.000000,1,1,106699319,1252,0,1252,-10,0,5,5
14,720,50.400000,10000.000000,1,1,106699329,1265,0,1265,-10,0,5,5
14,720,50.400000,10000.000000,1,1,106699340,1274,0,1274,-10,0,5,5
14,720,50.400000,10000.000000,1,1,106699350,1281,0,1281,-10,0,5,5
14,720,50.400000,10000.000000,1,1,106699360,1288,0,1288,-10,0,5,5
14,720,50.400000,10000.000000,1,1,106699372,1294,0,1294,-10,0,5,5
14,720,50.400000,10000.000000,1,1,106699382,1298,0,1298,-10,0,5,5
14,720,50.400000,10000.000000,1,1,106699393,1300,0,1300,-10,0,5,5
14,720,50.400000,10000.000000,1,1,106699402,1300,0,1300,-10,0,5,5
14,720,50.400000,10000.000000,1,1,106699412,1300,0,1300,-10,0,5,5
14,720,50.400000,10000.000000,1,1,106699421,1300,0,1300,-10,0,5,5
14,720,50.400000,10000.000000,1,1,106699431,1300,0,1300,-10,0,5,5
14,720,50.400000,10000.000000,1,1,106699441,1301,0,1301,-10,0,5,5
14,720,50.400000,10000.000000,1,1,106699452,1303,0,1303,-10,0,5,5
14,720,50.400000,10000.000000,1,1,106699463,1308,0,1308,-10,0,5,5
14,720,50.400000,10000.000000,1,1,106699474,1314,0,1314,-10,0,5,5
14,720,50.400000,10000.000000,1,1,106699484,1320,0,1320,-10,0,5,5
14,720,50.400000,10000.000000,1,1,106699494,1323,0,1323,-10,0,5,5
14,720,50.400000,10000.000000,1,1,106699503,1325,0,1325,-10,0,5,5
14,720,50.400000,10000.000000,1,1,106699513,1327,0,1327,-10,0,5,5
14,720,50.400000,10000.000000,1,1,106699523,1327,0,1327,-10,0,5,5
14,720,50.400000,10000.000000,1,1,106699533,1327,0,1327,-10,0,5,5
14,720,50.400000,10000.000000,1,1,106699543,1327,0,1327,-10,0,5,5
14,720,50.400000,10000.000000,1,1,106699553,1327,0,1327,-10,0,5,5
14,720,50.400000,10000.000000,1,1,106699562,1327,0,1327,-10,0,5,5
14,720,50.400000,10000.000000,1,1,106699572,1327,0,1327,-10,0,5,5
14,720,50.400000,10000.000000,1,1,106699582,1327,0,1327,-10,0,5,5
14,720,50.400000,10000.000000,1,1,106699591,1327,0,1327,-10,0,5,5
