14,360,50.400000,12.276000,0,1,106799459,780,22,780,22,0,5,73
14,360,50.400000,12.276000,0,1,106799460,780,22,780,22,0,5,73
14,360,50.400000,12.276000,0,1,106799472,780,22,780,22,0,5,73
14,360,50.400000,12.276000,0,1,106799482,780,22,780,22,0,5,73
14,360,50.400000,12.276000,0,1,106799492,780,22,780,22,0,5,73
14,360,50.400000,12.276000,0,1,106799504,780,22,780,22,0,5,73
14,360,50.400000,12.276000,0,1,106799514,780,22,780,22,0,5,73
14,360,50.400000,12.276000,0,1,106799526,780,22,780,22,0,5,73
14,360,50.400000,12.276000,0,1,106799537,784,22,784,22,0,5,73
14,360,50.400000,12.276000,0,1,106799549,791,22,791,22,0,5,73
14,360,50.400000,12.276000,0,1,106799560,804,21,804,21,0,5,73
14,360,50.400000,12.276000,0,1,106799571,819,20,819,20,0,5,73
14,360,50.400000,12.276000,0,1,106799582,840,19,840,19,0,5,73
14,360,50.400000,12.276000,0,1,106799593,868,16,868,16,0,5,73
14,360,50.400000,12.276000,0,1,106799603,893,14,893,14,0,5,73
14,360,50.400000,12.276000,0,1,106799613,920,12,920,12,0,5,73
14,360,50.400000,12.276000,0,1,106799624,944,9,944,9,0,5,73
14,360,50.400000,12.276000,0,1,106799635,969,7,969,7,0,5,73
14,360,50.400000,12.276000,0,1,106799646,995,6,995,6,0,5,73
14,360,50.400000,12.276000,0,1,106799657,1015,4,1015,4,0,5,73
14,360,50.400000,12.276000,0,1,106799669,1034,3,1034,3,0,5,73
14,360,50.400000,12.276000,0,1,106799680,1046,3,1046,3,0,5,73
14,360,50.400000,12.276000,0,1,106799690,1054,3,1054,3,0,5,73
14,360,50.400000,12.276000,0,1,106799701,1067,3,1067,3,0,5,73
14,360,50.400000,12.276000,0,1,106799711,1069,3,1069,3,0,5,73
14,360,50.400000,12.276000,0,1,106799722,1069,3,1069,3,0,5,73
14,360,50.400000,12.276000,0,1,106799732,1069,3,1069,3,0,5,73
14,360,50.400000,12.276000,0,1,106799743,1070,3,1070,3,0,5,73
14,360,50.400000,12.276000,0,1,106799754,1073,3,1073,3,0,5,73
14,360,50.400000,12.276000,0,1,106799765,1080,3,1080,3,0,5,73
14,360,50.400000,12.276000,0,1,106799777,1089,3,1089,3,0,5,73
14,360,50.400000,12.276000,0,1,106799787,1100,3,1100,3,0,5,73
14,360,50.400000,12.276000,0,1,106799798,1112,3,1112,3,0,5,73
14,360,50.400000,12.276000,0,1,106799809,1124,2,1124,2,0,5,73
14,360,50.400000,12.276000,0,1,106799820,1130,2,1130,2,0,5,73
14,360,50.400000,12.276000,0,1,106799831,1133,2,1133,2,0,5,73
14,360,50.400000,12.276000,0,1,106799841,1133,2,1133,2,0,5,73
14,360,50.400000,12.276000,0,1,106799852,1133,2,1133,2,0,5,73
14,360,50.400000,12.276000,0,1,106799863,1133,2,1133,2,0,5,73
14,360,50.400000,12.276000,0,1,106799873,1133,2,1133,2,0,5,73
14,360,50.400000,12.276000,0,1,106799884,1133,2,1133,2,0,5,73
14,360,50.400000,12.276000,0,1,106799894,1133,2,1133,2,0,5,73
14,360,50.400000,12.276000,0,1,106799904,1133,2,1133,2,0,5,73
14,360,50.400000,12.276000,0,1,106799914,1133,2,1133,2,0,5,73
14,360,50.400000,12.276000,0,1,106799925,1133,2,1133,2,0,5,73
14,360,50.400000,12.276000,0,1,106799935,1133,2,1133,2,0,5,73
14,360,50.400000,12.276000,0,1,106799945,1133,2,1133,2,0,5,73
14,360,50.400000,12.276000,0,1,106799956,1133,2,1133,2,0,5,73
14,360,50.400000,12.276000,0,1,106799966,1133,2,1133,2,0,5,73
14,360,50.400000,12.276000,0,1,106799976,1133,2,1133,2,0,5,73
14,360,50.400000,12.276000,0,1,106799986,1133,2,1133,2,0,5,73
14,360,50.400000,12.276000,0,1,106799996,1133,2,1133,2,0,5,73
14,360,50.400000,12.276000,0,1,106800006,1133,2,1133,2,0,5,73
14,360,50.400000,12.276000,0,1,106800016,1133,2,1133,2,0,5,73
