14,720,21.600000,22.608000,1,0,106908052,600,0,600,0,0,6,22
14,720,21.600000,22.608000,1,0,106908053,600,0,600,0,0,6,22
14,720,21.600000,22.608000,1,0,106908063,600,0,600,0,0,6,22
14,720,21.600000,22.608000,1,0,106908074,600,0,600,0,0,6,22
14,720,21.600000,22.608000,1,0,106908084,600,0,600,0,0,6,22
14,720,21.600000,22.608000,1,0,106908094,600,0,600,0,0,6,22
14,720,21.600000,22.608000,1,0,106908105,600,0,600,0,0,6,22
14,720,21.600000,22.608000,1,0,106908115,600,0,600,0,0,6,22
14,720,21.600000,22.608000,1,0,106908125,600,0,600,0,0,6,22
14,720,21.600000,22.608000,1,0,106908135,600,0,600,0,0,6,22
14,720,21.600000,22.608000,1,0,106908146,600,0,600,0,0,6,22
14,720,21.600000,22.608000,1,0,106908157,600,0,600,0,0,6,22
14,720,21.600000,22.608000,1,0,106908167,600,0,600,0,0,6,22
14,720,21.600000,22.608000,1,0,106908178,602,0,602,-1,0,6,22
14,720,21.600000,22.608000,1,0,106908189,608,0,608,-2,0,6,22
14,720,21.600000,22.608000,1,0,106908200,617,0,617,-4,0,6,22
14,720,21.600000,22.608000,1,0,106908211,630,0,630,-6,0,6,22
14,720,21.600000,22.608000,1,0,106908221,650,0,650,-8,0,6,22
14,720,21.600000,22.608000,1,0,106908231,672,0,672,-10,0,6,22
14,720,21.600000,22.608000,1,0,106908242,705,0,705,-11,0,6,22
14,720,21.600000,22.608000,1,0,106908253,743,0,743,-12,0,6,22
14,720,21.600000,22.608000,1,0,106908264,788,0,788,-13,0,6,22
14,720,21.600000,22.608000,1,0,106908275,830,0,830,-14,0,6,22
14,720,21.600000,22.608000,1,0,106908287,881,0,881,-14,0,6,22
14,720,21.600000,22.608000,1,0,106908297,943,0,943,-15,0,6,22
14,720,21.600000,22.608000,1,0,106908308,991,0,991,-15,0,6,22
14,720,21.600000,22.608000,1,0,106908319,1041,0,1041,-15,0,6,22
14,720,21.600000,22.608000,1,0,106908331,1082,0,1082,-15,0,6,22
14,720,21.600000,22.608000,1,0,106908341,1122,0,1122,-16,0,6,22
14,720,21.600000,22.608000,1,0,106908352,1157,0,1157,-16,0,6,22
14,720,21.600000,22.608000,1,0,106908364,1188,0,1188,-16,0,6,22
14,720,21.600000,22.608000,1,0,106908374,1213,0,1213,-16,0,6,22
14,720,21.600000,22.608000,1,0,106908385,1234,0,1234,-16,0,6,22
14,720,21.600000,22.608000,1,0,106908395,1255,0,1255,-16,0,6,22
14,720,21.600000,22.608000,1,0,106908406,1270,0,1270,-16,0,6,22
14,720,21.600000,22.608000,1,0,106908417,1283,0,1283,-16,0,6,22
14,720,21.600000,22.608000,1,0,106908428,1295,1,1295,-15,0,6,22
14,720,21.600000,22.608000,1,0,106908439,1303,2,1303,-14,0,6,22
14,720,21.600000,22.608000,1,0,106908449,1308,2,1308,-14,0,6,22
14,720,21.600000,22.608000,1,0,106908460,1311,3,1311,-13,0,6,22
14,720,21.600000,22.608000,1,0,106908471,1312,3,1312,-13,0,6,22
14,720,21.600000,22.608000,1,0,106908481,1312,3,1312,-13,0,6,22
14,720,21.600000,22.608000,1,0,106908492,1312,3,1312,-13,0,6,22
14,720,21.600000,22.608000,1,0,106908503,1312,3,1312,-13,0,6,22
14,720,21.600000,22.608000,1,0,106908513,1312,3,1312,-13,0,6,22
14,720,21.600000,22.608000,1,0,106908523,1312,3,1312,-13,0,6,22
14,720,21.600000,22.608000,1,0,106908534,1312,3,1312,-13,0,6,22
14,720,21.600000,22.608000,1,0,106908544,1312,3,1312,-13,0,6,22
14,720,21.600000,22.608000,1,0,106908556,1313,3,1313,-13,0,6,22
14,720,21.600000,22.608000,1,0,106908566,1314,3,1314,-13,0,6,22
14,720,21.600000,22.608000,1,0,106908576,1314,3,1314,-13,0,6,22
14,720,21.600000,22.608000,1,0,106908587,1314,3,1314,-13,0,6,22
14,720,21.600000,22.608000,1,0,106908597,1314,3,1314,-13,0,6,22
14,720,21.600000,22.608000,1,0,106908608,1314,3,1314,-13,0,6,22
14,720,21.600000,22.608000,1,0,106908618,1314,3,1314,-13,0,6,22
14,720,21.600000,22.608000,1,0,106908629,1314,3,1314,-13,0,6,22
14,720,21.600000,22.608000,1,0,106908639,1314,3,1314,-13,0,6,22
14,720,21.600000,22.608000,1,0,106908651,1314,3,1314,-13,0,6,22
14,720,21.600000,22.608000,1,0,106908661,1314,3,1314,-13,0,6,22
14,720,21.600000,22.608000,1,0,106908671,1314,3,1314,-13,0,6,22
14,720,21.600000,22.608000,1,0,106908682,1314,3,1314,-13,0,6,22
14,720,21.600000,22.608000,1,0,106908692,1314,3,1314,-13,0,6,22
14,720,21.600000,22.608000,1,0,106908702,1314,3,1314,-13,0,6,22
14,720,21.600000,22.608000,1,0,106908712,1314,3,1314,-13,0,6,22
14,720,21.600000,22.608000,1,0,106908722,1314,3,1314,-13,0,6,22
14,720,21.600000,22.608000,1,0,106908732,1314,3,1314,-13,0,6,22
