14,720,82.800000,10000.000000,0,1,107019314,600,22,600,22,0,6,96
14,720,82.800000,10000.000000,0,1,107019316,600,22,600,22,0,6,96
14,720,82.800000,10000.000000,0,1,107019328,600,22,600,22,0,6,96
14,720,82.800000,10000.000000,0,1,107019338,600,22,600,22,0,6,96
14,720,82.800000,10000.000000,0,1,107019349,600,22,600,22,0,6,96
14,720,82.800000,10000.000000,0,1,107019360,600,22,600,22,0,6,96
14,720,82.800000,10000.000000,0,1,107019370,600,22,600,22,0,6,96
14,720,82.800000,10000.000000,0,1,107019381,600,22,600,22,0,6,96
14,720,82.800000,10000.000000,0,1,107019391,600,22,600,22,0,6,96
14,720,82.800000,10000.000000,0,1,107019402,600,22,600,22,0,6,96
14,720,82.800000,10000.000000,0,1,107019413,606,21,606,21,0,6,96
14,720,82.800000,10000.000000,0,1,107019423,615,19,615,19,0,6,96
14,720,82.800000,10000.000000,0,1,107019435,627,17,627,17,0,6,96
14,720,82.800000,10000.000000,0,1,107019446,652,14,652,14,0,6,96
14,720,82.800000,10000.000000,0,1,107019457,690,11,690,11,0,6,96
14,720,82.800000,10000.000000,0,1,107019469,731,9,731,9,0,6,96
14,720,82.800000,10000.000000,0,1,107019479,793,5,793,5,0,6,96
14,720,82.800000,10000.000000,0,1,107019490,848,4,848,4,0,6,96
14,720,82.800000,10000.000000,0,1,107019500,889,3,889,3,0,6,96
14,720,82.800000,10000.000000,0,1,107019512,922,3,922,3,0,6,96
14,720,82.800000,10000.000000,0,1,107019522,959,3,959,3,0,6,96
14,720,82.800000,10000.000000,0,1,107019533,992,3,992,3,0,6,96
14,720,82.800000,10000.000000,0,1,107019543,1019,3,1019,3,0,6,96
14,720,82.800000,10000.000000,0,1,107019554,1039,3,1039,3,0,6,96
14,720,82.800000,10000.000000,0,1,107019564,1061,3,1061,3,0,6,96
14,720,82.800000,10000.000000,0,1,107019574,1082,3,1082,3,0,6,96
14,720,82.800000,10000.000000,0,1,107019585,1102,3,1102,3,0,6,96
14,720,82.800000,10000.000000,0,1,107019596,1118,3,1118,3,0,6,96
14,720,82.800000,10000.000000,0,1,107019606,1132,3,1132,3,0,6,96
14,720,82.800000,10000.000000,0,1,107019616,1145,3,1145,3,0,6,96
14,720,82.800000,10000.000000,0,1,107019627,1154,3,1154,3,0,6,96
14,720,82.800000,10000.000000,0,1,107019637,1162,3,1162,3,0,6,96
14,720,82.800000,10000.000000,0,1,107019647,1169,3,1169,3,0,6,96
14,720,82.800000,10000.000000,0,1,107019658,1175,3,1175,3,0,6,96
14,720,82.800000,10000.000000,0,1,107019668,1182,3,1182,3,0,6,96
14,720,82.800000,10000.000000,0,1,107019679,1192,3,1192,3,0,6,96
14,720,82.800000,10000.000000,0,1,107019689,1203,3,1203,3,0,6,96
14,720,82.800000,10000.000000,0,1,107019699,1215,3,1215,3,0,6,96
14,720,82.800000,10000.000000,0,1,107019710,1224,3,1224,3,0,6,96
14,720,82.800000,10000.000000,0,1,107019720,1230,2,1230,2,0,6,96
14,720,82.800000,10000.000000,0,1,107019730,1232,2,1232,2,0,6,96
14,720,82.800000,10000.000000,0,1,107019741,1234,2,1234,2,0,6,96
14,720,82.800000,10000.000000,0,1,107019751,1234,2,1234,2,0,6,96
14,720,82.800000,10000.000000,0,1,107019762,1234,2,1234,2,0,6,96
14,720,82.800000,10000.000000,0,1,107019772,1234,2,1234,2,0,6,96
14,720,82.800000,10000.000000,0,1,107019783,1234,2,1234,2,0,6,96
14,720,82.800000,10000.000000,0,1,107019794,1236,2,1236,2,0,6,96
14,720,82.800000,10000.000000,0,1,107019805,1241,2,1241,2,0,6,96
14,720,82.800000,10000.000000,0,1,107019816,1245,2,1245,2,0,6,96
14,720,82.800000,10000.000000,0,1,107019827,1247,2,1247,2,0,6,96
14,720,82.800000,10000.000000,0,1,107019838,1249,2,1249,2,0,6,96
14,720,82.800000,10000.000000,0,1,107019848,1251,2,1251,2,0,6,96
14,720,82.800000,10000.000000,0,1,107019859,1254,2,1254,2,0,6,96
14,720,82.800000,10000.000000,0,1,107019870,1259,2,1259,2,0,6,96
14,720,82.800000,10000.000000,0,1,107019881,1266,2,1266,2,0,6,96
14,720,82.800000,10000.000000,0,1,107019891,1272,2,1272,2,0,6,96
14,720,82.800000,10000.000000,0,1,107019901,1278,2,1278,2,0,6,96
14,720,82.800000,10000.000000,0,1,107019912,1282,2,1282,2,0,6,96
14,720,82.800000,10000.000000,0,1,107019922,1285,2,1285,2,0,6,96
14,720,82.800000,10000.000000,0,1,107019933,1287,2,1287,2,0,6,96
14,720,82.800000,10000.000000,0,1,107019943,1289,2,1289,2,0,6,96
14,720,82.800000,10000.000000,0,1,107019954,1290,2,1290,2,0,6,96
14,720,82.800000,10000.000000,0,1,107019965,1292,2,1292,2,0,6,96
14,720,82.800000,10000.000000,0,1,107019975,1294,2,1294,2,0,6,96
14,720,82.800000,10000.000000,0,1,107019986,1296,2,1296,2,0,6,96
14,720,82.800000,10000.000000,0,1,107019997,1297,2,1297,2,0,6,96
14,720,82.800000,10000.000000,0,1,107020007,1298,2,1298,2,0,6,96
14,720,82.800000,10000.000000,0,1,107020017,1298,2,1298,2,0,6,96
