14,720,82.800000,42.984000,0,1,106972645,600,22,600,22,0,6,65
14,720,82.800000,42.984000,0,1,106972646,600,22,600,22,0,6,65
14,720,82.800000,42.984000,0,1,106972658,600,22,600,22,0,6,65
14,720,82.800000,42.984000,0,1,106972668,600,22,600,22,0,6,65
14,720,82.800000,42.984000,0,1,106972678,600,22,600,22,0,6,65
14,720,82.800000,42.984000,0,1,106972689,600,22,600,22,0,6,65
14,720,82.800000,42.984000,0,1,106972699,600,22,600,22,0,6,65
14,720,82.800000,42.984000,0,1,106972709,600,22,600,22,0,6,65
14,720,82.800000,42.984000,0,1,106972720,600,22,600,22,0,6,65
14,720,82.800000,42.984000,0,1,106972731,599,21,599,21,0,6,65
14,720,82.800000,42.984000,0,1,106972741,597,21,597,21,0,6,65
14,720,82.800000,42.984000,0,1,106972752,594,20,594,20,0,6,65
14,720,82.800000,42.984000,0,1,106972762,591,20,591,20,0,6,65
14,720,82.800000,42.984000,0,1,106972773,589,20,589,20,0,6,65
14,720,82.800000,42.984000,0,1,106972783,589,20,589,20,0,6,65
14,720,82.800000,42.984000,0,1,106972793,589,20,589,20,0,6,65
14,720,82.800000,42.984000,0,1,106972804,589,20,589,20,0,6,65
14,720,82.800000,42.984000,0,1,106972815,589,20,589,20,0,6,65
14,720,82.800000,42.984000,0,1,106972826,592,18,592,18,0,6,65
14,720,82.800000,42.984000,0,1,106972837,599,18,599,18,0,6,65
14,720,82.800000,42.984000,0,1,106972848,610,17,610,17,0,6,65
14,720,82.800000,42.984000,0,1,106972858,625,17,625,17,0,6,65
14,720,82.800000,42.984000,0,1,106972868,645,17,645,17,0,6,65
14,720,82.800000,42.984000,0,1,106972880,666,16,666,16,0,6,65
14,720,82.800000,42.984000,0,1,106972891,700,15,700,15,0,6,65
14,720,82.800000,42.984000,0,1,106972902,740,14,740,14,0,6,65
14,720,82.800000,42.984000,0,1,106972914,782,13,782,13,0,6,65
14,720,82.800000,42.984000,0,1,106972925,836,11,836,11,0,6,65
14,720,82.800000,42.984000,0,1,106972935,891,9,891,9,0,6,65
14,720,82.800000,42.984000,0,1,106972946,941,6,941,6,0,6,65
14,720,82.800000,42.984000,0,1,106972957,980,4,980,4,0,6,65
14,720,82.800000,42.984000,0,1,106972967,1014,3,1014,3,0,6,65
14,720,82.800000,42.984000,0,1,106972979,1047,2,1047,2,0,6,65
14,720,82.800000,42.984000,0,1,106972990,1073,1,1073,1,0,6,65
14,720,82.800000,42.984000,0,1,106973001,1095,0,1095,0,0,6,65
14,720,82.800000,42.984000,0,1,106973013,1113,0,1113,0,0,6,65
14,720,82.800000,42.984000,0,1,106973023,1125,0,1125,0,0,6,65
14,720,82.800000,42.984000,0,1,106973034,1134,0,1134,0,0,6,65
14,720,82.800000,42.984000,0,1,106973045,1141,0,1141,0,0,6,65
14,720,82.800000,42.984000,0,1,106973056,1146,0,1146,0,0,6,65
14,720,82.800000,42.984000,0,1,106973067,1151,0,1151,0,0,6,65
14,720,82.800000,42.984000,0,1,106973078,1156,0,1156,-1,0,6,65
14,720,82.800000,42.984000,0,1,106973089,1161,0,1161,-1,0,6,65
14,720,82.800000,42.984000,0,1,106973100,1166,0,1166,-1,0,6,65
14,720,82.800000,42.984000,0,1,106973111,1170,0,1170,-1,0,6,65
14,720,82.800000,42.984000,0,1,106973122,1176,0,1176,-1,0,6,65
14,720,82.800000,42.984000,0,1,106973133,1182,0,1182,-1,0,6,65
14,720,82.800000,42.984000,0,1,106973145,1188,0,1188,-1,0,6,65
14,720,82.800000,42.984000,0,1,106973156,1194,0,1194,-1,0,6,65
14,720,82.800000,42.984000,0,1,106973166,1199,0,1199,-2,0,6,65
14,720,82.800000,42.984000,0,1,106973177,1202,0,1202,-2,0,6,65
14,720,82.800000,42.984000,0,1,106973187,1203,0,1203,-2,0,6,65
14,720,82.800000,42.984000,0,1,106973198,1205,0,1205,-2,0,6,65
14,720,82.800000,42.984000,0,1,106973208,1207,0,1207,-2,0,6,65
14,720,82.800000,42.984000,0,1,106973219,1211,0,1211,-2,0,6,65
14,720,82.800000,42.984000,0,1,106973230,1218,0,1218,-2,0,6,65
14,720,82.800000,42.984000,0,1,106973242,1229,0,1229,-2,0,6,65
14,720,82.800000,42.984000,0,1,106973253,1243,1,1243,-1,0,6,65
14,720,82.800000,42.984000,0,1,106973265,1256,1,1256,-1,0,6,65
14,720,82.800000,42.984000,0,1,106973276,1266,1,1266,-1,0,6,65
14,720,82.800000,42.984000,0,1,106973286,1270,1,1270,-1,0,6,65
14,720,82.800000,42.984000,0,1,106973296,1271,1,1271,-1,0,6,65
14,720,82.800000,42.984000,0,1,106973306,1271,1,1271,-1,0,6,65
14,720,82.800000,42.984000,0,1,106973317,1271,1,1271,-1,0,6,65
14,720,82.800000,42.984000,0,1,106973327,1271,1,1271,-1,0,6,65
14,720,82.800000,42.984000,0,1,106973338,1271,1,1271,-1,0,6,65
14,720,82.800000,42.984000,0,1,106973349,1271,1,1271,-1,0,6,65
14,720,82.800000,42.984000,0,1,106973359,1271,1,1271,-1,0,6,65
14,720,82.800000,42.984000,0,1,106973370,1271,1,1271,-1,0,6,65
14,720,82.800000,42.984000,0,1,106973381,1271,1,1271,-1,0,6,65
14,720,82.800000,42.984000,0,1,106973392,1271,1,1271,-1,0,6,65
14,720,82.800000,42.984000,0,1,106973402,1271,1,1271,-1,0,6,65
14,720,82.800000,42.984000,0,1,106973413,1271,1,1271,-1,0,6,65
14,720,82.800000,42.984000,0,1,106973422,1271,1,1271,-1,0,6,65
14,720,82.800000,42.984000,0,1,106973433,1271,1,1271,-1,0,6,65
14,720,82.800000,42.984000,0,1,106973444,1271,1,1271,-1,0,6,65
14,720,82.800000,42.984000,0,1,106973453,1271,1,1271,-1,0,6,65
14,720,82.800000,42.984000,0,1,106973464,1271,1,1271,-1,0,6,65
14,720,82.800000,42.984000,0,1,106973474,1271,1,1271,-1,0,6,65
14,720,82.800000,42.984000,0,1,106973484,1271,1,1271,-1,0,6,65
14,720,82.800000,42.984000,0,1,106973495,1271,1,1271,-1,0,6,65
14,720,82.800000,42.984000,0,1,106973505,1271,1,1271,-1,0,6,65
14,720,82.800000,42.984000,0,1,106973515,1271,1,1271,-1,0,6,65
14,720,82.800000,42.984000,0,1,106973526,1271,1,1271,-1,0,6,65
14,720,82.800000,42.984000,0,1,106973536,1271,1,1271,-1,0,6,65
14,720,82.800000,42.984000,0,1,106973546,1271,1,1271,-1,0,6,65
14,720,82.800000,42.984000,0,1,106973556,1272,1,1272,-1,0,6,65
14,720,82.800000,42.984000,0,1,106973567,1273,1,1273,-1,0,6,65
14,720,82.800000,42.984000,0,1,106973578,1274,1,1274,-1,0,6,65
14,720,82.800000,42.984000,0,1,106973586,1275,1,1275,-1,0,6,65
14,720,82.800000,42.984000,0,1,106973597,1277,1,1277,-1,0,6,65
14,720,82.800000,42.984000,0,1,106973607,1278,1,1278,-1,0,6,65
14,720,82.800000,42.984000,0,1,106973616,1280,1,1280,-1,0,6,65
14,720,82.800000,42.984000,0,1,106973626,1282,1,1282,-1,0,6,65
14,720,82.800000,42.984000,0,1,106973636,1284,1,1284,-1,0,6,65
14,720,82.800000,42.984000,0,1,106973646,1286,1,1286,-1,0,6,65
14,720,82.800000,42.984000,0,1,106973657,1288,1,1288,-1,0,6,65
14,720,82.800000,42.984000,0,1,106973667,1289,1,1289,-1,0,6,65
14,720,82.800000,42.984000,0,1,106973677,1290,1,1290,-1,0,6,65
14,720,82.800000,42.984000,0,1,106973687,1291,1,1291,-1,0,6,65
14,720,82.800000,42.984000,0,1,106973697,1293,1,1293,-1,0,6,65
14,720,82.800000,42.984000,0,1,106973708,1295,1,1295,-1,0,6,65
14,720,82.800000,42.984000,0,1,106973717,1297,1,1297,-1,0,6,65
14,720,82.800000,42.984000,0,1,106973728,1299,1,1299,-1,0,6,65
14,720,82.800000,42.984000,0,1,106973738,1302,1,1302,-1,0,6,65
14,720,82.800000,42.984000,0,1,106973748,1304,1,1304,-1,0,6,65
14,720,82.800000,42.984000,0,1,106973758,1305,1,1305,-1,0,6,65
14,720,82.800000,42.984000,0,1,106973769,1305,1,1305,-1,0,6,65
14,720,82.800000,42.984000,0,1,106973779,1305,1,1305,-1,0,6,65
14,720,82.800000,42.984000,0,1,106973789,1305,1,1305,-1,0,6,65
14,720,82.800000,42.984000,0,1,106973799,1305,1,1305,-1,0,6,65
14,720,82.800000,42.984000,0,1,106973809,1305,1,1305,-1,0,6,65
