14,360,82.800000,12.276000,0,1,107010322,780,22,780,22,0,6,89
14,360,82.800000,12.276000,0,1,107010323,780,22,780,22,0,6,89
14,360,82.800000,12.276000,0,1,107010334,781,22,781,22,0,6,89
14,360,82.800000,12.276000,0,1,107010345,781,22,781,22,0,6,89
14,360,82.800000,12.276000,0,1,107010356,782,21,782,21,0,6,89
14,360,82.800000,12.276000,0,1,107010367,783,20,783,20,0,6,89
14,360,82.800000,12.276000,0,1,107010378,785,20,785,20,0,6,89
14,360,82.800000,12.276000,0,1,107010389,787,20,787,20,0,6,89
14,360,82.800000,12.276000,0,1,107010400,790,20,790,20,0,6,89
14,360,82.800000,12.276000,0,1,107010411,794,19,794,19,0,6,89
14,360,82.800000,12.276000,0,1,107010422,800,18,800,18,0,6,89
14,360,82.800000,12.276000,0,1,107010433,808,17,808,17,0,6,89
14,360,82.800000,12.276000,0,1,107010444,822,16,822,16,0,6,89
14,360,82.800000,12.276000,0,1,107010455,840,13,840,13,0,6,89
14,360,82.800000,12.276000,0,1,107010465,865,11,865,11,0,6,89
14,360,82.800000,12.276000,0,1,107010476,899,10,899,10,0,6,89
14,360,82.800000,12.276000,0,1,107010486,932,8,932,8,0,6,89
14,360,82.800000,12.276000,0,1,107010496,969,7,969,7,0,6,89
14,360,82.800000,12.276000,0,1,107010508,1006,6,1006,6,0,6,89
14,360,82.800000,12.276000,0,1,107010518,1033,6,1033,6,0,6,89
14,360,82.800000,12.276000,0,1,107010528,1055,6,1055,6,0,6,89
14,360,82.800000,12.276000,0,1,107010539,1073,6,1073,6,0,6,89
14,360,82.800000,12.276000,0,1,107010549,1085,6,1085,6,0,6,89
14,360,82.800000,12.276000,0,1,107010560,1094,6,1094,6,0,6,89
14,360,82.800000,12.276000,0,1,107010570,1099,6,1099,6,0,6,89
14,360,82.800000,12.276000,0,1,107010581,1102,6,1102,6,0,6,89
14,360,82.800000,12.276000,0,1,107010591,1103,6,1103,6,0,6,89
14,360,82.800000,12.276000,0,1,107010601,1103,6,1103,6,0,6,89
14,360,82.800000,12.276000,0,1,107010612,1103,6,1103,6,0,6,89
14,360,82.800000,12.276000,0,1,107010623,1103,6,1103,6,0,6,89
14,360,82.800000,12.276000,0,1,107010633,1103,6,1103,6,0,6,89
14,360,82.800000,12.276000,0,1,107010644,1103,6,1103,6,0,6,89
14,360,82.800000,12.276000,0,1,107010655,1103,6,1103,6,0,6,89
14,360,82.800000,12.276000,0,1,107010666,1103,6,1103,6,0,6,89
14,360,82.800000,12.276000,0,1,107010676,1103,6,1103,6,0,6,89
14,360,82.800000,12.276000,0,1,107010688,1104,6,1104,6,0,6,89
14,360,82.800000,12.276000,0,1,107010699,1106,6,1106,6,0,6,89
14,360,82.800000,12.276000,0,1,107010710,1111,6,1111,6,0,6,89
14,360,82.800000,12.276000,0,1,107010720,1116,6,1116,6,0,6,89
14,360,82.800000,12.276000,0,1,107010731,1120,6,1120,6,0,6,89
14,360,82.800000,12.276000,0,1,107010741,1122,6,1122,6,0,6,89
14,360,82.800000,12.276000,0,1,107010751,1123,6,1123,6,0,6,89
