14,720,21.600000,22.608000,0,1,106888992,600,22,600,22,1,6,10
14,720,21.600000,22.608000,0,1,106888993,600,22,600,22,1,6,10
14,720,21.600000,22.608000,0,1,106889003,600,22,600,22,1,6,10
14,720,21.600000,22.608000,0,1,106889014,600,22,600,22,1,6,10
14,720,21.600000,22.608000,0,1,106889024,600,22,600,22,1,6,10
14,720,21.600000,22.608000,0,1,106889035,600,22,600,22,1,6,10
14,720,21.600000,22.608000,0,1,106889045,600,22,600,22,1,6,10
14,720,21.600000,22.608000,0,1,106889056,600,22,600,22,1,6,10
14,720,21.600000,22.608000,0,1,106889066,600,22,600,22,1,6,10
14,720,21.600000,22.608000,0,1,106889077,600,22,600,22,1,6,10
14,720,21.600000,22.608000,0,1,106889087,600,22,600,22,1,6,10
14,720,21.600000,22.608000,0,1,106889098,600,21,600,21,1,6,10
14,720,21.600000,22.608000,0,1,106889108,601,20,601,20,1,6,10
14,720,21.600000,22.608000,0,1,106889119,603,19,603,19,1,6,10
14,720,21.600000,22.608000,0,1,106889129,608,17,608,17,1,6,10
14,720,21.600000,22.608000,0,1,106889140,616,16,616,16,1,6,10
14,720,21.600000,22.608000,0,1,106889151,632,13,632,13,1,6,10
14,720,21.600000,22.608000,0,1,106889162,653,10,653,10,1,6,10
14,720,21.600000,22.608000,0,1,106889174,680,8,680,8,1,6,10
14,720,21.600000,22.608000,0,1,106889185,723,4,723,4,1,6,10
14,720,21.600000,22.608000,0,1,106889205,770,2,770,2,1,6,10
14,720,21.600000,22.608000,0,1,106889216,873,0,873,-2,1,6,10
14,720,21.600000,22.608000,0,1,106889226,933,0,933,-5,1,6,10
14,720,21.600000,22.608000,0,1,106889237,998,0,998,-8,1,6,10
14,720,21.600000,22.608000,0,1,106889247,1055,0,1055,-10,1,6,10
14,720,21.600000,22.608000,0,1,106889267,1094,0,1094,-11,1,6,10
14,720,21.600000,22.608000,0,1,106889278,1162,0,1162,-14,1,6,10
14,720,21.600000,22.608000,0,1,106889288,1190,0,1190,-14,1,6,10
14,720,21.600000,22.608000,0,1,106889298,1214,0,1214,-15,1,6,10
14,720,21.600000,22.608000,0,1,106889308,1234,0,1234,-15,1,6,10
14,720,21.600000,22.608000,0,1,106889318,1248,0,1248,-15,1,6,10
14,720,21.600000,22.608000,0,1,106889330,1260,0,1260,-15,1,6,10
14,720,21.600000,22.608000,0,1,106889341,1267,0,1267,-15,1,6,10
14,720,21.600000,22.608000,0,1,106889361,1273,0,1273,-15,1,6,10
14,720,21.600000,22.608000,0,1,106889372,1284,0,1284,-15,1,6,10
14,720,21.600000,22.608000,0,1,106889382,1290,0,1290,-15,1,6,10
14,720,21.600000,22.608000,0,1,106889393,1295,0,1295,-15,1,6,10
14,720,21.600000,22.608000,0,1,106889403,1299,0,1299,-15,1,6,10
14,720,21.600000,22.608000,0,1,106889414,1302,0,1302,-15,1,6,10
14,720,21.600000,22.608000,0,1,106889424,1304,0,1304,-15,1,6,10
14,720,21.600000,22.608000,0,1,106889434,1304,0,1304,-15,1,6,10
14,720,21.600000,22.608000,0,1,106889454,1304,0,1304,-15,1,6,10
14,720,21.600000,22.608000,0,1,106889464,1304,0,1304,-15,1,6,10
14,720,21.600000,22.608000,0,1,106889474,1304,0,1304,-15,1,6,10
14,720,21.600000,22.608000,0,1,106889485,1304,0,1304,-15,1,6,10
14,720,21.600000,22.608000,0,1,106889494,1304,0,1304,-15,1,6,10
14,720,21.600000,22.608000,0,1,106889505,1304,0,1304,-15,1,6,10
14,720,21.600000,22.608000,0,1,106889518,1304,0,1304,-15,1,6,10
14,720,21.600000,22.608000,0,1,106889531,1305,0,1305,-15,1,6,10
14,720,21.600000,22.608000,0,1,106889541,1305,0,1305,-15,1,6,10
14,720,21.600000,22.608000,0,1,106889551,1305,0,1305,-15,1,6,10
14,720,21.600000,22.608000,0,1,106889561,1305,0,1305,-15,1,6,10
14,720,21.600000,22.608000,0,1,106889571,1306,0,1306,-15,1,6,10
14,720,21.600000,22.608000,0,1,106889582,1306,0,1306,-15,1,6,10
14,720,21.600000,22.608000,0,1,106889592,1306,0,1306,-15,1,6,10
14,720,21.600000,22.608000,0,1,106889602,1306,0,1306,-15,1,6,10
14,720,21.600000,22.608000,0,1,106889612,1306,0,1306,-15,1,6,10
14,720,21.600000,22.608000,0,1,106889622,1306,0,1306,-15,1,6,10
14,720,21.600000,22.608000,0,1,106889632,1306,0,1306,-15,1,6,10
14,720,21.600000,22.608000,0,1,106889642,1306,0,1306,-15,1,6,10
14,720,21.600000,22.608000,0,1,106889653,1308,0,1308,-15,1,6,10
14,720,21.600000,22.608000,0,1,106889663,1310,1,1310,-14,1,6,10
14,720,21.600000,22.608000,0,1,106889673,1313,1,1313,-14,1,6,10
14,720,21.600000,22.608000,0,1,106889684,1315,2,1315,-13,1,6,10
14,720,21.600000,22.608000,0,1,106889694,1316,2,1316,-13,1,6,10
14,720,21.600000,22.608000,0,1,106889705,1318,2,1318,-13,1,6,10
14,720,21.600000,22.608000,0,1,106889715,1318,2,1318,-13,1,6,10
14,720,21.600000,22.608000,0,1,106889725,1318,2,1318,-13,1,6,10
14,720,21.600000,22.608000,0,1,106889736,1318,2,1318,-13,1,6,10
14,720,21.600000,22.608000,0,1,106889747,1318,2,1318,-13,1,6,10
14,720,21.600000,22.608000,0,1,106889757,1318,2,1318,-13,1,6,10
14,720,21.600000,22.608000,0,1,106889768,1318,2,1318,-13,1,6,10
14,720,21.600000,22.608000,0,1,106889785,1318,2,1318,-13,1,6,10
14,720,21.600000,22.608000,0,1,106889795,1318,2,1318,-13,1,6,10
14,720,21.600000,22.608000,0,1,106889805,1318,2,1318,-13,1,6,10
14,720,21.600000,22.608000,0,1,106889816,1318,2,1318,-13,1,6,10
14,720,21.600000,22.608000,0,1,106889826,1318,2,1318,-13,1,6,10
14,720,21.600000,22.608000,0,1,106889837,1318,2,1318,-13,1,6,10
14,720,21.600000,22.608000,0,1,106889848,1318,2,1318,-13,1,6,10
14,720,21.600000,22.608000,0,1,106889859,1318,2,1318,-13,1,6,10
14,720,21.600000,22.608000,0,1,106889870,1318,2,1318,-13,1,6,10
14,720,21.600000,22.608000,0,1,106889881,1318,2,1318,-13,1,6,10
14,720,21.600000,22.608000,0,1,106889890,1318,2,1318,-13,1,6,10
14,720,21.600000,22.608000,0,1,106889900,1318,2,1318,-13,1,6,10
14,720,21.600000,22.608000,0,1,106889909,1318,2,1318,-13,0,6,10
