14,720,50.400000,0.000000,1,0,107047173,600,0,600,0,0,6,113
14,720,50.400000,0.000000,1,0,107047175,600,0,600,0,0,6,113
14,720,50.400000,0.000000,1,0,107047186,604,1,604,1,0,6,113
14,720,50.400000,0.000000,1,0,107047196,608,1,608,1,0,6,113
14,720,50.400000,0.000000,1,0,107047207,611,1,611,1,0,6,113
14,720,50.400000,0.000000,1,0,107047217,615,1,615,1,0,6,113
14,720,50.400000,0.000000,1,0,107047229,621,1,621,1,0,6,113
14,720,50.400000,0.000000,1,0,107047240,627,1,627,1,0,6,113
14,720,50.400000,0.000000,1,0,107047250,641,1,641,1,0,6,113
14,720,50.400000,0.000000,1,0,107047262,660,1,660,1,0,6,113
14,720,50.400000,0.000000,1,0,107047273,686,1,686,1,0,6,113
14,720,50.400000,0.000000,1,0,107047283,720,0,720,0,0,6,113
14,720,50.400000,0.000000,1,0,107047293,763,0,763,-1,0,6,113
14,720,50.400000,0.000000,1,0,107047305,809,0,809,-2,0,6,113
14,720,50.400000,0.000000,1,0,107047315,862,0,862,-2,0,6,113
14,720,50.400000,0.000000,1,0,107047326,908,0,908,-3,0,6,113
14,720,50.400000,0.000000,1,0,107047337,953,0,953,-5,0,6,113
14,720,50.400000,0.000000,1,0,107047348,1001,0,1001,-7,0,6,113
14,720,50.400000,0.000000,1,0,107047359,1038,0,1038,-8,0,6,113
14,720,50.400000,0.000000,1,0,107047370,1079,0,1079,-9,0,6,113
14,720,50.400000,0.000000,1,0,107047382,1115,0,1115,-10,0,6,113
14,720,50.400000,0.000000,1,0,107047393,1151,0,1151,-11,0,6,113
14,720,50.400000,0.000000,1,0,107047404,1189,0,1189,-12,0,6,113
14,720,50.400000,0.000000,1,0,107047414,1218,0,1218,-13,0,6,113
14,720,50.400000,0.000000,1,0,107047424,1241,0,1241,-13,0,6,113
14,720,50.400000,0.000000,1,0,107047435,1260,0,1260,-13,0,6,113
14,720,50.400000,0.000000,1,0,107047446,1274,0,1274,-13,0,6,113
14,720,50.400000,0.000000,1,0,107047459,1286,0,1286,-13,0,6,113
14,720,50.400000,0.000000,1,0,107047470,1299,0,1299,-13,0,6,113
14,720,50.400000,0.000000,1,0,107047481,1308,0,1308,-13,0,6,113
14,720,50.400000,0.000000,1,0,107047492,1317,0,1317,-13,0,6,113
14,720,50.400000,0.000000,1,0,107047503,1325,0,1325,-13,0,6,113
14,720,50.400000,0.000000,1,0,107047515,1331,0,1331,-13,0,6,113
14,720,50.400000,0.000000,1,0,107047526,1339,0,1339,-13,0,6,113
14,720,50.400000,0.000000,1,0,107047537,1347,0,1347,-13,0,6,113
14,720,50.400000,0.000000,1,0,107047548,1353,0,1353,-13,0,6,113
14,720,50.400000,0.000000,1,0,107047559,1355,0,1355,-13,0,6,113
14,720,50.400000,0.000000,1,0,107047569,1355,0,1355,-13,0,6,113
14,720,50.400000,0.000000,1,0,107047581,1355,0,1355,-13,0,6,113
14,720,50.400000,0.000000,1,0,107047592,1355,0,1355,-13,0,6,113
14,720,50.400000,0.000000,1,0,107047602,1355,0,1355,-13,0,6,113
14,720,50.400000,0.000000,1,0,107047612,1355,0,1355,-13,0,6,113
14,720,50.400000,0.000000,1,0,107047624,1355,0,1355,-13,0,6,113
14,720,50.400000,0.000000,1,0,107047634,1355,0,1355,-13,0,6,113
14,720,50.400000,0.000000,1,0,107047645,1355,0,1355,-13,0,6,113
14,720,50.400000,0.000000,1,0,107047655,1355,0,1355,-13,0,6,113
14,720,50.400000,0.000000,1,0,107047666,1355,0,1355,-13,0,6,113
14,720,50.400000,0.000000,1,0,107047676,1355,0,1355,-13,0,6,113
14,720,50.400000,0.000000,1,0,107047686,1355,0,1355,-13,0,6,113
14,720,50.400000,0.000000,1,0,107047697,1354,0,1354,-13,0,6,113
14,720,50.400000,0.000000,1,0,107047707,1353,0,1353,-13,0,6,113
14,720,50.400000,0.000000,1,0,107047718,1352,0,1352,-13,0,6,113
14,720,50.400000,0.000000,1,0,107047728,1352,0,1352,-13,0,6,113
14,720,50.400000,0.000000,1,0,107047739,1350,0,1350,-13,0,6,113
14,720,50.400000,0.000000,1,0,107047751,1348,0,1348,-13,0,6,113
14,720,50.400000,0.000000,1,0,107047761,1344,0,1344,-13,0,6,113
14,720,50.400000,0.000000,1,0,107047771,1340,1,1340,-12,0,6,113
14,720,50.400000,0.000000,1,0,107047782,1336,1,1336,-12,0,6,113
14,720,50.400000,0.000000,1,0,107047793,1334,2,1334,-11,0,6,113
14,720,50.400000,0.000000,1,0,107047804,1331,2,1331,-11,0,6,113
14,720,50.400000,0.000000,1,0,107047814,1330,2,1330,-11,0,6,113
14,720,50.400000,0.000000,1,0,107047825,1330,2,1330,-11,0,6,113
14,720,50.400000,0.000000,1,0,107047835,1330,2,1330,-11,0,6,113
14,720,50.400000,0.000000,1,0,107047845,1330,2,1330,-11,0,6,113
14,720,50.400000,0.000000,1,0,107047856,1330,2,1330,-11,0,6,113
14,720,50.400000,0.000000,1,0,107047866,1330,2,1330,-11,0,6,113
14,720,50.400000,0.000000,1,0,107047877,1330,2,1330,-11,0,6,113
14,720,50.400000,0.000000,1,0,107047887,1330,2,1330,-11,0,6,113
14,720,50.400000,0.000000,1,0,107047898,1330,2,1330,-11,0,6,113
14,720,50.400000,0.000000,1,0,107047918,1330,2,1330,-11,0,6,113
14,720,50.400000,0.000000,1,0,107047929,1330,2,1330,-11,0,6,113
14,720,50.400000,0.000000,1,0,107047940,1330,2,1330,-11,0,6,113
14,720,50.400000,0.000000,1,0,107047951,1330,2,1330,-11,0,6,113
14,720,50.400000,0.000000,1,0,107047960,1330,2,1330,-11,0,6,113
14,720,50.400000,0.000000,1,0,107047971,1330,2,1330,-11,0,6,113
14,720,50.400000,0.000000,1,0,107047982,1330,2,1330,-11,0,6,113
14,720,50.400000,0.000000,1,0,107047992,1330,2,1330,-11,0,6,113
