14,720,50.400000,10000.000000,0,1,107008766,600,22,600,22,0,6,88
14,720,50.400000,10000.000000,0,1,107008767,600,22,600,22,0,6,88
14,720,50.400000,10000.000000,0,1,107008778,601,22,601,22,0,6,88
14,720,50.400000,10000.000000,0,1,107008788,601,22,601,22,0,6,88
14,720,50.400000,10000.000000,0,1,107008800,601,22,601,22,0,6,88
14,720,50.400000,10000.000000,0,1,107008810,602,22,602,22,0,6,88
14,720,50.400000,10000.000000,0,1,107008821,603,22,603,22,0,6,88
14,720,50.400000,10000.000000,0,1,107008831,605,22,605,22,0,6,88
14,720,50.400000,10000.000000,0,1,107008842,608,22,608,22,0,6,88
14,720,50.400000,10000.000000,0,1,107008853,612,22,612,22,0,6,88
14,720,50.400000,10000.000000,0,1,107008863,619,22,619,22,0,6,88
14,720,50.400000,10000.000000,0,1,107008875,629,22,629,22,0,6,88
14,720,50.400000,10000.000000,0,1,107008886,643,22,643,22,0,6,88
14,720,50.400000,10000.000000,0,1,107008896,661,22,661,22,0,6,88
14,720,50.400000,10000.000000,0,1,107008906,682,21,682,21,0,6,88
14,720,50.400000,10000.000000,0,1,107008917,702,20,702,20,0,6,88
14,720,50.400000,10000.000000,0,1,107008927,728,20,728,20,0,6,88
14,720,50.400000,10000.000000,0,1,107008938,756,18,756,18,0,6,88
14,720,50.400000,10000.000000,0,1,107008949,785,17,785,17,0,6,88
14,720,50.400000,10000.000000,0,1,107008958,825,16,825,16,0,6,88
14,720,50.400000,10000.000000,0,1,107008969,871,15,871,15,0,6,88
14,720,50.400000,10000.000000,0,1,107008980,914,14,914,14,0,6,88
14,720,50.400000,10000.000000,0,1,107008990,963,13,963,13,0,6,88
14,720,50.400000,10000.000000,0,1,107009001,1007,12,1007,12,0,6,88
14,720,50.400000,10000.000000,0,1,107009011,1058,11,1058,11,0,6,88
14,720,50.400000,10000.000000,0,1,107009022,1099,11,1099,11,0,6,88
14,720,50.400000,10000.000000,0,1,107009032,1139,10,1139,10,0,6,88
14,720,50.400000,10000.000000,0,1,107009043,1167,10,1167,10,0,6,88
14,720,50.400000,10000.000000,0,1,107009053,1187,10,1187,10,0,6,88
14,720,50.400000,10000.000000,0,1,107009064,1198,10,1198,10,0,6,88
14,720,50.400000,10000.000000,0,1,107009075,1205,10,1205,10,0,6,88
14,720,50.400000,10000.000000,0,1,107009085,1208,10,1208,10,0,6,88
14,720,50.400000,10000.000000,0,1,107009096,1212,10,1212,10,0,6,88
14,720,50.400000,10000.000000,0,1,107009106,1212,10,1212,10,0,6,88
14,720,50.400000,10000.000000,0,1,107009118,1212,10,1212,10,0,6,88
14,720,50.400000,10000.000000,0,1,107009128,1212,10,1212,10,0,6,88
14,720,50.400000,10000.000000,0,1,107009139,1212,10,1212,10,0,6,88
14,720,50.400000,10000.000000,0,1,107009150,1212,10,1212,10,0,6,88
14,720,50.400000,10000.000000,0,1,107009160,1212,10,1212,10,0,6,88
14,720,50.400000,10000.000000,0,1,107009171,1212,10,1212,10,0,6,88
14,720,50.400000,10000.000000,0,1,107009183,1212,10,1212,10,0,6,88
14,720,50.400000,10000.000000,0,1,107009198,1212,10,1212,10,0,6,88
14,720,50.400000,10000.000000,0,1,107009212,1213,10,1213,10,0,6,88
14,720,50.400000,10000.000000,0,1,107009226,1215,9,1215,9,0,6,88
14,720,50.400000,10000.000000,0,1,107009239,1219,9,1219,9,0,6,88
14,720,50.400000,10000.000000,0,1,107009252,1225,9,1225,9,0,6,88
14,720,50.400000,10000.000000,0,1,107009263,1235,9,1235,9,0,6,88
14,720,50.400000,10000.000000,0,1,107009276,1249,9,1249,9,0,6,88
14,720,50.400000,10000.000000,0,1,107009293,1264,9,1264,9,0,6,88
14,720,50.400000,10000.000000,0,1,107009306,1284,9,1284,9,0,6,88
14,720,50.400000,10000.000000,0,1,107009318,1296,9,1296,9,0,6,88
14,720,50.400000,10000.000000,0,1,107009331,1303,9,1303,9,0,6,88
14,720,50.400000,10000.000000,0,1,107009343,1306,9,1306,9,0,6,88
14,720,50.400000,10000.000000,0,1,107009354,1309,9,1309,9,0,6,88
14,720,50.400000,10000.000000,0,1,107009366,1309,9,1309,9,0,6,88
14,720,50.400000,10000.000000,0,1,107009377,1309,9,1309,9,0,6,88
14,720,50.400000,10000.000000,0,1,107009388,1309,9,1309,9,0,6,88
14,720,50.400000,10000.000000,0,1,107009400,1309,9,1309,9,0,6,88
14,720,50.400000,10000.000000,0,1,107009412,1309,9,1309,9,0,6,88
14,720,50.400000,10000.000000,0,1,107009423,1309,9,1309,9,0,6,88
14,720,50.400000,10000.000000,0,1,107009433,1309,9,1309,9,0,6,88
14,720,50.400000,10000.000000,0,1,107009445,1309,9,1309,9,0,6,88
14,720,50.400000,10000.000000,0,1,107009457,1309,9,1309,9,0,6,88
14,720,50.400000,10000.000000,0,1,107009468,1309,9,1309,9,0,6,88
14,720,50.400000,10000.000000,0,1,107009479,1309,9,1309,9,0,6,88
14,720,50.400000,10000.000000,0,1,107009490,1309,9,1309,9,0,6,88
14,720,50.400000,10000.000000,0,1,107009501,1309,9,1309,9,0,6,88
14,720,50.400000,10000.000000,0,1,107009511,1309,9,1309,9,0,6,88
14,720,50.400000,10000.000000,0,1,107009522,1309,9,1309,9,0,6,88
14,720,50.400000,10000.000000,0,1,107009533,1309,9,1309,9,0,6,88
14,720,50.400000,10000.000000,0,1,107009544,1309,9,1309,9,0,6,88
14,720,50.400000,10000.000000,0,1,107009555,1309,9,1309,9,0,6,88
14,720,50.400000,10000.000000,0,1,107009565,1309,9,1309,9,0,6,88
14,720,50.400000,10000.000000,0,1,107009577,1309,9,1309,9,0,6,88
14,720,50.400000,10000.000000,0,1,107009587,1309,9,1309,9,0,6,88
14,720,50.400000,10000.000000,0,1,107009598,1309,9,1309,9,0,6,88
14,720,50.400000,10000.000000,0,1,107009608,1309,9,1309,9,0,6,88
