14,720,82.800000,0.000000,0,0,107151973,600,0,600,0,0,7,61
14,720,82.800000,0.000000,0,0,107151974,600,0,600,0,0,7,61
14,720,82.800000,0.000000,0,0,107151984,602,1,602,1,0,7,61
14,720,82.800000,0.000000,0,0,107151995,604,1,604,1,0,7,61
14,720,82.800000,0.000000,0,0,107152005,605,1,605,1,0,7,61
14,720,82.800000,0.000000,0,0,107152015,605,1,605,1,0,7,61
14,720,82.800000,0.000000,0,0,107152026,606,1,606,1,0,7,61
14,720,82.800000,0.000000,0,0,107152038,608,2,608,2,0,7,61
14,720,82.800000,0.000000,0,0,107152048,611,2,611,2,0,7,61
14,720,82.800000,0.000000,0,0,107152059,616,2,616,2,0,7,61
14,720,82.800000,0.000000,0,0,107152070,626,2,626,2,0,7,61
14,720,82.800000,0.000000,0,0,107152082,646,3,646,3,0,7,61
14,720,82.800000,0.000000,0,0,107152093,673,4,673,4,0,7,61
14,720,82.800000,0.000000,0,0,107152103,709,4,709,4,0,7,61
14,720,82.800000,0.000000,0,0,107152114,759,4,759,4,0,7,61
14,720,82.800000,0.000000,0,0,107152124,813,4,813,4,0,7,61
14,720,82.800000,0.000000,0,0,107152145,869,5,869,5,0,7,61
14,720,82.800000,0.000000,0,0,107152157,972,5,972,5,0,7,61
14,720,82.800000,0.000000,0,0,107152168,1029,5,1029,5,0,7,61
14,720,82.800000,0.000000,0,0,107152178,1079,5,1079,5,0,7,61
14,720,82.800000,0.000000,0,0,107152189,1118,4,1118,4,0,7,61
14,720,82.800000,0.000000,0,0,107152200,1158,3,1158,3,0,7,61
14,720,82.800000,0.000000,0,0,107152211,1197,2,1197,2,0,7,61
14,720,82.800000,0.000000,0,0,107152222,1228,1,1228,1,0,7,61
14,720,82.800000,0.000000,0,0,107152233,1257,0,1257,0,0,7,61
14,720,82.800000,0.000000,0,0,107152243,1284,0,1284,0,0,7,61
14,720,82.800000,0.000000,0,0,107152253,1309,0,1309,0,0,7,61
14,720,82.800000,0.000000,0,0,107152264,1327,0,1327,0,0,7,61
14,720,82.800000,0.000000,0,0,107152275,1346,0,1346,0,0,7,61
14,720,82.800000,0.000000,0,0,107152287,1366,0,1366,0,0,7,61
14,720,82.800000,0.000000,0,0,107152298,1384,0,1384,0,0,7,61
14,720,82.800000,0.000000,0,0,107152308,1403,0,1403,0,0,7,61
14,720,82.800000,0.000000,0,0,107152322,1416,0,1416,0,0,7,61
14,720,82.800000,0.000000,0,0,107152332,1423,0,1423,0,0,7,61
14,720,82.800000,0.000000,0,0,107152343,1424,0,1424,0,0,7,61
14,720,82.800000,0.000000,0,0,107152354,1424,0,1424,0,0,7,61
14,720,82.800000,0.000000,0,0,107152365,1424,0,1424,0,0,7,61
14,720,82.800000,0.000000,0,0,107152375,1424,0,1424,0,0,7,61
14,720,82.800000,0.000000,0,0,107152386,1423,0,1423,0,0,7,61
14,720,82.800000,0.000000,0,0,107152396,1422,0,1422,0,0,7,61
14,720,82.800000,0.000000,0,0,107152407,1421,0,1421,0,0,7,61
14,720,82.800000,0.000000,0,0,107152418,1420,0,1420,0,0,7,61
14,720,82.800000,0.000000,0,0,107152428,1420,0,1420,0,0,7,61
14,720,82.800000,0.000000,0,0,107152439,1420,0,1420,0,0,7,61
14,720,82.800000,0.000000,0,0,107152449,1420,0,1420,0,0,7,61
14,720,82.800000,0.000000,0,0,107152459,1419,0,1419,0,0,7,61
14,720,82.800000,0.000000,0,0,107152470,1417,0,1417,0,0,7,61
14,720,82.800000,0.000000,0,0,107152481,1413,0,1413,0,0,7,61
14,720,82.800000,0.000000,0,0,107152493,1409,0,1409,0,0,7,61
14,720,82.800000,0.000000,0,0,107152503,1402,0,1402,0,0,7,61
14,720,82.800000,0.000000,0,0,107152514,1395,0,1395,0,0,7,61
14,720,82.800000,0.000000,0,0,107152527,1387,0,1387,0,0,7,61
14,720,82.800000,0.000000,0,0,107152538,1379,0,1379,0,0,7,61
14,720,82.800000,0.000000,0,0,107152548,1373,0,1373,0,0,7,61
14,720,82.800000,0.000000,0,0,107152558,1370,1,1370,1,0,7,61
14,720,82.800000,0.000000,0,0,107152569,1368,1,1368,1,0,7,61
14,720,82.800000,0.000000,0,0,107152580,1367,1,1367,1,0,7,61
14,720,82.800000,0.000000,0,0,107152590,1366,1,1366,1,0,7,61
14,720,82.800000,0.000000,0,0,107152601,1366,1,1366,1,0,7,61
14,720,82.800000,0.000000,0,0,107152611,1366,1,1366,1,0,7,61
14,720,82.800000,0.000000,0,0,107152621,1364,1,1364,1,0,7,61
14,720,82.800000,0.000000,0,0,107152632,1361,1,1361,1,0,7,61
14,720,82.800000,0.000000,0,0,107152643,1356,1,1356,1,0,7,61
14,720,82.800000,0.000000,0,0,107152654,1351,1,1351,1,0,7,61
14,720,82.800000,0.000000,0,0,107152665,1346,1,1346,1,0,7,61
14,720,82.800000,0.000000,0,0,107152676,1342,1,1342,1,0,7,61
14,720,82.800000,0.000000,0,0,107152687,1339,1,1339,1,0,7,61
14,720,82.800000,0.000000,0,0,107152697,1336,1,1336,1,0,7,61
14,720,82.800000,0.000000,0,0,107152708,1336,1,1336,1,0,7,61
14,720,82.800000,0.000000,0,0,107152718,1336,1,1336,1,0,7,61
14,720,82.800000,0.000000,0,0,107152728,1336,1,1336,1,0,7,61
14,720,82.800000,0.000000,0,0,107152739,1336,1,1336,1,0,7,61
