14,720,82.800000,10000.000000,1,1,107081379,600,22,600,22,0,7,15
14,720,82.800000,10000.000000,1,1,107081380,600,22,600,22,0,7,15
14,720,82.800000,10000.000000,1,1,107081391,600,22,600,22,0,7,15
14,720,82.800000,10000.000000,1,1,107081402,600,22,600,22,0,7,15
14,720,82.800000,10000.000000,1,1,107081412,600,22,600,22,0,7,15
14,720,82.800000,10000.000000,1,1,107081423,600,22,600,22,0,7,15
14,720,82.800000,10000.000000,1,1,107081434,600,22,600,22,0,7,15
14,720,82.800000,10000.000000,1,1,107081445,600,22,600,22,0,7,15
14,720,82.800000,10000.000000,1,1,107081456,600,22,600,22,0,7,15
14,720,82.800000,10000.000000,1,1,107081466,600,22,600,22,0,7,15
14,720,82.800000,10000.000000,1,1,107081476,600,22,600,22,0,7,15
14,720,82.800000,10000.000000,1,1,107081487,600,22,600,22,0,7,15
14,720,82.800000,10000.000000,1,1,107081497,600,22,600,22,0,7,15
14,720,82.800000,10000.000000,1,1,107081508,602,22,602,22,0,7,15
14,720,82.800000,10000.000000,1,1,107081519,607,23,607,23,0,7,15
14,720,82.800000,10000.000000,1,1,107081530,613,23,613,23,0,7,15
14,720,82.800000,10000.000000,1,1,107081541,622,23,622,23,0,7,15
14,720,82.800000,10000.000000,1,1,107081554,633,23,633,23,0,7,15
14,720,82.800000,10000.000000,1,1,107081566,651,23,651,23,0,7,15
14,720,82.800000,10000.000000,1,1,107081577,675,23,675,23,0,7,15
14,720,82.800000,10000.000000,1,1,107081588,700,23,700,23,0,7,15
14,720,82.800000,10000.000000,1,1,107081599,728,23,728,23,0,7,15
14,720,82.800000,10000.000000,1,1,107081610,764,20,764,20,0,7,15
14,720,82.800000,10000.000000,1,1,107081621,803,19,803,19,0,7,15
14,720,82.800000,10000.000000,1,1,107081631,837,17,837,17,0,7,15
14,720,82.800000,10000.000000,1,1,107081643,873,15,873,15,0,7,15
14,720,82.800000,10000.000000,1,1,107081653,912,14,912,14,0,7,15
14,720,82.800000,10000.000000,1,1,107081664,941,13,941,13,0,7,15
14,720,82.800000,10000.000000,1,1,107081675,967,12,967,12,0,7,15
14,720,82.800000,10000.000000,1,1,107081685,994,11,994,11,0,7,15
14,720,82.800000,10000.000000,1,1,107081696,1015,10,1015,10,0,7,15
14,720,82.800000,10000.000000,1,1,107081707,1038,9,1038,9,0,7,15
14,720,82.800000,10000.000000,1,1,107081718,1057,9,1057,9,0,7,15
14,720,82.800000,10000.000000,1,1,107081730,1077,8,1077,8,0,7,15
14,720,82.800000,10000.000000,1,1,107081741,1096,8,1096,8,0,7,15
14,720,82.800000,10000.000000,1,1,107081751,1114,7,1114,7,0,7,15
14,720,82.800000,10000.000000,1,1,107081763,1130,6,1130,6,0,7,15
14,720,82.800000,10000.000000,1,1,107081774,1141,6,1141,6,0,7,15
14,720,82.800000,10000.000000,1,1,107081786,1149,6,1149,6,0,7,15
14,720,82.800000,10000.000000,1,1,107081797,1155,5,1155,5,0,7,15
14,720,82.800000,10000.000000,1,1,107081808,1159,5,1159,5,0,7,15
14,720,82.800000,10000.000000,1,1,107081819,1163,5,1163,5,0,7,15
14,720,82.800000,10000.000000,1,1,107081830,1166,5,1166,5,0,7,15
14,720,82.800000,10000.000000,1,1,107081841,1169,5,1169,5,0,7,15
14,720,82.800000,10000.000000,1,1,107081852,1173,5,1173,5,0,7,15
14,720,82.800000,10000.000000,1,1,107081863,1177,4,1177,4,0,7,15
14,720,82.800000,10000.000000,1,1,107081874,1181,4,1181,4,0,7,15
14,720,82.800000,10000.000000,1,1,107081885,1187,4,1187,4,0,7,15
14,720,82.800000,10000.000000,1,1,107081896,1194,4,1194,4,0,7,15
14,720,82.800000,10000.000000,1,1,107081907,1203,4,1203,4,0,7,15
14,720,82.800000,10000.000000,1,1,107081917,1214,4,1214,4,0,7,15
14,720,82.800000,10000.000000,1,1,107081928,1226,3,1226,3,0,7,15
14,720,82.800000,10000.000000,1,1,107081938,1236,3,1236,3,0,7,15
14,720,82.800000,10000.000000,1,1,107081949,1246,3,1246,3,0,7,15
14,720,82.800000,10000.000000,1,1,107081960,1252,3,1252,3,0,7,15
14,720,82.800000,10000.000000,1,1,107081970,1254,3,1254,3,0,7,15
14,720,82.800000,10000.000000,1,1,107081981,1254,3,1254,3,0,7,15
14,720,82.800000,10000.000000,1,1,107081992,1254,3,1254,3,0,7,15
14,720,82.800000,10000.000000,1,1,107082003,1254,3,1254,3,0,7,15
14,720,82.800000,10000.000000,1,1,107082013,1254,3,1254,3,0,7,15
14,720,82.800000,10000.000000,1,1,107082024,1255,3,1255,3,0,7,15
14,720,82.800000,10000.000000,1,1,107082035,1257,3,1257,3,0,7,15
14,720,82.800000,10000.000000,1,1,107082046,1259,3,1259,3,0,7,15
14,720,82.800000,10000.000000,1,1,107082056,1262,3,1262,3,0,7,15
14,720,82.800000,10000.000000,1,1,107082066,1262,3,1262,3,0,7,15
14,720,82.800000,10000.000000,1,1,107082077,1263,3,1263,3,0,7,15
14,720,82.800000,10000.000000,1,1,107082088,1263,3,1263,3,0,7,15
14,720,82.800000,10000.000000,1,1,107082098,1263,3,1263,3,0,7,15
14,720,82.800000,10000.000000,1,1,107082111,1264,3,1264,3,0,7,15
14,720,82.800000,10000.000000,1,1,107082122,1267,3,1267,3,0,7,15
14,720,82.800000,10000.000000,1,1,107082132,1270,3,1270,3,0,7,15
14,720,82.800000,10000.000000,1,1,107082143,1274,3,1274,3,0,7,15
14,720,82.800000,10000.000000,1,1,107082153,1276,3,1276,3,1,7,15
