14,360,21.600000,12.276000,0,0,107225568,780,0,780,0,0,7,109
14,360,21.600000,12.276000,0,0,107225568,780,0,780,0,0,7,109
14,360,21.600000,12.276000,0,0,107225579,780,0,780,0,0,7,109
14,360,21.600000,12.276000,0,0,107225590,780,0,780,0,0,7,109
14,360,21.600000,12.276000,0,0,107225601,780,0,780,0,0,7,109
14,360,21.600000,12.276000,0,0,107225612,780,0,780,0,0,7,109
14,360,21.600000,12.276000,0,0,107225622,780,0,780,0,0,7,109
14,360,21.600000,12.276000,0,0,107225633,780,0,780,0,0,7,109
14,360,21.600000,12.276000,0,0,107225643,780,0,780,0,0,7,109
14,360,21.600000,12.276000,0,0,107225653,780,0,780,0,0,7,109
14,360,21.600000,12.276000,0,0,107225666,780,0,780,0,0,7,109
14,360,21.600000,12.276000,0,0,107225677,780,0,780,0,0,7,109
14,360,21.600000,12.276000,0,0,107225688,782,0,782,0,0,7,109
14,360,21.600000,12.276000,0,0,107225699,787,0,787,0,0,7,109
14,360,21.600000,12.276000,0,0,107225718,794,0,794,0,0,7,109
14,360,21.600000,12.276000,0,0,107225728,821,0,821,0,0,7,109
14,360,21.600000,12.276000,0,0,107225740,842,0,842,0,0,7,109
14,360,21.600000,12.276000,0,0,107225751,871,0,871,0,0,7,109
14,360,21.600000,12.276000,0,0,107225762,902,1,902,1,0,7,109
14,360,21.600000,12.276000,0,0,107225772,933,1,933,1,0,7,109
14,360,21.600000,12.276000,0,0,107225782,968,1,968,1,0,7,109
14,360,21.600000,12.276000,0,0,107225793,1007,1,1007,1,0,7,109
14,360,21.600000,12.276000,0,0,107225812,1038,1,1038,1,0,7,109
14,360,21.600000,12.276000,0,0,107225822,1095,1,1095,1,0,7,109
14,360,21.600000,12.276000,0,0,107225833,1118,1,1118,1,0,7,109
14,360,21.600000,12.276000,0,0,107225843,1136,0,1136,0,0,7,109
14,360,21.600000,12.276000,0,0,107225854,1150,0,1150,0,0,7,109
14,360,21.600000,12.276000,0,0,107225866,1162,0,1162,0,0,7,109
14,360,21.600000,12.276000,0,0,107225876,1167,0,1167,0,0,7,109
14,360,21.600000,12.276000,0,0,107225886,1169,0,1169,0,0,7,109
14,360,21.600000,12.276000,0,0,107225897,1169,0,1169,0,0,7,109
14,360,21.600000,12.276000,0,0,107225907,1169,0,1169,0,0,7,109
14,360,21.600000,12.276000,0,0,107225918,1169,0,1169,0,0,7,109
14,360,21.600000,12.276000,0,0,107225929,1169,0,1169,0,0,7,109
14,360,21.600000,12.276000,0,0,107225940,1169,0,1169,0,0,7,109
14,360,21.600000,12.276000,0,0,107225951,1169,0,1169,0,0,7,109
14,360,21.600000,12.276000,0,0,107225961,1169,0,1169,0,0,7,109
14,360,21.600000,12.276000,0,0,107225971,1169,0,1169,0,0,7,109
14,360,21.600000,12.276000,0,0,107225982,1169,0,1169,0,0,7,109
14,360,21.600000,12.276000,0,0,107225992,1169,0,1169,0,0,7,109
14,360,21.600000,12.276000,0,0,107226003,1169,0,1169,0,0,7,109
14,360,21.600000,12.276000,0,0,107226013,1169,0,1169,0,0,7,109
14,360,21.600000,12.276000,0,0,107226024,1168,0,1168,0,0,7,109
14,360,21.600000,12.276000,0,0,107226034,1167,0,1167,0,0,7,109
14,360,21.600000,12.276000,0,0,107226044,1165,0,1165,0,0,7,109
14,360,21.600000,12.276000,0,0,107226055,1162,0,1162,0,0,7,109
14,360,21.600000,12.276000,0,0,107226066,1158,0,1158,0,0,7,109
14,360,21.600000,12.276000,0,0,107226077,1154,0,1154,0,0,7,109
14,360,21.600000,12.276000,0,0,107226087,1151,0,1151,0,0,7,109
14,360,21.600000,12.276000,0,0,107226097,1148,0,1148,0,0,7,109
14,360,21.600000,12.276000,0,0,107226107,1147,1,1147,1,0,7,109
14,360,21.600000,12.276000,0,0,107226117,1145,1,1145,1,0,7,109
14,360,21.600000,12.276000,0,0,107226128,1143,1,1143,1,0,7,109
14,360,21.600000,12.276000,0,0,107226138,1142,1,1142,1,0,7,109
14,360,21.600000,12.276000,0,0,107226148,1141,1,1141,1,0,7,109
14,360,21.600000,12.276000,0,0,107226158,1141,1,1141,1,0,7,109
14,360,21.600000,12.276000,0,0,107226168,1141,1,1141,1,0,7,109
14,360,21.600000,12.276000,0,0,107226179,1140,1,1140,1,0,7,109
14,360,21.600000,12.276000,0,0,107226189,1139,1,1139,1,0,7,109
14,360,21.600000,12.276000,0,0,107226199,1138,1,1138,1,0,7,109
14,360,21.600000,12.276000,0,0,107226209,1138,1,1138,1,0,7,109
14,360,21.600000,12.276000,0,0,107226220,1138,1,1138,1,0,7,109
14,360,21.600000,12.276000,0,0,107226230,1138,1,1138,1,0,7,109
14,360,21.600000,12.276000,0,0,107226240,1138,1,1138,1,0,7,109
14,360,21.600000,12.276000,0,0,107226250,1138,1,1138,1,0,7,109
14,360,21.600000,12.276000,0,0,107226260,1138,1,1138,1,0,7,109
14,360,21.600000,12.276000,0,0,107226270,1138,1,1138,1,0,7,109
14,360,21.600000,12.276000,0,0,107226281,1138,1,1138,1,0,7,109
14,360,21.600000,12.276000,0,0,107226290,1138,1,1138,1,0,7,109
