14,720,50.400000,12.276000,0,1,107401606,600,22,600,22,0,8,109
14,720,50.400000,12.276000,0,1,107401607,600,22,600,22,0,8,109
14,720,50.400000,12.276000,0,1,107401618,600,22,600,22,0,8,109
14,720,50.400000,12.276000,0,1,107401628,600,22,600,22,0,8,109
14,720,50.400000,12.276000,0,1,107401639,600,22,600,22,0,8,109
14,720,50.400000,12.276000,0,1,107401649,600,22,600,22,0,8,109
14,720,50.400000,12.276000,0,1,107401660,600,22,600,22,0,8,109
14,720,50.400000,12.276000,0,1,107401670,600,22,600,22,0,8,109
14,720,50.400000,12.276000,0,1,107401682,600,22,600,22,0,8,109
14,720,50.400000,12.276000,0,1,107401693,604,22,604,22,0,8,109
14,720,50.400000,12.276000,0,1,107401704,611,21,611,21,0,8,109
14,720,50.400000,12.276000,0,1,107401716,621,21,621,21,0,8,109
14,720,50.400000,12.276000,0,1,107401727,638,19,638,19,0,8,109
14,720,50.400000,12.276000,0,1,107401737,660,17,660,17,0,8,109
14,720,50.400000,12.276000,0,1,107401748,686,15,686,15,0,8,109
14,720,50.400000,12.276000,0,1,107401758,718,13,718,13,0,8,109
14,720,50.400000,12.276000,0,1,107401769,754,9,754,9,0,8,109
14,720,50.400000,12.276000,0,1,107401781,795,7,795,7,0,8,109
14,720,50.400000,12.276000,0,1,107401791,834,6,834,6,0,8,109
14,720,50.400000,12.276000,0,1,107401802,880,4,880,4,0,8,109
14,720,50.400000,12.276000,0,1,107401813,928,3,928,3,0,8,109
14,720,50.400000,12.276000,0,1,107401824,973,2,973,2,0,8,109
14,720,50.400000,12.276000,0,1,107401835,1005,0,1005,0,0,8,109
14,720,50.400000,12.276000,0,1,107401845,1042,0,1042,-1,0,8,109
14,720,50.400000,12.276000,0,1,107401857,1074,0,1074,-1,0,8,109
14,720,50.400000,12.276000,0,1,107401869,1102,0,1102,-2,0,8,109
14,720,50.400000,12.276000,0,1,107401880,1130,0,1130,-3,0,8,109
14,720,50.400000,12.276000,0,1,107401891,1155,0,1155,-3,0,8,109
14,720,50.400000,12.276000,0,1,107401902,1174,0,1174,-3,0,8,109
14,720,50.400000,12.276000,0,1,107401913,1190,0,1190,-3,0,8,109
14,720,50.400000,12.276000,0,1,107401924,1203,0,1203,-3,0,8,109
14,720,50.400000,12.276000,0,1,107401935,1213,0,1213,-3,0,8,109
14,720,50.400000,12.276000,0,1,107401947,1220,0,1220,-3,0,8,109
14,720,50.400000,12.276000,0,1,107401957,1228,0,1228,-3,0,8,109
14,720,50.400000,12.276000,0,1,107401968,1234,0,1234,-3,0,8,109
14,720,50.400000,12.276000,0,1,107401979,1241,0,1241,-3,0,8,109
14,720,50.400000,12.276000,0,1,107401990,1249,0,1249,-3,0,8,109
14,720,50.400000,12.276000,0,1,107402001,1255,0,1255,-3,0,8,109
14,720,50.400000,12.276000,0,1,107402012,1259,0,1259,-3,0,8,109
14,720,50.400000,12.276000,0,1,107402023,1262,0,1262,-3,0,8,109
14,720,50.400000,12.276000,0,1,107402033,1263,0,1263,-3,0,8,109
14,720,50.400000,12.276000,0,1,107402044,1265,0,1265,-3,0,8,109
14,720,50.400000,12.276000,0,1,107402054,1266,0,1266,-3,0,8,109
14,720,50.400000,12.276000,0,1,107402065,1266,0,1266,-3,0,8,109
14,720,50.400000,12.276000,0,1,107402075,1266,0,1266,-3,0,8,109
14,720,50.400000,12.276000,0,1,107402086,1266,0,1266,-3,0,8,109
14,720,50.400000,12.276000,0,1,107402096,1266,0,1266,-3,0,8,109
14,720,50.400000,12.276000,0,1,107402107,1266,0,1266,-3,0,8,109
14,720,50.400000,12.276000,0,1,107402118,1266,0,1266,-3,0,8,109
14,720,50.400000,12.276000,0,1,107402129,1266,0,1266,-3,0,8,109
14,720,50.400000,12.276000,0,1,107402140,1266,0,1266,-3,0,8,109
14,720,50.400000,12.276000,0,1,107402150,1266,0,1266,-3,0,8,109
14,720,50.400000,12.276000,0,1,107402161,1266,0,1266,-3,0,8,109
14,720,50.400000,12.276000,0,1,107402171,1266,0,1266,-3,0,8,109
14,720,50.400000,12.276000,0,1,107402182,1266,0,1266,-3,0,8,109
14,720,50.400000,12.276000,0,1,107402192,1266,0,1266,-3,0,8,109
14,720,50.400000,12.276000,0,1,107402203,1266,0,1266,-3,0,8,109
14,720,50.400000,12.276000,0,1,107402213,1266,0,1266,-3,0,8,109
14,720,50.400000,12.276000,0,1,107402223,1266,0,1266,-3,0,8,109
14,720,50.400000,12.276000,0,1,107402233,1266,0,1266,-3,0,8,109
14,720,50.400000,12.276000,0,1,107402244,1266,0,1266,-3,0,8,109
14,720,50.400000,12.276000,0,1,107402255,1266,0,1266,-3,0,8,109
14,720,50.400000,12.276000,0,1,107402266,1266,0,1266,-3,0,8,109
14,720,50.400000,12.276000,0,1,107402275,1266,0,1266,-3,0,8,109
14,720,50.400000,12.276000,0,1,107402286,1266,0,1266,-3,0,8,109
14,720,50.400000,12.276000,0,1,107402296,1266,0,1266,-3,0,8,109
14,720,50.400000,12.276000,0,1,107402306,1266,0,1266,-3,0,8,109
14,720,50.400000,12.276000,0,1,107402317,1268,0,1268,-3,0,8,109
14,720,50.400000,12.276000,0,1,107402327,1272,0,1272,-3,0,8,109
14,720,50.400000,12.276000,0,1,107402338,1277,0,1277,-3,0,8,109
14,720,50.400000,12.276000,0,1,107402349,1281,0,1281,-3,0,8,109
14,720,50.400000,12.276000,0,1,107402361,1285,1,1285,-2,0,8,109
14,720,50.400000,12.276000,0,1,107402371,1287,1,1287,-2,0,8,109
14,720,50.400000,12.276000,0,1,107402382,1289,1,1289,-2,0,8,109
14,720,50.400000,12.276000,0,1,107402392,1290,1,1290,-2,0,8,109
14,720,50.400000,12.276000,0,1,107402402,1290,1,1290,-2,0,8,109
14,720,50.400000,12.276000,0,1,107402413,1290,1,1290,-2,0,8,109
14,720,50.400000,12.276000,0,1,107402424,1290,1,1290,-2,0,8,109
14,720,50.400000,12.276000,0,1,107402434,1292,1,1292,-2,0,8,109
14,720,50.400000,12.276000,0,1,107402446,1294,1,1294,-2,0,8,109
14,720,50.400000,12.276000,0,1,107402464,1295,1,1295,-2,0,8,109
14,720,50.400000,12.276000,0,1,107402474,1296,1,1296,-2,0,8,109
14,720,50.400000,12.276000,0,1,107402485,1297,1,1297,-2,0,8,109
14,720,50.400000,12.276000,0,1,107402494,1299,1,1299,-2,0,8,109
14,720,50.400000,12.276000,0,1,107402505,1301,1,1301,-2,0,8,109
14,720,50.400000,12.276000,0,1,107402515,1303,1,1303,-2,0,8,109
14,720,50.400000,12.276000,0,1,107402525,1306,1,1306,-2,0,8,109
14,720,50.400000,12.276000,0,1,107402535,1308,1,1308,-2,0,8,109
14,720,50.400000,12.276000,0,1,107402545,1310,1,1310,-2,0,8,109
14,720,50.400000,12.276000,0,1,107402556,1311,1,1311,-2,0,8,109
14,720,50.400000,12.276000,0,1,107402566,1312,1,1312,-2,0,8,109
14,720,50.400000,12.276000,0,1,107402576,1312,1,1312,-2,0,8,109
14,720,50.400000,12.276000,0,1,107402587,1312,1,1312,-2,0,8,109
14,720,50.400000,12.276000,0,1,107402597,1312,1,1312,-2,0,8,109
14,720,50.400000,12.276000,0,1,107402607,1312,1,1312,-2,0,8,109
14,720,50.400000,12.276000,0,1,107402618,1312,1,1312,-2,0,8,109
14,720,50.400000,12.276000,0,1,107402637,1312,1,1312,-2,0,8,109
14,720,50.400000,12.276000,0,1,107402648,1312,1,1312,-2,0,8,109
14,720,50.400000,12.276000,0,1,107402659,1312,1,1312,-2,0,8,109
14,720,50.400000,12.276000,0,1,107402669,1312,1,1312,-2,0,8,109
14,720,50.400000,12.276000,0,1,107402680,1312,1,1312,-2,0,8,109
14,720,50.400000,12.276000,0,1,107402690,1312,1,1312,-2,0,8,109
14,720,50.400000,12.276000,0,1,107402701,1312,1,1312,-2,0,8,109
14,720,50.400000,12.276000,0,1,107402719,1312,1,1312,-2,0,8,109
