14,720,50.400000,22.608000,0,1,107357831,600,22,600,22,0,8,79
14,720,50.400000,22.608000,0,1,107357832,600,22,600,22,0,8,79
14,720,50.400000,22.608000,0,1,107357843,600,22,600,22,0,8,79
14,720,50.400000,22.608000,0,1,107357853,600,22,600,22,0,8,79
14,720,50.400000,22.608000,0,1,107357864,600,22,600,22,0,8,79
14,720,50.400000,22.608000,0,1,107357875,600,22,600,22,0,8,79
14,720,50.400000,22.608000,0,1,107357885,600,22,600,22,0,8,79
14,720,50.400000,22.608000,0,1,107357896,600,22,600,22,0,8,79
14,720,50.400000,22.608000,0,1,107357907,601,22,601,22,0,8,79
14,720,50.400000,22.608000,0,1,107357918,603,22,603,22,0,8,79
14,720,50.400000,22.608000,0,1,107357929,607,22,607,22,0,8,79
14,720,50.400000,22.608000,0,1,107357939,613,22,613,22,0,8,79
14,720,50.400000,22.608000,0,1,107357951,622,22,622,22,0,8,79
14,720,50.400000,22.608000,0,1,107357962,636,22,636,22,0,8,79
14,720,50.400000,22.608000,0,1,107357973,654,22,654,22,0,8,79
14,720,50.400000,22.608000,0,1,107357984,672,22,672,22,0,8,79
14,720,50.400000,22.608000,0,1,107357996,698,21,698,21,0,8,79
14,720,50.400000,22.608000,0,1,107358006,728,20,728,20,0,8,79
14,720,50.400000,22.608000,0,1,107358017,758,17,758,17,0,8,79
14,720,50.400000,22.608000,0,1,107358030,788,15,788,15,0,8,79
14,720,50.400000,22.608000,0,1,107358041,826,12,826,12,0,8,79
14,720,50.400000,22.608000,0,1,107358052,858,9,858,9,0,8,79
14,720,50.400000,22.608000,0,1,107358062,895,5,895,5,0,8,79
14,720,50.400000,22.608000,0,1,107358074,924,2,924,2,0,8,79
14,720,50.400000,22.608000,0,1,107358085,960,0,960,-2,0,8,79
14,720,50.400000,22.608000,0,1,107358095,989,0,989,-4,0,8,79
14,720,50.400000,22.608000,0,1,107358106,1019,0,1019,-5,0,8,79
14,720,50.400000,22.608000,0,1,107358117,1053,0,1053,-6,0,8,79
14,720,50.400000,22.608000,0,1,107358128,1083,0,1083,-7,0,8,79
14,720,50.400000,22.608000,0,1,107358139,1114,0,1114,-8,0,8,79
14,720,50.400000,22.608000,0,1,107358150,1143,0,1143,-9,0,8,79
14,720,50.400000,22.608000,0,1,107358161,1167,0,1167,-9,0,8,79
14,720,50.400000,22.608000,0,1,107358173,1189,0,1189,-9,0,8,79
14,720,50.400000,22.608000,0,1,107358184,1213,0,1213,-9,0,8,79
14,720,50.400000,22.608000,0,1,107358194,1232,0,1232,-9,0,8,79
14,720,50.400000,22.608000,0,1,107358204,1243,0,1243,-9,0,8,79
14,720,50.400000,22.608000,0,1,107358215,1254,0,1254,-9,0,8,79
14,720,50.400000,22.608000,0,1,107358226,1261,0,1261,-9,0,8,79
14,720,50.400000,22.608000,0,1,107358236,1266,0,1266,-9,0,8,79
14,720,50.400000,22.608000,0,1,107358247,1269,0,1269,-9,0,8,79
14,720,50.400000,22.608000,0,1,107358260,1271,0,1271,-9,0,8,79
14,720,50.400000,22.608000,0,1,107358270,1273,0,1273,-9,0,8,79
14,720,50.400000,22.608000,0,1,107358281,1275,0,1275,-9,0,8,79
14,720,50.400000,22.608000,0,1,107358292,1276,0,1276,-9,0,8,79
14,720,50.400000,22.608000,0,1,107358302,1277,0,1277,-9,0,8,79
14,720,50.400000,22.608000,0,1,107358313,1278,0,1278,-9,0,8,79
14,720,50.400000,22.608000,0,1,107358323,1280,0,1280,-9,0,8,79
14,720,50.400000,22.608000,0,1,107358334,1282,0,1282,-9,0,8,79
14,720,50.400000,22.608000,0,1,107358345,1285,0,1285,-9,0,8,79
14,720,50.400000,22.608000,0,1,107358356,1288,0,1288,-9,0,8,79
14,720,50.400000,22.608000,0,1,107358367,1291,0,1291,-9,0,8,79
14,720,50.400000,22.608000,0,1,107358377,1292,0,1292,-9,0,8,79
14,720,50.400000,22.608000,0,1,107358387,1294,0,1294,-9,0,8,79
14,720,50.400000,22.608000,0,1,107358398,1294,0,1294,-9,0,8,79
14,720,50.400000,22.608000,0,1,107358408,1294,0,1294,-9,0,8,79
14,720,50.400000,22.608000,0,1,107358419,1294,0,1294,-9,0,8,79
14,720,50.400000,22.608000,0,1,107358429,1295,0,1295,-9,0,8,79
14,720,50.400000,22.608000,0,1,107358441,1296,0,1296,-9,0,8,79
14,720,50.400000,22.608000,0,1,107358452,1300,0,1300,-9,0,8,79
14,720,50.400000,22.608000,0,1,107358462,1305,0,1305,-9,0,8,79
14,720,50.400000,22.608000,0,1,107358473,1309,0,1309,-9,0,8,79
14,720,50.400000,22.608000,0,1,107358484,1312,0,1312,-9,0,8,79
14,720,50.400000,22.608000,0,1,107358495,1312,0,1312,-9,0,8,79
14,720,50.400000,22.608000,0,1,107358505,1312,0,1312,-9,0,8,79
14,720,50.400000,22.608000,0,1,107358515,1312,0,1312,-9,0,8,79
14,720,50.400000,22.608000,0,1,107358526,1312,0,1312,-9,0,8,79
14,720,50.400000,22.608000,0,1,107358537,1312,0,1312,-9,0,8,79
14,720,50.400000,22.608000,0,1,107358548,1313,0,1313,-9,0,8,79
14,720,50.400000,22.608000,0,1,107358558,1313,0,1313,-9,0,8,79
14,720,50.400000,22.608000,0,1,107358569,1314,0,1314,-9,0,8,79
14,720,50.400000,22.608000,0,1,107358579,1315,0,1315,-9,0,8,79
14,720,50.400000,22.608000,0,1,107358589,1315,0,1315,-9,0,8,79
14,720,50.400000,22.608000,0,1,107358599,1315,0,1315,-9,0,8,79
14,720,50.400000,22.608000,0,1,107358609,1315,0,1315,-9,0,8,79
14,720,50.400000,22.608000,0,1,107358620,1315,0,1315,-9,0,8,79
14,720,50.400000,22.608000,0,1,107358629,1315,0,1315,-9,0,8,79
