14,360,21.600000,12.276000,1,0,107244832,780,0,780,0,0,8,2
14,360,21.600000,12.276000,1,0,107244833,780,0,780,0,0,8,2
14,360,21.600000,12.276000,1,0,107244844,784,0,784,0,0,8,2
14,360,21.600000,12.276000,1,0,107244865,788,0,788,0,0,8,2
14,360,21.600000,12.276000,1,0,107244876,798,1,798,1,0,8,2
14,360,21.600000,12.276000,1,0,107244896,806,1,806,1,0,8,2
14,360,21.600000,12.276000,1,0,107244908,819,1,819,1,0,8,2
14,360,21.600000,12.276000,1,0,107244928,830,1,830,1,0,8,2
14,360,21.600000,12.276000,1,0,107244939,857,2,857,2,0,8,2
14,360,21.600000,12.276000,1,0,107244949,876,2,876,2,0,8,2
14,360,21.600000,12.276000,1,0,107244960,897,3,897,3,0,8,2
14,360,21.600000,12.276000,1,0,107244970,921,3,921,3,0,8,2
14,360,21.600000,12.276000,1,0,107244992,943,3,943,3,0,8,2
14,360,21.600000,12.276000,1,0,107245002,985,3,985,3,0,8,2
14,360,21.600000,12.276000,1,0,107245013,1008,2,1008,2,0,8,2
14,360,21.600000,12.276000,1,0,107245024,1024,1,1024,1,0,8,2
14,360,21.600000,12.276000,1,0,107245035,1039,0,1039,0,0,8,2
14,360,21.600000,12.276000,1,0,107245045,1052,0,1052,-1,0,8,2
14,360,21.600000,12.276000,1,0,107245056,1060,0,1060,-1,0,8,2
14,360,21.600000,12.276000,1,0,107245067,1067,0,1067,-2,0,8,2
14,360,21.600000,12.276000,1,0,107245077,1073,0,1073,-2,0,8,2
14,360,21.600000,12.276000,1,0,107245088,1076,0,1076,-2,0,8,2
14,360,21.600000,12.276000,1,0,107245099,1079,0,1079,-3,0,8,2
14,360,21.600000,12.276000,1,0,107245109,1082,0,1082,-3,0,8,2
14,360,21.600000,12.276000,1,0,107245120,1084,0,1084,-4,0,8,2
14,360,21.600000,12.276000,1,0,107245132,1087,0,1087,-4,0,8,2
14,360,21.600000,12.276000,1,0,107245143,1091,0,1091,-4,0,8,2
14,360,21.600000,12.276000,1,0,107245154,1097,0,1097,-4,0,8,2
14,360,21.600000,12.276000,1,0,107245165,1104,0,1104,-5,0,8,2
14,360,21.600000,12.276000,1,0,107245176,1112,0,1112,-5,0,8,2
14,360,21.600000,12.276000,1,0,107245187,1119,0,1119,-5,0,8,2
14,360,21.600000,12.276000,1,0,107245197,1126,0,1126,-5,0,8,2
14,360,21.600000,12.276000,1,0,107245207,1130,0,1130,-6,0,8,2
14,360,21.600000,12.276000,1,0,107245217,1132,0,1132,-6,0,8,2
14,360,21.600000,12.276000,1,0,107245228,1134,0,1134,-6,0,8,2
14,360,21.600000,12.276000,1,0,107245238,1134,0,1134,-6,0,8,2
14,360,21.600000,12.276000,1,0,107245248,1134,0,1134,-6,0,8,2
14,360,21.600000,12.276000,1,0,107245259,1134,0,1134,-6,0,8,2
14,360,21.600000,12.276000,1,0,107245269,1134,0,1134,-6,0,8,2
14,360,21.600000,12.276000,1,0,107245281,1134,0,1134,-6,0,8,2
14,360,21.600000,12.276000,1,0,107245291,1134,0,1134,-6,0,8,2
14,360,21.600000,12.276000,1,0,107245302,1134,0,1134,-6,0,8,2
14,360,21.600000,12.276000,1,0,107245312,1134,0,1134,-6,0,8,2
14,360,21.600000,12.276000,1,0,107245322,1134,0,1134,-6,0,8,2
14,360,21.600000,12.276000,1,0,107245333,1135,0,1135,-6,0,8,2
14,360,21.600000,12.276000,1,0,107245343,1135,0,1135,-6,0,8,2
14,360,21.600000,12.276000,1,0,107245353,1135,0,1135,-6,0,8,2
14,360,21.600000,12.276000,1,0,107245364,1135,0,1135,-6,0,8,2
14,360,21.600000,12.276000,1,0,107245374,1135,0,1135,-6,0,8,2
14,360,21.600000,12.276000,1,0,107245384,1135,0,1135,-6,0,8,2
14,360,21.600000,12.276000,1,0,107245394,1135,0,1135,-6,0,8,2
14,360,21.600000,12.276000,1,0,107245405,1135,0,1135,-6,0,8,2
14,360,21.600000,12.276000,1,0,107245415,1135,0,1135,-6,0,8,2
14,360,21.600000,12.276000,1,0,107245424,1135,0,1135,-6,0,8,2
