14,720,50.400000,12.276000,1,1,107241104,600,22,600,22,0,8,0
14,720,50.400000,12.276000,1,1,107241105,600,22,600,22,0,8,0
14,720,50.400000,12.276000,1,1,107241124,602,23,602,23,0,8,0
14,720,50.400000,12.276000,1,1,107241134,605,24,605,24,0,8,0
14,720,50.400000,12.276000,1,1,107241146,607,24,607,24,0,8,0
14,720,50.400000,12.276000,1,1,107241156,610,24,610,24,0,8,0
14,720,50.400000,12.276000,1,1,107241167,613,24,613,24,0,8,0
14,720,50.400000,12.276000,1,1,107241187,616,24,616,24,0,8,0
14,720,50.400000,12.276000,1,1,107241199,624,24,624,24,0,8,0
14,720,50.400000,12.276000,1,1,107241210,632,25,632,25,0,8,0
14,720,50.400000,12.276000,1,1,107241221,643,25,643,25,0,8,0
14,720,50.400000,12.276000,1,1,107241232,657,25,657,25,0,8,0
14,720,50.400000,12.276000,1,1,107241252,679,25,679,25,0,8,0
14,720,50.400000,12.276000,1,1,107241263,731,22,731,22,0,8,0
14,720,50.400000,12.276000,1,1,107241283,765,20,765,20,0,8,0
14,720,50.400000,12.276000,1,1,107241294,829,16,829,16,0,8,0
14,720,50.400000,12.276000,1,1,107241305,862,15,862,15,0,8,0
14,720,50.400000,12.276000,1,1,107241315,891,14,891,14,0,8,0
14,720,50.400000,12.276000,1,1,107241326,918,12,918,12,0,8,0
14,720,50.400000,12.276000,1,1,107241346,942,11,942,11,0,8,0
14,720,50.400000,12.276000,1,1,107241357,981,8,981,8,0,8,0
14,720,50.400000,12.276000,1,1,107241378,998,7,998,7,0,8,0
14,720,50.400000,12.276000,1,1,107241388,1024,5,1024,5,0,8,0
14,720,50.400000,12.276000,1,1,107241399,1035,4,1035,4,0,8,0
14,720,50.400000,12.276000,1,1,107241409,1045,4,1045,4,0,8,0
14,720,50.400000,12.276000,1,1,107241419,1058,4,1058,4,0,8,0
14,720,50.400000,12.276000,1,1,107241429,1072,3,1072,3,0,8,0
14,720,50.400000,12.276000,1,1,107241441,1084,3,1084,3,0,8,0
14,720,50.400000,12.276000,1,1,107241452,1097,2,1097,2,0,8,0
14,720,50.400000,12.276000,1,1,107241462,1111,2,1111,2,0,8,0
14,720,50.400000,12.276000,1,1,107241473,1121,1,1121,1,0,8,0
14,720,50.400000,12.276000,1,1,107241485,1130,0,1130,0,0,8,0
14,720,50.400000,12.276000,1,1,107241496,1139,0,1139,0,0,8,0
14,720,50.400000,12.276000,1,1,107241506,1146,0,1146,-1,0,8,0
14,720,50.400000,12.276000,1,1,107241517,1152,0,1152,-1,0,8,0
14,720,50.400000,12.276000,1,1,107241528,1156,0,1156,-1,0,8,0
14,720,50.400000,12.276000,1,1,107241550,1160,0,1160,-1,0,8,0
14,720,50.400000,12.276000,1,1,107241561,1169,0,1169,-1,0,8,0
14,720,50.400000,12.276000,1,1,107241572,1176,0,1176,-1,0,8,0
14,720,50.400000,12.276000,1,1,107241583,1183,0,1183,-2,0,8,0
14,720,50.400000,12.276000,1,1,107241594,1190,0,1190,-2,0,8,0
14,720,50.400000,12.276000,1,1,107241605,1197,0,1197,-2,0,8,0
14,720,50.400000,12.276000,1,1,107241617,1203,0,1203,-2,0,8,0
14,720,50.400000,12.276000,1,1,107241629,1212,0,1212,-2,0,8,0
14,720,50.400000,12.276000,1,1,107241639,1220,0,1220,-2,0,8,0
14,720,50.400000,12.276000,1,1,107241649,1227,0,1227,-2,0,8,0
14,720,50.400000,12.276000,1,1,107241660,1235,0,1235,-2,0,8,0
14,720,50.400000,12.276000,1,1,107241671,1242,0,1242,-2,0,8,0
14,720,50.400000,12.276000,1,1,107241681,1249,0,1249,-2,0,8,0
14,720,50.400000,12.276000,1,1,107241692,1255,0,1255,-2,0,8,0
14,720,50.400000,12.276000,1,1,107241702,1259,0,1259,-2,0,8,0
14,720,50.400000,12.276000,1,1,107241713,1261,0,1261,-2,0,8,0
14,720,50.400000,12.276000,1,1,107241724,1262,0,1262,-2,0,8,0
14,720,50.400000,12.276000,1,1,107241733,1263,0,1263,-2,0,8,0
14,720,50.400000,12.276000,1,1,107241744,1265,0,1265,-2,0,8,0
14,720,50.400000,12.276000,1,1,107241754,1267,0,1267,-2,0,8,0
14,720,50.400000,12.276000,1,1,107241765,1269,0,1269,-2,0,8,0
14,720,50.400000,12.276000,1,1,107241775,1270,0,1270,-2,0,8,0
14,720,50.400000,12.276000,1,1,107241786,1272,0,1272,-2,0,8,0
14,720,50.400000,12.276000,1,1,107241796,1272,0,1272,-2,0,8,0
14,720,50.400000,12.276000,1,1,107241807,1272,0,1272,-2,0,8,0
14,720,50.400000,12.276000,1,1,107241817,1272,0,1272,-2,0,8,0
14,720,50.400000,12.276000,1,1,107241828,1272,0,1272,-2,0,8,0
14,720,50.400000,12.276000,1,1,107241847,1272,0,1272,-2,0,8,0
14,720,50.400000,12.276000,1,1,107241859,1273,0,1273,-2,0,8,0
14,720,50.400000,12.276000,1,1,107241870,1276,0,1276,-2,0,8,0
14,720,50.400000,12.276000,1,1,107241880,1280,0,1280,-2,0,8,0
14,720,50.400000,12.276000,1,1,107241890,1285,0,1285,-2,0,8,0
14,720,50.400000,12.276000,1,1,107241901,1289,0,1289,-2,0,8,0
14,720,50.400000,12.276000,1,1,107241912,1293,1,1293,-1,0,8,0
14,720,50.400000,12.276000,1,1,107241923,1297,1,1297,-1,0,8,0
14,720,50.400000,12.276000,1,1,107241934,1301,1,1301,-1,0,8,0
14,720,50.400000,12.276000,1,1,107241945,1304,1,1304,-1,0,8,0
14,720,50.400000,12.276000,1,1,107241956,1305,1,1305,-1,0,8,0
14,720,50.400000,12.276000,1,1,107241967,1306,1,1306,-1,0,8,0
14,720,50.400000,12.276000,1,1,107241977,1306,1,1306,-1,0,8,0
14,720,50.400000,12.276000,1,1,107241987,1306,1,1306,-1,0,8,0
14,720,50.400000,12.276000,1,1,107241998,1306,1,1306,-1,0,8,0
14,720,50.400000,12.276000,1,1,107242008,1306,1,1306,-1,0,8,0
14,720,50.400000,12.276000,1,1,107242018,1306,1,1306,-1,0,8,0
14,720,50.400000,12.276000,1,1,107242029,1306,1,1306,-1,0,8,0
14,720,50.400000,12.276000,1,1,107242039,1306,1,1306,-1,0,8,0
14,720,50.400000,12.276000,1,1,107242050,1306,1,1306,-1,0,8,0
14,720,50.400000,12.276000,1,1,107242060,1306,1,1306,-1,0,8,0
14,720,50.400000,12.276000,1,1,107242070,1306,1,1306,-1,0,8,0
14,720,50.400000,12.276000,1,1,107242081,1306,1,1306,-1,0,8,0
14,720,50.400000,12.276000,1,1,107242091,1306,1,1306,-1,0,8,0
14,720,50.400000,12.276000,1,1,107242110,1306,1,1306,-1,0,8,0
14,720,50.400000,12.276000,1,1,107242121,1306,1,1306,-1,0,8,0
14,720,50.400000,12.276000,1,1,107242132,1306,1,1306,-1,0,8,0
14,720,50.400000,12.276000,1,1,107242143,1306,1,1306,-1,0,8,0
14,720,50.400000,12.276000,1,1,107242153,1306,1,1306,-1,0,8,0
14,720,50.400000,12.276000,1,1,107242171,1306,1,1306,-1,0,8,0
14,720,50.400000,12.276000,1,1,107242181,1306,1,1306,-1,0,8,0
14,720,50.400000,12.276000,1,1,107242191,1306,1,1306,-1,0,8,0
14,720,50.400000,12.276000,1,1,107242200,1306,1,1306,-1,0,8,0
