14,360,82.800000,22.608000,1,0,107394351,780,0,780,0,0,8,104
14,360,82.800000,22.608000,1,0,107394352,780,0,780,0,0,8,104
14,360,82.800000,22.608000,1,0,107394363,780,0,780,0,0,8,104
14,360,82.800000,22.608000,1,0,107394373,780,0,780,0,0,8,104
14,360,82.800000,22.608000,1,0,107394384,780,0,780,0,0,8,104
14,360,82.800000,22.608000,1,0,107394395,780,0,780,0,0,8,104
14,360,82.800000,22.608000,1,0,107394405,780,0,780,0,0,8,104
14,360,82.800000,22.608000,1,0,107394416,783,0,783,0,0,8,104
14,360,82.800000,22.608000,1,0,107394427,789,0,789,0,0,8,104
14,360,82.800000,22.608000,1,0,107394438,798,0,798,-1,0,8,104
14,360,82.800000,22.608000,1,0,107394449,812,0,812,-2,0,8,104
14,360,82.800000,22.608000,1,0,107394460,831,0,831,-4,0,8,104
14,360,82.800000,22.608000,1,0,107394470,858,0,858,-7,0,8,104
14,360,82.800000,22.608000,1,0,107394481,886,0,886,-8,0,8,104
14,360,82.800000,22.608000,1,0,107394492,919,0,919,-10,0,8,104
14,360,82.800000,22.608000,1,0,107394503,951,0,951,-11,0,8,104
14,360,82.800000,22.608000,1,0,107394514,976,0,976,-11,0,8,104
14,360,82.800000,22.608000,1,0,107394525,1002,0,1002,-11,0,8,104
14,360,82.800000,22.608000,1,0,107394535,1027,0,1027,-12,0,8,104
14,360,82.800000,22.608000,1,0,107394546,1046,0,1046,-12,0,8,104
14,360,82.800000,22.608000,1,0,107394559,1062,0,1062,-12,0,8,104
14,360,82.800000,22.608000,1,0,107394571,1077,0,1077,-13,0,8,104
14,360,82.800000,22.608000,1,0,107394582,1091,0,1091,-13,0,8,104
14,360,82.800000,22.608000,1,0,107394592,1101,0,1101,-14,0,8,104
14,360,82.800000,22.608000,1,0,107394604,1112,0,1112,-14,0,8,104
14,360,82.800000,22.608000,1,0,107394615,1122,0,1122,-14,0,8,104
14,360,82.800000,22.608000,1,0,107394625,1130,0,1130,-14,0,8,104
14,360,82.800000,22.608000,1,0,107394636,1138,0,1138,-14,0,8,104
14,360,82.800000,22.608000,1,0,107394647,1146,0,1146,-14,0,8,104
14,360,82.800000,22.608000,1,0,107394660,1153,0,1153,-14,0,8,104
14,360,82.800000,22.608000,1,0,107394671,1159,0,1159,-14,0,8,104
14,360,82.800000,22.608000,1,0,107394682,1163,0,1163,-14,0,8,104
14,360,82.800000,22.608000,1,0,107394693,1166,0,1166,-14,0,8,104
14,360,82.800000,22.608000,1,0,107394704,1170,1,1170,-13,0,8,104
14,360,82.800000,22.608000,1,0,107394715,1173,2,1173,-12,0,8,104
14,360,82.800000,22.608000,1,0,107394725,1174,2,1174,-12,0,8,104
14,360,82.800000,22.608000,1,0,107394735,1175,2,1175,-12,0,8,104
14,360,82.800000,22.608000,1,0,107394746,1175,2,1175,-12,0,8,104
14,360,82.800000,22.608000,1,0,107394757,1175,2,1175,-12,0,8,104
14,360,82.800000,22.608000,1,0,107394768,1175,2,1175,-12,0,8,104
14,360,82.800000,22.608000,1,0,107394778,1175,2,1175,-12,0,8,104
14,360,82.800000,22.608000,1,0,107394788,1175,2,1175,-12,0,8,104
