14,720,82.800000,0.000000,1,0,107280293,600,0,600,0,0,8,28
14,720,82.800000,0.000000,1,0,107280294,600,0,600,0,0,8,28
14,720,82.800000,0.000000,1,0,107280305,606,0,606,0,0,8,28
14,720,82.800000,0.000000,1,0,107280325,609,0,609,0,0,8,28
14,720,82.800000,0.000000,1,0,107280335,614,1,614,1,0,8,28
14,720,82.800000,0.000000,1,0,107280347,617,1,617,1,0,8,28
14,720,82.800000,0.000000,1,0,107280358,621,1,621,1,0,8,28
14,720,82.800000,0.000000,1,0,107280371,627,1,627,1,0,8,28
14,720,82.800000,0.000000,1,0,107280382,640,1,640,1,0,8,28
14,720,82.800000,0.000000,1,0,107280401,656,1,656,1,0,8,28
14,720,82.800000,0.000000,1,0,107280411,702,1,702,1,0,8,28
14,720,82.800000,0.000000,1,0,107280422,735,0,735,-1,0,8,28
14,720,82.800000,0.000000,1,0,107280434,773,0,773,-3,0,8,28
14,720,82.800000,0.000000,1,0,107280444,822,0,822,-5,0,8,28
14,720,82.800000,0.000000,1,0,107280465,870,0,870,-6,0,8,28
14,720,82.800000,0.000000,1,0,107280476,983,0,983,-8,0,8,28
14,720,82.800000,0.000000,1,0,107280495,1032,0,1032,-8,0,8,28
14,720,82.800000,0.000000,1,0,107280505,1116,0,1116,-9,0,8,28
14,720,82.800000,0.000000,1,0,107280526,1144,0,1144,-9,0,8,28
14,720,82.800000,0.000000,1,0,107280538,1182,0,1182,-10,0,8,28
14,720,82.800000,0.000000,1,0,107280558,1193,0,1193,-10,0,8,28
14,720,82.800000,0.000000,1,0,107280569,1206,0,1206,-10,0,8,28
14,720,82.800000,0.000000,1,0,107280579,1209,0,1209,-11,0,8,28
14,720,82.800000,0.000000,1,0,107280589,1210,0,1210,-11,0,8,28
14,720,82.800000,0.000000,1,0,107280600,1211,0,1211,-11,0,8,28
14,720,82.800000,0.000000,1,0,107280610,1211,0,1211,-11,0,8,28
14,720,82.800000,0.000000,1,0,107280621,1212,0,1212,-11,0,8,28
14,720,82.800000,0.000000,1,0,107280631,1214,0,1214,-11,0,8,28
14,720,82.800000,0.000000,1,0,107280651,1215,0,1215,-11,0,8,28
14,720,82.800000,0.000000,1,0,107280663,1221,0,1221,-12,0,8,28
14,720,82.800000,0.000000,1,0,107280673,1227,0,1227,-12,0,8,28
14,720,82.800000,0.000000,1,0,107280684,1233,0,1233,-13,0,8,28
14,720,82.800000,0.000000,1,0,107280694,1240,0,1240,-14,0,8,28
14,720,82.800000,0.000000,1,0,107280707,1246,0,1246,-14,0,8,28
14,720,82.800000,0.000000,1,0,107280717,1254,0,1254,-15,0,8,28
14,720,82.800000,0.000000,1,0,107280727,1261,0,1261,-15,0,8,28
14,720,82.800000,0.000000,1,0,107280738,1266,0,1266,-15,0,8,28
14,720,82.800000,0.000000,1,0,107280748,1270,0,1270,-15,0,8,28
14,720,82.800000,0.000000,1,0,107280760,1272,0,1272,-15,0,8,28
14,720,82.800000,0.000000,1,0,107280771,1273,0,1273,-15,0,8,28
14,720,82.800000,0.000000,1,0,107280781,1275,0,1275,-15,0,8,28
14,720,82.800000,0.000000,1,0,107280792,1278,0,1278,-15,0,8,28
14,720,82.800000,0.000000,1,0,107280802,1283,0,1283,-15,0,8,28
14,720,82.800000,0.000000,1,0,107280813,1289,0,1289,-15,0,8,28
14,720,82.800000,0.000000,1,0,107280824,1296,0,1296,-15,0,8,28
14,720,82.800000,0.000000,1,0,107280835,1303,0,1303,-15,0,8,28
14,720,82.800000,0.000000,1,0,107280845,1311,0,1311,-15,0,8,28
14,720,82.800000,0.000000,1,0,107280856,1316,0,1316,-15,0,8,28
14,720,82.800000,0.000000,1,0,107280866,1319,0,1319,-15,0,8,28
14,720,82.800000,0.000000,1,0,107280876,1321,0,1321,-15,0,8,28
14,720,82.800000,0.000000,1,0,107280886,1321,0,1321,-15,0,8,28
14,720,82.800000,0.000000,1,0,107280897,1321,0,1321,-15,0,8,28
14,720,82.800000,0.000000,1,0,107280909,1321,0,1321,-15,0,8,28
14,720,82.800000,0.000000,1,0,107280919,1321,0,1321,-15,0,8,28
14,720,82.800000,0.000000,1,0,107280929,1321,0,1321,-15,0,8,28
14,720,82.800000,0.000000,1,0,107280938,1321,0,1321,-15,0,8,28
