14,720,82.800000,42.984000,0,1,107414822,600,22,600,22,1,8,117
14,720,82.800000,42.984000,0,1,107414822,600,22,600,22,1,8,117
14,720,82.800000,42.984000,0,1,107414833,600,22,600,22,1,8,117
14,720,82.800000,42.984000,0,1,107414843,600,22,600,22,1,8,117
14,720,82.800000,42.984000,0,1,107414854,600,22,600,22,1,8,117
14,720,82.800000,42.984000,0,1,107414864,600,22,600,22,1,8,117
14,720,82.800000,42.984000,0,1,107414874,600,22,600,22,1,8,117
14,720,82.800000,42.984000,0,1,107414885,600,22,600,22,1,8,117
14,720,82.800000,42.984000,0,1,107414895,600,22,600,22,1,8,117
14,720,82.800000,42.984000,0,1,107414905,600,22,600,22,1,8,117
14,720,82.800000,42.984000,0,1,107414916,604,21,604,21,1,8,117
14,720,82.800000,42.984000,0,1,107414926,612,19,612,19,1,8,117
14,720,82.800000,42.984000,0,1,107414938,624,17,624,17,1,8,117
14,720,82.800000,42.984000,0,1,107414958,649,15,649,15,1,8,117
14,720,82.800000,42.984000,0,1,107414969,720,9,720,9,1,8,117
14,720,82.800000,42.984000,0,1,107414980,771,6,771,6,1,8,117
14,720,82.800000,42.984000,0,1,107414990,829,3,829,3,1,8,117
14,720,82.800000,42.984000,0,1,107415001,881,0,881,0,1,8,117
14,720,82.800000,42.984000,0,1,107415011,941,0,941,-3,1,8,117
14,720,82.800000,42.984000,0,1,107415023,1002,0,1002,-5,1,8,117
14,720,82.800000,42.984000,0,1,107415033,1068,0,1068,-7,1,8,117
14,720,82.800000,42.984000,0,1,107415052,1127,0,1127,-9,1,8,117
14,720,82.800000,42.984000,0,1,107415062,1198,0,1198,-12,1,8,117
14,720,82.800000,42.984000,0,1,107415074,1227,0,1227,-13,1,8,117
14,720,82.800000,42.984000,0,1,107415086,1248,0,1248,-14,1,8,117
14,720,82.800000,42.984000,0,1,107415096,1259,0,1259,-14,1,8,117
14,720,82.800000,42.984000,0,1,107415105,1265,0,1265,-14,1,8,117
14,720,82.800000,42.984000,0,1,107415116,1266,0,1266,-14,1,8,117
14,720,82.800000,42.984000,0,1,107415127,1266,0,1266,-14,1,8,117
14,720,82.800000,42.984000,0,1,107415144,1266,0,1266,-14,1,8,117
14,720,82.800000,42.984000,0,1,107415155,1266,0,1266,-14,1,8,117
14,720,82.800000,42.984000,0,1,107415165,1266,0,1266,-14,1,8,117
14,720,82.800000,42.984000,0,1,107415176,1267,0,1267,-14,1,8,117
14,720,82.800000,42.984000,0,1,107415186,1268,0,1268,-15,1,8,117
14,720,82.800000,42.984000,0,1,107415196,1270,0,1270,-15,1,8,117
14,720,82.800000,42.984000,0,1,107415206,1273,0,1273,-15,1,8,117
14,720,82.800000,42.984000,0,1,107415225,1274,0,1274,-15,1,8,117
14,720,82.800000,42.984000,0,1,107415235,1278,0,1278,-15,1,8,117
14,720,82.800000,42.984000,0,1,107415245,1281,0,1281,-15,1,8,117
14,720,82.800000,42.984000,0,1,107415256,1286,0,1286,-15,1,8,117
14,720,82.800000,42.984000,0,1,107415268,1292,0,1292,-15,1,8,117
14,720,82.800000,42.984000,0,1,107415278,1297,0,1297,-15,1,8,117
14,720,82.800000,42.984000,0,1,107415288,1300,0,1300,-15,1,8,117
14,720,82.800000,42.984000,0,1,107415298,1301,0,1301,-15,1,8,117
14,720,82.800000,42.984000,0,1,107415308,1301,0,1301,-15,1,8,117
14,720,82.800000,42.984000,0,1,107415318,1301,0,1301,-15,1,8,117
14,720,82.800000,42.984000,0,1,107415336,1301,0,1301,-15,1,8,117
14,720,82.800000,42.984000,0,1,107415348,1301,0,1301,-15,1,8,117
14,720,82.800000,42.984000,0,1,107415359,1301,0,1301,-15,1,8,117
14,720,82.800000,42.984000,0,1,107415369,1301,0,1301,-15,1,8,117
14,720,82.800000,42.984000,0,1,107415380,1301,0,1301,-15,1,8,117
14,720,82.800000,42.984000,0,1,107415389,1301,0,1301,-15,1,8,117
14,720,82.800000,42.984000,0,1,107415400,1301,0,1301,-15,1,8,117
14,720,82.800000,42.984000,0,1,107415410,1301,0,1301,-15,0,8,117
