14,360,21.600000,0.000000,1,0,107405983,780,0,780,0,0,8,112
14,360,21.600000,0.000000,1,0,107405984,780,0,780,0,0,8,112
14,360,21.600000,0.000000,1,0,107405995,780,0,780,0,0,8,112
14,360,21.600000,0.000000,1,0,107406005,780,0,780,0,0,8,112
14,360,21.600000,0.000000,1,0,107406016,780,0,780,0,0,8,112
14,360,21.600000,0.000000,1,0,107406026,780,0,780,0,0,8,112
14,360,21.600000,0.000000,1,0,107406036,780,0,780,0,0,8,112
14,360,21.600000,0.000000,1,0,107406048,783,0,783,0,0,8,112
14,360,21.600000,0.000000,1,0,107406067,789,0,789,0,0,8,112
14,360,21.600000,0.000000,1,0,107406078,810,0,810,-1,0,8,112
14,360,21.600000,0.000000,1,0,107406089,831,0,831,-1,0,8,112
14,360,21.600000,0.000000,1,0,107406100,853,0,853,-1,0,8,112
14,360,21.600000,0.000000,1,0,107406111,878,0,878,-1,0,8,112
14,360,21.600000,0.000000,1,0,107406121,904,0,904,-1,0,8,112
14,360,21.600000,0.000000,1,0,107406132,929,0,929,-2,0,8,112
14,360,21.600000,0.000000,1,0,107406142,950,0,950,-3,0,8,112
14,360,21.600000,0.000000,1,0,107406152,973,0,973,-4,0,8,112
14,360,21.600000,0.000000,1,0,107406164,990,0,990,-5,0,8,112
14,360,21.600000,0.000000,1,0,107406174,1006,0,1006,-5,0,8,112
14,360,21.600000,0.000000,1,0,107406185,1018,0,1018,-6,0,8,112
14,360,21.600000,0.000000,1,0,107406195,1029,0,1029,-6,0,8,112
14,360,21.600000,0.000000,1,0,107406206,1036,0,1036,-7,0,8,112
14,360,21.600000,0.000000,1,0,107406217,1043,0,1043,-7,0,8,112
14,360,21.600000,0.000000,1,0,107406228,1050,0,1050,-8,0,8,112
14,360,21.600000,0.000000,1,0,107406239,1057,0,1057,-9,0,8,112
14,360,21.600000,0.000000,1,0,107406250,1062,0,1062,-9,0,8,112
14,360,21.600000,0.000000,1,0,107406261,1067,0,1067,-9,0,8,112
14,360,21.600000,0.000000,1,0,107406273,1070,0,1070,-9,0,8,112
14,360,21.600000,0.000000,1,0,107406283,1075,0,1075,-9,0,8,112
14,360,21.600000,0.000000,1,0,107406294,1080,0,1080,-9,0,8,112
14,360,21.600000,0.000000,1,0,107406304,1086,0,1086,-9,0,8,112
14,360,21.600000,0.000000,1,0,107406315,1092,0,1092,-9,0,8,112
14,360,21.600000,0.000000,1,0,107406325,1098,0,1098,-9,0,8,112
14,360,21.600000,0.000000,1,0,107406346,1106,0,1106,-9,0,8,112
14,360,21.600000,0.000000,1,0,107406357,1115,0,1115,-9,0,8,112
14,360,21.600000,0.000000,1,0,107406368,1116,0,1116,-9,0,8,112
14,360,21.600000,0.000000,1,0,107406378,1116,0,1116,-9,0,8,112
14,360,21.600000,0.000000,1,0,107406389,1116,0,1116,-9,0,8,112
14,360,21.600000,0.000000,1,0,107406399,1116,0,1116,-9,0,8,112
14,360,21.600000,0.000000,1,0,107406410,1116,0,1116,-9,0,8,112
14,360,21.600000,0.000000,1,0,107406421,1116,0,1116,-9,0,8,112
14,360,21.600000,0.000000,1,0,107406440,1117,0,1117,-9,0,8,112
14,360,21.600000,0.000000,1,0,107406451,1122,0,1122,-9,0,8,112
14,360,21.600000,0.000000,1,0,107406462,1124,0,1124,-9,0,8,112
14,360,21.600000,0.000000,1,0,107406472,1126,0,1126,-9,0,8,112
14,360,21.600000,0.000000,1,0,107406483,1127,0,1127,-9,0,8,112
14,360,21.600000,0.000000,1,0,107406494,1127,0,1127,-9,0,8,112
14,360,21.600000,0.000000,1,0,107406504,1128,0,1128,-9,0,8,112
14,360,21.600000,0.000000,1,0,107406514,1129,0,1129,-9,0,8,112
14,360,21.600000,0.000000,1,0,107406533,1130,0,1130,-9,0,8,112
14,360,21.600000,0.000000,1,0,107406543,1132,1,1132,-8,0,8,112
14,360,21.600000,0.000000,1,0,107406554,1134,1,1134,-8,0,8,112
14,360,21.600000,0.000000,1,0,107406564,1135,1,1135,-8,0,8,112
14,360,21.600000,0.000000,1,0,107406574,1137,1,1137,-8,0,8,112
14,360,21.600000,0.000000,1,0,107406584,1138,1,1138,-8,0,8,112
14,360,21.600000,0.000000,1,0,107406595,1139,2,1139,-7,0,8,112
14,360,21.600000,0.000000,1,0,107406605,1140,2,1140,-7,0,8,112
14,360,21.600000,0.000000,1,0,107406615,1141,2,1141,-7,0,8,112
14,360,21.600000,0.000000,1,0,107406625,1142,2,1142,-7,0,8,112
14,360,21.600000,0.000000,1,0,107406636,1143,2,1143,-7,0,8,112
14,360,21.600000,0.000000,1,0,107406646,1143,2,1143,-7,0,8,112
14,360,21.600000,0.000000,1,0,107406656,1143,2,1143,-7,0,8,112
14,360,21.600000,0.000000,1,0,107406667,1143,2,1143,-7,0,8,112
14,360,21.600000,0.000000,1,0,107406677,1143,2,1143,-7,0,8,112
14,360,21.600000,0.000000,1,0,107406687,1143,2,1143,-7,0,8,112
14,360,21.600000,0.000000,1,0,107406697,1143,2,1143,-7,0,8,112
14,360,21.600000,0.000000,1,0,107406708,1143,2,1143,-7,0,8,112
14,360,21.600000,0.000000,1,0,107406718,1143,2,1143,-7,0,8,112
14,360,21.600000,0.000000,1,0,107406729,1143,2,1143,-7,0,8,112
14,360,21.600000,0.000000,1,0,107406739,1143,2,1143,-7,0,8,112
14,360,21.600000,0.000000,1,0,107406749,1143,2,1143,-7,0,8,112
14,360,21.600000,0.000000,1,0,107406759,1143,2,1143,-7,0,8,112
14,360,21.600000,0.000000,1,0,107406770,1143,2,1143,-7,0,8,112
14,360,21.600000,0.000000,1,0,107406780,1143,2,1143,-7,0,8,112
14,360,21.600000,0.000000,1,0,107406790,1143,2,1143,-7,0,8,112
