14,720,82.800000,12.276000,1,1,107486764,600,22,600,22,0,9,45
14,720,82.800000,12.276000,1,1,107486765,600,22,600,22,0,9,45
14,720,82.800000,12.276000,1,1,107486775,602,22,602,22,0,9,45
14,720,82.800000,12.276000,1,1,107486785,604,22,604,22,0,9,45
14,720,82.800000,12.276000,1,1,107486796,605,22,605,22,0,9,45
14,720,82.800000,12.276000,1,1,107486807,606,22,606,22,0,9,45
14,720,82.800000,12.276000,1,1,107486817,608,22,608,22,0,9,45
14,720,82.800000,12.276000,1,1,107486827,609,22,609,22,0,9,45
14,720,82.800000,12.276000,1,1,107486838,612,22,612,22,0,9,45
14,720,82.800000,12.276000,1,1,107486849,616,22,616,22,0,9,45
14,720,82.800000,12.276000,1,1,107486860,622,21,622,21,0,9,45
14,720,82.800000,12.276000,1,1,107486881,631,21,631,21,0,9,45
14,720,82.800000,12.276000,1,1,107486895,656,19,656,19,0,9,45
14,720,82.800000,12.276000,1,1,107486910,680,17,680,17,0,9,45
14,720,82.800000,12.276000,1,1,107486921,716,14,716,14,0,9,45
14,720,82.800000,12.276000,1,1,107486933,743,12,743,12,0,9,45
14,720,82.800000,12.276000,1,1,107486944,775,10,775,10,0,9,45
14,720,82.800000,12.276000,1,1,107486955,810,9,810,9,0,9,45
14,720,82.800000,12.276000,1,1,107486975,844,8,844,8,0,9,45
14,720,82.800000,12.276000,1,1,107486986,916,7,916,7,0,9,45
14,720,82.800000,12.276000,1,1,107487006,954,6,954,6,0,9,45
14,720,82.800000,12.276000,1,1,107487018,1026,6,1026,6,0,9,45
14,720,82.800000,12.276000,1,1,107487039,1060,5,1060,5,0,9,45
14,720,82.800000,12.276000,1,1,107487050,1116,5,1116,5,0,9,45
14,720,82.800000,12.276000,1,1,107487069,1140,5,1140,5,0,9,45
14,720,82.800000,12.276000,1,1,107487080,1174,5,1174,5,0,9,45
14,720,82.800000,12.276000,1,1,107487092,1192,5,1192,5,0,9,45
14,720,82.800000,12.276000,1,1,107487102,1210,5,1210,5,0,9,45
14,720,82.800000,12.276000,1,1,107487113,1222,5,1222,5,0,9,45
14,720,82.800000,12.276000,1,1,107487132,1232,5,1232,5,0,9,45
14,720,82.800000,12.276000,1,1,107487144,1243,5,1243,5,0,9,45
14,720,82.800000,12.276000,1,1,107487165,1250,5,1250,5,0,9,45
14,720,82.800000,12.276000,1,1,107487176,1264,5,1264,5,0,9,45
14,720,82.800000,12.276000,1,1,107487187,1272,5,1272,5,0,9,45
14,720,82.800000,12.276000,1,1,107487199,1281,5,1281,5,0,9,45
14,720,82.800000,12.276000,1,1,107487210,1290,5,1290,5,0,9,45
14,720,82.800000,12.276000,1,1,107487220,1297,5,1297,5,0,9,45
14,720,82.800000,12.276000,1,1,107487232,1303,5,1303,5,0,9,45
14,720,82.800000,12.276000,1,1,107487242,1306,5,1306,5,0,9,45
14,720,82.800000,12.276000,1,1,107487252,1308,5,1308,5,0,9,45
14,720,82.800000,12.276000,1,1,107487263,1309,5,1309,5,0,9,45
14,720,82.800000,12.276000,1,1,107487273,1309,5,1309,5,0,9,45
14,720,82.800000,12.276000,1,1,107487283,1310,5,1310,5,0,9,45
14,720,82.800000,12.276000,1,1,107487294,1311,5,1311,5,0,9,45
14,720,82.800000,12.276000,1,1,107487305,1311,5,1311,5,0,9,45
14,720,82.800000,12.276000,1,1,107487315,1311,5,1311,5,0,9,45
14,720,82.800000,12.276000,1,1,107487326,1311,5,1311,5,0,9,45
14,720,82.800000,12.276000,1,1,107487335,1311,5,1311,5,0,9,45
