14,720,50.400000,10000.000000,1,0,107519781,600,0,600,0,0,9,68
14,720,50.400000,10000.000000,1,0,107519782,600,0,600,0,0,9,68
14,720,50.400000,10000.000000,1,0,107519793,600,0,600,0,0,9,68
14,720,50.400000,10000.000000,1,0,107519803,600,0,600,0,0,9,68
14,720,50.400000,10000.000000,1,0,107519814,600,0,600,0,0,9,68
14,720,50.400000,10000.000000,1,0,107519825,600,0,600,0,0,9,68
14,720,50.400000,10000.000000,1,0,107519835,600,0,600,0,0,9,68
14,720,50.400000,10000.000000,1,0,107519846,600,0,600,0,0,9,68
14,720,50.400000,10000.000000,1,0,107519858,601,0,601,0,0,9,68
14,720,50.400000,10000.000000,1,0,107519869,603,0,603,-1,0,9,68
14,720,50.400000,10000.000000,1,0,107519880,610,0,610,-1,0,9,68
14,720,50.400000,10000.000000,1,0,107519892,620,0,620,-3,0,9,68
14,720,50.400000,10000.000000,1,0,107519902,640,0,640,-3,0,9,68
14,720,50.400000,10000.000000,1,0,107519913,664,0,664,-4,0,9,68
14,720,50.400000,10000.000000,1,0,107519923,698,0,698,-5,0,9,68
14,720,50.400000,10000.000000,1,0,107519934,734,0,734,-5,0,9,68
14,720,50.400000,10000.000000,1,0,107519946,780,0,780,-6,0,9,68
14,720,50.400000,10000.000000,1,0,107519957,834,0,834,-7,0,9,68
14,720,50.400000,10000.000000,1,0,107519968,873,0,873,-8,0,9,68
14,720,50.400000,10000.000000,1,0,107519979,922,0,922,-9,0,9,68
14,720,50.400000,10000.000000,1,0,107519989,958,0,958,-9,0,9,68
14,720,50.400000,10000.000000,1,0,107520000,998,0,998,-10,0,9,68
14,720,50.400000,10000.000000,1,0,107520010,1027,0,1027,-10,0,9,68
14,720,50.400000,10000.000000,1,0,107520020,1053,0,1053,-11,0,9,68
14,720,50.400000,10000.000000,1,0,107520040,1075,0,1075,-12,0,9,68
14,720,50.400000,10000.000000,1,0,107520051,1113,0,1113,-12,0,9,68
14,720,50.400000,10000.000000,1,0,107520062,1127,0,1127,-13,0,9,68
14,720,50.400000,10000.000000,1,0,107520073,1140,0,1140,-13,0,9,68
14,720,50.400000,10000.000000,1,0,107520084,1148,0,1148,-13,0,9,68
14,720,50.400000,10000.000000,1,0,107520104,1155,0,1155,-13,0,9,68
14,720,50.400000,10000.000000,1,0,107520115,1166,0,1166,-13,0,9,68
14,720,50.400000,10000.000000,1,0,107520125,1171,0,1171,-13,0,9,68
14,720,50.400000,10000.000000,1,0,107520136,1176,0,1176,-13,0,9,68
14,720,50.400000,10000.000000,1,0,107520146,1180,1,1180,-12,0,9,68
14,720,50.400000,10000.000000,1,0,107520157,1183,1,1183,-12,0,9,68
14,720,50.400000,10000.000000,1,0,107520168,1187,1,1187,-12,0,9,68
14,720,50.400000,10000.000000,1,0,107520179,1192,1,1192,-12,0,9,68
14,720,50.400000,10000.000000,1,0,107520189,1198,1,1198,-12,0,9,68
14,720,50.400000,10000.000000,1,0,107520200,1204,1,1204,-12,0,9,68
14,720,50.400000,10000.000000,1,0,107520211,1210,1,1210,-12,0,9,68
14,720,50.400000,10000.000000,1,0,107520230,1218,1,1218,-12,0,9,68
14,720,50.400000,10000.000000,1,0,107520241,1229,1,1229,-12,0,9,68
14,720,50.400000,10000.000000,1,0,107520253,1236,1,1236,-12,0,9,68
14,720,50.400000,10000.000000,1,0,107520263,1242,1,1242,-12,0,9,68
14,720,50.400000,10000.000000,1,0,107520275,1248,1,1248,-12,0,9,68
14,720,50.400000,10000.000000,1,0,107520285,1255,1,1255,-12,0,9,68
14,720,50.400000,10000.000000,1,0,107520296,1262,1,1262,-12,0,9,68
14,720,50.400000,10000.000000,1,0,107520307,1269,1,1269,-12,0,9,68
14,720,50.400000,10000.000000,1,0,107520319,1277,2,1277,-11,0,9,68
14,720,50.400000,10000.000000,1,0,107520330,1284,2,1284,-11,0,9,68
14,720,50.400000,10000.000000,1,0,107520340,1291,3,1291,-10,0,9,68
14,720,50.400000,10000.000000,1,0,107520351,1296,4,1296,-9,0,9,68
14,720,50.400000,10000.000000,1,0,107520361,1299,4,1299,-9,0,9,68
14,720,50.400000,10000.000000,1,0,107520372,1302,4,1302,-9,0,9,68
14,720,50.400000,10000.000000,1,0,107520382,1302,4,1302,-9,0,9,68
14,720,50.400000,10000.000000,1,0,107520392,1302,4,1302,-9,0,9,68
14,720,50.400000,10000.000000,1,0,107520402,1303,4,1303,-9,0,9,68
14,720,50.400000,10000.000000,1,0,107520413,1304,4,1304,-9,0,9,68
14,720,50.400000,10000.000000,1,0,107520424,1305,4,1305,-9,0,9,68
14,720,50.400000,10000.000000,1,0,107520435,1307,4,1307,-9,0,9,68
14,720,50.400000,10000.000000,1,0,107520445,1310,4,1310,-9,0,9,68
14,720,50.400000,10000.000000,1,0,107520465,1313,4,1313,-9,0,9,68
14,720,50.400000,10000.000000,1,0,107520475,1324,4,1324,-9,0,9,68
14,720,50.400000,10000.000000,1,0,107520487,1329,4,1329,-9,0,9,68
14,720,50.400000,10000.000000,1,0,107520497,1334,4,1334,-9,0,9,68
14,720,50.400000,10000.000000,1,0,107520508,1335,4,1335,-9,0,9,68
14,720,50.400000,10000.000000,1,0,107520518,1336,4,1336,-9,0,9,68
14,720,50.400000,10000.000000,1,0,107520529,1336,4,1336,-9,0,9,68
14,720,50.400000,10000.000000,1,0,107520540,1336,4,1336,-9,0,9,68
14,720,50.400000,10000.000000,1,0,107520558,1334,5,1334,-8,0,9,68
