14,720,21.600000,42.984000,1,0,107491946,600,0,600,0,1,9,49
14,720,21.600000,42.984000,1,0,107491946,600,0,600,0,1,9,49
14,720,21.600000,42.984000,1,0,107491957,601,0,601,0,1,9,49
14,720,21.600000,42.984000,1,0,107491968,601,0,601,0,1,9,49
14,720,21.600000,42.984000,1,0,107491978,601,0,601,0,1,9,49
14,720,21.600000,42.984000,1,0,107491989,601,0,601,0,1,9,49
14,720,21.600000,42.984000,1,0,107491999,603,0,603,0,1,9,49
14,720,21.600000,42.984000,1,0,107492010,606,0,606,0,1,9,49
14,720,21.600000,42.984000,1,0,107492022,610,0,610,0,1,9,49
14,720,21.600000,42.984000,1,0,107492033,616,0,616,0,1,9,49
14,720,21.600000,42.984000,1,0,107492052,627,0,627,0,1,9,49
14,720,21.600000,42.984000,1,0,107492063,658,0,658,0,1,9,49
14,720,21.600000,42.984000,1,0,107492074,679,0,679,-1,1,9,49
14,720,21.600000,42.984000,1,0,107492085,706,0,706,-1,1,9,49
14,720,21.600000,42.984000,1,0,107492096,749,0,749,-2,1,9,49
14,720,21.600000,42.984000,1,0,107492108,799,0,799,-3,1,9,49
14,720,21.600000,42.984000,1,0,107492118,849,0,849,-4,1,9,49
14,720,21.600000,42.984000,1,0,107492129,898,0,898,-4,1,9,49
14,720,21.600000,42.984000,1,0,107492140,947,0,947,-5,1,9,49
14,720,21.600000,42.984000,1,0,107492151,1009,0,1009,-6,1,9,49
14,720,21.600000,42.984000,1,0,107492161,1059,0,1059,-7,1,9,49
14,720,21.600000,42.984000,1,0,107492172,1107,0,1107,-8,1,9,49
14,720,21.600000,42.984000,1,0,107492191,1144,0,1144,-8,1,9,49
14,720,21.600000,42.984000,1,0,107492202,1196,0,1196,-8,1,9,49
14,720,21.600000,42.984000,1,0,107492213,1216,0,1216,-9,1,9,49
14,720,21.600000,42.984000,1,0,107492224,1229,0,1229,-9,1,9,49
14,720,21.600000,42.984000,1,0,107492235,1237,0,1237,-9,1,9,49
14,720,21.600000,42.984000,1,0,107492245,1243,0,1243,-9,1,9,49
14,720,21.600000,42.984000,1,0,107492255,1246,0,1246,-9,1,9,49
14,720,21.600000,42.984000,1,0,107492267,1249,0,1249,-9,1,9,49
14,720,21.600000,42.984000,1,0,107492277,1249,0,1249,-9,1,9,49
14,720,21.600000,42.984000,1,0,107492288,1249,0,1249,-9,1,9,49
14,720,21.600000,42.984000,1,0,107492298,1249,0,1249,-9,1,9,49
14,720,21.600000,42.984000,1,0,107492310,1249,0,1249,-9,1,9,49
14,720,21.600000,42.984000,1,0,107492321,1249,0,1249,-9,1,9,49
14,720,21.600000,42.984000,1,0,107492331,1249,0,1249,-9,1,9,49
14,720,21.600000,42.984000,1,0,107492342,1249,0,1249,-9,1,9,49
14,720,21.600000,42.984000,1,0,107492352,1250,0,1250,-9,1,9,49
14,720,21.600000,42.984000,1,0,107492364,1251,0,1251,-9,1,9,49
14,720,21.600000,42.984000,1,0,107492375,1252,0,1252,-9,1,9,49
14,720,21.600000,42.984000,1,0,107492386,1252,0,1252,-9,1,9,49
14,720,21.600000,42.984000,1,0,107492396,1252,0,1252,-9,1,9,49
14,720,21.600000,42.984000,1,0,107492407,1252,0,1252,-9,1,9,49
14,720,21.600000,42.984000,1,0,107492417,1252,0,1252,-9,1,9,49
14,720,21.600000,42.984000,1,0,107492428,1252,0,1252,-9,1,9,49
14,720,21.600000,42.984000,1,0,107492438,1253,0,1253,-9,1,9,49
14,720,21.600000,42.984000,1,0,107492450,1257,0,1257,-9,1,9,49
14,720,21.600000,42.984000,1,0,107492460,1265,0,1265,-9,1,9,49
14,720,21.600000,42.984000,1,0,107492471,1273,0,1273,-9,1,9,49
14,720,21.600000,42.984000,1,0,107492483,1282,1,1282,-8,1,9,49
14,720,21.600000,42.984000,1,0,107492494,1292,2,1292,-7,1,9,49
14,720,21.600000,42.984000,1,0,107492505,1302,2,1302,-7,1,9,49
14,720,21.600000,42.984000,1,0,107492516,1311,3,1311,-6,1,9,49
14,720,21.600000,42.984000,1,0,107492535,1317,3,1317,-6,1,9,49
14,720,21.600000,42.984000,1,0,107492545,1320,3,1320,-6,1,9,49
14,720,21.600000,42.984000,1,0,107492555,1320,3,1320,-6,1,9,49
14,720,21.600000,42.984000,1,0,107492565,1320,3,1320,-6,1,9,49
14,720,21.600000,42.984000,1,0,107492575,1320,3,1320,-6,1,9,49
14,720,21.600000,42.984000,1,0,107492586,1320,3,1320,-6,1,9,49
14,720,21.600000,42.984000,1,0,107492596,1320,3,1320,-6,1,9,49
14,720,21.600000,42.984000,1,0,107492606,1320,3,1320,-6,1,9,49
14,720,21.600000,42.984000,1,0,107492616,1320,3,1320,-6,1,9,49
14,720,21.600000,42.984000,1,0,107492627,1320,3,1320,-6,1,9,49
14,720,21.600000,42.984000,1,0,107492637,1320,3,1320,-6,1,9,49
14,720,21.600000,42.984000,1,0,107492647,1320,3,1320,-6,1,9,49
14,720,21.600000,42.984000,1,0,107492657,1320,3,1320,-6,1,9,49
14,720,21.600000,42.984000,1,0,107492668,1320,3,1320,-6,1,9,49
14,720,21.600000,42.984000,1,0,107492678,1320,3,1320,-6,1,9,49
14,720,21.600000,42.984000,1,0,107492687,1320,3,1320,-6,0,9,49
