14,720,50.400000,12.276000,0,1,107506162,600,22,600,22,0,9,58
14,720,50.400000,12.276000,0,1,107506163,600,22,600,22,0,9,58
14,720,50.400000,12.276000,0,1,107506173,600,22,600,22,0,9,58
14,720,50.400000,12.276000,0,1,107506183,600,22,600,22,0,9,58
14,720,50.400000,12.276000,0,1,107506194,600,22,600,22,0,9,58
14,720,50.400000,12.276000,0,1,107506204,600,22,600,22,0,9,58
14,720,50.400000,12.276000,0,1,107506225,600,22,600,22,0,9,58
14,720,50.400000,12.276000,0,1,107506236,600,22,600,22,0,9,58
14,720,50.400000,12.276000,0,1,107506246,600,22,600,22,0,9,58
14,720,50.400000,12.276000,0,1,107506257,600,22,600,22,0,9,58
14,720,50.400000,12.276000,0,1,107506269,600,21,600,21,0,9,58
14,720,50.400000,12.276000,0,1,107506280,603,20,603,20,0,9,58
14,720,50.400000,12.276000,0,1,107506292,611,18,611,18,0,9,58
14,720,50.400000,12.276000,0,1,107506303,627,15,627,15,0,9,58
14,720,50.400000,12.276000,0,1,107506314,658,13,658,13,0,9,58
14,720,50.400000,12.276000,0,1,107506325,702,11,702,11,0,9,58
14,720,50.400000,12.276000,0,1,107506336,758,10,758,10,0,9,58
14,720,50.400000,12.276000,0,1,107506346,822,10,822,10,0,9,58
14,720,50.400000,12.276000,0,1,107506356,879,10,879,10,0,9,58
14,720,50.400000,12.276000,0,1,107506367,938,10,938,10,0,9,58
14,720,50.400000,12.276000,0,1,107506377,996,11,996,11,0,9,58
14,720,50.400000,12.276000,0,1,107506388,1051,12,1051,12,0,9,58
14,720,50.400000,12.276000,0,1,107506399,1107,13,1107,13,0,9,58
14,720,50.400000,12.276000,0,1,107506409,1140,13,1140,13,0,9,58
14,720,50.400000,12.276000,0,1,107506419,1168,14,1168,14,0,9,58
14,720,50.400000,12.276000,0,1,107506430,1191,14,1191,14,0,9,58
14,720,50.400000,12.276000,0,1,107506440,1204,14,1204,14,0,9,58
14,720,50.400000,12.276000,0,1,107506450,1214,14,1214,14,0,9,58
14,720,50.400000,12.276000,0,1,107506461,1221,14,1221,14,0,9,58
14,720,50.400000,12.276000,0,1,107506471,1224,14,1224,14,0,9,58
14,720,50.400000,12.276000,0,1,107506481,1227,14,1227,14,0,9,58
14,720,50.400000,12.276000,0,1,107506491,1227,14,1227,14,0,9,58
14,720,50.400000,12.276000,0,1,107506501,1227,14,1227,14,0,9,58
14,720,50.400000,12.276000,0,1,107506511,1227,14,1227,14,0,9,58
14,720,50.400000,12.276000,0,1,107506521,1227,14,1227,14,0,9,58
14,720,50.400000,12.276000,0,1,107506531,1227,14,1227,14,0,9,58
14,720,50.400000,12.276000,0,1,107506541,1228,14,1228,14,0,9,58
14,720,50.400000,12.276000,0,1,107506552,1230,14,1230,14,0,9,58
14,720,50.400000,12.276000,0,1,107506562,1233,14,1233,14,0,9,58
14,720,50.400000,12.276000,0,1,107506573,1237,14,1237,14,0,9,58
14,720,50.400000,12.276000,0,1,107506584,1241,14,1241,14,0,9,58
14,720,50.400000,12.276000,0,1,107506594,1243,14,1243,14,0,9,58
14,720,50.400000,12.276000,0,1,107506604,1245,14,1245,14,0,9,58
14,720,50.400000,12.276000,0,1,107506615,1248,14,1248,14,0,9,58
14,720,50.400000,12.276000,0,1,107506626,1251,14,1251,14,0,9,58
14,720,50.400000,12.276000,0,1,107506636,1254,13,1254,13,0,9,58
14,720,50.400000,12.276000,0,1,107506647,1258,13,1258,13,0,9,58
14,720,50.400000,12.276000,0,1,107506658,1263,12,1263,12,0,9,58
14,720,50.400000,12.276000,0,1,107506668,1269,11,1269,11,0,9,58
14,720,50.400000,12.276000,0,1,107506679,1275,10,1275,10,0,9,58
14,720,50.400000,12.276000,0,1,107506690,1280,10,1280,10,0,9,58
14,720,50.400000,12.276000,0,1,107506701,1284,9,1284,9,0,9,58
14,720,50.400000,12.276000,0,1,107506711,1287,9,1287,9,0,9,58
14,720,50.400000,12.276000,0,1,107506722,1289,9,1289,9,0,9,58
14,720,50.400000,12.276000,0,1,107506734,1291,9,1291,9,0,9,58
14,720,50.400000,12.276000,0,1,107506745,1294,9,1294,9,0,9,58
14,720,50.400000,12.276000,0,1,107506755,1296,8,1296,8,0,9,58
14,720,50.400000,12.276000,0,1,107506766,1297,8,1297,8,0,9,58
14,720,50.400000,12.276000,0,1,107506776,1299,8,1299,8,0,9,58
14,720,50.400000,12.276000,0,1,107506786,1300,8,1300,8,0,9,58
14,720,50.400000,12.276000,0,1,107506797,1300,8,1300,8,0,9,58
14,720,50.400000,12.276000,0,1,107506807,1301,8,1301,8,0,9,58
14,720,50.400000,12.276000,0,1,107506818,1301,8,1301,8,0,9,58
14,720,50.400000,12.276000,0,1,107506838,1301,8,1301,8,0,9,58
