14,720,82.800000,12.276000,1,0,107444067,600,0,600,0,0,9,16
14,720,82.800000,12.276000,1,0,107444068,600,0,600,0,0,9,16
14,720,82.800000,12.276000,1,0,107444078,605,1,605,1,0,9,16
14,720,82.800000,12.276000,1,0,107444090,608,1,608,1,0,9,16
14,720,82.800000,12.276000,1,0,107444101,613,1,613,1,0,9,16
14,720,82.800000,12.276000,1,0,107444111,622,1,622,1,0,9,16
14,720,82.800000,12.276000,1,0,107444123,634,1,634,1,0,9,16
14,720,82.800000,12.276000,1,0,107444134,651,0,651,-1,0,9,16
14,720,82.800000,12.276000,1,0,107444145,676,0,676,-3,0,9,16
14,720,82.800000,12.276000,1,0,107444155,711,0,711,-6,0,9,16
14,720,82.800000,12.276000,1,0,107444175,750,0,750,-9,0,9,16
14,720,82.800000,12.276000,1,0,107444186,844,0,844,-15,0,9,16
14,720,82.800000,12.276000,1,0,107444196,886,0,886,-17,0,9,16
14,720,82.800000,12.276000,1,0,107444207,930,0,930,-17,0,9,16
14,720,82.800000,12.276000,1,0,107444217,965,0,965,-18,0,9,16
14,720,82.800000,12.276000,1,0,107444227,989,0,989,-19,0,9,16
14,720,82.800000,12.276000,1,0,107444238,1012,0,1012,-19,0,9,16
14,720,82.800000,12.276000,1,0,107444249,1032,0,1032,-19,0,9,16
14,720,82.800000,12.276000,1,0,107444268,1049,0,1049,-19,0,9,16
14,720,82.800000,12.276000,1,0,107444280,1078,0,1078,-19,0,9,16
14,720,82.800000,12.276000,1,0,107444290,1092,0,1092,-19,0,9,16
14,720,82.800000,12.276000,1,0,107444302,1106,0,1106,-19,0,9,16
14,720,82.800000,12.276000,1,0,107444313,1118,0,1118,-19,0,9,16
14,720,82.800000,12.276000,1,0,107444331,1128,0,1128,-19,0,9,16
14,720,82.800000,12.276000,1,0,107444343,1142,0,1142,-19,0,9,16
14,720,82.800000,12.276000,1,0,107444354,1148,0,1148,-19,0,9,16
14,720,82.800000,12.276000,1,0,107444365,1154,0,1154,-19,0,9,16
14,720,82.800000,12.276000,1,0,107444376,1160,0,1160,-19,0,9,16
14,720,82.800000,12.276000,1,0,107444387,1165,0,1165,-19,0,9,16
14,720,82.800000,12.276000,1,0,107444397,1171,0,1171,-19,0,9,16
14,720,82.800000,12.276000,1,0,107444408,1176,0,1176,-19,0,9,16
14,720,82.800000,12.276000,1,0,107444428,1180,0,1180,-19,0,9,16
14,720,82.800000,12.276000,1,0,107444438,1192,0,1192,-20,0,9,16
14,720,82.800000,12.276000,1,0,107444448,1199,0,1199,-20,0,9,16
14,720,82.800000,12.276000,1,0,107444460,1208,0,1208,-20,0,9,16
14,720,82.800000,12.276000,1,0,107444471,1216,0,1216,-20,0,9,16
14,720,82.800000,12.276000,1,0,107444482,1221,0,1221,-20,0,9,16
14,720,82.800000,12.276000,1,0,107444492,1226,0,1226,-20,0,9,16
14,720,82.800000,12.276000,1,0,107444503,1228,0,1228,-20,0,9,16
14,720,82.800000,12.276000,1,0,107444514,1231,0,1231,-20,0,9,16
14,720,82.800000,12.276000,1,0,107444526,1234,0,1234,-20,0,9,16
14,720,82.800000,12.276000,1,0,107444537,1238,0,1238,-20,0,9,16
14,720,82.800000,12.276000,1,0,107444547,1245,0,1245,-20,0,9,16
14,720,82.800000,12.276000,1,0,107444558,1254,1,1254,-19,0,9,16
14,720,82.800000,12.276000,1,0,107444568,1269,2,1269,-18,0,9,16
14,720,82.800000,12.276000,1,0,107444579,1280,3,1280,-17,0,9,16
14,720,82.800000,12.276000,1,0,107444598,1291,3,1291,-17,0,9,16
14,720,82.800000,12.276000,1,0,107444609,1302,3,1302,-17,0,9,16
14,720,82.800000,12.276000,1,0,107444619,1302,3,1302,-17,0,9,16
14,720,82.800000,12.276000,1,0,107444630,1302,3,1302,-17,0,9,16
14,720,82.800000,12.276000,1,0,107444640,1302,3,1302,-17,0,9,16
14,720,82.800000,12.276000,1,0,107444650,1302,3,1302,-17,0,9,16
14,720,82.800000,12.276000,1,0,107444661,1302,3,1302,-17,0,9,16
14,720,82.800000,12.276000,1,0,107444671,1302,3,1302,-17,0,9,16
14,720,82.800000,12.276000,1,0,107444681,1302,3,1302,-17,0,9,16
14,720,82.800000,12.276000,1,0,107444691,1302,3,1302,-17,0,9,16
14,720,82.800000,12.276000,1,0,107444701,1302,3,1302,-17,0,9,16
14,720,82.800000,12.276000,1,0,107444711,1302,3,1302,-17,0,9,16
14,720,82.800000,12.276000,1,0,107444721,1302,3,1302,-17,0,9,16
14,720,82.800000,12.276000,1,0,107444731,1302,3,1302,-17,0,9,16
14,720,82.800000,12.276000,1,0,107444742,1302,3,1302,-17,0,9,16
