14,360,21.600000,12.276000,1,0,107501886,780,0,780,0,0,9,56
14,360,21.600000,12.276000,1,0,107501887,780,0,780,0,0,9,56
14,360,21.600000,12.276000,1,0,107501898,780,0,780,0,0,9,56
14,360,21.600000,12.276000,1,0,107501909,780,0,780,0,0,9,56
14,360,21.600000,12.276000,1,0,107501919,781,0,781,0,0,9,56
14,360,21.600000,12.276000,1,0,107501930,781,0,781,0,0,9,56
14,360,21.600000,12.276000,1,0,107501941,782,0,782,0,0,9,56
14,360,21.600000,12.276000,1,0,107501951,785,0,785,0,0,9,56
14,360,21.600000,12.276000,1,0,107501963,789,0,789,-1,0,9,56
14,360,21.600000,12.276000,1,0,107501974,796,0,796,-1,0,9,56
14,360,21.600000,12.276000,1,0,107501985,809,0,809,-2,0,9,56
14,360,21.600000,12.276000,1,0,107501996,822,0,822,-3,0,9,56
14,360,21.600000,12.276000,1,0,107502007,838,0,838,-4,0,9,56
14,360,21.600000,12.276000,1,0,107502017,859,0,859,-5,0,9,56
14,360,21.600000,12.276000,1,0,107502037,883,0,883,-6,0,9,56
14,360,21.600000,12.276000,1,0,107502049,938,0,938,-8,0,9,56
14,360,21.600000,12.276000,1,0,107502059,973,0,973,-9,0,9,56
14,360,21.600000,12.276000,1,0,107502069,999,0,999,-9,0,9,56
14,360,21.600000,12.276000,1,0,107502080,1023,0,1023,-10,0,9,56
14,360,21.600000,12.276000,1,0,107502091,1045,0,1045,-10,0,9,56
14,360,21.600000,12.276000,1,0,107502102,1063,0,1063,-10,0,9,56
14,360,21.600000,12.276000,1,0,107502113,1081,0,1081,-10,0,9,56
14,360,21.600000,12.276000,1,0,107502125,1091,0,1091,-10,0,9,56
14,360,21.600000,12.276000,1,0,107502136,1099,0,1099,-10,0,9,56
14,360,21.600000,12.276000,1,0,107502147,1106,0,1106,-10,0,9,56
14,360,21.600000,12.276000,1,0,107502157,1111,0,1111,-10,0,9,56
14,360,21.600000,12.276000,1,0,107502168,1115,0,1115,-10,0,9,56
14,360,21.600000,12.276000,1,0,107502178,1119,0,1119,-10,0,9,56
14,360,21.600000,12.276000,1,0,107502191,1120,0,1120,-10,0,9,56
14,360,21.600000,12.276000,1,0,107502201,1121,0,1121,-10,0,9,56
14,360,21.600000,12.276000,1,0,107502212,1122,0,1122,-10,0,9,56
14,360,21.600000,12.276000,1,0,107502222,1122,0,1122,-10,0,9,56
14,360,21.600000,12.276000,1,0,107502233,1123,0,1123,-10,0,9,56
14,360,21.600000,12.276000,1,0,107502244,1124,0,1124,-10,0,9,56
14,360,21.600000,12.276000,1,0,107502254,1126,0,1126,-10,0,9,56
14,360,21.600000,12.276000,1,0,107502267,1129,0,1129,-10,0,9,56
14,360,21.600000,12.276000,1,0,107502276,1132,0,1132,-10,0,9,56
14,360,21.600000,12.276000,1,0,107502287,1134,0,1134,-10,0,9,56
14,360,21.600000,12.276000,1,0,107502298,1136,0,1136,-10,0,9,56
14,360,21.600000,12.276000,1,0,107502316,1136,0,1136,-10,0,9,56
14,360,21.600000,12.276000,1,0,107502328,1136,0,1136,-10,0,9,56
14,360,21.600000,12.276000,1,0,107502337,1136,0,1136,-10,0,9,56
14,360,21.600000,12.276000,1,0,107502349,1136,0,1136,-10,0,9,56
14,360,21.600000,12.276000,1,0,107502359,1136,0,1136,-10,0,9,56
14,360,21.600000,12.276000,1,0,107502370,1136,0,1136,-10,0,9,56
14,360,21.600000,12.276000,1,0,107502380,1136,0,1136,-10,0,9,56
14,360,21.600000,12.276000,1,0,107502391,1136,0,1136,-10,0,9,56
14,360,21.600000,12.276000,1,0,107502401,1136,0,1136,-10,0,9,56
14,360,21.600000,12.276000,1,0,107502411,1136,0,1136,-10,0,9,56
14,360,21.600000,12.276000,1,0,107502422,1136,0,1136,-10,0,9,56
14,360,21.600000,12.276000,1,0,107502432,1136,0,1136,-10,0,9,56
14,360,21.600000,12.276000,1,0,107502443,1136,0,1136,-10,0,9,56
14,360,21.600000,12.276000,1,0,107502452,1136,0,1136,-10,0,9,56
