14,360,21.600000,22.608000,1,1,107532952,780,22,780,22,0,9,77
14,360,21.600000,22.608000,1,1,107532953,780,22,780,22,0,9,77
14,360,21.600000,22.608000,1,1,107532964,780,22,780,22,0,9,77
14,360,21.600000,22.608000,1,1,107532974,780,22,780,22,0,9,77
14,360,21.600000,22.608000,1,1,107532985,780,22,780,22,0,9,77
14,360,21.600000,22.608000,1,1,107532997,780,22,780,22,0,9,77
14,360,21.600000,22.608000,1,1,107533007,780,22,780,22,0,9,77
14,360,21.600000,22.608000,1,1,107533017,780,22,780,22,0,9,77
14,360,21.600000,22.608000,1,1,107533029,780,22,780,22,0,9,77
14,360,21.600000,22.608000,1,1,107533039,780,22,780,22,0,9,77
14,360,21.600000,22.608000,1,1,107533050,781,22,781,22,0,9,77
14,360,21.600000,22.608000,1,1,107533062,785,22,785,22,0,9,77
14,360,21.600000,22.608000,1,1,107533072,792,22,792,22,0,9,77
14,360,21.600000,22.608000,1,1,107533083,806,20,806,20,0,9,77
14,360,21.600000,22.608000,1,1,107533095,825,17,825,17,0,9,77
14,360,21.600000,22.608000,1,1,107533106,851,15,851,15,0,9,77
14,360,21.600000,22.608000,1,1,107533117,877,12,877,12,0,9,77
14,360,21.600000,22.608000,1,1,107533127,908,10,908,10,0,9,77
14,360,21.600000,22.608000,1,1,107533138,933,8,933,8,0,9,77
14,360,21.600000,22.608000,1,1,107533149,966,6,966,6,0,9,77
14,360,21.600000,22.608000,1,1,107533160,996,4,996,4,0,9,77
14,360,21.600000,22.608000,1,1,107533171,1023,2,1023,2,0,9,77
14,360,21.600000,22.608000,1,1,107533181,1044,1,1044,1,0,9,77
14,360,21.600000,22.608000,1,1,107533191,1063,0,1063,0,0,9,77
14,360,21.600000,22.608000,1,1,107533202,1075,0,1075,-1,0,9,77
14,360,21.600000,22.608000,1,1,107533212,1084,0,1084,-2,0,9,77
14,360,21.600000,22.608000,1,1,107533223,1089,0,1089,-3,0,9,77
14,360,21.600000,22.608000,1,1,107533233,1091,0,1091,-3,0,9,77
14,360,21.600000,22.608000,1,1,107533244,1093,0,1093,-3,0,9,77
14,360,21.600000,22.608000,1,1,107533255,1093,0,1093,-3,0,9,77
14,360,21.600000,22.608000,1,1,107533265,1093,0,1093,-3,0,9,77
14,360,21.600000,22.608000,1,1,107533277,1094,0,1094,-3,0,9,77
14,360,21.600000,22.608000,1,1,107533287,1094,0,1094,-3,0,9,77
14,360,21.600000,22.608000,1,1,107533298,1096,0,1096,-3,0,9,77
14,360,21.600000,22.608000,1,1,107533309,1098,0,1098,-3,0,9,77
14,360,21.600000,22.608000,1,1,107533321,1103,0,1103,-3,0,9,77
14,360,21.600000,22.608000,1,1,107533332,1109,0,1109,-4,0,9,77
14,360,21.600000,22.608000,1,1,107533344,1115,0,1115,-4,0,9,77
14,360,21.600000,22.608000,1,1,107533354,1120,0,1120,-4,0,9,77
14,360,21.600000,22.608000,1,1,107533365,1123,0,1123,-4,0,9,77
14,360,21.600000,22.608000,1,1,107533375,1125,0,1125,-4,0,9,77
14,360,21.600000,22.608000,1,1,107533386,1125,0,1125,-4,0,9,77
14,360,21.600000,22.608000,1,1,107533396,1125,0,1125,-4,0,9,77
14,360,21.600000,22.608000,1,1,107533407,1125,0,1125,-4,0,9,77
14,360,21.600000,22.608000,1,1,107533418,1125,0,1125,-4,0,9,77
14,360,21.600000,22.608000,1,1,107533429,1125,0,1125,-4,0,9,77
14,360,21.600000,22.608000,1,1,107533439,1125,0,1125,-4,0,9,77
14,360,21.600000,22.608000,1,1,107533450,1125,0,1125,-4,0,9,77
14,360,21.600000,22.608000,1,1,107533461,1127,0,1127,-4,0,9,77
14,360,21.600000,22.608000,1,1,107533471,1128,0,1128,-4,0,9,77
14,360,21.600000,22.608000,1,1,107533481,1129,0,1129,-4,0,9,77
14,360,21.600000,22.608000,1,1,107533492,1129,0,1129,-4,0,9,77
14,360,21.600000,22.608000,1,1,107533503,1129,0,1129,-4,0,9,77
14,360,21.600000,22.608000,1,1,107533514,1129,0,1129,-4,0,9,77
14,360,21.600000,22.608000,1,1,107533525,1129,0,1129,-4,0,9,77
14,360,21.600000,22.608000,1,1,107533536,1129,0,1129,-4,0,9,77
14,360,21.600000,22.608000,1,1,107533546,1129,0,1129,-4,0,9,77
14,360,21.600000,22.608000,1,1,107533557,1129,0,1129,-4,0,9,77
14,360,21.600000,22.608000,1,1,107533567,1129,0,1129,-4,0,9,77
14,360,21.600000,22.608000,1,1,107533577,1129,0,1129,-4,0,9,77
14,360,21.600000,22.608000,1,1,107533587,1129,0,1129,-4,0,9,77
14,360,21.600000,22.608000,1,1,107533598,1129,0,1129,-4,0,9,77
14,360,21.600000,22.608000,1,1,107533607,1129,0,1129,-4,0,9,77
14,360,21.600000,22.608000,1,1,107533618,1129,0,1129,-4,0,9,77
14,360,21.600000,22.608000,1,1,107533628,1129,0,1129,-4,0,9,77
14,360,21.600000,22.608000,1,1,107533638,1129,0,1129,-4,0,9,77
14,360,21.600000,22.608000,1,1,107533648,1129,0,1129,-4,0,9,77
14,360,21.600000,22.608000,1,1,107533660,1129,0,1129,-4,0,9,77
14,360,21.600000,22.608000,1,1,107533671,1129,0,1129,-4,0,9,77
14,360,21.600000,22.608000,1,1,107533681,1129,0,1129,-4,0,9,77
14,360,21.600000,22.608000,1,1,107533691,1129,0,1129,-4,0,9,77
14,360,21.600000,22.608000,1,1,107533702,1129,0,1129,-4,0,9,77
14,360,21.600000,22.608000,1,1,107533712,1129,0,1129,-4,0,9,77
14,360,21.600000,22.608000,1,1,107533723,1129,0,1129,-4,0,9,77
14,360,21.600000,22.608000,1,1,107533732,1129,0,1129,-4,0,9,77
14,360,21.600000,22.608000,1,1,107533743,1129,0,1129,-4,0,9,77
14,360,21.600000,22.608000,1,1,107533753,1130,0,1130,-4,0,9,77
14,360,21.600000,22.608000,1,1,107533763,1131,0,1131,-4,0,9,77
14,360,21.600000,22.608000,1,1,107533774,1132,0,1132,-4,0,9,77
14,360,21.600000,22.608000,1,1,107533784,1133,0,1133,-4,0,9,77
14,360,21.600000,22.608000,1,1,107533794,1134,0,1134,-4,0,9,77
14,360,21.600000,22.608000,1,1,107533804,1135,0,1135,-4,0,9,77
14,360,21.600000,22.608000,1,1,107533814,1136,0,1136,-4,0,9,77
14,360,21.600000,22.608000,1,1,107533824,1136,0,1136,-4,0,9,77
14,360,21.600000,22.608000,1,1,107533835,1136,0,1136,-4,0,9,77
14,360,21.600000,22.608000,1,1,107533845,1136,0,1136,-4,0,9,77
14,360,21.600000,22.608000,1,1,107533855,1137,0,1137,-4,0,9,77
14,360,21.600000,22.608000,1,1,107533865,1137,0,1137,-4,0,9,77
14,360,21.600000,22.608000,1,1,107533876,1137,0,1137,-4,0,9,77
14,360,21.600000,22.608000,1,1,107533885,1137,0,1137,-4,0,9,77
14,360,21.600000,22.608000,1,1,107533895,1137,0,1137,-4,0,9,77
14,360,21.600000,22.608000,1,1,107533905,1137,0,1137,-4,0,9,77
14,360,21.600000,22.608000,1,1,107533915,1137,0,1137,-4,0,9,77
14,360,21.600000,22.608000,1,1,107533925,1137,0,1137,-4,0,9,77
14,360,21.600000,22.608000,1,1,107533936,1137,0,1137,-4,0,9,77
