14,720,50.400000,22.608000,1,0,107580752,600,0,600,0,0,9,109
14,720,50.400000,22.608000,1,0,107580753,600,0,600,0,0,9,109
14,720,50.400000,22.608000,1,0,107580765,601,0,601,0,0,9,109
14,720,50.400000,22.608000,1,0,107580784,603,1,603,1,0,9,109
14,720,50.400000,22.608000,1,0,107580795,607,1,607,1,0,9,109
14,720,50.400000,22.608000,1,0,107580806,611,1,611,1,0,9,109
14,720,50.400000,22.608000,1,0,107580816,616,1,616,1,0,9,109
14,720,50.400000,22.608000,1,0,107580828,623,1,623,1,0,9,109
14,720,50.400000,22.608000,1,0,107580840,631,2,631,2,0,9,109
14,720,50.400000,22.608000,1,0,107580851,655,3,655,3,0,9,109
14,720,50.400000,22.608000,1,0,107580861,672,3,672,3,0,9,109
14,720,50.400000,22.608000,1,0,107580871,700,3,700,3,0,9,109
14,720,50.400000,22.608000,1,0,107580882,735,3,735,3,0,9,109
14,720,50.400000,22.608000,1,0,107580893,788,2,788,2,0,9,109
14,720,50.400000,22.608000,1,0,107580905,837,1,837,1,0,9,109
14,720,50.400000,22.608000,1,0,107580917,915,0,915,0,0,9,109
14,720,50.400000,22.608000,1,0,107580928,986,0,986,0,0,9,109
14,720,50.400000,22.608000,1,0,107580938,1051,0,1051,0,0,9,109
14,720,50.400000,22.608000,1,0,107580950,1111,0,1111,0,0,9,109
14,720,50.400000,22.608000,1,0,107580961,1181,0,1181,-1,0,9,109
14,720,50.400000,22.608000,1,0,107580972,1237,0,1237,-2,0,9,109
14,720,50.400000,22.608000,1,0,107580983,1277,0,1277,-2,0,9,109
14,720,50.400000,22.608000,1,0,107580994,1305,0,1305,-2,0,9,109
14,720,50.400000,22.608000,1,0,107581005,1331,0,1331,-2,0,9,109
14,720,50.400000,22.608000,1,0,107581018,1350,0,1350,-2,0,9,109
14,720,50.400000,22.608000,1,0,107581030,1365,0,1365,-2,0,9,109
14,720,50.400000,22.608000,1,0,107581041,1372,0,1372,-2,0,9,109
14,720,50.400000,22.608000,1,0,107581051,1375,0,1375,-2,0,9,109
14,720,50.400000,22.608000,1,0,107581062,1377,0,1377,-2,0,9,109
14,720,50.400000,22.608000,1,0,107581072,1377,0,1377,-2,0,9,109
14,720,50.400000,22.608000,1,0,107581083,1377,0,1377,-2,0,9,109
14,720,50.400000,22.608000,1,0,107581093,1377,0,1377,-2,0,9,109
14,720,50.400000,22.608000,1,0,107581104,1377,0,1377,-2,0,9,109
14,720,50.400000,22.608000,1,0,107581114,1377,0,1377,-2,0,9,109
14,720,50.400000,22.608000,1,0,107581125,1377,0,1377,-2,0,9,109
14,720,50.400000,22.608000,1,0,107581135,1377,0,1377,-2,0,9,109
14,720,50.400000,22.608000,1,0,107581146,1377,0,1377,-2,0,9,109
14,720,50.400000,22.608000,1,0,107581157,1377,0,1377,-2,0,9,109
14,720,50.400000,22.608000,1,0,107581169,1377,0,1377,-2,0,9,109
14,720,50.400000,22.608000,1,0,107581180,1377,0,1377,-2,0,9,109
14,720,50.400000,22.608000,1,0,107581190,1377,0,1377,-2,0,9,109
14,720,50.400000,22.608000,1,0,107581200,1377,0,1377,-2,0,9,109
14,720,50.400000,22.608000,1,0,107581210,1377,0,1377,-2,0,9,109
14,720,50.400000,22.608000,1,0,107581221,1377,0,1377,-2,0,9,109
14,720,50.400000,22.608000,1,0,107581240,1377,0,1377,-2,0,9,109
14,720,50.400000,22.608000,1,0,107581250,1375,1,1375,-1,0,9,109
14,720,50.400000,22.608000,1,0,107581261,1372,1,1372,-1,0,9,109
14,720,50.400000,22.608000,1,0,107581273,1368,1,1368,-1,0,9,109
14,720,50.400000,22.608000,1,0,107581285,1363,1,1363,-1,0,9,109
14,720,50.400000,22.608000,1,0,107581296,1356,1,1356,-1,0,9,109
14,720,50.400000,22.608000,1,0,107581307,1349,2,1349,0,0,9,109
14,720,50.400000,22.608000,1,0,107581318,1344,2,1344,0,0,9,109
14,720,50.400000,22.608000,1,0,107581328,1340,2,1340,0,0,9,109
14,720,50.400000,22.608000,1,0,107581339,1337,2,1337,0,0,9,109
14,720,50.400000,22.608000,1,0,107581348,1335,2,1335,0,0,9,109
14,720,50.400000,22.608000,1,0,107581360,1334,2,1334,0,0,9,109
14,720,50.400000,22.608000,1,0,107581370,1334,2,1334,0,0,9,109
14,720,50.400000,22.608000,1,0,107581380,1334,2,1334,0,0,9,109
14,720,50.400000,22.608000,1,0,107581390,1334,2,1334,0,0,9,109
14,720,50.400000,22.608000,1,0,107581401,1334,2,1334,0,0,9,109
14,720,50.400000,22.608000,1,0,107581411,1334,2,1334,0,0,9,109
14,720,50.400000,22.608000,1,0,107581421,1334,2,1334,0,0,9,109
14,720,50.400000,22.608000,1,0,107581431,1334,2,1334,0,0,9,109
14,720,50.400000,22.608000,1,0,107581441,1334,2,1334,0,0,9,109
14,720,50.400000,22.608000,1,0,107581452,1334,2,1334,0,0,9,109
14,720,50.400000,22.608000,1,0,107581464,1334,2,1334,0,0,9,109
14,720,50.400000,22.608000,1,0,107581474,1334,2,1334,0,0,9,109
14,720,50.400000,22.608000,1,0,107581484,1334,2,1334,0,0,9,109
14,720,50.400000,22.608000,1,0,107581494,1334,2,1334,0,0,9,109
14,720,50.400000,22.608000,1,0,107581504,1334,2,1334,0,0,9,109
