5,720,21.600000,22.608000,0,0,273358133,600,0,600,0,0,0,36
5,720,21.600000,22.608000,0,0,273358134,600,0,600,0,0,0,36
5,720,21.600000,22.608000,0,0,273358144,600,0,600,0,0,0,36
5,720,21.600000,22.608000,0,0,273358154,600,0,600,0,0,0,36
5,720,21.600000,22.608000,0,0,273358164,600,0,600,0,0,0,36
5,720,21.600000,22.608000,0,0,273358174,601,0,601,0,0,0,36
5,720,21.600000,22.608000,0,0,273358184,602,0,602,0,0,0,36
5,720,21.600000,22.608000,0,0,273358195,606,0,606,-1,0,0,36
5,720,21.600000,22.608000,0,0,273358206,614,0,614,-1,0,0,36
5,720,21.600000,22.608000,0,0,273358218,628,0,628,-1,0,0,36
5,720,21.600000,22.608000,0,0,273358228,648,0,648,-1,0,0,36
5,720,21.600000,22.608000,0,0,273358239,674,0,674,-2,0,0,36
5,720,21.600000,22.608000,0,0,273358250,707,0,707,-2,0,0,36
5,720,21.600000,22.608000,0,0,273358261,750,1,750,-1,0,0,36
5,720,21.600000,22.608000,0,0,273358281,799,1,799,-1,0,0,36
5,720,21.600000,22.608000,0,0,273358291,901,4,901,2,0,0,36
5,720,21.600000,22.608000,0,0,273358302,955,6,955,4,0,0,36
5,720,21.600000,22.608000,0,0,273358313,1012,7,1012,5,0,0,36
5,720,21.600000,22.608000,0,0,273358324,1063,8,1063,6,0,0,36
5,720,21.600000,22.608000,0,0,273358335,1103,9,1103,7,0,0,36
5,720,21.600000,22.608000,0,0,273358346,1134,9,1134,7,0,0,36
5,720,21.600000,22.608000,0,0,273358358,1158,9,1158,7,0,0,36
5,720,21.600000,22.608000,0,0,273358368,1178,10,1178,8,0,0,36
5,720,21.600000,22.608000,0,0,273358380,1189,10,1189,8,0,0,36
5,720,21.600000,22.608000,0,0,273358392,1198,10,1198,8,0,0,36
5,720,21.600000,22.608000,0,0,273358402,1204,10,1204,8,0,0,36
5,720,21.600000,22.608000,0,0,273358415,1209,10,1209,8,0,0,36
5,720,21.600000,22.608000,0,0,273358426,1215,10,1215,8,0,0,36
5,720,21.600000,22.608000,0,0,273358437,1221,10,1221,8,0,0,36
5,720,21.600000,22.608000,0,0,273358447,1227,10,1227,8,0,0,36
5,720,21.600000,22.608000,0,0,273358457,1230,10,1230,8,0,0,36
5,720,21.600000,22.608000,0,0,273358466,1230,10,1230,8,0,0,36
5,720,21.600000,22.608000,0,0,273358477,1231,10,1231,8,0,0,36
5,720,21.600000,22.608000,0,0,273358487,1231,10,1231,8,0,0,36
5,720,21.600000,22.608000,0,0,273358497,1231,10,1231,8,0,0,36
5,720,21.600000,22.608000,0,0,273358507,1231,10,1231,8,0,0,36
5,720,21.600000,22.608000,0,0,273358517,1231,10,1231,8,0,0,36
5,720,21.600000,22.608000,0,0,273358527,1233,10,1233,8,0,0,36
5,720,21.600000,22.608000,0,0,273358537,1235,10,1235,8,0,0,36
5,720,21.600000,22.608000,0,0,273358548,1236,10,1236,8,0,0,36
5,720,21.600000,22.608000,0,0,273358557,1238,9,1238,7,0,0,36
5,720,21.600000,22.608000,0,0,273358567,1239,9,1239,7,0,0,36
5,720,21.600000,22.608000,0,0,273358576,1240,9,1240,7,0,0,36
5,720,21.600000,22.608000,0,0,273358587,1241,9,1241,7,0,0,36
5,720,21.600000,22.608000,0,0,273358596,1242,9,1242,7,0,0,36
5,720,21.600000,22.608000,0,0,273358606,1244,9,1244,7,0,0,36
5,720,21.600000,22.608000,0,0,273358617,1247,9,1247,7,0,0,36
5,720,21.600000,22.608000,0,0,273358627,1252,9,1252,7,0,0,36
5,720,21.600000,22.608000,0,0,273358637,1257,8,1257,6,0,0,36
5,720,21.600000,22.608000,0,0,273358648,1261,8,1261,6,0,0,36
5,720,21.600000,22.608000,0,0,273358660,1267,8,1267,6,0,0,36
5,720,21.600000,22.608000,0,0,273358671,1273,8,1273,6,0,0,36
5,720,21.600000,22.608000,0,0,273358681,1279,8,1279,6,0,0,36
5,720,21.600000,22.608000,0,0,273358692,1284,8,1284,6,0,0,36
5,720,21.600000,22.608000,0,0,273358703,1289,8,1289,6,0,0,36
5,720,21.600000,22.608000,0,0,273358714,1295,8,1295,6,0,0,36
5,720,21.600000,22.608000,0,0,273358724,1301,8,1301,6,0,0,36
5,720,21.600000,22.608000,0,0,273358735,1307,8,1307,6,0,0,36
5,720,21.600000,22.608000,0,0,273358745,1311,8,1311,6,0,0,36
5,720,21.600000,22.608000,0,0,273358756,1314,8,1314,6,0,0,36
5,720,21.600000,22.608000,0,0,273358766,1316,8,1316,6,0,0,36
5,720,21.600000,22.608000,0,0,273358776,1316,8,1316,6,0,0,36
5,720,21.600000,22.608000,0,0,273358786,1316,8,1316,6,0,0,36
5,720,21.600000,22.608000,0,0,273358796,1316,8,1316,6,0,0,36
5,720,21.600000,22.608000,0,0,273358815,1316,8,1316,6,0,0,36
5,720,21.600000,22.608000,0,0,273358824,1318,8,1318,6,0,0,36
5,720,21.600000,22.608000,0,0,273358835,1318,8,1318,6,0,0,36
5,720,21.600000,22.608000,0,0,273358845,1319,8,1319,6,0,0,36
5,720,21.600000,22.608000,0,0,273358855,1320,8,1320,6,0,0,36
5,720,21.600000,22.608000,0,0,273358865,1321,8,1321,6,0,0,36
5,720,21.600000,22.608000,0,0,273358875,1321,8,1321,6,0,0,36
5,720,21.600000,22.608000,0,0,273358894,1321,8,1321,6,0,0,36
5,720,21.600000,22.608000,0,0,273358905,1321,8,1321,6,0,0,36
5,720,21.600000,22.608000,0,0,273358915,1321,8,1321,6,0,0,36
5,720,21.600000,22.608000,0,0,273358925,1321,8,1321,6,0,0,36
5,720,21.600000,22.608000,0,0,273358934,1321,8,1321,6,0,0,36
5,720,21.600000,22.608000,0,0,273358944,1321,8,1321,6,0,0,36
5,720,21.600000,22.608000,0,0,273358955,1321,8,1321,6,0,0,36
5,720,21.600000,22.608000,0,0,273358976,1321,8,1321,6,0,0,36
5,720,21.600000,22.608000,0,0,273358987,1321,8,1321,6,0,0,36
