5,720,82.800000,10000.000000,1,0,273383682,600,0,600,0,0,0,54
5,720,82.800000,10000.000000,1,0,273383683,600,0,600,0,0,0,54
5,720,82.800000,10000.000000,1,0,273383701,600,0,600,0,0,0,54
5,720,82.800000,10000.000000,1,0,273383711,600,0,600,0,0,0,54
5,720,82.800000,10000.000000,1,0,273383720,600,0,600,0,0,0,54
5,720,82.800000,10000.000000,1,0,273383730,600,0,600,0,0,0,54
5,720,82.800000,10000.000000,1,0,273383741,601,0,601,0,0,0,54
5,720,82.800000,10000.000000,1,0,273383753,603,0,603,0,0,0,54
5,720,82.800000,10000.000000,1,0,273383764,609,0,609,0,0,0,54
5,720,82.800000,10000.000000,1,0,273383775,620,0,620,0,0,0,54
5,720,82.800000,10000.000000,1,0,273383786,635,0,635,0,0,0,54
5,720,82.800000,10000.000000,1,0,273383797,653,0,653,0,0,0,54
5,720,82.800000,10000.000000,1,0,273383808,676,0,676,0,0,0,54
5,720,82.800000,10000.000000,1,0,273383819,709,1,709,1,0,0,54
5,720,82.800000,10000.000000,1,0,273383830,756,3,756,3,0,0,54
5,720,82.800000,10000.000000,1,0,273383841,818,5,818,5,0,0,54
5,720,82.800000,10000.000000,1,0,273383852,876,6,876,6,0,0,54
5,720,82.800000,10000.000000,1,0,273383862,931,6,931,6,0,0,54
5,720,82.800000,10000.000000,1,0,273383875,987,7,987,7,0,0,54
5,720,82.800000,10000.000000,1,0,273383885,1036,7,1036,7,0,0,54
5,720,82.800000,10000.000000,1,0,273383897,1082,7,1082,7,0,0,54
5,720,82.800000,10000.000000,1,0,273383908,1119,8,1119,8,0,0,54
5,720,82.800000,10000.000000,1,0,273383919,1150,8,1150,8,0,0,54
5,720,82.800000,10000.000000,1,0,273383933,1171,8,1171,8,0,0,54
5,720,82.800000,10000.000000,1,0,273383944,1191,8,1191,8,0,0,54
5,720,82.800000,10000.000000,1,0,273383955,1208,8,1208,8,0,0,54
5,720,82.800000,10000.000000,1,0,273383966,1220,7,1220,7,0,0,54
5,720,82.800000,10000.000000,1,0,273383976,1228,6,1228,6,0,0,54
5,720,82.800000,10000.000000,1,0,273383988,1235,5,1235,5,0,0,54
5,720,82.800000,10000.000000,1,0,273383999,1241,4,1241,4,0,0,54
5,720,82.800000,10000.000000,1,0,273384009,1244,4,1244,4,0,0,54
5,720,82.800000,10000.000000,1,0,273384022,1249,4,1249,4,0,0,54
5,720,82.800000,10000.000000,1,0,273384034,1255,3,1255,3,0,0,54
5,720,82.800000,10000.000000,1,0,273384046,1260,3,1260,3,0,0,54
5,720,82.800000,10000.000000,1,0,273384057,1263,2,1263,2,0,0,54
5,720,82.800000,10000.000000,1,0,273384070,1266,2,1266,2,0,0,54
5,720,82.800000,10000.000000,1,0,273384081,1266,2,1266,2,0,0,54
5,720,82.800000,10000.000000,1,0,273384101,1267,1,1267,1,0,0,54
5,720,82.800000,10000.000000,1,0,273384112,1271,1,1271,1,0,0,54
5,720,82.800000,10000.000000,1,0,273384122,1274,1,1274,1,0,0,54
5,720,82.800000,10000.000000,1,0,273384133,1278,0,1278,0,0,0,54
5,720,82.800000,10000.000000,1,0,273384145,1282,0,1282,0,0,0,54
5,720,82.800000,10000.000000,1,0,273384156,1288,0,1288,-1,0,0,54
5,720,82.800000,10000.000000,1,0,273384167,1292,0,1292,-1,0,0,54
5,720,82.800000,10000.000000,1,0,273384177,1294,0,1294,-1,0,0,54
5,720,82.800000,10000.000000,1,0,273384187,1294,0,1294,-1,0,0,54
5,720,82.800000,10000.000000,1,0,273384196,1294,0,1294,-1,0,0,54
5,720,82.800000,10000.000000,1,0,273384207,1294,0,1294,-1,0,0,54
5,720,82.800000,10000.000000,1,0,273384216,1294,0,1294,-1,0,0,54
5,720,82.800000,10000.000000,1,0,273384226,1294,0,1294,-1,0,0,54
5,720,82.800000,10000.000000,1,0,273384236,1294,0,1294,-1,0,0,54
