5,360,82.800000,0.000000,0,0,273447548,780,0,780,0,0,0,101
5,360,82.800000,0.000000,0,0,273447549,780,0,780,0,0,0,101
5,360,82.800000,0.000000,0,0,273447559,780,0,780,0,0,0,101
5,360,82.800000,0.000000,0,0,273447569,780,0,780,0,0,0,101
5,360,82.800000,0.000000,0,0,273447579,780,0,780,0,0,0,101
5,360,82.800000,0.000000,0,0,273447589,780,0,780,0,0,0,101
5,360,82.800000,0.000000,0,0,273447599,780,0,780,0,0,0,101
5,360,82.800000,0.000000,0,0,273447610,781,0,781,0,0,0,101
5,360,82.800000,0.000000,0,0,273447621,785,0,785,0,0,0,101
5,360,82.800000,0.000000,0,0,273447631,792,0,792,0,0,0,101
5,360,82.800000,0.000000,0,0,273447646,804,0,804,0,0,0,101
5,360,82.800000,0.000000,0,0,273447659,830,0,830,-2,0,0,101
5,360,82.800000,0.000000,0,0,273447671,873,0,873,-2,0,0,101
5,360,82.800000,0.000000,0,0,273447682,926,0,926,-3,0,0,101
5,360,82.800000,0.000000,0,0,273447693,962,0,962,-4,0,0,101
5,360,82.800000,0.000000,0,0,273447704,1004,0,1004,-5,0,0,101
5,360,82.800000,0.000000,0,0,273447714,1047,0,1047,-6,0,0,101
5,360,82.800000,0.000000,0,0,273447727,1077,0,1077,-7,0,0,101
5,360,82.800000,0.000000,0,0,273447738,1107,0,1107,-8,0,0,101
5,360,82.800000,0.000000,0,0,273447749,1136,0,1136,-9,0,0,101
5,360,82.800000,0.000000,0,0,273447760,1159,0,1159,-9,0,0,101
5,360,82.800000,0.000000,0,0,273447771,1173,0,1173,-9,0,0,101
5,360,82.800000,0.000000,0,0,273447782,1182,0,1182,-9,0,0,101
5,360,82.800000,0.000000,0,0,273447793,1188,0,1188,-10,0,0,101
5,360,82.800000,0.000000,0,0,273447804,1191,0,1191,-10,0,0,101
5,360,82.800000,0.000000,0,0,273447815,1193,0,1193,-10,0,0,101
5,360,82.800000,0.000000,0,0,273447826,1195,0,1195,-10,0,0,101
5,360,82.800000,0.000000,0,0,273447837,1197,0,1197,-10,0,0,101
5,360,82.800000,0.000000,0,0,273447847,1198,0,1198,-11,0,0,101
5,360,82.800000,0.000000,0,0,273447857,1200,0,1200,-12,0,0,101
5,360,82.800000,0.000000,0,0,273447869,1200,0,1200,-12,0,0,101
5,360,82.800000,0.000000,0,0,273447881,1201,0,1201,-12,0,0,101
5,360,82.800000,0.000000,0,0,273447891,1201,0,1201,-12,0,0,101
5,360,82.800000,0.000000,0,0,273447901,1201,0,1201,-12,0,0,101
5,360,82.800000,0.000000,0,0,273447911,1201,0,1201,-12,0,0,101
5,360,82.800000,0.000000,0,0,273447921,1201,0,1201,-12,0,0,101
5,360,82.800000,0.000000,0,0,273447931,1201,0,1201,-12,0,0,101
5,360,82.800000,0.000000,0,0,273447940,1201,0,1201,-12,0,0,101
5,360,82.800000,0.000000,0,0,273447951,1201,0,1201,-12,0,0,101
5,360,82.800000,0.000000,0,0,273447962,1201,0,1201,-12,0,0,101
5,360,82.800000,0.000000,0,0,273447972,1200,0,1200,-12,0,0,101
5,360,82.800000,0.000000,0,0,273447986,1198,0,1198,-12,0,0,101
5,360,82.800000,0.000000,0,0,273447996,1195,0,1195,-12,0,0,101
5,360,82.800000,0.000000,0,0,273448007,1191,0,1191,-13,0,0,101
5,360,82.800000,0.000000,0,0,273448018,1185,0,1185,-14,0,0,101
5,360,82.800000,0.000000,0,0,273448030,1176,0,1176,-15,0,0,101
5,360,82.800000,0.000000,0,0,273448042,1166,0,1166,-15,0,0,101
5,360,82.800000,0.000000,0,0,273448065,1158,0,1158,-16,0,0,101
5,360,82.800000,0.000000,0,0,273448086,1148,0,1148,-16,0,0,101
5,360,82.800000,0.000000,0,0,273448097,1146,0,1146,-16,0,0,101
5,360,82.800000,0.000000,0,0,273448107,1146,0,1146,-16,0,0,101
5,360,82.800000,0.000000,0,0,273448125,1146,0,1146,-16,0,0,101
5,360,82.800000,0.000000,0,0,273448135,1146,0,1146,-16,0,0,101
