5,360,50.400000,22.608000,1,1,273429729,780,22,780,22,0,0,87
5,360,50.400000,22.608000,1,1,273429730,780,22,780,22,0,0,87
5,360,50.400000,22.608000,1,1,273429740,780,22,780,22,0,0,87
5,360,50.400000,22.608000,1,1,273429749,780,22,780,22,0,0,87
5,360,50.400000,22.608000,1,1,273429760,780,22,780,22,0,0,87
5,360,50.400000,22.608000,1,1,273429771,780,22,780,22,0,0,87
5,360,50.400000,22.608000,1,1,273429781,781,22,781,22,0,0,87
5,360,50.400000,22.608000,1,1,273429792,785,22,785,22,0,0,87
5,360,50.400000,22.608000,1,1,273429802,792,22,792,22,0,0,87
5,360,50.400000,22.608000,1,1,273429815,803,22,803,22,0,0,87
5,360,50.400000,22.608000,1,1,273429826,826,21,826,21,0,0,87
5,360,50.400000,22.608000,1,1,273429837,848,21,848,21,0,0,87
5,360,50.400000,22.608000,1,1,273429848,872,20,872,20,0,0,87
5,360,50.400000,22.608000,1,1,273429858,899,19,899,19,0,0,87
5,360,50.400000,22.608000,1,1,273429868,923,18,923,18,0,0,87
5,360,50.400000,22.608000,1,1,273429879,943,17,943,17,0,0,87
5,360,50.400000,22.608000,1,1,273429890,966,15,966,15,0,0,87
5,360,50.400000,22.608000,1,1,273429901,986,15,986,15,0,0,87
5,360,50.400000,22.608000,1,1,273429912,1004,14,1004,14,0,0,87
5,360,50.400000,22.608000,1,1,273429924,1021,13,1021,13,0,0,87
5,360,50.400000,22.608000,1,1,273429935,1037,13,1037,13,0,0,87
5,360,50.400000,22.608000,1,1,273429945,1050,12,1050,12,0,0,87
5,360,50.400000,22.608000,1,1,273429956,1059,11,1059,11,0,0,87
5,360,50.400000,22.608000,1,1,273429976,1067,11,1067,11,0,0,87
5,360,50.400000,22.608000,1,1,273429987,1076,9,1076,9,0,0,87
5,360,50.400000,22.608000,1,1,273429999,1079,9,1079,9,0,0,87
5,360,50.400000,22.608000,1,1,273430010,1083,8,1083,8,0,0,87
5,360,50.400000,22.608000,1,1,273430020,1086,8,1086,8,0,0,87
5,360,50.400000,22.608000,1,1,273430031,1091,7,1091,7,0,0,87
5,360,50.400000,22.608000,1,1,273430042,1096,7,1096,7,0,0,87
5,360,50.400000,22.608000,1,1,273430052,1100,6,1100,6,0,0,87
5,360,50.400000,22.608000,1,1,273430062,1103,6,1103,6,0,0,87
5,360,50.400000,22.608000,1,1,273430074,1105,6,1105,6,0,0,87
5,360,50.400000,22.608000,1,1,273430085,1107,6,1107,6,0,0,87
5,360,50.400000,22.608000,1,1,273430097,1109,6,1109,6,0,0,87
5,360,50.400000,22.608000,1,1,273430108,1112,6,1112,6,0,0,87
5,360,50.400000,22.608000,1,1,273430118,1115,6,1115,6,0,0,87
5,360,50.400000,22.608000,1,1,273430130,1118,5,1118,5,0,0,87
5,360,50.400000,22.608000,1,1,273430141,1122,4,1122,4,0,0,87
5,360,50.400000,22.608000,1,1,273430153,1127,4,1127,4,0,0,87
5,360,50.400000,22.608000,1,1,273430174,1131,3,1131,3,0,0,87
5,360,50.400000,22.608000,1,1,273430195,1135,2,1135,2,0,0,87
5,360,50.400000,22.608000,1,1,273430207,1136,2,1136,2,0,0,87
5,360,50.400000,22.608000,1,1,273430226,1136,2,1136,2,0,0,87
5,360,50.400000,22.608000,1,1,273430237,1136,2,1136,2,0,0,87
5,360,50.400000,22.608000,1,1,273430256,1136,2,1136,2,0,0,87
