5,360,21.600000,12.276000,0,0,273350699,780,0,780,0,0,0,31
5,360,21.600000,12.276000,0,0,273350699,780,0,780,0,0,0,31
5,360,21.600000,12.276000,0,0,273350709,780,0,780,0,0,0,31
5,360,21.600000,12.276000,0,0,273350720,780,0,780,0,0,0,31
5,360,21.600000,12.276000,0,0,273350729,780,0,780,0,0,0,31
5,360,21.600000,12.276000,0,0,273350739,780,0,780,0,0,0,31
5,360,21.600000,12.276000,0,0,273350748,780,0,780,0,0,0,31
5,360,21.600000,12.276000,0,0,273350758,780,0,780,0,0,0,31
5,360,21.600000,12.276000,0,0,273350768,780,0,780,0,0,0,31
5,360,21.600000,12.276000,0,0,273350779,780,0,780,0,0,0,31
5,360,21.600000,12.276000,0,0,273350789,780,0,780,0,0,0,31
5,360,21.600000,12.276000,0,0,273350799,780,0,780,0,0,0,31
5,360,21.600000,12.276000,0,0,273350809,780,0,780,0,0,0,31
5,360,21.600000,12.276000,0,0,273350819,781,0,781,0,0,0,31
5,360,21.600000,12.276000,0,0,273350830,781,0,781,0,0,0,31
5,360,21.600000,12.276000,0,0,273350841,783,0,783,0,0,0,31
5,360,21.600000,12.276000,0,0,273350852,789,0,789,-1,0,0,31
5,360,21.600000,12.276000,0,0,273350864,798,0,798,-1,0,0,31
5,360,21.600000,12.276000,0,0,273350874,814,0,814,-1,0,0,31
5,360,21.600000,12.276000,0,0,273350885,831,0,831,-1,0,0,31
5,360,21.600000,12.276000,0,0,273350896,853,0,853,-1,0,0,31
5,360,21.600000,12.276000,0,0,273350907,877,0,877,-1,0,0,31
5,360,21.600000,12.276000,0,0,273350917,901,0,901,-1,0,0,31
5,360,21.600000,12.276000,0,0,273350928,926,0,926,-1,0,0,31
5,360,21.600000,12.276000,0,0,273350939,946,0,946,-1,0,0,31
5,360,21.600000,12.276000,0,0,273350950,968,0,968,-1,0,0,31
5,360,21.600000,12.276000,0,0,273350962,986,0,986,-1,0,0,31
5,360,21.600000,12.276000,0,0,273350973,1007,0,1007,-1,0,0,31
5,360,21.600000,12.276000,0,0,273350987,1021,0,1021,-1,0,0,31
5,360,21.600000,12.276000,0,0,273350999,1038,0,1038,-1,0,0,31
5,360,21.600000,12.276000,0,0,273351019,1049,0,1049,-1,0,0,31
5,360,21.600000,12.276000,0,0,273351031,1064,0,1064,-1,0,0,31
5,360,21.600000,12.276000,0,0,273351042,1069,0,1069,-1,0,0,31
5,360,21.600000,12.276000,0,0,273351052,1073,0,1073,-1,0,0,31
5,360,21.600000,12.276000,0,0,273351062,1077,0,1077,-1,0,0,31
5,360,21.600000,12.276000,0,0,273351073,1083,0,1083,-1,0,0,31
5,360,21.600000,12.276000,0,0,273351084,1088,0,1088,-1,0,0,31
5,360,21.600000,12.276000,0,0,273351098,1093,0,1093,-1,0,0,31
5,360,21.600000,12.276000,0,0,273351110,1099,0,1099,-1,0,0,31
5,360,21.600000,12.276000,0,0,273351132,1104,0,1104,-1,0,0,31
5,360,21.600000,12.276000,0,0,273351153,1111,0,1111,-1,0,0,31
5,360,21.600000,12.276000,0,0,273351163,1113,0,1113,-1,0,0,31
5,360,21.600000,12.276000,0,0,273351175,1114,0,1114,-1,0,0,31
5,360,21.600000,12.276000,0,0,273351187,1118,0,1118,-1,0,0,31
5,360,21.600000,12.276000,0,0,273351208,1123,0,1123,-1,0,0,31
5,360,21.600000,12.276000,0,0,273351219,1138,1,1138,0,0,0,31
5,360,21.600000,12.276000,0,0,273351230,1148,1,1148,0,0,0,31
5,360,21.600000,12.276000,0,0,273351239,1155,1,1155,0,0,0,31
5,360,21.600000,12.276000,0,0,273351251,1158,1,1158,0,0,0,31
5,360,21.600000,12.276000,0,0,273351261,1159,1,1159,0,0,0,31
5,360,21.600000,12.276000,0,0,273351271,1160,1,1160,0,0,0,31
5,360,21.600000,12.276000,0,0,273351281,1160,1,1160,0,0,0,31
5,360,21.600000,12.276000,0,0,273351291,1160,1,1160,0,0,0,31
5,360,21.600000,12.276000,0,0,273351301,1161,1,1161,0,0,0,31
5,360,21.600000,12.276000,0,0,273351311,1162,1,1162,0,0,0,31
5,360,21.600000,12.276000,0,0,273351321,1163,1,1163,0,0,0,31
5,360,21.600000,12.276000,0,0,273351331,1165,1,1165,0,0,0,31
5,360,21.600000,12.276000,0,0,273351341,1166,1,1166,0,0,0,31
5,360,21.600000,12.276000,0,0,273351352,1166,1,1166,0,0,0,31
5,360,21.600000,12.276000,0,0,273351371,1166,1,1166,0,0,0,31
5,360,21.600000,12.276000,0,0,273351382,1166,1,1166,0,0,0,31
5,360,21.600000,12.276000,0,0,273351391,1166,1,1166,0,0,0,31
5,360,21.600000,12.276000,0,0,273351401,1166,1,1166,0,0,0,31
5,360,21.600000,12.276000,0,0,273351410,1166,1,1166,0,0,0,31
5,360,21.600000,12.276000,0,0,273351420,1166,1,1166,0,0,0,31
5,360,21.600000,12.276000,0,0,273351430,1166,2,1166,1,0,0,31
5,360,21.600000,12.276000,0,0,273351439,1165,2,1165,1,0,0,31
5,360,21.600000,12.276000,0,0,273351450,1164,2,1164,1,0,0,31
5,360,21.600000,12.276000,0,0,273351460,1163,3,1163,2,0,0,31
5,360,21.600000,12.276000,0,0,273351479,1163,3,1163,2,0,0,31
5,360,21.600000,12.276000,0,0,273351490,1160,4,1160,3,0,0,31
5,360,21.600000,12.276000,0,0,273351501,1158,4,1158,3,0,0,31
5,360,21.600000,12.276000,0,0,273351510,1156,5,1156,4,0,0,31
5,360,21.600000,12.276000,0,0,273351520,1153,5,1153,4,0,0,31
5,360,21.600000,12.276000,0,0,273351531,1152,6,1152,5,0,0,31
5,360,21.600000,12.276000,0,0,273351541,1150,6,1150,5,0,0,31
5,360,21.600000,12.276000,0,0,273351551,1149,6,1149,5,0,0,31
5,360,21.600000,12.276000,0,0,273351561,1148,6,1148,5,0,0,31
5,360,21.600000,12.276000,0,0,273351571,1147,6,1147,5,0,0,31
5,360,21.600000,12.276000,0,0,273351581,1145,7,1145,6,0,0,31
5,360,21.600000,12.276000,0,0,273351591,1143,7,1143,6,0,0,31
5,360,21.600000,12.276000,0,0,273351601,1142,7,1142,6,0,0,31
5,360,21.600000,12.276000,0,0,273351611,1141,7,1141,6,0,0,31
5,360,21.600000,12.276000,0,0,273351620,1140,7,1140,6,0,0,31
5,360,21.600000,12.276000,0,0,273351630,1140,7,1140,6,0,0,31
5,360,21.600000,12.276000,0,0,273351639,1140,7,1140,6,0,0,31
5,360,21.600000,12.276000,0,0,273351650,1140,7,1140,6,0,0,31
5,360,21.600000,12.276000,0,0,273351659,1140,7,1140,6,0,0,31
5,360,21.600000,12.276000,0,0,273351669,1140,7,1140,6,0,0,31
5,360,21.600000,12.276000,0,0,273351678,1140,7,1140,6,0,0,31
5,360,21.600000,12.276000,0,0,273351688,1140,7,1140,6,0,0,31
5,360,21.600000,12.276000,0,0,273351698,1140,7,1140,6,0,0,31
5,360,21.600000,12.276000,0,0,273351708,1140,7,1140,6,0,0,31
5,360,21.600000,12.276000,0,0,273351717,1140,7,1140,6,0,0,31
5,360,21.600000,12.276000,0,0,273351727,1140,7,1140,6,0,0,31
5,360,21.600000,12.276000,0,0,273351736,1140,7,1140,6,0,0,31
