5,360,82.800000,42.984000,0,1,273573393,780,22,780,22,0,1,65
5,360,82.800000,42.984000,0,1,273573394,780,22,780,22,0,1,65
5,360,82.800000,42.984000,0,1,273573405,780,22,780,22,0,1,65
5,360,82.800000,42.984000,0,1,273573416,780,22,780,22,0,1,65
5,360,82.800000,42.984000,0,1,273573427,780,21,780,21,0,1,65
5,360,82.800000,42.984000,0,1,273573437,780,21,780,21,0,1,65
5,360,82.800000,42.984000,0,1,273573448,780,21,780,21,0,1,65
5,360,82.800000,42.984000,0,1,273573458,782,21,782,21,0,1,65
5,360,82.800000,42.984000,0,1,273573469,788,20,788,20,0,1,65
5,360,82.800000,42.984000,0,1,273573481,800,18,800,18,0,1,65
5,360,82.800000,42.984000,0,1,273573491,823,15,823,15,0,1,65
5,360,82.800000,42.984000,0,1,273573502,853,12,853,12,0,1,65
5,360,82.800000,42.984000,0,1,273573512,887,9,887,9,0,1,65
5,360,82.800000,42.984000,0,1,273573523,934,8,934,8,0,1,65
5,360,82.800000,42.984000,0,1,273573533,982,6,982,6,0,1,65
5,360,82.800000,42.984000,0,1,273573544,1023,4,1023,4,0,1,65
5,360,82.800000,42.984000,0,1,273573555,1059,2,1059,2,0,1,65
5,360,82.800000,42.984000,0,1,273573566,1089,1,1089,1,0,1,65
5,360,82.800000,42.984000,0,1,273573576,1111,0,1111,-1,0,1,65
5,360,82.800000,42.984000,0,1,273573586,1124,0,1124,-3,0,1,65
5,360,82.800000,42.984000,0,1,273573597,1133,0,1133,-4,0,1,65
5,360,82.800000,42.984000,0,1,273573607,1138,0,1138,-5,0,1,65
5,360,82.800000,42.984000,0,1,273573618,1141,0,1141,-6,0,1,65
5,360,82.800000,42.984000,0,1,273573630,1144,0,1144,-6,0,1,65
5,360,82.800000,42.984000,0,1,273573642,1147,0,1147,-6,0,1,65
5,360,82.800000,42.984000,0,1,273573653,1153,0,1153,-6,0,1,65
5,360,82.800000,42.984000,0,1,273573674,1158,0,1158,-7,0,1,65
5,360,82.800000,42.984000,0,1,273573692,1165,0,1165,-7,0,1,65
5,360,82.800000,42.984000,0,1,273573703,1165,0,1165,-8,0,1,65
5,360,82.800000,42.984000,0,1,273573715,1165,0,1165,-8,0,1,65
5,360,82.800000,42.984000,0,1,273573726,1165,0,1165,-8,0,1,65
5,360,82.800000,42.984000,0,1,273573736,1165,0,1165,-8,0,1,65
5,360,82.800000,42.984000,0,1,273573747,1165,0,1165,-8,0,1,65
5,360,82.800000,42.984000,0,1,273573756,1165,0,1165,-8,0,1,65
5,360,82.800000,42.984000,0,1,273573766,1165,0,1165,-8,0,1,65
5,360,82.800000,42.984000,0,1,273573776,1165,0,1165,-8,0,1,65
5,360,82.800000,42.984000,0,1,273573786,1165,0,1165,-8,0,1,65
5,360,82.800000,42.984000,0,1,273573796,1165,0,1165,-8,0,1,65
5,360,82.800000,42.984000,0,1,273573806,1165,0,1165,-8,0,1,65
