5,360,50.400000,12.276000,0,0,273552202,780,0,780,0,0,1,50
5,360,50.400000,12.276000,0,0,273552203,780,0,780,0,0,1,50
5,360,50.400000,12.276000,0,0,273552213,780,0,780,0,0,1,50
5,360,50.400000,12.276000,0,0,273552224,780,0,780,0,0,1,50
5,360,50.400000,12.276000,0,0,273552236,780,0,780,0,0,1,50
5,360,50.400000,12.276000,0,0,273552246,780,0,780,0,0,1,50
5,360,50.400000,12.276000,0,0,273552257,780,0,780,0,0,1,50
5,360,50.400000,12.276000,0,0,273552268,780,0,780,0,0,1,50
5,360,50.400000,12.276000,0,0,273552278,780,0,780,0,0,1,50
5,360,50.400000,12.276000,0,0,273552289,780,0,780,0,0,1,50
5,360,50.400000,12.276000,0,0,273552299,780,0,780,0,0,1,50
5,360,50.400000,12.276000,0,0,273552313,783,0,783,0,0,1,50
5,360,50.400000,12.276000,0,0,273552323,790,0,790,0,0,1,50
5,360,50.400000,12.276000,0,0,273552334,798,0,798,-1,0,1,50
5,360,50.400000,12.276000,0,0,273552345,811,0,811,-3,0,1,50
5,360,50.400000,12.276000,0,0,273552356,831,0,831,-5,0,1,50
5,360,50.400000,12.276000,0,0,273552367,852,0,852,-5,0,1,50
5,360,50.400000,12.276000,0,0,273552378,882,0,882,-6,0,1,50
5,360,50.400000,12.276000,0,0,273552389,916,0,916,-6,0,1,50
5,360,50.400000,12.276000,0,0,273552399,944,0,944,-6,0,1,50
5,360,50.400000,12.276000,0,0,273552410,975,0,975,-7,0,1,50
5,360,50.400000,12.276000,0,0,273552420,996,0,996,-8,0,1,50
5,360,50.400000,12.276000,0,0,273552431,1013,0,1013,-10,0,1,50
5,360,50.400000,12.276000,0,0,273552441,1026,0,1026,-11,0,1,50
5,360,50.400000,12.276000,0,0,273552452,1035,0,1035,-12,0,1,50
5,360,50.400000,12.276000,0,0,273552463,1039,0,1039,-13,0,1,50
5,360,50.400000,12.276000,0,0,273552473,1043,0,1043,-14,0,1,50
5,360,50.400000,12.276000,0,0,273552485,1047,0,1047,-14,0,1,50
5,360,50.400000,12.276000,0,0,273552496,1052,0,1052,-14,0,1,50
5,360,50.400000,12.276000,0,0,273552507,1056,0,1056,-15,0,1,50
5,360,50.400000,12.276000,0,0,273552518,1059,0,1059,-15,0,1,50
5,360,50.400000,12.276000,0,0,273552530,1061,0,1061,-15,0,1,50
5,360,50.400000,12.276000,0,0,273552541,1062,0,1062,-15,0,1,50
5,360,50.400000,12.276000,0,0,273552552,1063,0,1063,-15,0,1,50
5,360,50.400000,12.276000,0,0,273552565,1065,0,1065,-16,0,1,50
5,360,50.400000,12.276000,0,0,273552587,1066,0,1066,-16,0,1,50
5,360,50.400000,12.276000,0,0,273552599,1070,0,1070,-18,0,1,50
5,360,50.400000,12.276000,0,0,273552610,1073,0,1073,-18,0,1,50
5,360,50.400000,12.276000,0,0,273552622,1076,0,1076,-19,0,1,50
5,360,50.400000,12.276000,0,0,273552633,1078,0,1078,-19,0,1,50
5,360,50.400000,12.276000,0,0,273552645,1081,0,1081,-20,0,1,50
5,360,50.400000,12.276000,0,0,273552655,1082,0,1082,-20,0,1,50
5,360,50.400000,12.276000,0,0,273552666,1082,0,1082,-20,0,1,50
5,360,50.400000,12.276000,0,0,273552677,1082,0,1082,-20,0,1,50
5,360,50.400000,12.276000,0,0,273552688,1082,0,1082,-20,0,1,50
5,360,50.400000,12.276000,0,0,273552699,1082,0,1082,-20,0,1,50
5,360,50.400000,12.276000,0,0,273552710,1082,0,1082,-20,0,1,50
5,360,50.400000,12.276000,0,0,273552720,1082,0,1082,-20,0,1,50
5,360,50.400000,12.276000,0,0,273552731,1082,0,1082,-20,0,1,50
5,360,50.400000,12.276000,0,0,273552741,1082,0,1082,-20,0,1,50
5,360,50.400000,12.276000,0,0,273552753,1082,0,1082,-20,0,1,50
5,360,50.400000,12.276000,0,0,273552764,1082,0,1082,-20,0,1,50
5,360,50.400000,12.276000,0,0,273552775,1082,0,1082,-20,0,1,50
5,360,50.400000,12.276000,0,0,273552785,1082,0,1082,-20,0,1,50
5,360,50.400000,12.276000,0,0,273552796,1082,0,1082,-20,0,1,50
5,360,50.400000,12.276000,0,0,273552807,1082,0,1082,-20,0,1,50
5,360,50.400000,12.276000,0,0,273552818,1082,0,1082,-20,0,1,50
5,360,50.400000,12.276000,0,0,273552829,1082,0,1082,-20,0,1,50
5,360,50.400000,12.276000,0,0,273552842,1082,0,1082,-20,0,1,50
5,360,50.400000,12.276000,0,0,273552855,1082,0,1082,-20,0,1,50
5,360,50.400000,12.276000,0,0,273552865,1084,0,1084,-20,0,1,50
5,360,50.400000,12.276000,0,0,273552876,1086,0,1086,-20,0,1,50
5,360,50.400000,12.276000,0,0,273552887,1088,0,1088,-21,0,1,50
5,360,50.400000,12.276000,0,0,273552897,1090,0,1090,-21,0,1,50
5,360,50.400000,12.276000,0,0,273552908,1092,0,1092,-21,0,1,50
5,360,50.400000,12.276000,0,0,273552918,1094,0,1094,-21,0,1,50
5,360,50.400000,12.276000,0,0,273552929,1096,0,1096,-22,0,1,50
5,360,50.400000,12.276000,0,0,273552940,1097,0,1097,-22,0,1,50
5,360,50.400000,12.276000,0,0,273552950,1098,0,1098,-22,0,1,50
5,360,50.400000,12.276000,0,0,273552961,1098,0,1098,-22,0,1,50
5,360,50.400000,12.276000,0,0,273552971,1098,0,1098,-22,0,1,50
5,360,50.400000,12.276000,0,0,273552982,1098,0,1098,-22,0,1,50
5,360,50.400000,12.276000,0,0,273552993,1099,0,1099,-22,0,1,50
5,360,50.400000,12.276000,0,0,273553004,1100,0,1100,-22,0,1,50
5,360,50.400000,12.276000,0,0,273553014,1101,0,1101,-22,0,1,50
5,360,50.400000,12.276000,0,0,273553025,1101,0,1101,-22,0,1,50
5,360,50.400000,12.276000,0,0,273553036,1101,0,1101,-22,0,1,50
5,360,50.400000,12.276000,0,0,273553047,1101,0,1101,-22,0,1,50
5,360,50.400000,12.276000,0,0,273553057,1101,0,1101,-22,0,1,50
5,360,50.400000,12.276000,0,0,273553068,1101,0,1101,-22,0,1,50
5,360,50.400000,12.276000,0,0,273553079,1102,0,1102,-23,0,1,50
5,360,50.400000,12.276000,0,0,273553089,1105,0,1105,-23,0,1,50
5,360,50.400000,12.276000,0,0,273553100,1108,0,1108,-23,0,1,50
5,360,50.400000,12.276000,0,0,273553111,1112,0,1112,-24,0,1,50
5,360,50.400000,12.276000,0,0,273553121,1115,0,1115,-24,0,1,50
5,360,50.400000,12.276000,0,0,273553133,1117,0,1117,-24,0,1,50
5,360,50.400000,12.276000,0,0,273553143,1119,0,1119,-24,0,1,50
5,360,50.400000,12.276000,0,0,273553153,1121,0,1121,-24,0,1,50
5,360,50.400000,12.276000,0,0,273553163,1121,0,1121,-24,0,1,50
5,360,50.400000,12.276000,0,0,273553173,1121,0,1121,-24,0,1,50
5,360,50.400000,12.276000,0,0,273553184,1121,0,1121,-24,0,1,50
5,360,50.400000,12.276000,0,0,273553194,1121,0,1121,-24,0,1,50
5,360,50.400000,12.276000,0,0,273553205,1122,0,1122,-24,0,1,50
5,360,50.400000,12.276000,0,0,273553215,1122,0,1122,-24,0,1,50
5,360,50.400000,12.276000,0,0,273553225,1122,0,1122,-24,0,1,50
5,360,50.400000,12.276000,0,0,273553236,1122,0,1122,-24,0,1,50
5,360,50.400000,12.276000,0,0,273553246,1123,0,1123,-24,0,1,50
5,360,50.400000,12.276000,0,0,273553256,1124,0,1124,-24,0,1,50
5,360,50.400000,12.276000,0,0,273553267,1125,0,1125,-24,0,1,50
5,360,50.400000,12.276000,0,0,273553277,1126,0,1126,-25,0,1,50
5,360,50.400000,12.276000,0,0,273553288,1126,0,1126,-25,0,1,50
5,360,50.400000,12.276000,0,0,273553298,1126,0,1126,-25,0,1,50
5,360,50.400000,12.276000,0,0,273553308,1126,0,1126,-25,0,1,50
5,360,50.400000,12.276000,0,0,273553318,1126,0,1126,-25,0,1,50
