5,720,82.800000,42.984000,1,0,273507310,600,0,600,0,0,1,20
5,720,82.800000,42.984000,1,0,273507311,600,0,600,0,0,1,20
5,720,82.800000,42.984000,1,0,273507322,600,0,600,0,0,1,20
5,720,82.800000,42.984000,1,0,273507331,600,0,600,0,0,1,20
5,720,82.800000,42.984000,1,0,273507341,600,0,600,0,0,1,20
5,720,82.800000,42.984000,1,0,273507351,600,0,600,0,0,1,20
5,720,82.800000,42.984000,1,0,273507361,600,0,600,0,0,1,20
5,720,82.800000,42.984000,1,0,273507371,600,0,600,0,0,1,20
5,720,82.800000,42.984000,1,0,273507381,602,0,602,0,0,1,20
5,720,82.800000,42.984000,1,0,273507391,603,0,603,0,0,1,20
5,720,82.800000,42.984000,1,0,273507405,605,0,605,0,0,1,20
5,720,82.800000,42.984000,1,0,273507416,612,0,612,0,0,1,20
5,720,82.800000,42.984000,1,0,273507436,621,0,621,0,0,1,20
5,720,82.800000,42.984000,1,0,273507447,656,0,656,-1,0,1,20
5,720,82.800000,42.984000,1,0,273507458,688,0,688,-1,0,1,20
5,720,82.800000,42.984000,1,0,273507469,722,0,722,-1,0,1,20
5,720,82.800000,42.984000,1,0,273507480,770,0,770,-1,0,1,20
5,720,82.800000,42.984000,1,0,273507491,825,0,825,-1,0,1,20
5,720,82.800000,42.984000,1,0,273507503,881,0,881,-1,0,1,20
5,720,82.800000,42.984000,1,0,273507523,940,1,940,0,0,1,20
5,720,82.800000,42.984000,1,0,273507534,1051,3,1051,2,0,1,20
5,720,82.800000,42.984000,1,0,273507552,1107,4,1107,3,0,1,20
5,720,82.800000,42.984000,1,0,273507563,1175,4,1175,3,0,1,20
5,720,82.800000,42.984000,1,0,273507574,1205,5,1205,4,0,1,20
5,720,82.800000,42.984000,1,0,273507585,1226,5,1226,4,0,1,20
5,720,82.800000,42.984000,1,0,273507597,1242,5,1242,4,0,1,20
5,720,82.800000,42.984000,1,0,273507607,1256,5,1256,4,0,1,20
5,720,82.800000,42.984000,1,0,273507618,1264,5,1264,4,0,1,20
5,720,82.800000,42.984000,1,0,273507629,1268,5,1268,4,0,1,20
5,720,82.800000,42.984000,1,0,273507639,1270,5,1270,4,0,1,20
5,720,82.800000,42.984000,1,0,273507653,1271,5,1271,4,0,1,20
5,720,82.800000,42.984000,1,0,273507664,1272,5,1272,4,0,1,20
5,720,82.800000,42.984000,1,0,273507687,1272,5,1272,4,0,1,20
5,720,82.800000,42.984000,1,0,273507707,1273,5,1273,4,0,1,20
5,720,82.800000,42.984000,1,0,273507717,1275,5,1275,4,0,1,20
5,720,82.800000,42.984000,1,0,273507727,1277,5,1277,4,0,1,20
5,720,82.800000,42.984000,1,0,273507737,1279,5,1279,4,0,1,20
5,720,82.800000,42.984000,1,0,273507759,1282,5,1282,4,0,1,20
5,720,82.800000,42.984000,1,0,273507769,1290,3,1290,2,0,1,20
5,720,82.800000,42.984000,1,0,273507779,1292,3,1292,2,0,1,20
5,720,82.800000,42.984000,1,0,273507790,1293,3,1293,2,0,1,20
5,720,82.800000,42.984000,1,0,273507800,1294,3,1294,2,0,1,20
5,720,82.800000,42.984000,1,0,273507810,1294,3,1294,2,0,1,20
5,720,82.800000,42.984000,1,0,273507820,1294,3,1294,2,0,1,20
5,720,82.800000,42.984000,1,0,273507831,1294,3,1294,2,0,1,20
5,720,82.800000,42.984000,1,0,273507842,1294,3,1294,2,0,1,20
5,720,82.800000,42.984000,1,0,273507852,1294,3,1294,2,0,1,20
5,720,82.800000,42.984000,1,0,273507863,1294,3,1294,2,0,1,20
5,720,82.800000,42.984000,1,0,273507873,1294,2,1294,1,0,1,20
5,720,82.800000,42.984000,1,0,273507883,1294,2,1294,1,0,1,20
5,720,82.800000,42.984000,1,0,273507893,1294,2,1294,1,0,1,20
5,720,82.800000,42.984000,1,0,273507912,1294,2,1294,1,0,1,20
