5,720,50.400000,10000.000000,0,0,273622300,600,0,600,0,0,1,100
5,720,50.400000,10000.000000,0,0,273622301,600,0,600,0,0,1,100
5,720,50.400000,10000.000000,0,0,273622311,600,0,600,0,0,1,100
5,720,50.400000,10000.000000,0,0,273622321,600,0,600,0,0,1,100
5,720,50.400000,10000.000000,0,0,273622332,600,0,600,0,0,1,100
5,720,50.400000,10000.000000,0,0,273622342,600,0,600,0,0,1,100
5,720,50.400000,10000.000000,0,0,273622352,600,0,600,0,0,1,100
5,720,50.400000,10000.000000,0,0,273622362,600,0,600,0,0,1,100
5,720,50.400000,10000.000000,0,0,273622374,602,0,602,-1,0,1,100
5,720,50.400000,10000.000000,0,0,273622385,611,0,611,-3,0,1,100
5,720,50.400000,10000.000000,0,0,273622395,625,0,625,-5,0,1,100
5,720,50.400000,10000.000000,0,0,273622408,642,0,642,-7,0,1,100
5,720,50.400000,10000.000000,0,0,273622418,669,0,669,-11,0,1,100
5,720,50.400000,10000.000000,0,0,273622428,697,0,697,-14,0,1,100
5,720,50.400000,10000.000000,0,0,273622439,743,0,743,-18,0,1,100
5,720,50.400000,10000.000000,0,0,273622449,803,0,803,-25,0,1,100
5,720,50.400000,10000.000000,0,0,273622460,882,0,882,-36,0,1,100
5,720,50.400000,10000.000000,0,0,273622471,956,0,956,-44,0,1,100
5,720,50.400000,10000.000000,0,0,273622481,1028,0,1028,-50,0,1,100
5,720,50.400000,10000.000000,0,0,273622492,1108,0,1108,-52,0,1,100
5,720,50.400000,10000.000000,0,0,273622503,1169,0,1169,-53,0,1,100
5,720,50.400000,10000.000000,0,0,273622513,1223,0,1223,-55,0,1,100
5,720,50.400000,10000.000000,0,0,273622524,1264,0,1264,-56,0,1,100
5,720,50.400000,10000.000000,0,0,273622535,1293,0,1293,-58,0,1,100
5,720,50.400000,10000.000000,0,0,273622545,1316,0,1316,-59,0,1,100
5,720,50.400000,10000.000000,0,0,273622556,1333,0,1333,-60,0,1,100
5,720,50.400000,10000.000000,0,0,273622567,1346,0,1346,-60,0,1,100
5,720,50.400000,10000.000000,0,0,273622577,1353,0,1353,-61,0,1,100
5,720,50.400000,10000.000000,0,0,273622588,1358,0,1358,-61,0,1,100
5,720,50.400000,10000.000000,0,0,273622599,1360,0,1360,-61,0,1,100
5,720,50.400000,10000.000000,0,0,273622610,1360,0,1360,-61,0,1,100
5,720,50.400000,10000.000000,0,0,273622622,1360,0,1360,-61,0,1,100
5,720,50.400000,10000.000000,0,0,273622631,1360,0,1360,-61,0,1,100
5,720,50.400000,10000.000000,0,0,273622642,1360,0,1360,-62,0,1,100
5,720,50.400000,10000.000000,0,0,273622654,1360,0,1360,-62,0,1,100
5,720,50.400000,10000.000000,0,0,273622675,1360,0,1360,-62,0,1,100
5,720,50.400000,10000.000000,0,0,273622697,1359,0,1359,-62,0,1,100
5,720,50.400000,10000.000000,0,0,273622707,1359,0,1359,-62,0,1,100
5,720,50.400000,10000.000000,0,0,273622717,1359,0,1359,-62,0,1,100
5,720,50.400000,10000.000000,0,0,273622726,1358,0,1358,-62,0,1,100
5,720,50.400000,10000.000000,0,0,273622750,1357,0,1357,-62,0,1,100
5,720,50.400000,10000.000000,0,0,273622762,1354,0,1354,-63,0,1,100
5,720,50.400000,10000.000000,0,0,273622783,1351,0,1351,-63,0,1,100
5,720,50.400000,10000.000000,0,0,273622794,1344,0,1344,-64,0,1,100
5,720,50.400000,10000.000000,0,0,273622804,1340,0,1340,-64,0,1,100
5,720,50.400000,10000.000000,0,0,273622815,1336,0,1336,-65,0,1,100
5,720,50.400000,10000.000000,0,0,273622824,1334,0,1334,-65,0,1,100
5,720,50.400000,10000.000000,0,0,273622834,1333,0,1333,-66,0,1,100
5,720,50.400000,10000.000000,0,0,273622845,1331,0,1331,-66,0,1,100
5,720,50.400000,10000.000000,0,0,273622856,1329,0,1329,-66,0,1,100
5,720,50.400000,10000.000000,0,0,273622865,1328,0,1328,-66,0,1,100
5,720,50.400000,10000.000000,0,0,273622875,1328,0,1328,-66,0,1,100
5,720,50.400000,10000.000000,0,0,273622886,1328,0,1328,-66,0,1,100
5,720,50.400000,10000.000000,0,0,273622897,1328,0,1328,-66,0,1,100
5,720,50.400000,10000.000000,0,0,273622915,1328,0,1328,-66,0,1,100
