5,720,82.800000,12.276000,0,0,273490268,600,0,600,0,0,1,9
5,720,82.800000,12.276000,0,0,273490269,600,0,600,0,0,1,9
5,720,82.800000,12.276000,0,0,273490279,600,0,600,0,0,1,9
5,720,82.800000,12.276000,0,0,273490288,600,0,600,0,0,1,9
5,720,82.800000,12.276000,0,0,273490301,600,0,600,0,0,1,9
5,720,82.800000,12.276000,0,0,273490311,600,0,600,0,0,1,9
5,720,82.800000,12.276000,0,0,273490321,600,0,600,0,0,1,9
5,720,82.800000,12.276000,0,0,273490331,600,0,600,0,0,1,9
5,720,82.800000,12.276000,0,0,273490343,602,0,602,0,0,1,9
5,720,82.800000,12.276000,0,0,273490355,609,0,609,0,0,1,9
5,720,82.800000,12.276000,0,0,273490377,625,0,625,-1,0,1,9
5,720,82.800000,12.276000,0,0,273490397,688,0,688,-3,0,1,9
5,720,82.800000,12.276000,0,0,273490408,793,0,793,-5,0,1,9
5,720,82.800000,12.276000,0,0,273490419,853,0,853,-7,0,1,9
5,720,82.800000,12.276000,0,0,273490430,912,0,912,-8,0,1,9
5,720,82.800000,12.276000,0,0,273490441,974,0,974,-9,0,1,9
5,720,82.800000,12.276000,0,0,273490451,1035,0,1035,-10,0,1,9
5,720,82.800000,12.276000,0,0,273490461,1092,0,1092,-10,0,1,9
5,720,82.800000,12.276000,0,0,273490474,1138,0,1138,-11,0,1,9
5,720,82.800000,12.276000,0,0,273490485,1183,0,1183,-11,0,1,9
5,720,82.800000,12.276000,0,0,273490497,1211,0,1211,-12,0,1,9
5,720,82.800000,12.276000,0,0,273490507,1232,0,1232,-13,0,1,9
5,720,82.800000,12.276000,0,0,273490518,1248,0,1248,-13,0,1,9
5,720,82.800000,12.276000,0,0,273490529,1259,0,1259,-14,0,1,9
5,720,82.800000,12.276000,0,0,273490541,1270,0,1270,-14,0,1,9
5,720,82.800000,12.276000,0,0,273490552,1282,0,1282,-14,0,1,9
5,720,82.800000,12.276000,0,0,273490562,1293,0,1293,-15,0,1,9
5,720,82.800000,12.276000,0,0,273490574,1304,0,1304,-15,0,1,9
5,720,82.800000,12.276000,0,0,273490585,1313,0,1313,-16,0,1,9
5,720,82.800000,12.276000,0,0,273490594,1324,0,1324,-17,0,1,9
5,720,82.800000,12.276000,0,0,273490605,1333,0,1333,-18,0,1,9
5,720,82.800000,12.276000,0,0,273490616,1340,0,1340,-19,0,1,9
5,720,82.800000,12.276000,0,0,273490628,1344,0,1344,-19,0,1,9
5,720,82.800000,12.276000,0,0,273490650,1345,0,1345,-19,0,1,9
5,720,82.800000,12.276000,0,0,273490670,1345,0,1345,-19,0,1,9
5,720,82.800000,12.276000,0,0,273490680,1345,0,1345,-19,0,1,9
5,720,82.800000,12.276000,0,0,273490689,1345,0,1345,-19,0,1,9
5,720,82.800000,12.276000,0,0,273490699,1345,0,1345,-19,0,1,9
5,720,82.800000,12.276000,0,0,273490709,1346,0,1346,-19,0,1,9
5,720,82.800000,12.276000,0,0,273490729,1346,0,1346,-19,0,1,9
5,720,82.800000,12.276000,0,0,273490739,1346,0,1346,-19,0,1,9
5,720,82.800000,12.276000,0,0,273490749,1346,0,1346,-19,0,1,9
5,720,82.800000,12.276000,0,0,273490759,1346,0,1346,-19,0,1,9
5,720,82.800000,12.276000,0,0,273490770,1346,0,1346,-19,0,1,9
5,720,82.800000,12.276000,0,0,273490780,1346,0,1346,-19,0,1,9
5,720,82.800000,12.276000,0,0,273490790,1346,0,1346,-19,0,1,9
5,720,82.800000,12.276000,0,0,273490800,1346,0,1346,-19,0,1,9
5,720,82.800000,12.276000,0,0,273490810,1345,0,1345,-19,0,1,9
5,720,82.800000,12.276000,0,0,273490820,1344,0,1344,-19,0,1,9
5,720,82.800000,12.276000,0,0,273490830,1341,0,1341,-19,0,1,9
5,720,82.800000,12.276000,0,0,273490842,1338,0,1338,-20,0,1,9
5,720,82.800000,12.276000,0,0,273490852,1335,0,1335,-20,0,1,9
5,720,82.800000,12.276000,0,0,273490863,1333,0,1333,-20,0,1,9
5,720,82.800000,12.276000,0,0,273490873,1331,0,1331,-20,0,1,9
5,720,82.800000,12.276000,0,0,273490893,1331,0,1331,-20,0,1,9
5,720,82.800000,12.276000,0,0,273490913,1330,0,1330,-20,0,1,9
5,720,82.800000,12.276000,0,0,273490921,1330,0,1330,-20,0,1,9
