5,720,50.400000,10000.000000,1,1,273536622,600,22,600,22,0,1,39
5,720,50.400000,10000.000000,1,1,273536623,600,22,600,22,0,1,39
5,720,50.400000,10000.000000,1,1,273536632,600,22,600,22,0,1,39
5,720,50.400000,10000.000000,1,1,273536642,600,22,600,22,0,1,39
5,720,50.400000,10000.000000,1,1,273536652,600,22,600,22,0,1,39
5,720,50.400000,10000.000000,1,1,273536661,600,22,600,22,0,1,39
5,720,50.400000,10000.000000,1,1,273536671,600,22,600,22,0,1,39
5,720,50.400000,10000.000000,1,1,273536682,601,22,601,22,0,1,39
5,720,50.400000,10000.000000,1,1,273536694,606,22,606,22,0,1,39
5,720,50.400000,10000.000000,1,1,273536706,615,22,615,22,0,1,39
5,720,50.400000,10000.000000,1,1,273536717,632,22,632,22,0,1,39
5,720,50.400000,10000.000000,1,1,273536729,662,22,662,22,0,1,39
5,720,50.400000,10000.000000,1,1,273536739,695,22,695,22,0,1,39
5,720,50.400000,10000.000000,1,1,273536760,738,22,738,22,0,1,39
5,720,50.400000,10000.000000,1,1,273536772,857,23,857,23,0,1,39
5,720,50.400000,10000.000000,1,1,273536783,926,23,926,23,0,1,39
5,720,50.400000,10000.000000,1,1,273536794,982,24,982,24,0,1,39
5,720,50.400000,10000.000000,1,1,273536805,1027,24,1027,24,0,1,39
5,720,50.400000,10000.000000,1,1,273536815,1062,24,1062,24,0,1,39
5,720,50.400000,10000.000000,1,1,273536827,1089,24,1089,24,0,1,39
5,720,50.400000,10000.000000,1,1,273536839,1113,24,1113,24,0,1,39
5,720,50.400000,10000.000000,1,1,273536848,1130,24,1130,24,0,1,39
5,720,50.400000,10000.000000,1,1,273536868,1145,24,1145,24,0,1,39
5,720,50.400000,10000.000000,1,1,273536880,1173,24,1173,24,0,1,39
5,720,50.400000,10000.000000,1,1,273536891,1186,24,1186,24,0,1,39
5,720,50.400000,10000.000000,1,1,273536902,1195,24,1195,24,0,1,39
5,720,50.400000,10000.000000,1,1,273536913,1201,24,1201,24,0,1,39
5,720,50.400000,10000.000000,1,1,273536924,1205,24,1205,24,0,1,39
5,720,50.400000,10000.000000,1,1,273536935,1208,24,1208,24,0,1,39
5,720,50.400000,10000.000000,1,1,273536946,1210,24,1210,24,0,1,39
5,720,50.400000,10000.000000,1,1,273536956,1212,24,1212,24,0,1,39
5,720,50.400000,10000.000000,1,1,273536967,1215,23,1215,23,0,1,39
5,720,50.400000,10000.000000,1,1,273536977,1219,23,1219,23,0,1,39
5,720,50.400000,10000.000000,1,1,273536989,1223,22,1223,22,0,1,39
5,720,50.400000,10000.000000,1,1,273536999,1228,22,1228,22,0,1,39
5,720,50.400000,10000.000000,1,1,273537012,1233,22,1233,22,0,1,39
5,720,50.400000,10000.000000,1,1,273537024,1239,22,1239,22,0,1,39
5,720,50.400000,10000.000000,1,1,273537034,1244,22,1244,22,0,1,39
5,720,50.400000,10000.000000,1,1,273537045,1249,22,1249,22,0,1,39
5,720,50.400000,10000.000000,1,1,273537056,1254,22,1254,22,0,1,39
5,720,50.400000,10000.000000,1,1,273537067,1260,21,1260,21,0,1,39
5,720,50.400000,10000.000000,1,1,273537077,1269,21,1269,21,0,1,39
5,720,50.400000,10000.000000,1,1,273537088,1279,21,1279,21,0,1,39
5,720,50.400000,10000.000000,1,1,273537099,1287,21,1287,21,0,1,39
5,720,50.400000,10000.000000,1,1,273537120,1293,20,1293,20,0,1,39
5,720,50.400000,10000.000000,1,1,273537130,1300,20,1300,20,0,1,39
5,720,50.400000,10000.000000,1,1,273537140,1301,20,1301,20,0,1,39
5,720,50.400000,10000.000000,1,1,273537152,1301,20,1301,20,0,1,39
5,720,50.400000,10000.000000,1,1,273537163,1303,19,1303,19,0,1,39
5,720,50.400000,10000.000000,1,1,273537173,1305,19,1305,19,0,1,39
5,720,50.400000,10000.000000,1,1,273537183,1308,19,1308,19,0,1,39
5,720,50.400000,10000.000000,1,1,273537194,1310,19,1310,19,0,1,39
5,720,50.400000,10000.000000,1,1,273537213,1312,18,1312,18,0,1,39
5,720,50.400000,10000.000000,1,1,273537223,1314,18,1314,18,0,1,39
5,720,50.400000,10000.000000,1,1,273537232,1314,18,1314,18,0,1,39
5,720,50.400000,10000.000000,1,1,273537242,1314,18,1314,18,0,1,39
5,720,50.400000,10000.000000,1,1,273537253,1314,18,1314,18,0,1,39
5,720,50.400000,10000.000000,1,1,273537264,1315,18,1315,18,0,1,39
5,720,50.400000,10000.000000,1,1,273537274,1316,18,1316,18,0,1,39
5,720,50.400000,10000.000000,1,1,273537284,1316,18,1316,18,0,1,39
5,720,50.400000,10000.000000,1,1,273537293,1317,18,1317,18,0,1,39
