5,720,50.400000,0.000000,1,1,273541833,600,22,600,22,0,1,43
5,720,50.400000,0.000000,1,1,273541834,600,22,600,22,0,1,43
5,720,50.400000,0.000000,1,1,273541853,600,22,600,22,0,1,43
5,720,50.400000,0.000000,1,1,273541863,600,22,600,22,0,1,43
5,720,50.400000,0.000000,1,1,273541873,600,22,600,22,0,1,43
5,720,50.400000,0.000000,1,1,273541883,600,22,600,22,0,1,43
5,720,50.400000,0.000000,1,1,273541893,600,22,600,22,0,1,43
5,720,50.400000,0.000000,1,1,273541903,600,22,600,22,0,1,43
5,720,50.400000,0.000000,1,1,273541913,600,22,600,22,0,1,43
5,720,50.400000,0.000000,1,1,273541923,601,22,601,22,0,1,43
5,720,50.400000,0.000000,1,1,273541935,605,22,605,22,0,1,43
5,720,50.400000,0.000000,1,1,273541946,615,22,615,22,0,1,43
5,720,50.400000,0.000000,1,1,273541957,630,22,630,22,0,1,43
5,720,50.400000,0.000000,1,1,273541978,643,22,643,22,0,1,43
5,720,50.400000,0.000000,1,1,273541988,700,19,700,19,0,1,43
5,720,50.400000,0.000000,1,1,273541999,735,19,735,19,0,1,43
5,720,50.400000,0.000000,1,1,273542012,781,17,781,17,0,1,43
5,720,50.400000,0.000000,1,1,273542024,831,15,831,15,0,1,43
5,720,50.400000,0.000000,1,1,273542034,880,13,880,13,0,1,43
5,720,50.400000,0.000000,1,1,273542044,920,13,920,13,0,1,43
5,720,50.400000,0.000000,1,1,273542056,961,9,961,9,0,1,43
5,720,50.400000,0.000000,1,1,273542066,1000,4,1000,4,0,1,43
5,720,50.400000,0.000000,1,1,273542087,1029,2,1029,2,0,1,43
5,720,50.400000,0.000000,1,1,273542098,1076,1,1076,1,0,1,43
5,720,50.400000,0.000000,1,1,273542109,1099,0,1099,0,0,1,43
5,720,50.400000,0.000000,1,1,273542120,1120,0,1120,-2,0,1,43
5,720,50.400000,0.000000,1,1,273542131,1139,0,1139,-2,0,1,43
5,720,50.400000,0.000000,1,1,273542142,1155,0,1155,-4,0,1,43
5,720,50.400000,0.000000,1,1,273542153,1172,0,1172,-6,0,1,43
5,720,50.400000,0.000000,1,1,273542165,1183,0,1183,-8,0,1,43
5,720,50.400000,0.000000,1,1,273542175,1192,0,1192,-9,0,1,43
5,720,50.400000,0.000000,1,1,273542187,1201,0,1201,-10,0,1,43
5,720,50.400000,0.000000,1,1,273542198,1208,0,1208,-11,0,1,43
5,720,50.400000,0.000000,1,1,273542208,1213,0,1213,-12,0,1,43
5,720,50.400000,0.000000,1,1,273542219,1216,0,1216,-13,0,1,43
5,720,50.400000,0.000000,1,1,273542228,1217,0,1217,-13,0,1,43
5,720,50.400000,0.000000,1,1,273542238,1218,0,1218,-14,0,1,43
5,720,50.400000,0.000000,1,1,273542249,1218,0,1218,-14,0,1,43
5,720,50.400000,0.000000,1,1,273542259,1218,0,1218,-14,0,1,43
5,720,50.400000,0.000000,1,1,273542269,1219,0,1219,-14,0,1,43
5,720,50.400000,0.000000,1,1,273542280,1221,0,1221,-15,0,1,43
5,720,50.400000,0.000000,1,1,273542291,1225,0,1225,-15,0,1,43
5,720,50.400000,0.000000,1,1,273542302,1229,0,1229,-15,0,1,43
5,720,50.400000,0.000000,1,1,273542313,1236,0,1236,-17,0,1,43
5,720,50.400000,0.000000,1,1,273542323,1242,0,1242,-18,0,1,43
5,720,50.400000,0.000000,1,1,273542334,1248,0,1248,-19,0,1,43
5,720,50.400000,0.000000,1,1,273542345,1254,0,1254,-19,0,1,43
5,720,50.400000,0.000000,1,1,273542356,1263,0,1263,-21,0,1,43
5,720,50.400000,0.000000,1,1,273542367,1270,0,1270,-22,0,1,43
5,720,50.400000,0.000000,1,1,273542379,1277,0,1277,-22,0,1,43
5,720,50.400000,0.000000,1,1,273542390,1284,0,1284,-22,0,1,43
5,720,50.400000,0.000000,1,1,273542401,1291,0,1291,-24,0,1,43
5,720,50.400000,0.000000,1,1,273542411,1298,0,1298,-24,0,1,43
5,720,50.400000,0.000000,1,1,273542423,1305,0,1305,-25,0,1,43
5,720,50.400000,0.000000,1,1,273542433,1309,0,1309,-25,0,1,43
5,720,50.400000,0.000000,1,1,273542443,1310,0,1310,-25,0,1,43
5,720,50.400000,0.000000,1,1,273542453,1311,0,1311,-25,0,1,43
5,720,50.400000,0.000000,1,1,273542464,1311,0,1311,-25,0,1,43
5,720,50.400000,0.000000,1,1,273542474,1311,0,1311,-25,0,1,43
5,720,50.400000,0.000000,1,1,273542492,1311,0,1311,-25,0,1,43
5,720,50.400000,0.000000,1,1,273542503,1311,0,1311,-25,0,1,43
5,720,50.400000,0.000000,1,1,273542514,1311,0,1311,-25,0,1,43
5,720,50.400000,0.000000,1,1,273542525,1311,0,1311,-25,0,1,43
5,720,50.400000,0.000000,1,1,273542537,1312,0,1312,-25,0,1,43
5,720,50.400000,0.000000,1,1,273542547,1313,0,1313,-25,0,1,43
5,720,50.400000,0.000000,1,1,273542568,1313,0,1313,-25,0,1,43
5,720,50.400000,0.000000,1,1,273542578,1313,0,1313,-25,0,1,43
5,720,50.400000,0.000000,1,1,273542587,1313,0,1313,-25,0,1,43
