5,720,21.600000,10000.000000,0,1,273637637,600,22,600,22,0,1,111
5,720,21.600000,10000.000000,0,1,273637637,600,22,600,22,0,1,111
5,720,21.600000,10000.000000,0,1,273637648,600,22,600,22,0,1,111
5,720,21.600000,10000.000000,0,1,273637658,600,22,600,22,0,1,111
5,720,21.600000,10000.000000,0,1,273637668,600,22,600,22,0,1,111
5,720,21.600000,10000.000000,0,1,273637678,600,22,600,22,0,1,111
5,720,21.600000,10000.000000,0,1,273637688,600,22,600,22,0,1,111
5,720,21.600000,10000.000000,0,1,273637698,600,22,600,22,0,1,111
5,720,21.600000,10000.000000,0,1,273637708,600,22,600,22,0,1,111
5,720,21.600000,10000.000000,0,1,273637718,600,22,600,22,0,1,111
5,720,21.600000,10000.000000,0,1,273637728,600,22,600,22,0,1,111
5,720,21.600000,10000.000000,0,1,273637742,601,22,601,22,0,1,111
5,720,21.600000,10000.000000,0,1,273637754,605,21,605,21,0,1,111
5,720,21.600000,10000.000000,0,1,273637765,614,20,614,20,0,1,111
5,720,21.600000,10000.000000,0,1,273637777,620,18,620,18,0,1,111
5,720,21.600000,10000.000000,0,1,273637788,625,18,625,18,0,1,111
5,720,21.600000,10000.000000,0,1,273637810,630,17,630,17,0,1,111
5,720,21.600000,10000.000000,0,1,273637821,643,15,643,15,0,1,111
5,720,21.600000,10000.000000,0,1,273637833,656,14,656,14,0,1,111
5,720,21.600000,10000.000000,0,1,273637845,681,13,681,13,0,1,111
5,720,21.600000,10000.000000,0,1,273637856,717,12,717,12,0,1,111
5,720,21.600000,10000.000000,0,1,273637867,758,12,758,12,0,1,111
5,720,21.600000,10000.000000,0,1,273637878,801,12,801,12,0,1,111
5,720,21.600000,10000.000000,0,1,273637889,851,13,851,13,0,1,111
5,720,21.600000,10000.000000,0,1,273637901,909,13,909,13,0,1,111
5,720,21.600000,10000.000000,0,1,273637912,980,14,980,14,0,1,111
5,720,21.600000,10000.000000,0,1,273637924,1054,16,1054,16,0,1,111
5,720,21.600000,10000.000000,0,1,273637935,1133,18,1133,18,0,1,111
5,720,21.600000,10000.000000,0,1,273637947,1192,20,1192,20,0,1,111
5,720,21.600000,10000.000000,0,1,273637959,1253,22,1253,22,0,1,111
5,720,21.600000,10000.000000,0,1,273637970,1304,22,1304,22,0,1,111
5,720,21.600000,10000.000000,0,1,273637980,1337,23,1337,23,0,1,111
5,720,21.600000,10000.000000,0,1,273637991,1361,23,1361,23,0,1,111
5,720,21.600000,10000.000000,0,1,273638001,1375,23,1375,23,0,1,111
5,720,21.600000,10000.000000,0,1,273638011,1382,23,1382,23,0,1,111
5,720,21.600000,10000.000000,0,1,273638022,1384,23,1384,23,0,1,111
5,720,21.600000,10000.000000,0,1,273638031,1384,23,1384,23,0,1,111
5,720,21.600000,10000.000000,0,1,273638041,1384,23,1384,23,0,1,111
5,720,21.600000,10000.000000,0,1,273638053,1384,23,1384,23,0,1,111
5,720,21.600000,10000.000000,0,1,273638064,1384,23,1384,23,0,1,111
5,720,21.600000,10000.000000,0,1,273638073,1384,23,1384,23,0,1,111
5,720,21.600000,10000.000000,0,1,273638084,1384,23,1384,23,0,1,111
5,720,21.600000,10000.000000,0,1,273638094,1384,23,1384,23,0,1,111
5,720,21.600000,10000.000000,0,1,273638104,1384,23,1384,23,0,1,111
5,720,21.600000,10000.000000,0,1,273638114,1384,23,1384,23,0,1,111
5,720,21.600000,10000.000000,0,1,273638124,1384,23,1384,23,0,1,111
5,720,21.600000,10000.000000,0,1,273638135,1384,23,1384,23,0,1,111
5,720,21.600000,10000.000000,0,1,273638145,1384,23,1384,23,0,1,111
5,720,21.600000,10000.000000,0,1,273638155,1384,23,1384,23,0,1,111
5,720,21.600000,10000.000000,0,1,273638166,1383,23,1383,23,0,1,111
5,720,21.600000,10000.000000,0,1,273638176,1380,23,1380,23,0,1,111
5,720,21.600000,10000.000000,0,1,273638187,1377,23,1377,23,0,1,111
5,720,21.600000,10000.000000,0,1,273638198,1372,23,1372,23,0,1,111
5,720,21.600000,10000.000000,0,1,273638209,1367,22,1367,22,0,1,111
5,720,21.600000,10000.000000,0,1,273638219,1362,21,1362,21,0,1,111
5,720,21.600000,10000.000000,0,1,273638230,1358,21,1358,21,0,1,111
5,720,21.600000,10000.000000,0,1,273638250,1355,20,1355,20,0,1,111
5,720,21.600000,10000.000000,0,1,273638261,1351,20,1351,20,0,1,111
5,720,21.600000,10000.000000,0,1,273638279,1350,20,1350,20,0,1,111
5,720,21.600000,10000.000000,0,1,273638289,1348,20,1348,20,0,1,111
5,720,21.600000,10000.000000,0,1,273638300,1346,20,1346,20,0,1,111
5,720,21.600000,10000.000000,0,1,273638310,1344,19,1344,19,0,1,111
5,720,21.600000,10000.000000,0,1,273638320,1342,19,1342,19,0,1,111
5,720,21.600000,10000.000000,0,1,273638330,1340,19,1340,19,0,1,111
5,720,21.600000,10000.000000,0,1,273638341,1339,19,1339,19,0,1,111
5,720,21.600000,10000.000000,0,1,273638351,1338,19,1338,19,0,1,111
5,720,21.600000,10000.000000,0,1,273638362,1338,19,1338,19,0,1,111
5,720,21.600000,10000.000000,0,1,273638372,1338,19,1338,19,0,1,111
5,720,21.600000,10000.000000,0,1,273638383,1338,19,1338,19,0,1,111
5,720,21.600000,10000.000000,0,1,273638394,1338,19,1338,19,0,1,111
5,720,21.600000,10000.000000,0,1,273638404,1338,19,1338,19,0,1,111
5,720,21.600000,10000.000000,0,1,273638416,1338,19,1338,19,0,1,111
5,720,21.600000,10000.000000,0,1,273638427,1338,19,1338,19,0,1,111
5,720,21.600000,10000.000000,0,1,273638438,1337,19,1337,19,0,1,111
5,720,21.600000,10000.000000,0,1,273638449,1336,18,1336,18,0,1,111
5,720,21.600000,10000.000000,0,1,273638459,1334,18,1334,18,0,1,111
5,720,21.600000,10000.000000,0,1,273638469,1334,18,1334,18,0,1,111
5,720,21.600000,10000.000000,0,1,273638480,1334,17,1334,17,0,1,111
5,720,21.600000,10000.000000,0,1,273638490,1333,16,1333,16,0,1,111
5,720,21.600000,10000.000000,0,1,273638501,1332,16,1332,16,0,1,111
5,720,21.600000,10000.000000,0,1,273638511,1332,16,1332,16,0,1,111
5,720,21.600000,10000.000000,0,1,273638522,1331,16,1331,16,0,1,111
5,720,21.600000,10000.000000,0,1,273638532,1330,16,1330,16,0,1,111
5,720,21.600000,10000.000000,0,1,273638543,1330,16,1330,16,0,1,111
5,720,21.600000,10000.000000,0,1,273638553,1330,16,1330,16,0,1,111
5,720,21.600000,10000.000000,0,1,273638563,1330,16,1330,16,0,1,111
5,720,21.600000,10000.000000,0,1,273638573,1329,16,1329,16,0,1,111
5,720,21.600000,10000.000000,0,1,273638583,1328,16,1328,16,0,1,111
