5,360,21.600000,12.276000,0,0,273492828,780,0,780,0,0,1,11
5,360,21.600000,12.276000,0,0,273492829,780,0,780,0,0,1,11
5,360,21.600000,12.276000,0,0,273492840,780,0,780,0,0,1,11
5,360,21.600000,12.276000,0,0,273492850,780,0,780,0,0,1,11
5,360,21.600000,12.276000,0,0,273492859,780,0,780,0,0,1,11
5,360,21.600000,12.276000,0,0,273492869,780,0,780,0,0,1,11
5,360,21.600000,12.276000,0,0,273492879,780,0,780,0,0,1,11
5,360,21.600000,12.276000,0,0,273492889,781,0,781,0,0,1,11
5,360,21.600000,12.276000,0,0,273492899,782,0,782,0,0,1,11
5,360,21.600000,12.276000,0,0,273492910,786,0,786,0,0,1,11
5,360,21.600000,12.276000,0,0,273492922,793,0,793,0,0,1,11
5,360,21.600000,12.276000,0,0,273492933,805,0,805,0,0,1,11
5,360,21.600000,12.276000,0,0,273492944,821,0,821,0,0,1,11
5,360,21.600000,12.276000,0,0,273492955,840,0,840,0,0,1,11
5,360,21.600000,12.276000,0,0,273492964,866,0,866,-1,0,1,11
5,360,21.600000,12.276000,0,0,273492976,889,0,889,-1,0,1,11
5,360,21.600000,12.276000,0,0,273492987,917,0,917,-1,0,1,11
5,360,21.600000,12.276000,0,0,273492998,944,0,944,-1,0,1,11
5,360,21.600000,12.276000,0,0,273493010,968,0,968,-2,0,1,11
5,360,21.600000,12.276000,0,0,273493021,994,0,994,-4,0,1,11
5,360,21.600000,12.276000,0,0,273493032,1014,0,1014,-4,0,1,11
5,360,21.600000,12.276000,0,0,273493042,1026,0,1026,-5,0,1,11
5,360,21.600000,12.276000,0,0,273493052,1035,0,1035,-6,0,1,11
5,360,21.600000,12.276000,0,0,273493064,1040,0,1040,-6,0,1,11
5,360,21.600000,12.276000,0,0,273493076,1044,0,1044,-7,0,1,11
5,360,21.600000,12.276000,0,0,273493098,1048,0,1048,-7,0,1,11
5,360,21.600000,12.276000,0,0,273493109,1058,0,1058,-7,0,1,11
5,360,21.600000,12.276000,0,0,273493121,1064,0,1064,-7,0,1,11
5,360,21.600000,12.276000,0,0,273493132,1071,0,1071,-7,0,1,11
5,360,21.600000,12.276000,0,0,273493142,1076,0,1076,-7,0,1,11
5,360,21.600000,12.276000,0,0,273493152,1079,0,1079,-7,0,1,11
5,360,21.600000,12.276000,0,0,273493164,1082,0,1082,-7,0,1,11
5,360,21.600000,12.276000,0,0,273493175,1085,0,1085,-8,0,1,11
5,360,21.600000,12.276000,0,0,273493186,1087,0,1087,-8,0,1,11
5,360,21.600000,12.276000,0,0,273493195,1088,0,1088,-8,0,1,11
5,360,21.600000,12.276000,0,0,273493205,1089,0,1089,-8,0,1,11
5,360,21.600000,12.276000,0,0,273493215,1089,0,1089,-8,0,1,11
5,360,21.600000,12.276000,0,0,273493224,1089,0,1089,-8,0,1,11
5,360,21.600000,12.276000,0,0,273493235,1089,0,1089,-8,0,1,11
5,360,21.600000,12.276000,0,0,273493244,1089,0,1089,-8,0,1,11
5,360,21.600000,12.276000,0,0,273493255,1089,0,1089,-8,0,1,11
5,360,21.600000,12.276000,0,0,273493265,1090,0,1090,-8,0,1,11
5,360,21.600000,12.276000,0,0,273493275,1091,0,1091,-8,0,1,11
5,360,21.600000,12.276000,0,0,273493285,1093,0,1093,-8,0,1,11
5,360,21.600000,12.276000,0,0,273493295,1094,0,1094,-9,0,1,11
5,360,21.600000,12.276000,0,0,273493305,1095,0,1095,-9,0,1,11
5,360,21.600000,12.276000,0,0,273493315,1096,0,1096,-9,0,1,11
5,360,21.600000,12.276000,0,0,273493325,1096,0,1096,-9,0,1,11
5,360,21.600000,12.276000,0,0,273493335,1096,0,1096,-9,0,1,11
5,360,21.600000,12.276000,0,0,273493349,1096,0,1096,-9,0,1,11
5,360,21.600000,12.276000,0,0,273493368,1096,0,1096,-9,0,1,11
5,360,21.600000,12.276000,0,0,273493389,1098,0,1098,-9,0,1,11
5,360,21.600000,12.276000,0,0,273493398,1101,0,1101,-10,0,1,11
5,360,21.600000,12.276000,0,0,273493409,1102,0,1102,-10,0,1,11
5,360,21.600000,12.276000,0,0,273493428,1102,0,1102,-10,0,1,11
5,360,21.600000,12.276000,0,0,273493440,1103,0,1103,-10,0,1,11
5,360,21.600000,12.276000,0,0,273493451,1105,0,1105,-10,0,1,11
5,360,21.600000,12.276000,0,0,273493461,1106,0,1106,-10,0,1,11
5,360,21.600000,12.276000,0,0,273493471,1107,0,1107,-10,0,1,11
5,360,21.600000,12.276000,0,0,273493481,1107,0,1107,-10,0,1,11
5,360,21.600000,12.276000,0,0,273493491,1108,0,1108,-10,0,1,11
5,360,21.600000,12.276000,0,0,273493501,1109,0,1109,-10,0,1,11
5,360,21.600000,12.276000,0,0,273493511,1110,0,1110,-11,0,1,11
5,360,21.600000,12.276000,0,0,273493523,1112,0,1112,-11,0,1,11
5,360,21.600000,12.276000,0,0,273493534,1114,0,1114,-11,0,1,11
5,360,21.600000,12.276000,0,0,273493544,1115,0,1115,-11,0,1,11
5,360,21.600000,12.276000,0,0,273493554,1116,0,1116,-11,0,1,11
5,360,21.600000,12.276000,0,0,273493565,1116,0,1116,-11,0,1,11
5,360,21.600000,12.276000,0,0,273493575,1116,0,1116,-11,0,1,11
5,360,21.600000,12.276000,0,0,273493584,1116,0,1116,-11,0,1,11
5,360,21.600000,12.276000,0,0,273493605,1116,0,1116,-11,0,1,11
5,360,21.600000,12.276000,0,0,273493626,1118,0,1118,-11,0,1,11
5,360,21.600000,12.276000,0,0,273493636,1120,0,1120,-12,0,1,11
5,360,21.600000,12.276000,0,0,273493646,1122,0,1122,-12,0,1,11
5,360,21.600000,12.276000,0,0,273493656,1122,0,1122,-12,0,1,11
5,360,21.600000,12.276000,0,0,273493666,1123,0,1123,-12,0,1,11
5,360,21.600000,12.276000,0,0,273493676,1124,0,1124,-12,0,1,11
5,360,21.600000,12.276000,0,0,273493686,1126,0,1126,-12,0,1,11
5,360,21.600000,12.276000,0,0,273493695,1128,0,1128,-12,0,1,11
5,360,21.600000,12.276000,0,0,273493706,1130,0,1130,-12,0,1,11
5,360,21.600000,12.276000,0,0,273493716,1132,0,1132,-13,0,1,11
5,360,21.600000,12.276000,0,0,273493726,1133,0,1133,-13,0,1,11
5,360,21.600000,12.276000,0,0,273493738,1133,0,1133,-13,0,1,11
5,360,21.600000,12.276000,0,0,273493748,1133,0,1133,-13,0,1,11
5,360,21.600000,12.276000,0,0,273493758,1133,0,1133,-13,0,1,11
5,360,21.600000,12.276000,0,0,273493767,1133,0,1133,-13,0,1,11
5,360,21.600000,12.276000,0,0,273493777,1133,0,1133,-13,0,1,11
5,360,21.600000,12.276000,0,0,273493787,1133,0,1133,-13,0,1,11
5,360,21.600000,12.276000,0,0,273493797,1133,0,1133,-13,0,1,11
5,360,21.600000,12.276000,0,0,273493806,1133,0,1133,-13,0,1,11
5,360,21.600000,12.276000,0,0,273493816,1134,0,1134,-13,0,1,11
5,360,21.600000,12.276000,0,0,273493826,1134,0,1134,-13,0,1,11
5,360,21.600000,12.276000,0,0,273493836,1134,0,1134,-13,0,1,11
5,360,21.600000,12.276000,0,0,273493846,1134,0,1134,-13,0,1,11
5,360,21.600000,12.276000,0,0,273493855,1134,0,1134,-13,0,1,11
5,360,21.600000,12.276000,0,0,273493865,1134,0,1134,-13,0,1,11
5,360,21.600000,12.276000,0,0,273493875,1134,0,1134,-13,0,1,11
5,360,21.600000,12.276000,0,0,273493884,1134,0,1134,-13,0,1,11
5,360,21.600000,12.276000,0,0,273493894,1134,0,1134,-13,0,1,11
5,360,21.600000,12.276000,0,0,273493903,1134,0,1134,-13,0,1,11
5,360,21.600000,12.276000,0,0,273493913,1134,0,1134,-13,0,1,11
5,360,21.600000,12.276000,0,0,273493922,1134,0,1134,-13,0,1,11
5,360,21.600000,12.276000,0,0,273493932,1134,0,1134,-13,0,1,11
5,360,21.600000,12.276000,0,0,273493942,1134,0,1134,-13,0,1,11
