5,360,82.800000,10000.000000,1,1,273768152,780,22,780,22,0,2,86
5,360,82.800000,10000.000000,1,1,273768153,780,22,780,22,0,2,86
5,360,82.800000,10000.000000,1,1,273768164,780,22,780,22,0,2,86
5,360,82.800000,10000.000000,1,1,273768175,780,22,780,22,0,2,86
5,360,82.800000,10000.000000,1,1,273768185,780,22,780,22,0,2,86
5,360,82.800000,10000.000000,1,1,273768196,780,22,780,22,0,2,86
5,360,82.800000,10000.000000,1,1,273768207,780,22,780,22,0,2,86
5,360,82.800000,10000.000000,1,1,273768217,780,22,780,22,0,2,86
5,360,82.800000,10000.000000,1,1,273768228,781,22,781,22,0,2,86
5,360,82.800000,10000.000000,1,1,273768239,784,22,784,22,0,2,86
5,360,82.800000,10000.000000,1,1,273768253,790,21,790,21,0,2,86
5,360,82.800000,10000.000000,1,1,273768264,803,20,803,20,0,2,86
5,360,82.800000,10000.000000,1,1,273768275,816,19,816,19,0,2,86
5,360,82.800000,10000.000000,1,1,273768286,836,17,836,17,0,2,86
5,360,82.800000,10000.000000,1,1,273768297,860,15,860,15,0,2,86
5,360,82.800000,10000.000000,1,1,273768308,892,14,892,14,0,2,86
5,360,82.800000,10000.000000,1,1,273768320,926,13,926,13,0,2,86
5,360,82.800000,10000.000000,1,1,273768331,970,13,970,13,0,2,86
5,360,82.800000,10000.000000,1,1,273768342,1005,13,1005,13,0,2,86
5,360,82.800000,10000.000000,1,1,273768352,1036,15,1036,15,0,2,86
5,360,82.800000,10000.000000,1,1,273768364,1060,16,1060,16,0,2,86
5,360,82.800000,10000.000000,1,1,273768375,1074,16,1074,16,0,2,86
5,360,82.800000,10000.000000,1,1,273768387,1081,16,1081,16,0,2,86
5,360,82.800000,10000.000000,1,1,273768398,1084,16,1084,16,0,2,86
5,360,82.800000,10000.000000,1,1,273768408,1085,16,1085,16,0,2,86
5,360,82.800000,10000.000000,1,1,273768419,1086,16,1086,16,0,2,86
5,360,82.800000,10000.000000,1,1,273768430,1086,16,1086,16,0,2,86
5,360,82.800000,10000.000000,1,1,273768441,1086,16,1086,16,0,2,86
5,360,82.800000,10000.000000,1,1,273768452,1086,16,1086,16,0,2,86
5,360,82.800000,10000.000000,1,1,273768462,1086,16,1086,16,0,2,86
5,360,82.800000,10000.000000,1,1,273768473,1086,16,1086,16,0,2,86
5,360,82.800000,10000.000000,1,1,273768483,1086,16,1086,16,0,2,86
5,360,82.800000,10000.000000,1,1,273768494,1086,16,1086,16,0,2,86
5,360,82.800000,10000.000000,1,1,273768504,1086,16,1086,16,0,2,86
5,360,82.800000,10000.000000,1,1,273768515,1087,16,1087,16,0,2,86
5,360,82.800000,10000.000000,1,1,273768526,1088,16,1088,16,0,2,86
5,360,82.800000,10000.000000,1,1,273768537,1090,16,1090,16,0,2,86
5,360,82.800000,10000.000000,1,1,273768547,1091,16,1091,16,0,2,86
5,360,82.800000,10000.000000,1,1,273768557,1092,16,1092,16,0,2,86
5,360,82.800000,10000.000000,1,1,273768568,1093,16,1093,16,0,2,86
5,360,82.800000,10000.000000,1,1,273768578,1093,16,1093,16,0,2,86
5,360,82.800000,10000.000000,1,1,273768589,1093,16,1093,16,0,2,86
5,360,82.800000,10000.000000,1,1,273768600,1093,16,1093,16,0,2,86
5,360,82.800000,10000.000000,1,1,273768611,1093,16,1093,16,0,2,86
5,360,82.800000,10000.000000,1,1,273768622,1093,16,1093,16,0,2,86
5,360,82.800000,10000.000000,1,1,273768633,1093,16,1093,16,0,2,86
5,360,82.800000,10000.000000,1,1,273768644,1094,15,1094,15,0,2,86
5,360,82.800000,10000.000000,1,1,273768655,1097,14,1097,14,0,2,86
5,360,82.800000,10000.000000,1,1,273768666,1101,14,1101,14,0,2,86
5,360,82.800000,10000.000000,1,1,273768678,1105,13,1105,13,0,2,86
5,360,82.800000,10000.000000,1,1,273768692,1108,12,1108,12,0,2,86
5,360,82.800000,10000.000000,1,1,273768702,1112,12,1112,12,0,2,86
5,360,82.800000,10000.000000,1,1,273768712,1113,11,1113,11,0,2,86
5,360,82.800000,10000.000000,1,1,273768723,1114,11,1114,11,0,2,86
5,360,82.800000,10000.000000,1,1,273768732,1114,11,1114,11,0,2,86
