5,360,50.400000,10000.000000,1,1,273650315,780,22,780,22,0,2,0
5,360,50.400000,10000.000000,1,1,273650315,780,22,780,22,0,2,0
5,360,50.400000,10000.000000,1,1,273650326,780,22,780,22,0,2,0
5,360,50.400000,10000.000000,1,1,273650337,780,22,780,22,0,2,0
5,360,50.400000,10000.000000,1,1,273650347,780,22,780,22,0,2,0
5,360,50.400000,10000.000000,1,1,273650358,780,22,780,22,0,2,0
5,360,50.400000,10000.000000,1,1,273650369,780,22,780,22,0,2,0
5,360,50.400000,10000.000000,1,1,273650379,780,22,780,22,0,2,0
5,360,50.400000,10000.000000,1,1,273650400,780,22,780,22,0,2,0
5,360,50.400000,10000.000000,1,1,273650420,780,22,780,22,0,2,0
5,360,50.400000,10000.000000,1,1,273650431,785,21,785,21,0,2,0
5,360,50.400000,10000.000000,1,1,273650443,792,19,792,19,0,2,0
5,360,50.400000,10000.000000,1,1,273650462,803,17,803,17,0,2,0
5,360,50.400000,10000.000000,1,1,273650473,852,13,852,13,0,2,0
5,360,50.400000,10000.000000,1,1,273650484,889,12,889,12,0,2,0
5,360,50.400000,10000.000000,1,1,273650496,952,11,952,11,0,2,0
5,360,50.400000,10000.000000,1,1,273650506,1016,11,1016,11,0,2,0
5,360,50.400000,10000.000000,1,1,273650517,1068,11,1068,11,0,2,0
5,360,50.400000,10000.000000,1,1,273650528,1119,11,1119,11,0,2,0
5,360,50.400000,10000.000000,1,1,273650539,1156,11,1156,11,0,2,0
5,360,50.400000,10000.000000,1,1,273650550,1187,9,1187,9,0,2,0
5,360,50.400000,10000.000000,1,1,273650561,1212,8,1212,8,0,2,0
5,360,50.400000,10000.000000,1,1,273650572,1226,7,1226,7,0,2,0
5,360,50.400000,10000.000000,1,1,273650584,1236,6,1236,6,0,2,0
5,360,50.400000,10000.000000,1,1,273650595,1242,5,1242,5,0,2,0
5,360,50.400000,10000.000000,1,1,273650605,1245,4,1245,4,0,2,0
5,360,50.400000,10000.000000,1,1,273650616,1246,4,1246,4,0,2,0
5,360,50.400000,10000.000000,1,1,273650626,1246,4,1246,4,0,2,0
5,360,50.400000,10000.000000,1,1,273650636,1246,4,1246,4,0,2,0
5,360,50.400000,10000.000000,1,1,273650646,1246,4,1246,4,0,2,0
5,360,50.400000,10000.000000,1,1,273650666,1246,4,1246,4,0,2,0
5,360,50.400000,10000.000000,1,1,273650677,1246,4,1246,4,0,2,0
5,360,50.400000,10000.000000,1,1,273650687,1246,4,1246,4,0,2,0
5,360,50.400000,10000.000000,1,1,273650697,1246,4,1246,4,0,2,0
5,360,50.400000,10000.000000,1,1,273650706,1246,4,1246,4,0,2,0
5,360,50.400000,10000.000000,1,1,273650726,1246,4,1246,4,0,2,0
5,360,50.400000,10000.000000,1,1,273650737,1243,3,1243,3,0,2,0
5,360,50.400000,10000.000000,1,1,273650748,1238,2,1238,2,0,2,0
5,360,50.400000,10000.000000,1,1,273650759,1231,1,1231,1,0,2,0
5,360,50.400000,10000.000000,1,1,273650771,1225,0,1225,0,0,2,0
5,360,50.400000,10000.000000,1,1,273650781,1220,0,1220,-1,0,2,0
5,360,50.400000,10000.000000,1,1,273650792,1213,0,1213,-2,0,2,0
5,360,50.400000,10000.000000,1,1,273650804,1206,0,1206,-3,0,2,0
5,360,50.400000,10000.000000,1,1,273650816,1200,0,1200,-3,0,2,0
5,360,50.400000,10000.000000,1,1,273650828,1193,0,1193,-5,0,2,0
5,360,50.400000,10000.000000,1,1,273650849,1186,0,1186,-5,0,2,0
5,360,50.400000,10000.000000,1,1,273650859,1176,0,1176,-6,0,2,0
5,360,50.400000,10000.000000,1,1,273650870,1172,0,1172,-7,0,2,0
5,360,50.400000,10000.000000,1,1,273650880,1169,0,1169,-7,0,2,0
5,360,50.400000,10000.000000,1,1,273650891,1167,0,1167,-7,0,2,0
5,360,50.400000,10000.000000,1,1,273650901,1165,0,1165,-7,0,2,0
5,360,50.400000,10000.000000,1,1,273650911,1164,0,1164,-7,0,2,0
5,360,50.400000,10000.000000,1,1,273650922,1163,0,1163,-7,0,2,0
5,360,50.400000,10000.000000,1,1,273650932,1163,0,1163,-7,0,2,0
5,360,50.400000,10000.000000,1,1,273650942,1163,0,1163,-7,0,2,0
5,360,50.400000,10000.000000,1,1,273650953,1161,0,1161,-7,0,2,0
5,360,50.400000,10000.000000,1,1,273650964,1160,0,1160,-7,0,2,0
5,360,50.400000,10000.000000,1,1,273650974,1157,0,1157,-8,0,2,0
5,360,50.400000,10000.000000,1,1,273650984,1154,0,1154,-8,0,2,0
5,360,50.400000,10000.000000,1,1,273650995,1151,0,1151,-9,0,2,0
5,360,50.400000,10000.000000,1,1,273651006,1148,0,1148,-9,0,2,0
5,360,50.400000,10000.000000,1,1,273651016,1145,0,1145,-9,0,2,0
5,360,50.400000,10000.000000,1,1,273651026,1141,0,1141,-9,0,2,0
5,360,50.400000,10000.000000,1,1,273651036,1138,0,1138,-9,0,2,0
5,360,50.400000,10000.000000,1,1,273651046,1136,0,1136,-9,0,2,0
5,360,50.400000,10000.000000,1,1,273651056,1135,0,1135,-9,0,2,0
5,360,50.400000,10000.000000,1,1,273651066,1134,0,1134,-9,0,2,0
5,360,50.400000,10000.000000,1,1,273651077,1134,0,1134,-9,0,2,0
5,360,50.400000,10000.000000,1,1,273651086,1134,0,1134,-9,0,2,0
