5,360,82.800000,42.984000,1,1,273695507,780,22,780,22,0,2,31
5,360,82.800000,42.984000,1,1,273695508,780,22,780,22,0,2,31
5,360,82.800000,42.984000,1,1,273695519,781,22,781,22,0,2,31
5,360,82.800000,42.984000,1,1,273695530,781,22,781,22,0,2,31
5,360,82.800000,42.984000,1,1,273695540,781,21,781,21,0,2,31
5,360,82.800000,42.984000,1,1,273695551,783,21,783,21,0,2,31
5,360,82.800000,42.984000,1,1,273695563,784,20,784,20,0,2,31
5,360,82.800000,42.984000,1,1,273695574,787,20,787,20,0,2,31
5,360,82.800000,42.984000,1,1,273695585,792,19,792,19,0,2,31
5,360,82.800000,42.984000,1,1,273695597,806,16,806,16,0,2,31
5,360,82.800000,42.984000,1,1,273695607,820,13,820,13,0,2,31
5,360,82.800000,42.984000,1,1,273695619,839,9,839,9,0,2,31
5,360,82.800000,42.984000,1,1,273695631,864,6,864,6,0,2,31
5,360,82.800000,42.984000,1,1,273695642,897,3,897,3,0,2,31
5,360,82.800000,42.984000,1,1,273695653,937,0,937,0,0,2,31
5,360,82.800000,42.984000,1,1,273695664,972,0,972,-2,0,2,31
5,360,82.800000,42.984000,1,1,273695675,1003,0,1003,-4,0,2,31
5,360,82.800000,42.984000,1,1,273695688,1026,0,1026,-6,0,2,31
5,360,82.800000,42.984000,1,1,273695699,1043,0,1043,-7,0,2,31
5,360,82.800000,42.984000,1,1,273695710,1052,0,1052,-8,0,2,31
5,360,82.800000,42.984000,1,1,273695721,1055,0,1055,-9,0,2,31
5,360,82.800000,42.984000,1,1,273695733,1057,0,1057,-9,0,2,31
5,360,82.800000,42.984000,1,1,273695744,1058,0,1058,-10,0,2,31
5,360,82.800000,42.984000,1,1,273695754,1060,0,1060,-10,0,2,31
5,360,82.800000,42.984000,1,1,273695765,1063,0,1063,-11,0,2,31
5,360,82.800000,42.984000,1,1,273695776,1067,0,1067,-12,0,2,31
5,360,82.800000,42.984000,1,1,273695787,1071,0,1071,-13,0,2,31
5,360,82.800000,42.984000,1,1,273695798,1076,0,1076,-14,0,2,31
5,360,82.800000,42.984000,1,1,273695809,1081,0,1081,-15,0,2,31
5,360,82.800000,42.984000,1,1,273695820,1085,0,1085,-16,0,2,31
5,360,82.800000,42.984000,1,1,273695831,1086,0,1086,-17,0,2,31
5,360,82.800000,42.984000,1,1,273695842,1086,0,1086,-17,0,2,31
5,360,82.800000,42.984000,1,1,273695852,1086,0,1086,-17,0,2,31
5,360,82.800000,42.984000,1,1,273695863,1086,0,1086,-17,0,2,31
5,360,82.800000,42.984000,1,1,273695875,1086,0,1086,-17,0,2,31
5,360,82.800000,42.984000,1,1,273695885,1086,0,1086,-17,0,2,31
5,360,82.800000,42.984000,1,1,273695897,1087,0,1087,-17,0,2,31
5,360,82.800000,42.984000,1,1,273695918,1088,0,1088,-17,0,2,31
5,360,82.800000,42.984000,1,1,273695930,1094,0,1094,-17,0,2,31
5,360,82.800000,42.984000,1,1,273695940,1098,0,1098,-17,0,2,31
5,360,82.800000,42.984000,1,1,273695950,1102,0,1102,-17,0,2,31
5,360,82.800000,42.984000,1,1,273695963,1105,0,1105,-17,0,2,31
5,360,82.800000,42.984000,1,1,273695974,1109,0,1109,-17,0,2,31
5,360,82.800000,42.984000,1,1,273695986,1111,0,1111,-17,0,2,31
5,360,82.800000,42.984000,1,1,273695998,1114,0,1114,-17,0,2,31
5,360,82.800000,42.984000,1,1,273696009,1116,0,1116,-17,0,2,31
5,360,82.800000,42.984000,1,1,273696020,1117,0,1117,-17,0,2,31
5,360,82.800000,42.984000,1,1,273696033,1118,0,1118,-17,0,2,31
5,360,82.800000,42.984000,1,1,273696055,1119,0,1119,-17,0,2,31
5,360,82.800000,42.984000,1,1,273696077,1119,0,1119,-17,0,2,31
5,360,82.800000,42.984000,1,1,273696086,1119,0,1119,-17,0,2,31
