5,720,50.400000,12.276000,0,1,273750112,600,22,600,22,0,2,72
5,720,50.400000,12.276000,0,1,273750113,600,22,600,22,0,2,72
5,720,50.400000,12.276000,0,1,273750133,600,22,600,22,0,2,72
5,720,50.400000,12.276000,0,1,273750144,600,22,600,22,0,2,72
5,720,50.400000,12.276000,0,1,273750156,600,22,600,22,0,2,72
5,720,50.400000,12.276000,0,1,273750167,600,22,600,22,0,2,72
5,720,50.400000,12.276000,0,1,273750178,600,22,600,22,0,2,72
5,720,50.400000,12.276000,0,1,273750189,600,22,600,22,0,2,72
5,720,50.400000,12.276000,0,1,273750200,600,22,600,22,0,2,72
5,720,50.400000,12.276000,0,1,273750212,600,22,600,22,0,2,72
5,720,50.400000,12.276000,0,1,273750223,603,22,603,22,0,2,72
5,720,50.400000,12.276000,0,1,273750234,607,21,607,21,0,2,72
5,720,50.400000,12.276000,0,1,273750245,614,20,614,20,0,2,72
5,720,50.400000,12.276000,0,1,273750256,622,18,622,18,0,2,72
5,720,50.400000,12.276000,0,1,273750267,634,17,634,17,0,2,72
5,720,50.400000,12.276000,0,1,273750278,651,15,651,15,0,2,72
5,720,50.400000,12.276000,0,1,273750289,677,14,677,14,0,2,72
5,720,50.400000,12.276000,0,1,273750300,730,11,730,11,0,2,72
5,720,50.400000,12.276000,0,1,273750311,759,10,759,10,0,2,72
5,720,50.400000,12.276000,0,1,273750322,801,9,801,9,0,2,72
5,720,50.400000,12.276000,0,1,273750333,855,9,855,9,0,2,72
5,720,50.400000,12.276000,0,1,273750344,920,9,920,9,0,2,72
5,720,50.400000,12.276000,0,1,273750355,988,10,988,10,0,2,72
5,720,50.400000,12.276000,0,1,273750366,1063,13,1063,13,0,2,72
5,720,50.400000,12.276000,0,1,273750387,1138,16,1138,16,0,2,72
5,720,50.400000,12.276000,0,1,273750397,1239,19,1239,19,0,2,72
5,720,50.400000,12.276000,0,1,273750418,1272,19,1272,19,0,2,72
5,720,50.400000,12.276000,0,1,273750429,1310,19,1310,19,0,2,72
5,720,50.400000,12.276000,0,1,273750440,1321,19,1321,19,0,2,72
5,720,50.400000,12.276000,0,1,273750451,1328,20,1328,20,0,2,72
5,720,50.400000,12.276000,0,1,273750464,1332,20,1332,20,0,2,72
5,720,50.400000,12.276000,0,1,273750475,1336,20,1336,20,0,2,72
5,720,50.400000,12.276000,0,1,273750495,1339,20,1339,20,0,2,72
5,720,50.400000,12.276000,0,1,273750506,1341,20,1341,20,0,2,72
5,720,50.400000,12.276000,0,1,273750517,1341,20,1341,20,0,2,72
5,720,50.400000,12.276000,0,1,273750528,1341,20,1341,20,0,2,72
5,720,50.400000,12.276000,0,1,273750539,1341,20,1341,20,0,2,72
5,720,50.400000,12.276000,0,1,273750550,1341,20,1341,20,0,2,72
5,720,50.400000,12.276000,0,1,273750561,1341,20,1341,20,0,2,72
5,720,50.400000,12.276000,0,1,273750572,1341,20,1341,20,0,2,72
5,720,50.400000,12.276000,0,1,273750583,1341,20,1341,20,0,2,72
5,720,50.400000,12.276000,0,1,273750595,1341,20,1341,20,0,2,72
5,720,50.400000,12.276000,0,1,273750606,1341,20,1341,20,0,2,72
5,720,50.400000,12.276000,0,1,273750617,1341,20,1341,20,0,2,72
5,720,50.400000,12.276000,0,1,273750630,1338,19,1338,19,0,2,72
5,720,50.400000,12.276000,0,1,273750641,1335,19,1335,19,0,2,72
5,720,50.400000,12.276000,0,1,273750650,1333,18,1333,18,0,2,72
5,720,50.400000,12.276000,0,1,273750661,1332,18,1332,18,0,2,72
5,720,50.400000,12.276000,0,1,273750682,1331,18,1331,18,0,2,72
5,720,50.400000,12.276000,0,1,273750692,1331,18,1331,18,0,2,72
5,720,50.400000,12.276000,0,1,273750703,1330,18,1330,18,0,2,72
5,720,50.400000,12.276000,0,1,273750713,1330,17,1330,17,0,2,72
5,720,50.400000,12.276000,0,1,273750723,1330,17,1330,17,0,2,72
5,720,50.400000,12.276000,0,1,273750735,1329,17,1329,17,0,2,72
5,720,50.400000,12.276000,0,1,273750754,1328,17,1328,17,0,2,72
