5,720,82.800000,22.608000,1,0,273745912,600,0,600,0,0,2,69
5,720,82.800000,22.608000,1,0,273745913,600,0,600,0,0,2,69
5,720,82.800000,22.608000,1,0,273745933,600,0,600,0,0,2,69
5,720,82.800000,22.608000,1,0,273745945,602,0,602,-1,0,2,69
5,720,82.800000,22.608000,1,0,273745964,605,0,605,-1,0,2,69
5,720,82.800000,22.608000,1,0,273745976,622,0,622,-3,0,2,69
5,720,82.800000,22.608000,1,0,273745987,641,0,641,-4,0,2,69
5,720,82.800000,22.608000,1,0,273745997,672,0,672,-5,0,2,69
5,720,82.800000,22.608000,1,0,273746008,722,0,722,-7,0,2,69
5,720,82.800000,22.608000,1,0,273746020,785,0,785,-9,0,2,69
5,720,82.800000,22.608000,1,0,273746031,877,0,877,-10,0,2,69
5,720,82.800000,22.608000,1,0,273746042,980,0,980,-10,0,2,69
5,720,82.800000,22.608000,1,0,273746053,1101,0,1101,-10,0,2,69
5,720,82.800000,22.608000,1,0,273746065,1217,0,1217,-10,0,2,69
5,720,82.800000,22.608000,1,0,273746077,1320,2,1320,-8,0,2,69
5,720,82.800000,22.608000,1,0,273746097,1411,5,1411,-5,0,2,69
5,720,82.800000,22.608000,1,0,273746108,1489,9,1489,-1,0,2,69
5,720,82.800000,22.608000,1,0,273746119,1499,9,1499,-1,0,2,69
5,720,82.800000,22.608000,1,0,273746130,1500,9,1500,-1,0,2,69
5,720,82.800000,22.608000,1,0,273746140,1500,9,1500,-1,0,2,69
5,720,82.800000,22.608000,1,0,273746151,1500,9,1500,-1,0,2,69
5,720,82.800000,22.608000,1,0,273746162,1499,9,1499,-1,0,2,69
5,720,82.800000,22.608000,1,0,273746173,1498,9,1498,-1,0,2,69
5,720,82.800000,22.608000,1,0,273746184,1498,9,1498,-1,0,2,69
5,720,82.800000,22.608000,1,0,273746194,1498,9,1498,-1,0,2,69
5,720,82.800000,22.608000,1,0,273746205,1498,9,1498,-1,0,2,69
5,720,82.800000,22.608000,1,0,273746216,1498,9,1498,-1,0,2,69
5,720,82.800000,22.608000,1,0,273746227,1496,9,1496,-1,0,2,69
5,720,82.800000,22.608000,1,0,273746238,1492,9,1492,-1,0,2,69
5,720,82.800000,22.608000,1,0,273746249,1486,9,1486,-1,0,2,69
5,720,82.800000,22.608000,1,0,273746260,1479,9,1479,-1,0,2,69
5,720,82.800000,22.608000,1,0,273746281,1474,9,1474,-1,0,2,69
5,720,82.800000,22.608000,1,0,273746292,1466,9,1466,-1,0,2,69
5,720,82.800000,22.608000,1,0,273746302,1464,9,1464,-1,0,2,69
5,720,82.800000,22.608000,1,0,273746313,1463,9,1463,-1,0,2,69
5,720,82.800000,22.608000,1,0,273746324,1461,9,1461,-1,0,2,69
5,720,82.800000,22.608000,1,0,273746335,1459,9,1459,-1,0,2,69
5,720,82.800000,22.608000,1,0,273746347,1454,9,1454,-1,0,2,69
5,720,82.800000,22.608000,1,0,273746358,1447,9,1447,-1,0,2,69
5,720,82.800000,22.608000,1,0,273746369,1436,9,1436,-1,0,2,69
5,720,82.800000,22.608000,1,0,273746389,1426,9,1426,-1,0,2,69
5,720,82.800000,22.608000,1,0,273746399,1406,8,1406,-2,0,2,69
5,720,82.800000,22.608000,1,0,273746411,1394,7,1394,-3,0,2,69
5,720,82.800000,22.608000,1,0,273746422,1380,6,1380,-4,0,2,69
5,720,82.800000,22.608000,1,0,273746433,1366,5,1366,-5,0,2,69
5,720,82.800000,22.608000,1,0,273746444,1356,5,1356,-5,0,2,69
5,720,82.800000,22.608000,1,0,273746455,1345,4,1345,-6,0,2,69
5,720,82.800000,22.608000,1,0,273746466,1335,4,1335,-6,0,2,69
5,720,82.800000,22.608000,1,0,273746477,1325,4,1325,-6,0,2,69
5,720,82.800000,22.608000,1,0,273746488,1318,4,1318,-6,0,2,69
5,720,82.800000,22.608000,1,0,273746499,1311,4,1311,-6,0,2,69
5,720,82.800000,22.608000,1,0,273746509,1307,4,1307,-6,0,2,69
5,720,82.800000,22.608000,1,0,273746520,1304,4,1304,-6,0,2,69
5,720,82.800000,22.608000,1,0,273746531,1303,4,1303,-6,0,2,69
5,720,82.800000,22.608000,1,0,273746543,1302,4,1302,-6,0,2,69
5,720,82.800000,22.608000,1,0,273746563,1300,4,1300,-6,0,2,69
5,720,82.800000,22.608000,1,0,273746573,1296,3,1296,-7,0,2,69
5,720,82.800000,22.608000,1,0,273746584,1295,3,1295,-7,0,2,69
5,720,82.800000,22.608000,1,0,273746596,1295,3,1295,-7,0,2,69
5,720,82.800000,22.608000,1,0,273746606,1295,3,1295,-7,0,2,69
5,720,82.800000,22.608000,1,0,273746624,1295,3,1295,-7,0,2,69
