5,720,50.400000,12.276000,0,0,273739748,600,0,600,0,0,2,64
5,720,50.400000,12.276000,0,0,273739749,600,0,600,0,0,2,64
5,720,50.400000,12.276000,0,0,273739759,600,0,600,0,0,2,64
5,720,50.400000,12.276000,0,0,273739771,600,0,600,-1,0,2,64
5,720,50.400000,12.276000,0,0,273739782,600,0,600,-2,0,2,64
5,720,50.400000,12.276000,0,0,273739793,600,0,600,-2,0,2,64
5,720,50.400000,12.276000,0,0,273739803,600,0,600,-2,0,2,64
5,720,50.400000,12.276000,0,0,273739814,600,0,600,-2,0,2,64
5,720,50.400000,12.276000,0,0,273739824,600,0,600,-2,0,2,64
5,720,50.400000,12.276000,0,0,273739835,604,0,604,-2,0,2,64
5,720,50.400000,12.276000,0,0,273739847,611,0,611,-4,0,2,64
5,720,50.400000,12.276000,0,0,273739859,626,0,626,-7,0,2,64
5,720,50.400000,12.276000,0,0,273739869,654,0,654,-11,0,2,64
5,720,50.400000,12.276000,0,0,273739880,702,0,702,-15,0,2,64
5,720,50.400000,12.276000,0,0,273739891,754,0,754,-19,0,2,64
5,720,50.400000,12.276000,0,0,273739902,833,0,833,-23,0,2,64
5,720,50.400000,12.276000,0,0,273739913,918,0,918,-25,0,2,64
5,720,50.400000,12.276000,0,0,273739933,1010,0,1010,-26,0,2,64
5,720,50.400000,12.276000,0,0,273739945,1172,0,1172,-28,0,2,64
5,720,50.400000,12.276000,0,0,273739956,1244,0,1244,-28,0,2,64
5,720,50.400000,12.276000,0,0,273739967,1304,0,1304,-28,0,2,64
5,720,50.400000,12.276000,0,0,273739978,1354,0,1354,-28,0,2,64
5,720,50.400000,12.276000,0,0,273739990,1389,1,1389,-27,0,2,64
5,720,50.400000,12.276000,0,0,273740001,1409,2,1409,-26,0,2,64
5,720,50.400000,12.276000,0,0,273740013,1421,3,1421,-25,0,2,64
5,720,50.400000,12.276000,0,0,273740024,1426,3,1426,-25,0,2,64
5,720,50.400000,12.276000,0,0,273740035,1428,3,1428,-25,0,2,64
5,720,50.400000,12.276000,0,0,273740056,1428,3,1428,-25,0,2,64
5,720,50.400000,12.276000,0,0,273740066,1428,3,1428,-25,0,2,64
5,720,50.400000,12.276000,0,0,273740078,1428,3,1428,-25,0,2,64
5,720,50.400000,12.276000,0,0,273740090,1428,3,1428,-25,0,2,64
5,720,50.400000,12.276000,0,0,273740112,1428,3,1428,-25,0,2,64
5,720,50.400000,12.276000,0,0,273740134,1427,3,1427,-25,0,2,64
5,720,50.400000,12.276000,0,0,273740144,1422,3,1422,-25,0,2,64
5,720,50.400000,12.276000,0,0,273740155,1417,3,1417,-25,0,2,64
5,720,50.400000,12.276000,0,0,273740166,1417,3,1417,-25,0,2,64
5,720,50.400000,12.276000,0,0,273740186,1417,3,1417,-25,0,2,64
5,720,50.400000,12.276000,0,0,273740198,1415,3,1415,-25,0,2,64
5,720,50.400000,12.276000,0,0,273740209,1412,3,1412,-25,0,2,64
5,720,50.400000,12.276000,0,0,273740220,1407,2,1407,-26,0,2,64
5,720,50.400000,12.276000,0,0,273740231,1401,2,1401,-26,0,2,64
5,720,50.400000,12.276000,0,0,273740242,1394,2,1394,-26,0,2,64
5,720,50.400000,12.276000,0,0,273740255,1388,2,1388,-26,0,2,64
5,720,50.400000,12.276000,0,0,273740267,1380,2,1380,-26,0,2,64
5,720,50.400000,12.276000,0,0,273740278,1374,2,1374,-26,0,2,64
5,720,50.400000,12.276000,0,0,273740289,1368,2,1368,-26,0,2,64
5,720,50.400000,12.276000,0,0,273740301,1362,2,1362,-26,0,2,64
5,720,50.400000,12.276000,0,0,273740313,1355,2,1355,-26,0,2,64
5,720,50.400000,12.276000,0,0,273740325,1348,1,1348,-27,0,2,64
5,720,50.400000,12.276000,0,0,273740336,1343,1,1343,-27,0,2,64
5,720,50.400000,12.276000,0,0,273740347,1338,1,1338,-27,0,2,64
5,720,50.400000,12.276000,0,0,273740369,1333,1,1333,-27,0,2,64
5,720,50.400000,12.276000,0,0,273740380,1324,1,1324,-27,0,2,64
5,720,50.400000,12.276000,0,0,273740392,1320,1,1320,-27,0,2,64
5,720,50.400000,12.276000,0,0,273740404,1318,1,1318,-27,0,2,64
5,720,50.400000,12.276000,0,0,273740415,1315,1,1315,-27,0,2,64
5,720,50.400000,12.276000,0,0,273740426,1313,1,1313,-27,0,2,64
5,720,50.400000,12.276000,0,0,273740438,1311,1,1311,-27,0,2,64
5,720,50.400000,12.276000,0,0,273740450,1309,0,1309,-28,0,2,64
5,720,50.400000,12.276000,0,0,273740461,1308,0,1308,-28,0,2,64
5,720,50.400000,12.276000,0,0,273740473,1308,0,1308,-28,0,2,64
5,720,50.400000,12.276000,0,0,273740483,1308,0,1308,-28,0,2,64
