5,720,21.600000,42.984000,1,1,273861586,600,22,600,22,0,3,33
5,720,21.600000,42.984000,1,1,273861587,600,22,600,22,0,3,33
5,720,21.600000,42.984000,1,1,273861609,600,22,600,22,0,3,33
5,720,21.600000,42.984000,1,1,273861631,600,22,600,22,0,3,33
5,720,21.600000,42.984000,1,1,273861651,600,22,600,22,0,3,33
5,720,21.600000,42.984000,1,1,273861670,600,22,600,22,0,3,33
5,720,21.600000,42.984000,1,1,273861683,601,22,601,22,0,3,33
5,720,21.600000,42.984000,1,1,273861697,610,21,610,21,0,3,33
5,720,21.600000,42.984000,1,1,273861710,633,18,633,18,0,3,33
5,720,21.600000,42.984000,1,1,273861721,670,13,670,13,0,3,33
5,720,21.600000,42.984000,1,1,273861733,709,10,709,10,0,3,33
5,720,21.600000,42.984000,1,1,273861744,769,5,769,5,0,3,33
5,720,21.600000,42.984000,1,1,273861754,844,1,844,1,0,3,33
5,720,21.600000,42.984000,1,1,273861766,920,0,920,-1,0,3,33
5,720,21.600000,42.984000,1,1,273861776,997,0,997,-5,0,3,33
5,720,21.600000,42.984000,1,1,273861787,1072,0,1072,-5,0,3,33
5,720,21.600000,42.984000,1,1,273861799,1139,0,1139,-5,0,3,33
5,720,21.600000,42.984000,1,1,273861810,1207,4,1207,-1,0,3,33
5,720,21.600000,42.984000,1,1,273861821,1252,6,1252,1,0,3,33
5,720,21.600000,42.984000,1,1,273861839,1285,9,1285,4,0,3,33
5,720,21.600000,42.984000,1,1,273861861,1311,10,1311,5,0,3,33
5,720,21.600000,42.984000,1,1,273861870,1322,10,1322,5,0,3,33
5,720,21.600000,42.984000,1,1,273861882,1324,10,1324,5,0,3,33
5,720,21.600000,42.984000,1,1,273861892,1327,10,1327,5,0,3,33
5,720,21.600000,42.984000,1,1,273861903,1329,10,1329,5,0,3,33
5,720,21.600000,42.984000,1,1,273861915,1332,10,1332,5,0,3,33
5,720,21.600000,42.984000,1,1,273861935,1336,10,1336,5,0,3,33
5,720,21.600000,42.984000,1,1,273861947,1345,10,1345,5,0,3,33
5,720,21.600000,42.984000,1,1,273861966,1347,10,1347,5,0,3,33
5,720,21.600000,42.984000,1,1,273861976,1348,9,1348,4,0,3,33
5,720,21.600000,42.984000,1,1,273861986,1349,8,1349,3,0,3,33
5,720,21.600000,42.984000,1,1,273861996,1349,8,1349,3,0,3,33
5,720,21.600000,42.984000,1,1,273862006,1349,8,1349,3,0,3,33
5,720,21.600000,42.984000,1,1,273862016,1349,8,1349,3,0,3,33
5,720,21.600000,42.984000,1,1,273862026,1349,8,1349,3,0,3,33
5,720,21.600000,42.984000,1,1,273862036,1349,8,1349,3,0,3,33
5,720,21.600000,42.984000,1,1,273862047,1349,8,1349,3,0,3,33
5,720,21.600000,42.984000,1,1,273862057,1349,8,1349,3,0,3,33
5,720,21.600000,42.984000,1,1,273862067,1349,8,1349,3,0,3,33
5,720,21.600000,42.984000,1,1,273862077,1349,8,1349,3,0,3,33
5,720,21.600000,42.984000,1,1,273862087,1349,8,1349,3,0,3,33
5,720,21.600000,42.984000,1,1,273862096,1349,8,1349,3,0,3,33
5,720,21.600000,42.984000,1,1,273862107,1349,7,1349,2,0,3,33
5,720,21.600000,42.984000,1,1,273862117,1349,7,1349,2,0,3,33
5,720,21.600000,42.984000,1,1,273862127,1347,7,1347,2,0,3,33
5,720,21.600000,42.984000,1,1,273862137,1346,7,1346,2,0,3,33
5,720,21.600000,42.984000,1,1,273862148,1345,6,1345,1,0,3,33
5,720,21.600000,42.984000,1,1,273862158,1343,6,1343,1,0,3,33
5,720,21.600000,42.984000,1,1,273862169,1341,5,1341,0,0,3,33
5,720,21.600000,42.984000,1,1,273862179,1339,5,1339,0,0,3,33
5,720,21.600000,42.984000,1,1,273862189,1338,5,1338,0,0,3,33
5,720,21.600000,42.984000,1,1,273862199,1337,4,1337,-1,0,3,33
5,720,21.600000,42.984000,1,1,273862210,1337,4,1337,-1,0,3,33
5,720,21.600000,42.984000,1,1,273862220,1336,4,1336,-1,0,3,33
5,720,21.600000,42.984000,1,1,273862230,1336,4,1336,-1,0,3,33
5,720,21.600000,42.984000,1,1,273862241,1335,4,1335,-1,0,3,33
5,720,21.600000,42.984000,1,1,273862252,1333,3,1333,-2,0,3,33
5,720,21.600000,42.984000,1,1,273862263,1332,3,1332,-2,0,3,33
5,720,21.600000,42.984000,1,1,273862273,1331,3,1331,-2,0,3,33
5,720,21.600000,42.984000,1,1,273862283,1330,3,1330,-2,0,3,33
5,720,21.600000,42.984000,1,1,273862294,1330,3,1330,-2,0,3,33
5,720,21.600000,42.984000,1,1,273862305,1330,3,1330,-2,0,3,33
5,720,21.600000,42.984000,1,1,273862316,1330,3,1330,-2,0,3,33
5,720,21.600000,42.984000,1,1,273862337,1330,3,1330,-2,0,3,33
5,720,21.600000,42.984000,1,1,273862347,1330,3,1330,-2,0,3,33
5,720,21.600000,42.984000,1,1,273862358,1330,3,1330,-2,0,3,33
5,720,21.600000,42.984000,1,1,273862368,1330,3,1330,-2,0,3,33
5,720,21.600000,42.984000,1,1,273862378,1330,3,1330,-2,0,3,33
