5,360,50.400000,42.984000,0,1,273978311,780,22,780,22,0,3,117
5,360,50.400000,42.984000,0,1,273978311,780,22,780,22,0,3,117
5,360,50.400000,42.984000,0,1,273978322,780,22,780,22,0,3,117
5,360,50.400000,42.984000,0,1,273978333,780,22,780,22,0,3,117
5,360,50.400000,42.984000,0,1,273978344,780,22,780,22,0,3,117
5,360,50.400000,42.984000,0,1,273978354,780,22,780,22,0,3,117
5,360,50.400000,42.984000,0,1,273978367,780,22,780,22,0,3,117
5,360,50.400000,42.984000,0,1,273978380,781,21,781,21,0,3,117
5,360,50.400000,42.984000,0,1,273978392,789,19,789,19,0,3,117
5,360,50.400000,42.984000,0,1,273978403,800,16,800,16,0,3,117
5,360,50.400000,42.984000,0,1,273978415,820,13,820,13,0,3,117
5,360,50.400000,42.984000,0,1,273978425,844,11,844,11,0,3,117
5,360,50.400000,42.984000,0,1,273978437,879,7,879,7,0,3,117
5,360,50.400000,42.984000,0,1,273978447,911,5,911,5,0,3,117
5,360,50.400000,42.984000,0,1,273978459,951,3,951,3,0,3,117
5,360,50.400000,42.984000,0,1,273978471,990,2,990,2,0,3,117
5,360,50.400000,42.984000,0,1,273978483,1030,2,1030,2,0,3,117
5,360,50.400000,42.984000,0,1,273978495,1062,1,1062,1,0,3,117
5,360,50.400000,42.984000,0,1,273978508,1089,0,1089,0,0,3,117
5,360,50.400000,42.984000,0,1,273978520,1115,0,1115,-1,0,3,117
5,360,50.400000,42.984000,0,1,273978532,1132,0,1132,-1,0,3,117
5,360,50.400000,42.984000,0,1,273978545,1145,0,1145,-1,0,3,117
5,360,50.400000,42.984000,0,1,273978556,1155,0,1155,-2,0,3,117
5,360,50.400000,42.984000,0,1,273978567,1161,0,1161,-2,0,3,117
5,360,50.400000,42.984000,0,1,273978578,1164,0,1164,-2,0,3,117
5,360,50.400000,42.984000,0,1,273978589,1165,0,1165,-2,0,3,117
5,360,50.400000,42.984000,0,1,273978600,1165,0,1165,-2,0,3,117
5,360,50.400000,42.984000,0,1,273978611,1165,0,1165,-2,0,3,117
5,360,50.400000,42.984000,0,1,273978621,1165,0,1165,-2,0,3,117
5,360,50.400000,42.984000,0,1,273978633,1165,0,1165,-2,0,3,117
5,360,50.400000,42.984000,0,1,273978643,1165,0,1165,-3,0,3,117
5,360,50.400000,42.984000,0,1,273978654,1165,0,1165,-3,0,3,117
5,360,50.400000,42.984000,0,1,273978665,1165,0,1165,-3,0,3,117
5,360,50.400000,42.984000,0,1,273978675,1165,0,1165,-3,0,3,117
5,360,50.400000,42.984000,0,1,273978686,1165,0,1165,-3,0,3,117
5,360,50.400000,42.984000,0,1,273978697,1165,0,1165,-3,0,3,117
5,360,50.400000,42.984000,0,1,273978708,1165,0,1165,-3,0,3,117
5,360,50.400000,42.984000,0,1,273978719,1165,0,1165,-3,0,3,117
5,360,50.400000,42.984000,0,1,273978729,1165,0,1165,-3,0,3,117
5,360,50.400000,42.984000,0,1,273978741,1165,0,1165,-3,0,3,117
5,360,50.400000,42.984000,0,1,273978752,1165,0,1165,-3,0,3,117
5,360,50.400000,42.984000,0,1,273978762,1165,0,1165,-3,0,3,117
5,360,50.400000,42.984000,0,1,273978774,1165,0,1165,-3,0,3,117
5,360,50.400000,42.984000,0,1,273978794,1165,0,1165,-3,0,3,117
5,360,50.400000,42.984000,0,1,273978806,1161,0,1161,-3,0,3,117
5,360,50.400000,42.984000,0,1,273978817,1158,0,1158,-3,0,3,117
5,360,50.400000,42.984000,0,1,273978829,1156,0,1156,-4,0,3,117
5,360,50.400000,42.984000,0,1,273978841,1154,0,1154,-4,0,3,117
5,360,50.400000,42.984000,0,1,273978864,1153,0,1153,-4,0,3,117
5,360,50.400000,42.984000,0,1,273978885,1153,0,1153,-4,0,3,117
5,360,50.400000,42.984000,0,1,273978897,1153,0,1153,-4,0,3,117
5,360,50.400000,42.984000,0,1,273978917,1153,0,1153,-4,0,3,117
