5,360,50.400000,12.276000,1,0,273867619,780,0,780,0,0,3,38
5,360,50.400000,12.276000,1,0,273867620,780,0,780,0,0,3,38
5,360,50.400000,12.276000,1,0,273867631,780,0,780,0,0,3,38
5,360,50.400000,12.276000,1,0,273867642,780,0,780,0,0,3,38
5,360,50.400000,12.276000,1,0,273867653,780,0,780,0,0,3,38
5,360,50.400000,12.276000,1,0,273867663,780,0,780,0,0,3,38
5,360,50.400000,12.276000,1,0,273867674,782,0,782,0,0,3,38
5,360,50.400000,12.276000,1,0,273867685,788,0,788,-1,0,3,38
5,360,50.400000,12.276000,1,0,273867697,797,0,797,-2,0,3,38
5,360,50.400000,12.276000,1,0,273867708,808,0,808,-4,0,3,38
5,360,50.400000,12.276000,1,0,273867719,823,0,823,-7,0,3,38
5,360,50.400000,12.276000,1,0,273867731,838,0,838,-10,0,3,38
5,360,50.400000,12.276000,1,0,273867742,854,0,854,-14,0,3,38
5,360,50.400000,12.276000,1,0,273867755,869,0,869,-17,0,3,38
5,360,50.400000,12.276000,1,0,273867768,889,0,889,-20,0,3,38
5,360,50.400000,12.276000,1,0,273867780,912,0,912,-24,0,3,38
5,360,50.400000,12.276000,1,0,273867793,943,0,943,-27,0,3,38
5,360,50.400000,12.276000,1,0,273867804,994,0,994,-31,0,3,38
5,360,50.400000,12.276000,1,0,273867816,1039,0,1039,-32,0,3,38
5,360,50.400000,12.276000,1,0,273867828,1085,0,1085,-33,0,3,38
5,360,50.400000,12.276000,1,0,273867838,1126,0,1126,-35,0,3,38
5,360,50.400000,12.276000,1,0,273867850,1155,0,1155,-37,0,3,38
5,360,50.400000,12.276000,1,0,273867861,1181,0,1181,-39,0,3,38
5,360,50.400000,12.276000,1,0,273867873,1197,0,1197,-40,0,3,38
5,360,50.400000,12.276000,1,0,273867884,1206,0,1206,-41,0,3,38
5,360,50.400000,12.276000,1,0,273867894,1209,0,1209,-41,0,3,38
5,360,50.400000,12.276000,1,0,273867905,1209,0,1209,-41,0,3,38
5,360,50.400000,12.276000,1,0,273867915,1209,0,1209,-41,0,3,38
5,360,50.400000,12.276000,1,0,273867926,1209,0,1209,-41,0,3,38
5,360,50.400000,12.276000,1,0,273867936,1209,0,1209,-41,0,3,38
5,360,50.400000,12.276000,1,0,273867947,1209,0,1209,-41,0,3,38
5,360,50.400000,12.276000,1,0,273867957,1210,0,1210,-42,0,3,38
5,360,50.400000,12.276000,1,0,273867968,1210,0,1210,-42,0,3,38
5,360,50.400000,12.276000,1,0,273867979,1211,0,1211,-42,0,3,38
5,360,50.400000,12.276000,1,0,273867990,1211,0,1211,-42,0,3,38
5,360,50.400000,12.276000,1,0,273868000,1211,0,1211,-42,0,3,38
5,360,50.400000,12.276000,1,0,273868011,1211,0,1211,-42,0,3,38
5,360,50.400000,12.276000,1,0,273868022,1211,0,1211,-42,0,3,38
5,360,50.400000,12.276000,1,0,273868033,1211,0,1211,-42,0,3,38
5,360,50.400000,12.276000,1,0,273868043,1211,0,1211,-42,0,3,38
5,360,50.400000,12.276000,1,0,273868054,1211,0,1211,-42,0,3,38
5,360,50.400000,12.276000,1,0,273868064,1211,0,1211,-42,0,3,38
5,360,50.400000,12.276000,1,0,273868075,1210,0,1210,-42,0,3,38
5,360,50.400000,12.276000,1,0,273868087,1209,0,1209,-42,0,3,38
5,360,50.400000,12.276000,1,0,273868099,1205,0,1205,-42,0,3,38
5,360,50.400000,12.276000,1,0,273868119,1199,0,1199,-42,0,3,38
5,360,50.400000,12.276000,1,0,273868140,1186,0,1186,-42,0,3,38
5,360,50.400000,12.276000,1,0,273868151,1178,0,1178,-43,0,3,38
5,360,50.400000,12.276000,1,0,273868162,1177,0,1177,-43,0,3,38
5,360,50.400000,12.276000,1,0,273868173,1177,0,1177,-43,0,3,38
5,360,50.400000,12.276000,1,0,273868194,1177,0,1177,-43,0,3,38
5,360,50.400000,12.276000,1,0,273868205,1177,0,1177,-43,0,3,38
5,360,50.400000,12.276000,1,0,273868215,1177,0,1177,-43,0,3,38
5,360,50.400000,12.276000,1,0,273868225,1176,0,1176,-43,0,3,38
5,360,50.400000,12.276000,1,0,273868237,1176,0,1176,-43,0,3,38
5,360,50.400000,12.276000,1,0,273868249,1176,0,1176,-43,0,3,38
5,360,50.400000,12.276000,1,0,273868259,1176,0,1176,-43,0,3,38
5,360,50.400000,12.276000,1,0,273868269,1176,0,1176,-43,0,3,38
5,360,50.400000,12.276000,1,0,273868279,1176,0,1176,-43,0,3,38
5,360,50.400000,12.276000,1,0,273868290,1176,0,1176,-43,0,3,38
5,360,50.400000,12.276000,1,0,273868304,1176,0,1176,-43,0,3,38
5,360,50.400000,12.276000,1,0,273868315,1175,0,1175,-43,0,3,38
5,360,50.400000,12.276000,1,0,273868336,1174,0,1174,-43,0,3,38
5,360,50.400000,12.276000,1,0,273868346,1172,0,1172,-43,0,3,38
5,360,50.400000,12.276000,1,0,273868367,1171,0,1171,-43,0,3,38
5,360,50.400000,12.276000,1,0,273868378,1167,0,1167,-43,0,3,38
5,360,50.400000,12.276000,1,0,273868388,1164,0,1164,-43,0,3,38
5,360,50.400000,12.276000,1,0,273868399,1161,0,1161,-43,0,3,38
5,360,50.400000,12.276000,1,0,273868410,1157,0,1157,-43,0,3,38
5,360,50.400000,12.276000,1,0,273868422,1153,0,1153,-43,0,3,38
5,360,50.400000,12.276000,1,0,273868432,1150,0,1150,-43,0,3,38
5,360,50.400000,12.276000,1,0,273868443,1148,0,1148,-43,0,3,38
5,360,50.400000,12.276000,1,0,273868454,1146,0,1146,-43,0,3,38
5,360,50.400000,12.276000,1,0,273868465,1146,0,1146,-43,0,3,38
5,360,50.400000,12.276000,1,0,273868475,1146,0,1146,-43,0,3,38
5,360,50.400000,12.276000,1,0,273868486,1145,0,1145,-43,0,3,38
5,360,50.400000,12.276000,1,0,273868496,1144,0,1144,-43,0,3,38
5,360,50.400000,12.276000,1,0,273868507,1142,0,1142,-43,0,3,38
5,360,50.400000,12.276000,1,0,273868517,1140,0,1140,-43,0,3,38
5,360,50.400000,12.276000,1,0,273868528,1138,0,1138,-43,0,3,38
5,360,50.400000,12.276000,1,0,273868539,1136,0,1136,-43,0,3,38
5,360,50.400000,12.276000,1,0,273868550,1134,0,1134,-43,0,3,38
5,360,50.400000,12.276000,1,0,273868560,1134,0,1134,-43,0,3,38
5,360,50.400000,12.276000,1,0,273868570,1134,0,1134,-43,0,3,38
5,360,50.400000,12.276000,1,0,273868580,1134,0,1134,-43,0,3,38
