5,360,82.800000,10000.000000,1,1,273956717,780,22,780,22,0,3,103
5,360,82.800000,10000.000000,1,1,273956718,780,22,780,22,0,3,103
5,360,82.800000,10000.000000,1,1,273956729,780,22,780,22,0,3,103
5,360,82.800000,10000.000000,1,1,273956739,780,22,780,22,0,3,103
5,360,82.800000,10000.000000,1,1,273956749,780,22,780,22,0,3,103
5,360,82.800000,10000.000000,1,1,273956760,780,22,780,22,0,3,103
5,360,82.800000,10000.000000,1,1,273956771,781,22,781,22,0,3,103
5,360,82.800000,10000.000000,1,1,273956782,787,21,787,21,0,3,103
5,360,82.800000,10000.000000,1,1,273956795,798,19,798,19,0,3,103
5,360,82.800000,10000.000000,1,1,273956805,815,17,815,17,0,3,103
5,360,82.800000,10000.000000,1,1,273956817,840,14,840,14,0,3,103
5,360,82.800000,10000.000000,1,1,273956828,873,13,873,13,0,3,103
5,360,82.800000,10000.000000,1,1,273956838,917,11,917,11,0,3,103
5,360,82.800000,10000.000000,1,1,273956849,956,10,956,10,0,3,103
5,360,82.800000,10000.000000,1,1,273956861,998,9,998,9,0,3,103
5,360,82.800000,10000.000000,1,1,273956872,1032,8,1032,8,0,3,103
5,360,82.800000,10000.000000,1,1,273956883,1058,6,1058,6,0,3,103
5,360,82.800000,10000.000000,1,1,273956895,1075,5,1075,5,0,3,103
5,360,82.800000,10000.000000,1,1,273956906,1085,5,1085,5,0,3,103
5,360,82.800000,10000.000000,1,1,273956917,1091,4,1091,4,0,3,103
5,360,82.800000,10000.000000,1,1,273956928,1092,3,1092,3,0,3,103
5,360,82.800000,10000.000000,1,1,273956940,1093,3,1093,3,0,3,103
5,360,82.800000,10000.000000,1,1,273956951,1095,2,1095,2,0,3,103
5,360,82.800000,10000.000000,1,1,273956962,1096,2,1096,2,0,3,103
5,360,82.800000,10000.000000,1,1,273956973,1098,2,1098,2,0,3,103
5,360,82.800000,10000.000000,1,1,273956985,1101,1,1101,1,0,3,103
5,360,82.800000,10000.000000,1,1,273956996,1105,1,1105,1,0,3,103
5,360,82.800000,10000.000000,1,1,273957006,1108,1,1108,1,0,3,103
5,360,82.800000,10000.000000,1,1,273957017,1111,1,1111,1,0,3,103
5,360,82.800000,10000.000000,1,1,273957028,1112,1,1112,1,0,3,103
5,360,82.800000,10000.000000,1,1,273957039,1113,1,1113,1,0,3,103
5,360,82.800000,10000.000000,1,1,273957049,1113,1,1113,1,0,3,103
5,360,82.800000,10000.000000,1,1,273957059,1113,1,1113,1,0,3,103
5,360,82.800000,10000.000000,1,1,273957070,1113,1,1113,1,0,3,103
5,360,82.800000,10000.000000,1,1,273957081,1113,1,1113,1,0,3,103
5,360,82.800000,10000.000000,1,1,273957091,1113,1,1113,1,0,3,103
5,360,82.800000,10000.000000,1,1,273957103,1113,1,1113,1,0,3,103
5,360,82.800000,10000.000000,1,1,273957113,1113,1,1113,1,0,3,103
5,360,82.800000,10000.000000,1,1,273957123,1113,1,1113,1,0,3,103
5,360,82.800000,10000.000000,1,1,273957134,1113,1,1113,1,0,3,103
5,360,82.800000,10000.000000,1,1,273957155,1113,1,1113,1,0,3,103
5,360,82.800000,10000.000000,1,1,273957174,1114,1,1114,1,0,3,103
5,360,82.800000,10000.000000,1,1,273957184,1114,1,1114,1,0,3,103
