5,360,21.600000,10000.000000,1,1,273921053,780,22,780,22,0,3,76
5,360,21.600000,10000.000000,1,1,273921055,780,22,780,22,0,3,76
5,360,21.600000,10000.000000,1,1,273921068,780,22,780,22,0,3,76
5,360,21.600000,10000.000000,1,1,273921080,780,22,780,22,0,3,76
5,360,21.600000,10000.000000,1,1,273921102,780,22,780,22,0,3,76
5,360,21.600000,10000.000000,1,1,273921124,780,22,780,22,0,3,76
5,360,21.600000,10000.000000,1,1,273921135,780,22,780,22,0,3,76
5,360,21.600000,10000.000000,1,1,273921146,780,22,780,22,0,3,76
5,360,21.600000,10000.000000,1,1,273921157,780,22,780,22,0,3,76
5,360,21.600000,10000.000000,1,1,273921177,780,22,780,22,0,3,76
5,360,21.600000,10000.000000,1,1,273921189,781,22,781,22,0,3,76
5,360,21.600000,10000.000000,1,1,273921201,785,22,785,22,0,3,76
5,360,21.600000,10000.000000,1,1,273921212,792,22,792,22,0,3,76
5,360,21.600000,10000.000000,1,1,273921221,802,21,802,21,0,3,76
5,360,21.600000,10000.000000,1,1,273921234,819,20,819,20,0,3,76
5,360,21.600000,10000.000000,1,1,273921245,840,20,840,20,0,3,76
5,360,21.600000,10000.000000,1,1,273921256,866,19,866,19,0,3,76
5,360,21.600000,10000.000000,1,1,273921266,890,19,890,19,0,3,76
5,360,21.600000,10000.000000,1,1,273921277,917,19,917,19,0,3,76
5,360,21.600000,10000.000000,1,1,273921287,944,18,944,18,0,3,76
5,360,21.600000,10000.000000,1,1,273921298,964,18,964,18,0,3,76
5,360,21.600000,10000.000000,1,1,273921309,983,18,983,18,0,3,76
5,360,21.600000,10000.000000,1,1,273921320,1001,18,1001,18,0,3,76
5,360,21.600000,10000.000000,1,1,273921341,1015,17,1015,17,0,3,76
5,360,21.600000,10000.000000,1,1,273921351,1040,11,1040,11,0,3,76
5,360,21.600000,10000.000000,1,1,273921363,1047,9,1047,9,0,3,76
5,360,21.600000,10000.000000,1,1,273921374,1053,8,1053,8,0,3,76
5,360,21.600000,10000.000000,1,1,273921385,1057,7,1057,7,0,3,76
5,360,21.600000,10000.000000,1,1,273921395,1059,7,1059,7,0,3,76
5,360,21.600000,10000.000000,1,1,273921405,1059,7,1059,7,0,3,76
5,360,21.600000,10000.000000,1,1,273921416,1059,7,1059,7,0,3,76
5,360,21.600000,10000.000000,1,1,273921426,1059,7,1059,7,0,3,76
5,360,21.600000,10000.000000,1,1,273921438,1059,7,1059,7,0,3,76
5,360,21.600000,10000.000000,1,1,273921449,1060,7,1060,7,0,3,76
5,360,21.600000,10000.000000,1,1,273921460,1061,6,1061,6,0,3,76
5,360,21.600000,10000.000000,1,1,273921471,1062,6,1062,6,0,3,76
5,360,21.600000,10000.000000,1,1,273921482,1063,5,1063,5,0,3,76
5,360,21.600000,10000.000000,1,1,273921493,1063,4,1063,4,0,3,76
5,360,21.600000,10000.000000,1,1,273921503,1063,3,1063,3,0,3,76
5,360,21.600000,10000.000000,1,1,273921514,1065,2,1065,2,0,3,76
5,360,21.600000,10000.000000,1,1,273921525,1066,2,1066,2,0,3,76
5,360,21.600000,10000.000000,1,1,273921536,1069,1,1069,1,0,3,76
5,360,21.600000,10000.000000,1,1,273921548,1074,0,1074,-1,0,3,76
5,360,21.600000,10000.000000,1,1,273921560,1081,0,1081,-3,0,3,76
5,360,21.600000,10000.000000,1,1,273921572,1089,0,1089,-5,0,3,76
5,360,21.600000,10000.000000,1,1,273921593,1096,0,1096,-7,0,3,76
5,360,21.600000,10000.000000,1,1,273921604,1106,0,1106,-9,0,3,76
5,360,21.600000,10000.000000,1,1,273921615,1109,0,1109,-9,0,3,76
5,360,21.600000,10000.000000,1,1,273921626,1111,0,1111,-10,0,3,76
5,360,21.600000,10000.000000,1,1,273921636,1113,0,1113,-11,0,3,76
5,360,21.600000,10000.000000,1,1,273921647,1114,0,1114,-11,0,3,76
5,360,21.600000,10000.000000,1,1,273921658,1116,0,1116,-11,0,3,76
5,360,21.600000,10000.000000,1,1,273921669,1118,0,1118,-12,0,3,76
5,360,21.600000,10000.000000,1,1,273921679,1120,0,1120,-12,0,3,76
5,360,21.600000,10000.000000,1,1,273921690,1121,0,1121,-12,0,3,76
5,360,21.600000,10000.000000,1,1,273921701,1123,0,1123,-12,0,3,76
5,360,21.600000,10000.000000,1,1,273921712,1126,0,1126,-13,0,3,76
5,360,21.600000,10000.000000,1,1,273921723,1127,0,1127,-13,0,3,76
5,360,21.600000,10000.000000,1,1,273921733,1129,0,1129,-13,0,3,76
5,360,21.600000,10000.000000,1,1,273921744,1130,0,1130,-13,0,3,76
5,360,21.600000,10000.000000,1,1,273921755,1131,0,1131,-13,0,3,76
5,360,21.600000,10000.000000,1,1,273921766,1133,0,1133,-14,0,3,76
5,360,21.600000,10000.000000,1,1,273921776,1134,0,1134,-14,0,3,76
5,360,21.600000,10000.000000,1,1,273921786,1135,0,1135,-14,0,3,76
5,360,21.600000,10000.000000,1,1,273921797,1137,0,1137,-15,0,3,76
5,360,21.600000,10000.000000,1,1,273921809,1138,0,1138,-15,0,3,76
5,360,21.600000,10000.000000,1,1,273921819,1139,0,1139,-15,0,3,76
5,360,21.600000,10000.000000,1,1,273921829,1139,0,1139,-15,0,3,76
5,360,21.600000,10000.000000,1,1,273921840,1139,0,1139,-15,0,3,76
5,360,21.600000,10000.000000,1,1,273921851,1139,0,1139,-15,0,3,76
5,360,21.600000,10000.000000,1,1,273921862,1139,0,1139,-15,0,3,76
5,360,21.600000,10000.000000,1,1,273921872,1139,0,1139,-15,0,3,76
5,360,21.600000,10000.000000,1,1,273921883,1139,0,1139,-15,0,3,76
5,360,21.600000,10000.000000,1,1,273921893,1139,0,1139,-15,0,3,76
5,360,21.600000,10000.000000,1,1,273921903,1139,0,1139,-15,0,3,76
5,360,21.600000,10000.000000,1,1,273921922,1139,0,1139,-15,0,3,76
5,360,21.600000,10000.000000,1,1,273921932,1139,0,1139,-15,0,3,76
5,360,21.600000,10000.000000,1,1,273921943,1139,0,1139,-15,0,3,76
5,360,21.600000,10000.000000,1,1,273921953,1139,0,1139,-15,0,3,76
5,360,21.600000,10000.000000,1,1,273921962,1139,0,1139,-15,0,3,76
