5,720,21.600000,0.000000,1,0,273845744,600,0,600,0,0,3,21
5,720,21.600000,0.000000,1,0,273845745,600,0,600,0,0,3,21
5,720,21.600000,0.000000,1,0,273845755,600,0,600,0,0,3,21
5,720,21.600000,0.000000,1,0,273845766,600,0,600,0,0,3,21
5,720,21.600000,0.000000,1,0,273845785,600,0,600,0,0,3,21
5,720,21.600000,0.000000,1,0,273845796,600,0,600,0,0,3,21
5,720,21.600000,0.000000,1,0,273845807,601,0,601,0,0,3,21
5,720,21.600000,0.000000,1,0,273845817,604,0,604,0,0,3,21
5,720,21.600000,0.000000,1,0,273845830,610,0,610,-1,0,3,21
5,720,21.600000,0.000000,1,0,273845842,624,0,624,-2,0,3,21
5,720,21.600000,0.000000,1,0,273845852,649,0,649,-3,0,3,21
5,720,21.600000,0.000000,1,0,273845863,693,0,693,-6,0,3,21
5,720,21.600000,0.000000,1,0,273845874,754,0,754,-8,0,3,21
5,720,21.600000,0.000000,1,0,273845885,822,0,822,-8,0,3,21
5,720,21.600000,0.000000,1,0,273845896,890,0,890,-9,0,3,21
5,720,21.600000,0.000000,1,0,273845907,959,0,959,-10,0,3,21
5,720,21.600000,0.000000,1,0,273845918,1024,0,1024,-11,0,3,21
5,720,21.600000,0.000000,1,0,273845930,1091,0,1091,-12,0,3,21
5,720,21.600000,0.000000,1,0,273845941,1150,0,1150,-12,0,3,21
5,720,21.600000,0.000000,1,0,273845952,1190,0,1190,-12,0,3,21
5,720,21.600000,0.000000,1,0,273845963,1217,0,1217,-12,0,3,21
5,720,21.600000,0.000000,1,0,273845974,1244,0,1244,-13,0,3,21
5,720,21.600000,0.000000,1,0,273845985,1261,0,1261,-13,0,3,21
5,720,21.600000,0.000000,1,0,273845995,1274,0,1274,-13,0,3,21
5,720,21.600000,0.000000,1,0,273846006,1285,0,1285,-13,0,3,21
5,720,21.600000,0.000000,1,0,273846018,1293,0,1293,-13,0,3,21
5,720,21.600000,0.000000,1,0,273846028,1298,0,1298,-13,0,3,21
5,720,21.600000,0.000000,1,0,273846039,1302,0,1302,-14,0,3,21
5,720,21.600000,0.000000,1,0,273846051,1307,0,1307,-14,0,3,21
5,720,21.600000,0.000000,1,0,273846062,1313,0,1313,-15,0,3,21
5,720,21.600000,0.000000,1,0,273846073,1320,0,1320,-15,0,3,21
5,720,21.600000,0.000000,1,0,273846084,1327,0,1327,-15,0,3,21
5,720,21.600000,0.000000,1,0,273846095,1331,0,1331,-15,0,3,21
5,720,21.600000,0.000000,1,0,273846106,1333,0,1333,-15,0,3,21
5,720,21.600000,0.000000,1,0,273846117,1336,0,1336,-15,0,3,21
5,720,21.600000,0.000000,1,0,273846128,1336,0,1336,-15,0,3,21
5,720,21.600000,0.000000,1,0,273846146,1336,0,1336,-15,0,3,21
5,720,21.600000,0.000000,1,0,273846158,1336,0,1336,-15,0,3,21
5,720,21.600000,0.000000,1,0,273846169,1336,0,1336,-15,0,3,21
5,720,21.600000,0.000000,1,0,273846179,1336,0,1336,-15,0,3,21
5,720,21.600000,0.000000,1,0,273846190,1336,0,1336,-15,0,3,21
5,720,21.600000,0.000000,1,0,273846200,1336,0,1336,-15,0,3,21
5,720,21.600000,0.000000,1,0,273846210,1336,0,1336,-15,0,3,21
5,720,21.600000,0.000000,1,0,273846220,1336,0,1336,-15,0,3,21
5,720,21.600000,0.000000,1,0,273846240,1336,0,1336,-15,0,3,21
5,720,21.600000,0.000000,1,0,273846250,1336,0,1336,-15,0,3,21
5,720,21.600000,0.000000,1,0,273846261,1336,0,1336,-15,0,3,21
5,720,21.600000,0.000000,1,0,273846272,1336,0,1336,-15,0,3,21
5,720,21.600000,0.000000,1,0,273846282,1336,0,1336,-15,0,3,21
5,720,21.600000,0.000000,1,0,273846292,1336,0,1336,-15,0,3,21
5,720,21.600000,0.000000,1,0,273846303,1336,0,1336,-15,0,3,21
5,720,21.600000,0.000000,1,0,273846315,1336,0,1336,-15,0,3,21
5,720,21.600000,0.000000,1,0,273846335,1335,0,1335,-15,0,3,21
5,720,21.600000,0.000000,1,0,273846357,1330,0,1330,-15,0,3,21
5,720,21.600000,0.000000,1,0,273846369,1326,0,1326,-15,0,3,21
5,720,21.600000,0.000000,1,0,273846379,1325,0,1325,-15,0,3,21
5,720,21.600000,0.000000,1,0,273846390,1325,0,1325,-15,0,3,21
5,720,21.600000,0.000000,1,0,273846401,1324,0,1324,-15,0,3,21
5,720,21.600000,0.000000,1,0,273846411,1324,0,1324,-15,0,3,21
5,720,21.600000,0.000000,1,0,273846422,1324,0,1324,-15,0,3,21
5,720,21.600000,0.000000,1,0,273846432,1324,0,1324,-15,0,3,21
5,720,21.600000,0.000000,1,0,273846443,1324,0,1324,-15,0,3,21
5,720,21.600000,0.000000,1,0,273846453,1324,0,1324,-15,0,3,21
5,720,21.600000,0.000000,1,0,273846463,1324,0,1324,-15,0,3,21
5,720,21.600000,0.000000,1,0,273846473,1323,0,1323,-15,0,3,21
5,720,21.600000,0.000000,1,0,273846482,1323,0,1323,-15,0,3,21
