5,720,82.800000,22.608000,0,1,273888693,600,22,600,22,0,3,54
5,720,82.800000,22.608000,0,1,273888694,600,22,600,22,0,3,54
5,720,82.800000,22.608000,0,1,273888705,600,22,600,22,0,3,54
5,720,82.800000,22.608000,0,1,273888715,600,22,600,22,0,3,54
5,720,82.800000,22.608000,0,1,273888726,600,22,600,22,0,3,54
5,720,82.800000,22.608000,0,1,273888737,600,22,600,22,0,3,54
5,720,82.800000,22.608000,0,1,273888747,600,22,600,22,0,3,54
5,720,82.800000,22.608000,0,1,273888758,600,22,600,22,0,3,54
5,720,82.800000,22.608000,0,1,273888769,604,22,604,22,0,3,54
5,720,82.800000,22.608000,0,1,273888782,615,20,615,20,0,3,54
5,720,82.800000,22.608000,0,1,273888793,636,18,636,18,0,3,54
5,720,82.800000,22.608000,0,1,273888804,673,14,673,14,0,3,54
5,720,82.800000,22.608000,0,1,273888815,721,12,721,12,0,3,54
5,720,82.800000,22.608000,0,1,273888826,784,10,784,10,0,3,54
5,720,82.800000,22.608000,0,1,273888837,850,8,850,8,0,3,54
5,720,82.800000,22.608000,0,1,273888848,918,8,918,8,0,3,54
5,720,82.800000,22.608000,0,1,273888859,993,7,993,7,0,3,54
5,720,82.800000,22.608000,0,1,273888870,1064,7,1064,7,0,3,54
5,720,82.800000,22.608000,0,1,273888881,1123,8,1123,8,0,3,54
5,720,82.800000,22.608000,0,1,273888893,1179,9,1179,9,0,3,54
5,720,82.800000,22.608000,0,1,273888905,1218,9,1218,9,0,3,54
5,720,82.800000,22.608000,0,1,273888916,1253,9,1253,9,0,3,54
5,720,82.800000,22.608000,0,1,273888927,1274,9,1274,9,0,3,54
5,720,82.800000,22.608000,0,1,273888938,1288,9,1288,9,0,3,54
5,720,82.800000,22.608000,0,1,273888950,1295,9,1295,9,0,3,54
5,720,82.800000,22.608000,0,1,273888961,1297,9,1297,9,0,3,54
5,720,82.800000,22.608000,0,1,273888972,1298,9,1298,9,0,3,54
5,720,82.800000,22.608000,0,1,273888984,1298,9,1298,9,0,3,54
5,720,82.800000,22.608000,0,1,273888994,1299,9,1299,9,0,3,54
5,720,82.800000,22.608000,0,1,273889005,1300,9,1300,9,0,3,54
5,720,82.800000,22.608000,0,1,273889016,1304,9,1304,9,0,3,54
5,720,82.800000,22.608000,0,1,273889027,1309,9,1309,9,0,3,54
5,720,82.800000,22.608000,0,1,273889039,1317,8,1317,8,0,3,54
5,720,82.800000,22.608000,0,1,273889059,1326,7,1326,7,0,3,54
5,720,82.800000,22.608000,0,1,273889070,1342,7,1342,7,0,3,54
5,720,82.800000,22.608000,0,1,273889081,1348,7,1348,7,0,3,54
5,720,82.800000,22.608000,0,1,273889092,1352,7,1352,7,0,3,54
5,720,82.800000,22.608000,0,1,273889102,1353,6,1353,6,0,3,54
5,720,82.800000,22.608000,0,1,273889123,1353,6,1353,6,0,3,54
5,720,82.800000,22.608000,0,1,273889145,1353,6,1353,6,0,3,54
5,720,82.800000,22.608000,0,1,273889156,1353,6,1353,6,0,3,54
5,720,82.800000,22.608000,0,1,273889167,1353,6,1353,6,0,3,54
5,720,82.800000,22.608000,0,1,273889188,1353,6,1353,6,0,3,54
5,720,82.800000,22.608000,0,1,273889199,1353,6,1353,6,0,3,54
5,720,82.800000,22.608000,0,1,273889209,1351,6,1351,6,0,3,54
5,720,82.800000,22.608000,0,1,273889219,1349,6,1349,6,0,3,54
5,720,82.800000,22.608000,0,1,273889230,1345,6,1345,6,0,3,54
5,720,82.800000,22.608000,0,1,273889241,1341,6,1341,6,0,3,54
5,720,82.800000,22.608000,0,1,273889251,1338,6,1338,6,0,3,54
5,720,82.800000,22.608000,0,1,273889262,1335,6,1335,6,0,3,54
5,720,82.800000,22.608000,0,1,273889272,1333,6,1333,6,0,3,54
5,720,82.800000,22.608000,0,1,273889283,1331,6,1331,6,0,3,54
5,720,82.800000,22.608000,0,1,273889293,1329,6,1329,6,0,3,54
5,720,82.800000,22.608000,0,1,273889303,1327,6,1327,6,0,3,54
5,720,82.800000,22.608000,0,1,273889314,1326,6,1326,6,0,3,54
5,720,82.800000,22.608000,0,1,273889323,1325,6,1325,6,0,3,54
5,720,82.800000,22.608000,0,1,273889335,1325,6,1325,6,0,3,54
5,720,82.800000,22.608000,0,1,273889345,1324,6,1324,6,0,3,54
