5,720,21.600000,0.000000,0,1,273825827,600,22,600,22,0,3,7
5,720,21.600000,0.000000,0,1,273825828,600,22,600,22,0,3,7
5,720,21.600000,0.000000,0,1,273825839,600,22,600,22,0,3,7
5,720,21.600000,0.000000,0,1,273825851,600,22,600,22,0,3,7
5,720,21.600000,0.000000,0,1,273825862,600,22,600,22,0,3,7
5,720,21.600000,0.000000,0,1,273825874,600,22,600,22,0,3,7
5,720,21.600000,0.000000,0,1,273825886,600,22,600,22,0,3,7
5,720,21.600000,0.000000,0,1,273825897,602,21,602,21,0,3,7
5,720,21.600000,0.000000,0,1,273825909,608,20,608,20,0,3,7
5,720,21.600000,0.000000,0,1,273825922,621,17,621,17,0,3,7
5,720,21.600000,0.000000,0,1,273825936,647,13,647,13,0,3,7
5,720,21.600000,0.000000,0,1,273825949,704,7,704,7,0,3,7
5,720,21.600000,0.000000,0,1,273825969,786,1,786,1,0,3,7
5,720,21.600000,0.000000,0,1,273825980,929,0,929,-1,0,3,7
5,720,21.600000,0.000000,0,1,273825992,1006,0,1006,-3,0,3,7
5,720,21.600000,0.000000,0,1,273826004,1077,0,1077,-3,0,3,7
5,720,21.600000,0.000000,0,1,273826017,1132,0,1132,-3,0,3,7
5,720,21.600000,0.000000,0,1,273826030,1192,1,1192,-2,0,3,7
5,720,21.600000,0.000000,0,1,273826043,1228,2,1228,-1,0,3,7
5,720,21.600000,0.000000,0,1,273826063,1254,2,1254,-1,0,3,7
5,720,21.600000,0.000000,0,1,273826076,1275,3,1275,0,0,3,7
5,720,21.600000,0.000000,0,1,273826088,1278,3,1278,0,0,3,7
5,720,21.600000,0.000000,0,1,273826099,1278,3,1278,0,0,3,7
5,720,21.600000,0.000000,0,1,273826110,1278,3,1278,0,0,3,7
5,720,21.600000,0.000000,0,1,273826122,1279,3,1279,0,0,3,7
5,720,21.600000,0.000000,0,1,273826134,1279,3,1279,0,0,3,7
5,720,21.600000,0.000000,0,1,273826145,1280,3,1280,0,0,3,7
5,720,21.600000,0.000000,0,1,273826157,1282,3,1282,0,0,3,7
5,720,21.600000,0.000000,0,1,273826170,1285,3,1285,0,0,3,7
5,720,21.600000,0.000000,0,1,273826190,1287,3,1287,0,0,3,7
5,720,21.600000,0.000000,0,1,273826201,1288,3,1288,0,0,3,7
5,720,21.600000,0.000000,0,1,273826212,1288,3,1288,0,0,3,7
5,720,21.600000,0.000000,0,1,273826223,1288,3,1288,0,0,3,7
5,720,21.600000,0.000000,0,1,273826234,1288,3,1288,0,0,3,7
5,720,21.600000,0.000000,0,1,273826245,1289,2,1289,-1,0,3,7
5,720,21.600000,0.000000,0,1,273826258,1290,2,1290,-1,0,3,7
5,720,21.600000,0.000000,0,1,273826270,1294,2,1294,-1,0,3,7
5,720,21.600000,0.000000,0,1,273826283,1300,2,1300,-1,0,3,7
5,720,21.600000,0.000000,0,1,273826306,1305,1,1305,-2,0,3,7
5,720,21.600000,0.000000,0,1,273826317,1310,1,1310,-2,0,3,7
5,720,21.600000,0.000000,0,1,273826340,1310,1,1310,-2,0,3,7
5,720,21.600000,0.000000,0,1,273826351,1310,1,1310,-2,0,3,7
5,720,21.600000,0.000000,0,1,273826371,1310,1,1310,-2,0,3,7
5,720,21.600000,0.000000,0,1,273826381,1312,1,1312,-2,0,3,7
5,720,21.600000,0.000000,0,1,273826394,1314,1,1314,-2,0,3,7
5,720,21.600000,0.000000,0,1,273826404,1317,0,1317,-3,0,3,7
5,720,21.600000,0.000000,0,1,273826415,1319,0,1319,-3,0,3,7
5,720,21.600000,0.000000,0,1,273826426,1321,0,1321,-3,0,3,7
5,720,21.600000,0.000000,0,1,273826437,1322,0,1322,-3,0,3,7
5,720,21.600000,0.000000,0,1,273826448,1323,0,1323,-3,0,3,7
5,720,21.600000,0.000000,0,1,273826458,1324,0,1324,-3,0,3,7
5,720,21.600000,0.000000,0,1,273826469,1326,0,1326,-3,0,3,7
5,720,21.600000,0.000000,0,1,273826480,1328,0,1328,-3,0,3,7
5,720,21.600000,0.000000,0,1,273826492,1332,0,1332,-4,0,3,7
5,720,21.600000,0.000000,0,1,273826503,1337,0,1337,-4,0,3,7
5,720,21.600000,0.000000,0,1,273826515,1342,0,1342,-4,0,3,7
5,720,21.600000,0.000000,0,1,273826535,1345,0,1345,-4,0,3,7
5,720,21.600000,0.000000,0,1,273826546,1346,0,1346,-4,0,3,7
5,720,21.600000,0.000000,0,1,273826557,1346,0,1346,-4,0,3,7
5,720,21.600000,0.000000,0,1,273826567,1346,0,1346,-4,0,3,7
5,720,21.600000,0.000000,0,1,273826578,1346,0,1346,-4,0,3,7
5,720,21.600000,0.000000,0,1,273826589,1346,0,1346,-4,0,3,7
5,720,21.600000,0.000000,0,1,273826600,1346,0,1346,-4,0,3,7
5,720,21.600000,0.000000,0,1,273826610,1346,0,1346,-4,0,3,7
5,720,21.600000,0.000000,0,1,273826620,1346,0,1346,-4,0,3,7
5,720,21.600000,0.000000,0,1,273826631,1345,0,1345,-4,0,3,7
5,720,21.600000,0.000000,0,1,273826641,1344,0,1344,-4,0,3,7
5,720,21.600000,0.000000,0,1,273826652,1343,0,1343,-4,0,3,7
5,720,21.600000,0.000000,0,1,273826663,1341,0,1341,-4,0,3,7
5,720,21.600000,0.000000,0,1,273826674,1338,1,1338,-3,0,3,7
5,720,21.600000,0.000000,0,1,273826685,1334,1,1334,-3,0,3,7
5,720,21.600000,0.000000,0,1,273826706,1331,1,1331,-3,0,3,7
5,720,21.600000,0.000000,0,1,273826717,1328,2,1328,-2,0,3,7
5,720,21.600000,0.000000,0,1,273826727,1327,2,1327,-2,0,3,7
5,720,21.600000,0.000000,0,1,273826738,1327,2,1327,-2,0,3,7
5,720,21.600000,0.000000,0,1,273826748,1327,2,1327,-2,0,3,7
5,720,21.600000,0.000000,0,1,273826759,1326,2,1326,-2,0,3,7
5,720,21.600000,0.000000,0,1,273826769,1326,2,1326,-2,0,3,7
5,720,21.600000,0.000000,0,1,273826779,1325,3,1325,-1,0,3,7
5,720,21.600000,0.000000,0,1,273826789,1324,4,1324,0,0,3,7
5,720,21.600000,0.000000,0,1,273826800,1324,4,1324,0,0,3,7
5,720,21.600000,0.000000,0,1,273826810,1324,4,1324,0,0,3,7
5,720,21.600000,0.000000,0,1,273826820,1324,4,1324,0,0,3,7
5,720,21.600000,0.000000,0,1,273826830,1324,4,1324,0,0,3,7
5,720,21.600000,0.000000,0,1,273826840,1324,4,1324,0,0,3,7
5,720,21.600000,0.000000,0,1,273826850,1324,4,1324,0,0,3,7
5,720,21.600000,0.000000,0,1,273826861,1324,4,1324,0,0,3,7
5,720,21.600000,0.000000,0,1,273826870,1324,4,1324,0,0,3,7
