5,720,50.400000,0.000000,0,1,273976926,600,22,600,22,0,3,116
5,720,50.400000,0.000000,0,1,273976927,600,22,600,22,0,3,116
5,720,50.400000,0.000000,0,1,273976938,600,22,600,22,0,3,116
5,720,50.400000,0.000000,0,1,273976949,600,22,600,22,0,3,116
5,720,50.400000,0.000000,0,1,273976959,600,22,600,22,0,3,116
5,720,50.400000,0.000000,0,1,273976970,600,22,600,22,0,3,116
5,720,50.400000,0.000000,0,1,273976981,600,22,600,22,0,3,116
5,720,50.400000,0.000000,0,1,273976992,600,21,600,21,0,3,116
5,720,50.400000,0.000000,0,1,273977004,606,19,606,19,0,3,116
5,720,50.400000,0.000000,0,1,273977015,619,17,619,17,0,3,116
5,720,50.400000,0.000000,0,1,273977026,643,13,643,13,0,3,116
5,720,50.400000,0.000000,0,1,273977036,675,8,675,8,0,3,116
5,720,50.400000,0.000000,0,1,273977048,715,4,715,4,0,3,116
5,720,50.400000,0.000000,0,1,273977058,763,0,763,0,0,3,116
5,720,50.400000,0.000000,0,1,273977069,811,0,811,-3,0,3,116
5,720,50.400000,0.000000,0,1,273977079,870,0,870,-6,0,3,116
5,720,50.400000,0.000000,0,1,273977091,925,0,925,-7,0,3,116
5,720,50.400000,0.000000,0,1,273977101,981,0,981,-8,0,3,116
5,720,50.400000,0.000000,0,1,273977113,1036,0,1036,-8,0,3,116
5,720,50.400000,0.000000,0,1,273977123,1083,0,1083,-9,0,3,116
5,720,50.400000,0.000000,0,1,273977135,1124,0,1124,-9,0,3,116
5,720,50.400000,0.000000,0,1,273977146,1162,0,1162,-9,0,3,116
5,720,50.400000,0.000000,0,1,273977157,1192,0,1192,-9,0,3,116
5,720,50.400000,0.000000,0,1,273977168,1213,0,1213,-9,0,3,116
5,720,50.400000,0.000000,0,1,273977180,1227,0,1227,-10,0,3,116
5,720,50.400000,0.000000,0,1,273977191,1239,0,1239,-10,0,3,116
5,720,50.400000,0.000000,0,1,273977202,1246,0,1246,-10,0,3,116
5,720,50.400000,0.000000,0,1,273977213,1251,0,1251,-10,0,3,116
5,720,50.400000,0.000000,0,1,273977224,1254,0,1254,-10,0,3,116
5,720,50.400000,0.000000,0,1,273977235,1255,0,1255,-10,0,3,116
5,720,50.400000,0.000000,0,1,273977246,1256,0,1256,-10,0,3,116
5,720,50.400000,0.000000,0,1,273977256,1259,0,1259,-10,0,3,116
5,720,50.400000,0.000000,0,1,273977268,1263,0,1263,-10,0,3,116
5,720,50.400000,0.000000,0,1,273977281,1268,0,1268,-11,0,3,116
5,720,50.400000,0.000000,0,1,273977292,1275,0,1275,-11,0,3,116
5,720,50.400000,0.000000,0,1,273977315,1281,0,1281,-12,0,3,116
5,720,50.400000,0.000000,0,1,273977336,1287,0,1287,-13,0,3,116
5,720,50.400000,0.000000,0,1,273977348,1291,0,1291,-13,0,3,116
5,720,50.400000,0.000000,0,1,273977359,1295,0,1295,-13,0,3,116
5,720,50.400000,0.000000,0,1,273977380,1299,0,1299,-13,0,3,116
5,720,50.400000,0.000000,0,1,273977392,1312,0,1312,-14,0,3,116
5,720,50.400000,0.000000,0,1,273977404,1319,0,1319,-14,0,3,116
5,720,50.400000,0.000000,0,1,273977416,1327,0,1327,-14,0,3,116
5,720,50.400000,0.000000,0,1,273977427,1333,0,1333,-15,0,3,116
5,720,50.400000,0.000000,0,1,273977438,1337,0,1337,-15,0,3,116
5,720,50.400000,0.000000,0,1,273977449,1340,0,1340,-15,0,3,116
5,720,50.400000,0.000000,0,1,273977460,1343,0,1343,-15,0,3,116
5,720,50.400000,0.000000,0,1,273977472,1346,0,1346,-15,0,3,116
5,720,50.400000,0.000000,0,1,273977482,1349,0,1349,-15,0,3,116
5,720,50.400000,0.000000,0,1,273977493,1353,0,1353,-15,0,3,116
5,720,50.400000,0.000000,0,1,273977504,1356,0,1356,-15,0,3,116
5,720,50.400000,0.000000,0,1,273977515,1358,0,1358,-15,0,3,116
5,720,50.400000,0.000000,0,1,273977526,1360,0,1360,-16,0,3,116
5,720,50.400000,0.000000,0,1,273977536,1360,0,1360,-16,0,3,116
5,720,50.400000,0.000000,0,1,273977547,1360,0,1360,-16,0,3,116
5,720,50.400000,0.000000,0,1,273977567,1360,0,1360,-16,0,3,116
5,720,50.400000,0.000000,0,1,273977577,1360,0,1360,-16,0,3,116
5,720,50.400000,0.000000,0,1,273977588,1360,0,1360,-16,0,3,116
5,720,50.400000,0.000000,0,1,273977599,1360,0,1360,-16,0,3,116
5,720,50.400000,0.000000,0,1,273977609,1360,0,1360,-16,0,3,116
5,720,50.400000,0.000000,0,1,273977620,1360,0,1360,-16,0,3,116
5,720,50.400000,0.000000,0,1,273977631,1360,0,1360,-16,0,3,116
5,720,50.400000,0.000000,0,1,273977641,1359,0,1359,-16,0,3,116
5,720,50.400000,0.000000,0,1,273977653,1358,0,1358,-16,0,3,116
5,720,50.400000,0.000000,0,1,273977664,1356,0,1356,-16,0,3,116
5,720,50.400000,0.000000,0,1,273977676,1353,0,1353,-16,0,3,116
5,720,50.400000,0.000000,0,1,273977687,1350,0,1350,-16,0,3,116
5,720,50.400000,0.000000,0,1,273977698,1345,0,1345,-16,0,3,116
5,720,50.400000,0.000000,0,1,273977718,1341,0,1341,-16,0,3,116
5,720,50.400000,0.000000,0,1,273977729,1336,0,1336,-16,0,3,116
5,720,50.400000,0.000000,0,1,273977742,1335,0,1335,-16,0,3,116
5,720,50.400000,0.000000,0,1,273977753,1334,0,1334,-16,0,3,116
5,720,50.400000,0.000000,0,1,273977774,1334,0,1334,-16,0,3,116
5,720,50.400000,0.000000,0,1,273977784,1334,0,1334,-16,0,3,116
5,720,50.400000,0.000000,0,1,273977804,1333,0,1333,-16,0,3,116
