5,720,21.600000,22.608000,1,0,273877223,600,0,600,0,0,3,45
5,720,21.600000,22.608000,1,0,273877224,600,0,600,0,0,3,45
5,720,21.600000,22.608000,1,0,273877234,600,0,600,0,0,3,45
5,720,21.600000,22.608000,1,0,273877245,600,0,600,0,0,3,45
5,720,21.600000,22.608000,1,0,273877255,600,0,600,0,0,3,45
5,720,21.600000,22.608000,1,0,273877266,600,0,600,0,0,3,45
5,720,21.600000,22.608000,1,0,273877276,600,0,600,0,0,3,45
5,720,21.600000,22.608000,1,0,273877286,600,0,600,0,0,3,45
5,720,21.600000,22.608000,1,0,273877298,601,0,601,0,0,3,45
5,720,21.600000,22.608000,1,0,273877321,606,0,606,-1,0,3,45
5,720,21.600000,22.608000,1,0,273877332,641,0,641,-8,0,3,45
5,720,21.600000,22.608000,1,0,273877343,672,0,672,-12,0,3,45
5,720,21.600000,22.608000,1,0,273877356,717,0,717,-16,0,3,45
5,720,21.600000,22.608000,1,0,273877367,791,0,791,-20,0,3,45
5,720,21.600000,22.608000,1,0,273877388,858,0,858,-22,0,3,45
5,720,21.600000,22.608000,1,0,273877399,989,0,989,-23,0,3,45
5,720,21.600000,22.608000,1,0,273877410,1045,0,1045,-23,0,3,45
5,720,21.600000,22.608000,1,0,273877422,1086,0,1086,-23,0,3,45
5,720,21.600000,22.608000,1,0,273877432,1117,1,1117,-22,0,3,45
5,720,21.600000,22.608000,1,0,273877443,1138,2,1138,-21,0,3,45
5,720,21.600000,22.608000,1,0,273877454,1154,2,1154,-21,0,3,45
5,720,21.600000,22.608000,1,0,273877465,1165,2,1165,-21,0,3,45
5,720,21.600000,22.608000,1,0,273877476,1172,2,1172,-21,0,3,45
5,720,21.600000,22.608000,1,0,273877487,1181,3,1181,-20,0,3,45
5,720,21.600000,22.608000,1,0,273877498,1190,3,1190,-20,0,3,45
5,720,21.600000,22.608000,1,0,273877509,1199,3,1199,-20,0,3,45
5,720,21.600000,22.608000,1,0,273877520,1208,3,1208,-20,0,3,45
5,720,21.600000,22.608000,1,0,273877531,1216,3,1216,-20,0,3,45
5,720,21.600000,22.608000,1,0,273877542,1223,3,1223,-20,0,3,45
5,720,21.600000,22.608000,1,0,273877553,1228,3,1228,-20,0,3,45
5,720,21.600000,22.608000,1,0,273877564,1232,3,1232,-20,0,3,45
5,720,21.600000,22.608000,1,0,273877577,1235,3,1235,-20,0,3,45
5,720,21.600000,22.608000,1,0,273877587,1240,3,1240,-20,0,3,45
5,720,21.600000,22.608000,1,0,273877597,1245,3,1245,-20,0,3,45
5,720,21.600000,22.608000,1,0,273877608,1252,3,1252,-20,0,3,45
5,720,21.600000,22.608000,1,0,273877618,1259,3,1259,-20,0,3,45
5,720,21.600000,22.608000,1,0,273877630,1264,3,1264,-20,0,3,45
5,720,21.600000,22.608000,1,0,273877641,1267,3,1267,-20,0,3,45
5,720,21.600000,22.608000,1,0,273877665,1268,3,1268,-20,0,3,45
5,720,21.600000,22.608000,1,0,273877686,1268,3,1268,-20,0,3,45
5,720,21.600000,22.608000,1,0,273877697,1269,3,1269,-20,0,3,45
5,720,21.600000,22.608000,1,0,273877719,1272,3,1272,-20,0,3,45
5,720,21.600000,22.608000,1,0,273877729,1283,3,1283,-20,0,3,45
5,720,21.600000,22.608000,1,0,273877741,1289,3,1289,-20,0,3,45
5,720,21.600000,22.608000,1,0,273877752,1296,3,1296,-20,0,3,45
5,720,21.600000,22.608000,1,0,273877763,1302,3,1302,-20,0,3,45
5,720,21.600000,22.608000,1,0,273877774,1307,3,1307,-20,0,3,45
5,720,21.600000,22.608000,1,0,273877784,1311,2,1311,-21,0,3,45
5,720,21.600000,22.608000,1,0,273877795,1314,2,1314,-21,0,3,45
5,720,21.600000,22.608000,1,0,273877807,1315,2,1315,-21,0,3,45
5,720,21.600000,22.608000,1,0,273877817,1316,2,1316,-21,0,3,45
5,720,21.600000,22.608000,1,0,273877828,1316,2,1316,-21,0,3,45
5,720,21.600000,22.608000,1,0,273877838,1316,2,1316,-21,0,3,45
5,720,21.600000,22.608000,1,0,273877850,1317,2,1317,-21,0,3,45
5,720,21.600000,22.608000,1,0,273877861,1318,2,1318,-21,0,3,45
5,720,21.600000,22.608000,1,0,273877871,1318,2,1318,-21,0,3,45
5,720,21.600000,22.608000,1,0,273877882,1318,2,1318,-21,0,3,45
5,720,21.600000,22.608000,1,0,273877902,1318,2,1318,-21,0,3,45
5,720,21.600000,22.608000,1,0,273877912,1318,2,1318,-21,0,3,45
5,720,21.600000,22.608000,1,0,273877923,1318,2,1318,-21,0,3,45
5,720,21.600000,22.608000,1,0,273877933,1318,2,1318,-21,0,3,45
5,720,21.600000,22.608000,1,0,273877943,1318,2,1318,-21,0,3,45
5,720,21.600000,22.608000,1,0,273877954,1318,2,1318,-21,0,3,45
5,720,21.600000,22.608000,1,0,273877964,1318,2,1318,-21,0,3,45
