5,720,82.800000,0.000000,1,0,273974379,600,0,600,0,0,3,114
5,720,82.800000,0.000000,1,0,273974380,600,0,600,0,0,3,114
5,720,82.800000,0.000000,1,0,273974390,600,0,600,0,0,3,114
5,720,82.800000,0.000000,1,0,273974401,600,0,600,0,0,3,114
5,720,82.800000,0.000000,1,0,273974412,600,0,600,0,0,3,114
5,720,82.800000,0.000000,1,0,273974423,600,0,600,0,0,3,114
5,720,82.800000,0.000000,1,0,273974434,600,0,600,0,0,3,114
5,720,82.800000,0.000000,1,0,273974448,602,0,602,0,0,3,114
5,720,82.800000,0.000000,1,0,273974459,611,0,611,-2,0,3,114
5,720,82.800000,0.000000,1,0,273974470,625,0,625,-4,0,3,114
5,720,82.800000,0.000000,1,0,273974481,649,0,649,-8,0,3,114
5,720,82.800000,0.000000,1,0,273974492,686,0,686,-12,0,3,114
5,720,82.800000,0.000000,1,0,273974505,733,0,733,-15,0,3,114
5,720,82.800000,0.000000,1,0,273974517,793,0,793,-17,0,3,114
5,720,82.800000,0.000000,1,0,273974528,855,0,855,-18,0,3,114
5,720,82.800000,0.000000,1,0,273974539,913,0,913,-19,0,3,114
5,720,82.800000,0.000000,1,0,273974550,971,0,971,-21,0,3,114
5,720,82.800000,0.000000,1,0,273974560,1022,0,1022,-22,0,3,114
5,720,82.800000,0.000000,1,0,273974573,1078,0,1078,-23,0,3,114
5,720,82.800000,0.000000,1,0,273974585,1193,0,1193,-24,0,3,114
5,720,82.800000,0.000000,1,0,273974597,1230,0,1230,-25,0,3,114
5,720,82.800000,0.000000,1,0,273974608,1269,0,1269,-25,0,3,114
5,720,82.800000,0.000000,1,0,273974619,1295,0,1295,-25,0,3,114
5,720,82.800000,0.000000,1,0,273974630,1318,0,1318,-25,0,3,114
5,720,82.800000,0.000000,1,0,273974642,1337,0,1337,-25,0,3,114
5,720,82.800000,0.000000,1,0,273974653,1347,0,1347,-25,0,3,114
5,720,82.800000,0.000000,1,0,273974665,1353,0,1353,-25,0,3,114
5,720,82.800000,0.000000,1,0,273974677,1355,0,1355,-25,0,3,114
5,720,82.800000,0.000000,1,0,273974688,1355,0,1355,-25,0,3,114
5,720,82.800000,0.000000,1,0,273974701,1355,0,1355,-25,0,3,114
5,720,82.800000,0.000000,1,0,273974712,1356,0,1356,-25,0,3,114
5,720,82.800000,0.000000,1,0,273974723,1360,0,1360,-25,0,3,114
5,720,82.800000,0.000000,1,0,273974737,1367,0,1367,-25,0,3,114
5,720,82.800000,0.000000,1,0,273974758,1375,0,1375,-25,0,3,114
5,720,82.800000,0.000000,1,0,273974780,1380,0,1380,-26,0,3,114
5,720,82.800000,0.000000,1,0,273974800,1380,0,1380,-26,0,3,114
5,720,82.800000,0.000000,1,0,273974820,1380,0,1380,-26,0,3,114
5,720,82.800000,0.000000,1,0,273974831,1380,0,1380,-26,0,3,114
5,720,82.800000,0.000000,1,0,273974841,1380,0,1380,-26,0,3,114
5,720,82.800000,0.000000,1,0,273974852,1380,0,1380,-26,0,3,114
5,720,82.800000,0.000000,1,0,273974863,1380,0,1380,-26,0,3,114
5,720,82.800000,0.000000,1,0,273974873,1380,0,1380,-26,0,3,114
5,720,82.800000,0.000000,1,0,273974884,1378,0,1378,-26,0,3,114
5,720,82.800000,0.000000,1,0,273974896,1375,0,1375,-26,0,3,114
5,720,82.800000,0.000000,1,0,273974907,1371,0,1371,-26,0,3,114
5,720,82.800000,0.000000,1,0,273974918,1367,0,1367,-26,0,3,114
5,720,82.800000,0.000000,1,0,273974929,1364,0,1364,-27,0,3,114
5,720,82.800000,0.000000,1,0,273974941,1360,0,1360,-28,0,3,114
5,720,82.800000,0.000000,1,0,273974953,1357,0,1357,-28,0,3,114
5,720,82.800000,0.000000,1,0,273974963,1354,0,1354,-28,0,3,114
5,720,82.800000,0.000000,1,0,273974975,1351,0,1351,-29,0,3,114
5,720,82.800000,0.000000,1,0,273974996,1347,0,1347,-29,0,3,114
5,720,82.800000,0.000000,1,0,273975008,1341,0,1341,-29,0,3,114
5,720,82.800000,0.000000,1,0,273975018,1339,0,1339,-29,0,3,114
5,720,82.800000,0.000000,1,0,273975029,1337,0,1337,-29,0,3,114
5,720,82.800000,0.000000,1,0,273975040,1336,0,1336,-29,0,3,114
5,720,82.800000,0.000000,1,0,273975051,1335,0,1335,-29,0,3,114
5,720,82.800000,0.000000,1,0,273975062,1335,0,1335,-29,0,3,114
5,720,82.800000,0.000000,1,0,273975073,1335,0,1335,-29,0,3,114
5,720,82.800000,0.000000,1,0,273975084,1335,0,1335,-29,0,3,114
5,720,82.800000,0.000000,1,0,273975095,1335,0,1335,-29,0,3,114
5,720,82.800000,0.000000,1,0,273975105,1335,0,1335,-29,0,3,114
5,720,82.800000,0.000000,1,0,273975115,1335,0,1335,-29,0,3,114
