5,720,50.400000,12.276000,0,0,273881496,600,0,600,0,0,3,49
5,720,50.400000,12.276000,0,0,273881497,600,0,600,0,0,3,49
5,720,50.400000,12.276000,0,0,273881508,600,0,600,0,0,3,49
5,720,50.400000,12.276000,0,0,273881518,600,0,600,0,0,3,49
5,720,50.400000,12.276000,0,0,273881530,601,0,601,-1,0,3,49
5,720,50.400000,12.276000,0,0,273881542,605,0,605,-2,0,3,49
5,720,50.400000,12.276000,0,0,273881553,613,0,613,-4,0,3,49
5,720,50.400000,12.276000,0,0,273881576,627,0,627,-6,0,3,49
5,720,50.400000,12.276000,0,0,273881586,694,0,694,-12,0,3,49
5,720,50.400000,12.276000,0,0,273881597,749,0,749,-15,0,3,49
5,720,50.400000,12.276000,0,0,273881608,817,0,817,-16,0,3,49
5,720,50.400000,12.276000,0,0,273881620,892,0,892,-16,0,3,49
5,720,50.400000,12.276000,0,0,273881630,980,0,980,-17,0,3,49
5,720,50.400000,12.276000,0,0,273881641,1057,0,1057,-17,0,3,49
5,720,50.400000,12.276000,0,0,273881654,1126,0,1126,-18,0,3,49
5,720,50.400000,12.276000,0,0,273881665,1176,0,1176,-19,0,3,49
5,720,50.400000,12.276000,0,0,273881676,1205,0,1205,-21,0,3,49
5,720,50.400000,12.276000,0,0,273881686,1225,0,1225,-21,0,3,49
5,720,50.400000,12.276000,0,0,273881697,1237,0,1237,-22,0,3,49
5,720,50.400000,12.276000,0,0,273881707,1244,0,1244,-23,0,3,49
5,720,50.400000,12.276000,0,0,273881719,1249,0,1249,-23,0,3,49
5,720,50.400000,12.276000,0,0,273881731,1253,0,1253,-23,0,3,49
5,720,50.400000,12.276000,0,0,273881744,1258,0,1258,-24,0,3,49
5,720,50.400000,12.276000,0,0,273881757,1265,0,1265,-24,0,3,49
5,720,50.400000,12.276000,0,0,273881777,1273,0,1273,-24,0,3,49
5,720,50.400000,12.276000,0,0,273881788,1286,0,1286,-26,0,3,49
5,720,50.400000,12.276000,0,0,273881799,1292,0,1292,-26,0,3,49
5,720,50.400000,12.276000,0,0,273881810,1297,0,1297,-26,0,3,49
5,720,50.400000,12.276000,0,0,273881821,1301,0,1301,-27,0,3,49
5,720,50.400000,12.276000,0,0,273881832,1303,0,1303,-27,0,3,49
5,720,50.400000,12.276000,0,0,273881842,1304,0,1304,-27,0,3,49
5,720,50.400000,12.276000,0,0,273881853,1304,0,1304,-27,0,3,49
5,720,50.400000,12.276000,0,0,273881864,1304,0,1304,-27,0,3,49
5,720,50.400000,12.276000,0,0,273881875,1304,0,1304,-27,0,3,49
5,720,50.400000,12.276000,0,0,273881885,1304,0,1304,-27,0,3,49
5,720,50.400000,12.276000,0,0,273881896,1305,0,1305,-27,0,3,49
5,720,50.400000,12.276000,0,0,273881908,1306,0,1306,-27,0,3,49
5,720,50.400000,12.276000,0,0,273881921,1307,0,1307,-27,0,3,49
5,720,50.400000,12.276000,0,0,273881942,1309,0,1309,-27,0,3,49
5,720,50.400000,12.276000,0,0,273881965,1312,0,1312,-27,0,3,49
5,720,50.400000,12.276000,0,0,273881986,1314,0,1314,-27,0,3,49
5,720,50.400000,12.276000,0,0,273881996,1314,0,1314,-27,0,3,49
5,720,50.400000,12.276000,0,0,273882007,1314,0,1314,-27,0,3,49
5,720,50.400000,12.276000,0,0,273882018,1315,0,1315,-27,0,3,49
5,720,50.400000,12.276000,0,0,273882028,1315,0,1315,-27,0,3,49
5,720,50.400000,12.276000,0,0,273882038,1315,0,1315,-27,0,3,49
