5,720,82.800000,42.984000,0,0,273912131,600,0,600,0,0,3,71
5,720,82.800000,42.984000,0,0,273912132,600,0,600,0,0,3,71
5,720,82.800000,42.984000,0,0,273912143,600,0,600,0,0,3,71
5,720,82.800000,42.984000,0,0,273912154,600,0,600,0,0,3,71
5,720,82.800000,42.984000,0,0,273912164,600,0,600,0,0,3,71
5,720,82.800000,42.984000,0,0,273912175,600,0,600,0,0,3,71
5,720,82.800000,42.984000,0,0,273912187,600,0,600,0,0,3,71
5,720,82.800000,42.984000,0,0,273912197,603,0,603,0,0,3,71
5,720,82.800000,42.984000,0,0,273912210,614,0,614,-1,0,3,71
5,720,82.800000,42.984000,0,0,273912221,635,0,635,-2,0,3,71
5,720,82.800000,42.984000,0,0,273912232,668,0,668,-3,0,3,71
5,720,82.800000,42.984000,0,0,273912243,714,0,714,-4,0,3,71
5,720,82.800000,42.984000,0,0,273912254,785,0,785,-5,0,3,71
5,720,82.800000,42.984000,0,0,273912265,872,0,872,-5,0,3,71
5,720,82.800000,42.984000,0,0,273912276,960,0,960,-5,0,3,71
5,720,82.800000,42.984000,0,0,273912287,1046,0,1046,-5,0,3,71
5,720,82.800000,42.984000,0,0,273912298,1124,0,1124,-5,0,3,71
5,720,82.800000,42.984000,0,0,273912308,1180,0,1180,-5,0,3,71
5,720,82.800000,42.984000,0,0,273912319,1218,0,1218,-5,0,3,71
5,720,82.800000,42.984000,0,0,273912329,1238,0,1238,-5,0,3,71
5,720,82.800000,42.984000,0,0,273912340,1250,0,1250,-6,0,3,71
5,720,82.800000,42.984000,0,0,273912361,1258,0,1258,-6,0,3,71
5,720,82.800000,42.984000,0,0,273912373,1262,0,1262,-8,0,3,71
5,720,82.800000,42.984000,0,0,273912384,1264,0,1264,-9,0,3,71
5,720,82.800000,42.984000,0,0,273912396,1267,0,1267,-12,0,3,71
5,720,82.800000,42.984000,0,0,273912408,1272,0,1272,-14,0,3,71
5,720,82.800000,42.984000,0,0,273912419,1281,0,1281,-16,0,3,71
5,720,82.800000,42.984000,0,0,273912439,1291,0,1291,-18,0,3,71
5,720,82.800000,42.984000,0,0,273912450,1306,0,1306,-21,0,3,71
5,720,82.800000,42.984000,0,0,273912461,1313,0,1313,-23,0,3,71
5,720,82.800000,42.984000,0,0,273912472,1318,0,1318,-24,0,3,71
5,720,82.800000,42.984000,0,0,273912483,1320,0,1320,-25,0,3,71
5,720,82.800000,42.984000,0,0,273912493,1320,0,1320,-25,0,3,71
5,720,82.800000,42.984000,0,0,273912505,1320,0,1320,-25,0,3,71
5,720,82.800000,42.984000,0,0,273912516,1320,0,1320,-25,0,3,71
5,720,82.800000,42.984000,0,0,273912529,1321,0,1321,-25,0,3,71
5,720,82.800000,42.984000,0,0,273912553,1322,0,1322,-26,0,3,71
5,720,82.800000,42.984000,0,0,273912575,1324,0,1324,-26,0,3,71
5,720,82.800000,42.984000,0,0,273912587,1324,0,1324,-26,0,3,71
5,720,82.800000,42.984000,0,0,273912607,1324,0,1324,-26,0,3,71
5,720,82.800000,42.984000,0,0,273912618,1324,0,1324,-26,0,3,71
5,720,82.800000,42.984000,0,0,273912628,1324,0,1324,-26,0,3,71
5,720,82.800000,42.984000,0,0,273912638,1324,0,1324,-26,0,3,71
