5,360,21.600000,12.276000,1,1,274013743,780,22,780,22,0,4,21
5,360,21.600000,12.276000,1,1,274013744,780,22,780,22,0,4,21
5,360,21.600000,12.276000,1,1,274013754,780,22,780,22,0,4,21
5,360,21.600000,12.276000,1,1,274013765,780,22,780,22,0,4,21
5,360,21.600000,12.276000,1,1,274013776,780,22,780,22,0,4,21
5,360,21.600000,12.276000,1,1,274013786,780,22,780,22,0,4,21
5,360,21.600000,12.276000,1,1,274013798,780,21,780,21,0,4,21
5,360,21.600000,12.276000,1,1,274013810,783,20,783,20,0,4,21
5,360,21.600000,12.276000,1,1,274013821,789,18,789,18,0,4,21
5,360,21.600000,12.276000,1,1,274013831,798,16,798,16,0,4,21
5,360,21.600000,12.276000,1,1,274013842,811,13,811,13,0,4,21
5,360,21.600000,12.276000,1,1,274013853,831,11,831,11,0,4,21
5,360,21.600000,12.276000,1,1,274013865,852,10,852,10,0,4,21
5,360,21.600000,12.276000,1,1,274013877,880,8,880,8,0,4,21
5,360,21.600000,12.276000,1,1,274013898,911,5,911,5,0,4,21
5,360,21.600000,12.276000,1,1,274013920,964,2,964,2,0,4,21
5,360,21.600000,12.276000,1,1,274013931,1005,1,1005,1,0,4,21
5,360,21.600000,12.276000,1,1,274013943,1023,0,1023,0,0,4,21
5,360,21.600000,12.276000,1,1,274013954,1035,0,1035,0,0,4,21
5,360,21.600000,12.276000,1,1,274013966,1044,0,1044,0,0,4,21
5,360,21.600000,12.276000,1,1,274013979,1053,0,1053,0,0,4,21
5,360,21.600000,12.276000,1,1,274013999,1062,0,1062,0,0,4,21
5,360,21.600000,12.276000,1,1,274014010,1074,0,1074,0,0,4,21
5,360,21.600000,12.276000,1,1,274014021,1079,0,1079,0,0,4,21
5,360,21.600000,12.276000,1,1,274014031,1083,0,1083,0,0,4,21
5,360,21.600000,12.276000,1,1,274014043,1085,1,1085,1,0,4,21
5,360,21.600000,12.276000,1,1,274014054,1088,1,1088,1,0,4,21
5,360,21.600000,12.276000,1,1,274014064,1092,1,1092,1,0,4,21
5,360,21.600000,12.276000,1,1,274014076,1095,1,1095,1,0,4,21
5,360,21.600000,12.276000,1,1,274014087,1098,1,1098,1,0,4,21
5,360,21.600000,12.276000,1,1,274014098,1102,1,1102,1,0,4,21
5,360,21.600000,12.276000,1,1,274014109,1107,1,1107,1,0,4,21
5,360,21.600000,12.276000,1,1,274014121,1112,1,1112,1,0,4,21
5,360,21.600000,12.276000,1,1,274014133,1118,1,1118,1,0,4,21
5,360,21.600000,12.276000,1,1,274014143,1124,1,1124,1,0,4,21
5,360,21.600000,12.276000,1,1,274014154,1129,1,1129,1,0,4,21
5,360,21.600000,12.276000,1,1,274014166,1133,1,1133,1,0,4,21
5,360,21.600000,12.276000,1,1,274014176,1135,1,1135,1,0,4,21
5,360,21.600000,12.276000,1,1,274014187,1136,1,1136,1,0,4,21
5,360,21.600000,12.276000,1,1,274014198,1137,1,1137,1,0,4,21
5,360,21.600000,12.276000,1,1,274014209,1137,1,1137,1,0,4,21
5,360,21.600000,12.276000,1,1,274014220,1137,1,1137,1,0,4,21
5,360,21.600000,12.276000,1,1,274014230,1137,1,1137,1,0,4,21
5,360,21.600000,12.276000,1,1,274014241,1137,1,1137,1,0,4,21
5,360,21.600000,12.276000,1,1,274014251,1137,1,1137,1,0,4,21
5,360,21.600000,12.276000,1,1,274014261,1137,1,1137,1,0,4,21
5,360,21.600000,12.276000,1,1,274014271,1137,1,1137,1,0,4,21
5,360,21.600000,12.276000,1,1,274014282,1137,1,1137,1,0,4,21
5,360,21.600000,12.276000,1,1,274014293,1137,1,1137,1,0,4,21
5,360,21.600000,12.276000,1,1,274014303,1137,1,1137,1,0,4,21
5,360,21.600000,12.276000,1,1,274014314,1137,1,1137,1,0,4,21
5,360,21.600000,12.276000,1,1,274014325,1138,1,1138,1,0,4,21
5,360,21.600000,12.276000,1,1,274014335,1138,1,1138,1,0,4,21
5,360,21.600000,12.276000,1,1,274014346,1138,1,1138,1,0,4,21
5,360,21.600000,12.276000,1,1,274014356,1138,1,1138,1,0,4,21
5,360,21.600000,12.276000,1,1,274014367,1138,1,1138,1,0,4,21
5,360,21.600000,12.276000,1,1,274014378,1138,1,1138,1,0,4,21
5,360,21.600000,12.276000,1,1,274014387,1138,1,1138,1,0,4,21
5,360,21.600000,12.276000,1,1,274014398,1138,1,1138,1,0,4,21
5,360,21.600000,12.276000,1,1,274014408,1138,1,1138,1,0,4,21
