5,360,50.400000,42.984000,1,0,274137350,780,0,780,0,0,4,105
5,360,50.400000,42.984000,1,0,274137351,780,0,780,0,0,4,105
5,360,50.400000,42.984000,1,0,274137373,780,0,780,0,0,4,105
5,360,50.400000,42.984000,1,0,274137385,780,0,780,0,0,4,105
5,360,50.400000,42.984000,1,0,274137395,780,0,780,0,0,4,105
5,360,50.400000,42.984000,1,0,274137414,780,0,780,0,0,4,105
5,360,50.400000,42.984000,1,0,274137425,780,0,780,0,0,4,105
5,360,50.400000,42.984000,1,0,274137448,780,0,780,0,0,4,105
5,360,50.400000,42.984000,1,0,274137460,786,0,786,0,0,4,105
5,360,50.400000,42.984000,1,0,274137471,796,0,796,-1,0,4,105
5,360,50.400000,42.984000,1,0,274137482,811,0,811,-2,0,4,105
5,360,50.400000,42.984000,1,0,274137494,833,0,833,-4,0,4,105
5,360,50.400000,42.984000,1,0,274137506,861,0,861,-6,0,4,105
5,360,50.400000,42.984000,1,0,274137517,890,0,890,-8,0,4,105
5,360,50.400000,42.984000,1,0,274137529,924,0,924,-10,0,4,105
5,360,50.400000,42.984000,1,0,274137540,955,0,955,-11,0,4,105
5,360,50.400000,42.984000,1,0,274137552,981,0,981,-11,0,4,105
5,360,50.400000,42.984000,1,0,274137562,1008,0,1008,-11,0,4,105
5,360,50.400000,42.984000,1,0,274137574,1026,0,1026,-11,0,4,105
5,360,50.400000,42.984000,1,0,274137585,1047,0,1047,-12,0,4,105
5,360,50.400000,42.984000,1,0,274137596,1062,0,1062,-12,0,4,105
5,360,50.400000,42.984000,1,0,274137607,1073,0,1073,-13,0,4,105
5,360,50.400000,42.984000,1,0,274137619,1081,0,1081,-13,0,4,105
5,360,50.400000,42.984000,1,0,274137629,1087,0,1087,-13,0,4,105
5,360,50.400000,42.984000,1,0,274137641,1092,0,1092,-13,0,4,105
5,360,50.400000,42.984000,1,0,274137653,1096,0,1096,-13,0,4,105
5,360,50.400000,42.984000,1,0,274137664,1100,0,1100,-14,0,4,105
5,360,50.400000,42.984000,1,0,274137684,1103,0,1103,-14,0,4,105
5,360,50.400000,42.984000,1,0,274137694,1113,0,1113,-14,0,4,105
5,360,50.400000,42.984000,1,0,274137707,1118,0,1118,-14,0,4,105
5,360,50.400000,42.984000,1,0,274137718,1122,0,1122,-14,0,4,105
5,360,50.400000,42.984000,1,0,274137729,1123,0,1123,-14,0,4,105
5,360,50.400000,42.984000,1,0,274137740,1123,0,1123,-14,0,4,105
5,360,50.400000,42.984000,1,0,274137750,1123,0,1123,-14,0,4,105
5,360,50.400000,42.984000,1,0,274137761,1123,0,1123,-14,0,4,105
5,360,50.400000,42.984000,1,0,274137771,1123,0,1123,-14,0,4,105
5,360,50.400000,42.984000,1,0,274137781,1123,0,1123,-14,0,4,105
5,360,50.400000,42.984000,1,0,274137792,1124,0,1124,-14,0,4,105
5,360,50.400000,42.984000,1,0,274137803,1126,0,1126,-14,0,4,105
5,360,50.400000,42.984000,1,0,274137813,1129,0,1129,-14,0,4,105
5,360,50.400000,42.984000,1,0,274137824,1132,0,1132,-14,0,4,105
5,360,50.400000,42.984000,1,0,274137835,1135,0,1135,-14,0,4,105
5,360,50.400000,42.984000,1,0,274137845,1138,0,1138,-14,0,4,105
5,360,50.400000,42.984000,1,0,274137857,1140,0,1140,-14,0,4,105
5,360,50.400000,42.984000,1,0,274137868,1141,0,1141,-14,0,4,105
5,360,50.400000,42.984000,1,0,274137878,1143,0,1143,-14,0,4,105
5,360,50.400000,42.984000,1,0,274137889,1143,0,1143,-14,0,4,105
5,360,50.400000,42.984000,1,0,274137899,1143,0,1143,-14,0,4,105
5,360,50.400000,42.984000,1,0,274137910,1143,0,1143,-14,0,4,105
5,360,50.400000,42.984000,1,0,274137920,1143,0,1143,-14,0,4,105
5,360,50.400000,42.984000,1,0,274137931,1143,0,1143,-14,0,4,105
5,360,50.400000,42.984000,1,0,274137949,1143,0,1143,-14,0,4,105
