5,360,50.400000,42.984000,0,0,274127379,780,0,780,0,0,4,98
5,360,50.400000,42.984000,0,0,274127380,780,0,780,0,0,4,98
5,360,50.400000,42.984000,0,0,274127391,780,0,780,0,0,4,98
5,360,50.400000,42.984000,0,0,274127402,780,0,780,0,0,4,98
5,360,50.400000,42.984000,0,0,274127413,780,0,780,0,0,4,98
5,360,50.400000,42.984000,0,0,274127424,780,0,780,0,0,4,98
5,360,50.400000,42.984000,0,0,274127435,780,0,780,0,0,4,98
5,360,50.400000,42.984000,0,0,274127445,780,0,780,0,0,4,98
5,360,50.400000,42.984000,0,0,274127464,781,0,781,-1,0,4,98
5,360,50.400000,42.984000,0,0,274127479,794,0,794,-4,0,4,98
5,360,50.400000,42.984000,0,0,274127490,811,0,811,-8,0,4,98
5,360,50.400000,42.984000,0,0,274127501,827,0,827,-13,0,4,98
5,360,50.400000,42.984000,0,0,274127512,850,0,850,-18,0,4,98
5,360,50.400000,42.984000,0,0,274127523,873,0,873,-21,0,4,98
5,360,50.400000,42.984000,0,0,274127535,903,0,903,-24,0,4,98
5,360,50.400000,42.984000,0,0,274127544,930,0,930,-27,0,4,98
5,360,50.400000,42.984000,0,0,274127557,959,0,959,-30,0,4,98
5,360,50.400000,42.984000,0,0,274127568,991,0,991,-32,0,4,98
5,360,50.400000,42.984000,0,0,274127579,1021,0,1021,-32,0,4,98
5,360,50.400000,42.984000,0,0,274127591,1042,0,1042,-32,0,4,98
5,360,50.400000,42.984000,0,0,274127602,1060,0,1060,-32,0,4,98
5,360,50.400000,42.984000,0,0,274127612,1072,0,1072,-32,0,4,98
5,360,50.400000,42.984000,0,0,274127623,1078,0,1078,-32,0,4,98
5,360,50.400000,42.984000,0,0,274127635,1082,0,1082,-32,0,4,98
5,360,50.400000,42.984000,0,0,274127645,1084,0,1084,-32,0,4,98
5,360,50.400000,42.984000,0,0,274127656,1086,0,1086,-33,0,4,98
5,360,50.400000,42.984000,0,0,274127668,1087,0,1087,-33,0,4,98
5,360,50.400000,42.984000,0,0,274127678,1089,0,1089,-33,0,4,98
5,360,50.400000,42.984000,0,0,274127690,1092,0,1092,-33,0,4,98
5,360,50.400000,42.984000,0,0,274127701,1096,0,1096,-34,0,4,98
5,360,50.400000,42.984000,0,0,274127712,1099,0,1099,-34,0,4,98
5,360,50.400000,42.984000,0,0,274127723,1102,0,1102,-35,0,4,98
5,360,50.400000,42.984000,0,0,274127735,1104,0,1104,-35,0,4,98
5,360,50.400000,42.984000,0,0,274127747,1108,0,1108,-35,0,4,98
5,360,50.400000,42.984000,0,0,274127758,1111,0,1111,-35,0,4,98
5,360,50.400000,42.984000,0,0,274127768,1112,0,1112,-35,0,4,98
5,360,50.400000,42.984000,0,0,274127779,1114,0,1114,-36,0,4,98
5,360,50.400000,42.984000,0,0,274127790,1114,0,1114,-36,0,4,98
5,360,50.400000,42.984000,0,0,274127802,1114,0,1114,-36,0,4,98
5,360,50.400000,42.984000,0,0,274127823,1114,0,1114,-36,0,4,98
5,360,50.400000,42.984000,0,0,274127844,1114,0,1114,-36,0,4,98
5,360,50.400000,42.984000,0,0,274127856,1116,0,1116,-36,0,4,98
5,360,50.400000,42.984000,0,0,274127876,1118,0,1118,-36,0,4,98
5,360,50.400000,42.984000,0,0,274127887,1124,0,1124,-37,0,4,98
5,360,50.400000,42.984000,0,0,274127898,1126,0,1126,-37,0,4,98
5,360,50.400000,42.984000,0,0,274127918,1127,0,1127,-37,0,4,98
