5,360,21.600000,42.984000,1,1,274103698,780,22,780,22,0,4,82
5,360,21.600000,42.984000,1,1,274103699,780,22,780,22,0,4,82
5,360,21.600000,42.984000,1,1,274103720,780,22,780,22,0,4,82
5,360,21.600000,42.984000,1,1,274103733,780,22,780,22,0,4,82
5,360,21.600000,42.984000,1,1,274103754,781,22,781,22,0,4,82
5,360,21.600000,42.984000,1,1,274103779,791,22,791,22,0,4,82
5,360,21.600000,42.984000,1,1,274103797,820,20,820,20,0,4,82
5,360,21.600000,42.984000,1,1,274103807,861,16,861,16,0,4,82
5,360,21.600000,42.984000,1,1,274103828,886,13,886,13,0,4,82
5,360,21.600000,42.984000,1,1,274103840,940,8,940,8,0,4,82
5,360,21.600000,42.984000,1,1,274103860,971,5,971,5,0,4,82
5,360,21.600000,42.984000,1,1,274103872,1025,0,1025,0,0,4,82
5,360,21.600000,42.984000,1,1,274103884,1051,0,1051,-2,0,4,82
5,360,21.600000,42.984000,1,1,274103907,1083,0,1083,-2,0,4,82
5,360,21.600000,42.984000,1,1,274103919,1131,0,1131,-2,0,4,82
5,360,21.600000,42.984000,1,1,274103930,1148,0,1148,-2,0,4,82
5,360,21.600000,42.984000,1,1,274103943,1159,0,1159,-2,0,4,82
5,360,21.600000,42.984000,1,1,274103956,1167,0,1167,-2,0,4,82
5,360,21.600000,42.984000,1,1,274103967,1171,0,1171,-2,0,4,82
5,360,21.600000,42.984000,1,1,274103978,1171,0,1171,-2,0,4,82
5,360,21.600000,42.984000,1,1,274103999,1171,0,1171,-2,0,4,82
5,360,21.600000,42.984000,1,1,274104020,1171,0,1171,-2,0,4,82
5,360,21.600000,42.984000,1,1,274104032,1171,0,1171,-2,0,4,82
5,360,21.600000,42.984000,1,1,274104044,1172,0,1172,-2,0,4,82
5,360,21.600000,42.984000,1,1,274104058,1173,0,1173,-2,0,4,82
5,360,21.600000,42.984000,1,1,274104070,1175,0,1175,-2,0,4,82
5,360,21.600000,42.984000,1,1,274104083,1177,0,1177,-2,0,4,82
5,360,21.600000,42.984000,1,1,274104097,1178,0,1178,-2,0,4,82
5,360,21.600000,42.984000,1,1,274104109,1178,0,1178,-2,0,4,82
5,360,21.600000,42.984000,1,1,274104121,1178,0,1178,-2,0,4,82
5,360,21.600000,42.984000,1,1,274104133,1178,0,1178,-2,0,4,82
5,360,21.600000,42.984000,1,1,274104147,1178,0,1178,-2,0,4,82
5,360,21.600000,42.984000,1,1,274104158,1178,0,1178,-3,0,4,82
5,360,21.600000,42.984000,1,1,274104180,1177,0,1177,-3,0,4,82
5,360,21.600000,42.984000,1,1,274104202,1175,0,1175,-4,0,4,82
5,360,21.600000,42.984000,1,1,274104214,1173,0,1173,-4,0,4,82
5,360,21.600000,42.984000,1,1,274104233,1172,0,1172,-4,0,4,82
5,360,21.600000,42.984000,1,1,274104246,1169,0,1169,-5,0,4,82
5,360,21.600000,42.984000,1,1,274104259,1167,0,1167,-5,0,4,82
5,360,21.600000,42.984000,1,1,274104271,1165,0,1165,-5,0,4,82
5,360,21.600000,42.984000,1,1,274104284,1162,0,1162,-6,0,4,82
5,360,21.600000,42.984000,1,1,274104296,1160,0,1160,-6,0,4,82
5,360,21.600000,42.984000,1,1,274104307,1158,0,1158,-6,0,4,82
5,360,21.600000,42.984000,1,1,274104319,1158,0,1158,-6,0,4,82
5,360,21.600000,42.984000,1,1,274104331,1157,0,1157,-6,0,4,82
5,360,21.600000,42.984000,1,1,274104344,1157,0,1157,-6,0,4,82
5,360,21.600000,42.984000,1,1,274104357,1156,0,1156,-6,0,4,82
5,360,21.600000,42.984000,1,1,274104369,1155,0,1155,-6,0,4,82
5,360,21.600000,42.984000,1,1,274104391,1154,0,1154,-6,0,4,82
5,360,21.600000,42.984000,1,1,274104403,1154,0,1154,-6,0,4,82
5,360,21.600000,42.984000,1,1,274104415,1154,0,1154,-6,0,4,82
5,360,21.600000,42.984000,1,1,274104427,1154,0,1154,-6,0,4,82
5,360,21.600000,42.984000,1,1,274104439,1154,0,1154,-6,0,4,82
5,360,21.600000,42.984000,1,1,274104450,1154,0,1154,-6,0,4,82
5,360,21.600000,42.984000,1,1,274104462,1154,0,1154,-6,0,4,82
5,360,21.600000,42.984000,1,1,274104481,1153,0,1153,-6,0,4,82
5,360,21.600000,42.984000,1,1,274104493,1152,0,1152,-6,0,4,82
5,360,21.600000,42.984000,1,1,274104513,1151,0,1151,-7,0,4,82
5,360,21.600000,42.984000,1,1,274104524,1149,0,1149,-7,0,4,82
5,360,21.600000,42.984000,1,1,274104535,1148,0,1148,-7,0,4,82
5,360,21.600000,42.984000,1,1,274104547,1147,0,1147,-7,0,4,82
5,360,21.600000,42.984000,1,1,274104558,1146,0,1146,-7,0,4,82
5,360,21.600000,42.984000,1,1,274104577,1146,0,1146,-7,0,4,82
5,360,21.600000,42.984000,1,1,274104589,1146,0,1146,-7,0,4,82
5,360,21.600000,42.984000,1,1,274104599,1146,0,1146,-7,0,4,82
