5,360,50.400000,42.984000,0,1,274029454,780,22,780,22,0,4,31
5,360,50.400000,42.984000,0,1,274029455,780,22,780,22,0,4,31
5,360,50.400000,42.984000,0,1,274029466,780,22,780,22,0,4,31
5,360,50.400000,42.984000,0,1,274029476,780,22,780,22,0,4,31
5,360,50.400000,42.984000,0,1,274029486,780,22,780,22,0,4,31
5,360,50.400000,42.984000,0,1,274029496,780,22,780,22,0,4,31
5,360,50.400000,42.984000,0,1,274029507,781,22,781,22,0,4,31
5,360,50.400000,42.984000,0,1,274029520,783,22,783,22,0,4,31
5,360,50.400000,42.984000,0,1,274029530,792,21,792,21,0,4,31
5,360,50.400000,42.984000,0,1,274029541,806,20,806,20,0,4,31
5,360,50.400000,42.984000,0,1,274029552,823,18,823,18,0,4,31
5,360,50.400000,42.984000,0,1,274029562,849,16,849,16,0,4,31
5,360,50.400000,42.984000,0,1,274029573,882,14,882,14,0,4,31
5,360,50.400000,42.984000,0,1,274029584,923,11,923,11,0,4,31
5,360,50.400000,42.984000,0,1,274029595,961,9,961,9,0,4,31
5,360,50.400000,42.984000,0,1,274029606,1005,7,1005,7,0,4,31
5,360,50.400000,42.984000,0,1,274029618,1041,4,1041,4,0,4,31
5,360,50.400000,42.984000,0,1,274029629,1070,3,1070,3,0,4,31
5,360,50.400000,42.984000,0,1,274029640,1095,1,1095,1,0,4,31
5,360,50.400000,42.984000,0,1,274029652,1115,1,1115,1,0,4,31
5,360,50.400000,42.984000,0,1,274029663,1127,0,1127,-1,0,4,31
5,360,50.400000,42.984000,0,1,274029675,1135,0,1135,-1,0,4,31
5,360,50.400000,42.984000,0,1,274029686,1139,0,1139,-2,0,4,31
5,360,50.400000,42.984000,0,1,274029696,1140,0,1140,-2,0,4,31
5,360,50.400000,42.984000,0,1,274029707,1141,0,1141,-2,0,4,31
5,360,50.400000,42.984000,0,1,274029723,1141,0,1141,-2,0,4,31
5,360,50.400000,42.984000,0,1,274029743,1141,0,1141,-2,0,4,31
5,360,50.400000,42.984000,0,1,274029754,1141,0,1141,-2,0,4,31
5,360,50.400000,42.984000,0,1,274029765,1142,0,1142,-2,0,4,31
5,360,50.400000,42.984000,0,1,274029785,1142,0,1142,-2,0,4,31
5,360,50.400000,42.984000,0,1,274029807,1145,0,1145,-2,0,4,31
5,360,50.400000,42.984000,0,1,274029818,1151,0,1151,-3,0,4,31
5,360,50.400000,42.984000,0,1,274029829,1155,0,1155,-3,0,4,31
5,360,50.400000,42.984000,0,1,274029840,1156,0,1156,-4,0,4,31
5,360,50.400000,42.984000,0,1,274029851,1157,0,1157,-5,0,4,31
5,360,50.400000,42.984000,0,1,274029861,1157,0,1157,-5,0,4,31
5,360,50.400000,42.984000,0,1,274029873,1157,0,1157,-5,0,4,31
5,360,50.400000,42.984000,0,1,274029884,1157,0,1157,-5,0,4,31
5,360,50.400000,42.984000,0,1,274029895,1157,0,1157,-5,0,4,31
5,360,50.400000,42.984000,0,1,274029907,1157,0,1157,-5,0,4,31
5,360,50.400000,42.984000,0,1,274029918,1157,0,1157,-5,0,4,31
5,360,50.400000,42.984000,0,1,274029938,1157,0,1157,-5,0,4,31
5,360,50.400000,42.984000,0,1,274029949,1157,0,1157,-5,0,4,31
