5,720,50.400000,22.608000,1,1,274016285,600,22,600,22,0,4,23
5,720,50.400000,22.608000,1,1,274016286,600,22,600,22,0,4,23
5,720,50.400000,22.608000,1,1,274016296,600,22,600,22,0,4,23
5,720,50.400000,22.608000,1,1,274016307,600,22,600,22,0,4,23
5,720,50.400000,22.608000,1,1,274016317,600,22,600,22,0,4,23
5,720,50.400000,22.608000,1,1,274016327,600,21,600,21,0,4,23
5,720,50.400000,22.608000,1,1,274016339,602,21,602,21,0,4,23
5,720,50.400000,22.608000,1,1,274016351,606,20,606,20,0,4,23
5,720,50.400000,22.608000,1,1,274016364,612,18,612,18,0,4,23
5,720,50.400000,22.608000,1,1,274016375,624,15,624,15,0,4,23
5,720,50.400000,22.608000,1,1,274016387,643,11,643,11,0,4,23
5,720,50.400000,22.608000,1,1,274016398,667,7,667,7,0,4,23
5,720,50.400000,22.608000,1,1,274016409,704,2,704,2,0,4,23
5,720,50.400000,22.608000,1,1,274016419,749,0,749,-3,0,4,23
5,720,50.400000,22.608000,1,1,274016429,801,0,801,-8,0,4,23
5,720,50.400000,22.608000,1,1,274016439,863,0,863,-12,0,4,23
5,720,50.400000,22.608000,1,1,274016451,924,0,924,-15,0,4,23
5,720,50.400000,22.608000,1,1,274016462,990,0,990,-19,0,4,23
5,720,50.400000,22.608000,1,1,274016473,1060,0,1060,-22,0,4,23
5,720,50.400000,22.608000,1,1,274016484,1107,0,1107,-24,0,4,23
5,720,50.400000,22.608000,1,1,274016494,1139,0,1139,-26,0,4,23
5,720,50.400000,22.608000,1,1,274016505,1160,0,1160,-27,0,4,23
5,720,50.400000,22.608000,1,1,274016516,1174,0,1174,-29,0,4,23
5,720,50.400000,22.608000,1,1,274016527,1181,0,1181,-29,0,4,23
5,720,50.400000,22.608000,1,1,274016538,1186,0,1186,-30,0,4,23
5,720,50.400000,22.608000,1,1,274016550,1191,0,1191,-30,0,4,23
5,720,50.400000,22.608000,1,1,274016561,1197,0,1197,-30,0,4,23
5,720,50.400000,22.608000,1,1,274016572,1204,0,1204,-31,0,4,23
5,720,50.400000,22.608000,1,1,274016583,1211,0,1211,-32,0,4,23
5,720,50.400000,22.608000,1,1,274016593,1218,0,1218,-32,0,4,23
5,720,50.400000,22.608000,1,1,274016604,1225,0,1225,-33,0,4,23
5,720,50.400000,22.608000,1,1,274016615,1231,0,1231,-33,0,4,23
5,720,50.400000,22.608000,1,1,274016626,1236,0,1236,-33,0,4,23
5,720,50.400000,22.608000,1,1,274016637,1240,0,1240,-34,0,4,23
5,720,50.400000,22.608000,1,1,274016648,1245,0,1245,-34,0,4,23
5,720,50.400000,22.608000,1,1,274016659,1249,0,1249,-34,0,4,23
5,720,50.400000,22.608000,1,1,274016679,1252,0,1252,-34,0,4,23
5,720,50.400000,22.608000,1,1,274016689,1257,0,1257,-35,0,4,23
5,720,50.400000,22.608000,1,1,274016700,1259,0,1259,-35,0,4,23
5,720,50.400000,22.608000,1,1,274016711,1262,0,1262,-35,0,4,23
5,720,50.400000,22.608000,1,1,274016722,1265,0,1265,-35,0,4,23
5,720,50.400000,22.608000,1,1,274016734,1269,0,1269,-36,0,4,23
5,720,50.400000,22.608000,1,1,274016744,1274,0,1274,-36,0,4,23
5,720,50.400000,22.608000,1,1,274016755,1280,0,1280,-37,0,4,23
5,720,50.400000,22.608000,1,1,274016767,1287,0,1287,-37,0,4,23
5,720,50.400000,22.608000,1,1,274016778,1296,0,1296,-37,0,4,23
5,720,50.400000,22.608000,1,1,274016789,1303,0,1303,-38,0,4,23
5,720,50.400000,22.608000,1,1,274016800,1308,0,1308,-38,0,4,23
5,720,50.400000,22.608000,1,1,274016811,1311,0,1311,-38,0,4,23
5,720,50.400000,22.608000,1,1,274016821,1314,0,1314,-38,0,4,23
5,720,50.400000,22.608000,1,1,274016832,1315,0,1315,-38,0,4,23
5,720,50.400000,22.608000,1,1,274016843,1315,0,1315,-38,0,4,23
5,720,50.400000,22.608000,1,1,274016855,1315,0,1315,-38,0,4,23
5,720,50.400000,22.608000,1,1,274016866,1317,0,1317,-38,0,4,23
5,720,50.400000,22.608000,1,1,274016877,1319,0,1319,-38,0,4,23
5,720,50.400000,22.608000,1,1,274016888,1322,0,1322,-38,0,4,23
5,720,50.400000,22.608000,1,1,274016900,1323,0,1323,-38,0,4,23
5,720,50.400000,22.608000,1,1,274016911,1323,0,1323,-38,0,4,23
5,720,50.400000,22.608000,1,1,274016922,1323,0,1323,-38,0,4,23
