5,720,21.600000,12.276000,0,1,274007861,600,22,600,22,0,4,17
5,720,21.600000,12.276000,0,1,274007862,600,22,600,22,0,4,17
5,720,21.600000,12.276000,0,1,274007883,600,22,600,22,0,4,17
5,720,21.600000,12.276000,0,1,274007894,600,22,600,22,0,4,17
5,720,21.600000,12.276000,0,1,274007904,600,22,600,22,0,4,17
5,720,21.600000,12.276000,0,1,274007926,600,22,600,22,0,4,17
5,720,21.600000,12.276000,0,1,274007938,601,21,601,21,0,4,17
5,720,21.600000,12.276000,0,1,274007951,605,19,605,19,0,4,17
5,720,21.600000,12.276000,0,1,274007962,614,16,614,16,0,4,17
5,720,21.600000,12.276000,0,1,274007974,627,13,627,13,0,4,17
5,720,21.600000,12.276000,0,1,274007984,647,10,647,10,0,4,17
5,720,21.600000,12.276000,0,1,274007995,675,7,675,7,0,4,17
5,720,21.600000,12.276000,0,1,274008007,717,3,717,3,0,4,17
5,720,21.600000,12.276000,0,1,274008019,764,2,764,2,0,4,17
5,720,21.600000,12.276000,0,1,274008030,814,0,814,0,0,4,17
5,720,21.600000,12.276000,0,1,274008040,873,0,873,-2,0,4,17
5,720,21.600000,12.276000,0,1,274008050,940,0,940,-3,0,4,17
5,720,21.600000,12.276000,0,1,274008062,996,0,996,-3,0,4,17
5,720,21.600000,12.276000,0,1,274008073,1053,0,1053,-3,0,4,17
5,720,21.600000,12.276000,0,1,274008084,1095,0,1095,-4,0,4,17
5,720,21.600000,12.276000,0,1,274008095,1134,0,1134,-4,0,4,17
5,720,21.600000,12.276000,0,1,274008106,1163,0,1163,-4,0,4,17
5,720,21.600000,12.276000,0,1,274008117,1186,0,1186,-4,0,4,17
5,720,21.600000,12.276000,0,1,274008129,1206,0,1206,-5,0,4,17
5,720,21.600000,12.276000,0,1,274008142,1219,0,1219,-6,0,4,17
5,720,21.600000,12.276000,0,1,274008154,1228,0,1228,-6,0,4,17
5,720,21.600000,12.276000,0,1,274008177,1233,0,1233,-6,0,4,17
5,720,21.600000,12.276000,0,1,274008198,1236,0,1236,-6,0,4,17
5,720,21.600000,12.276000,0,1,274008209,1236,0,1236,-6,0,4,17
5,720,21.600000,12.276000,0,1,274008220,1236,0,1236,-7,0,4,17
5,720,21.600000,12.276000,0,1,274008239,1236,0,1236,-8,0,4,17
5,720,21.600000,12.276000,0,1,274008251,1237,0,1237,-8,0,4,17
5,720,21.600000,12.276000,0,1,274008261,1237,0,1237,-8,0,4,17
5,720,21.600000,12.276000,0,1,274008272,1237,0,1237,-8,0,4,17
5,720,21.600000,12.276000,0,1,274008284,1238,0,1238,-8,0,4,17
5,720,21.600000,12.276000,0,1,274008295,1239,0,1239,-8,0,4,17
5,720,21.600000,12.276000,0,1,274008306,1240,0,1240,-8,0,4,17
5,720,21.600000,12.276000,0,1,274008317,1242,0,1242,-8,0,4,17
5,720,21.600000,12.276000,0,1,274008327,1245,0,1245,-9,0,4,17
5,720,21.600000,12.276000,0,1,274008341,1249,0,1249,-9,0,4,17
5,720,21.600000,12.276000,0,1,274008351,1254,0,1254,-10,0,4,17
5,720,21.600000,12.276000,0,1,274008361,1259,0,1259,-10,0,4,17
5,720,21.600000,12.276000,0,1,274008372,1263,0,1263,-11,0,4,17
5,720,21.600000,12.276000,0,1,274008382,1266,0,1266,-11,0,4,17
5,720,21.600000,12.276000,0,1,274008395,1269,0,1269,-12,0,4,17
5,720,21.600000,12.276000,0,1,274008415,1272,0,1272,-12,0,4,17
5,720,21.600000,12.276000,0,1,274008426,1276,0,1276,-12,0,4,17
5,720,21.600000,12.276000,0,1,274008437,1278,0,1278,-12,0,4,17
5,720,21.600000,12.276000,0,1,274008447,1282,0,1282,-13,0,4,17
5,720,21.600000,12.276000,0,1,274008458,1286,0,1286,-13,0,4,17
5,720,21.600000,12.276000,0,1,274008469,1290,0,1290,-13,0,4,17
5,720,21.600000,12.276000,0,1,274008480,1293,0,1293,-14,0,4,17
5,720,21.600000,12.276000,0,1,274008490,1295,0,1295,-14,0,4,17
5,720,21.600000,12.276000,0,1,274008501,1295,0,1295,-14,0,4,17
5,720,21.600000,12.276000,0,1,274008512,1295,0,1295,-14,0,4,17
5,720,21.600000,12.276000,0,1,274008522,1295,0,1295,-14,0,4,17
5,720,21.600000,12.276000,0,1,274008533,1295,0,1295,-14,0,4,17
5,720,21.600000,12.276000,0,1,274008543,1295,0,1295,-14,0,4,17
5,720,21.600000,12.276000,0,1,274008555,1295,0,1295,-14,0,4,17
5,720,21.600000,12.276000,0,1,274008566,1295,0,1295,-14,0,4,17
5,720,21.600000,12.276000,0,1,274008577,1296,0,1296,-14,0,4,17
5,720,21.600000,12.276000,0,1,274008586,1296,0,1296,-14,0,4,17
5,720,21.600000,12.276000,0,1,274008597,1296,0,1296,-14,0,4,17
5,720,21.600000,12.276000,0,1,274008608,1296,0,1296,-14,0,4,17
5,720,21.600000,12.276000,0,1,274008620,1296,0,1296,-14,0,4,17
5,720,21.600000,12.276000,0,1,274008630,1297,0,1297,-14,0,4,17
5,720,21.600000,12.276000,0,1,274008641,1298,0,1298,-14,0,4,17
5,720,21.600000,12.276000,0,1,274008652,1299,0,1299,-14,0,4,17
5,720,21.600000,12.276000,0,1,274008662,1302,0,1302,-14,0,4,17
5,720,21.600000,12.276000,0,1,274008672,1304,0,1304,-15,0,4,17
5,720,21.600000,12.276000,0,1,274008683,1306,0,1306,-15,0,4,17
5,720,21.600000,12.276000,0,1,274008693,1308,0,1308,-15,0,4,17
5,720,21.600000,12.276000,0,1,274008703,1308,0,1308,-15,0,4,17
5,720,21.600000,12.276000,0,1,274008713,1308,0,1308,-15,0,4,17
5,720,21.600000,12.276000,0,1,274008723,1308,0,1308,-15,0,4,17
5,720,21.600000,12.276000,0,1,274008732,1308,0,1308,-15,0,4,17
5,720,21.600000,12.276000,0,1,274008743,1308,0,1308,-15,0,4,17
5,720,21.600000,12.276000,0,1,274008753,1308,0,1308,-15,0,4,17
5,720,21.600000,12.276000,0,1,274008763,1308,0,1308,-15,0,4,17
5,720,21.600000,12.276000,0,1,274008773,1308,0,1308,-15,0,4,17
5,720,21.600000,12.276000,0,1,274008783,1308,0,1308,-15,0,4,17
5,720,21.600000,12.276000,0,1,274008793,1308,0,1308,-15,0,4,17
5,720,21.600000,12.276000,0,1,274008803,1308,0,1308,-15,0,4,17
5,720,21.600000,12.276000,0,1,274008814,1308,0,1308,-15,0,4,17
5,720,21.600000,12.276000,0,1,274008824,1308,0,1308,-15,0,4,17
5,720,21.600000,12.276000,0,1,274008834,1308,0,1308,-15,0,4,17
5,720,21.600000,12.276000,0,1,274008846,1308,0,1308,-15,0,4,17
5,720,21.600000,12.276000,0,1,274008857,1308,0,1308,-15,1,4,17
