5,720,50.400000,42.984000,0,1,274141258,600,22,600,22,0,4,108
5,720,50.400000,42.984000,0,1,274141259,600,22,600,22,0,4,108
5,720,50.400000,42.984000,0,1,274141270,601,22,601,22,0,4,108
5,720,50.400000,42.984000,0,1,274141282,602,22,602,22,0,4,108
5,720,50.400000,42.984000,0,1,274141291,602,22,602,22,0,4,108
5,720,50.400000,42.984000,0,1,274141304,602,22,602,22,0,4,108
5,720,50.400000,42.984000,0,1,274141316,602,22,602,22,0,4,108
5,720,50.400000,42.984000,0,1,274141336,602,22,602,22,0,4,108
5,720,50.400000,42.984000,0,1,274141348,602,22,602,22,0,4,108
5,720,50.400000,42.984000,0,1,274141360,602,22,602,22,0,4,108
5,720,50.400000,42.984000,0,1,274141372,606,21,606,21,0,4,108
5,720,50.400000,42.984000,0,1,274141392,615,20,615,20,0,4,108
5,720,50.400000,42.984000,0,1,274141403,662,15,662,15,0,4,108
5,720,50.400000,42.984000,0,1,274141413,706,12,706,12,0,4,108
5,720,50.400000,42.984000,0,1,274141426,769,7,769,7,0,4,108
5,720,50.400000,42.984000,0,1,274141436,845,2,845,2,0,4,108
5,720,50.400000,42.984000,0,1,274141448,929,0,929,-1,0,4,108
5,720,50.400000,42.984000,0,1,274141459,1008,0,1008,-2,0,4,108
5,720,50.400000,42.984000,0,1,274141470,1083,0,1083,-3,0,4,108
5,720,50.400000,42.984000,0,1,274141481,1158,0,1158,-3,0,4,108
5,720,50.400000,42.984000,0,1,274141493,1231,3,1231,0,0,4,108
5,720,50.400000,42.984000,0,1,274141503,1302,7,1302,4,0,4,108
5,720,50.400000,42.984000,0,1,274141514,1361,10,1361,7,0,4,108
5,720,50.400000,42.984000,0,1,274141525,1404,12,1404,9,0,4,108
5,720,50.400000,42.984000,0,1,274141537,1427,12,1427,9,0,4,108
5,720,50.400000,42.984000,0,1,274141548,1447,12,1447,9,0,4,108
5,720,50.400000,42.984000,0,1,274141560,1460,12,1460,9,0,4,108
5,720,50.400000,42.984000,0,1,274141578,1468,12,1468,9,0,4,108
5,720,50.400000,42.984000,0,1,274141590,1472,11,1472,8,0,4,108
5,720,50.400000,42.984000,0,1,274141600,1473,11,1473,8,0,4,108
5,720,50.400000,42.984000,0,1,274141612,1473,11,1473,8,0,4,108
5,720,50.400000,42.984000,0,1,274141623,1474,10,1474,7,0,4,108
5,720,50.400000,42.984000,0,1,274141634,1474,10,1474,7,0,4,108
5,720,50.400000,42.984000,0,1,274141644,1475,9,1475,6,0,4,108
5,720,50.400000,42.984000,0,1,274141656,1476,8,1476,5,0,4,108
5,720,50.400000,42.984000,0,1,274141668,1476,7,1476,4,0,4,108
5,720,50.400000,42.984000,0,1,274141691,1476,6,1476,3,0,4,108
5,720,50.400000,42.984000,0,1,274141718,1473,3,1473,0,0,4,108
5,720,50.400000,42.984000,0,1,274141732,1454,0,1454,-6,0,4,108
5,720,50.400000,42.984000,0,1,274141750,1437,0,1437,-10,0,4,108
5,720,50.400000,42.984000,0,1,274141762,1401,0,1401,-15,0,4,108
5,720,50.400000,42.984000,0,1,274141774,1380,0,1380,-17,0,4,108
5,720,50.400000,42.984000,0,1,274141786,1359,0,1359,-20,0,4,108
5,720,50.400000,42.984000,0,1,274141798,1335,0,1335,-23,0,4,108
5,720,50.400000,42.984000,0,1,274141808,1319,0,1319,-25,0,4,108
5,720,50.400000,42.984000,0,1,274141819,1306,0,1306,-28,0,4,108
5,720,50.400000,42.984000,0,1,274141830,1297,0,1297,-29,0,4,108
5,720,50.400000,42.984000,0,1,274141841,1290,0,1290,-30,0,4,108
5,720,50.400000,42.984000,0,1,274141851,1286,0,1286,-31,0,4,108
5,720,50.400000,42.984000,0,1,274141863,1283,0,1283,-32,0,4,108
5,720,50.400000,42.984000,0,1,274141875,1281,0,1281,-32,0,4,108
5,720,50.400000,42.984000,0,1,274141886,1279,0,1279,-32,0,4,108
5,720,50.400000,42.984000,0,1,274141897,1277,0,1277,-32,0,4,108
5,720,50.400000,42.984000,0,1,274141907,1276,0,1276,-32,0,4,108
5,720,50.400000,42.984000,0,1,274141920,1275,0,1275,-32,0,4,108
5,720,50.400000,42.984000,0,1,274141940,1274,0,1274,-32,0,4,108
5,720,50.400000,42.984000,0,1,274141951,1273,0,1273,-32,0,4,108
5,720,50.400000,42.984000,0,1,274141962,1271,0,1271,-32,0,4,108
5,720,50.400000,42.984000,0,1,274141972,1271,0,1271,-32,0,4,108
5,720,50.400000,42.984000,0,1,274141983,1271,0,1271,-32,0,4,108
5,720,50.400000,42.984000,0,1,274141994,1271,0,1271,-32,0,4,108
5,720,50.400000,42.984000,0,1,274142014,1271,0,1271,-32,0,4,108
5,720,50.400000,42.984000,0,1,274142025,1271,0,1271,-32,0,4,108
5,720,50.400000,42.984000,0,1,274142035,1271,0,1271,-32,0,4,108
5,720,50.400000,42.984000,0,1,274142046,1271,0,1271,-32,0,4,108
5,720,50.400000,42.984000,0,1,274142057,1272,0,1272,-32,0,4,108
5,720,50.400000,42.984000,0,1,274142067,1274,0,1274,-32,0,4,108
5,720,50.400000,42.984000,0,1,274142077,1275,0,1275,-32,0,4,108
5,720,50.400000,42.984000,0,1,274142088,1276,0,1276,-32,0,4,108
5,720,50.400000,42.984000,0,1,274142098,1277,0,1277,-32,0,4,108
5,720,50.400000,42.984000,0,1,274142109,1278,0,1278,-32,0,4,108
5,720,50.400000,42.984000,0,1,274142119,1279,0,1279,-32,0,4,108
5,720,50.400000,42.984000,0,1,274142130,1280,0,1280,-32,0,4,108
5,720,50.400000,42.984000,0,1,274142141,1281,0,1281,-32,0,4,108
5,720,50.400000,42.984000,0,1,274142152,1282,0,1282,-32,0,4,108
5,720,50.400000,42.984000,0,1,274142173,1284,0,1284,-32,0,4,108
5,720,50.400000,42.984000,0,1,274142182,1287,0,1287,-32,0,4,108
5,720,50.400000,42.984000,0,1,274142192,1289,0,1289,-32,0,4,108
5,720,50.400000,42.984000,0,1,274142202,1290,0,1290,-32,0,4,108
5,720,50.400000,42.984000,0,1,274142213,1292,0,1292,-32,0,4,108
5,720,50.400000,42.984000,0,1,274142224,1293,0,1293,-32,0,4,108
5,720,50.400000,42.984000,0,1,274142234,1294,0,1294,-32,0,4,108
5,720,50.400000,42.984000,0,1,274142245,1296,0,1296,-32,0,4,108
5,720,50.400000,42.984000,0,1,274142256,1297,0,1297,-32,0,4,108
5,720,50.400000,42.984000,0,1,274142266,1298,0,1298,-32,0,4,108
5,720,50.400000,42.984000,0,1,274142276,1298,0,1298,-32,0,4,108
5,720,50.400000,42.984000,0,1,274142286,1298,0,1298,-32,0,4,108
5,720,50.400000,42.984000,0,1,274142299,1298,0,1298,-32,0,4,108
5,720,50.400000,42.984000,0,1,274142309,1298,0,1298,-32,0,4,108
5,720,50.400000,42.984000,0,1,274142319,1298,0,1298,-32,0,4,108
5,720,50.400000,42.984000,0,1,274142331,1298,0,1298,-32,0,4,108
5,720,50.400000,42.984000,0,1,274142351,1298,0,1298,-32,0,4,108
5,720,50.400000,42.984000,0,1,274142362,1298,0,1298,-32,0,4,108
5,720,50.400000,42.984000,0,1,274142372,1298,0,1298,-32,0,4,108
5,720,50.400000,42.984000,0,1,274142383,1298,0,1298,-32,0,4,108
5,720,50.400000,42.984000,0,1,274142393,1298,0,1298,-32,0,4,108
5,720,50.400000,42.984000,0,1,274142404,1298,0,1298,-32,0,4,108
5,720,50.400000,42.984000,0,1,274142414,1298,0,1298,-32,0,4,108
