5,720,50.400000,10000.000000,1,0,274112369,600,0,600,0,0,4,87
5,720,50.400000,10000.000000,1,0,274112370,600,0,600,0,0,4,87
5,720,50.400000,10000.000000,1,0,274112380,601,0,601,0,0,4,87
5,720,50.400000,10000.000000,1,0,274112392,602,0,602,0,0,4,87
5,720,50.400000,10000.000000,1,0,274112404,603,0,603,0,0,4,87
5,720,50.400000,10000.000000,1,0,274112416,604,0,604,-1,0,4,87
5,720,50.400000,10000.000000,1,0,274112427,608,0,608,-1,0,4,87
5,720,50.400000,10000.000000,1,0,274112438,615,0,615,-2,0,4,87
5,720,50.400000,10000.000000,1,0,274112450,624,0,624,-3,0,4,87
5,720,50.400000,10000.000000,1,0,274112462,642,0,642,-6,0,4,87
5,720,50.400000,10000.000000,1,0,274112473,671,0,671,-8,0,4,87
5,720,50.400000,10000.000000,1,0,274112484,711,0,711,-9,0,4,87
5,720,50.400000,10000.000000,1,0,274112495,763,0,763,-10,0,4,87
5,720,50.400000,10000.000000,1,0,274112508,820,0,820,-11,0,4,87
5,720,50.400000,10000.000000,1,0,274112520,873,0,873,-11,0,4,87
5,720,50.400000,10000.000000,1,0,274112532,914,0,914,-12,0,4,87
5,720,50.400000,10000.000000,1,0,274112543,958,0,958,-16,0,4,87
5,720,50.400000,10000.000000,1,0,274112556,1009,0,1009,-17,0,4,87
5,720,50.400000,10000.000000,1,0,274112568,1044,0,1044,-17,0,4,87
5,720,50.400000,10000.000000,1,0,274112581,1071,0,1071,-17,0,4,87
5,720,50.400000,10000.000000,1,0,274112592,1096,0,1096,-17,0,4,87
5,720,50.400000,10000.000000,1,0,274112603,1119,0,1119,-17,0,4,87
5,720,50.400000,10000.000000,1,0,274112615,1137,0,1137,-17,0,4,87
5,720,50.400000,10000.000000,1,0,274112628,1152,0,1152,-17,0,4,87
5,720,50.400000,10000.000000,1,0,274112639,1168,0,1168,-17,0,4,87
5,720,50.400000,10000.000000,1,0,274112652,1182,0,1182,-17,0,4,87
5,720,50.400000,10000.000000,1,0,274112664,1197,0,1197,-17,0,4,87
5,720,50.400000,10000.000000,1,0,274112676,1212,0,1212,-17,0,4,87
5,720,50.400000,10000.000000,1,0,274112687,1224,0,1224,-17,0,4,87
5,720,50.400000,10000.000000,1,0,274112699,1234,0,1234,-17,0,4,87
5,720,50.400000,10000.000000,1,0,274112713,1243,0,1243,-17,0,4,87
5,720,50.400000,10000.000000,1,0,274112726,1250,0,1250,-17,0,4,87
5,720,50.400000,10000.000000,1,0,274112738,1256,0,1256,-17,0,4,87
5,720,50.400000,10000.000000,1,0,274112750,1261,0,1261,-18,0,4,87
5,720,50.400000,10000.000000,1,0,274112762,1264,0,1264,-18,0,4,87
5,720,50.400000,10000.000000,1,0,274112774,1265,0,1265,-18,0,4,87
5,720,50.400000,10000.000000,1,0,274112796,1265,0,1265,-19,0,4,87
5,720,50.400000,10000.000000,1,0,274112817,1268,0,1268,-19,0,4,87
5,720,50.400000,10000.000000,1,0,274112828,1275,0,1275,-20,0,4,87
5,720,50.400000,10000.000000,1,0,274112839,1280,0,1280,-20,0,4,87
5,720,50.400000,10000.000000,1,0,274112851,1286,0,1286,-21,0,4,87
5,720,50.400000,10000.000000,1,0,274112874,1294,0,1294,-22,0,4,87
5,720,50.400000,10000.000000,1,0,274112885,1306,0,1306,-23,0,4,87
5,720,50.400000,10000.000000,1,0,274112896,1309,0,1309,-23,0,4,87
5,720,50.400000,10000.000000,1,0,274112907,1310,0,1310,-24,0,4,87
5,720,50.400000,10000.000000,1,0,274112919,1310,0,1310,-24,0,4,87
5,720,50.400000,10000.000000,1,0,274112930,1310,0,1310,-24,0,4,87
5,720,50.400000,10000.000000,1,0,274112941,1310,0,1310,-24,0,4,87
5,720,50.400000,10000.000000,1,0,274112953,1310,0,1310,-24,0,4,87
5,720,50.400000,10000.000000,1,0,274112963,1310,0,1310,-24,0,4,87
5,720,50.400000,10000.000000,1,0,274112974,1310,0,1310,-24,0,4,87
5,720,50.400000,10000.000000,1,0,274112985,1310,0,1310,-24,0,4,87
5,720,50.400000,10000.000000,1,0,274112996,1310,0,1310,-24,0,4,87
5,720,50.400000,10000.000000,1,0,274113006,1310,0,1310,-24,0,4,87
