5,360,21.600000,22.608000,1,0,274073437,780,0,780,0,0,4,61
5,360,21.600000,22.608000,1,0,274073437,780,0,780,0,0,4,61
5,360,21.600000,22.608000,1,0,274073448,780,0,780,0,0,4,61
5,360,21.600000,22.608000,1,0,274073459,780,0,780,0,0,4,61
5,360,21.600000,22.608000,1,0,274073469,780,0,780,0,0,4,61
5,360,21.600000,22.608000,1,0,274073480,780,0,780,0,0,4,61
5,360,21.600000,22.608000,1,0,274073491,780,0,780,0,0,4,61
5,360,21.600000,22.608000,1,0,274073504,782,0,782,0,0,4,61
5,360,21.600000,22.608000,1,0,274073516,786,0,786,0,0,4,61
5,360,21.600000,22.608000,1,0,274073526,792,0,792,0,0,4,61
5,360,21.600000,22.608000,1,0,274073537,799,0,799,-1,0,4,61
5,360,21.600000,22.608000,1,0,274073548,810,0,810,-2,0,4,61
5,360,21.600000,22.608000,1,0,274073559,825,0,825,-4,0,4,61
5,360,21.600000,22.608000,1,0,274073569,845,0,845,-5,0,4,61
5,360,21.600000,22.608000,1,0,274073581,867,0,867,-7,0,4,61
5,360,21.600000,22.608000,1,0,274073591,886,0,886,-8,0,4,61
5,360,21.600000,22.608000,1,0,274073603,908,0,908,-9,0,4,61
5,360,21.600000,22.608000,1,0,274073615,930,0,930,-11,0,4,61
5,360,21.600000,22.608000,1,0,274073626,958,0,958,-12,0,4,61
5,360,21.600000,22.608000,1,0,274073638,987,0,987,-13,0,4,61
5,360,21.600000,22.608000,1,0,274073649,1012,0,1012,-14,0,4,61
5,360,21.600000,22.608000,1,0,274073660,1031,0,1031,-15,0,4,61
5,360,21.600000,22.608000,1,0,274073671,1047,0,1047,-15,0,4,61
5,360,21.600000,22.608000,1,0,274073683,1063,0,1063,-15,0,4,61
5,360,21.600000,22.608000,1,0,274073694,1074,0,1074,-15,0,4,61
5,360,21.600000,22.608000,1,0,274073705,1081,0,1081,-15,0,4,61
5,360,21.600000,22.608000,1,0,274073716,1086,0,1086,-15,0,4,61
5,360,21.600000,22.608000,1,0,274073726,1092,0,1092,-15,0,4,61
5,360,21.600000,22.608000,1,0,274073738,1096,0,1096,-15,0,4,61
5,360,21.600000,22.608000,1,0,274073750,1101,0,1101,-15,0,4,61
5,360,21.600000,22.608000,1,0,274073761,1105,0,1105,-15,0,4,61
5,360,21.600000,22.608000,1,0,274073772,1109,0,1109,-15,0,4,61
5,360,21.600000,22.608000,1,0,274073783,1112,0,1112,-15,0,4,61
5,360,21.600000,22.608000,1,0,274073794,1115,0,1115,-15,0,4,61
5,360,21.600000,22.608000,1,0,274073805,1116,0,1116,-15,0,4,61
5,360,21.600000,22.608000,1,0,274073816,1117,0,1117,-15,0,4,61
5,360,21.600000,22.608000,1,0,274073826,1118,0,1118,-16,0,4,61
5,360,21.600000,22.608000,1,0,274073837,1118,0,1118,-16,0,4,61
5,360,21.600000,22.608000,1,0,274073849,1119,0,1119,-16,0,4,61
5,360,21.600000,22.608000,1,0,274073860,1120,0,1120,-16,0,4,61
5,360,21.600000,22.608000,1,0,274073870,1121,0,1121,-16,0,4,61
5,360,21.600000,22.608000,1,0,274073882,1123,0,1123,-16,0,4,61
5,360,21.600000,22.608000,1,0,274073892,1124,0,1124,-16,0,4,61
5,360,21.600000,22.608000,1,0,274073903,1124,0,1124,-16,0,4,61
5,360,21.600000,22.608000,1,0,274073914,1124,0,1124,-16,0,4,61
5,360,21.600000,22.608000,1,0,274073924,1124,0,1124,-16,0,4,61
5,360,21.600000,22.608000,1,0,274073935,1124,0,1124,-16,0,4,61
5,360,21.600000,22.608000,1,0,274073945,1124,0,1124,-16,0,4,61
5,360,21.600000,22.608000,1,0,274073956,1124,0,1124,-16,0,4,61
5,360,21.600000,22.608000,1,0,274073966,1124,0,1124,-16,0,4,61
5,360,21.600000,22.608000,1,0,274073976,1124,0,1124,-16,0,4,61
5,360,21.600000,22.608000,1,0,274073988,1124,0,1124,-16,0,4,61
5,360,21.600000,22.608000,1,0,274073997,1124,0,1124,-16,0,4,61
5,360,21.600000,22.608000,1,0,274074008,1124,0,1124,-16,0,4,61
5,360,21.600000,22.608000,1,0,274074018,1124,0,1124,-16,0,4,61
5,360,21.600000,22.608000,1,0,274074028,1124,0,1124,-16,0,4,61
5,360,21.600000,22.608000,1,0,274074039,1124,0,1124,-16,0,4,61
5,360,21.600000,22.608000,1,0,274074049,1124,0,1124,-16,0,4,61
5,360,21.600000,22.608000,1,0,274074060,1125,0,1125,-16,0,4,61
5,360,21.600000,22.608000,1,0,274074072,1126,0,1126,-16,0,4,61
5,360,21.600000,22.608000,1,0,274074085,1126,0,1126,-16,0,4,61
5,360,21.600000,22.608000,1,0,274074105,1126,0,1126,-16,0,4,61
5,360,21.600000,22.608000,1,0,274074116,1126,0,1126,-16,0,4,61
5,360,21.600000,22.608000,1,0,274074127,1126,0,1126,-16,0,4,61
5,360,21.600000,22.608000,1,0,274074137,1126,0,1126,-16,0,4,61
5,360,21.600000,22.608000,1,0,274074147,1126,0,1126,-16,0,4,61
5,360,21.600000,22.608000,1,0,274074157,1126,0,1126,-16,0,4,61
5,360,21.600000,22.608000,1,0,274074168,1126,0,1126,-16,0,4,61
5,360,21.600000,22.608000,1,0,274074178,1126,0,1126,-16,0,4,61
5,360,21.600000,22.608000,1,0,274074189,1127,0,1127,-16,0,4,61
5,360,21.600000,22.608000,1,0,274074199,1127,0,1127,-16,0,4,61
5,360,21.600000,22.608000,1,0,274074210,1128,0,1128,-16,0,4,61
5,360,21.600000,22.608000,1,0,274074221,1129,0,1129,-16,0,4,61
5,360,21.600000,22.608000,1,0,274074231,1129,0,1129,-16,0,4,61
5,360,21.600000,22.608000,1,0,274074241,1130,0,1130,-16,0,4,61
5,360,21.600000,22.608000,1,0,274074252,1131,0,1131,-16,0,4,61
5,360,21.600000,22.608000,1,0,274074263,1131,0,1131,-16,0,4,61
5,360,21.600000,22.608000,1,0,274074275,1132,0,1132,-16,0,4,61
5,360,21.600000,22.608000,1,0,274074285,1132,0,1132,-16,0,4,61
5,360,21.600000,22.608000,1,0,274074295,1132,0,1132,-16,0,4,61
5,360,21.600000,22.608000,1,0,274074306,1132,0,1132,-16,0,4,61
5,360,21.600000,22.608000,1,0,274074318,1133,0,1133,-16,0,4,61
5,360,21.600000,22.608000,1,0,274074328,1133,0,1133,-16,0,4,61
5,360,21.600000,22.608000,1,0,274074338,1134,0,1134,-17,0,4,61
5,360,21.600000,22.608000,1,0,274074348,1135,0,1135,-18,0,4,61
5,360,21.600000,22.608000,1,0,274074358,1135,0,1135,-18,0,4,61
5,360,21.600000,22.608000,1,0,274074369,1135,0,1135,-18,0,4,61
5,360,21.600000,22.608000,1,0,274074378,1135,0,1135,-18,0,4,61
5,360,21.600000,22.608000,1,0,274074390,1135,0,1135,-18,0,4,61
5,360,21.600000,22.608000,1,0,274074400,1135,0,1135,-18,0,4,61
5,360,21.600000,22.608000,1,0,274074410,1135,0,1135,-18,0,4,61
5,360,21.600000,22.608000,1,0,274074420,1135,0,1135,-18,0,4,61
5,360,21.600000,22.608000,1,0,274074430,1135,0,1135,-18,0,4,61
5,360,21.600000,22.608000,1,0,274074440,1135,0,1135,-18,0,4,61
