5,720,21.600000,10000.000000,1,1,274335803,600,22,600,22,0,5,13
5,720,21.600000,10000.000000,1,1,274335804,600,22,600,22,0,5,13
5,720,21.600000,10000.000000,1,1,274335823,600,22,600,22,0,5,13
5,720,21.600000,10000.000000,1,1,274335833,600,22,600,22,0,5,13
5,720,21.600000,10000.000000,1,1,274335842,600,22,600,22,0,5,13
5,720,21.600000,10000.000000,1,1,274335853,600,22,600,22,0,5,13
5,720,21.600000,10000.000000,1,1,274335866,603,22,603,22,0,5,13
5,720,21.600000,10000.000000,1,1,274335876,608,22,608,22,0,5,13
5,720,21.600000,10000.000000,1,1,274335887,617,22,617,22,0,5,13
5,720,21.600000,10000.000000,1,1,274335898,635,23,635,23,0,5,13
5,720,21.600000,10000.000000,1,1,274335908,660,24,660,24,0,5,13
5,720,21.600000,10000.000000,1,1,274335919,699,26,699,26,0,5,13
5,720,21.600000,10000.000000,1,1,274335930,740,26,740,26,0,5,13
5,720,21.600000,10000.000000,1,1,274335941,798,27,798,27,0,5,13
5,720,21.600000,10000.000000,1,1,274335952,856,29,856,29,0,5,13
5,720,21.600000,10000.000000,1,1,274335964,926,31,926,31,0,5,13
5,720,21.600000,10000.000000,1,1,274335975,991,34,991,34,0,5,13
5,720,21.600000,10000.000000,1,1,274335986,1121,40,1121,40,0,5,13
5,720,21.600000,10000.000000,1,1,274335996,1157,41,1157,41,0,5,13
5,720,21.600000,10000.000000,1,1,274336007,1190,42,1190,42,0,5,13
5,720,21.600000,10000.000000,1,1,274336018,1215,42,1215,42,0,5,13
5,720,21.600000,10000.000000,1,1,274336037,1233,42,1233,42,0,5,13
5,720,21.600000,10000.000000,1,1,274336048,1253,42,1253,42,0,5,13
5,720,21.600000,10000.000000,1,1,274336059,1260,42,1260,42,0,5,13
5,720,21.600000,10000.000000,1,1,274336070,1265,42,1265,42,0,5,13
5,720,21.600000,10000.000000,1,1,274336080,1272,42,1272,42,0,5,13
5,720,21.600000,10000.000000,1,1,274336091,1279,41,1279,41,0,5,13
5,720,21.600000,10000.000000,1,1,274336103,1286,40,1286,40,0,5,13
5,720,21.600000,10000.000000,1,1,274336113,1292,38,1292,38,0,5,13
5,720,21.600000,10000.000000,1,1,274336125,1298,35,1298,35,0,5,13
5,720,21.600000,10000.000000,1,1,274336137,1304,32,1304,32,0,5,13
5,720,21.600000,10000.000000,1,1,274336148,1311,30,1311,30,0,5,13
5,720,21.600000,10000.000000,1,1,274336158,1318,29,1318,29,0,5,13
5,720,21.600000,10000.000000,1,1,274336169,1323,28,1323,28,0,5,13
5,720,21.600000,10000.000000,1,1,274336180,1327,26,1327,26,0,5,13
5,720,21.600000,10000.000000,1,1,274336191,1331,25,1331,25,0,5,13
5,720,21.600000,10000.000000,1,1,274336202,1333,24,1333,24,0,5,13
5,720,21.600000,10000.000000,1,1,274336213,1334,22,1334,22,0,5,13
5,720,21.600000,10000.000000,1,1,274336224,1335,22,1335,22,0,5,13
5,720,21.600000,10000.000000,1,1,274336234,1335,21,1335,21,0,5,13
5,720,21.600000,10000.000000,1,1,274336245,1335,20,1335,20,0,5,13
5,720,21.600000,10000.000000,1,1,274336256,1336,19,1336,19,0,5,13
5,720,21.600000,10000.000000,1,1,274336267,1337,18,1337,18,0,5,13
5,720,21.600000,10000.000000,1,1,274336276,1338,17,1338,17,0,5,13
5,720,21.600000,10000.000000,1,1,274336287,1339,17,1339,17,0,5,13
5,720,21.600000,10000.000000,1,1,274336297,1339,17,1339,17,0,5,13
5,720,21.600000,10000.000000,1,1,274336308,1339,17,1339,17,0,5,13
5,720,21.600000,10000.000000,1,1,274336318,1339,17,1339,17,0,5,13
5,720,21.600000,10000.000000,1,1,274336328,1337,16,1337,16,0,5,13
5,720,21.600000,10000.000000,1,1,274336338,1336,16,1336,16,0,5,13
5,720,21.600000,10000.000000,1,1,274336347,1335,15,1335,15,0,5,13
5,720,21.600000,10000.000000,1,1,274336357,1334,14,1334,14,0,5,13
5,720,21.600000,10000.000000,1,1,274336367,1333,14,1333,14,0,5,13
5,720,21.600000,10000.000000,1,1,274336377,1332,14,1332,14,0,5,13
5,720,21.600000,10000.000000,1,1,274336387,1331,13,1331,13,0,5,13
5,720,21.600000,10000.000000,1,1,274336397,1329,13,1329,13,0,5,13
5,720,21.600000,10000.000000,1,1,274336407,1328,12,1328,12,0,5,13
5,720,21.600000,10000.000000,1,1,274336417,1326,12,1326,12,0,5,13
5,720,21.600000,10000.000000,1,1,274336427,1326,12,1326,12,0,5,13
5,720,21.600000,10000.000000,1,1,274336436,1325,12,1325,12,0,5,13
5,720,21.600000,10000.000000,1,1,274336446,1324,12,1324,12,0,5,13
5,720,21.600000,10000.000000,1,1,274336456,1324,12,1324,12,0,5,13
5,720,21.600000,10000.000000,1,1,274336465,1324,12,1324,12,0,5,13
5,720,21.600000,10000.000000,1,1,274336475,1324,12,1324,12,0,5,13
5,720,21.600000,10000.000000,1,1,274336485,1324,12,1324,12,0,5,13
5,720,21.600000,10000.000000,1,1,274336494,1324,12,1324,12,0,5,13
5,720,21.600000,10000.000000,1,1,274336504,1324,12,1324,12,0,5,13
5,720,21.600000,10000.000000,1,1,274336513,1324,12,1324,12,0,5,13
