5,720,21.600000,12.276000,1,1,274420618,600,22,600,22,0,5,75
5,720,21.600000,12.276000,1,1,274420619,600,22,600,22,0,5,75
5,720,21.600000,12.276000,1,1,274420628,600,22,600,22,0,5,75
5,720,21.600000,12.276000,1,1,274420638,600,22,600,22,0,5,75
5,720,21.600000,12.276000,1,1,274420648,600,22,600,22,0,5,75
5,720,21.600000,12.276000,1,1,274420658,600,22,600,22,0,5,75
5,720,21.600000,12.276000,1,1,274420668,600,22,600,22,0,5,75
5,720,21.600000,12.276000,1,1,274420679,600,22,600,22,0,5,75
5,720,21.600000,12.276000,1,1,274420690,602,21,602,21,0,5,75
5,720,21.600000,12.276000,1,1,274420701,604,21,604,21,0,5,75
5,720,21.600000,12.276000,1,1,274420723,607,20,607,20,0,5,75
5,720,21.600000,12.276000,1,1,274420736,621,18,621,18,0,5,75
5,720,21.600000,12.276000,1,1,274420746,635,16,635,16,0,5,75
5,720,21.600000,12.276000,1,1,274420757,661,16,661,16,0,5,75
5,720,21.600000,12.276000,1,1,274420769,693,15,693,15,0,5,75
5,720,21.600000,12.276000,1,1,274420780,733,14,733,14,0,5,75
5,720,21.600000,12.276000,1,1,274420791,773,14,773,14,0,5,75
5,720,21.600000,12.276000,1,1,274420802,815,14,815,14,0,5,75
5,720,21.600000,12.276000,1,1,274420815,852,13,852,13,0,5,75
5,720,21.600000,12.276000,1,1,274420826,883,13,883,13,0,5,75
5,720,21.600000,12.276000,1,1,274420837,914,13,914,13,0,5,75
5,720,21.600000,12.276000,1,1,274420856,944,13,944,13,0,5,75
5,720,21.600000,12.276000,1,1,274420867,1020,13,1020,13,0,5,75
5,720,21.600000,12.276000,1,1,274420878,1064,14,1064,14,0,5,75
5,720,21.600000,12.276000,1,1,274420891,1106,17,1106,17,0,5,75
5,720,21.600000,12.276000,1,1,274420902,1145,17,1145,17,0,5,75
5,720,21.600000,12.276000,1,1,274420913,1165,18,1165,18,0,5,75
5,720,21.600000,12.276000,1,1,274420923,1176,18,1176,18,0,5,75
5,720,21.600000,12.276000,1,1,274420934,1181,18,1181,18,0,5,75
5,720,21.600000,12.276000,1,1,274420943,1183,18,1183,18,0,5,75
5,720,21.600000,12.276000,1,1,274420954,1183,18,1183,18,0,5,75
5,720,21.600000,12.276000,1,1,274420966,1185,18,1185,18,0,5,75
5,720,21.600000,12.276000,1,1,274420978,1191,18,1191,18,0,5,75
5,720,21.600000,12.276000,1,1,274420997,1199,18,1199,18,0,5,75
5,720,21.600000,12.276000,1,1,274421008,1216,18,1216,18,0,5,75
5,720,21.600000,12.276000,1,1,274421028,1221,18,1221,18,0,5,75
5,720,21.600000,12.276000,1,1,274421039,1224,18,1224,18,0,5,75
5,720,21.600000,12.276000,1,1,274421059,1224,18,1224,18,0,5,75
5,720,21.600000,12.276000,1,1,274421069,1225,18,1225,18,0,5,75
5,720,21.600000,12.276000,1,1,274421081,1228,17,1228,17,0,5,75
5,720,21.600000,12.276000,1,1,274421093,1232,17,1232,17,0,5,75
5,720,21.600000,12.276000,1,1,274421103,1238,16,1238,16,0,5,75
5,720,21.600000,12.276000,1,1,274421114,1242,16,1242,16,0,5,75
5,720,21.600000,12.276000,1,1,274421124,1245,16,1245,16,0,5,75
5,720,21.600000,12.276000,1,1,274421135,1247,16,1247,16,0,5,75
5,720,21.600000,12.276000,1,1,274421146,1249,16,1249,16,0,5,75
5,720,21.600000,12.276000,1,1,274421157,1253,15,1253,15,0,5,75
5,720,21.600000,12.276000,1,1,274421168,1259,15,1259,15,0,5,75
5,720,21.600000,12.276000,1,1,274421179,1265,15,1265,15,0,5,75
5,720,21.600000,12.276000,1,1,274421199,1273,15,1273,15,0,5,75
5,720,21.600000,12.276000,1,1,274421210,1288,15,1288,15,0,5,75
5,720,21.600000,12.276000,1,1,274421231,1296,15,1296,15,0,5,75
5,720,21.600000,12.276000,1,1,274421241,1308,15,1308,15,0,5,75
5,720,21.600000,12.276000,1,1,274421253,1311,15,1311,15,0,5,75
5,720,21.600000,12.276000,1,1,274421263,1314,15,1314,15,0,5,75
5,720,21.600000,12.276000,1,1,274421274,1315,15,1315,15,0,5,75
5,720,21.600000,12.276000,1,1,274421284,1315,15,1315,15,0,5,75
5,720,21.600000,12.276000,1,1,274421293,1315,15,1315,15,0,5,75
5,720,21.600000,12.276000,1,1,274421304,1315,15,1315,15,0,5,75
5,720,21.600000,12.276000,1,1,274421323,1315,15,1315,15,0,5,75
5,720,21.600000,12.276000,1,1,274421333,1315,15,1315,15,0,5,75
5,720,21.600000,12.276000,1,1,274421343,1315,15,1315,15,0,5,75
5,720,21.600000,12.276000,1,1,274421353,1315,15,1315,15,0,5,75
5,720,21.600000,12.276000,1,1,274421363,1315,15,1315,15,0,5,75
5,720,21.600000,12.276000,1,1,274421373,1315,15,1315,15,0,5,75
5,720,21.600000,12.276000,1,1,274421383,1315,15,1315,15,0,5,75
5,720,21.600000,12.276000,1,1,274421401,1315,15,1315,15,0,5,75
5,720,21.600000,12.276000,1,1,274421411,1315,15,1315,15,0,5,75
5,720,21.600000,12.276000,1,1,274421421,1315,15,1315,15,0,5,75
5,720,21.600000,12.276000,1,1,274421430,1315,15,1315,15,0,5,75
5,720,21.600000,12.276000,1,1,274421449,1315,15,1315,15,0,5,75
5,720,21.600000,12.276000,1,1,274421459,1315,15,1315,15,0,5,75
5,720,21.600000,12.276000,1,1,274421469,1315,15,1315,15,0,5,75
5,720,21.600000,12.276000,1,1,274421479,1315,15,1315,15,0,5,75
