5,360,21.600000,22.608000,0,1,274324050,780,22,780,22,0,5,3
5,360,21.600000,22.608000,0,1,274324051,780,22,780,22,0,5,3
5,360,21.600000,22.608000,0,1,274324061,780,22,780,22,0,5,3
5,360,21.600000,22.608000,0,1,274324071,780,22,780,22,0,5,3
5,360,21.600000,22.608000,0,1,274324081,780,22,780,22,0,5,3
5,360,21.600000,22.608000,0,1,274324093,780,22,780,22,0,5,3
5,360,21.600000,22.608000,0,1,274324108,782,21,782,21,0,5,3
5,360,21.600000,22.608000,0,1,274324118,791,19,791,19,0,5,3
5,360,21.600000,22.608000,0,1,274324129,803,18,803,18,0,5,3
5,360,21.600000,22.608000,0,1,274324141,822,17,822,17,0,5,3
5,360,21.600000,22.608000,0,1,274324151,846,16,846,16,0,5,3
5,360,21.600000,22.608000,0,1,274324162,884,15,884,15,0,5,3
5,360,21.600000,22.608000,0,1,274324173,926,15,926,15,0,5,3
5,360,21.600000,22.608000,0,1,274324185,974,14,974,14,0,5,3
5,360,21.600000,22.608000,0,1,274324196,1026,13,1026,13,0,5,3
5,360,21.600000,22.608000,0,1,274324207,1077,13,1077,13,0,5,3
5,360,21.600000,22.608000,0,1,274324219,1112,13,1112,13,0,5,3
5,360,21.600000,22.608000,0,1,274324229,1140,13,1140,13,0,5,3
5,360,21.600000,22.608000,0,1,274324240,1156,13,1156,13,0,5,3
5,360,21.600000,22.608000,0,1,274324252,1167,12,1167,12,0,5,3
5,360,21.600000,22.608000,0,1,274324263,1173,12,1173,12,0,5,3
5,360,21.600000,22.608000,0,1,274324273,1176,12,1176,12,0,5,3
5,360,21.600000,22.608000,0,1,274324284,1177,12,1177,12,0,5,3
5,360,21.600000,22.608000,0,1,274324293,1177,11,1177,11,0,5,3
5,360,21.600000,22.608000,0,1,274324305,1178,11,1178,11,0,5,3
5,360,21.600000,22.608000,0,1,274324316,1178,11,1178,11,0,5,3
5,360,21.600000,22.608000,0,1,274324326,1178,11,1178,11,0,5,3
5,360,21.600000,22.608000,0,1,274324336,1178,11,1178,11,0,5,3
5,360,21.600000,22.608000,0,1,274324346,1179,11,1179,11,0,5,3
5,360,21.600000,22.608000,0,1,274324356,1181,10,1181,10,0,5,3
5,360,21.600000,22.608000,0,1,274324366,1183,10,1183,10,0,5,3
5,360,21.600000,22.608000,0,1,274324376,1185,9,1185,9,0,5,3
5,360,21.600000,22.608000,0,1,274324386,1186,9,1186,9,0,5,3
5,360,21.600000,22.608000,0,1,274324396,1186,9,1186,9,0,5,3
5,360,21.600000,22.608000,0,1,274324405,1186,9,1186,9,0,5,3
5,360,21.600000,22.608000,0,1,274324415,1186,9,1186,9,0,5,3
5,360,21.600000,22.608000,0,1,274324425,1186,9,1186,9,0,5,3
5,360,21.600000,22.608000,0,1,274324435,1186,9,1186,9,0,5,3
5,360,21.600000,22.608000,0,1,274324444,1184,9,1184,9,0,5,3
5,360,21.600000,22.608000,0,1,274324455,1182,9,1182,9,0,5,3
5,360,21.600000,22.608000,0,1,274324466,1181,9,1181,9,0,5,3
5,360,21.600000,22.608000,0,1,274324476,1179,9,1179,9,0,5,3
5,360,21.600000,22.608000,0,1,274324488,1176,9,1176,9,0,5,3
5,360,21.600000,22.608000,0,1,274324499,1171,9,1171,9,0,5,3
5,360,21.600000,22.608000,0,1,274324510,1165,8,1165,8,0,5,3
5,360,21.600000,22.608000,0,1,274324522,1161,8,1161,8,0,5,3
5,360,21.600000,22.608000,0,1,274324532,1158,7,1158,7,0,5,3
5,360,21.600000,22.608000,0,1,274324542,1156,7,1156,7,0,5,3
5,360,21.600000,22.608000,0,1,274324552,1155,7,1155,7,0,5,3
5,360,21.600000,22.608000,0,1,274324562,1153,7,1153,7,0,5,3
5,360,21.600000,22.608000,0,1,274324572,1151,7,1151,7,0,5,3
5,360,21.600000,22.608000,0,1,274324581,1149,7,1149,7,0,5,3
5,360,21.600000,22.608000,0,1,274324592,1148,7,1148,7,0,5,3
5,360,21.600000,22.608000,0,1,274324602,1145,6,1145,6,0,5,3
5,360,21.600000,22.608000,0,1,274324611,1143,6,1143,6,0,5,3
5,360,21.600000,22.608000,0,1,274324621,1141,6,1141,6,0,5,3
5,360,21.600000,22.608000,0,1,274324632,1140,6,1140,6,0,5,3
5,360,21.600000,22.608000,0,1,274324642,1138,6,1138,6,0,5,3
5,360,21.600000,22.608000,0,1,274324651,1138,6,1138,6,0,5,3
5,360,21.600000,22.608000,0,1,274324661,1138,6,1138,6,0,5,3
5,360,21.600000,22.608000,0,1,274324670,1138,6,1138,6,0,5,3
5,360,21.600000,22.608000,0,1,274324680,1138,6,1138,6,0,5,3
5,360,21.600000,22.608000,0,1,274324690,1138,6,1138,6,0,5,3
5,360,21.600000,22.608000,0,1,274324699,1138,6,1138,6,0,5,3
5,360,21.600000,22.608000,0,1,274324709,1138,6,1138,6,0,5,3
5,360,21.600000,22.608000,0,1,274324719,1138,6,1138,6,0,5,3
