5,360,21.600000,42.984000,1,0,274432895,780,0,780,0,0,5,82
5,360,21.600000,42.984000,1,0,274432896,780,0,780,0,0,5,82
5,360,21.600000,42.984000,1,0,274432905,780,0,780,0,0,5,82
5,360,21.600000,42.984000,1,0,274432915,780,0,780,0,0,5,82
5,360,21.600000,42.984000,1,0,274432924,780,0,780,0,0,5,82
5,360,21.600000,42.984000,1,0,274432934,780,0,780,0,0,5,82
5,360,21.600000,42.984000,1,0,274432945,781,0,781,0,0,5,82
5,360,21.600000,42.984000,1,0,274432956,783,0,783,0,0,5,82
5,360,21.600000,42.984000,1,0,274432968,788,0,788,0,0,5,82
5,360,21.600000,42.984000,1,0,274432979,799,0,799,-2,0,5,82
5,360,21.600000,42.984000,1,0,274432990,816,0,816,-5,0,5,82
5,360,21.600000,42.984000,1,0,274433001,836,0,836,-7,0,5,82
5,360,21.600000,42.984000,1,0,274433011,856,0,856,-9,0,5,82
5,360,21.600000,42.984000,1,0,274433023,883,0,883,-10,0,5,82
5,360,21.600000,42.984000,1,0,274433035,911,0,911,-11,0,5,82
5,360,21.600000,42.984000,1,0,274433046,941,0,941,-12,0,5,82
5,360,21.600000,42.984000,1,0,274433067,970,0,970,-12,0,5,82
5,360,21.600000,42.984000,1,0,274433077,1020,0,1020,-13,0,5,82
5,360,21.600000,42.984000,1,0,274433090,1041,0,1041,-13,0,5,82
5,360,21.600000,42.984000,1,0,274433101,1056,0,1056,-13,0,5,82
5,360,21.600000,42.984000,1,0,274433112,1068,0,1068,-13,0,5,82
5,360,21.600000,42.984000,1,0,274433124,1078,0,1078,-13,0,5,82
5,360,21.600000,42.984000,1,0,274433135,1085,0,1085,-13,0,5,82
5,360,21.600000,42.984000,1,0,274433146,1090,0,1090,-13,0,5,82
5,360,21.600000,42.984000,1,0,274433156,1093,0,1093,-13,0,5,82
5,360,21.600000,42.984000,1,0,274433166,1094,0,1094,-13,0,5,82
5,360,21.600000,42.984000,1,0,274433176,1095,0,1095,-13,0,5,82
5,360,21.600000,42.984000,1,0,274433186,1096,0,1096,-14,0,5,82
5,360,21.600000,42.984000,1,0,274433195,1096,0,1096,-14,0,5,82
5,360,21.600000,42.984000,1,0,274433205,1096,0,1096,-14,0,5,82
5,360,21.600000,42.984000,1,0,274433215,1096,0,1096,-14,0,5,82
5,360,21.600000,42.984000,1,0,274433225,1096,0,1096,-14,0,5,82
5,360,21.600000,42.984000,1,0,274433235,1097,0,1097,-14,0,5,82
5,360,21.600000,42.984000,1,0,274433246,1098,0,1098,-14,0,5,82
5,360,21.600000,42.984000,1,0,274433255,1100,0,1100,-15,0,5,82
5,360,21.600000,42.984000,1,0,274433266,1102,0,1102,-15,0,5,82
5,360,21.600000,42.984000,1,0,274433277,1105,0,1105,-15,0,5,82
5,360,21.600000,42.984000,1,0,274433286,1107,0,1107,-15,0,5,82
5,360,21.600000,42.984000,1,0,274433296,1108,0,1108,-15,0,5,82
5,360,21.600000,42.984000,1,0,274433305,1108,0,1108,-15,0,5,82
5,360,21.600000,42.984000,1,0,274433315,1108,0,1108,-15,0,5,82
5,360,21.600000,42.984000,1,0,274433324,1108,0,1108,-15,0,5,82
5,360,21.600000,42.984000,1,0,274433334,1108,0,1108,-15,0,5,82
5,360,21.600000,42.984000,1,0,274433344,1108,0,1108,-15,0,5,82
5,360,21.600000,42.984000,1,0,274433355,1108,0,1108,-15,0,5,82
5,360,21.600000,42.984000,1,0,274433365,1110,0,1110,-16,0,5,82
5,360,21.600000,42.984000,1,0,274433376,1112,0,1112,-16,0,5,82
5,360,21.600000,42.984000,1,0,274433387,1117,0,1117,-16,0,5,82
5,360,21.600000,42.984000,1,0,274433399,1122,0,1122,-16,0,5,82
5,360,21.600000,42.984000,1,0,274433409,1127,0,1127,-16,0,5,82
5,360,21.600000,42.984000,1,0,274433419,1130,0,1130,-16,0,5,82
5,360,21.600000,42.984000,1,0,274433430,1132,0,1132,-16,0,5,82
5,360,21.600000,42.984000,1,0,274433439,1134,0,1134,-16,0,5,82
5,360,21.600000,42.984000,1,0,274433450,1135,0,1135,-16,0,5,82
5,360,21.600000,42.984000,1,0,274433460,1135,0,1135,-16,0,5,82
5,360,21.600000,42.984000,1,0,274433471,1135,0,1135,-16,0,5,82
5,360,21.600000,42.984000,1,0,274433481,1135,0,1135,-16,0,5,82
5,360,21.600000,42.984000,1,0,274433491,1136,0,1136,-16,0,5,82
5,360,21.600000,42.984000,1,0,274433501,1136,0,1136,-16,0,5,82
5,360,21.600000,42.984000,1,0,274433510,1137,0,1137,-16,0,5,82
5,360,21.600000,42.984000,1,0,274433520,1137,0,1137,-17,0,5,82
5,360,21.600000,42.984000,1,0,274433531,1138,0,1138,-17,0,5,82
5,360,21.600000,42.984000,1,0,274433541,1139,0,1139,-18,0,5,82
5,360,21.600000,42.984000,1,0,274433551,1140,0,1140,-18,0,5,82
5,360,21.600000,42.984000,1,0,274433561,1140,0,1140,-18,0,5,82
5,360,21.600000,42.984000,1,0,274433571,1140,0,1140,-18,0,5,82
5,360,21.600000,42.984000,1,0,274433581,1140,0,1140,-18,0,5,82
5,360,21.600000,42.984000,1,0,274433591,1140,0,1140,-18,0,5,82
5,360,21.600000,42.984000,1,0,274433601,1140,0,1140,-18,0,5,82
5,360,21.600000,42.984000,1,0,274433611,1140,0,1140,-18,0,5,82
5,360,21.600000,42.984000,1,0,274433621,1140,0,1140,-18,0,5,82
