5,720,82.800000,42.984000,0,0,274380103,600,0,600,0,0,5,44
5,720,82.800000,42.984000,0,0,274380104,600,0,600,0,0,5,44
5,720,82.800000,42.984000,0,0,274380114,600,0,600,0,0,5,44
5,720,82.800000,42.984000,0,0,274380124,600,0,600,0,0,5,44
5,720,82.800000,42.984000,0,0,274380133,600,0,600,0,0,5,44
5,720,82.800000,42.984000,0,0,274380143,600,0,600,0,0,5,44
5,720,82.800000,42.984000,0,0,274380163,600,0,600,0,0,5,44
5,720,82.800000,42.984000,0,0,274380173,600,0,600,0,0,5,44
5,720,82.800000,42.984000,0,0,274380184,600,0,600,0,0,5,44
5,720,82.800000,42.984000,0,0,274380194,600,0,600,0,0,5,44
5,720,82.800000,42.984000,0,0,274380206,604,0,604,0,0,5,44
5,720,82.800000,42.984000,0,0,274380217,611,0,611,-2,0,5,44
5,720,82.800000,42.984000,0,0,274380228,622,0,622,-4,0,5,44
5,720,82.800000,42.984000,0,0,274380239,643,0,643,-6,0,5,44
5,720,82.800000,42.984000,0,0,274380250,674,0,674,-9,0,5,44
5,720,82.800000,42.984000,0,0,274380261,719,0,719,-10,0,5,44
5,720,82.800000,42.984000,0,0,274380271,775,0,775,-13,0,5,44
5,720,82.800000,42.984000,0,0,274380282,838,0,838,-14,0,5,44
5,720,82.800000,42.984000,0,0,274380292,917,0,917,-15,0,5,44
5,720,82.800000,42.984000,0,0,274380304,997,0,997,-16,0,5,44
5,720,82.800000,42.984000,0,0,274380315,1070,0,1070,-16,0,5,44
5,720,82.800000,42.984000,0,0,274380335,1145,0,1145,-16,0,5,44
5,720,82.800000,42.984000,0,0,274380346,1248,0,1248,-16,0,5,44
5,720,82.800000,42.984000,0,0,274380357,1288,0,1288,-16,0,5,44
5,720,82.800000,42.984000,0,0,274380368,1315,1,1315,-15,0,5,44
5,720,82.800000,42.984000,0,0,274380379,1332,2,1332,-14,0,5,44
5,720,82.800000,42.984000,0,0,274380397,1339,2,1339,-14,0,5,44
5,720,82.800000,42.984000,0,0,274380407,1344,2,1344,-14,0,5,44
5,720,82.800000,42.984000,0,0,274380418,1344,2,1344,-14,0,5,44
5,720,82.800000,42.984000,0,0,274380428,1344,2,1344,-14,0,5,44
5,720,82.800000,42.984000,0,0,274380440,1344,2,1344,-14,0,5,44
5,720,82.800000,42.984000,0,0,274380450,1344,2,1344,-14,0,5,44
5,720,82.800000,42.984000,0,0,274380460,1345,2,1345,-14,0,5,44
5,720,82.800000,42.984000,0,0,274380471,1347,2,1347,-14,0,5,44
5,720,82.800000,42.984000,0,0,274380481,1347,2,1347,-14,0,5,44
5,720,82.800000,42.984000,0,0,274380493,1347,2,1347,-14,0,5,44
5,720,82.800000,42.984000,0,0,274380516,1347,2,1347,-14,0,5,44
5,720,82.800000,42.984000,0,0,274380538,1347,2,1347,-14,0,5,44
5,720,82.800000,42.984000,0,0,274380548,1349,2,1349,-14,0,5,44
5,720,82.800000,42.984000,0,0,274380559,1351,2,1351,-14,0,5,44
5,720,82.800000,42.984000,0,0,274380580,1351,2,1351,-14,0,5,44
5,720,82.800000,42.984000,0,0,274380590,1351,2,1351,-14,0,5,44
5,720,82.800000,42.984000,0,0,274380599,1351,2,1351,-14,0,5,44
5,720,82.800000,42.984000,0,0,274380610,1351,2,1351,-14,0,5,44
5,720,82.800000,42.984000,0,0,274380620,1351,2,1351,-14,0,5,44
5,720,82.800000,42.984000,0,0,274380630,1351,2,1351,-14,0,5,44
5,720,82.800000,42.984000,0,0,274380640,1351,2,1351,-14,0,5,44
