5,720,50.400000,0.000000,1,0,274398586,600,0,600,0,0,5,58
5,720,50.400000,0.000000,1,0,274398587,600,0,600,0,0,5,58
5,720,50.400000,0.000000,1,0,274398597,600,0,600,0,0,5,58
5,720,50.400000,0.000000,1,0,274398606,600,0,600,0,0,5,58
5,720,50.400000,0.000000,1,0,274398615,600,0,600,0,0,5,58
5,720,50.400000,0.000000,1,0,274398625,600,0,600,0,0,5,58
5,720,50.400000,0.000000,1,0,274398634,600,0,600,0,0,5,58
5,720,50.400000,0.000000,1,0,274398644,600,0,600,0,0,5,58
5,720,50.400000,0.000000,1,0,274398654,600,0,600,0,0,5,58
5,720,50.400000,0.000000,1,0,274398663,600,0,600,0,0,5,58
5,720,50.400000,0.000000,1,0,274398673,600,0,600,0,0,5,58
5,720,50.400000,0.000000,1,0,274398682,600,0,600,0,0,5,58
5,720,50.400000,0.000000,1,0,274398692,600,0,600,0,0,5,58
5,720,50.400000,0.000000,1,0,274398701,600,0,600,0,0,5,58
5,720,50.400000,0.000000,1,0,274398711,600,0,600,0,0,5,58
5,720,50.400000,0.000000,1,0,274398722,600,0,600,0,0,5,58
5,720,50.400000,0.000000,1,0,274398731,600,0,600,0,0,5,58
5,720,50.400000,0.000000,1,0,274398741,600,0,600,0,0,5,58
5,720,50.400000,0.000000,1,0,274398751,602,0,602,-1,0,5,58
5,720,50.400000,0.000000,1,0,274398762,604,0,604,-1,0,5,58
5,720,50.400000,0.000000,1,0,274398772,606,0,606,-1,0,5,58
5,720,50.400000,0.000000,1,0,274398783,607,0,607,-1,0,5,58
5,720,50.400000,0.000000,1,0,274398793,607,0,607,-1,0,5,58
5,720,50.400000,0.000000,1,0,274398803,607,0,607,-1,0,5,58
5,720,50.400000,0.000000,1,0,274398812,607,0,607,-1,0,5,58
5,720,50.400000,0.000000,1,0,274398822,607,0,607,-1,0,5,58
5,720,50.400000,0.000000,1,0,274398832,607,0,607,-1,0,5,58
5,720,50.400000,0.000000,1,0,274398842,607,0,607,-1,0,5,58
5,720,50.400000,0.000000,1,0,274398853,611,0,611,-1,0,5,58
5,720,50.400000,0.000000,1,0,274398864,619,0,619,-2,0,5,58
5,720,50.400000,0.000000,1,0,274398875,635,0,635,-3,0,5,58
5,720,50.400000,0.000000,1,0,274398886,661,0,661,-4,0,5,58
5,720,50.400000,0.000000,1,0,274398897,691,0,691,-4,0,5,58
5,720,50.400000,0.000000,1,0,274398908,738,0,738,-4,0,5,58
5,720,50.400000,0.000000,1,0,274398919,784,0,784,-4,0,5,58
5,720,50.400000,0.000000,1,0,274398929,845,0,845,-5,0,5,58
5,720,50.400000,0.000000,1,0,274398940,916,0,916,-5,0,5,58
5,720,50.400000,0.000000,1,0,274398950,1013,0,1013,-6,0,5,58
5,720,50.400000,0.000000,1,0,274398960,1091,2,1091,-4,0,5,58
5,720,50.400000,0.000000,1,0,274398973,1168,8,1168,2,0,5,58
5,720,50.400000,0.000000,1,0,274398983,1246,14,1246,8,0,5,58
5,720,50.400000,0.000000,1,0,274399004,1293,17,1293,11,0,5,58
5,720,50.400000,0.000000,1,0,274399014,1338,17,1338,11,0,5,58
5,720,50.400000,0.000000,1,0,274399024,1345,17,1345,11,0,5,58
5,720,50.400000,0.000000,1,0,274399035,1347,17,1347,11,0,5,58
5,720,50.400000,0.000000,1,0,274399046,1349,17,1349,11,0,5,58
5,720,50.400000,0.000000,1,0,274399056,1349,17,1349,11,0,5,58
5,720,50.400000,0.000000,1,0,274399067,1351,16,1351,10,0,5,58
5,720,50.400000,0.000000,1,0,274399077,1353,15,1353,9,0,5,58
5,720,50.400000,0.000000,1,0,274399086,1355,14,1355,8,0,5,58
5,720,50.400000,0.000000,1,0,274399096,1358,13,1358,7,0,5,58
5,720,50.400000,0.000000,1,0,274399108,1361,11,1361,5,0,5,58
5,720,50.400000,0.000000,1,0,274399119,1364,10,1364,4,0,5,58
5,720,50.400000,0.000000,1,0,274399130,1370,9,1370,3,0,5,58
5,720,50.400000,0.000000,1,0,274399141,1376,7,1376,1,0,5,58
5,720,50.400000,0.000000,1,0,274399151,1381,6,1381,0,0,5,58
5,720,50.400000,0.000000,1,0,274399162,1384,6,1384,0,0,5,58
5,720,50.400000,0.000000,1,0,274399172,1386,6,1386,0,0,5,58
5,720,50.400000,0.000000,1,0,274399182,1386,6,1386,0,0,5,58
5,720,50.400000,0.000000,1,0,274399193,1386,6,1386,0,0,5,58
5,720,50.400000,0.000000,1,0,274399203,1385,5,1385,-1,0,5,58
5,720,50.400000,0.000000,1,0,274399213,1382,5,1382,-1,0,5,58
5,720,50.400000,0.000000,1,0,274399224,1377,4,1377,-2,0,5,58
5,720,50.400000,0.000000,1,0,274399234,1372,3,1372,-3,0,5,58
5,720,50.400000,0.000000,1,0,274399245,1366,1,1366,-5,0,5,58
5,720,50.400000,0.000000,1,0,274399255,1362,1,1362,-5,0,5,58
5,720,50.400000,0.000000,1,0,274399266,1358,0,1358,-6,0,5,58
5,720,50.400000,0.000000,1,0,274399277,1353,0,1353,-7,0,5,58
5,720,50.400000,0.000000,1,0,274399288,1347,0,1347,-8,0,5,58
5,720,50.400000,0.000000,1,0,274399299,1341,0,1341,-8,0,5,58
5,720,50.400000,0.000000,1,0,274399310,1334,0,1334,-9,0,5,58
5,720,50.400000,0.000000,1,0,274399321,1328,0,1328,-9,0,5,58
5,720,50.400000,0.000000,1,0,274399333,1324,0,1324,-10,0,5,58
5,720,50.400000,0.000000,1,0,274399344,1319,0,1319,-11,0,5,58
5,720,50.400000,0.000000,1,0,274399353,1316,0,1316,-12,0,5,58
5,720,50.400000,0.000000,1,0,274399363,1314,0,1314,-12,0,5,58
5,720,50.400000,0.000000,1,0,274399373,1313,0,1313,-12,0,5,58
5,720,50.400000,0.000000,1,0,274399382,1313,0,1313,-12,0,5,58
5,720,50.400000,0.000000,1,0,274399392,1313,0,1313,-12,0,5,58
5,720,50.400000,0.000000,1,0,274399402,1313,0,1313,-12,0,5,58
5,720,50.400000,0.000000,1,0,274399412,1313,0,1313,-12,0,5,58
