5,360,82.800000,12.276000,1,1,274404246,780,22,780,22,0,5,62
5,360,82.800000,12.276000,1,1,274404247,780,22,780,22,0,5,62
5,360,82.800000,12.276000,1,1,274404257,780,22,780,22,0,5,62
5,360,82.800000,12.276000,1,1,274404267,780,22,780,22,0,5,62
5,360,82.800000,12.276000,1,1,274404276,780,22,780,22,0,5,62
5,360,82.800000,12.276000,1,1,274404286,780,22,780,22,0,5,62
5,360,82.800000,12.276000,1,1,274404296,780,22,780,22,0,5,62
5,360,82.800000,12.276000,1,1,274404306,780,22,780,22,0,5,62
5,360,82.800000,12.276000,1,1,274404318,782,22,782,22,0,5,62
5,360,82.800000,12.276000,1,1,274404328,786,22,786,22,0,5,62
5,360,82.800000,12.276000,1,1,274404339,793,20,793,20,0,5,62
5,360,82.800000,12.276000,1,1,274404349,802,19,802,19,0,5,62
5,360,82.800000,12.276000,1,1,274404361,820,17,820,17,0,5,62
5,360,82.800000,12.276000,1,1,274404372,841,15,841,15,0,5,62
5,360,82.800000,12.276000,1,1,274404382,873,13,873,13,0,5,62
5,360,82.800000,12.276000,1,1,274404394,912,10,912,10,0,5,62
5,360,82.800000,12.276000,1,1,274404405,967,7,967,7,0,5,62
5,360,82.800000,12.276000,1,1,274404426,1013,6,1013,6,0,5,62
5,360,82.800000,12.276000,1,1,274404437,1080,3,1080,3,0,5,62
5,360,82.800000,12.276000,1,1,274404448,1101,2,1101,2,0,5,62
5,360,82.800000,12.276000,1,1,274404458,1109,2,1109,2,0,5,62
5,360,82.800000,12.276000,1,1,274404469,1109,2,1109,2,0,5,62
5,360,82.800000,12.276000,1,1,274404480,1109,2,1109,2,0,5,62
5,360,82.800000,12.276000,1,1,274404490,1109,1,1109,1,0,5,62
5,360,82.800000,12.276000,1,1,274404500,1109,0,1109,0,0,5,62
5,360,82.800000,12.276000,1,1,274404510,1109,0,1109,0,0,5,62
5,360,82.800000,12.276000,1,1,274404520,1109,0,1109,0,0,5,62
5,360,82.800000,12.276000,1,1,274404529,1110,0,1110,0,0,5,62
5,360,82.800000,12.276000,1,1,274404539,1111,0,1111,0,0,5,62
5,360,82.800000,12.276000,1,1,274404549,1111,0,1111,0,0,5,62
5,360,82.800000,12.276000,1,1,274404559,1111,0,1111,0,0,5,62
5,360,82.800000,12.276000,1,1,274404570,1112,0,1112,0,0,5,62
5,360,82.800000,12.276000,1,1,274404581,1114,0,1114,-1,0,5,62
5,360,82.800000,12.276000,1,1,274404591,1116,0,1116,-2,0,5,62
5,360,82.800000,12.276000,1,1,274404601,1119,0,1119,-2,0,5,62
5,360,82.800000,12.276000,1,1,274404611,1121,0,1121,-3,0,5,62
5,360,82.800000,12.276000,1,1,274404621,1122,0,1122,-3,0,5,62
5,360,82.800000,12.276000,1,1,274404631,1123,0,1123,-3,0,5,62
5,360,82.800000,12.276000,1,1,274404641,1123,0,1123,-3,0,5,62
5,360,82.800000,12.276000,1,1,274404650,1123,0,1123,-3,0,5,62
5,360,82.800000,12.276000,1,1,274404660,1123,0,1123,-3,0,5,62
