5,720,50.400000,22.608000,0,0,274521078,600,0,600,0,0,6,27
5,720,50.400000,22.608000,0,0,274521079,600,0,600,0,0,6,27
5,720,50.400000,22.608000,0,0,274521090,600,0,600,0,0,6,27
5,720,50.400000,22.608000,0,0,274521101,600,0,600,0,0,6,27
5,720,50.400000,22.608000,0,0,274521111,600,0,600,0,0,6,27
5,720,50.400000,22.608000,0,0,274521122,600,0,600,0,0,6,27
5,720,50.400000,22.608000,0,0,274521133,600,0,600,0,0,6,27
5,720,50.400000,22.608000,0,0,274521142,600,0,600,0,0,6,27
5,720,50.400000,22.608000,0,0,274521153,600,0,600,0,0,6,27
5,720,50.400000,22.608000,0,0,274521164,600,0,600,0,0,6,27
5,720,50.400000,22.608000,0,0,274521185,600,0,600,0,0,6,27
5,720,50.400000,22.608000,0,0,274521196,602,0,602,0,0,6,27
5,720,50.400000,22.608000,0,0,274521207,606,0,606,-1,0,6,27
5,720,50.400000,22.608000,0,0,274521219,610,0,610,-2,0,6,27
5,720,50.400000,22.608000,0,0,274521230,614,0,614,-3,0,6,27
5,720,50.400000,22.608000,0,0,274521241,618,0,618,-4,0,6,27
5,720,50.400000,22.608000,0,0,274521253,622,0,622,-5,0,6,27
5,720,50.400000,22.608000,0,0,274521274,629,0,629,-6,0,6,27
5,720,50.400000,22.608000,0,0,274521285,647,0,647,-8,0,6,27
5,720,50.400000,22.608000,0,0,274521296,663,0,663,-9,0,6,27
5,720,50.400000,22.608000,0,0,274521307,681,0,681,-9,0,6,27
5,720,50.400000,22.608000,0,0,274521319,705,0,705,-9,0,6,27
5,720,50.400000,22.608000,0,0,274521331,743,0,743,-9,0,6,27
5,720,50.400000,22.608000,0,0,274521342,801,1,801,-8,0,6,27
5,720,50.400000,22.608000,0,0,274521353,863,4,863,-5,0,6,27
5,720,50.400000,22.608000,0,0,274521364,928,7,928,-2,0,6,27
5,720,50.400000,22.608000,0,0,274521375,998,11,998,2,0,6,27
5,720,50.400000,22.608000,0,0,274521386,1069,15,1069,6,0,6,27
5,720,50.400000,22.608000,0,0,274521397,1130,18,1130,9,0,6,27
5,720,50.400000,22.608000,0,0,274521408,1172,19,1172,10,0,6,27
5,720,50.400000,22.608000,0,0,274521419,1204,21,1204,12,0,6,27
5,720,50.400000,22.608000,0,0,274521439,1228,21,1228,12,0,6,27
5,720,50.400000,22.608000,0,0,274521450,1252,21,1252,12,0,6,27
5,720,50.400000,22.608000,0,0,274521461,1261,21,1261,12,0,6,27
5,720,50.400000,22.608000,0,0,274521474,1269,21,1269,12,0,6,27
5,720,50.400000,22.608000,0,0,274521484,1276,21,1276,12,0,6,27
5,720,50.400000,22.608000,0,0,274521494,1280,21,1280,12,0,6,27
5,720,50.400000,22.608000,0,0,274521506,1282,21,1282,12,0,6,27
5,720,50.400000,22.608000,0,0,274521515,1283,21,1283,12,0,6,27
5,720,50.400000,22.608000,0,0,274521526,1283,21,1283,12,0,6,27
5,720,50.400000,22.608000,0,0,274521537,1283,21,1283,12,0,6,27
5,720,50.400000,22.608000,0,0,274521547,1283,21,1283,12,0,6,27
5,720,50.400000,22.608000,0,0,274521558,1283,21,1283,12,0,6,27
5,720,50.400000,22.608000,0,0,274521570,1284,21,1284,12,0,6,27
5,720,50.400000,22.608000,0,0,274521580,1287,21,1287,12,0,6,27
5,720,50.400000,22.608000,0,0,274521590,1289,21,1289,12,0,6,27
5,720,50.400000,22.608000,0,0,274521610,1290,20,1290,11,0,6,27
5,720,50.400000,22.608000,0,0,274521620,1292,20,1292,11,0,6,27
5,720,50.400000,22.608000,0,0,274521631,1292,20,1292,11,0,6,27
5,720,50.400000,22.608000,0,0,274521642,1292,20,1292,11,0,6,27
5,720,50.400000,22.608000,0,0,274521652,1292,19,1292,10,0,6,27
5,720,50.400000,22.608000,0,0,274521663,1293,19,1293,10,0,6,27
5,720,50.400000,22.608000,0,0,274521674,1294,18,1294,9,0,6,27
5,720,50.400000,22.608000,0,0,274521685,1295,17,1295,8,0,6,27
5,720,50.400000,22.608000,0,0,274521704,1298,15,1298,6,0,6,27
5,720,50.400000,22.608000,0,0,274521714,1305,12,1305,3,0,6,27
5,720,50.400000,22.608000,0,0,274521725,1309,11,1309,2,0,6,27
5,720,50.400000,22.608000,0,0,274521736,1312,9,1312,0,0,6,27
5,720,50.400000,22.608000,0,0,274521747,1316,8,1316,-1,0,6,27
5,720,50.400000,22.608000,0,0,274521759,1317,7,1317,-2,0,6,27
5,720,50.400000,22.608000,0,0,274521769,1318,7,1318,-2,0,6,27
5,720,50.400000,22.608000,0,0,274521779,1318,7,1318,-2,0,6,27
