5,360,50.400000,0.000000,1,0,274603444,780,0,780,0,0,6,89
5,360,50.400000,0.000000,1,0,274603446,780,0,780,0,0,6,89
5,360,50.400000,0.000000,1,0,274603457,780,0,780,0,0,6,89
5,360,50.400000,0.000000,1,0,274603468,780,0,780,0,0,6,89
5,360,50.400000,0.000000,1,0,274603479,780,0,780,0,0,6,89
5,360,50.400000,0.000000,1,0,274603489,780,0,780,0,0,6,89
5,360,50.400000,0.000000,1,0,274603501,780,0,780,0,0,6,89
5,360,50.400000,0.000000,1,0,274603512,780,0,780,0,0,6,89
5,360,50.400000,0.000000,1,0,274603524,785,0,785,0,0,6,89
5,360,50.400000,0.000000,1,0,274603548,796,0,796,-1,0,6,89
5,360,50.400000,0.000000,1,0,274603560,846,0,846,-1,0,6,89
5,360,50.400000,0.000000,1,0,274603571,884,0,884,-1,0,6,89
5,360,50.400000,0.000000,1,0,274603582,920,0,920,-1,0,6,89
5,360,50.400000,0.000000,1,0,274603593,956,0,956,-1,0,6,89
5,360,50.400000,0.000000,1,0,274603605,986,1,986,0,0,6,89
5,360,50.400000,0.000000,1,0,274603617,1018,1,1018,0,0,6,89
5,360,50.400000,0.000000,1,0,274603639,1038,1,1038,0,0,6,89
5,360,50.400000,0.000000,1,0,274603650,1058,2,1058,1,0,6,89
5,360,50.400000,0.000000,1,0,274603662,1064,2,1064,1,0,6,89
5,360,50.400000,0.000000,1,0,274603674,1070,2,1070,1,0,6,89
5,360,50.400000,0.000000,1,0,274603686,1076,2,1076,1,0,6,89
5,360,50.400000,0.000000,1,0,274603697,1083,1,1083,0,0,6,89
5,360,50.400000,0.000000,1,0,274603708,1090,0,1090,-1,0,6,89
5,360,50.400000,0.000000,1,0,274603719,1098,0,1098,-1,0,6,89
5,360,50.400000,0.000000,1,0,274603730,1107,0,1107,-1,0,6,89
5,360,50.400000,0.000000,1,0,274603741,1116,0,1116,-2,0,6,89
5,360,50.400000,0.000000,1,0,274603753,1123,0,1123,-2,0,6,89
5,360,50.400000,0.000000,1,0,274603765,1129,0,1129,-3,0,6,89
5,360,50.400000,0.000000,1,0,274603778,1133,0,1133,-4,0,6,89
5,360,50.400000,0.000000,1,0,274603788,1134,0,1134,-4,0,6,89
5,360,50.400000,0.000000,1,0,274603798,1134,0,1134,-4,0,6,89
5,360,50.400000,0.000000,1,0,274603810,1134,0,1134,-4,0,6,89
5,360,50.400000,0.000000,1,0,274603821,1134,0,1134,-4,0,6,89
5,360,50.400000,0.000000,1,0,274603832,1135,0,1135,-5,0,6,89
5,360,50.400000,0.000000,1,0,274603844,1138,0,1138,-5,0,6,89
5,360,50.400000,0.000000,1,0,274603855,1141,0,1141,-6,0,6,89
5,360,50.400000,0.000000,1,0,274603869,1144,0,1144,-6,0,6,89
5,360,50.400000,0.000000,1,0,274603879,1147,0,1147,-7,0,6,89
5,360,50.400000,0.000000,1,0,274603890,1148,0,1148,-7,0,6,89
5,360,50.400000,0.000000,1,0,274603900,1148,0,1148,-7,0,6,89
5,360,50.400000,0.000000,1,0,274603911,1148,0,1148,-7,0,6,89
5,360,50.400000,0.000000,1,0,274603922,1148,0,1148,-7,0,6,89
5,360,50.400000,0.000000,1,0,274603932,1148,0,1148,-7,0,6,89
5,360,50.400000,0.000000,1,0,274603943,1148,0,1148,-7,0,6,89
5,360,50.400000,0.000000,1,0,274603954,1148,0,1148,-7,0,6,89
5,360,50.400000,0.000000,1,0,274603965,1148,0,1148,-7,0,6,89
5,360,50.400000,0.000000,1,0,274603977,1148,0,1148,-7,0,6,89
5,360,50.400000,0.000000,1,0,274603988,1148,0,1148,-7,0,6,89
5,360,50.400000,0.000000,1,0,274603997,1148,0,1148,-7,0,6,89
5,360,50.400000,0.000000,1,0,274604009,1148,0,1148,-7,0,6,89
5,360,50.400000,0.000000,1,0,274604019,1148,0,1148,-7,0,6,89
5,360,50.400000,0.000000,1,0,274604030,1148,0,1148,-7,0,6,89
5,360,50.400000,0.000000,1,0,274604041,1148,0,1148,-7,0,6,89
5,360,50.400000,0.000000,1,0,274604050,1148,0,1148,-7,0,6,89
