5,360,21.600000,0.000000,1,1,274576672,780,22,780,22,1,6,69
5,360,21.600000,0.000000,1,1,274576673,780,22,780,22,1,6,69
5,360,21.600000,0.000000,1,1,274576684,780,22,780,22,1,6,69
5,360,21.600000,0.000000,1,1,274576695,780,22,780,22,1,6,69
5,360,21.600000,0.000000,1,1,274576705,780,22,780,22,1,6,69
5,360,21.600000,0.000000,1,1,274576716,780,22,780,22,1,6,69
5,360,21.600000,0.000000,1,1,274576727,780,22,780,22,1,6,69
5,360,21.600000,0.000000,1,1,274576738,780,22,780,22,1,6,69
5,360,21.600000,0.000000,1,1,274576748,780,22,780,22,1,6,69
5,360,21.600000,0.000000,1,1,274576759,780,22,780,22,1,6,69
5,360,21.600000,0.000000,1,1,274576769,780,22,780,22,1,6,69
5,360,21.600000,0.000000,1,1,274576780,782,22,782,22,1,6,69
5,360,21.600000,0.000000,1,1,274576791,785,22,785,22,1,6,69
5,360,21.600000,0.000000,1,1,274576801,791,22,791,22,1,6,69
5,360,21.600000,0.000000,1,1,274576813,797,22,797,22,1,6,69
5,360,21.600000,0.000000,1,1,274576824,805,22,805,22,1,6,69
5,360,21.600000,0.000000,1,1,274576835,815,22,815,22,1,6,69
5,360,21.600000,0.000000,1,1,274576845,831,22,831,22,1,6,69
5,360,21.600000,0.000000,1,1,274576866,849,22,849,22,1,6,69
5,360,21.600000,0.000000,1,1,274576877,893,23,893,23,1,6,69
5,360,21.600000,0.000000,1,1,274576888,917,23,917,23,1,6,69
5,360,21.600000,0.000000,1,1,274576898,948,21,948,21,1,6,69
5,360,21.600000,0.000000,1,1,274576909,977,18,977,18,1,6,69
5,360,21.600000,0.000000,1,1,274576920,1007,17,1007,17,1,6,69
5,360,21.600000,0.000000,1,1,274576931,1034,17,1034,17,1,6,69
5,360,21.600000,0.000000,1,1,274576942,1056,17,1056,17,1,6,69
5,360,21.600000,0.000000,1,1,274576953,1076,17,1076,17,1,6,69
5,360,21.600000,0.000000,1,1,274576964,1090,17,1090,17,1,6,69
5,360,21.600000,0.000000,1,1,274576974,1103,17,1103,17,1,6,69
5,360,21.600000,0.000000,1,1,274576985,1111,17,1111,17,1,6,69
5,360,21.600000,0.000000,1,1,274576996,1117,17,1117,17,1,6,69
5,360,21.600000,0.000000,1,1,274577008,1119,17,1119,17,1,6,69
5,360,21.600000,0.000000,1,1,274577019,1120,17,1120,17,1,6,69
5,360,21.600000,0.000000,1,1,274577030,1121,16,1121,16,1,6,69
5,360,21.600000,0.000000,1,1,274577041,1123,16,1123,16,1,6,69
5,360,21.600000,0.000000,1,1,274577052,1125,15,1125,15,1,6,69
5,360,21.600000,0.000000,1,1,274577062,1127,14,1127,14,1,6,69
5,360,21.600000,0.000000,1,1,274577073,1128,14,1128,14,1,6,69
5,360,21.600000,0.000000,1,1,274577084,1128,14,1128,14,1,6,69
5,360,21.600000,0.000000,1,1,274577094,1128,14,1128,14,1,6,69
5,360,21.600000,0.000000,1,1,274577105,1128,14,1128,14,1,6,69
5,360,21.600000,0.000000,1,1,274577116,1128,14,1128,14,1,6,69
5,360,21.600000,0.000000,1,1,274577125,1128,14,1128,14,1,6,69
5,360,21.600000,0.000000,1,1,274577136,1128,13,1128,13,1,6,69
5,360,21.600000,0.000000,1,1,274577148,1126,13,1126,13,1,6,69
5,360,21.600000,0.000000,1,1,274577157,1124,12,1124,12,1,6,69
5,360,21.600000,0.000000,1,1,274577168,1124,12,1124,12,1,6,69
5,360,21.600000,0.000000,1,1,274577178,1124,12,1124,12,1,6,69
5,360,21.600000,0.000000,1,1,274577188,1124,12,1124,12,1,6,69
5,360,21.600000,0.000000,1,1,274577198,1124,12,1124,12,1,6,69
5,360,21.600000,0.000000,1,1,274577208,1124,12,1124,12,1,6,69
5,360,21.600000,0.000000,1,1,274577218,1124,12,1124,12,1,6,69
5,360,21.600000,0.000000,1,1,274577229,1124,12,1124,12,1,6,69
5,360,21.600000,0.000000,1,1,274577239,1124,12,1124,12,1,6,69
5,360,21.600000,0.000000,1,1,274577249,1124,12,1124,12,1,6,69
5,360,21.600000,0.000000,1,1,274577260,1124,12,1124,12,1,6,69
5,360,21.600000,0.000000,1,1,274577270,1124,12,1124,12,1,6,69
5,360,21.600000,0.000000,1,1,274577279,1124,12,1124,12,1,6,69
5,360,21.600000,0.000000,1,1,274577289,1124,11,1124,11,1,6,69
5,360,21.600000,0.000000,1,1,274577300,1124,10,1124,10,1,6,69
5,360,21.600000,0.000000,1,1,274577310,1124,9,1124,9,1,6,69
5,360,21.600000,0.000000,1,1,274577321,1125,9,1125,9,1,6,69
5,360,21.600000,0.000000,1,1,274577332,1126,9,1126,9,1,6,69
5,360,21.600000,0.000000,1,1,274577342,1128,8,1128,8,1,6,69
5,360,21.600000,0.000000,1,1,274577351,1129,8,1129,8,1,6,69
5,360,21.600000,0.000000,1,1,274577363,1130,8,1130,8,1,6,69
5,360,21.600000,0.000000,1,1,274577375,1131,7,1131,7,1,6,69
5,360,21.600000,0.000000,1,1,274577385,1132,7,1132,7,1,6,69
5,360,21.600000,0.000000,1,1,274577395,1132,7,1132,7,1,6,69
5,360,21.600000,0.000000,1,1,274577406,1133,7,1133,7,1,6,69
5,360,21.600000,0.000000,1,1,274577417,1134,6,1134,6,1,6,69
5,360,21.600000,0.000000,1,1,274577427,1134,6,1134,6,1,6,69
5,360,21.600000,0.000000,1,1,274577439,1134,6,1134,6,1,6,69
5,360,21.600000,0.000000,1,1,274577449,1134,6,1134,6,1,6,69
5,360,21.600000,0.000000,1,1,274577460,1134,6,1134,6,1,6,69
5,360,21.600000,0.000000,1,1,274577470,1134,6,1134,6,0,6,69
