5,360,82.800000,0.000000,0,0,274550179,780,0,780,0,0,6,49
5,360,82.800000,0.000000,0,0,274550180,780,0,780,0,0,6,49
5,360,82.800000,0.000000,0,0,274550199,780,0,780,0,0,6,49
5,360,82.800000,0.000000,0,0,274550209,780,0,780,0,0,6,49
5,360,82.800000,0.000000,0,0,274550220,780,0,780,0,0,6,49
5,360,82.800000,0.000000,0,0,274550232,781,0,781,0,0,6,49
5,360,82.800000,0.000000,0,0,274550244,785,0,785,-1,0,6,49
5,360,82.800000,0.000000,0,0,274550255,791,0,791,-2,0,6,49
5,360,82.800000,0.000000,0,0,274550268,801,0,801,-4,0,6,49
5,360,82.800000,0.000000,0,0,274550279,818,0,818,-7,0,6,49
5,360,82.800000,0.000000,0,0,274550290,838,0,838,-10,0,6,49
5,360,82.800000,0.000000,0,0,274550303,865,0,865,-14,0,6,49
5,360,82.800000,0.000000,0,0,274550314,901,0,901,-18,0,6,49
5,360,82.800000,0.000000,0,0,274550334,939,0,939,-22,0,6,49
5,360,82.800000,0.000000,0,0,274550345,1025,0,1025,-28,0,6,49
5,360,82.800000,0.000000,0,0,274550355,1065,0,1065,-30,0,6,49
5,360,82.800000,0.000000,0,0,274550366,1095,0,1095,-30,0,6,49
5,360,82.800000,0.000000,0,0,274550387,1118,0,1118,-31,0,6,49
5,360,82.800000,0.000000,0,0,274550398,1148,0,1148,-33,0,6,49
5,360,82.800000,0.000000,0,0,274550409,1155,0,1155,-33,0,6,49
5,360,82.800000,0.000000,0,0,274550420,1159,0,1159,-33,0,6,49
5,360,82.800000,0.000000,0,0,274550432,1162,0,1162,-34,0,6,49
5,360,82.800000,0.000000,0,0,274550443,1164,0,1164,-34,0,6,49
5,360,82.800000,0.000000,0,0,274550454,1167,0,1167,-34,0,6,49
5,360,82.800000,0.000000,0,0,274550465,1171,0,1171,-35,0,6,49
5,360,82.800000,0.000000,0,0,274550477,1176,0,1176,-36,0,6,49
5,360,82.800000,0.000000,0,0,274550489,1181,0,1181,-36,0,6,49
5,360,82.800000,0.000000,0,0,274550499,1185,0,1185,-37,0,6,49
5,360,82.800000,0.000000,0,0,274550511,1189,0,1189,-37,0,6,49
5,360,82.800000,0.000000,0,0,274550521,1192,0,1192,-38,0,6,49
5,360,82.800000,0.000000,0,0,274550532,1194,0,1194,-38,0,6,49
5,360,82.800000,0.000000,0,0,274550542,1195,0,1195,-38,0,6,49
5,360,82.800000,0.000000,0,0,274550553,1197,0,1197,-38,0,6,49
5,360,82.800000,0.000000,0,0,274550572,1197,0,1197,-38,0,6,49
5,360,82.800000,0.000000,0,0,274550583,1197,0,1197,-38,0,6,49
5,360,82.800000,0.000000,0,0,274550593,1197,0,1197,-38,0,6,49
5,360,82.800000,0.000000,0,0,274550604,1197,0,1197,-38,0,6,49
5,360,82.800000,0.000000,0,0,274550615,1197,0,1197,-38,0,6,49
5,360,82.800000,0.000000,0,0,274550625,1197,0,1197,-38,0,6,49
5,360,82.800000,0.000000,0,0,274550636,1197,0,1197,-38,0,6,49
5,360,82.800000,0.000000,0,0,274550646,1197,0,1197,-38,0,6,49
5,360,82.800000,0.000000,0,0,274550657,1197,0,1197,-38,0,6,49
5,360,82.800000,0.000000,0,0,274550669,1196,0,1196,-38,0,6,49
5,360,82.800000,0.000000,0,0,274550680,1194,0,1194,-39,0,6,49
5,360,82.800000,0.000000,0,0,274550691,1190,0,1190,-39,0,6,49
5,360,82.800000,0.000000,0,0,274550702,1183,0,1183,-39,0,6,49
5,360,82.800000,0.000000,0,0,274550712,1176,0,1176,-39,0,6,49
5,360,82.800000,0.000000,0,0,274550723,1169,0,1169,-39,0,6,49
5,360,82.800000,0.000000,0,0,274550735,1160,0,1160,-39,0,6,49
5,360,82.800000,0.000000,0,0,274550747,1150,0,1150,-39,0,6,49
5,360,82.800000,0.000000,0,0,274550758,1142,0,1142,-39,0,6,49
5,360,82.800000,0.000000,0,0,274550769,1138,0,1138,-40,0,6,49
5,360,82.800000,0.000000,0,0,274550780,1137,0,1137,-40,0,6,49
5,360,82.800000,0.000000,0,0,274550791,1137,0,1137,-40,0,6,49
5,360,82.800000,0.000000,0,0,274550802,1137,0,1137,-40,0,6,49
5,360,82.800000,0.000000,0,0,274550813,1137,0,1137,-40,0,6,49
5,360,82.800000,0.000000,0,0,274550823,1137,0,1137,-40,0,6,49
5,360,82.800000,0.000000,0,0,274550835,1137,0,1137,-40,0,6,49
5,360,82.800000,0.000000,0,0,274550845,1136,0,1136,-40,0,6,49
