5,360,50.400000,22.608000,1,0,274540842,780,0,780,0,0,6,42
5,360,50.400000,22.608000,1,0,274540842,780,0,780,0,0,6,42
5,360,50.400000,22.608000,1,0,274540853,780,0,780,0,0,6,42
5,360,50.400000,22.608000,1,0,274540863,780,0,780,0,0,6,42
5,360,50.400000,22.608000,1,0,274540873,780,0,780,0,0,6,42
5,360,50.400000,22.608000,1,0,274540884,780,0,780,0,0,6,42
5,360,50.400000,22.608000,1,0,274540894,780,0,780,0,0,6,42
5,360,50.400000,22.608000,1,0,274540904,780,0,780,0,0,6,42
5,360,50.400000,22.608000,1,0,274540916,780,0,780,0,0,6,42
5,360,50.400000,22.608000,1,0,274540929,783,0,783,0,0,6,42
5,360,50.400000,22.608000,1,0,274540941,792,0,792,-1,0,6,42
5,360,50.400000,22.608000,1,0,274540953,806,0,806,-2,0,6,42
5,360,50.400000,22.608000,1,0,274540964,825,0,825,-4,0,6,42
5,360,50.400000,22.608000,1,0,274540975,855,0,855,-4,0,6,42
5,360,50.400000,22.608000,1,0,274540986,887,0,887,-4,0,6,42
5,360,50.400000,22.608000,1,0,274540997,922,0,922,-4,0,6,42
5,360,50.400000,22.608000,1,0,274541008,961,0,961,-4,0,6,42
5,360,50.400000,22.608000,1,0,274541019,998,0,998,-4,0,6,42
5,360,50.400000,22.608000,1,0,274541031,1029,1,1029,-3,0,6,42
5,360,50.400000,22.608000,1,0,274541042,1054,1,1054,-3,0,6,42
5,360,50.400000,22.608000,1,0,274541053,1071,1,1071,-3,0,6,42
5,360,50.400000,22.608000,1,0,274541064,1082,1,1082,-3,0,6,42
5,360,50.400000,22.608000,1,0,274541075,1088,1,1088,-3,0,6,42
5,360,50.400000,22.608000,1,0,274541087,1091,1,1091,-3,0,6,42
5,360,50.400000,22.608000,1,0,274541099,1093,1,1093,-3,0,6,42
5,360,50.400000,22.608000,1,0,274541110,1094,1,1094,-3,0,6,42
5,360,50.400000,22.608000,1,0,274541120,1096,1,1096,-3,0,6,42
5,360,50.400000,22.608000,1,0,274541132,1098,1,1098,-3,0,6,42
5,360,50.400000,22.608000,1,0,274541143,1104,1,1104,-3,0,6,42
5,360,50.400000,22.608000,1,0,274541155,1112,1,1112,-3,0,6,42
5,360,50.400000,22.608000,1,0,274541167,1121,1,1121,-3,0,6,42
5,360,50.400000,22.608000,1,0,274541178,1130,1,1130,-3,0,6,42
5,360,50.400000,22.608000,1,0,274541189,1139,1,1139,-3,0,6,42
5,360,50.400000,22.608000,1,0,274541201,1147,1,1147,-3,0,6,42
5,360,50.400000,22.608000,1,0,274541212,1152,1,1152,-3,0,6,42
5,360,50.400000,22.608000,1,0,274541223,1156,1,1156,-3,0,6,42
5,360,50.400000,22.608000,1,0,274541236,1158,1,1158,-3,0,6,42
5,360,50.400000,22.608000,1,0,274541248,1160,1,1160,-3,0,6,42
5,360,50.400000,22.608000,1,0,274541271,1160,1,1160,-3,0,6,42
5,360,50.400000,22.608000,1,0,274541291,1160,1,1160,-3,0,6,42
5,360,50.400000,22.608000,1,0,274541312,1160,1,1160,-3,0,6,42
5,360,50.400000,22.608000,1,0,274541332,1160,1,1160,-3,0,6,42
5,360,50.400000,22.608000,1,0,274541343,1160,1,1160,-3,0,6,42
5,360,50.400000,22.608000,1,0,274541354,1160,1,1160,-3,0,6,42
5,360,50.400000,22.608000,1,0,274541365,1160,1,1160,-3,0,6,42
5,360,50.400000,22.608000,1,0,274541375,1160,1,1160,-3,0,6,42
5,360,50.400000,22.608000,1,0,274541386,1160,1,1160,-3,0,6,42
5,360,50.400000,22.608000,1,0,274541397,1160,1,1160,-3,0,6,42
5,360,50.400000,22.608000,1,0,274541408,1160,1,1160,-3,0,6,42
5,360,50.400000,22.608000,1,0,274541419,1159,1,1159,-3,0,6,42
5,360,50.400000,22.608000,1,0,274541431,1156,1,1156,-3,0,6,42
5,360,50.400000,22.608000,1,0,274541441,1154,1,1154,-3,0,6,42
5,360,50.400000,22.608000,1,0,274541453,1151,1,1151,-3,0,6,42
5,360,50.400000,22.608000,1,0,274541463,1150,1,1150,-3,0,6,42
5,360,50.400000,22.608000,1,0,274541474,1148,1,1148,-3,0,6,42
5,360,50.400000,22.608000,1,0,274541486,1146,1,1146,-3,0,6,42
5,360,50.400000,22.608000,1,0,274541507,1145,1,1145,-3,0,6,42
5,360,50.400000,22.608000,1,0,274541517,1145,1,1145,-3,0,6,42
5,360,50.400000,22.608000,1,0,274541528,1145,1,1145,-3,0,6,42
5,360,50.400000,22.608000,1,0,274541539,1145,1,1145,-3,0,6,42
5,360,50.400000,22.608000,1,0,274541550,1145,1,1145,-3,0,6,42
