5,360,21.600000,10000.000000,1,0,274610035,780,0,780,0,0,6,94
5,360,21.600000,10000.000000,1,0,274610036,780,0,780,0,0,6,94
5,360,21.600000,10000.000000,1,0,274610047,780,0,780,0,0,6,94
5,360,21.600000,10000.000000,1,0,274610058,780,0,780,0,0,6,94
5,360,21.600000,10000.000000,1,0,274610069,780,0,780,0,0,6,94
5,360,21.600000,10000.000000,1,0,274610079,780,0,780,0,0,6,94
5,360,21.600000,10000.000000,1,0,274610091,780,0,780,0,0,6,94
5,360,21.600000,10000.000000,1,0,274610102,781,0,781,0,0,6,94
5,360,21.600000,10000.000000,1,0,274610114,785,0,785,0,0,6,94
5,360,21.600000,10000.000000,1,0,274610126,794,0,794,0,0,6,94
5,360,21.600000,10000.000000,1,0,274610138,811,0,811,0,0,6,94
5,360,21.600000,10000.000000,1,0,274610149,833,0,833,-1,0,6,94
5,360,21.600000,10000.000000,1,0,274610161,859,0,859,-3,0,6,94
5,360,21.600000,10000.000000,1,0,274610173,899,0,899,-5,0,6,94
5,360,21.600000,10000.000000,1,0,274610184,939,0,939,-7,0,6,94
5,360,21.600000,10000.000000,1,0,274610198,979,0,979,-10,0,6,94
5,360,21.600000,10000.000000,1,0,274610210,1019,0,1019,-11,0,6,94
5,360,21.600000,10000.000000,1,0,274610222,1050,0,1050,-12,0,6,94
5,360,21.600000,10000.000000,1,0,274610233,1069,0,1069,-12,0,6,94
5,360,21.600000,10000.000000,1,0,274610245,1082,0,1082,-12,0,6,94
5,360,21.600000,10000.000000,1,0,274610257,1091,0,1091,-13,0,6,94
5,360,21.600000,10000.000000,1,0,274610270,1097,0,1097,-13,0,6,94
5,360,21.600000,10000.000000,1,0,274610281,1101,0,1101,-14,0,6,94
5,360,21.600000,10000.000000,1,0,274610293,1103,0,1103,-14,0,6,94
5,360,21.600000,10000.000000,1,0,274610304,1105,0,1105,-15,0,6,94
5,360,21.600000,10000.000000,1,0,274610315,1106,0,1106,-15,0,6,94
5,360,21.600000,10000.000000,1,0,274610326,1108,0,1108,-16,0,6,94
5,360,21.600000,10000.000000,1,0,274610336,1110,0,1110,-16,0,6,94
5,360,21.600000,10000.000000,1,0,274610348,1112,0,1112,-16,0,6,94
5,360,21.600000,10000.000000,1,0,274610359,1114,0,1114,-16,0,6,94
5,360,21.600000,10000.000000,1,0,274610370,1117,0,1117,-17,0,6,94
5,360,21.600000,10000.000000,1,0,274610381,1120,0,1120,-17,0,6,94
5,360,21.600000,10000.000000,1,0,274610393,1122,0,1122,-18,0,6,94
5,360,21.600000,10000.000000,1,0,274610405,1126,0,1126,-18,0,6,94
5,360,21.600000,10000.000000,1,0,274610416,1129,0,1129,-19,0,6,94
5,360,21.600000,10000.000000,1,0,274610427,1133,0,1133,-20,0,6,94
5,360,21.600000,10000.000000,1,0,274610439,1137,0,1137,-20,0,6,94
5,360,21.600000,10000.000000,1,0,274610450,1141,0,1141,-20,0,6,94
5,360,21.600000,10000.000000,1,0,274610460,1144,0,1144,-21,0,6,94
5,360,21.600000,10000.000000,1,0,274610471,1145,0,1145,-21,0,6,94
5,360,21.600000,10000.000000,1,0,274610481,1145,0,1145,-21,0,6,94
5,360,21.600000,10000.000000,1,0,274610492,1145,0,1145,-21,0,6,94
5,360,21.600000,10000.000000,1,0,274610504,1145,0,1145,-21,0,6,94
5,360,21.600000,10000.000000,1,0,274610514,1145,0,1145,-21,0,6,94
5,360,21.600000,10000.000000,1,0,274610525,1146,0,1146,-21,0,6,94
5,360,21.600000,10000.000000,1,0,274610535,1146,0,1146,-21,0,6,94
5,360,21.600000,10000.000000,1,0,274610546,1146,0,1146,-21,0,6,94
5,360,21.600000,10000.000000,1,0,274610558,1147,0,1147,-21,0,6,94
5,360,21.600000,10000.000000,1,0,274610569,1148,0,1148,-21,0,6,94
5,360,21.600000,10000.000000,1,0,274610590,1149,0,1149,-21,0,6,94
5,360,21.600000,10000.000000,1,0,274610611,1149,0,1149,-21,0,6,94
5,360,21.600000,10000.000000,1,0,274610622,1149,0,1149,-21,0,6,94
5,360,21.600000,10000.000000,1,0,274610634,1149,0,1149,-21,0,6,94
5,360,21.600000,10000.000000,1,0,274610656,1149,0,1149,-21,0,6,94
5,360,21.600000,10000.000000,1,0,274610668,1149,0,1149,-21,0,6,94
5,360,21.600000,10000.000000,1,0,274610688,1149,0,1149,-21,0,6,94
5,360,21.600000,10000.000000,1,0,274610698,1149,0,1149,-21,0,6,94
5,360,21.600000,10000.000000,1,0,274610708,1149,0,1149,-21,0,6,94
