5,720,82.800000,12.276000,1,0,274522455,600,0,600,0,0,6,28
5,720,82.800000,12.276000,1,0,274522455,600,0,600,0,0,6,28
5,720,82.800000,12.276000,1,0,274522467,600,0,600,0,0,6,28
5,720,82.800000,12.276000,1,0,274522476,600,0,600,0,0,6,28
5,720,82.800000,12.276000,1,0,274522488,600,0,600,0,0,6,28
5,720,82.800000,12.276000,1,0,274522498,600,0,600,0,0,6,28
5,720,82.800000,12.276000,1,0,274522509,603,0,603,0,0,6,28
5,720,82.800000,12.276000,1,0,274522520,611,0,611,-1,0,6,28
5,720,82.800000,12.276000,1,0,274522531,625,0,625,-3,0,6,28
5,720,82.800000,12.276000,1,0,274522551,645,0,645,-6,0,6,28
5,720,82.800000,12.276000,1,0,274522563,709,0,709,-12,0,6,28
5,720,82.800000,12.276000,1,0,274522573,763,0,763,-15,0,6,28
5,720,82.800000,12.276000,1,0,274522585,826,0,826,-17,0,6,28
5,720,82.800000,12.276000,1,0,274522606,898,0,898,-18,0,6,28
5,720,82.800000,12.276000,1,0,274522617,1017,0,1017,-20,0,6,28
5,720,82.800000,12.276000,1,0,274522628,1056,0,1056,-21,0,6,28
5,720,82.800000,12.276000,1,0,274522639,1081,0,1081,-23,0,6,28
5,720,82.800000,12.276000,1,0,274522650,1099,0,1099,-24,0,6,28
5,720,82.800000,12.276000,1,0,274522661,1112,0,1112,-25,0,6,28
5,720,82.800000,12.276000,1,0,274522672,1122,0,1122,-25,0,6,28
5,720,82.800000,12.276000,1,0,274522682,1133,0,1133,-25,0,6,28
5,720,82.800000,12.276000,1,0,274522693,1143,0,1143,-25,0,6,28
5,720,82.800000,12.276000,1,0,274522704,1156,0,1156,-25,0,6,28
5,720,82.800000,12.276000,1,0,274522724,1167,0,1167,-25,0,6,28
5,720,82.800000,12.276000,1,0,274522736,1185,0,1185,-26,0,6,28
5,720,82.800000,12.276000,1,0,274522746,1191,0,1191,-26,0,6,28
5,720,82.800000,12.276000,1,0,274522757,1196,0,1196,-26,0,6,28
5,720,82.800000,12.276000,1,0,274522768,1199,0,1199,-27,0,6,28
5,720,82.800000,12.276000,1,0,274522787,1202,0,1202,-27,0,6,28
5,720,82.800000,12.276000,1,0,274522799,1210,0,1210,-27,0,6,28
5,720,82.800000,12.276000,1,0,274522810,1217,0,1217,-28,0,6,28
5,720,82.800000,12.276000,1,0,274522821,1222,0,1222,-29,0,6,28
5,720,82.800000,12.276000,1,0,274522834,1228,0,1228,-29,0,6,28
5,720,82.800000,12.276000,1,0,274522847,1235,0,1235,-29,0,6,28
5,720,82.800000,12.276000,1,0,274522867,1242,0,1242,-30,0,6,28
5,720,82.800000,12.276000,1,0,274522889,1252,0,1252,-30,0,6,28
5,720,82.800000,12.276000,1,0,274522900,1266,0,1266,-31,0,6,28
5,720,82.800000,12.276000,1,0,274522912,1275,0,1275,-32,0,6,28
5,720,82.800000,12.276000,1,0,274522933,1289,0,1289,-32,0,6,28
5,720,82.800000,12.276000,1,0,274522944,1315,0,1315,-32,0,6,28
5,720,82.800000,12.276000,1,0,274522955,1322,0,1322,-32,0,6,28
5,720,82.800000,12.276000,1,0,274522974,1327,0,1327,-32,0,6,28
5,720,82.800000,12.276000,1,0,274522985,1330,0,1330,-32,0,6,28
5,720,82.800000,12.276000,1,0,274523004,1330,0,1330,-32,0,6,28
5,720,82.800000,12.276000,1,0,274523015,1330,0,1330,-32,0,6,28
5,720,82.800000,12.276000,1,0,274523026,1330,0,1330,-32,0,6,28
5,720,82.800000,12.276000,1,0,274523037,1330,0,1330,-32,0,6,28
