5,720,82.800000,42.984000,0,0,274516659,600,0,600,0,0,6,24
5,720,82.800000,42.984000,0,0,274516660,600,0,600,0,0,6,24
5,720,82.800000,42.984000,0,0,274516672,600,0,600,0,0,6,24
5,720,82.800000,42.984000,0,0,274516693,600,0,600,0,0,6,24
5,720,82.800000,42.984000,0,0,274516703,600,0,600,0,0,6,24
5,720,82.800000,42.984000,0,0,274516714,601,0,601,0,0,6,24
5,720,82.800000,42.984000,0,0,274516734,607,0,607,-1,0,6,24
5,720,82.800000,42.984000,0,0,274516745,632,0,632,-3,0,6,24
5,720,82.800000,42.984000,0,0,274516757,664,0,664,-6,0,6,24
5,720,82.800000,42.984000,0,0,274516769,710,0,710,-9,0,6,24
5,720,82.800000,42.984000,0,0,274516780,770,0,770,-10,0,6,24
5,720,82.800000,42.984000,0,0,274516791,831,0,831,-11,0,6,24
5,720,82.800000,42.984000,0,0,274516802,901,0,901,-14,0,6,24
5,720,82.800000,42.984000,0,0,274516812,977,0,977,-14,0,6,24
5,720,82.800000,42.984000,0,0,274516824,1034,0,1034,-15,0,6,24
5,720,82.800000,42.984000,0,0,274516834,1088,0,1088,-15,0,6,24
5,720,82.800000,42.984000,0,0,274516845,1143,0,1143,-16,0,6,24
5,720,82.800000,42.984000,0,0,274516856,1183,0,1183,-16,0,6,24
5,720,82.800000,42.984000,0,0,274516868,1210,0,1210,-16,0,6,24
5,720,82.800000,42.984000,0,0,274516879,1230,0,1230,-16,0,6,24
5,720,82.800000,42.984000,0,0,274516891,1241,0,1241,-17,0,6,24
5,720,82.800000,42.984000,0,0,274516902,1248,0,1248,-18,0,6,24
5,720,82.800000,42.984000,0,0,274516914,1251,0,1251,-18,0,6,24
5,720,82.800000,42.984000,0,0,274516925,1255,0,1255,-18,0,6,24
5,720,82.800000,42.984000,0,0,274516938,1258,0,1258,-19,0,6,24
5,720,82.800000,42.984000,0,0,274516949,1263,0,1263,-19,0,6,24
5,720,82.800000,42.984000,0,0,274516961,1268,0,1268,-20,0,6,24
5,720,82.800000,42.984000,0,0,274516972,1273,0,1273,-20,0,6,24
5,720,82.800000,42.984000,0,0,274516983,1277,0,1277,-21,0,6,24
5,720,82.800000,42.984000,0,0,274516995,1279,0,1279,-22,0,6,24
5,720,82.800000,42.984000,0,0,274517014,1281,0,1281,-22,0,6,24
5,720,82.800000,42.984000,0,0,274517024,1283,0,1283,-23,0,6,24
5,720,82.800000,42.984000,0,0,274517034,1286,0,1286,-23,0,6,24
5,720,82.800000,42.984000,0,0,274517048,1291,0,1291,-23,0,6,24
5,720,82.800000,42.984000,0,0,274517058,1300,0,1300,-24,0,6,24
5,720,82.800000,42.984000,0,0,274517077,1312,0,1312,-24,0,6,24
5,720,82.800000,42.984000,0,0,274517088,1327,0,1327,-26,0,6,24
5,720,82.800000,42.984000,0,0,274517098,1333,0,1333,-27,0,6,24
5,720,82.800000,42.984000,0,0,274517108,1335,0,1335,-27,0,6,24
5,720,82.800000,42.984000,0,0,274517118,1335,0,1335,-27,0,6,24
5,720,82.800000,42.984000,0,0,274517130,1335,0,1335,-27,0,6,24
5,720,82.800000,42.984000,0,0,274517140,1335,0,1335,-27,0,6,24
5,720,82.800000,42.984000,0,0,274517149,1335,0,1335,-27,0,6,24
5,720,82.800000,42.984000,0,0,274517160,1335,0,1335,-27,0,6,24
5,720,82.800000,42.984000,0,0,274517170,1335,0,1335,-27,0,6,24
5,720,82.800000,42.984000,0,0,274517182,1335,0,1335,-27,0,6,24
5,720,82.800000,42.984000,0,0,274517191,1335,0,1335,-27,0,6,24
5,720,82.800000,42.984000,0,0,274517201,1335,0,1335,-27,0,6,24
5,720,82.800000,42.984000,0,0,274517213,1335,0,1335,-27,0,6,24
5,720,82.800000,42.984000,0,0,274517225,1335,0,1335,-27,0,6,24
5,720,82.800000,42.984000,0,0,274517236,1335,0,1335,-27,0,6,24
5,720,82.800000,42.984000,0,0,274517256,1335,0,1335,-27,0,6,24
5,720,82.800000,42.984000,0,0,274517266,1335,0,1335,-27,0,6,24
5,720,82.800000,42.984000,0,0,274517277,1335,0,1335,-27,0,6,24
5,720,82.800000,42.984000,0,0,274517287,1335,0,1335,-27,0,6,24
5,720,82.800000,42.984000,0,0,274517297,1335,0,1335,-27,0,6,24
5,720,82.800000,42.984000,0,0,274517307,1335,0,1335,-27,0,6,24
5,720,82.800000,42.984000,0,0,274517317,1335,0,1335,-27,0,6,24
