5,360,21.600000,12.276000,1,0,274587062,780,0,780,0,0,6,77
5,360,21.600000,12.276000,1,0,274587063,780,0,780,0,0,6,77
5,360,21.600000,12.276000,1,0,274587074,780,0,780,0,0,6,77
5,360,21.600000,12.276000,1,0,274587086,780,0,780,0,0,6,77
5,360,21.600000,12.276000,1,0,274587105,780,0,780,0,0,6,77
5,360,21.600000,12.276000,1,0,274587115,780,0,780,0,0,6,77
5,360,21.600000,12.276000,1,0,274587127,782,0,782,0,0,6,77
5,360,21.600000,12.276000,1,0,274587140,787,0,787,0,0,6,77
5,360,21.600000,12.276000,1,0,274587151,798,0,798,0,0,6,77
5,360,21.600000,12.276000,1,0,274587162,816,0,816,-1,0,6,77
5,360,21.600000,12.276000,1,0,274587173,838,0,838,-2,0,6,77
5,360,21.600000,12.276000,1,0,274587184,870,0,870,-3,0,6,77
5,360,21.600000,12.276000,1,0,274587195,901,0,901,-4,0,6,77
5,360,21.600000,12.276000,1,0,274587214,935,0,935,-5,0,6,77
5,360,21.600000,12.276000,1,0,274587225,987,0,987,-5,0,6,77
5,360,21.600000,12.276000,1,0,274587237,1010,0,1010,-5,0,6,77
5,360,21.600000,12.276000,1,0,274587248,1024,0,1024,-5,0,6,77
5,360,21.600000,12.276000,1,0,274587258,1031,0,1031,-6,0,6,77
5,360,21.600000,12.276000,1,0,274587269,1035,0,1035,-6,0,6,77
5,360,21.600000,12.276000,1,0,274587280,1038,0,1038,-7,0,6,77
5,360,21.600000,12.276000,1,0,274587291,1041,0,1041,-8,0,6,77
5,360,21.600000,12.276000,1,0,274587301,1042,0,1042,-8,0,6,77
5,360,21.600000,12.276000,1,0,274587322,1043,0,1043,-8,0,6,77
5,360,21.600000,12.276000,1,0,274587333,1049,0,1049,-8,0,6,77
5,360,21.600000,12.276000,1,0,274587344,1053,0,1053,-8,0,6,77
5,360,21.600000,12.276000,1,0,274587355,1058,0,1058,-9,0,6,77
5,360,21.600000,12.276000,1,0,274587370,1064,0,1064,-9,0,6,77
5,360,21.600000,12.276000,1,0,274587380,1069,0,1069,-10,0,6,77
5,360,21.600000,12.276000,1,0,274587400,1073,0,1073,-10,0,6,77
5,360,21.600000,12.276000,1,0,274587410,1080,0,1080,-11,0,6,77
5,360,21.600000,12.276000,1,0,274587422,1082,0,1082,-12,0,6,77
5,360,21.600000,12.276000,1,0,274587432,1084,0,1084,-12,0,6,77
5,360,21.600000,12.276000,1,0,274587443,1087,0,1087,-12,0,6,77
5,360,21.600000,12.276000,1,0,274587466,1089,0,1089,-13,0,6,77
5,360,21.600000,12.276000,1,0,274587477,1098,0,1098,-14,0,6,77
5,360,21.600000,12.276000,1,0,274587488,1103,0,1103,-14,0,6,77
5,360,21.600000,12.276000,1,0,274587499,1108,0,1108,-15,0,6,77
5,360,21.600000,12.276000,1,0,274587509,1114,0,1114,-15,0,6,77
5,360,21.600000,12.276000,1,0,274587520,1120,0,1120,-16,0,6,77
5,360,21.600000,12.276000,1,0,274587533,1128,0,1128,-17,0,6,77
5,360,21.600000,12.276000,1,0,274587543,1136,0,1136,-18,0,6,77
5,360,21.600000,12.276000,1,0,274587563,1144,0,1144,-18,0,6,77
5,360,21.600000,12.276000,1,0,274587574,1151,0,1151,-19,0,6,77
5,360,21.600000,12.276000,1,0,274587584,1151,0,1151,-19,0,6,77
5,360,21.600000,12.276000,1,0,274587595,1151,0,1151,-19,0,6,77
5,360,21.600000,12.276000,1,0,274587605,1151,0,1151,-19,0,6,77
5,360,21.600000,12.276000,1,0,274587616,1151,0,1151,-19,0,6,77
5,360,21.600000,12.276000,1,0,274587625,1151,0,1151,-19,0,6,77
5,360,21.600000,12.276000,1,0,274587636,1151,0,1151,-19,0,6,77
5,360,21.600000,12.276000,1,0,274587647,1151,0,1151,-19,0,6,77
5,360,21.600000,12.276000,1,0,274587656,1151,0,1151,-19,0,6,77
5,360,21.600000,12.276000,1,0,274587667,1151,0,1151,-19,0,6,77
5,360,21.600000,12.276000,1,0,274587678,1151,0,1151,-19,0,6,77
5,360,21.600000,12.276000,1,0,274587688,1151,0,1151,-19,0,6,77
5,360,21.600000,12.276000,1,0,274587698,1151,0,1151,-19,0,6,77
5,360,21.600000,12.276000,1,0,274587709,1151,0,1151,-19,0,6,77
5,360,21.600000,12.276000,1,0,274587719,1151,0,1151,-19,0,6,77
5,360,21.600000,12.276000,1,0,274587730,1151,0,1151,-19,0,6,77
5,360,21.600000,12.276000,1,0,274587740,1151,0,1151,-19,0,6,77
5,360,21.600000,12.276000,1,0,274587750,1151,0,1151,-19,0,6,77
5,360,21.600000,12.276000,1,0,274587761,1151,0,1151,-19,0,6,77
5,360,21.600000,12.276000,1,0,274587771,1151,0,1151,-19,0,6,77
5,360,21.600000,12.276000,1,0,274587782,1151,0,1151,-19,0,6,77
5,360,21.600000,12.276000,1,0,274587792,1151,0,1151,-19,0,6,77
5,360,21.600000,12.276000,1,0,274587802,1150,0,1150,-19,0,6,77
5,360,21.600000,12.276000,1,0,274587812,1150,0,1150,-19,0,6,77
5,360,21.600000,12.276000,1,0,274587823,1149,0,1149,-19,0,6,77
5,360,21.600000,12.276000,1,0,274587833,1149,0,1149,-19,0,6,77
5,360,21.600000,12.276000,1,0,274587843,1149,0,1149,-19,0,6,77
5,360,21.600000,12.276000,1,0,274587853,1149,0,1149,-19,0,6,77
5,360,21.600000,12.276000,1,0,274587863,1149,0,1149,-19,0,6,77
5,360,21.600000,12.276000,1,0,274587874,1149,0,1149,-19,0,6,77
5,360,21.600000,12.276000,1,0,274587892,1149,0,1149,-19,0,6,77
