5,360,21.600000,22.608000,0,1,274543450,780,22,780,22,0,6,44
5,360,21.600000,22.608000,0,1,274543451,780,22,780,22,0,6,44
5,360,21.600000,22.608000,0,1,274543461,780,22,780,22,0,6,44
5,360,21.600000,22.608000,0,1,274543472,780,22,780,22,0,6,44
5,360,21.600000,22.608000,0,1,274543483,780,22,780,22,0,6,44
5,360,21.600000,22.608000,0,1,274543494,780,22,780,22,0,6,44
5,360,21.600000,22.608000,0,1,274543506,783,21,783,21,0,6,44
5,360,21.600000,22.608000,0,1,274543517,790,19,790,19,0,6,44
5,360,21.600000,22.608000,0,1,274543531,802,17,802,17,0,6,44
5,360,21.600000,22.608000,0,1,274543542,822,14,822,14,0,6,44
5,360,21.600000,22.608000,0,1,274543552,849,11,849,11,0,6,44
5,360,21.600000,22.608000,0,1,274543563,882,8,882,8,0,6,44
5,360,21.600000,22.608000,0,1,274543583,927,8,927,8,0,6,44
5,360,21.600000,22.608000,0,1,274543594,1014,7,1014,7,0,6,44
5,360,21.600000,22.608000,0,1,274543606,1051,7,1051,7,0,6,44
5,360,21.600000,22.608000,0,1,274543616,1075,7,1075,7,0,6,44
5,360,21.600000,22.608000,0,1,274543628,1094,6,1094,6,0,6,44
5,360,21.600000,22.608000,0,1,274543639,1106,6,1106,6,0,6,44
5,360,21.600000,22.608000,0,1,274543649,1111,6,1111,6,0,6,44
5,360,21.600000,22.608000,0,1,274543661,1114,5,1114,5,0,6,44
5,360,21.600000,22.608000,0,1,274543671,1115,5,1115,5,0,6,44
5,360,21.600000,22.608000,0,1,274543682,1116,5,1116,5,0,6,44
5,360,21.600000,22.608000,0,1,274543694,1117,5,1117,5,0,6,44
5,360,21.600000,22.608000,0,1,274543704,1118,5,1118,5,0,6,44
5,360,21.600000,22.608000,0,1,274543715,1119,5,1119,5,0,6,44
5,360,21.600000,22.608000,0,1,274543726,1120,5,1120,5,0,6,44
5,360,21.600000,22.608000,0,1,274543736,1121,5,1121,5,0,6,44
5,360,21.600000,22.608000,0,1,274543747,1122,4,1122,4,0,6,44
5,360,21.600000,22.608000,0,1,274543758,1123,4,1123,4,0,6,44
5,360,21.600000,22.608000,0,1,274543769,1124,4,1124,4,0,6,44
5,360,21.600000,22.608000,0,1,274543780,1125,4,1125,4,0,6,44
5,360,21.600000,22.608000,0,1,274543790,1125,4,1125,4,0,6,44
5,360,21.600000,22.608000,0,1,274543801,1125,4,1125,4,0,6,44
5,360,21.600000,22.608000,0,1,274543811,1125,4,1125,4,0,6,44
5,360,21.600000,22.608000,0,1,274543822,1125,4,1125,4,0,6,44
5,360,21.600000,22.608000,0,1,274543834,1126,4,1126,4,0,6,44
5,360,21.600000,22.608000,0,1,274543844,1127,4,1127,4,0,6,44
5,360,21.600000,22.608000,0,1,274543863,1129,4,1129,4,0,6,44
5,360,21.600000,22.608000,0,1,274543874,1134,4,1134,4,0,6,44
5,360,21.600000,22.608000,0,1,274543885,1136,3,1136,3,0,6,44
5,360,21.600000,22.608000,0,1,274543898,1138,3,1138,3,0,6,44
5,360,21.600000,22.608000,0,1,274543910,1141,3,1141,3,0,6,44
5,360,21.600000,22.608000,0,1,274543920,1144,3,1144,3,0,6,44
5,360,21.600000,22.608000,0,1,274543932,1146,3,1146,3,0,6,44
5,360,21.600000,22.608000,0,1,274543942,1147,2,1147,2,0,6,44
5,360,21.600000,22.608000,0,1,274543952,1148,2,1148,2,0,6,44
5,360,21.600000,22.608000,0,1,274543963,1149,2,1149,2,0,6,44
5,360,21.600000,22.608000,0,1,274543974,1149,2,1149,2,0,6,44
5,360,21.600000,22.608000,0,1,274543985,1149,2,1149,2,0,6,44
5,360,21.600000,22.608000,0,1,274543996,1149,2,1149,2,0,6,44
5,360,21.600000,22.608000,0,1,274544007,1150,2,1150,2,0,6,44
5,360,21.600000,22.608000,0,1,274544018,1150,2,1150,2,0,6,44
5,360,21.600000,22.608000,0,1,274544030,1150,2,1150,2,0,6,44
5,360,21.600000,22.608000,0,1,274544051,1150,2,1150,2,0,6,44
5,360,21.600000,22.608000,0,1,274544070,1150,2,1150,2,0,6,44
