5,720,82.800000,0.000000,0,0,274620550,600,0,600,0,0,6,102
5,720,82.800000,0.000000,0,0,274620551,600,0,600,0,0,6,102
5,720,82.800000,0.000000,0,0,274620562,600,0,600,0,0,6,102
5,720,82.800000,0.000000,0,0,274620573,600,0,600,0,0,6,102
5,720,82.800000,0.000000,0,0,274620584,600,0,600,0,0,6,102
5,720,82.800000,0.000000,0,0,274620595,600,0,600,0,0,6,102
5,720,82.800000,0.000000,0,0,274620606,601,0,601,0,0,6,102
5,720,82.800000,0.000000,0,0,274620618,605,0,605,0,0,6,102
5,720,82.800000,0.000000,0,0,274620631,615,0,615,-1,0,6,102
5,720,82.800000,0.000000,0,0,274620642,636,0,636,-5,0,6,102
5,720,82.800000,0.000000,0,0,274620652,663,0,663,-9,0,6,102
5,720,82.800000,0.000000,0,0,274620663,707,0,707,-15,0,6,102
5,720,82.800000,0.000000,0,0,274620676,761,0,761,-20,0,6,102
5,720,82.800000,0.000000,0,0,274620689,840,0,840,-27,0,6,102
5,720,82.800000,0.000000,0,0,274620710,923,0,923,-33,0,6,102
5,720,82.800000,0.000000,0,0,274620722,1059,0,1059,-41,0,6,102
5,720,82.800000,0.000000,0,0,274620733,1129,0,1129,-45,0,6,102
5,720,82.800000,0.000000,0,0,274620746,1173,0,1173,-47,0,6,102
5,720,82.800000,0.000000,0,0,274620759,1213,0,1213,-48,0,6,102
5,720,82.800000,0.000000,0,0,274620770,1240,0,1240,-49,0,6,102
5,720,82.800000,0.000000,0,0,274620782,1253,0,1253,-50,0,6,102
5,720,82.800000,0.000000,0,0,274620793,1263,0,1263,-51,0,6,102
5,720,82.800000,0.000000,0,0,274620814,1267,0,1267,-51,0,6,102
5,720,82.800000,0.000000,0,0,274620825,1269,0,1269,-51,0,6,102
5,720,82.800000,0.000000,0,0,274620836,1271,0,1271,-51,0,6,102
5,720,82.800000,0.000000,0,0,274620847,1271,0,1271,-51,0,6,102
5,720,82.800000,0.000000,0,0,274620859,1271,0,1271,-51,0,6,102
5,720,82.800000,0.000000,0,0,274620870,1271,0,1271,-51,0,6,102
5,720,82.800000,0.000000,0,0,274620880,1271,0,1271,-52,0,6,102
5,720,82.800000,0.000000,0,0,274620892,1272,0,1272,-52,0,6,102
5,720,82.800000,0.000000,0,0,274620902,1273,0,1273,-53,0,6,102
5,720,82.800000,0.000000,0,0,274620913,1274,0,1274,-53,0,6,102
5,720,82.800000,0.000000,0,0,274620923,1274,0,1274,-53,0,6,102
5,720,82.800000,0.000000,0,0,274620934,1274,0,1274,-53,0,6,102
5,720,82.800000,0.000000,0,0,274620944,1274,0,1274,-53,0,6,102
5,720,82.800000,0.000000,0,0,274620955,1274,0,1274,-53,0,6,102
5,720,82.800000,0.000000,0,0,274620965,1274,0,1274,-53,0,6,102
5,720,82.800000,0.000000,0,0,274620975,1274,0,1274,-53,0,6,102
5,720,82.800000,0.000000,0,0,274620986,1276,0,1276,-54,0,6,102
5,720,82.800000,0.000000,0,0,274620998,1279,0,1279,-54,0,6,102
5,720,82.800000,0.000000,0,0,274621009,1283,0,1283,-54,0,6,102
5,720,82.800000,0.000000,0,0,274621019,1286,0,1286,-55,0,6,102
5,720,82.800000,0.000000,0,0,274621040,1288,0,1288,-56,0,6,102
5,720,82.800000,0.000000,0,0,274621050,1292,0,1292,-57,0,6,102
5,720,82.800000,0.000000,0,0,274621061,1295,0,1295,-57,0,6,102
5,720,82.800000,0.000000,0,0,274621072,1298,0,1298,-57,0,6,102
5,720,82.800000,0.000000,0,0,274621082,1303,0,1303,-57,0,6,102
5,720,82.800000,0.000000,0,0,274621094,1307,0,1307,-58,0,6,102
5,720,82.800000,0.000000,0,0,274621104,1312,0,1312,-59,0,6,102
5,720,82.800000,0.000000,0,0,274621115,1316,0,1316,-60,0,6,102
5,720,82.800000,0.000000,0,0,274621126,1319,0,1319,-60,0,6,102
5,720,82.800000,0.000000,0,0,274621136,1322,0,1322,-61,0,6,102
5,720,82.800000,0.000000,0,0,274621147,1323,0,1323,-61,0,6,102
5,720,82.800000,0.000000,0,0,274621157,1324,0,1324,-61,0,6,102
5,720,82.800000,0.000000,0,0,274621167,1324,0,1324,-61,0,6,102
