5,360,50.400000,0.000000,0,1,274583311,780,22,780,22,0,6,74
5,360,50.400000,0.000000,0,1,274583312,780,22,780,22,0,6,74
5,360,50.400000,0.000000,0,1,274583322,780,22,780,22,0,6,74
5,360,50.400000,0.000000,0,1,274583334,780,22,780,22,0,6,74
5,360,50.400000,0.000000,0,1,274583345,780,22,780,22,0,6,74
5,360,50.400000,0.000000,0,1,274583357,780,22,780,22,0,6,74
5,360,50.400000,0.000000,0,1,274583368,780,22,780,22,0,6,74
5,360,50.400000,0.000000,0,1,274583380,780,22,780,22,0,6,74
5,360,50.400000,0.000000,0,1,274583391,782,22,782,22,0,6,74
5,360,50.400000,0.000000,0,1,274583404,789,20,789,20,0,6,74
5,360,50.400000,0.000000,0,1,274583415,804,18,804,18,0,6,74
5,360,50.400000,0.000000,0,1,274583426,824,15,824,15,0,6,74
5,360,50.400000,0.000000,0,1,274583437,849,12,849,12,0,6,74
5,360,50.400000,0.000000,0,1,274583448,886,9,886,9,0,6,74
5,360,50.400000,0.000000,0,1,274583460,924,6,924,6,0,6,74
5,360,50.400000,0.000000,0,1,274583471,971,0,971,0,0,6,74
5,360,50.400000,0.000000,0,1,274583482,1016,0,1016,-5,0,6,74
5,360,50.400000,0.000000,0,1,274583494,1055,0,1055,-10,0,6,74
5,360,50.400000,0.000000,0,1,274583506,1089,0,1089,-14,0,6,74
5,360,50.400000,0.000000,0,1,274583518,1112,0,1112,-16,0,6,74
5,360,50.400000,0.000000,0,1,274583530,1122,0,1122,-18,0,6,74
5,360,50.400000,0.000000,0,1,274583542,1127,0,1127,-20,0,6,74
5,360,50.400000,0.000000,0,1,274583564,1128,0,1128,-20,0,6,74
5,360,50.400000,0.000000,0,1,274583575,1128,0,1128,-20,0,6,74
5,360,50.400000,0.000000,0,1,274583588,1130,0,1130,-21,0,6,74
5,360,50.400000,0.000000,0,1,274583599,1133,0,1133,-21,0,6,74
5,360,50.400000,0.000000,0,1,274583610,1137,0,1137,-22,0,6,74
5,360,50.400000,0.000000,0,1,274583621,1140,0,1140,-22,0,6,74
5,360,50.400000,0.000000,0,1,274583632,1142,0,1142,-23,0,6,74
5,360,50.400000,0.000000,0,1,274583643,1144,0,1144,-24,0,6,74
5,360,50.400000,0.000000,0,1,274583654,1145,0,1145,-24,0,6,74
5,360,50.400000,0.000000,0,1,274583664,1145,0,1145,-24,0,6,74
5,360,50.400000,0.000000,0,1,274583675,1145,0,1145,-24,0,6,74
5,360,50.400000,0.000000,0,1,274583686,1145,0,1145,-24,0,6,74
5,360,50.400000,0.000000,0,1,274583698,1145,0,1145,-24,0,6,74
5,360,50.400000,0.000000,0,1,274583709,1145,0,1145,-24,0,6,74
5,360,50.400000,0.000000,0,1,274583720,1145,0,1145,-24,0,6,74
5,360,50.400000,0.000000,0,1,274583731,1145,0,1145,-24,0,6,74
5,360,50.400000,0.000000,0,1,274583741,1145,0,1145,-24,0,6,74
5,360,50.400000,0.000000,0,1,274583752,1145,0,1145,-24,0,6,74
5,360,50.400000,0.000000,0,1,274583762,1145,0,1145,-24,0,6,74
5,360,50.400000,0.000000,0,1,274583773,1145,0,1145,-24,0,6,74
5,360,50.400000,0.000000,0,1,274583783,1145,0,1145,-24,0,6,74
