5,720,82.800000,12.276000,1,0,274677373,600,0,600,0,0,7,20
5,720,82.800000,12.276000,1,0,274677374,600,0,600,0,0,7,20
5,720,82.800000,12.276000,1,0,274677384,600,0,600,0,0,7,20
5,720,82.800000,12.276000,1,0,274677396,600,0,600,0,0,7,20
5,720,82.800000,12.276000,1,0,274677407,600,0,600,0,0,7,20
5,720,82.800000,12.276000,1,0,274677418,600,0,600,0,0,7,20
5,720,82.800000,12.276000,1,0,274677429,600,0,600,0,0,7,20
5,720,82.800000,12.276000,1,0,274677441,602,0,602,0,0,7,20
5,720,82.800000,12.276000,1,0,274677453,606,0,606,0,0,7,20
5,720,82.800000,12.276000,1,0,274677464,616,0,616,0,0,7,20
5,720,82.800000,12.276000,1,0,274677476,634,0,634,-1,0,7,20
5,720,82.800000,12.276000,1,0,274677487,669,0,669,-2,0,7,20
5,720,82.800000,12.276000,1,0,274677497,714,0,714,-4,0,7,20
5,720,82.800000,12.276000,1,0,274677509,764,0,764,-6,0,7,20
5,720,82.800000,12.276000,1,0,274677520,830,0,830,-8,0,7,20
5,720,82.800000,12.276000,1,0,274677530,900,0,900,-11,0,7,20
5,720,82.800000,12.276000,1,0,274677543,971,0,971,-14,0,7,20
5,720,82.800000,12.276000,1,0,274677555,1049,0,1049,-16,0,7,20
5,720,82.800000,12.276000,1,0,274677566,1108,0,1108,-17,0,7,20
5,720,82.800000,12.276000,1,0,274677576,1164,0,1164,-17,0,7,20
5,720,82.800000,12.276000,1,0,274677595,1204,0,1204,-17,0,7,20
5,720,82.800000,12.276000,1,0,274677606,1264,0,1264,-17,0,7,20
5,720,82.800000,12.276000,1,0,274677617,1283,0,1283,-17,0,7,20
5,720,82.800000,12.276000,1,0,274677628,1299,0,1299,-17,0,7,20
5,720,82.800000,12.276000,1,0,274677639,1309,0,1309,-17,0,7,20
5,720,82.800000,12.276000,1,0,274677650,1319,0,1319,-17,0,7,20
5,720,82.800000,12.276000,1,0,274677662,1325,0,1325,-17,0,7,20
5,720,82.800000,12.276000,1,0,274677673,1329,0,1329,-17,0,7,20
5,720,82.800000,12.276000,1,0,274677684,1333,0,1333,-17,0,7,20
5,720,82.800000,12.276000,1,0,274677695,1336,0,1336,-18,0,7,20
5,720,82.800000,12.276000,1,0,274677707,1340,0,1340,-19,0,7,20
5,720,82.800000,12.276000,1,0,274677718,1345,0,1345,-20,0,7,20
5,720,82.800000,12.276000,1,0,274677730,1350,0,1350,-21,0,7,20
5,720,82.800000,12.276000,1,0,274677741,1354,0,1354,-23,0,7,20
5,720,82.800000,12.276000,1,0,274677752,1357,0,1357,-24,0,7,20
5,720,82.800000,12.276000,1,0,274677763,1358,0,1358,-25,0,7,20
5,720,82.800000,12.276000,1,0,274677773,1358,0,1358,-25,0,7,20
5,720,82.800000,12.276000,1,0,274677784,1358,0,1358,-25,0,7,20
5,720,82.800000,12.276000,1,0,274677796,1358,0,1358,-25,0,7,20
5,720,82.800000,12.276000,1,0,274677807,1358,0,1358,-25,0,7,20
5,720,82.800000,12.276000,1,0,274677818,1358,0,1358,-25,0,7,20
5,720,82.800000,12.276000,1,0,274677829,1358,0,1358,-25,0,7,20
5,720,82.800000,12.276000,1,0,274677839,1358,0,1358,-25,0,7,20
5,720,82.800000,12.276000,1,0,274677850,1358,0,1358,-25,0,7,20
5,720,82.800000,12.276000,1,0,274677861,1358,0,1358,-25,0,7,20
5,720,82.800000,12.276000,1,0,274677872,1358,0,1358,-26,0,7,20
5,720,82.800000,12.276000,1,0,274677883,1356,0,1356,-26,0,7,20
5,720,82.800000,12.276000,1,0,274677894,1354,0,1354,-27,0,7,20
5,720,82.800000,12.276000,1,0,274677904,1352,0,1352,-27,0,7,20
5,720,82.800000,12.276000,1,0,274677915,1350,0,1350,-27,0,7,20
5,720,82.800000,12.276000,1,0,274677926,1348,0,1348,-28,0,7,20
5,720,82.800000,12.276000,1,0,274677938,1347,0,1347,-28,0,7,20
5,720,82.800000,12.276000,1,0,274677957,1344,0,1344,-29,0,7,20
5,720,82.800000,12.276000,1,0,274677978,1339,0,1339,-29,0,7,20
5,720,82.800000,12.276000,1,0,274677989,1334,0,1334,-29,0,7,20
5,720,82.800000,12.276000,1,0,274678000,1332,0,1332,-29,0,7,20
5,720,82.800000,12.276000,1,0,274678011,1331,0,1331,-29,0,7,20
5,720,82.800000,12.276000,1,0,274678022,1331,0,1331,-29,0,7,20
5,720,82.800000,12.276000,1,0,274678032,1331,0,1331,-29,0,7,20
5,720,82.800000,12.276000,1,0,274678042,1331,0,1331,-29,0,7,20
5,720,82.800000,12.276000,1,0,274678053,1331,0,1331,-29,0,7,20
5,720,82.800000,12.276000,1,0,274678063,1331,0,1331,-29,0,7,20
5,720,82.800000,12.276000,1,0,274678073,1331,0,1331,-29,0,7,20
5,720,82.800000,12.276000,1,0,274678083,1331,0,1331,-29,0,7,20
5,720,82.800000,12.276000,1,0,274678094,1331,0,1331,-29,0,7,20
5,720,82.800000,12.276000,1,0,274678104,1331,0,1331,-29,0,7,20
5,720,82.800000,12.276000,1,0,274678114,1331,0,1331,-29,0,7,20
5,720,82.800000,12.276000,1,0,274678125,1331,0,1331,-29,0,7,20
5,720,82.800000,12.276000,1,0,274678135,1331,0,1331,-29,0,7,20
5,720,82.800000,12.276000,1,0,274678145,1331,0,1331,-29,0,7,20
5,720,82.800000,12.276000,1,0,274678155,1331,0,1331,-29,0,7,20
