5,360,82.800000,10000.000000,0,0,274704804,780,0,780,0,0,7,35
5,360,82.800000,10000.000000,0,0,274704805,780,0,780,0,0,7,35
5,360,82.800000,10000.000000,0,0,274704816,781,0,781,0,0,7,35
5,360,82.800000,10000.000000,0,0,274704837,782,0,782,0,0,7,35
5,360,82.800000,10000.000000,0,0,274704847,782,0,782,0,0,7,35
5,360,82.800000,10000.000000,0,0,274704859,782,0,782,0,0,7,35
5,360,82.800000,10000.000000,0,0,274704869,785,0,785,0,0,7,35
5,360,82.800000,10000.000000,0,0,274704881,791,0,791,-1,0,7,35
5,360,82.800000,10000.000000,0,0,274704894,801,0,801,-2,0,7,35
5,360,82.800000,10000.000000,0,0,274704906,825,0,825,-4,0,7,35
5,360,82.800000,10000.000000,0,0,274704920,857,0,857,-6,0,7,35
5,360,82.800000,10000.000000,0,0,274704931,906,0,906,-8,0,7,35
5,360,82.800000,10000.000000,0,0,274704942,954,0,954,-9,0,7,35
5,360,82.800000,10000.000000,0,0,274704955,1012,0,1012,-12,0,7,35
5,360,82.800000,10000.000000,0,0,274704969,1066,0,1066,-15,0,7,35
5,360,82.800000,10000.000000,0,0,274704983,1119,0,1119,-17,0,7,35
5,360,82.800000,10000.000000,0,0,274704995,1171,0,1171,-18,0,7,35
5,360,82.800000,10000.000000,0,0,274705008,1197,0,1197,-19,0,7,35
5,360,82.800000,10000.000000,0,0,274705019,1210,0,1210,-20,0,7,35
5,360,82.800000,10000.000000,0,0,274705041,1214,0,1214,-21,0,7,35
5,360,82.800000,10000.000000,0,0,274705052,1214,0,1214,-21,0,7,35
5,360,82.800000,10000.000000,0,0,274705064,1214,0,1214,-21,0,7,35
5,360,82.800000,10000.000000,0,0,274705074,1214,0,1214,-21,0,7,35
5,360,82.800000,10000.000000,0,0,274705086,1214,0,1214,-21,0,7,35
5,360,82.800000,10000.000000,0,0,274705098,1214,0,1214,-21,0,7,35
5,360,82.800000,10000.000000,0,0,274705109,1214,0,1214,-21,0,7,35
5,360,82.800000,10000.000000,0,0,274705120,1214,0,1214,-21,0,7,35
5,360,82.800000,10000.000000,0,0,274705131,1214,0,1214,-21,0,7,35
5,360,82.800000,10000.000000,0,0,274705142,1214,0,1214,-21,0,7,35
5,360,82.800000,10000.000000,0,0,274705153,1214,0,1214,-21,0,7,35
5,360,82.800000,10000.000000,0,0,274705164,1214,0,1214,-21,0,7,35
5,360,82.800000,10000.000000,0,0,274705175,1214,0,1214,-21,0,7,35
5,360,82.800000,10000.000000,0,0,274705186,1214,0,1214,-21,0,7,35
5,360,82.800000,10000.000000,0,0,274705197,1209,0,1209,-21,0,7,35
5,360,82.800000,10000.000000,0,0,274705207,1204,0,1204,-21,0,7,35
5,360,82.800000,10000.000000,0,0,274705219,1198,0,1198,-21,0,7,35
5,360,82.800000,10000.000000,0,0,274705229,1192,0,1192,-22,0,7,35
5,360,82.800000,10000.000000,0,0,274705240,1185,0,1185,-22,0,7,35
5,360,82.800000,10000.000000,0,0,274705251,1178,0,1178,-22,0,7,35
5,360,82.800000,10000.000000,0,0,274705262,1171,0,1171,-22,0,7,35
5,360,82.800000,10000.000000,0,0,274705273,1164,0,1164,-23,0,7,35
5,360,82.800000,10000.000000,0,0,274705285,1158,0,1158,-23,0,7,35
5,360,82.800000,10000.000000,0,0,274705296,1153,0,1153,-23,0,7,35
5,360,82.800000,10000.000000,0,0,274705307,1149,0,1149,-23,0,7,35
5,360,82.800000,10000.000000,0,0,274705318,1145,0,1145,-23,0,7,35
5,360,82.800000,10000.000000,0,0,274705329,1143,0,1143,-23,0,7,35
5,360,82.800000,10000.000000,0,0,274705341,1143,0,1143,-23,0,7,35
5,360,82.800000,10000.000000,0,0,274705351,1143,0,1143,-23,0,7,35
