5,720,50.400000,42.984000,1,1,274668992,600,22,600,22,0,7,14
5,720,50.400000,42.984000,1,1,274668993,600,22,600,22,0,7,14
5,720,50.400000,42.984000,1,1,274669003,600,22,600,22,0,7,14
5,720,50.400000,42.984000,1,1,274669014,600,22,600,22,0,7,14
5,720,50.400000,42.984000,1,1,274669023,600,22,600,22,0,7,14
5,720,50.400000,42.984000,1,1,274669034,600,22,600,22,0,7,14
5,720,50.400000,42.984000,1,1,274669045,600,22,600,22,0,7,14
5,720,50.400000,42.984000,1,1,274669055,600,22,600,22,0,7,14
5,720,50.400000,42.984000,1,1,274669066,600,22,600,22,0,7,14
5,720,50.400000,42.984000,1,1,274669078,600,22,600,22,0,7,14
5,720,50.400000,42.984000,1,1,274669090,602,20,602,20,0,7,14
5,720,50.400000,42.984000,1,1,274669102,611,17,611,17,0,7,14
5,720,50.400000,42.984000,1,1,274669112,634,12,634,12,0,7,14
5,720,50.400000,42.984000,1,1,274669124,663,6,663,6,0,7,14
5,720,50.400000,42.984000,1,1,274669136,713,0,713,-1,0,7,14
5,720,50.400000,42.984000,1,1,274669146,780,0,780,-9,0,7,14
5,720,50.400000,42.984000,1,1,274669157,848,0,848,-16,0,7,14
5,720,50.400000,42.984000,1,1,274669168,916,0,916,-21,0,7,14
5,720,50.400000,42.984000,1,1,274669179,985,0,985,-26,0,7,14
5,720,50.400000,42.984000,1,1,274669191,1061,0,1061,-32,0,7,14
5,720,50.400000,42.984000,1,1,274669201,1135,0,1135,-36,0,7,14
5,720,50.400000,42.984000,1,1,274669212,1193,0,1193,-38,0,7,14
5,720,50.400000,42.984000,1,1,274669223,1237,0,1237,-39,0,7,14
5,720,50.400000,42.984000,1,1,274669234,1268,0,1268,-40,0,7,14
5,720,50.400000,42.984000,1,1,274669245,1291,0,1291,-42,0,7,14
5,720,50.400000,42.984000,1,1,274669256,1305,0,1305,-44,0,7,14
5,720,50.400000,42.984000,1,1,274669267,1313,0,1313,-45,0,7,14
5,720,50.400000,42.984000,1,1,274669278,1315,0,1315,-46,0,7,14
5,720,50.400000,42.984000,1,1,274669288,1316,0,1316,-46,0,7,14
5,720,50.400000,42.984000,1,1,274669309,1316,0,1316,-46,0,7,14
5,720,50.400000,42.984000,1,1,274669319,1315,0,1315,-46,0,7,14
5,720,50.400000,42.984000,1,1,274669331,1313,0,1313,-48,0,7,14
5,720,50.400000,42.984000,1,1,274669342,1311,0,1311,-49,0,7,14
5,720,50.400000,42.984000,1,1,274669353,1310,0,1310,-49,0,7,14
5,720,50.400000,42.984000,1,1,274669363,1310,0,1310,-49,0,7,14
5,720,50.400000,42.984000,1,1,274669374,1310,0,1310,-49,0,7,14
5,720,50.400000,42.984000,1,1,274669384,1310,0,1310,-49,0,7,14
5,720,50.400000,42.984000,1,1,274669395,1310,0,1310,-49,0,7,14
5,720,50.400000,42.984000,1,1,274669406,1310,0,1310,-49,0,7,14
5,720,50.400000,42.984000,1,1,274669416,1310,0,1310,-50,0,7,14
5,720,50.400000,42.984000,1,1,274669427,1311,0,1311,-50,0,7,14
5,720,50.400000,42.984000,1,1,274669438,1314,0,1314,-52,0,7,14
5,720,50.400000,42.984000,1,1,274669448,1316,0,1316,-52,0,7,14
5,720,50.400000,42.984000,1,1,274669458,1316,0,1316,-52,0,7,14
5,720,50.400000,42.984000,1,1,274669469,1316,0,1316,-52,0,7,14
5,720,50.400000,42.984000,1,1,274669479,1316,0,1316,-52,0,7,14
5,720,50.400000,42.984000,1,1,274669489,1316,0,1316,-52,0,7,14
5,720,50.400000,42.984000,1,1,274669499,1316,0,1316,-52,0,7,14
5,720,50.400000,42.984000,1,1,274669510,1316,0,1316,-52,0,7,14
5,720,50.400000,42.984000,1,1,274669521,1316,0,1316,-52,0,7,14
5,720,50.400000,42.984000,1,1,274669531,1316,0,1316,-52,0,7,14
5,720,50.400000,42.984000,1,1,274669541,1316,0,1316,-52,0,7,14
5,720,50.400000,42.984000,1,1,274669550,1316,0,1316,-52,0,7,14
5,720,50.400000,42.984000,1,1,274669561,1316,0,1316,-52,0,7,14
5,720,50.400000,42.984000,1,1,274669570,1316,0,1316,-52,0,7,14
5,720,50.400000,42.984000,1,1,274669580,1316,0,1316,-52,0,7,14
5,720,50.400000,42.984000,1,1,274669590,1316,0,1316,-52,0,7,14
