5,720,82.800000,22.608000,1,1,274798941,600,22,600,22,0,7,93
5,720,82.800000,22.608000,1,1,274798942,600,22,600,22,0,7,93
5,720,82.800000,22.608000,1,1,274798960,602,21,602,21,0,7,93
5,720,82.800000,22.608000,1,1,274798971,602,21,602,21,0,7,93
5,720,82.800000,22.608000,1,1,274798981,602,21,602,21,0,7,93
5,720,82.800000,22.608000,1,1,274798991,602,21,602,21,0,7,93
5,720,82.800000,22.608000,1,1,274799002,602,21,602,21,0,7,93
5,720,82.800000,22.608000,1,1,274799012,602,21,602,21,0,7,93
5,720,82.800000,22.608000,1,1,274799021,602,21,602,21,0,7,93
5,720,82.800000,22.608000,1,1,274799032,602,21,602,21,0,7,93
5,720,82.800000,22.608000,1,1,274799042,602,21,602,21,0,7,93
5,720,82.800000,22.608000,1,1,274799054,602,21,602,21,0,7,93
5,720,82.800000,22.608000,1,1,274799065,602,21,602,21,0,7,93
5,720,82.800000,22.608000,1,1,274799076,602,21,602,21,0,7,93
5,720,82.800000,22.608000,1,1,274799089,603,21,603,21,0,7,93
5,720,82.800000,22.608000,1,1,274799100,606,21,606,21,0,7,93
5,720,82.800000,22.608000,1,1,274799122,610,19,610,19,0,7,93
5,720,82.800000,22.608000,1,1,274799143,624,16,624,16,0,7,93
5,720,82.800000,22.608000,1,1,274799163,655,12,655,12,0,7,93
5,720,82.800000,22.608000,1,1,274799174,696,8,696,8,0,7,93
5,720,82.800000,22.608000,1,1,274799194,725,6,725,6,0,7,93
5,720,82.800000,22.608000,1,1,274799206,785,4,785,4,0,7,93
5,720,82.800000,22.608000,1,1,274799227,831,3,831,3,0,7,93
5,720,82.800000,22.608000,1,1,274799238,919,1,919,1,0,7,93
5,720,82.800000,22.608000,1,1,274799249,961,1,961,1,0,7,93
5,720,82.800000,22.608000,1,1,274799259,1007,0,1007,-1,0,7,93
5,720,82.800000,22.608000,1,1,274799270,1050,0,1050,-2,0,7,93
5,720,82.800000,22.608000,1,1,274799281,1094,0,1094,-3,0,7,93
5,720,82.800000,22.608000,1,1,274799292,1134,0,1134,-4,0,7,93
5,720,82.800000,22.608000,1,1,274799303,1168,0,1168,-4,0,7,93
5,720,82.800000,22.608000,1,1,274799314,1196,0,1196,-4,0,7,93
5,720,82.800000,22.608000,1,1,274799324,1217,0,1217,-6,0,7,93
5,720,82.800000,22.608000,1,1,274799336,1234,0,1234,-8,0,7,93
5,720,82.800000,22.608000,1,1,274799347,1248,0,1248,-12,0,7,93
5,720,82.800000,22.608000,1,1,274799368,1257,0,1257,-15,0,7,93
5,720,82.800000,22.608000,1,1,274799379,1266,0,1266,-18,0,7,93
5,720,82.800000,22.608000,1,1,274799390,1268,0,1268,-19,0,7,93
5,720,82.800000,22.608000,1,1,274799401,1270,0,1270,-20,0,7,93
5,720,82.800000,22.608000,1,1,274799411,1273,0,1273,-21,0,7,93
5,720,82.800000,22.608000,1,1,274799422,1274,0,1274,-22,0,7,93
5,720,82.800000,22.608000,1,1,274799432,1276,0,1276,-23,0,7,93
5,720,82.800000,22.608000,1,1,274799443,1278,0,1278,-24,0,7,93
5,720,82.800000,22.608000,1,1,274799453,1280,0,1280,-25,0,7,93
5,720,82.800000,22.608000,1,1,274799464,1282,0,1282,-26,0,7,93
5,720,82.800000,22.608000,1,1,274799475,1284,0,1284,-27,0,7,93
5,720,82.800000,22.608000,1,1,274799486,1285,0,1285,-27,0,7,93
5,720,82.800000,22.608000,1,1,274799496,1287,0,1287,-28,0,7,93
5,720,82.800000,22.608000,1,1,274799515,1288,0,1288,-29,0,7,93
5,720,82.800000,22.608000,1,1,274799527,1290,0,1290,-30,0,7,93
5,720,82.800000,22.608000,1,1,274799546,1292,0,1292,-31,0,7,93
5,720,82.800000,22.608000,1,1,274799557,1295,0,1295,-32,0,7,93
5,720,82.800000,22.608000,1,1,274799568,1296,0,1296,-32,0,7,93
5,720,82.800000,22.608000,1,1,274799579,1296,0,1296,-33,0,7,93
5,720,82.800000,22.608000,1,1,274799590,1296,0,1296,-33,0,7,93
5,720,82.800000,22.608000,1,1,274799600,1296,0,1296,-33,0,7,93
5,720,82.800000,22.608000,1,1,274799610,1296,0,1296,-33,0,7,93
