5,360,82.800000,10000.000000,1,1,274702603,780,22,780,22,0,7,33
5,360,82.800000,10000.000000,1,1,274702604,780,22,780,22,0,7,33
5,360,82.800000,10000.000000,1,1,274702616,780,22,780,22,0,7,33
5,360,82.800000,10000.000000,1,1,274702626,780,22,780,22,0,7,33
5,360,82.800000,10000.000000,1,1,274702639,780,21,780,21,0,7,33
5,360,82.800000,10000.000000,1,1,274702651,782,21,782,21,0,7,33
5,360,82.800000,10000.000000,1,1,274702662,788,20,788,20,0,7,33
5,360,82.800000,10000.000000,1,1,274702683,798,18,798,18,0,7,33
5,360,82.800000,10000.000000,1,1,274702694,838,14,838,14,0,7,33
5,360,82.800000,10000.000000,1,1,274702705,870,11,870,11,0,7,33
5,360,82.800000,10000.000000,1,1,274702718,907,8,907,8,0,7,33
5,360,82.800000,10000.000000,1,1,274702730,956,4,956,4,0,7,33
5,360,82.800000,10000.000000,1,1,274702742,1004,0,1004,0,0,7,33
5,360,82.800000,10000.000000,1,1,274702753,1053,0,1053,-3,0,7,33
5,360,82.800000,10000.000000,1,1,274702765,1086,0,1086,-5,0,7,33
5,360,82.800000,10000.000000,1,1,274702790,1118,0,1118,-8,0,7,33
5,360,82.800000,10000.000000,1,1,274702801,1148,0,1148,-12,0,7,33
5,360,82.800000,10000.000000,1,1,274702812,1151,0,1151,-13,0,7,33
5,360,82.800000,10000.000000,1,1,274702822,1153,0,1153,-13,0,7,33
5,360,82.800000,10000.000000,1,1,274702834,1154,0,1154,-13,0,7,33
5,360,82.800000,10000.000000,1,1,274702845,1154,0,1154,-14,0,7,33
5,360,82.800000,10000.000000,1,1,274702856,1155,0,1155,-14,0,7,33
5,360,82.800000,10000.000000,1,1,274702868,1156,0,1156,-15,0,7,33
5,360,82.800000,10000.000000,1,1,274702879,1157,0,1157,-15,0,7,33
5,360,82.800000,10000.000000,1,1,274702889,1157,0,1157,-15,0,7,33
5,360,82.800000,10000.000000,1,1,274702900,1157,0,1157,-15,0,7,33
5,360,82.800000,10000.000000,1,1,274702910,1157,0,1157,-15,0,7,33
5,360,82.800000,10000.000000,1,1,274702921,1157,0,1157,-15,0,7,33
5,360,82.800000,10000.000000,1,1,274702931,1157,0,1157,-15,0,7,33
5,360,82.800000,10000.000000,1,1,274702941,1157,0,1157,-15,0,7,33
5,360,82.800000,10000.000000,1,1,274702961,1158,0,1158,-15,0,7,33
5,360,82.800000,10000.000000,1,1,274702971,1160,0,1160,-16,0,7,33
5,360,82.800000,10000.000000,1,1,274702993,1161,0,1161,-16,0,7,33
5,360,82.800000,10000.000000,1,1,274703005,1161,0,1161,-16,0,7,33
5,360,82.800000,10000.000000,1,1,274703016,1161,0,1161,-16,0,7,33
