5,720,50.400000,0.000000,1,1,274711713,600,22,600,22,0,7,41
5,720,50.400000,0.000000,1,1,274711714,600,22,600,22,0,7,41
5,720,50.400000,0.000000,1,1,274711725,600,22,600,22,0,7,41
5,720,50.400000,0.000000,1,1,274711736,600,22,600,22,0,7,41
5,720,50.400000,0.000000,1,1,274711747,600,22,600,22,0,7,41
5,720,50.400000,0.000000,1,1,274711759,601,21,601,21,0,7,41
5,720,50.400000,0.000000,1,1,274711771,607,20,607,20,0,7,41
5,720,50.400000,0.000000,1,1,274711782,617,19,617,19,0,7,41
5,720,50.400000,0.000000,1,1,274711796,633,18,633,18,0,7,41
5,720,50.400000,0.000000,1,1,274711809,666,15,666,15,0,7,41
5,720,50.400000,0.000000,1,1,274711820,705,13,705,13,0,7,41
5,720,50.400000,0.000000,1,1,274711834,763,10,763,10,0,7,41
5,720,50.400000,0.000000,1,1,274711846,849,7,849,7,0,7,41
5,720,50.400000,0.000000,1,1,274711858,930,4,930,4,0,7,41
5,720,50.400000,0.000000,1,1,274711877,1015,3,1015,3,0,7,41
5,720,50.400000,0.000000,1,1,274711890,1137,2,1137,2,0,7,41
5,720,50.400000,0.000000,1,1,274711903,1191,2,1191,2,0,7,41
5,720,50.400000,0.000000,1,1,274711913,1222,2,1222,2,0,7,41
5,720,50.400000,0.000000,1,1,274711925,1245,3,1245,3,0,7,41
5,720,50.400000,0.000000,1,1,274711937,1259,3,1259,3,0,7,41
5,720,50.400000,0.000000,1,1,274711949,1267,4,1267,4,0,7,41
5,720,50.400000,0.000000,1,1,274711960,1273,4,1273,4,0,7,41
5,720,50.400000,0.000000,1,1,274711971,1276,4,1276,4,0,7,41
5,720,50.400000,0.000000,1,1,274711981,1279,4,1279,4,0,7,41
5,720,50.400000,0.000000,1,1,274711993,1282,4,1282,4,0,7,41
5,720,50.400000,0.000000,1,1,274712005,1285,4,1285,4,0,7,41
5,720,50.400000,0.000000,1,1,274712017,1288,4,1288,4,0,7,41
5,720,50.400000,0.000000,1,1,274712029,1292,4,1292,4,0,7,41
5,720,50.400000,0.000000,1,1,274712040,1296,4,1296,4,0,7,41
5,720,50.400000,0.000000,1,1,274712054,1300,4,1300,4,0,7,41
5,720,50.400000,0.000000,1,1,274712065,1306,4,1306,4,0,7,41
5,720,50.400000,0.000000,1,1,274712087,1310,4,1310,4,0,7,41
5,720,50.400000,0.000000,1,1,274712097,1312,4,1312,4,0,7,41
5,720,50.400000,0.000000,1,1,274712108,1314,4,1314,4,0,7,41
5,720,50.400000,0.000000,1,1,274712119,1314,4,1314,4,0,7,41
5,720,50.400000,0.000000,1,1,274712129,1314,4,1314,4,0,7,41
5,720,50.400000,0.000000,1,1,274712140,1314,4,1314,4,0,7,41
5,720,50.400000,0.000000,1,1,274712151,1314,4,1314,4,0,7,41
5,720,50.400000,0.000000,1,1,274712162,1314,4,1314,4,0,7,41
5,720,50.400000,0.000000,1,1,274712172,1314,4,1314,4,0,7,41
5,720,50.400000,0.000000,1,1,274712183,1314,4,1314,4,0,7,41
5,720,50.400000,0.000000,1,1,274712194,1314,4,1314,4,0,7,41
5,720,50.400000,0.000000,1,1,274712205,1314,4,1314,4,0,7,41
5,720,50.400000,0.000000,1,1,274712217,1314,4,1314,4,0,7,41
5,720,50.400000,0.000000,1,1,274712227,1314,4,1314,4,0,7,41
5,720,50.400000,0.000000,1,1,274712238,1314,4,1314,4,0,7,41
