5,360,50.400000,0.000000,0,1,274709654,780,22,780,22,0,7,39
5,360,50.400000,0.000000,0,1,274709655,780,22,780,22,0,7,39
5,360,50.400000,0.000000,0,1,274709666,780,22,780,22,0,7,39
5,360,50.400000,0.000000,0,1,274709676,780,22,780,22,0,7,39
5,360,50.400000,0.000000,0,1,274709688,780,22,780,22,0,7,39
5,360,50.400000,0.000000,0,1,274709699,780,22,780,22,0,7,39
5,360,50.400000,0.000000,0,1,274709710,780,22,780,22,0,7,39
5,360,50.400000,0.000000,0,1,274709721,781,22,781,22,0,7,39
5,360,50.400000,0.000000,0,1,274709732,784,22,784,22,0,7,39
5,360,50.400000,0.000000,0,1,274709744,791,21,791,21,0,7,39
5,360,50.400000,0.000000,0,1,274709757,805,19,805,19,0,7,39
5,360,50.400000,0.000000,0,1,274709768,830,15,830,15,0,7,39
5,360,50.400000,0.000000,0,1,274709778,865,11,865,11,0,7,39
5,360,50.400000,0.000000,0,1,274709789,905,8,905,8,0,7,39
5,360,50.400000,0.000000,0,1,274709799,942,5,942,5,0,7,39
5,360,50.400000,0.000000,0,1,274709811,982,1,982,1,0,7,39
5,360,50.400000,0.000000,0,1,274709824,1017,0,1017,-2,0,7,39
5,360,50.400000,0.000000,0,1,274709837,1049,0,1049,-5,0,7,39
5,360,50.400000,0.000000,0,1,274709850,1072,0,1072,-7,0,7,39
5,360,50.400000,0.000000,0,1,274709862,1089,0,1089,-8,0,7,39
5,360,50.400000,0.000000,0,1,274709874,1104,0,1104,-8,0,7,39
5,360,50.400000,0.000000,0,1,274709885,1112,0,1112,-8,0,7,39
5,360,50.400000,0.000000,0,1,274709896,1119,0,1119,-8,0,7,39
5,360,50.400000,0.000000,0,1,274709907,1124,0,1124,-8,0,7,39
5,360,50.400000,0.000000,0,1,274709919,1128,0,1128,-8,0,7,39
5,360,50.400000,0.000000,0,1,274709930,1130,0,1130,-9,0,7,39
5,360,50.400000,0.000000,0,1,274709942,1130,0,1130,-9,0,7,39
5,360,50.400000,0.000000,0,1,274709953,1130,0,1130,-9,0,7,39
5,360,50.400000,0.000000,0,1,274709964,1131,0,1131,-9,0,7,39
5,360,50.400000,0.000000,0,1,274709975,1132,0,1132,-9,0,7,39
5,360,50.400000,0.000000,0,1,274709985,1136,0,1136,-10,0,7,39
5,360,50.400000,0.000000,0,1,274709996,1141,0,1141,-10,0,7,39
5,360,50.400000,0.000000,0,1,274710008,1147,0,1147,-10,0,7,39
5,360,50.400000,0.000000,0,1,274710019,1151,0,1151,-10,0,7,39
5,360,50.400000,0.000000,0,1,274710031,1153,0,1153,-11,0,7,39
5,360,50.400000,0.000000,0,1,274710042,1154,0,1154,-11,0,7,39
5,360,50.400000,0.000000,0,1,274710054,1154,0,1154,-11,0,7,39
5,360,50.400000,0.000000,0,1,274710066,1154,0,1154,-11,0,7,39
5,360,50.400000,0.000000,0,1,274710088,1154,0,1154,-11,0,7,39
5,360,50.400000,0.000000,0,1,274710099,1154,0,1154,-11,0,7,39
5,360,50.400000,0.000000,0,1,274710110,1154,0,1154,-11,0,7,39
5,360,50.400000,0.000000,0,1,274710120,1154,0,1154,-11,0,7,39
5,360,50.400000,0.000000,0,1,274710130,1154,0,1154,-11,0,7,39
5,360,50.400000,0.000000,0,1,274710141,1154,0,1154,-11,0,7,39
5,360,50.400000,0.000000,0,1,274710152,1154,0,1154,-11,0,7,39
5,360,50.400000,0.000000,0,1,274710163,1154,0,1154,-11,0,7,39
5,360,50.400000,0.000000,0,1,274710176,1154,0,1154,-11,0,7,39
5,360,50.400000,0.000000,0,1,274710196,1154,0,1154,-11,0,7,39
