5,720,50.400000,10000.000000,1,1,274683349,600,22,600,22,0,7,24
5,720,50.400000,10000.000000,1,1,274683350,600,22,600,22,0,7,24
5,720,50.400000,10000.000000,1,1,274683361,600,22,600,22,0,7,24
5,720,50.400000,10000.000000,1,1,274683371,600,22,600,22,0,7,24
5,720,50.400000,10000.000000,1,1,274683384,600,22,600,22,0,7,24
5,720,50.400000,10000.000000,1,1,274683395,600,22,600,22,0,7,24
5,720,50.400000,10000.000000,1,1,274683406,600,22,600,22,0,7,24
5,720,50.400000,10000.000000,1,1,274683424,600,22,600,22,0,7,24
5,720,50.400000,10000.000000,1,1,274683438,603,23,603,23,0,7,24
5,720,50.400000,10000.000000,1,1,274683449,611,23,611,23,0,7,24
5,720,50.400000,10000.000000,1,1,274683460,622,23,622,23,0,7,24
5,720,50.400000,10000.000000,1,1,274683472,640,23,640,23,0,7,24
5,720,50.400000,10000.000000,1,1,274683482,667,21,667,21,0,7,24
5,720,50.400000,10000.000000,1,1,274683494,705,18,705,18,0,7,24
5,720,50.400000,10000.000000,1,1,274683504,749,16,749,16,0,7,24
5,720,50.400000,10000.000000,1,1,274683516,796,14,796,14,0,7,24
5,720,50.400000,10000.000000,1,1,274683527,845,11,845,11,0,7,24
5,720,50.400000,10000.000000,1,1,274683538,908,8,908,8,0,7,24
5,720,50.400000,10000.000000,1,1,274683550,956,7,956,7,0,7,24
5,720,50.400000,10000.000000,1,1,274683561,1006,6,1006,6,0,7,24
5,720,50.400000,10000.000000,1,1,274683572,1063,4,1063,4,0,7,24
5,720,50.400000,10000.000000,1,1,274683583,1116,2,1116,2,0,7,24
5,720,50.400000,10000.000000,1,1,274683594,1159,1,1159,1,0,7,24
5,720,50.400000,10000.000000,1,1,274683606,1202,1,1202,1,0,7,24
5,720,50.400000,10000.000000,1,1,274683616,1235,1,1235,1,0,7,24
5,720,50.400000,10000.000000,1,1,274683627,1265,1,1265,1,0,7,24
5,720,50.400000,10000.000000,1,1,274683638,1289,1,1289,1,0,7,24
5,720,50.400000,10000.000000,1,1,274683649,1303,1,1303,1,0,7,24
5,720,50.400000,10000.000000,1,1,274683659,1309,2,1309,2,0,7,24
5,720,50.400000,10000.000000,1,1,274683670,1309,2,1309,2,0,7,24
5,720,50.400000,10000.000000,1,1,274683680,1309,2,1309,2,0,7,24
5,720,50.400000,10000.000000,1,1,274683691,1309,2,1309,2,0,7,24
5,720,50.400000,10000.000000,1,1,274683701,1309,2,1309,2,0,7,24
5,720,50.400000,10000.000000,1,1,274683712,1309,2,1309,2,0,7,24
5,720,50.400000,10000.000000,1,1,274683723,1309,2,1309,2,0,7,24
5,720,50.400000,10000.000000,1,1,274683733,1309,2,1309,2,0,7,24
5,720,50.400000,10000.000000,1,1,274683744,1309,2,1309,2,0,7,24
5,720,50.400000,10000.000000,1,1,274683755,1309,2,1309,2,0,7,24
5,720,50.400000,10000.000000,1,1,274683765,1309,2,1309,2,0,7,24
5,720,50.400000,10000.000000,1,1,274683775,1309,2,1309,2,0,7,24
5,720,50.400000,10000.000000,1,1,274683787,1309,2,1309,2,0,7,24
5,720,50.400000,10000.000000,1,1,274683797,1309,2,1309,2,0,7,24
5,720,50.400000,10000.000000,1,1,274683808,1309,2,1309,2,0,7,24
5,720,50.400000,10000.000000,1,1,274683818,1309,2,1309,2,0,7,24
5,720,50.400000,10000.000000,1,1,274683828,1309,2,1309,2,0,7,24
5,720,50.400000,10000.000000,1,1,274683839,1309,2,1309,2,0,7,24
5,720,50.400000,10000.000000,1,1,274683849,1309,2,1309,2,0,7,24
5,720,50.400000,10000.000000,1,1,274683859,1309,2,1309,2,0,7,24
5,720,50.400000,10000.000000,1,1,274683869,1309,2,1309,2,0,7,24
5,720,50.400000,10000.000000,1,1,274683880,1309,2,1309,2,0,7,24
5,720,50.400000,10000.000000,1,1,274683891,1309,2,1309,2,0,7,24
5,720,50.400000,10000.000000,1,1,274683901,1309,2,1309,2,0,7,24
5,720,50.400000,10000.000000,1,1,274683912,1309,2,1309,2,0,7,24
5,720,50.400000,10000.000000,1,1,274683922,1309,2,1309,2,0,7,24
5,720,50.400000,10000.000000,1,1,274683933,1309,2,1309,2,0,7,24
5,720,50.400000,10000.000000,1,1,274683945,1309,2,1309,2,0,7,24
5,720,50.400000,10000.000000,1,1,274683955,1309,2,1309,2,0,7,24
