5,720,21.600000,22.608000,1,0,274979183,600,0,600,0,0,8,77
5,720,21.600000,22.608000,1,0,274979184,600,0,600,0,0,8,77
5,720,21.600000,22.608000,1,0,274979195,600,0,600,0,0,8,77
5,720,21.600000,22.608000,1,0,274979205,600,0,600,0,0,8,77
5,720,21.600000,22.608000,1,0,274979217,600,0,600,0,0,8,77
5,720,21.600000,22.608000,1,0,274979228,600,0,600,0,0,8,77
5,720,21.600000,22.608000,1,0,274979240,601,0,601,0,0,8,77
5,720,21.600000,22.608000,1,0,274979251,604,0,604,0,0,8,77
5,720,21.600000,22.608000,1,0,274979271,612,0,612,0,0,8,77
5,720,21.600000,22.608000,1,0,274979282,641,0,641,-2,0,8,77
5,720,21.600000,22.608000,1,0,274979302,667,0,667,-3,0,8,77
5,720,21.600000,22.608000,1,0,274979315,741,0,741,-5,0,8,77
5,720,21.600000,22.608000,1,0,274979333,801,0,801,-5,0,8,77
5,720,21.600000,22.608000,1,0,274979344,909,0,909,-7,0,8,77
5,720,21.600000,22.608000,1,0,274979364,967,0,967,-8,0,8,77
5,720,21.600000,22.608000,1,0,274979376,1077,0,1077,-13,0,8,77
5,720,21.600000,22.608000,1,0,274979387,1131,0,1131,-15,0,8,77
5,720,21.600000,22.608000,1,0,274979399,1175,0,1175,-17,0,8,77
5,720,21.600000,22.608000,1,0,274979411,1210,0,1210,-18,0,8,77
5,720,21.600000,22.608000,1,0,274979422,1237,0,1237,-21,0,8,77
5,720,21.600000,22.608000,1,0,274979441,1257,0,1257,-22,0,8,77
5,720,21.600000,22.608000,1,0,274979452,1281,0,1281,-25,0,8,77
5,720,21.600000,22.608000,1,0,274979463,1288,0,1288,-25,0,8,77
5,720,21.600000,22.608000,1,0,274979474,1291,0,1291,-25,0,8,77
5,720,21.600000,22.608000,1,0,274979485,1292,0,1292,-26,0,8,77
5,720,21.600000,22.608000,1,0,274979503,1294,0,1294,-26,0,8,77
5,720,21.600000,22.608000,1,0,274979516,1297,0,1297,-26,0,8,77
5,720,21.600000,22.608000,1,0,274979536,1306,0,1306,-27,0,8,77
5,720,21.600000,22.608000,1,0,274979547,1321,0,1321,-27,0,8,77
5,720,21.600000,22.608000,1,0,274979557,1331,0,1331,-28,0,8,77
5,720,21.600000,22.608000,1,0,274979570,1339,0,1339,-30,0,8,77
5,720,21.600000,22.608000,1,0,274979593,1344,0,1344,-30,0,8,77
5,720,21.600000,22.608000,1,0,274979612,1345,0,1345,-30,0,8,77
5,720,21.600000,22.608000,1,0,274979623,1345,0,1345,-30,0,8,77
5,720,21.600000,22.608000,1,0,274979642,1345,0,1345,-30,0,8,77
5,720,21.600000,22.608000,1,0,274979662,1345,0,1345,-30,0,8,77
5,720,21.600000,22.608000,1,0,274979673,1345,0,1345,-30,0,8,77
5,720,21.600000,22.608000,1,0,274979684,1345,0,1345,-30,0,8,77
5,720,21.600000,22.608000,1,0,274979694,1345,0,1345,-30,0,8,77
5,720,21.600000,22.608000,1,0,274979706,1344,0,1344,-30,0,8,77
5,720,21.600000,22.608000,1,0,274979716,1344,0,1344,-30,0,8,77
5,720,21.600000,22.608000,1,0,274979735,1343,0,1343,-30,0,8,77
5,720,21.600000,22.608000,1,0,274979747,1340,0,1340,-30,0,8,77
5,720,21.600000,22.608000,1,0,274979768,1334,0,1334,-30,0,8,77
5,720,21.600000,22.608000,1,0,274979781,1329,0,1329,-30,0,8,77
5,720,21.600000,22.608000,1,0,274979791,1328,0,1328,-30,0,8,77
5,720,21.600000,22.608000,1,0,274979802,1327,0,1327,-30,0,8,77
5,720,21.600000,22.608000,1,0,274979813,1326,0,1326,-30,0,8,77
5,720,21.600000,22.608000,1,0,274979835,1325,0,1325,-30,0,8,77
5,720,21.600000,22.608000,1,0,274979845,1323,0,1323,-30,0,8,77
5,720,21.600000,22.608000,1,0,274979855,1322,0,1322,-30,0,8,77
5,720,21.600000,22.608000,1,0,274979865,1321,0,1321,-30,0,8,77
5,720,21.600000,22.608000,1,0,274979875,1321,0,1321,-30,0,8,77
5,720,21.600000,22.608000,1,0,274979885,1321,0,1321,-30,0,8,77
5,720,21.600000,22.608000,1,0,274979895,1321,0,1321,-30,0,8,77
5,720,21.600000,22.608000,1,0,274979906,1321,0,1321,-30,0,8,77
5,720,21.600000,22.608000,1,0,274979916,1321,0,1321,-30,0,8,77
5,720,21.600000,22.608000,1,0,274979927,1321,0,1321,-30,0,8,77
5,720,21.600000,22.608000,1,0,274979937,1321,0,1321,-30,0,8,77
5,720,21.600000,22.608000,1,0,274979947,1321,0,1321,-30,0,8,77
5,720,21.600000,22.608000,1,0,274979958,1321,0,1321,-30,0,8,77
5,720,21.600000,22.608000,1,0,274979968,1320,0,1320,-30,0,8,77
5,720,21.600000,22.608000,1,0,274979987,1320,0,1320,-30,0,8,77
5,720,21.600000,22.608000,1,0,274979997,1320,0,1320,-30,0,8,77
