5,360,50.400000,0.000000,1,1,275000642,780,22,780,22,0,8,90
5,360,50.400000,0.000000,1,1,275000643,780,22,780,22,0,8,90
5,360,50.400000,0.000000,1,1,275000665,780,22,780,22,0,8,90
5,360,50.400000,0.000000,1,1,275000675,780,22,780,22,0,8,90
5,360,50.400000,0.000000,1,1,275000686,780,22,780,22,0,8,90
5,360,50.400000,0.000000,1,1,275000696,780,22,780,22,0,8,90
5,360,50.400000,0.000000,1,1,275000706,780,22,780,22,0,8,90
5,360,50.400000,0.000000,1,1,275000718,782,22,782,22,0,8,90
5,360,50.400000,0.000000,1,1,275000732,786,22,786,22,0,8,90
5,360,50.400000,0.000000,1,1,275000743,798,21,798,21,0,8,90
5,360,50.400000,0.000000,1,1,275000754,813,20,813,20,0,8,90
5,360,50.400000,0.000000,1,1,275000765,831,18,831,18,0,8,90
5,360,50.400000,0.000000,1,1,275000776,858,18,858,18,0,8,90
5,360,50.400000,0.000000,1,1,275000788,885,16,885,16,0,8,90
5,360,50.400000,0.000000,1,1,275000799,916,15,916,15,0,8,90
5,360,50.400000,0.000000,1,1,275000811,949,14,949,14,0,8,90
5,360,50.400000,0.000000,1,1,275000832,981,13,981,13,0,8,90
5,360,50.400000,0.000000,1,1,275000852,1031,12,1031,12,0,8,90
5,360,50.400000,0.000000,1,1,275000864,1058,10,1058,10,0,8,90
5,360,50.400000,0.000000,1,1,275000876,1067,10,1067,10,0,8,90
5,360,50.400000,0.000000,1,1,275000888,1072,9,1072,9,0,8,90
5,360,50.400000,0.000000,1,1,275000900,1075,9,1075,9,0,8,90
5,360,50.400000,0.000000,1,1,275000911,1078,8,1078,8,0,8,90
5,360,50.400000,0.000000,1,1,275000922,1081,8,1081,8,0,8,90
5,360,50.400000,0.000000,1,1,275000932,1084,7,1084,7,0,8,90
5,360,50.400000,0.000000,1,1,275000943,1088,7,1088,7,0,8,90
5,360,50.400000,0.000000,1,1,275000954,1090,7,1090,7,0,8,90
5,360,50.400000,0.000000,1,1,275000965,1092,7,1092,7,0,8,90
5,360,50.400000,0.000000,1,1,275000976,1095,6,1095,6,0,8,90
5,360,50.400000,0.000000,1,1,275000986,1096,6,1096,6,0,8,90
5,360,50.400000,0.000000,1,1,275000997,1097,6,1097,6,0,8,90
5,360,50.400000,0.000000,1,1,275001008,1100,6,1100,6,0,8,90
5,360,50.400000,0.000000,1,1,275001019,1103,5,1103,5,0,8,90
5,360,50.400000,0.000000,1,1,275001031,1107,5,1107,5,0,8,90
5,360,50.400000,0.000000,1,1,275001042,1111,4,1111,4,0,8,90
5,360,50.400000,0.000000,1,1,275001052,1114,3,1114,3,0,8,90
5,360,50.400000,0.000000,1,1,275001063,1115,3,1115,3,0,8,90
5,360,50.400000,0.000000,1,1,275001074,1116,3,1116,3,0,8,90
5,360,50.400000,0.000000,1,1,275001085,1116,3,1116,3,0,8,90
5,360,50.400000,0.000000,1,1,275001095,1116,3,1116,3,0,8,90
5,360,50.400000,0.000000,1,1,275001105,1117,3,1117,3,0,8,90
5,360,50.400000,0.000000,1,1,275001117,1118,3,1118,3,0,8,90
5,360,50.400000,0.000000,1,1,275001128,1120,2,1120,2,0,8,90
5,360,50.400000,0.000000,1,1,275001139,1124,2,1124,2,0,8,90
5,360,50.400000,0.000000,1,1,275001151,1128,1,1128,1,0,8,90
5,360,50.400000,0.000000,1,1,275001175,1133,1,1133,1,0,8,90
5,360,50.400000,0.000000,1,1,275001196,1142,0,1142,-1,0,8,90
5,360,50.400000,0.000000,1,1,275001207,1143,0,1143,-1,0,8,90
5,360,50.400000,0.000000,1,1,275001217,1144,0,1144,-1,0,8,90
