5,360,82.800000,22.608000,0,1,274936943,780,22,780,22,0,8,52
5,360,82.800000,22.608000,0,1,274936944,780,22,780,22,0,8,52
5,360,82.800000,22.608000,0,1,274936955,780,22,780,22,0,8,52
5,360,82.800000,22.608000,0,1,274936975,780,22,780,22,0,8,52
5,360,82.800000,22.608000,0,1,274936986,780,22,780,22,0,8,52
5,360,82.800000,22.608000,0,1,274936997,780,22,780,22,0,8,52
5,360,82.800000,22.608000,0,1,274937010,782,21,782,21,0,8,52
5,360,82.800000,22.608000,0,1,274937022,788,21,788,21,0,8,52
5,360,82.800000,22.608000,0,1,274937033,799,20,799,20,0,8,52
5,360,82.800000,22.608000,0,1,274937054,813,18,813,18,0,8,52
5,360,82.800000,22.608000,0,1,274937068,873,12,873,12,0,8,52
5,360,82.800000,22.608000,0,1,274937081,920,9,920,9,0,8,52
5,360,82.800000,22.608000,0,1,274937092,965,7,965,7,0,8,52
5,360,82.800000,22.608000,0,1,274937104,996,5,996,5,0,8,52
5,360,82.800000,22.608000,0,1,274937115,1021,3,1021,3,0,8,52
5,360,82.800000,22.608000,0,1,274937126,1040,1,1040,1,0,8,52
5,360,82.800000,22.608000,0,1,274937136,1053,0,1053,0,0,8,52
5,360,82.800000,22.608000,0,1,274937146,1064,0,1064,-2,0,8,52
5,360,82.800000,22.608000,0,1,274937158,1071,0,1071,-2,0,8,52
5,360,82.800000,22.608000,0,1,274937169,1076,0,1076,-3,0,8,52
5,360,82.800000,22.608000,0,1,274937179,1080,0,1080,-3,0,8,52
5,360,82.800000,22.608000,0,1,274937190,1083,0,1083,-4,0,8,52
5,360,82.800000,22.608000,0,1,274937209,1084,0,1084,-4,0,8,52
5,360,82.800000,22.608000,0,1,274937220,1086,0,1086,-4,0,8,52
5,360,82.800000,22.608000,0,1,274937231,1087,0,1087,-4,0,8,52
5,360,82.800000,22.608000,0,1,274937241,1088,0,1088,-4,0,8,52
5,360,82.800000,22.608000,0,1,274937251,1088,0,1088,-4,0,8,52
5,360,82.800000,22.608000,0,1,274937263,1088,0,1088,-4,0,8,52
5,360,82.800000,22.608000,0,1,274937274,1088,0,1088,-4,0,8,52
5,360,82.800000,22.608000,0,1,274937284,1088,0,1088,-4,0,8,52
5,360,82.800000,22.608000,0,1,274937303,1088,0,1088,-4,0,8,52
5,360,82.800000,22.608000,0,1,274937314,1089,0,1089,-5,0,8,52
5,360,82.800000,22.608000,0,1,274937335,1090,0,1090,-6,0,8,52
5,360,82.800000,22.608000,0,1,274937345,1092,0,1092,-6,0,8,52
5,360,82.800000,22.608000,0,1,274937356,1094,0,1094,-6,0,8,52
5,360,82.800000,22.608000,0,1,274937367,1095,0,1095,-6,0,8,52
5,360,82.800000,22.608000,0,1,274937377,1095,0,1095,-6,0,8,52
5,360,82.800000,22.608000,0,1,274937388,1096,0,1096,-7,0,8,52
5,360,82.800000,22.608000,0,1,274937397,1098,0,1098,-7,0,8,52
5,360,82.800000,22.608000,0,1,274937408,1100,0,1100,-7,0,8,52
5,360,82.800000,22.608000,0,1,274937420,1101,0,1101,-8,0,8,52
5,360,82.800000,22.608000,0,1,274937430,1102,0,1102,-8,0,8,52
5,360,82.800000,22.608000,0,1,274937441,1104,0,1104,-9,0,8,52
5,360,82.800000,22.608000,0,1,274937452,1107,0,1107,-10,0,8,52
5,360,82.800000,22.608000,0,1,274937462,1111,0,1111,-11,0,8,52
5,360,82.800000,22.608000,0,1,274937474,1114,0,1114,-12,0,8,52
5,360,82.800000,22.608000,0,1,274937485,1116,0,1116,-12,0,8,52
5,360,82.800000,22.608000,0,1,274937496,1117,0,1117,-12,0,8,52
5,360,82.800000,22.608000,0,1,274937509,1117,0,1117,-12,0,8,52
5,360,82.800000,22.608000,0,1,274937530,1117,0,1117,-12,0,8,52
