5,360,82.800000,0.000000,0,1,275031874,780,22,780,22,0,8,108
5,360,82.800000,0.000000,0,1,275031875,780,22,780,22,0,8,108
5,360,82.800000,0.000000,0,1,275031885,780,22,780,22,0,8,108
5,360,82.800000,0.000000,0,1,275031896,780,22,780,22,0,8,108
5,360,82.800000,0.000000,0,1,275031917,781,22,781,22,0,8,108
5,360,82.800000,0.000000,0,1,275031930,790,21,790,21,0,8,108
5,360,82.800000,0.000000,0,1,275031942,800,20,800,20,0,8,108
5,360,82.800000,0.000000,0,1,275031963,815,18,815,18,0,8,108
5,360,82.800000,0.000000,0,1,275031974,861,12,861,12,0,8,108
5,360,82.800000,0.000000,0,1,275031988,892,8,892,8,0,8,108
5,360,82.800000,0.000000,0,1,275031999,931,3,931,3,0,8,108
5,360,82.800000,0.000000,0,1,275032010,968,0,968,-2,0,8,108
5,360,82.800000,0.000000,0,1,275032021,998,0,998,-6,0,8,108
5,360,82.800000,0.000000,0,1,275032033,1020,0,1020,-8,0,8,108
5,360,82.800000,0.000000,0,1,275032045,1038,0,1038,-9,0,8,108
5,360,82.800000,0.000000,0,1,275032056,1055,0,1055,-12,0,8,108
5,360,82.800000,0.000000,0,1,275032067,1062,0,1062,-14,0,8,108
5,360,82.800000,0.000000,0,1,275032078,1066,0,1066,-15,0,8,108
5,360,82.800000,0.000000,0,1,275032089,1069,0,1069,-16,0,8,108
5,360,82.800000,0.000000,0,1,275032101,1071,0,1071,-16,0,8,108
5,360,82.800000,0.000000,0,1,275032112,1074,0,1074,-16,0,8,108
5,360,82.800000,0.000000,0,1,275032123,1077,0,1077,-16,0,8,108
5,360,82.800000,0.000000,0,1,275032135,1081,0,1081,-17,0,8,108
5,360,82.800000,0.000000,0,1,275032147,1085,0,1085,-18,0,8,108
5,360,82.800000,0.000000,0,1,275032158,1088,0,1088,-19,0,8,108
5,360,82.800000,0.000000,0,1,275032170,1090,0,1090,-20,0,8,108
5,360,82.800000,0.000000,0,1,275032181,1094,0,1094,-20,0,8,108
5,360,82.800000,0.000000,0,1,275032192,1099,0,1099,-21,0,8,108
5,360,82.800000,0.000000,0,1,275032203,1104,0,1104,-22,0,8,108
5,360,82.800000,0.000000,0,1,275032214,1109,0,1109,-24,0,8,108
5,360,82.800000,0.000000,0,1,275032226,1114,0,1114,-25,0,8,108
5,360,82.800000,0.000000,0,1,275032237,1118,0,1118,-25,0,8,108
5,360,82.800000,0.000000,0,1,275032248,1121,0,1121,-26,0,8,108
5,360,82.800000,0.000000,0,1,275032258,1123,0,1123,-26,0,8,108
5,360,82.800000,0.000000,0,1,275032269,1123,0,1123,-26,0,8,108
5,360,82.800000,0.000000,0,1,275032290,1123,0,1123,-27,0,8,108
5,360,82.800000,0.000000,0,1,275032301,1123,0,1123,-27,0,8,108
5,360,82.800000,0.000000,0,1,275032312,1123,0,1123,-27,0,8,108
5,360,82.800000,0.000000,0,1,275032323,1123,0,1123,-28,0,8,108
5,360,82.800000,0.000000,0,1,275032334,1123,0,1123,-28,0,8,108
5,360,82.800000,0.000000,0,1,275032347,1124,0,1124,-28,0,8,108
5,360,82.800000,0.000000,0,1,275032370,1125,0,1125,-28,0,8,108
5,360,82.800000,0.000000,0,1,275032390,1125,0,1125,-28,0,8,108
