5,720,21.600000,0.000000,1,1,274916154,600,22,600,22,0,8,39
5,720,21.600000,0.000000,1,1,274916155,600,22,600,22,0,8,39
5,720,21.600000,0.000000,1,1,274916166,600,22,600,22,0,8,39
5,720,21.600000,0.000000,1,1,274916177,600,22,600,22,0,8,39
5,720,21.600000,0.000000,1,1,274916189,600,22,600,22,0,8,39
5,720,21.600000,0.000000,1,1,274916201,600,22,600,22,0,8,39
5,720,21.600000,0.000000,1,1,274916215,605,21,605,21,0,8,39
5,720,21.600000,0.000000,1,1,274916227,620,19,620,19,0,8,39
5,720,21.600000,0.000000,1,1,274916240,643,16,643,16,0,8,39
5,720,21.600000,0.000000,1,1,274916252,684,13,684,13,0,8,39
5,720,21.600000,0.000000,1,1,274916264,742,10,742,10,0,8,39
5,720,21.600000,0.000000,1,1,274916276,813,7,813,7,0,8,39
5,720,21.600000,0.000000,1,1,274916298,900,4,900,4,0,8,39
5,720,21.600000,0.000000,1,1,274916312,1061,1,1061,1,0,8,39
5,720,21.600000,0.000000,1,1,274916324,1137,0,1137,0,0,8,39
5,720,21.600000,0.000000,1,1,274916336,1190,0,1190,-1,0,8,39
5,720,21.600000,0.000000,1,1,274916349,1218,0,1218,-2,0,8,39
5,720,21.600000,0.000000,1,1,274916362,1239,0,1239,-3,0,8,39
5,720,21.600000,0.000000,1,1,274916373,1252,0,1252,-3,0,8,39
5,720,21.600000,0.000000,1,1,274916386,1259,0,1259,-4,0,8,39
5,720,21.600000,0.000000,1,1,274916397,1264,0,1264,-4,0,8,39
5,720,21.600000,0.000000,1,1,274916407,1267,0,1267,-4,0,8,39
5,720,21.600000,0.000000,1,1,274916418,1269,0,1269,-4,0,8,39
5,720,21.600000,0.000000,1,1,274916431,1270,0,1270,-5,0,8,39
5,720,21.600000,0.000000,1,1,274916441,1271,0,1271,-5,0,8,39
5,720,21.600000,0.000000,1,1,274916451,1272,0,1272,-5,0,8,39
5,720,21.600000,0.000000,1,1,274916462,1272,0,1272,-5,0,8,39
5,720,21.600000,0.000000,1,1,274916475,1273,0,1273,-5,0,8,39
5,720,21.600000,0.000000,1,1,274916486,1275,0,1275,-6,0,8,39
5,720,21.600000,0.000000,1,1,274916496,1277,0,1277,-6,0,8,39
5,720,21.600000,0.000000,1,1,274916507,1279,0,1279,-6,0,8,39
5,720,21.600000,0.000000,1,1,274916517,1280,0,1280,-6,0,8,39
5,720,21.600000,0.000000,1,1,274916528,1281,0,1281,-6,0,8,39
5,720,21.600000,0.000000,1,1,274916541,1281,0,1281,-6,0,8,39
5,720,21.600000,0.000000,1,1,274916553,1281,0,1281,-6,0,8,39
5,720,21.600000,0.000000,1,1,274916573,1281,0,1281,-6,0,8,39
5,720,21.600000,0.000000,1,1,274916585,1283,0,1283,-7,0,8,39
5,720,21.600000,0.000000,1,1,274916598,1286,0,1286,-7,0,8,39
5,720,21.600000,0.000000,1,1,274916609,1291,0,1291,-8,0,8,39
5,720,21.600000,0.000000,1,1,274916620,1295,0,1295,-8,0,8,39
5,720,21.600000,0.000000,1,1,274916632,1300,0,1300,-10,0,8,39
5,720,21.600000,0.000000,1,1,274916643,1304,0,1304,-10,0,8,39
5,720,21.600000,0.000000,1,1,274916655,1309,0,1309,-11,0,8,39
5,720,21.600000,0.000000,1,1,274916665,1314,0,1314,-11,0,8,39
5,720,21.600000,0.000000,1,1,274916676,1316,0,1316,-12,0,8,39
5,720,21.600000,0.000000,1,1,274916687,1318,0,1318,-12,0,8,39
5,720,21.600000,0.000000,1,1,274916698,1318,0,1318,-12,0,8,39
5,720,21.600000,0.000000,1,1,274916708,1318,0,1318,-12,0,8,39
5,720,21.600000,0.000000,1,1,274916719,1318,0,1318,-12,0,8,39
5,720,21.600000,0.000000,1,1,274916730,1318,0,1318,-12,0,8,39
5,720,21.600000,0.000000,1,1,274916740,1318,0,1318,-12,0,8,39
5,720,21.600000,0.000000,1,1,274916751,1318,0,1318,-12,0,8,39
5,720,21.600000,0.000000,1,1,274916761,1318,0,1318,-12,0,8,39
5,720,21.600000,0.000000,1,1,274916773,1318,0,1318,-12,0,8,39
5,720,21.600000,0.000000,1,1,274916783,1318,0,1318,-12,0,8,39
5,720,21.600000,0.000000,1,1,274916794,1318,0,1318,-12,0,8,39
5,720,21.600000,0.000000,1,1,274916805,1318,0,1318,-12,0,8,39
