5,720,21.600000,12.276000,0,1,275001780,600,22,600,22,0,8,91
5,720,21.600000,12.276000,0,1,275001781,600,22,600,22,0,8,91
5,720,21.600000,12.276000,0,1,275001793,600,22,600,22,0,8,91
5,720,21.600000,12.276000,0,1,275001805,600,22,600,22,0,8,91
5,720,21.600000,12.276000,0,1,275001816,601,22,601,22,0,8,91
5,720,21.600000,12.276000,0,1,275001838,606,21,606,21,0,8,91
5,720,21.600000,12.276000,0,1,275001850,633,17,633,17,0,8,91
5,720,21.600000,12.276000,0,1,275001861,665,13,665,13,0,8,91
5,720,21.600000,12.276000,0,1,275001873,713,8,713,8,0,8,91
5,720,21.600000,12.276000,0,1,275001886,785,3,785,3,0,8,91
5,720,21.600000,12.276000,0,1,275001899,873,0,873,-2,0,8,91
5,720,21.600000,12.276000,0,1,275001913,949,0,949,-7,0,8,91
5,720,21.600000,12.276000,0,1,275001926,1025,0,1025,-13,0,8,91
5,720,21.600000,12.276000,0,1,275001947,1078,0,1078,-17,0,8,91
5,720,21.600000,12.276000,0,1,275001959,1183,0,1183,-23,0,8,91
5,720,21.600000,12.276000,0,1,275001970,1227,0,1227,-24,0,8,91
5,720,21.600000,12.276000,0,1,275001982,1259,0,1259,-26,0,8,91
5,720,21.600000,12.276000,0,1,275001995,1290,0,1290,-27,0,8,91
5,720,21.600000,12.276000,0,1,275002006,1318,0,1318,-28,0,8,91
5,720,21.600000,12.276000,0,1,275002019,1337,0,1337,-29,0,8,91
5,720,21.600000,12.276000,0,1,275002030,1349,0,1349,-29,0,8,91
5,720,21.600000,12.276000,0,1,275002043,1353,0,1353,-29,0,8,91
5,720,21.600000,12.276000,0,1,275002055,1354,0,1354,-29,0,8,91
5,720,21.600000,12.276000,0,1,275002066,1354,0,1354,-29,0,8,91
5,720,21.600000,12.276000,0,1,275002077,1354,0,1354,-29,0,8,91
5,720,21.600000,12.276000,0,1,275002088,1354,0,1354,-29,0,8,91
5,720,21.600000,12.276000,0,1,275002099,1355,0,1355,-29,0,8,91
5,720,21.600000,12.276000,0,1,275002109,1355,0,1355,-30,0,8,91
5,720,21.600000,12.276000,0,1,275002120,1355,0,1355,-30,0,8,91
5,720,21.600000,12.276000,0,1,275002131,1355,0,1355,-30,0,8,91
5,720,21.600000,12.276000,0,1,275002142,1355,0,1355,-30,0,8,91
5,720,21.600000,12.276000,0,1,275002153,1356,0,1356,-30,0,8,91
5,720,21.600000,12.276000,0,1,275002164,1358,0,1358,-30,0,8,91
5,720,21.600000,12.276000,0,1,275002176,1361,0,1361,-30,0,8,91
5,720,21.600000,12.276000,0,1,275002187,1364,0,1364,-30,0,8,91
5,720,21.600000,12.276000,0,1,275002197,1365,0,1365,-30,0,8,91
5,720,21.600000,12.276000,0,1,275002208,1366,0,1366,-30,0,8,91
5,720,21.600000,12.276000,0,1,275002219,1367,0,1367,-30,0,8,91
5,720,21.600000,12.276000,0,1,275002229,1367,0,1367,-30,0,8,91
5,720,21.600000,12.276000,0,1,275002240,1367,0,1367,-30,0,8,91
5,720,21.600000,12.276000,0,1,275002251,1367,0,1367,-30,0,8,91
5,720,21.600000,12.276000,0,1,275002261,1367,0,1367,-30,0,8,91
5,720,21.600000,12.276000,0,1,275002272,1367,0,1367,-30,0,8,91
5,720,21.600000,12.276000,0,1,275002283,1365,0,1365,-30,0,8,91
5,720,21.600000,12.276000,0,1,275002303,1363,1,1363,-29,0,8,91
5,720,21.600000,12.276000,0,1,275002314,1356,1,1356,-29,0,8,91
5,720,21.600000,12.276000,0,1,275002325,1352,2,1352,-28,0,8,91
5,720,21.600000,12.276000,0,1,275002336,1348,2,1348,-28,0,8,91
5,720,21.600000,12.276000,0,1,275002347,1346,3,1346,-27,0,8,91
5,720,21.600000,12.276000,0,1,275002358,1344,3,1344,-27,0,8,91
5,720,21.600000,12.276000,0,1,275002370,1341,3,1341,-27,0,8,91
5,720,21.600000,12.276000,0,1,275002382,1339,3,1339,-27,0,8,91
5,720,21.600000,12.276000,0,1,275002393,1337,4,1337,-26,0,8,91
5,720,21.600000,12.276000,0,1,275002413,1335,4,1335,-26,0,8,91
5,720,21.600000,12.276000,0,1,275002424,1331,4,1331,-26,0,8,91
5,720,21.600000,12.276000,0,1,275002436,1328,5,1328,-25,0,8,91
5,720,21.600000,12.276000,0,1,275002447,1324,5,1324,-25,0,8,91
5,720,21.600000,12.276000,0,1,275002458,1320,5,1320,-25,0,8,91
5,720,21.600000,12.276000,0,1,275002468,1317,6,1317,-24,0,8,91
5,720,21.600000,12.276000,0,1,275002480,1314,6,1314,-24,0,8,91
5,720,21.600000,12.276000,0,1,275002491,1312,6,1312,-24,0,8,91
5,720,21.600000,12.276000,0,1,275002502,1311,6,1311,-24,0,8,91
5,720,21.600000,12.276000,0,1,275002513,1310,6,1310,-24,0,8,91
5,720,21.600000,12.276000,0,1,275002523,1310,6,1310,-24,0,8,91
5,720,21.600000,12.276000,0,1,275002534,1310,6,1310,-24,0,8,91
5,720,21.600000,12.276000,0,1,275002545,1310,6,1310,-24,0,8,91
5,720,21.600000,12.276000,0,1,275002556,1310,6,1310,-24,0,8,91
5,720,21.600000,12.276000,0,1,275002567,1310,6,1310,-24,0,8,91
5,720,21.600000,12.276000,0,1,275002577,1310,6,1310,-24,0,8,91
5,720,21.600000,12.276000,0,1,275002588,1310,6,1310,-24,0,8,91
5,720,21.600000,12.276000,0,1,275002599,1310,6,1310,-24,0,8,91
5,720,21.600000,12.276000,0,1,275002610,1310,6,1310,-24,0,8,91
5,720,21.600000,12.276000,0,1,275002619,1310,6,1310,-24,0,8,91
