5,720,82.800000,22.608000,0,0,275041217,600,0,600,0,0,8,115
5,720,82.800000,22.608000,0,0,275041218,600,0,600,0,0,8,115
5,720,82.800000,22.608000,0,0,275041228,600,0,600,0,0,8,115
5,720,82.800000,22.608000,0,0,275041241,600,0,600,0,0,8,115
5,720,82.800000,22.608000,0,0,275041252,600,0,600,0,0,8,115
5,720,82.800000,22.608000,0,0,275041264,600,0,600,-1,0,8,115
5,720,82.800000,22.608000,0,0,275041275,600,0,600,-2,0,8,115
5,720,82.800000,22.608000,0,0,275041286,600,0,600,-2,0,8,115
5,720,82.800000,22.608000,0,0,275041298,602,0,602,-2,0,8,115
5,720,82.800000,22.608000,0,0,275041319,608,0,608,-3,0,8,115
5,720,82.800000,22.608000,0,0,275041331,636,0,636,-5,0,8,115
5,720,82.800000,22.608000,0,0,275041342,671,0,671,-7,0,8,115
5,720,82.800000,22.608000,0,0,275041352,727,0,727,-12,0,8,115
5,720,82.800000,22.608000,0,0,275041363,791,0,791,-14,0,8,115
5,720,82.800000,22.608000,0,0,275041375,866,0,866,-16,0,8,115
5,720,82.800000,22.608000,0,0,275041385,930,0,930,-18,0,8,115
5,720,82.800000,22.608000,0,0,275041396,987,0,987,-21,0,8,115
5,720,82.800000,22.608000,0,0,275041406,1052,0,1052,-24,0,8,115
5,720,82.800000,22.608000,0,0,275041417,1102,0,1102,-26,0,8,115
5,720,82.800000,22.608000,0,0,275041429,1153,0,1153,-28,0,8,115
5,720,82.800000,22.608000,0,0,275041440,1194,0,1194,-30,0,8,115
5,720,82.800000,22.608000,0,0,275041451,1223,0,1223,-31,0,8,115
5,720,82.800000,22.608000,0,0,275041463,1249,0,1249,-33,0,8,115
5,720,82.800000,22.608000,0,0,275041475,1275,0,1275,-33,0,8,115
5,720,82.800000,22.608000,0,0,275041486,1296,0,1296,-34,0,8,115
5,720,82.800000,22.608000,0,0,275041498,1309,0,1309,-36,0,8,115
5,720,82.800000,22.608000,0,0,275041509,1316,0,1316,-36,0,8,115
5,720,82.800000,22.608000,0,0,275041519,1319,0,1319,-37,0,8,115
5,720,82.800000,22.608000,0,0,275041530,1321,0,1321,-37,0,8,115
5,720,82.800000,22.608000,0,0,275041541,1322,0,1322,-37,0,8,115
5,720,82.800000,22.608000,0,0,275041551,1322,0,1322,-37,0,8,115
5,720,82.800000,22.608000,0,0,275041571,1323,0,1323,-37,0,8,115
5,720,82.800000,22.608000,0,0,275041583,1328,0,1328,-37,0,8,115
5,720,82.800000,22.608000,0,0,275041594,1331,0,1331,-38,0,8,115
5,720,82.800000,22.608000,0,0,275041607,1334,0,1334,-39,0,8,115
5,720,82.800000,22.608000,0,0,275041617,1338,0,1338,-39,0,8,115
5,720,82.800000,22.608000,0,0,275041628,1340,0,1340,-40,0,8,115
5,720,82.800000,22.608000,0,0,275041649,1343,0,1343,-41,0,8,115
5,720,82.800000,22.608000,0,0,275041660,1345,0,1345,-41,0,8,115
5,720,82.800000,22.608000,0,0,275041670,1345,0,1345,-41,0,8,115
5,720,82.800000,22.608000,0,0,275041682,1345,0,1345,-42,0,8,115
5,720,82.800000,22.608000,0,0,275041693,1345,0,1345,-42,0,8,115
5,720,82.800000,22.608000,0,0,275041707,1345,0,1345,-43,0,8,115
5,720,82.800000,22.608000,0,0,275041717,1345,0,1345,-43,0,8,115
5,720,82.800000,22.608000,0,0,275041728,1344,0,1344,-43,0,8,115
5,720,82.800000,22.608000,0,0,275041739,1344,0,1344,-43,0,8,115
5,720,82.800000,22.608000,0,0,275041757,1344,0,1344,-43,0,8,115
5,720,82.800000,22.608000,0,0,275041768,1343,0,1343,-43,0,8,115
5,720,82.800000,22.608000,0,0,275041780,1342,0,1342,-43,0,8,115
5,720,82.800000,22.608000,0,0,275041790,1341,0,1341,-43,0,8,115
5,720,82.800000,22.608000,0,0,275041800,1340,0,1340,-43,0,8,115
5,720,82.800000,22.608000,0,0,275041811,1340,0,1340,-43,0,8,115
5,720,82.800000,22.608000,0,0,275041822,1339,0,1339,-43,0,8,115
5,720,82.800000,22.608000,0,0,275041831,1339,0,1339,-43,0,8,115
