5,720,82.800000,12.276000,0,1,274921535,600,22,600,22,0,8,43
5,720,82.800000,12.276000,0,1,274921536,600,22,600,22,0,8,43
5,720,82.800000,12.276000,0,1,274921548,600,22,600,22,0,8,43
5,720,82.800000,12.276000,0,1,274921559,600,22,600,22,0,8,43
5,720,82.800000,12.276000,0,1,274921570,600,22,600,22,0,8,43
5,720,82.800000,12.276000,0,1,274921584,600,22,600,22,0,8,43
5,720,82.800000,12.276000,0,1,274921606,603,21,603,21,0,8,43
5,720,82.800000,12.276000,0,1,274921618,625,19,625,19,0,8,43
5,720,82.800000,12.276000,0,1,274921630,647,17,647,17,0,8,43
5,720,82.800000,12.276000,0,1,274921641,687,13,687,13,0,8,43
5,720,82.800000,12.276000,0,1,274921652,729,10,729,10,0,8,43
5,720,82.800000,12.276000,0,1,274921665,781,4,781,4,0,8,43
5,720,82.800000,12.276000,0,1,274921676,844,0,844,-8,0,8,43
5,720,82.800000,12.276000,0,1,274921690,913,0,913,-19,0,8,43
5,720,82.800000,12.276000,0,1,274921702,986,0,986,-24,0,8,43
5,720,82.800000,12.276000,0,1,274921718,1040,0,1040,-28,0,8,43
5,720,82.800000,12.276000,0,1,274921730,1101,0,1101,-31,0,8,43
5,720,82.800000,12.276000,0,1,274921743,1133,0,1133,-33,0,8,43
5,720,82.800000,12.276000,0,1,274921755,1159,0,1159,-34,0,8,43
5,720,82.800000,12.276000,0,1,274921768,1174,0,1174,-35,0,8,43
5,720,82.800000,12.276000,0,1,274921779,1188,0,1188,-36,0,8,43
5,720,82.800000,12.276000,0,1,274921790,1197,0,1197,-37,0,8,43
5,720,82.800000,12.276000,0,1,274921802,1203,0,1203,-37,0,8,43
5,720,82.800000,12.276000,0,1,274921814,1209,0,1209,-38,0,8,43
5,720,82.800000,12.276000,0,1,274921826,1214,0,1214,-39,0,8,43
5,720,82.800000,12.276000,0,1,274921839,1221,0,1221,-40,0,8,43
5,720,82.800000,12.276000,0,1,274921850,1227,0,1227,-41,0,8,43
5,720,82.800000,12.276000,0,1,274921862,1233,0,1233,-42,0,8,43
5,720,82.800000,12.276000,0,1,274921873,1238,0,1238,-42,0,8,43
5,720,82.800000,12.276000,0,1,274921885,1242,0,1242,-43,0,8,43
5,720,82.800000,12.276000,0,1,274921897,1246,0,1246,-44,0,8,43
5,720,82.800000,12.276000,0,1,274921908,1250,0,1250,-44,0,8,43
5,720,82.800000,12.276000,0,1,274921920,1253,0,1253,-45,0,8,43
5,720,82.800000,12.276000,0,1,274921930,1255,0,1255,-45,0,8,43
5,720,82.800000,12.276000,0,1,274921941,1256,0,1256,-45,0,8,43
5,720,82.800000,12.276000,0,1,274921952,1258,0,1258,-46,0,8,43
5,720,82.800000,12.276000,0,1,274921962,1260,0,1260,-47,0,8,43
5,720,82.800000,12.276000,0,1,274921975,1260,0,1260,-47,0,8,43
5,720,82.800000,12.276000,0,1,274921988,1262,0,1262,-47,0,8,43
5,720,82.800000,12.276000,0,1,274922000,1264,0,1264,-48,0,8,43
5,720,82.800000,12.276000,0,1,274922011,1266,0,1266,-48,0,8,43
5,720,82.800000,12.276000,0,1,274922022,1267,0,1267,-48,0,8,43
5,720,82.800000,12.276000,0,1,274922032,1268,0,1268,-48,0,8,43
5,720,82.800000,12.276000,0,1,274922043,1268,0,1268,-49,0,8,43
5,720,82.800000,12.276000,0,1,274922053,1268,0,1268,-49,0,8,43
5,720,82.800000,12.276000,0,1,274922064,1268,0,1268,-49,0,8,43
5,720,82.800000,12.276000,0,1,274922075,1268,0,1268,-49,0,8,43
5,720,82.800000,12.276000,0,1,274922086,1268,0,1268,-49,0,8,43
5,720,82.800000,12.276000,0,1,274922097,1268,0,1268,-49,0,8,43
5,720,82.800000,12.276000,0,1,274922107,1268,0,1268,-49,0,8,43
5,720,82.800000,12.276000,0,1,274922118,1268,0,1268,-49,0,8,43
5,720,82.800000,12.276000,0,1,274922129,1268,0,1268,-49,0,8,43
5,720,82.800000,12.276000,0,1,274922140,1268,0,1268,-49,0,8,43
5,720,82.800000,12.276000,0,1,274922151,1268,0,1268,-49,0,8,43
5,720,82.800000,12.276000,0,1,274922162,1268,0,1268,-49,0,8,43
5,720,82.800000,12.276000,0,1,274922172,1268,0,1268,-49,0,8,43
5,720,82.800000,12.276000,0,1,274922183,1269,0,1269,-49,0,8,43
5,720,82.800000,12.276000,0,1,274922193,1269,0,1269,-49,0,8,43
5,720,82.800000,12.276000,0,1,274922204,1271,0,1271,-49,0,8,43
5,720,82.800000,12.276000,0,1,274922215,1272,0,1272,-49,0,8,43
5,720,82.800000,12.276000,0,1,274922226,1274,0,1274,-49,0,8,43
5,720,82.800000,12.276000,0,1,274922236,1277,0,1277,-49,0,8,43
5,720,82.800000,12.276000,0,1,274922247,1279,0,1279,-50,0,8,43
5,720,82.800000,12.276000,0,1,274922258,1281,0,1281,-50,0,8,43
5,720,82.800000,12.276000,0,1,274922268,1283,0,1283,-50,0,8,43
5,720,82.800000,12.276000,0,1,274922279,1285,0,1285,-50,0,8,43
5,720,82.800000,12.276000,0,1,274922289,1288,0,1288,-50,0,8,43
5,720,82.800000,12.276000,0,1,274922300,1288,0,1288,-51,0,8,43
5,720,82.800000,12.276000,0,1,274922311,1289,0,1289,-51,0,8,43
5,720,82.800000,12.276000,0,1,274922321,1290,0,1290,-51,0,8,43
5,720,82.800000,12.276000,0,1,274922331,1290,0,1290,-51,0,8,43
5,720,82.800000,12.276000,0,1,274922343,1291,0,1291,-51,0,8,43
5,720,82.800000,12.276000,0,1,274922354,1292,0,1292,-51,0,8,43
5,720,82.800000,12.276000,0,1,274922365,1294,0,1294,-51,0,8,43
5,720,82.800000,12.276000,0,1,274922376,1295,0,1295,-51,0,8,43
5,720,82.800000,12.276000,0,1,274922387,1295,0,1295,-51,0,8,43
5,720,82.800000,12.276000,0,1,274922397,1295,0,1295,-51,0,8,43
5,720,82.800000,12.276000,0,1,274922408,1295,0,1295,-51,0,8,43
5,720,82.800000,12.276000,0,1,274922419,1295,0,1295,-51,0,8,43
5,720,82.800000,12.276000,0,1,274922429,1295,0,1295,-51,0,8,43
5,720,82.800000,12.276000,0,1,274922440,1295,0,1295,-51,0,8,43
5,720,82.800000,12.276000,0,1,274922450,1295,0,1295,-51,0,8,43
