5,720,50.400000,0.000000,0,1,274910847,600,22,600,22,0,8,35
5,720,50.400000,0.000000,0,1,274910848,600,22,600,22,0,8,35
5,720,50.400000,0.000000,0,1,274910868,600,22,600,22,0,8,35
5,720,50.400000,0.000000,0,1,274910880,600,22,600,22,0,8,35
5,720,50.400000,0.000000,0,1,274910890,600,22,600,22,0,8,35
5,720,50.400000,0.000000,0,1,274910901,601,21,601,21,0,8,35
5,720,50.400000,0.000000,0,1,274910911,603,21,603,21,0,8,35
5,720,50.400000,0.000000,0,1,274910932,609,19,609,19,0,8,35
5,720,50.400000,0.000000,0,1,274910944,638,17,638,17,0,8,35
5,720,50.400000,0.000000,0,1,274910965,664,15,664,15,0,8,35
5,720,50.400000,0.000000,0,1,274910976,757,12,757,12,0,8,35
5,720,50.400000,0.000000,0,1,274910995,826,9,826,9,0,8,35
5,720,50.400000,0.000000,0,1,274911007,934,6,934,6,0,8,35
5,720,50.400000,0.000000,0,1,274911027,992,6,992,6,0,8,35
5,720,50.400000,0.000000,0,1,274911038,1075,4,1075,4,0,8,35
5,720,50.400000,0.000000,0,1,274911058,1109,3,1109,3,0,8,35
5,720,50.400000,0.000000,0,1,274911069,1159,1,1159,1,0,8,35
5,720,50.400000,0.000000,0,1,274911080,1178,1,1178,1,0,8,35
5,720,50.400000,0.000000,0,1,274911092,1193,0,1193,0,0,8,35
5,720,50.400000,0.000000,0,1,274911103,1205,0,1205,-1,0,8,35
5,720,50.400000,0.000000,0,1,274911114,1213,0,1213,-1,0,8,35
5,720,50.400000,0.000000,0,1,274911125,1216,0,1216,-1,0,8,35
5,720,50.400000,0.000000,0,1,274911135,1217,0,1217,-1,0,8,35
5,720,50.400000,0.000000,0,1,274911146,1218,0,1218,-1,0,8,35
5,720,50.400000,0.000000,0,1,274911156,1219,0,1219,-1,0,8,35
5,720,50.400000,0.000000,0,1,274911166,1219,0,1219,-1,0,8,35
5,720,50.400000,0.000000,0,1,274911178,1220,0,1220,-2,0,8,35
5,720,50.400000,0.000000,0,1,274911197,1222,0,1222,-2,0,8,35
5,720,50.400000,0.000000,0,1,274911208,1226,0,1226,-3,0,8,35
5,720,50.400000,0.000000,0,1,274911229,1227,0,1227,-3,0,8,35
5,720,50.400000,0.000000,0,1,274911241,1227,0,1227,-3,0,8,35
5,720,50.400000,0.000000,0,1,274911262,1227,0,1227,-3,0,8,35
5,720,50.400000,0.000000,0,1,274911284,1231,0,1231,-4,0,8,35
5,720,50.400000,0.000000,0,1,274911295,1242,0,1242,-5,0,8,35
5,720,50.400000,0.000000,0,1,274911305,1248,0,1248,-6,0,8,35
5,720,50.400000,0.000000,0,1,274911325,1252,0,1252,-7,0,8,35
5,720,50.400000,0.000000,0,1,274911336,1256,0,1256,-8,0,8,35
5,720,50.400000,0.000000,0,1,274911347,1260,0,1260,-9,0,8,35
5,720,50.400000,0.000000,0,1,274911358,1260,0,1260,-9,0,8,35
5,720,50.400000,0.000000,0,1,274911369,1260,0,1260,-9,0,8,35
5,720,50.400000,0.000000,0,1,274911379,1261,0,1261,-9,0,8,35
5,720,50.400000,0.000000,0,1,274911390,1263,0,1263,-9,0,8,35
5,720,50.400000,0.000000,0,1,274911401,1264,0,1264,-9,0,8,35
5,720,50.400000,0.000000,0,1,274911411,1266,0,1266,-10,0,8,35
5,720,50.400000,0.000000,0,1,274911431,1267,0,1267,-10,0,8,35
5,720,50.400000,0.000000,0,1,274911441,1267,0,1267,-10,0,8,35
5,720,50.400000,0.000000,0,1,274911452,1267,0,1267,-10,0,8,35
5,720,50.400000,0.000000,0,1,274911462,1267,0,1267,-10,0,8,35
5,720,50.400000,0.000000,0,1,274911472,1267,0,1267,-10,0,8,35
5,720,50.400000,0.000000,0,1,274911482,1268,0,1268,-10,0,8,35
5,720,50.400000,0.000000,0,1,274911493,1269,0,1269,-10,0,8,35
5,720,50.400000,0.000000,0,1,274911514,1271,0,1271,-11,0,8,35
5,720,50.400000,0.000000,0,1,274911524,1274,0,1274,-11,0,8,35
5,720,50.400000,0.000000,0,1,274911535,1277,0,1277,-11,0,8,35
5,720,50.400000,0.000000,0,1,274911555,1277,0,1277,-11,0,8,35
5,720,50.400000,0.000000,0,1,274911575,1277,0,1277,-11,0,8,35
5,720,50.400000,0.000000,0,1,274911585,1280,0,1280,-11,0,8,35
5,720,50.400000,0.000000,0,1,274911595,1282,0,1282,-11,0,8,35
5,720,50.400000,0.000000,0,1,274911605,1284,0,1284,-11,0,8,35
5,720,50.400000,0.000000,0,1,274911615,1286,0,1286,-11,0,8,35
5,720,50.400000,0.000000,0,1,274911625,1288,0,1288,-11,0,8,35
5,720,50.400000,0.000000,0,1,274911636,1289,0,1289,-11,0,8,35
5,720,50.400000,0.000000,0,1,274911646,1289,0,1289,-11,0,8,35
5,720,50.400000,0.000000,0,1,274911656,1289,0,1289,-11,0,8,35
5,720,50.400000,0.000000,0,1,274911666,1289,0,1289,-11,0,8,35
5,720,50.400000,0.000000,0,1,274911676,1290,0,1290,-11,0,8,35
5,720,50.400000,0.000000,0,1,274911687,1291,0,1291,-11,0,8,35
5,720,50.400000,0.000000,0,1,274911697,1293,0,1293,-12,0,8,35
5,720,50.400000,0.000000,0,1,274911709,1297,0,1297,-12,0,8,35
5,720,50.400000,0.000000,0,1,274911720,1303,0,1303,-12,0,8,35
5,720,50.400000,0.000000,0,1,274911732,1310,0,1310,-12,0,8,35
5,720,50.400000,0.000000,0,1,274911743,1315,0,1315,-12,0,8,35
5,720,50.400000,0.000000,0,1,274911753,1320,0,1320,-12,0,8,35
5,720,50.400000,0.000000,0,1,274911765,1323,0,1323,-12,0,8,35
5,720,50.400000,0.000000,0,1,274911776,1326,0,1326,-12,0,8,35
5,720,50.400000,0.000000,0,1,274911787,1327,0,1327,-12,0,8,35
5,720,50.400000,0.000000,0,1,274911797,1329,0,1329,-13,0,8,35
5,720,50.400000,0.000000,0,1,274911808,1330,0,1330,-13,0,8,35
5,720,50.400000,0.000000,0,1,274911819,1332,0,1332,-13,0,8,35
5,720,50.400000,0.000000,0,1,274911830,1334,0,1334,-13,0,8,35
5,720,50.400000,0.000000,0,1,274911840,1336,0,1336,-13,0,8,35
5,720,50.400000,0.000000,0,1,274911850,1336,0,1336,-13,0,8,35
5,720,50.400000,0.000000,0,1,274911869,1336,0,1336,-13,0,8,35
5,720,50.400000,0.000000,0,1,274911880,1336,0,1336,-13,0,8,35
5,720,50.400000,0.000000,0,1,274911890,1336,0,1336,-13,0,8,35
5,720,50.400000,0.000000,0,1,274911901,1336,0,1336,-13,0,8,35
5,720,50.400000,0.000000,0,1,274911911,1336,0,1336,-13,0,8,35
5,720,50.400000,0.000000,0,1,274911921,1336,0,1336,-13,0,8,35
5,720,50.400000,0.000000,0,1,274911932,1336,0,1336,-13,0,8,35
5,720,50.400000,0.000000,0,1,274911941,1336,0,1336,-13,0,8,35
5,720,50.400000,0.000000,0,1,274911952,1336,0,1336,-13,0,8,35
5,720,50.400000,0.000000,0,1,274911961,1336,0,1336,-13,0,8,35
5,720,50.400000,0.000000,0,1,274911971,1336,0,1336,-13,0,8,35
5,720,50.400000,0.000000,0,1,274911982,1335,0,1335,-13,0,8,35
5,720,50.400000,0.000000,0,1,274911992,1333,0,1333,-13,0,8,35
5,720,50.400000,0.000000,0,1,274912002,1333,0,1333,-13,0,8,35
5,720,50.400000,0.000000,0,1,274912012,1333,0,1333,-13,0,8,35
5,720,50.400000,0.000000,0,1,274912022,1333,0,1333,-13,0,8,35
5,720,50.400000,0.000000,0,1,274912032,1333,0,1333,-13,0,8,35
5,720,50.400000,0.000000,0,1,274912042,1333,0,1333,-13,0,8,35
5,720,50.400000,0.000000,0,1,274912052,1333,0,1333,-13,0,8,35
