5,360,21.600000,0.000000,0,1,274922975,780,22,780,22,0,8,44
5,360,21.600000,0.000000,0,1,274922976,780,22,780,22,0,8,44
5,360,21.600000,0.000000,0,1,274922987,780,22,780,22,0,8,44
5,360,21.600000,0.000000,0,1,274922998,780,22,780,22,0,8,44
5,360,21.600000,0.000000,0,1,274923008,780,22,780,22,0,8,44
5,360,21.600000,0.000000,0,1,274923020,780,22,780,22,0,8,44
5,360,21.600000,0.000000,0,1,274923031,780,22,780,22,0,8,44
5,360,21.600000,0.000000,0,1,274923043,780,22,780,22,0,8,44
5,360,21.600000,0.000000,0,1,274923054,780,22,780,22,0,8,44
5,360,21.600000,0.000000,0,1,274923065,782,22,782,22,0,8,44
5,360,21.600000,0.000000,0,1,274923076,787,21,787,21,0,8,44
5,360,21.600000,0.000000,0,1,274923089,797,20,797,20,0,8,44
5,360,21.600000,0.000000,0,1,274923101,818,17,818,17,0,8,44
5,360,21.600000,0.000000,0,1,274923114,844,14,844,14,0,8,44
5,360,21.600000,0.000000,0,1,274923125,875,11,875,11,0,8,44
5,360,21.600000,0.000000,0,1,274923137,907,8,907,8,0,8,44
5,360,21.600000,0.000000,0,1,274923149,934,6,934,6,0,8,44
5,360,21.600000,0.000000,0,1,274923161,959,5,959,5,0,8,44
5,360,21.600000,0.000000,0,1,274923172,982,4,982,4,0,8,44
5,360,21.600000,0.000000,0,1,274923183,1000,2,1000,2,0,8,44
5,360,21.600000,0.000000,0,1,274923194,1011,2,1011,2,0,8,44
5,360,21.600000,0.000000,0,1,274923208,1022,0,1022,0,0,8,44
5,360,21.600000,0.000000,0,1,274923218,1033,0,1033,0,0,8,44
5,360,21.600000,0.000000,0,1,274923230,1042,0,1042,0,0,8,44
5,360,21.600000,0.000000,0,1,274923242,1051,0,1051,0,0,8,44
5,360,21.600000,0.000000,0,1,274923254,1060,0,1060,-1,0,8,44
5,360,21.600000,0.000000,0,1,274923265,1068,0,1068,-2,0,8,44
5,360,21.600000,0.000000,0,1,274923276,1075,0,1075,-2,0,8,44
5,360,21.600000,0.000000,0,1,274923288,1080,0,1080,-2,0,8,44
5,360,21.600000,0.000000,0,1,274923298,1083,0,1083,-3,0,8,44
5,360,21.600000,0.000000,0,1,274923310,1085,0,1085,-3,0,8,44
5,360,21.600000,0.000000,0,1,274923321,1088,0,1088,-3,0,8,44
5,360,21.600000,0.000000,0,1,274923333,1089,0,1089,-4,0,8,44
5,360,21.600000,0.000000,0,1,274923343,1091,0,1091,-4,0,8,44
5,360,21.600000,0.000000,0,1,274923354,1093,0,1093,-4,0,8,44
5,360,21.600000,0.000000,0,1,274923365,1095,0,1095,-4,0,8,44
5,360,21.600000,0.000000,0,1,274923376,1098,0,1098,-5,0,8,44
5,360,21.600000,0.000000,0,1,274923388,1102,0,1102,-5,0,8,44
5,360,21.600000,0.000000,0,1,274923398,1107,0,1107,-6,0,8,44
5,360,21.600000,0.000000,0,1,274923409,1111,0,1111,-6,0,8,44
5,360,21.600000,0.000000,0,1,274923420,1113,0,1113,-6,0,8,44
5,360,21.600000,0.000000,0,1,274923430,1115,0,1115,-6,0,8,44
5,360,21.600000,0.000000,0,1,274923441,1115,0,1115,-6,0,8,44
5,360,21.600000,0.000000,0,1,274923451,1115,0,1115,-6,0,8,44
5,360,21.600000,0.000000,0,1,274923462,1116,0,1116,-6,0,8,44
5,360,21.600000,0.000000,0,1,274923473,1116,0,1116,-6,0,8,44
5,360,21.600000,0.000000,0,1,274923484,1116,0,1116,-6,0,8,44
5,360,21.600000,0.000000,0,1,274923496,1117,0,1117,-7,0,8,44
5,360,21.600000,0.000000,0,1,274923505,1118,0,1118,-7,0,8,44
5,360,21.600000,0.000000,0,1,274923518,1118,0,1118,-7,0,8,44
5,360,21.600000,0.000000,0,1,274923540,1120,0,1120,-7,0,8,44
5,360,21.600000,0.000000,0,1,274923562,1120,0,1120,-7,0,8,44
5,360,21.600000,0.000000,0,1,274923574,1120,0,1120,-7,0,8,44
5,360,21.600000,0.000000,0,1,274923595,1120,0,1120,-7,0,8,44
5,360,21.600000,0.000000,0,1,274923606,1121,0,1121,-7,0,8,44
5,360,21.600000,0.000000,0,1,274923617,1122,0,1122,-7,0,8,44
5,360,21.600000,0.000000,0,1,274923628,1124,0,1124,-8,0,8,44
5,360,21.600000,0.000000,0,1,274923638,1126,0,1126,-8,0,8,44
5,360,21.600000,0.000000,0,1,274923649,1128,0,1128,-8,0,8,44
5,360,21.600000,0.000000,0,1,274923660,1131,0,1131,-8,0,8,44
5,360,21.600000,0.000000,0,1,274923671,1132,0,1132,-8,0,8,44
5,360,21.600000,0.000000,0,1,274923682,1133,0,1133,-8,0,8,44
5,360,21.600000,0.000000,0,1,274923692,1134,0,1134,-8,0,8,44
5,360,21.600000,0.000000,0,1,274923702,1134,0,1134,-9,0,8,44
5,360,21.600000,0.000000,0,1,274923713,1135,0,1135,-9,0,8,44
5,360,21.600000,0.000000,0,1,274923724,1137,0,1137,-9,0,8,44
5,360,21.600000,0.000000,0,1,274923735,1138,0,1138,-10,0,8,44
5,360,21.600000,0.000000,0,1,274923746,1140,0,1140,-10,0,8,44
5,360,21.600000,0.000000,0,1,274923757,1142,0,1142,-10,0,8,44
5,360,21.600000,0.000000,0,1,274923768,1145,0,1145,-10,0,8,44
5,360,21.600000,0.000000,0,1,274923780,1147,0,1147,-10,0,8,44
5,360,21.600000,0.000000,0,1,274923800,1148,0,1148,-10,0,8,44
5,360,21.600000,0.000000,0,1,274923810,1148,0,1148,-10,0,8,44
5,360,21.600000,0.000000,0,1,274923821,1148,0,1148,-10,0,8,44
5,360,21.600000,0.000000,0,1,274923832,1148,0,1148,-10,0,8,44
5,360,21.600000,0.000000,0,1,274923842,1148,0,1148,-10,0,8,44
5,360,21.600000,0.000000,0,1,274923852,1148,0,1148,-10,0,8,44
5,360,21.600000,0.000000,0,1,274923864,1148,0,1148,-10,0,8,44
5,360,21.600000,0.000000,0,1,274923874,1148,0,1148,-10,0,8,44
5,360,21.600000,0.000000,0,1,274923885,1148,0,1148,-10,0,8,44
5,360,21.600000,0.000000,0,1,274923896,1148,0,1148,-10,0,8,44
5,360,21.600000,0.000000,0,1,274923906,1148,0,1148,-10,0,8,44
5,360,21.600000,0.000000,0,1,274923917,1148,0,1148,-10,0,8,44
5,360,21.600000,0.000000,0,1,274923928,1148,0,1148,-10,0,8,44
5,360,21.600000,0.000000,0,1,274923938,1148,0,1148,-10,0,8,44
5,360,21.600000,0.000000,0,1,274923949,1148,0,1148,-10,0,8,44
5,360,21.600000,0.000000,0,1,274923959,1148,0,1148,-10,0,8,44
5,360,21.600000,0.000000,0,1,274923970,1148,0,1148,-10,0,8,44
5,360,21.600000,0.000000,0,1,274923980,1148,0,1148,-10,0,8,44
5,360,21.600000,0.000000,0,1,274923990,1148,0,1148,-10,0,8,44
5,360,21.600000,0.000000,0,1,274924000,1148,0,1148,-10,0,8,44
5,360,21.600000,0.000000,0,1,274924011,1148,0,1148,-10,0,8,44
5,360,21.600000,0.000000,0,1,274924021,1148,0,1148,-10,0,8,44
5,360,21.600000,0.000000,0,1,274924032,1148,0,1148,-10,0,8,44
5,360,21.600000,0.000000,0,1,274924042,1148,0,1148,-10,0,8,44
5,360,21.600000,0.000000,0,1,274924052,1148,0,1148,-10,0,8,44
5,360,21.600000,0.000000,0,1,274924062,1148,0,1148,-10,0,8,44
5,360,21.600000,0.000000,0,1,274924072,1148,0,1148,-10,0,8,44
5,360,21.600000,0.000000,0,1,274924082,1148,0,1148,-10,0,8,44
5,360,21.600000,0.000000,0,1,274924093,1148,0,1148,-11,0,8,44
5,360,21.600000,0.000000,0,1,274924103,1148,0,1148,-11,0,8,44
5,360,21.600000,0.000000,0,1,274924113,1148,0,1148,-11,0,8,44
5,360,21.600000,0.000000,0,1,274924123,1148,0,1148,-11,0,8,44
