5,360,21.600000,12.276000,1,1,274963894,780,22,780,22,0,8,70
5,360,21.600000,12.276000,1,1,274963895,780,22,780,22,0,8,70
5,360,21.600000,12.276000,1,1,274963905,780,22,780,22,0,8,70
5,360,21.600000,12.276000,1,1,274963916,780,22,780,22,0,8,70
5,360,21.600000,12.276000,1,1,274963927,780,22,780,22,0,8,70
5,360,21.600000,12.276000,1,1,274963938,780,22,780,22,0,8,70
5,360,21.600000,12.276000,1,1,274963957,780,22,780,22,0,8,70
5,360,21.600000,12.276000,1,1,274963967,780,22,780,22,0,8,70
5,360,21.600000,12.276000,1,1,274963978,780,22,780,22,0,8,70
5,360,21.600000,12.276000,1,1,274963989,780,22,780,22,0,8,70
5,360,21.600000,12.276000,1,1,274963999,780,22,780,22,0,8,70
5,360,21.600000,12.276000,1,1,274964010,780,22,780,22,0,8,70
5,360,21.600000,12.276000,1,1,274964023,781,22,781,22,0,8,70
5,360,21.600000,12.276000,1,1,274964034,787,22,787,22,0,8,70
5,360,21.600000,12.276000,1,1,274964045,797,22,797,22,0,8,70
5,360,21.600000,12.276000,1,1,274964056,809,20,809,20,0,8,70
5,360,21.600000,12.276000,1,1,274964067,827,18,827,18,0,8,70
5,360,21.600000,12.276000,1,1,274964078,848,17,848,17,0,8,70
5,360,21.600000,12.276000,1,1,274964089,873,16,873,16,0,8,70
5,360,21.600000,12.276000,1,1,274964100,898,15,898,15,0,8,70
5,360,21.600000,12.276000,1,1,274964112,922,15,922,15,0,8,70
5,360,21.600000,12.276000,1,1,274964131,948,13,948,13,0,8,70
5,360,21.600000,12.276000,1,1,274964143,987,12,987,12,0,8,70
5,360,21.600000,12.276000,1,1,274964153,1005,11,1005,11,0,8,70
5,360,21.600000,12.276000,1,1,274964165,1024,10,1024,10,0,8,70
5,360,21.600000,12.276000,1,1,274964176,1037,10,1037,10,0,8,70
5,360,21.600000,12.276000,1,1,274964187,1050,9,1050,9,0,8,70
5,360,21.600000,12.276000,1,1,274964199,1060,8,1060,8,0,8,70
5,360,21.600000,12.276000,1,1,274964210,1069,7,1069,7,0,8,70
5,360,21.600000,12.276000,1,1,274964221,1076,7,1076,7,0,8,70
5,360,21.600000,12.276000,1,1,274964243,1079,7,1079,7,0,8,70
5,360,21.600000,12.276000,1,1,274964264,1081,7,1081,7,0,8,70
5,360,21.600000,12.276000,1,1,274964275,1082,7,1082,7,0,8,70
5,360,21.600000,12.276000,1,1,274964286,1084,7,1084,7,0,8,70
5,360,21.600000,12.276000,1,1,274964305,1086,6,1086,6,0,8,70
5,360,21.600000,12.276000,1,1,274964318,1093,5,1093,5,0,8,70
5,360,21.600000,12.276000,1,1,274964329,1097,5,1097,5,0,8,70
5,360,21.600000,12.276000,1,1,274964339,1100,4,1100,4,0,8,70
5,360,21.600000,12.276000,1,1,274964352,1103,4,1103,4,0,8,70
5,360,21.600000,12.276000,1,1,274964362,1106,3,1106,3,0,8,70
5,360,21.600000,12.276000,1,1,274964374,1108,3,1108,3,0,8,70
5,360,21.600000,12.276000,1,1,274964385,1109,3,1109,3,0,8,70
5,360,21.600000,12.276000,1,1,274964396,1111,3,1111,3,0,8,70
5,360,21.600000,12.276000,1,1,274964407,1113,3,1113,3,0,8,70
5,360,21.600000,12.276000,1,1,274964419,1115,2,1115,2,0,8,70
5,360,21.600000,12.276000,1,1,274964437,1117,1,1117,1,0,8,70
5,360,21.600000,12.276000,1,1,274964448,1122,1,1122,1,0,8,70
5,360,21.600000,12.276000,1,1,274964460,1124,0,1124,0,0,8,70
5,360,21.600000,12.276000,1,1,274964480,1126,0,1126,0,0,8,70
5,360,21.600000,12.276000,1,1,274964492,1130,0,1130,-1,0,8,70
5,360,21.600000,12.276000,1,1,274964502,1131,0,1131,-1,0,8,70
5,360,21.600000,12.276000,1,1,274964513,1132,0,1132,-1,0,8,70
5,360,21.600000,12.276000,1,1,274964532,1132,0,1132,-1,0,8,70
5,360,21.600000,12.276000,1,1,274964542,1132,0,1132,-1,0,8,70
5,360,21.600000,12.276000,1,1,274964552,1133,0,1133,-1,0,8,70
5,360,21.600000,12.276000,1,1,274964562,1133,0,1133,-1,0,8,70
5,360,21.600000,12.276000,1,1,274964573,1133,0,1133,-1,0,8,70
5,360,21.600000,12.276000,1,1,274964583,1133,0,1133,-1,0,8,70
5,360,21.600000,12.276000,1,1,274964593,1133,0,1133,-1,0,8,70
5,360,21.600000,12.276000,1,1,274964603,1133,0,1133,-1,0,8,70
5,360,21.600000,12.276000,1,1,274964613,1133,0,1133,-1,0,8,70
5,360,21.600000,12.276000,1,1,274964623,1133,0,1133,-1,0,8,70
5,360,21.600000,12.276000,1,1,274964633,1133,0,1133,-1,0,8,70
5,360,21.600000,12.276000,1,1,274964643,1133,0,1133,-1,0,8,70
5,360,21.600000,12.276000,1,1,274964653,1133,0,1133,-1,0,8,70
5,360,21.600000,12.276000,1,1,274964663,1133,0,1133,-1,0,8,70
5,360,21.600000,12.276000,1,1,274964674,1133,0,1133,-1,0,8,70
5,360,21.600000,12.276000,1,1,274964686,1133,0,1133,-1,0,8,70
5,360,21.600000,12.276000,1,1,274964695,1133,0,1133,-1,0,8,70
