5,720,50.400000,10000.000000,0,1,275247496,600,22,600,22,0,9,109
5,720,50.400000,10000.000000,0,1,275247497,600,22,600,22,0,9,109
5,720,50.400000,10000.000000,0,1,275247508,600,22,600,22,0,9,109
5,720,50.400000,10000.000000,0,1,275247518,600,22,600,22,0,9,109
5,720,50.400000,10000.000000,0,1,275247529,600,22,600,22,0,9,109
5,720,50.400000,10000.000000,0,1,275247539,600,22,600,22,0,9,109
5,720,50.400000,10000.000000,0,1,275247550,600,22,600,22,0,9,109
5,720,50.400000,10000.000000,0,1,275247562,600,22,600,22,0,9,109
5,720,50.400000,10000.000000,0,1,275247582,600,22,600,22,0,9,109
5,720,50.400000,10000.000000,0,1,275247593,601,22,601,22,0,9,109
5,720,50.400000,10000.000000,0,1,275247605,603,22,603,22,0,9,109
5,720,50.400000,10000.000000,0,1,275247616,609,22,609,22,0,9,109
5,720,50.400000,10000.000000,0,1,275247627,621,22,621,22,0,9,109
5,720,50.400000,10000.000000,0,1,275247637,640,21,640,21,0,9,109
5,720,50.400000,10000.000000,0,1,275247648,663,19,663,19,0,9,109
5,720,50.400000,10000.000000,0,1,275247659,696,17,696,17,0,9,109
5,720,50.400000,10000.000000,0,1,275247670,744,15,744,15,0,9,109
5,720,50.400000,10000.000000,0,1,275247682,793,12,793,12,0,9,109
5,720,50.400000,10000.000000,0,1,275247693,853,9,853,9,0,9,109
5,720,50.400000,10000.000000,0,1,275247704,911,6,911,6,0,9,109
5,720,50.400000,10000.000000,0,1,275247716,968,3,968,3,0,9,109
5,720,50.400000,10000.000000,0,1,275247727,1025,1,1025,1,0,9,109
5,720,50.400000,10000.000000,0,1,275247738,1075,0,1075,-1,0,9,109
5,720,50.400000,10000.000000,0,1,275247749,1124,0,1124,-4,0,9,109
5,720,50.400000,10000.000000,0,1,275247771,1175,0,1175,-8,0,9,109
5,720,50.400000,10000.000000,0,1,275247781,1233,0,1233,-11,0,9,109
5,720,50.400000,10000.000000,0,1,275247793,1256,0,1256,-12,0,9,109
5,720,50.400000,10000.000000,0,1,275247805,1274,0,1274,-12,0,9,109
5,720,50.400000,10000.000000,0,1,275247816,1290,0,1290,-12,0,9,109
5,720,50.400000,10000.000000,0,1,275247827,1302,0,1302,-12,0,9,109
5,720,50.400000,10000.000000,0,1,275247837,1310,0,1310,-12,0,9,109
5,720,50.400000,10000.000000,0,1,275247849,1318,0,1318,-12,0,9,109
5,720,50.400000,10000.000000,0,1,275247860,1327,0,1327,-12,0,9,109
5,720,50.400000,10000.000000,0,1,275247881,1339,0,1339,-12,0,9,109
5,720,50.400000,10000.000000,0,1,275247893,1376,0,1376,-12,0,9,109
5,720,50.400000,10000.000000,0,1,275247905,1397,1,1397,-11,0,9,109
5,720,50.400000,10000.000000,0,1,275247916,1421,1,1421,-11,0,9,109
5,720,50.400000,10000.000000,0,1,275247927,1438,1,1438,-11,0,9,109
5,720,50.400000,10000.000000,0,1,275247938,1450,2,1450,-10,0,9,109
5,720,50.400000,10000.000000,0,1,275247949,1456,2,1456,-10,0,9,109
5,720,50.400000,10000.000000,0,1,275247961,1457,2,1457,-10,0,9,109
5,720,50.400000,10000.000000,0,1,275247972,1457,2,1457,-10,0,9,109
5,720,50.400000,10000.000000,0,1,275247984,1457,2,1457,-10,0,9,109
5,720,50.400000,10000.000000,0,1,275247995,1457,2,1457,-10,0,9,109
5,720,50.400000,10000.000000,0,1,275248006,1457,2,1457,-10,0,9,109
5,720,50.400000,10000.000000,0,1,275248017,1457,2,1457,-10,0,9,109
5,720,50.400000,10000.000000,0,1,275248027,1457,2,1457,-10,0,9,109
5,720,50.400000,10000.000000,0,1,275248038,1457,2,1457,-10,0,9,109
5,720,50.400000,10000.000000,0,1,275248048,1457,2,1457,-10,0,9,109
5,720,50.400000,10000.000000,0,1,275248060,1455,2,1455,-10,0,9,109
5,720,50.400000,10000.000000,0,1,275248071,1450,2,1450,-10,0,9,109
5,720,50.400000,10000.000000,0,1,275248083,1445,2,1445,-10,0,9,109
5,720,50.400000,10000.000000,0,1,275248094,1440,2,1440,-10,0,9,109
5,720,50.400000,10000.000000,0,1,275248105,1432,2,1432,-10,0,9,109
5,720,50.400000,10000.000000,0,1,275248116,1425,2,1425,-10,0,9,109
5,720,50.400000,10000.000000,0,1,275248127,1417,2,1417,-10,0,9,109
5,720,50.400000,10000.000000,0,1,275248146,1409,2,1409,-10,0,9,109
5,720,50.400000,10000.000000,0,1,275248158,1393,3,1393,-9,0,9,109
5,720,50.400000,10000.000000,0,1,275248168,1386,3,1386,-9,0,9,109
5,720,50.400000,10000.000000,0,1,275248189,1381,3,1381,-9,0,9,109
5,720,50.400000,10000.000000,0,1,275248210,1370,3,1370,-9,0,9,109
5,720,50.400000,10000.000000,0,1,275248221,1361,3,1361,-9,0,9,109
5,720,50.400000,10000.000000,0,1,275248231,1357,3,1357,-9,0,9,109
5,720,50.400000,10000.000000,0,1,275248241,1355,3,1355,-9,0,9,109
5,720,50.400000,10000.000000,0,1,275248253,1353,3,1353,-9,0,9,109
5,720,50.400000,10000.000000,0,1,275248263,1351,4,1351,-8,0,9,109
5,720,50.400000,10000.000000,0,1,275248274,1350,4,1350,-8,0,9,109
5,720,50.400000,10000.000000,0,1,275248285,1349,4,1349,-8,0,9,109
5,720,50.400000,10000.000000,0,1,275248296,1349,4,1349,-8,0,9,109
5,720,50.400000,10000.000000,0,1,275248305,1349,4,1349,-8,0,9,109
5,720,50.400000,10000.000000,0,1,275248317,1349,4,1349,-8,0,9,109
5,720,50.400000,10000.000000,0,1,275248328,1348,4,1348,-8,0,9,109
5,720,50.400000,10000.000000,0,1,275248339,1347,4,1347,-8,0,9,109
5,720,50.400000,10000.000000,0,1,275248349,1346,4,1346,-8,0,9,109
5,720,50.400000,10000.000000,0,1,275248359,1345,4,1345,-8,0,9,109
5,720,50.400000,10000.000000,0,1,275248370,1343,4,1343,-8,0,9,109
5,720,50.400000,10000.000000,0,1,275248381,1342,4,1342,-8,0,9,109
5,720,50.400000,10000.000000,0,1,275248391,1342,4,1342,-8,0,9,109
5,720,50.400000,10000.000000,0,1,275248400,1341,4,1341,-8,0,9,109
5,720,50.400000,10000.000000,0,1,275248411,1340,4,1340,-8,0,9,109
5,720,50.400000,10000.000000,0,1,275248422,1339,4,1339,-8,0,9,109
5,720,50.400000,10000.000000,0,1,275248432,1339,4,1339,-8,0,9,109
5,720,50.400000,10000.000000,0,1,275248443,1339,4,1339,-8,0,9,109
5,720,50.400000,10000.000000,0,1,275248455,1338,4,1338,-8,0,9,109
5,720,50.400000,10000.000000,0,1,275248468,1338,4,1338,-8,0,9,109
5,720,50.400000,10000.000000,0,1,275248488,1336,4,1336,-8,0,9,109
5,720,50.400000,10000.000000,0,1,275248500,1331,4,1331,-8,0,9,109
5,720,50.400000,10000.000000,0,1,275248511,1327,5,1327,-7,0,9,109
5,720,50.400000,10000.000000,0,1,275248522,1323,6,1323,-6,0,9,109
5,720,50.400000,10000.000000,0,1,275248533,1320,6,1320,-6,0,9,109
5,720,50.400000,10000.000000,0,1,275248544,1317,6,1317,-6,0,9,109
5,720,50.400000,10000.000000,0,1,275248553,1315,6,1315,-6,0,9,109
5,720,50.400000,10000.000000,0,1,275248563,1314,7,1314,-5,0,9,109
5,720,50.400000,10000.000000,0,1,275248574,1314,7,1314,-5,0,9,109
5,720,50.400000,10000.000000,0,1,275248585,1314,7,1314,-5,0,9,109
5,720,50.400000,10000.000000,0,1,275248596,1314,7,1314,-5,0,9,109
5,720,50.400000,10000.000000,0,1,275248607,1314,7,1314,-5,0,9,109
5,720,50.400000,10000.000000,0,1,275248616,1314,7,1314,-5,0,9,109
