5,360,82.800000,42.984000,0,1,275182377,780,22,780,22,0,9,70
5,360,82.800000,42.984000,0,1,275182378,780,22,780,22,0,9,70
5,360,82.800000,42.984000,0,1,275182389,781,22,781,22,0,9,70
5,360,82.800000,42.984000,0,1,275182401,781,22,781,22,0,9,70
5,360,82.800000,42.984000,0,1,275182422,781,22,781,22,0,9,70
5,360,82.800000,42.984000,0,1,275182433,785,22,785,22,0,9,70
5,360,82.800000,42.984000,0,1,275182445,790,22,790,22,0,9,70
5,360,82.800000,42.984000,0,1,275182457,799,22,799,22,0,9,70
5,360,82.800000,42.984000,0,1,275182469,817,22,817,22,0,9,70
5,360,82.800000,42.984000,0,1,275182481,839,21,839,21,0,9,70
5,360,82.800000,42.984000,0,1,275182495,873,19,873,19,0,9,70
5,360,82.800000,42.984000,0,1,275182507,914,16,914,16,0,9,70
5,360,82.800000,42.984000,0,1,275182519,955,12,955,12,0,9,70
5,360,82.800000,42.984000,0,1,275182531,990,8,990,8,0,9,70
5,360,82.800000,42.984000,0,1,275182542,1031,4,1031,4,0,9,70
5,360,82.800000,42.984000,0,1,275182554,1058,1,1058,1,0,9,70
5,360,82.800000,42.984000,0,1,275182565,1085,0,1085,-2,0,9,70
5,360,82.800000,42.984000,0,1,275182577,1102,0,1102,-4,0,9,70
5,360,82.800000,42.984000,0,1,275182589,1113,0,1113,-5,0,9,70
5,360,82.800000,42.984000,0,1,275182601,1120,0,1120,-6,0,9,70
5,360,82.800000,42.984000,0,1,275182613,1125,0,1125,-7,0,9,70
5,360,82.800000,42.984000,0,1,275182635,1126,0,1126,-7,0,9,70
5,360,82.800000,42.984000,0,1,275182645,1126,0,1126,-7,0,9,70
5,360,82.800000,42.984000,0,1,275182666,1126,0,1126,-7,0,9,70
5,360,82.800000,42.984000,0,1,275182678,1126,0,1126,-7,0,9,70
5,360,82.800000,42.984000,0,1,275182688,1126,0,1126,-7,0,9,70
5,360,82.800000,42.984000,0,1,275182698,1126,0,1126,-7,0,9,70
5,360,82.800000,42.984000,0,1,275182709,1126,0,1126,-7,0,9,70
5,360,82.800000,42.984000,0,1,275182728,1126,0,1126,-7,0,9,70
5,360,82.800000,42.984000,0,1,275182739,1126,0,1126,-7,0,9,70
5,360,82.800000,42.984000,0,1,275182751,1126,0,1126,-9,0,9,70
5,360,82.800000,42.984000,0,1,275182762,1127,0,1127,-9,0,9,70
5,360,82.800000,42.984000,0,1,275182774,1127,0,1127,-9,0,9,70
5,360,82.800000,42.984000,0,1,275182784,1127,0,1127,-9,0,9,70
