5,720,21.600000,22.608000,1,0,275124247,600,0,600,0,0,9,39
5,720,21.600000,22.608000,1,0,275124248,600,0,600,0,0,9,39
5,720,21.600000,22.608000,1,0,275124259,600,0,600,0,0,9,39
5,720,21.600000,22.608000,1,0,275124272,600,0,600,0,0,9,39
5,720,21.600000,22.608000,1,0,275124283,600,0,600,0,0,9,39
5,720,21.600000,22.608000,1,0,275124294,600,0,600,0,0,9,39
5,720,21.600000,22.608000,1,0,275124305,600,0,600,0,0,9,39
5,720,21.600000,22.608000,1,0,275124316,600,0,600,0,0,9,39
5,720,21.600000,22.608000,1,0,275124328,601,0,601,0,0,9,39
5,720,21.600000,22.608000,1,0,275124341,608,0,608,-1,0,9,39
5,720,21.600000,22.608000,1,0,275124354,623,0,623,-4,0,9,39
5,720,21.600000,22.608000,1,0,275124365,650,0,650,-7,0,9,39
5,720,21.600000,22.608000,1,0,275124377,679,0,679,-8,0,9,39
5,720,21.600000,22.608000,1,0,275124388,720,0,720,-9,0,9,39
5,720,21.600000,22.608000,1,0,275124400,772,0,772,-11,0,9,39
5,720,21.600000,22.608000,1,0,275124412,844,0,844,-12,0,9,39
5,720,21.600000,22.608000,1,0,275124423,912,0,912,-12,0,9,39
5,720,21.600000,22.608000,1,0,275124436,986,0,986,-12,0,9,39
5,720,21.600000,22.608000,1,0,275124447,1056,0,1056,-12,0,9,39
5,720,21.600000,22.608000,1,0,275124459,1113,0,1113,-13,0,9,39
5,720,21.600000,22.608000,1,0,275124473,1168,0,1168,-13,0,9,39
5,720,21.600000,22.608000,1,0,275124486,1221,0,1221,-13,0,9,39
5,720,21.600000,22.608000,1,0,275124498,1263,0,1263,-13,0,9,39
5,720,21.600000,22.608000,1,0,275124510,1291,0,1291,-13,0,9,39
5,720,21.600000,22.608000,1,0,275124521,1309,0,1309,-13,0,9,39
5,720,21.600000,22.608000,1,0,275124534,1322,0,1322,-13,0,9,39
5,720,21.600000,22.608000,1,0,275124545,1333,0,1333,-13,0,9,39
5,720,21.600000,22.608000,1,0,275124556,1340,0,1340,-13,0,9,39
5,720,21.600000,22.608000,1,0,275124567,1347,0,1347,-13,0,9,39
5,720,21.600000,22.608000,1,0,275124579,1352,0,1352,-13,0,9,39
5,720,21.600000,22.608000,1,0,275124590,1356,0,1356,-13,0,9,39
5,720,21.600000,22.608000,1,0,275124601,1360,0,1360,-13,0,9,39
5,720,21.600000,22.608000,1,0,275124613,1365,0,1365,-13,0,9,39
5,720,21.600000,22.608000,1,0,275124625,1369,0,1369,-13,0,9,39
5,720,21.600000,22.608000,1,0,275124636,1372,0,1372,-14,0,9,39
5,720,21.600000,22.608000,1,0,275124648,1372,0,1372,-14,0,9,39
5,720,21.600000,22.608000,1,0,275124659,1372,0,1372,-14,0,9,39
5,720,21.600000,22.608000,1,0,275124670,1372,0,1372,-14,0,9,39
5,720,21.600000,22.608000,1,0,275124681,1372,0,1372,-14,0,9,39
5,720,21.600000,22.608000,1,0,275124692,1372,0,1372,-14,0,9,39
5,720,21.600000,22.608000,1,0,275124705,1372,0,1372,-14,0,9,39
5,720,21.600000,22.608000,1,0,275124727,1372,0,1372,-14,0,9,39
5,720,21.600000,22.608000,1,0,275124748,1372,0,1372,-14,0,9,39
5,720,21.600000,22.608000,1,0,275124758,1366,0,1366,-14,0,9,39
5,720,21.600000,22.608000,1,0,275124769,1361,0,1361,-14,0,9,39
5,720,21.600000,22.608000,1,0,275124781,1355,0,1355,-14,0,9,39
5,720,21.600000,22.608000,1,0,275124802,1350,0,1350,-14,0,9,39
5,720,21.600000,22.608000,1,0,275124813,1341,0,1341,-14,0,9,39
5,720,21.600000,22.608000,1,0,275124825,1336,0,1336,-14,0,9,39
5,720,21.600000,22.608000,1,0,275124836,1331,0,1331,-14,0,9,39
5,720,21.600000,22.608000,1,0,275124848,1326,0,1326,-14,0,9,39
5,720,21.600000,22.608000,1,0,275124860,1320,0,1320,-14,0,9,39
5,720,21.600000,22.608000,1,0,275124871,1316,0,1316,-14,0,9,39
5,720,21.600000,22.608000,1,0,275124882,1313,0,1313,-14,0,9,39
5,720,21.600000,22.608000,1,0,275124893,1311,0,1311,-14,0,9,39
5,720,21.600000,22.608000,1,0,275124904,1309,0,1309,-14,0,9,39
5,720,21.600000,22.608000,1,0,275124915,1308,0,1308,-14,0,9,39
5,720,21.600000,22.608000,1,0,275124927,1308,0,1308,-14,0,9,39
5,720,21.600000,22.608000,1,0,275124938,1308,0,1308,-14,0,9,39
5,720,21.600000,22.608000,1,0,275124959,1307,0,1307,-14,0,9,39
5,720,21.600000,22.608000,1,0,275124970,1304,0,1304,-14,0,9,39
5,720,21.600000,22.608000,1,0,275124982,1304,0,1304,-14,0,9,39
5,720,21.600000,22.608000,1,0,275124993,1304,0,1304,-14,0,9,39
5,720,21.600000,22.608000,1,0,275125004,1304,0,1304,-14,0,9,39
5,720,21.600000,22.608000,1,0,275125014,1304,0,1304,-14,0,9,39
5,720,21.600000,22.608000,1,0,275125025,1304,0,1304,-14,0,9,39
5,720,21.600000,22.608000,1,0,275125035,1304,0,1304,-14,0,9,39
5,720,21.600000,22.608000,1,0,275125047,1304,0,1304,-14,0,9,39
5,720,21.600000,22.608000,1,0,275125057,1304,0,1304,-14,0,9,39
5,720,21.600000,22.608000,1,0,275125068,1304,0,1304,-14,0,9,39
5,720,21.600000,22.608000,1,0,275125079,1304,0,1304,-14,0,9,39
5,720,21.600000,22.608000,1,0,275125089,1304,0,1304,-14,0,9,39
5,720,21.600000,22.608000,1,0,275125099,1304,0,1304,-14,0,9,39
5,720,21.600000,22.608000,1,0,275125110,1305,0,1305,-14,0,9,39
5,720,21.600000,22.608000,1,0,275125120,1306,0,1306,-14,0,9,39
5,720,21.600000,22.608000,1,0,275125130,1307,0,1307,-14,0,9,39
5,720,21.600000,22.608000,1,0,275125142,1308,0,1308,-14,0,9,39
5,720,21.600000,22.608000,1,0,275125153,1308,0,1308,-14,0,9,39
5,720,21.600000,22.608000,1,0,275125165,1309,0,1309,-14,0,9,39
5,720,21.600000,22.608000,1,0,275125176,1310,0,1310,-14,0,9,39
5,720,21.600000,22.608000,1,0,275125197,1311,0,1311,-14,0,9,39
5,720,21.600000,22.608000,1,0,275125207,1311,0,1311,-14,0,9,39
5,720,21.600000,22.608000,1,0,275125218,1311,0,1311,-14,0,9,39
5,720,21.600000,22.608000,1,0,275125229,1311,0,1311,-14,0,9,39
5,720,21.600000,22.608000,1,0,275125239,1311,0,1311,-14,0,9,39
5,720,21.600000,22.608000,1,0,275125249,1311,0,1311,-14,0,9,39
5,720,21.600000,22.608000,1,0,275125260,1312,0,1312,-14,0,9,39
5,720,21.600000,22.608000,1,0,275125270,1313,0,1313,-14,0,9,39
5,720,21.600000,22.608000,1,0,275125280,1314,0,1314,-14,0,9,39
5,720,21.600000,22.608000,1,0,275125291,1315,0,1315,-14,0,9,39
5,720,21.600000,22.608000,1,0,275125301,1316,0,1316,-14,0,9,39
5,720,21.600000,22.608000,1,0,275125312,1316,0,1316,-14,0,9,39
5,720,21.600000,22.608000,1,0,275125322,1316,0,1316,-14,0,9,39
5,720,21.600000,22.608000,1,0,275125332,1316,0,1316,-14,0,9,39
5,720,21.600000,22.608000,1,0,275125342,1316,0,1316,-14,0,9,39
5,720,21.600000,22.608000,1,0,275125353,1316,0,1316,-14,0,9,39
5,720,21.600000,22.608000,1,0,275125362,1316,0,1316,-14,0,9,39
5,720,21.600000,22.608000,1,0,275125373,1316,0,1316,-14,0,9,39
5,720,21.600000,22.608000,1,0,275125383,1316,0,1316,-14,0,9,39
