5,360,21.600000,22.608000,0,1,275179831,780,22,780,22,0,9,68
5,360,21.600000,22.608000,0,1,275179831,780,22,780,22,0,9,68
5,360,21.600000,22.608000,0,1,275179841,780,22,780,22,0,9,68
5,360,21.600000,22.608000,0,1,275179852,780,22,780,22,0,9,68
5,360,21.600000,22.608000,0,1,275179863,780,22,780,22,0,9,68
5,360,21.600000,22.608000,0,1,275179873,780,22,780,22,0,9,68
5,360,21.600000,22.608000,0,1,275179883,780,22,780,22,0,9,68
5,360,21.600000,22.608000,0,1,275179894,780,22,780,22,0,9,68
5,360,21.600000,22.608000,0,1,275179903,780,22,780,22,0,9,68
5,360,21.600000,22.608000,0,1,275179914,780,22,780,22,0,9,68
5,360,21.600000,22.608000,0,1,275179924,781,22,781,22,0,9,68
5,360,21.600000,22.608000,0,1,275179935,785,22,785,22,0,9,68
5,360,21.600000,22.608000,0,1,275179945,793,20,793,20,0,9,68
5,360,21.600000,22.608000,0,1,275179959,805,19,805,19,0,9,68
5,360,21.600000,22.608000,0,1,275179970,828,16,828,16,0,9,68
5,360,21.600000,22.608000,0,1,275179980,850,13,850,13,0,9,68
5,360,21.600000,22.608000,0,1,275179992,874,10,874,10,0,9,68
5,360,21.600000,22.608000,0,1,275180006,909,7,909,7,0,9,68
5,360,21.600000,22.608000,0,1,275180017,949,4,949,4,0,9,68
5,360,21.600000,22.608000,0,1,275180028,977,2,977,2,0,9,68
5,360,21.600000,22.608000,0,1,275180038,1003,0,1003,0,0,9,68
5,360,21.600000,22.608000,0,1,275180050,1023,0,1023,-3,0,9,68
5,360,21.600000,22.608000,0,1,275180062,1039,0,1039,-5,0,9,68
5,360,21.600000,22.608000,0,1,275180074,1050,0,1050,-6,0,9,68
5,360,21.600000,22.608000,0,1,275180084,1059,0,1059,-7,0,9,68
5,360,21.600000,22.608000,0,1,275180095,1065,0,1065,-8,0,9,68
5,360,21.600000,22.608000,0,1,275180106,1069,0,1069,-8,0,9,68
5,360,21.600000,22.608000,0,1,275180117,1073,0,1073,-9,0,9,68
5,360,21.600000,22.608000,0,1,275180129,1077,0,1077,-9,0,9,68
5,360,21.600000,22.608000,0,1,275180139,1081,0,1081,-9,0,9,68
5,360,21.600000,22.608000,0,1,275180150,1088,0,1088,-9,0,9,68
5,360,21.600000,22.608000,0,1,275180160,1094,0,1094,-9,0,9,68
5,360,21.600000,22.608000,0,1,275180171,1102,0,1102,-10,0,9,68
5,360,21.600000,22.608000,0,1,275180182,1116,0,1116,-10,0,9,68
5,360,21.600000,22.608000,0,1,275180193,1132,0,1132,-10,0,9,68
5,360,21.600000,22.608000,0,1,275180214,1149,0,1149,-10,0,9,68
5,360,21.600000,22.608000,0,1,275180225,1170,0,1170,-10,0,9,68
5,360,21.600000,22.608000,0,1,275180235,1176,0,1176,-10,0,9,68
5,360,21.600000,22.608000,0,1,275180245,1178,0,1178,-10,0,9,68
5,360,21.600000,22.608000,0,1,275180255,1178,0,1178,-10,0,9,68
5,360,21.600000,22.608000,0,1,275180267,1178,0,1178,-10,0,9,68
5,360,21.600000,22.608000,0,1,275180279,1178,0,1178,-10,0,9,68
5,360,21.600000,22.608000,0,1,275180298,1178,0,1178,-10,0,9,68
5,360,21.600000,22.608000,0,1,275180308,1178,0,1178,-10,0,9,68
5,360,21.600000,22.608000,0,1,275180319,1178,0,1178,-10,0,9,68
5,360,21.600000,22.608000,0,1,275180330,1178,0,1178,-10,0,9,68
5,360,21.600000,22.608000,0,1,275180340,1178,0,1178,-10,0,9,68
5,360,21.600000,22.608000,0,1,275180350,1178,0,1178,-10,0,9,68
5,360,21.600000,22.608000,0,1,275180369,1178,0,1178,-10,0,9,68
5,360,21.600000,22.608000,0,1,275180380,1178,0,1178,-10,0,9,68
5,360,21.600000,22.608000,0,1,275180390,1178,0,1178,-10,0,9,68
5,360,21.600000,22.608000,0,1,275180401,1178,0,1178,-10,0,9,68
5,360,21.600000,22.608000,0,1,275180412,1178,0,1178,-10,0,9,68
5,360,21.600000,22.608000,0,1,275180426,1178,0,1178,-10,0,9,68
5,360,21.600000,22.608000,0,1,275180437,1175,0,1175,-10,0,9,68
5,360,21.600000,22.608000,0,1,275180449,1173,0,1173,-10,0,9,68
5,360,21.600000,22.608000,0,1,275180459,1169,0,1169,-10,0,9,68
5,360,21.600000,22.608000,0,1,275180480,1165,1,1165,-9,0,9,68
5,360,21.600000,22.608000,0,1,275180491,1158,1,1158,-9,0,9,68
5,360,21.600000,22.608000,0,1,275180501,1155,2,1155,-8,0,9,68
5,360,21.600000,22.608000,0,1,275180511,1154,2,1154,-8,0,9,68
5,360,21.600000,22.608000,0,1,275180521,1153,2,1153,-8,0,9,68
5,360,21.600000,22.608000,0,1,275180531,1153,2,1153,-8,0,9,68
5,360,21.600000,22.608000,0,1,275180541,1153,2,1153,-8,0,9,68
5,360,21.600000,22.608000,0,1,275180551,1153,2,1153,-8,0,9,68
5,360,21.600000,22.608000,0,1,275180562,1152,2,1152,-8,0,9,68
5,360,21.600000,22.608000,0,1,275180573,1151,2,1151,-8,0,9,68
5,360,21.600000,22.608000,0,1,275180583,1150,2,1150,-8,0,9,68
5,360,21.600000,22.608000,0,1,275180593,1149,2,1149,-8,0,9,68
5,360,21.600000,22.608000,0,1,275180603,1149,2,1149,-8,0,9,68
5,360,21.600000,22.608000,0,1,275180622,1149,2,1149,-8,0,9,68
5,360,21.600000,22.608000,0,1,275180633,1149,2,1149,-8,0,9,68
5,360,21.600000,22.608000,0,1,275180653,1149,2,1149,-8,0,9,68
5,360,21.600000,22.608000,0,1,275180663,1149,2,1149,-8,0,9,68
5,360,21.600000,22.608000,0,1,275180674,1148,2,1148,-8,0,9,68
5,360,21.600000,22.608000,0,1,275180684,1147,3,1147,-7,0,9,68
5,360,21.600000,22.608000,0,1,275180693,1146,3,1146,-7,0,9,68
5,360,21.600000,22.608000,0,1,275180703,1145,3,1145,-7,0,9,68
5,360,21.600000,22.608000,0,1,275180714,1144,3,1144,-7,0,9,68
5,360,21.600000,22.608000,0,1,275180724,1143,3,1143,-7,0,9,68
5,360,21.600000,22.608000,0,1,275180734,1143,3,1143,-7,0,9,68
5,360,21.600000,22.608000,0,1,275180745,1143,3,1143,-7,0,9,68
5,360,21.600000,22.608000,0,1,275180754,1143,3,1143,-7,0,9,68
