5,720,21.600000,0.000000,1,1,275112864,600,22,600,22,0,9,31
5,720,21.600000,0.000000,1,1,275112865,600,22,600,22,0,9,31
5,720,21.600000,0.000000,1,1,275112876,600,22,600,22,0,9,31
5,720,21.600000,0.000000,1,1,275112887,600,22,600,22,0,9,31
5,720,21.600000,0.000000,1,1,275112898,600,22,600,22,0,9,31
5,720,21.600000,0.000000,1,1,275112909,600,22,600,22,0,9,31
5,720,21.600000,0.000000,1,1,275112920,600,22,600,22,0,9,31
5,720,21.600000,0.000000,1,1,275112931,600,22,600,22,0,9,31
5,720,21.600000,0.000000,1,1,275112944,604,22,604,22,0,9,31
5,720,21.600000,0.000000,1,1,275112956,614,21,614,21,0,9,31
5,720,21.600000,0.000000,1,1,275112967,632,19,632,19,0,9,31
5,720,21.600000,0.000000,1,1,275112978,659,17,659,17,0,9,31
5,720,21.600000,0.000000,1,1,275112989,704,14,704,14,0,9,31
5,720,21.600000,0.000000,1,1,275113002,760,11,760,11,0,9,31
5,720,21.600000,0.000000,1,1,275113013,833,10,833,10,0,9,31
5,720,21.600000,0.000000,1,1,275113024,893,9,893,9,0,9,31
5,720,21.600000,0.000000,1,1,275113035,964,8,964,8,0,9,31
5,720,21.600000,0.000000,1,1,275113047,1032,7,1032,7,0,9,31
5,720,21.600000,0.000000,1,1,275113057,1098,7,1098,7,0,9,31
5,720,21.600000,0.000000,1,1,275113072,1146,7,1146,7,0,9,31
5,720,21.600000,0.000000,1,1,275113085,1189,7,1189,7,0,9,31
5,720,21.600000,0.000000,1,1,275113097,1215,7,1215,7,0,9,31
5,720,21.600000,0.000000,1,1,275113109,1227,7,1227,7,0,9,31
5,720,21.600000,0.000000,1,1,275113121,1237,7,1237,7,0,9,31
5,720,21.600000,0.000000,1,1,275113135,1244,7,1244,7,0,9,31
5,720,21.600000,0.000000,1,1,275113148,1248,7,1248,7,0,9,31
5,720,21.600000,0.000000,1,1,275113169,1250,7,1250,7,0,9,31
5,720,21.600000,0.000000,1,1,275113180,1254,7,1254,7,0,9,31
5,720,21.600000,0.000000,1,1,275113192,1256,7,1256,7,0,9,31
5,720,21.600000,0.000000,1,1,275113204,1259,7,1259,7,0,9,31
5,720,21.600000,0.000000,1,1,275113223,1262,7,1262,7,0,9,31
5,720,21.600000,0.000000,1,1,275113234,1267,7,1267,7,0,9,31
5,720,21.600000,0.000000,1,1,275113245,1270,6,1270,6,0,9,31
5,720,21.600000,0.000000,1,1,275113255,1272,6,1272,6,0,9,31
5,720,21.600000,0.000000,1,1,275113266,1273,6,1273,6,0,9,31
5,720,21.600000,0.000000,1,1,275113277,1274,6,1274,6,0,9,31
5,720,21.600000,0.000000,1,1,275113288,1274,6,1274,6,0,9,31
5,720,21.600000,0.000000,1,1,275113300,1274,6,1274,6,0,9,31
5,720,21.600000,0.000000,1,1,275113313,1275,6,1275,6,0,9,31
5,720,21.600000,0.000000,1,1,275113337,1279,6,1279,6,0,9,31
5,720,21.600000,0.000000,1,1,275113359,1294,5,1294,5,0,9,31
5,720,21.600000,0.000000,1,1,275113371,1314,5,1314,5,0,9,31
5,720,21.600000,0.000000,1,1,275113382,1323,5,1323,5,0,9,31
5,720,21.600000,0.000000,1,1,275113403,1329,5,1329,5,0,9,31
5,720,21.600000,0.000000,1,1,275113413,1333,5,1333,5,0,9,31
5,720,21.600000,0.000000,1,1,275113425,1337,5,1337,5,0,9,31
5,720,21.600000,0.000000,1,1,275113435,1337,5,1337,5,0,9,31
5,720,21.600000,0.000000,1,1,275113447,1337,5,1337,5,0,9,31
5,720,21.600000,0.000000,1,1,275113466,1337,5,1337,5,0,9,31
5,720,21.600000,0.000000,1,1,275113477,1337,5,1337,5,0,9,31
5,720,21.600000,0.000000,1,1,275113488,1337,5,1337,5,0,9,31
5,720,21.600000,0.000000,1,1,275113500,1337,5,1337,5,0,9,31
5,720,21.600000,0.000000,1,1,275113511,1337,5,1337,5,0,9,31
5,720,21.600000,0.000000,1,1,275113520,1337,5,1337,5,0,9,31
5,720,21.600000,0.000000,1,1,275113531,1337,5,1337,5,0,9,31
5,720,21.600000,0.000000,1,1,275113542,1337,5,1337,5,0,9,31
5,720,21.600000,0.000000,1,1,275113553,1337,5,1337,5,0,9,31
5,720,21.600000,0.000000,1,1,275113573,1337,5,1337,5,0,9,31
5,720,21.600000,0.000000,1,1,275113584,1334,5,1334,5,0,9,31
5,720,21.600000,0.000000,1,1,275113595,1333,5,1333,5,0,9,31
5,720,21.600000,0.000000,1,1,275113605,1332,5,1332,5,0,9,31
5,720,21.600000,0.000000,1,1,275113615,1332,5,1332,5,0,9,31
5,720,21.600000,0.000000,1,1,275113625,1332,5,1332,5,0,9,31
5,720,21.600000,0.000000,1,1,275113636,1331,5,1331,5,0,9,31
5,720,21.600000,0.000000,1,1,275113647,1330,5,1330,5,0,9,31
5,720,21.600000,0.000000,1,1,275113657,1329,5,1329,5,0,9,31
5,720,21.600000,0.000000,1,1,275113676,1328,5,1328,5,0,9,31
5,720,21.600000,0.000000,1,1,275113687,1328,5,1328,5,0,9,31
5,720,21.600000,0.000000,1,1,275113698,1327,5,1327,5,0,9,31
5,720,21.600000,0.000000,1,1,275113709,1327,5,1327,5,0,9,31
5,720,21.600000,0.000000,1,1,275113719,1326,5,1326,5,0,9,31
5,720,21.600000,0.000000,1,1,275113729,1325,5,1325,5,0,9,31
5,720,21.600000,0.000000,1,1,275113740,1325,5,1325,5,0,9,31
5,720,21.600000,0.000000,1,1,275113750,1325,5,1325,5,0,9,31
5,720,21.600000,0.000000,1,1,275113760,1325,5,1325,5,0,9,31
5,720,21.600000,0.000000,1,1,275113771,1325,5,1325,5,0,9,31
5,720,21.600000,0.000000,1,1,275113781,1325,5,1325,5,0,9,31
5,720,21.600000,0.000000,1,1,275113791,1325,5,1325,5,0,9,31
5,720,21.600000,0.000000,1,1,275113802,1325,5,1325,5,0,9,31
5,720,21.600000,0.000000,1,1,275113812,1325,5,1325,5,0,9,31
5,720,21.600000,0.000000,1,1,275113822,1325,5,1325,5,0,9,31
5,720,21.600000,0.000000,1,1,275113832,1324,5,1324,5,0,9,31
5,720,21.600000,0.000000,1,1,275113843,1324,5,1324,5,0,9,31
5,720,21.600000,0.000000,1,1,275113853,1324,5,1324,5,0,9,31
5,720,21.600000,0.000000,1,1,275113864,1324,5,1324,5,0,9,31
5,720,21.600000,0.000000,1,1,275113874,1324,5,1324,5,0,9,31
5,720,21.600000,0.000000,1,1,275113884,1324,5,1324,5,0,9,31
5,720,21.600000,0.000000,1,1,275113894,1324,5,1324,5,0,9,31
5,720,21.600000,0.000000,1,1,275113903,1324,5,1324,5,0,9,31
